Forked 34525
Starting to reopen 0 and 1
Calling execv `tournament0/the_best_strategy.py` (pid 34525)
Strategy 0: first ans is 0
Forked 34526
Starting to reopen 0 and 1
Calling execv `tournament0/pzakorko.py` (pid 34526)
Strategy 1: first ans is 0
Forked 34527
Starting to reopen 0 and 1
Calling execv `tournament0/alex_dany` (pid 34527)
34527: Started!
34527: Number of players: 5, position: 2, number of turns: 1000
34527: Random seed: 3031811375
Strategy 2: first ans is 1
Forked 34528
Starting to reopen 0 and 1
Calling execv `tournament0/lounres.py` (pid 34528)
Strategy 3: first ans is 1
Forked 34529
Starting to reopen 0 and 1
Calling execv `tournament0/fedro.py` (pid 34529)
Strategy 4: first ans is 0
34527: 3.000000e+00 2.000000e+00 0.000000e+00 0.000000e+00 0.000000e+00
34527: 2.500000e+00 1.000000e+00 1.000000e+00 5.000000e-01 0.000000e+00
34527: 2.333333e+00 1.333333e+00 1.000000e+00 3.333333e-01 0.000000e+00
34527: 2.250000e+00 1.250000e+00 1.000000e+00 5.000000e-01 0.000000e+00
34527: 2.200000e+00 1.400000e+00 1.000000e+00 4.000000e-01 0.000000e+00
34527: 2.333333e+00 1.333333e+00 1.000000e+00 3.333333e-01 0.000000e+00
34527: 2.285714e+00 1.428571e+00 1.000000e+00 2.857143e-01 0.000000e+00
34527: 2.375000e+00 1.375000e+00 1.000000e+00 2.500000e-01 0.000000e+00
34527: 2.444444e+00 1.444444e+00 8.888889e-01 2.222222e-01 0.000000e+00
34527: 2.500000e+00 1.400000e+00 9.000000e-01 2.000000e-01 0.000000e+00
34527: 2.454545e+00 1.454545e+00 9.090909e-01 1.818182e-01 0.000000e+00
34527: 2.416667e+00 1.500000e+00 9.166667e-01 1.666667e-01 0.000000e+00
34527: 2.384615e+00 1.461538e+00 1.000000e+00 1.538462e-01 0.000000e+00
34527: 2.357143e+00 1.500000e+00 1.000000e+00 1.428571e-01 0.000000e+00
34527: 2.333333e+00 1.533333e+00 1.000000e+00 1.333333e-01 0.000000e+00
34527: 2.312500e+00 1.562500e+00 1.000000e+00 1.250000e-01 0.000000e+00
34527: 2.352941e+00 1.529412e+00 1.000000e+00 1.176471e-01 0.000000e+00
34527: 2.333333e+00 1.611111e+00 9.444444e-01 1.111111e-01 0.000000e+00
34527: 2.315789e+00 1.526316e+00 1.052632e+00 1.052632e-01 0.000000e+00
34527: 2.350000e+00 1.550000e+00 1.000000e+00 1.000000e-01 0.000000e+00
34527: 2.333333e+00 1.523810e+00 1.000000e+00 1.428571e-01 0.000000e+00
34527: 2.318182e+00 1.545455e+00 9.545455e-01 1.363636e-01 4.545455e-02
34527: 2.304348e+00 1.521739e+00 1.000000e+00 1.304348e-01 4.347826e-02
34527: 2.333333e+00 1.541667e+00 9.583333e-01 1.250000e-01 4.166667e-02
34527: 2.320000e+00 1.560000e+00 9.600000e-01 1.200000e-01 4.000000e-02
34527: 2.346154e+00 1.538462e+00 9.615385e-01 1.153846e-01 3.846154e-02
34527: 2.333333e+00 1.592593e+00 9.259259e-01 1.111111e-01 3.703704e-02
34527: 2.357143e+00 1.535714e+00 9.642857e-01 1.071429e-01 3.571429e-02
34527: 2.379310e+00 1.551724e+00 9.310345e-01 1.034483e-01 3.448276e-02
34527: 2.366667e+00 1.566667e+00 9.333333e-01 1.000000e-01 3.333333e-02
34527: 2.354839e+00 1.548387e+00 9.677419e-01 9.677419e-02 3.225806e-02
34527: 2.343750e+00 1.593750e+00 9.375000e-01 9.375000e-02 3.125000e-02
34527: 2.333333e+00 1.545455e+00 9.696970e-01 1.212121e-01 3.030303e-02
34527: 2.352941e+00 1.558824e+00 9.411765e-01 1.176471e-01 2.941176e-02
34527: 2.371429e+00 1.542857e+00 9.428571e-01 1.142857e-01 2.857143e-02
34527: 2.388889e+00 1.555556e+00 9.166667e-01 1.111111e-01 2.777778e-02
34527: 2.378378e+00 1.540541e+00 9.189189e-01 1.081081e-01 5.405405e-02
34527: 2.394737e+00 1.552632e+00 8.947368e-01 1.052632e-01 5.263158e-02
34527: 2.410256e+00 1.538462e+00 8.974359e-01 1.025641e-01 5.128205e-02
34527: 2.400000e+00 1.575000e+00 8.750000e-01 1.000000e-01 5.000000e-02
34527: 2.390244e+00 1.560976e+00 9.024390e-01 9.756098e-02 4.878049e-02
34527: 2.380952e+00 1.595238e+00 8.809524e-01 9.523810e-02 4.761905e-02
34527: 2.395349e+00 1.558140e+00 9.069767e-01 9.302326e-02 4.651163e-02
34527: 2.363636e+00 1.568182e+00 9.090909e-01 9.090909e-02 6.818182e-02
34527: 2.355556e+00 1.555556e+00 9.111111e-01 1.111111e-01 6.666667e-02
34527: 2.326087e+00 1.565217e+00 9.347826e-01 1.086957e-01 6.521739e-02
34527: 2.319149e+00 1.553191e+00 9.574468e-01 1.063830e-01 6.382979e-02
34527: 2.291667e+00 1.583333e+00 9.583333e-01 1.041667e-01 6.250000e-02
34527: 2.285714e+00 1.551020e+00 9.795918e-01 1.224490e-01 6.122449e-02
34527: 2.260000e+00 1.580000e+00 9.800000e-01 1.200000e-01 6.000000e-02
34527: 2.254902e+00 1.568627e+00 9.803922e-01 1.176471e-01 7.843137e-02
34527: 2.250000e+00 1.596154e+00 9.615385e-01 1.153846e-01 7.692308e-02
34527: 2.226415e+00 1.584906e+00 1.000000e+00 1.132075e-01 7.547170e-02
34527: 2.240741e+00 1.555556e+00 1.018519e+00 1.111111e-01 7.407407e-02
34527: 2.218182e+00 1.563636e+00 1.036364e+00 1.090909e-01 7.272727e-02
34527: 2.214286e+00 1.589286e+00 1.017857e+00 1.071429e-01 7.142857e-02
34527: 2.210526e+00 1.561404e+00 1.052632e+00 1.052632e-01 7.017544e-02
34527: 2.189655e+00 1.586207e+00 1.051724e+00 1.034483e-01 6.896552e-02
34527: 2.186441e+00 1.559322e+00 1.084746e+00 1.016949e-01 6.779661e-02
34527: 2.183333e+00 1.583333e+00 1.066667e+00 1.000000e-01 6.666667e-02
34527: 2.163934e+00 1.557377e+00 1.114754e+00 9.836066e-02 6.557377e-02
34527: 2.177419e+00 1.548387e+00 1.112903e+00 9.677419e-02 6.451613e-02
34527: 2.158730e+00 1.571429e+00 1.095238e+00 1.111111e-01 6.349206e-02
34527: 2.156250e+00 1.562500e+00 1.109375e+00 1.093750e-01 6.250000e-02
34527: 2.138462e+00 1.600000e+00 1.092308e+00 1.076923e-01 6.153846e-02
34527: 2.151515e+00 1.590909e+00 1.090909e+00 1.060606e-01 6.060606e-02
34527: 2.134328e+00 1.582090e+00 1.104478e+00 1.194030e-01 5.970149e-02
34527: 2.147059e+00 1.573529e+00 1.102941e+00 1.176471e-01 5.882353e-02
34527: 2.130435e+00 1.579710e+00 1.115942e+00 1.159420e-01 5.797101e-02
34527: 2.142857e+00 1.557143e+00 1.128571e+00 1.142857e-01 5.714286e-02
34527: 2.126761e+00 1.577465e+00 1.126761e+00 1.126761e-01 5.633803e-02
34527: 2.138889e+00 1.555556e+00 1.138889e+00 1.111111e-01 5.555556e-02
34527: 2.123288e+00 1.575342e+00 1.123288e+00 1.232877e-01 5.479452e-02
34527: 2.121622e+00 1.554054e+00 1.148649e+00 1.216216e-01 5.405405e-02
34527: 2.106667e+00 1.560000e+00 1.160000e+00 1.200000e-01 5.333333e-02
34527: 2.118421e+00 1.565789e+00 1.144737e+00 1.184211e-01 5.263158e-02
34527: 2.103896e+00 1.571429e+00 1.155844e+00 1.168831e-01 5.194805e-02
34527: 2.115385e+00 1.551282e+00 1.166667e+00 1.153846e-01 5.128205e-02
34527: 2.113924e+00 1.556962e+00 1.164557e+00 1.139241e-01 5.063291e-02
34527: 2.100000e+00 1.575000e+00 1.162500e+00 1.125000e-01 5.000000e-02
34527: 2.098765e+00 1.567901e+00 1.172840e+00 1.111111e-01 4.938272e-02
34527: 2.085366e+00 1.597561e+00 1.158537e+00 1.097561e-01 4.878049e-02
34527: 2.096386e+00 1.578313e+00 1.168675e+00 1.084337e-01 4.819277e-02
34527: 2.083333e+00 1.571429e+00 1.190476e+00 1.071429e-01 4.761905e-02
34527: 2.082353e+00 1.564706e+00 1.200000e+00 1.058824e-01 4.705882e-02
34527: 2.069767e+00 1.593023e+00 1.186047e+00 1.046512e-01 4.651163e-02
34527: 2.068966e+00 1.574713e+00 1.206897e+00 1.034483e-01 4.597701e-02
34527: 2.056818e+00 1.568182e+00 1.215909e+00 1.136364e-01 4.545455e-02
34527: 2.067416e+00 1.561798e+00 1.213483e+00 1.123596e-01 4.494382e-02
34527: 2.055556e+00 1.577778e+00 1.200000e+00 1.222222e-01 4.444444e-02
34527: 2.054945e+00 1.582418e+00 1.197802e+00 1.208791e-01 4.395604e-02
34527: 2.043478e+00 1.576087e+00 1.217391e+00 1.195652e-01 4.347826e-02
34527: 2.043011e+00 1.569892e+00 1.225806e+00 1.182796e-01 4.301075e-02
34527: 2.031915e+00 1.585106e+00 1.223404e+00 1.170213e-01 4.255319e-02
34527: 2.031579e+00 1.589474e+00 1.221053e+00 1.157895e-01 4.210526e-02
34527: 2.031250e+00 1.572917e+00 1.239583e+00 1.145833e-01 4.166667e-02
34527: 2.030928e+00 1.567010e+00 1.247423e+00 1.134021e-01 4.123711e-02
34527: 2.020408e+00 1.581633e+00 1.244898e+00 1.122449e-01 4.081633e-02
34527: 2.020202e+00 1.585859e+00 1.242424e+00 1.111111e-01 4.040404e-02
34527: 2.010000e+00 1.590000e+00 1.250000e+00 1.100000e-01 4.000000e-02
34527: 2.000000e+00 1.594059e+00 1.247525e+00 1.188119e-01 3.960396e-02
34527: 2.000000e+00 1.578431e+00 1.264706e+00 1.176471e-01 3.921569e-02
34527: 1.990291e+00 1.572816e+00 1.281553e+00 1.165049e-01 3.883495e-02
34527: 2.000000e+00 1.567308e+00 1.278846e+00 1.153846e-01 3.846154e-02
34527: 1.990476e+00 1.571429e+00 1.285714e+00 1.142857e-01 3.809524e-02
34527: 2.000000e+00 1.566038e+00 1.283019e+00 1.132075e-01 3.773585e-02
34527: 2.000000e+00 1.579439e+00 1.271028e+00 1.121495e-01 3.738318e-02
34527: 1.990741e+00 1.574074e+00 1.287037e+00 1.111111e-01 3.703704e-02
34527: 1.990826e+00 1.559633e+00 1.293578e+00 1.192661e-01 3.669725e-02
34527: 1.981818e+00 1.572727e+00 1.290909e+00 1.181818e-01 3.636364e-02
34527: 1.990991e+00 1.558559e+00 1.297297e+00 1.171171e-01 3.603604e-02
34527: 1.982143e+00 1.571429e+00 1.285714e+00 1.250000e-01 3.571429e-02
34527: 1.973451e+00 1.566372e+00 1.292035e+00 1.238938e-01 4.424779e-02
34527: 1.973684e+00 1.561404e+00 1.289474e+00 1.228070e-01 5.263158e-02
34527: 1.973913e+00 1.573913e+00 1.278261e+00 1.217391e-01 5.217391e-02
34527: 1.965517e+00 1.568966e+00 1.293103e+00 1.206897e-01 5.172414e-02
34527: 1.965812e+00 1.564103e+00 1.299145e+00 1.196581e-01 5.128205e-02
34527: 1.966102e+00 1.567797e+00 1.296610e+00 1.186441e-01 5.084746e-02
34527: 1.957983e+00 1.563025e+00 1.302521e+00 1.260504e-01 5.042017e-02
34527: 1.958333e+00 1.566667e+00 1.300000e+00 1.250000e-01 5.000000e-02
34527: 1.958678e+00 1.570248e+00 1.297521e+00 1.239669e-01 4.958678e-02
34527: 1.959016e+00 1.565574e+00 1.303279e+00 1.229508e-01 4.918033e-02
34527: 1.951220e+00 1.569106e+00 1.300813e+00 1.300813e-01 4.878049e-02
34527: 1.951613e+00 1.564516e+00 1.306452e+00 1.290323e-01 4.838710e-02
34527: 1.944000e+00 1.568000e+00 1.312000e+00 1.280000e-01 4.800000e-02
34527: 1.944444e+00 1.571429e+00 1.301587e+00 1.269841e-01 5.555556e-02
34527: 1.937008e+00 1.559055e+00 1.322835e+00 1.259843e-01 5.511811e-02
34527: 1.937500e+00 1.554688e+00 1.328125e+00 1.250000e-01 5.468750e-02
34527: 1.930233e+00 1.565891e+00 1.317829e+00 1.317829e-01 5.426357e-02
34527: 1.938462e+00 1.561538e+00 1.315385e+00 1.307692e-01 5.384615e-02
34527: 1.931298e+00 1.580153e+00 1.305344e+00 1.297710e-01 5.343511e-02
34527: 1.924242e+00 1.575758e+00 1.310606e+00 1.363636e-01 5.303030e-02
34527: 1.924812e+00 1.578947e+00 1.308271e+00 1.353383e-01 5.263158e-02
34527: 1.917910e+00 1.574627e+00 1.320896e+00 1.343284e-01 5.223881e-02
34527: 1.925926e+00 1.562963e+00 1.325926e+00 1.333333e-01 5.185185e-02
34527: 1.919118e+00 1.573529e+00 1.323529e+00 1.323529e-01 5.147059e-02
34527: 1.927007e+00 1.562044e+00 1.328467e+00 1.313869e-01 5.109489e-02
34527: 1.927536e+00 1.572464e+00 1.318841e+00 1.304348e-01 5.072464e-02
34527: 1.928058e+00 1.568345e+00 1.323741e+00 1.294964e-01 5.035971e-02
34527: 1.921429e+00 1.578571e+00 1.314286e+00 1.285714e-01 5.714286e-02
34527: 1.921986e+00 1.574468e+00 1.319149e+00 1.276596e-01 5.673759e-02
34527: 1.922535e+00 1.577465e+00 1.316901e+00 1.267606e-01 5.633803e-02
34527: 1.916084e+00 1.566434e+00 1.335664e+00 1.258741e-01 5.594406e-02
34527: 1.916667e+00 1.562500e+00 1.333333e+00 1.319444e-01 5.555556e-02
34527: 1.910345e+00 1.565517e+00 1.331034e+00 1.310345e-01 6.206897e-02
34527: 1.917808e+00 1.568493e+00 1.321918e+00 1.301370e-01 6.164384e-02
34527: 1.911565e+00 1.571429e+00 1.319728e+00 1.292517e-01 6.802721e-02
34527: 1.912162e+00 1.567568e+00 1.324324e+00 1.283784e-01 6.756757e-02
34527: 1.912752e+00 1.570470e+00 1.322148e+00 1.275168e-01 6.711409e-02
34527: 1.906667e+00 1.566667e+00 1.333333e+00 1.266667e-01 6.666667e-02
34527: 1.907285e+00 1.562914e+00 1.337748e+00 1.258278e-01 6.622517e-02
34527: 1.907895e+00 1.572368e+00 1.328947e+00 1.250000e-01 6.578947e-02
34527: 1.901961e+00 1.575163e+00 1.333333e+00 1.241830e-01 6.535948e-02
34527: 1.902597e+00 1.571429e+00 1.337662e+00 1.233766e-01 6.493506e-02
34527: 1.896774e+00 1.580645e+00 1.335484e+00 1.225806e-01 6.451613e-02
34527: 1.897436e+00 1.576923e+00 1.339744e+00 1.217949e-01 6.410256e-02
34527: 1.898089e+00 1.573248e+00 1.343949e+00 1.210191e-01 6.369427e-02
34527: 1.892405e+00 1.582278e+00 1.341772e+00 1.202532e-01 6.329114e-02
34527: 1.899371e+00 1.578616e+00 1.339623e+00 1.194969e-01 6.289308e-02
34527: 1.893750e+00 1.581250e+00 1.343750e+00 1.187500e-01 6.250000e-02
34527: 1.888199e+00 1.583851e+00 1.341615e+00 1.242236e-01 6.211180e-02
34527: 1.888889e+00 1.580247e+00 1.339506e+00 1.296296e-01 6.172840e-02
34527: 1.883436e+00 1.582822e+00 1.337423e+00 1.349693e-01 6.134969e-02
34527: 1.884146e+00 1.579268e+00 1.341463e+00 1.341463e-01 6.097561e-02
34527: 1.878788e+00 1.581818e+00 1.345455e+00 1.333333e-01 6.060606e-02
34527: 1.879518e+00 1.584337e+00 1.343373e+00 1.325301e-01 6.024096e-02
34527: 1.880240e+00 1.580838e+00 1.347305e+00 1.317365e-01 5.988024e-02
34527: 1.875000e+00 1.583333e+00 1.351190e+00 1.309524e-01 5.952381e-02
34527: 1.875740e+00 1.579882e+00 1.349112e+00 1.360947e-01 5.917160e-02
34527: 1.876471e+00 1.582353e+00 1.347059e+00 1.352941e-01 5.882353e-02
34527: 1.877193e+00 1.578947e+00 1.350877e+00 1.345029e-01 5.847953e-02
34527: 1.877907e+00 1.581395e+00 1.348837e+00 1.337209e-01 5.813953e-02
34527: 1.872832e+00 1.578035e+00 1.358382e+00 1.329480e-01 5.780347e-02
34527: 1.873563e+00 1.574713e+00 1.362069e+00 1.321839e-01 5.747126e-02
34527: 1.874286e+00 1.571429e+00 1.365714e+00 1.314286e-01 5.714286e-02
34527: 1.875000e+00 1.568182e+00 1.369318e+00 1.306818e-01 5.681818e-02
34527: 1.870056e+00 1.581921e+00 1.361582e+00 1.299435e-01 5.649718e-02
34527: 1.870787e+00 1.573034e+00 1.370787e+00 1.292135e-01 5.617978e-02
34527: 1.871508e+00 1.569832e+00 1.374302e+00 1.284916e-01 5.586592e-02
34527: 1.866667e+00 1.583333e+00 1.366667e+00 1.277778e-01 5.555556e-02
34527: 1.867403e+00 1.580110e+00 1.370166e+00 1.270718e-01 5.524862e-02
34527: 1.862637e+00 1.582418e+00 1.373626e+00 1.263736e-01 5.494505e-02
34527: 1.863388e+00 1.579235e+00 1.377049e+00 1.256831e-01 5.464481e-02
34527: 1.858696e+00 1.581522e+00 1.380435e+00 1.250000e-01 5.434783e-02
34527: 1.864865e+00 1.578378e+00 1.378378e+00 1.243243e-01 5.405405e-02
34527: 1.860215e+00 1.580645e+00 1.381720e+00 1.236559e-01 5.376344e-02
34527: 1.855615e+00 1.582888e+00 1.385027e+00 1.229947e-01 5.347594e-02
34527: 1.856383e+00 1.579787e+00 1.388298e+00 1.223404e-01 5.319149e-02
34527: 1.851852e+00 1.576720e+00 1.396825e+00 1.216931e-01 5.291005e-02
34527: 1.852632e+00 1.568421e+00 1.400000e+00 1.263158e-01 5.263158e-02
34527: 1.853403e+00 1.575916e+00 1.392670e+00 1.256545e-01 5.235602e-02
34527: 1.848958e+00 1.572917e+00 1.395833e+00 1.302083e-01 5.208333e-02
34527: 1.854922e+00 1.569948e+00 1.393782e+00 1.295337e-01 5.181347e-02
34527: 1.850515e+00 1.572165e+00 1.391753e+00 1.340206e-01 5.154639e-02
34527: 1.851282e+00 1.569231e+00 1.394872e+00 1.333333e-01 5.128205e-02
34527: 1.852041e+00 1.576531e+00 1.387755e+00 1.326531e-01 5.102041e-02
34527: 1.852792e+00 1.568528e+00 1.395939e+00 1.319797e-01 5.076142e-02
34527: 1.848485e+00 1.575758e+00 1.393939e+00 1.313131e-01 5.050505e-02
34527: 1.849246e+00 1.577889e+00 1.391960e+00 1.306533e-01 5.025126e-02
34527: 1.850000e+00 1.575000e+00 1.395000e+00 1.300000e-01 5.000000e-02
34527: 1.845771e+00 1.582090e+00 1.393035e+00 1.293532e-01 4.975124e-02
34527: 1.851485e+00 1.574257e+00 1.396040e+00 1.287129e-01 4.950495e-02
34527: 1.847291e+00 1.576355e+00 1.394089e+00 1.330049e-01 4.926108e-02
34527: 1.848039e+00 1.573529e+00 1.392157e+00 1.372549e-01 4.901961e-02
34527: 1.848780e+00 1.575610e+00 1.390244e+00 1.365854e-01 4.878049e-02
34527: 1.849515e+00 1.572816e+00 1.393204e+00 1.359223e-01 4.854369e-02
34527: 1.845411e+00 1.570048e+00 1.400966e+00 1.352657e-01 4.830918e-02
34527: 1.846154e+00 1.572115e+00 1.399038e+00 1.346154e-01 4.807692e-02
34527: 1.842105e+00 1.574163e+00 1.401914e+00 1.339713e-01 4.784689e-02
34527: 1.847619e+00 1.566667e+00 1.404762e+00 1.333333e-01 4.761905e-02
34527: 1.843602e+00 1.573460e+00 1.402844e+00 1.327014e-01 4.739336e-02
34527: 1.844340e+00 1.575472e+00 1.400943e+00 1.320755e-01 4.716981e-02
34527: 1.845070e+00 1.572770e+00 1.403756e+00 1.314554e-01 4.694836e-02
34527: 1.841121e+00 1.579439e+00 1.401869e+00 1.308411e-01 4.672897e-02
34527: 1.841860e+00 1.576744e+00 1.404651e+00 1.302326e-01 4.651163e-02
34527: 1.842593e+00 1.574074e+00 1.407407e+00 1.296296e-01 4.629630e-02
34527: 1.843318e+00 1.576037e+00 1.405530e+00 1.290323e-01 4.608295e-02
34527: 1.839450e+00 1.573394e+00 1.412844e+00 1.284404e-01 4.587156e-02
34527: 1.840183e+00 1.570776e+00 1.415525e+00 1.278539e-01 4.566210e-02
34527: 1.840909e+00 1.572727e+00 1.413636e+00 1.272727e-01 4.545455e-02
34527: 1.837104e+00 1.570136e+00 1.416290e+00 1.266968e-01 4.977376e-02
34527: 1.842342e+00 1.567568e+00 1.414414e+00 1.261261e-01 4.954955e-02
34527: 1.838565e+00 1.578475e+00 1.408072e+00 1.255605e-01 4.932735e-02
34527: 1.839286e+00 1.571429e+00 1.415179e+00 1.250000e-01 4.910714e-02
34527: 1.835556e+00 1.568889e+00 1.422222e+00 1.244444e-01 4.888889e-02
34527: 1.836283e+00 1.575221e+00 1.415929e+00 1.238938e-01 4.867257e-02
34527: 1.832599e+00 1.572687e+00 1.418502e+00 1.233480e-01 5.286344e-02
34527: 1.833333e+00 1.570175e+00 1.416667e+00 1.271930e-01 5.263158e-02
34527: 1.829694e+00 1.572052e+00 1.419214e+00 1.266376e-01 5.240175e-02
34527: 1.830435e+00 1.573913e+00 1.417391e+00 1.260870e-01 5.217391e-02
34527: 1.826840e+00 1.571429e+00 1.419913e+00 1.298701e-01 5.194805e-02
34527: 1.831897e+00 1.564655e+00 1.422414e+00 1.293103e-01 5.172414e-02
34527: 1.828326e+00 1.570815e+00 1.416309e+00 1.330472e-01 5.150215e-02
34527: 1.829060e+00 1.568376e+00 1.418803e+00 1.324786e-01 5.128205e-02
34527: 1.825532e+00 1.570213e+00 1.421277e+00 1.319149e-01 5.106383e-02
34527: 1.830508e+00 1.567797e+00 1.419492e+00 1.313559e-01 5.084746e-02
34527: 1.827004e+00 1.573840e+00 1.417722e+00 1.308017e-01 5.063291e-02
34527: 1.831933e+00 1.567227e+00 1.420168e+00 1.302521e-01 5.042017e-02
34527: 1.828452e+00 1.573222e+00 1.418410e+00 1.297071e-01 5.020921e-02
34527: 1.833333e+00 1.566667e+00 1.420833e+00 1.291667e-01 5.000000e-02
34527: 1.834025e+00 1.572614e+00 1.414938e+00 1.286307e-01 4.979253e-02
34527: 1.834711e+00 1.570248e+00 1.417355e+00 1.280992e-01 4.958678e-02
34527: 1.831276e+00 1.572016e+00 1.415638e+00 1.275720e-01 5.349794e-02
34527: 1.831967e+00 1.565574e+00 1.418033e+00 1.311475e-01 5.327869e-02
34527: 1.828571e+00 1.571429e+00 1.412245e+00 1.306122e-01 5.714286e-02
34527: 1.833333e+00 1.569106e+00 1.410569e+00 1.300813e-01 5.691057e-02
34527: 1.829960e+00 1.574899e+00 1.408907e+00 1.295547e-01 5.668016e-02
34527: 1.826613e+00 1.576613e+00 1.407258e+00 1.330645e-01 5.645161e-02
34527: 1.831325e+00 1.570281e+00 1.409639e+00 1.325301e-01 5.622490e-02
34527: 1.832000e+00 1.572000e+00 1.408000e+00 1.320000e-01 5.600000e-02
34527: 1.832669e+00 1.565737e+00 1.414343e+00 1.314741e-01 5.577689e-02
34527: 1.833333e+00 1.567460e+00 1.412698e+00 1.309524e-01 5.555556e-02
34527: 1.833992e+00 1.569170e+00 1.411067e+00 1.304348e-01 5.533597e-02
34527: 1.830709e+00 1.570866e+00 1.413386e+00 1.299213e-01 5.511811e-02
34527: 1.831373e+00 1.568627e+00 1.415686e+00 1.294118e-01 5.490196e-02
34527: 1.832031e+00 1.570312e+00 1.414062e+00 1.289062e-01 5.468750e-02
34527: 1.828794e+00 1.564202e+00 1.424125e+00 1.284047e-01 5.447471e-02
34527: 1.829457e+00 1.565891e+00 1.422481e+00 1.279070e-01 5.426357e-02
34527: 1.830116e+00 1.567568e+00 1.420849e+00 1.274131e-01 5.405405e-02
34527: 1.826923e+00 1.569231e+00 1.423077e+00 1.269231e-01 5.384615e-02
34527: 1.827586e+00 1.570881e+00 1.421456e+00 1.264368e-01 5.363985e-02
34527: 1.824427e+00 1.572519e+00 1.423664e+00 1.259542e-01 5.343511e-02
34527: 1.821293e+00 1.574144e+00 1.422053e+00 1.292776e-01 5.323194e-02
34527: 1.821970e+00 1.571970e+00 1.420455e+00 1.325758e-01 5.303030e-02
34527: 1.818868e+00 1.573585e+00 1.422642e+00 1.320755e-01 5.283019e-02
34527: 1.815789e+00 1.571429e+00 1.428571e+00 1.315789e-01 5.263158e-02
34527: 1.816479e+00 1.569288e+00 1.430712e+00 1.310861e-01 5.243446e-02
34527: 1.817164e+00 1.574627e+00 1.425373e+00 1.305970e-01 5.223881e-02
34527: 1.814126e+00 1.572491e+00 1.431227e+00 1.301115e-01 5.204461e-02
34527: 1.814815e+00 1.574074e+00 1.429630e+00 1.296296e-01 5.185185e-02
34527: 1.811808e+00 1.568266e+00 1.435424e+00 1.291513e-01 5.535055e-02
34527: 1.808824e+00 1.573529e+00 1.430147e+00 1.323529e-01 5.514706e-02
34527: 1.809524e+00 1.567766e+00 1.435897e+00 1.318681e-01 5.494505e-02
34527: 1.806569e+00 1.572993e+00 1.430657e+00 1.313869e-01 5.839416e-02
34527: 1.803636e+00 1.574545e+00 1.432727e+00 1.309091e-01 5.818182e-02
34527: 1.804348e+00 1.572464e+00 1.434783e+00 1.304348e-01 5.797101e-02
34527: 1.801444e+00 1.574007e+00 1.433213e+00 1.335740e-01 5.776173e-02
34527: 1.798561e+00 1.579137e+00 1.431655e+00 1.330935e-01 5.755396e-02
34527: 1.802867e+00 1.577061e+00 1.430108e+00 1.326165e-01 5.734767e-02
34527: 1.800000e+00 1.578571e+00 1.432143e+00 1.321429e-01 5.714286e-02
34527: 1.797153e+00 1.580071e+00 1.434164e+00 1.316726e-01 5.693950e-02
34527: 1.801418e+00 1.578014e+00 1.432624e+00 1.312057e-01 5.673759e-02
34527: 1.798587e+00 1.579505e+00 1.431095e+00 1.307420e-01 6.007067e-02
34527: 1.795775e+00 1.580986e+00 1.429577e+00 1.302817e-01 6.338028e-02
34527: 1.796491e+00 1.582456e+00 1.428070e+00 1.298246e-01 6.315789e-02
34527: 1.793706e+00 1.580420e+00 1.433566e+00 1.293706e-01 6.293706e-02
34527: 1.790941e+00 1.585366e+00 1.432056e+00 1.289199e-01 6.271777e-02
34527: 1.791667e+00 1.583333e+00 1.434028e+00 1.284722e-01 6.250000e-02
34527: 1.788927e+00 1.584775e+00 1.435986e+00 1.280277e-01 6.228374e-02
34527: 1.786207e+00 1.589655e+00 1.434483e+00 1.275862e-01 6.206897e-02
34527: 1.786942e+00 1.584192e+00 1.439863e+00 1.271478e-01 6.185567e-02
34527: 1.784247e+00 1.585616e+00 1.438356e+00 1.301370e-01 6.164384e-02
34527: 1.788396e+00 1.583618e+00 1.436860e+00 1.296928e-01 6.143345e-02
34527: 1.789116e+00 1.585034e+00 1.435374e+00 1.292517e-01 6.122449e-02
34527: 1.786441e+00 1.583051e+00 1.440678e+00 1.288136e-01 6.101695e-02
34527: 1.783784e+00 1.587838e+00 1.439189e+00 1.283784e-01 6.081081e-02
34527: 1.784512e+00 1.589226e+00 1.437710e+00 1.279461e-01 6.060606e-02
34527: 1.781879e+00 1.590604e+00 1.439597e+00 1.275168e-01 6.040268e-02
34527: 1.779264e+00 1.591973e+00 1.441472e+00 1.270903e-01 6.020067e-02
34527: 1.780000e+00 1.590000e+00 1.443333e+00 1.266667e-01 6.000000e-02
34527: 1.777409e+00 1.594684e+00 1.441860e+00 1.262458e-01 5.980066e-02
34527: 1.778146e+00 1.589404e+00 1.447020e+00 1.258278e-01 5.960265e-02
34527: 1.775578e+00 1.594059e+00 1.445545e+00 1.254125e-01 5.940594e-02
34527: 1.776316e+00 1.588816e+00 1.447368e+00 1.282895e-01 5.921053e-02
34527: 1.773770e+00 1.586885e+00 1.449180e+00 1.311475e-01 5.901639e-02
34527: 1.774510e+00 1.584967e+00 1.447712e+00 1.339869e-01 5.882353e-02
34527: 1.771987e+00 1.586319e+00 1.449511e+00 1.335505e-01 5.863192e-02
34527: 1.775974e+00 1.584416e+00 1.448052e+00 1.331169e-01 5.844156e-02
34527: 1.773463e+00 1.588997e+00 1.446602e+00 1.326861e-01 5.825243e-02
34527: 1.777419e+00 1.587097e+00 1.445161e+00 1.322581e-01 5.806452e-02
34527: 1.774920e+00 1.585209e+00 1.446945e+00 1.350482e-01 5.787781e-02
34527: 1.775641e+00 1.583333e+00 1.445513e+00 1.346154e-01 6.089744e-02
34527: 1.773163e+00 1.581470e+00 1.450479e+00 1.341853e-01 6.070288e-02
34527: 1.773885e+00 1.582803e+00 1.449045e+00 1.337580e-01 6.050955e-02
34527: 1.774603e+00 1.580952e+00 1.450794e+00 1.333333e-01 6.031746e-02
34527: 1.772152e+00 1.582278e+00 1.452532e+00 1.329114e-01 6.012658e-02
34527: 1.776025e+00 1.580442e+00 1.451104e+00 1.324921e-01 5.993691e-02
34527: 1.773585e+00 1.581761e+00 1.452830e+00 1.320755e-01 5.974843e-02
34527: 1.774295e+00 1.579937e+00 1.454545e+00 1.316614e-01 5.956113e-02
34527: 1.771875e+00 1.581250e+00 1.456250e+00 1.312500e-01 5.937500e-02
34527: 1.772586e+00 1.579439e+00 1.457944e+00 1.308411e-01 5.919003e-02
34527: 1.770186e+00 1.580745e+00 1.459627e+00 1.304348e-01 5.900621e-02
34527: 1.773994e+00 1.578947e+00 1.458204e+00 1.300310e-01 5.882353e-02
34527: 1.771605e+00 1.580247e+00 1.459877e+00 1.296296e-01 5.864198e-02
34527: 1.772308e+00 1.578462e+00 1.458462e+00 1.323077e-01 5.846154e-02
34527: 1.769939e+00 1.579755e+00 1.460123e+00 1.319018e-01 5.828221e-02
34527: 1.770642e+00 1.577982e+00 1.461774e+00 1.314985e-01 5.810398e-02
34527: 1.771341e+00 1.579268e+00 1.460366e+00 1.310976e-01 5.792683e-02
34527: 1.768997e+00 1.577508e+00 1.462006e+00 1.337386e-01 5.775076e-02
34527: 1.769697e+00 1.578788e+00 1.460606e+00 1.333333e-01 5.757576e-02
34527: 1.767372e+00 1.574018e+00 1.468278e+00 1.329305e-01 5.740181e-02
34527: 1.771084e+00 1.572289e+00 1.466867e+00 1.325301e-01 5.722892e-02
34527: 1.771772e+00 1.573574e+00 1.465465e+00 1.321321e-01 5.705706e-02
34527: 1.772455e+00 1.571856e+00 1.467066e+00 1.317365e-01 5.688623e-02
34527: 1.770149e+00 1.573134e+00 1.468657e+00 1.313433e-01 5.671642e-02
34527: 1.773810e+00 1.571429e+00 1.467262e+00 1.309524e-01 5.654762e-02
34527: 1.774481e+00 1.572700e+00 1.465875e+00 1.305638e-01 5.637982e-02
34527: 1.775148e+00 1.571006e+00 1.467456e+00 1.301775e-01 5.621302e-02
34527: 1.772861e+00 1.572271e+00 1.469027e+00 1.297935e-01 5.604720e-02
34527: 1.773529e+00 1.573529e+00 1.467647e+00 1.294118e-01 5.588235e-02
34527: 1.771261e+00 1.571848e+00 1.472141e+00 1.290323e-01 5.571848e-02
34527: 1.774854e+00 1.570175e+00 1.470760e+00 1.286550e-01 5.555556e-02
34527: 1.772595e+00 1.571429e+00 1.472303e+00 1.282799e-01 5.539359e-02
34527: 1.773256e+00 1.569767e+00 1.473837e+00 1.279070e-01 5.523256e-02
34527: 1.771014e+00 1.573913e+00 1.472464e+00 1.275362e-01 5.507246e-02
34527: 1.771676e+00 1.572254e+00 1.471098e+00 1.300578e-01 5.491329e-02
34527: 1.769452e+00 1.576369e+00 1.469741e+00 1.296830e-01 5.475504e-02
34527: 1.770115e+00 1.574713e+00 1.468391e+00 1.321839e-01 5.459770e-02
34527: 1.767908e+00 1.575931e+00 1.469914e+00 1.318052e-01 5.444126e-02
34527: 1.771429e+00 1.574286e+00 1.468571e+00 1.314286e-01 5.428571e-02
34527: 1.772080e+00 1.572650e+00 1.470085e+00 1.310541e-01 5.413105e-02
34527: 1.769886e+00 1.573864e+00 1.468750e+00 1.335227e-01 5.397727e-02
34527: 1.773371e+00 1.572238e+00 1.467422e+00 1.331445e-01 5.382436e-02
34527: 1.771186e+00 1.573446e+00 1.466102e+00 1.355932e-01 5.367232e-02
34527: 1.771831e+00 1.574648e+00 1.464789e+00 1.352113e-01 5.352113e-02
34527: 1.769663e+00 1.575843e+00 1.466292e+00 1.348315e-01 5.337079e-02
34527: 1.770308e+00 1.574230e+00 1.467787e+00 1.344538e-01 5.322129e-02
34527: 1.770950e+00 1.575419e+00 1.466480e+00 1.340782e-01 5.307263e-02
34527: 1.768802e+00 1.573816e+00 1.470752e+00 1.337047e-01 5.292479e-02
34527: 1.769444e+00 1.575000e+00 1.469444e+00 1.333333e-01 5.277778e-02
34527: 1.767313e+00 1.573407e+00 1.470914e+00 1.357341e-01 5.263158e-02
34527: 1.767956e+00 1.571823e+00 1.472376e+00 1.353591e-01 5.248619e-02
34527: 1.765840e+00 1.573003e+00 1.473829e+00 1.349862e-01 5.234160e-02
34527: 1.769231e+00 1.571429e+00 1.472527e+00 1.346154e-01 5.219780e-02
34527: 1.767123e+00 1.575342e+00 1.471233e+00 1.342466e-01 5.205479e-02
34527: 1.767760e+00 1.573770e+00 1.469945e+00 1.338798e-01 5.464481e-02
34527: 1.765668e+00 1.574932e+00 1.471390e+00 1.335150e-01 5.449591e-02
34527: 1.766304e+00 1.573370e+00 1.470109e+00 1.358696e-01 5.434783e-02
34527: 1.764228e+00 1.574526e+00 1.471545e+00 1.355014e-01 5.420054e-02
34527: 1.764865e+00 1.572973e+00 1.472973e+00 1.351351e-01 5.405405e-02
34527: 1.762803e+00 1.576819e+00 1.471698e+00 1.347709e-01 5.390836e-02
34527: 1.766129e+00 1.575269e+00 1.470430e+00 1.344086e-01 5.376344e-02
34527: 1.764075e+00 1.579088e+00 1.469169e+00 1.340483e-01 5.361930e-02
34527: 1.767380e+00 1.577540e+00 1.467914e+00 1.336898e-01 5.347594e-02
34527: 1.768000e+00 1.578667e+00 1.466667e+00 1.333333e-01 5.333333e-02
34527: 1.768617e+00 1.577128e+00 1.468085e+00 1.329787e-01 5.319149e-02
34527: 1.766578e+00 1.580902e+00 1.466844e+00 1.326260e-01 5.305040e-02
34527: 1.767196e+00 1.579365e+00 1.468254e+00 1.322751e-01 5.291005e-02
34527: 1.765172e+00 1.580475e+00 1.469657e+00 1.319261e-01 5.277045e-02
34527: 1.765789e+00 1.576316e+00 1.471053e+00 1.342105e-01 5.263158e-02
34527: 1.763780e+00 1.577428e+00 1.472441e+00 1.338583e-01 5.249344e-02
34527: 1.767016e+00 1.573298e+00 1.473822e+00 1.335079e-01 5.235602e-02
34527: 1.765013e+00 1.577023e+00 1.472585e+00 1.331593e-01 5.221932e-02
34527: 1.768229e+00 1.575521e+00 1.471354e+00 1.328125e-01 5.208333e-02
34527: 1.766234e+00 1.579221e+00 1.470130e+00 1.324675e-01 5.194805e-02
34527: 1.769430e+00 1.575130e+00 1.471503e+00 1.321244e-01 5.181347e-02
34527: 1.767442e+00 1.578811e+00 1.470284e+00 1.317829e-01 5.167959e-02
34527: 1.768041e+00 1.577320e+00 1.471649e+00 1.314433e-01 5.154639e-02
34527: 1.766067e+00 1.578406e+00 1.473008e+00 1.311054e-01 5.141388e-02
34527: 1.764103e+00 1.579487e+00 1.474359e+00 1.307692e-01 5.128205e-02
34527: 1.764706e+00 1.578005e+00 1.475703e+00 1.304348e-01 5.115090e-02
34527: 1.762755e+00 1.581633e+00 1.474490e+00 1.301020e-01 5.102041e-02
34527: 1.760814e+00 1.582697e+00 1.473282e+00 1.323155e-01 5.089059e-02
34527: 1.761421e+00 1.583756e+00 1.472081e+00 1.319797e-01 5.076142e-02
34527: 1.759494e+00 1.584810e+00 1.473418e+00 1.316456e-01 5.063291e-02
34527: 1.760101e+00 1.585859e+00 1.472222e+00 1.313131e-01 5.050505e-02
34527: 1.758186e+00 1.584383e+00 1.473552e+00 1.309824e-01 5.289673e-02
34527: 1.761307e+00 1.582915e+00 1.472362e+00 1.306533e-01 5.276382e-02
34527: 1.761905e+00 1.583960e+00 1.471178e+00 1.303258e-01 5.263158e-02
34527: 1.760000e+00 1.582500e+00 1.475000e+00 1.300000e-01 5.250000e-02
34527: 1.763092e+00 1.581047e+00 1.473815e+00 1.296758e-01 5.236908e-02
34527: 1.761194e+00 1.584577e+00 1.472637e+00 1.293532e-01 5.223881e-02
34527: 1.761787e+00 1.585608e+00 1.471464e+00 1.290323e-01 5.210918e-02
34527: 1.759901e+00 1.584158e+00 1.475248e+00 1.287129e-01 5.198020e-02
34527: 1.758025e+00 1.585185e+00 1.476543e+00 1.283951e-01 5.185185e-02
34527: 1.758621e+00 1.583744e+00 1.475369e+00 1.305419e-01 5.172414e-02
34527: 1.756757e+00 1.584767e+00 1.476658e+00 1.302211e-01 5.159705e-02
34527: 1.754902e+00 1.585784e+00 1.477941e+00 1.299020e-01 5.147059e-02
34527: 1.757946e+00 1.584352e+00 1.476773e+00 1.295844e-01 5.134474e-02
34527: 1.756098e+00 1.585366e+00 1.475610e+00 1.317073e-01 5.121951e-02
34527: 1.754258e+00 1.588808e+00 1.474453e+00 1.313869e-01 5.109489e-02
34527: 1.757282e+00 1.587379e+00 1.473301e+00 1.310680e-01 5.097087e-02
34527: 1.757869e+00 1.588378e+00 1.472155e+00 1.307506e-01 5.084746e-02
34527: 1.756039e+00 1.589372e+00 1.473430e+00 1.304348e-01 5.072464e-02
34527: 1.759036e+00 1.587952e+00 1.472289e+00 1.301205e-01 5.060241e-02
34527: 1.757212e+00 1.591346e+00 1.471154e+00 1.298077e-01 5.048077e-02
34527: 1.757794e+00 1.589928e+00 1.470024e+00 1.294964e-01 5.275779e-02
34527: 1.758373e+00 1.590909e+00 1.468900e+00 1.291866e-01 5.263158e-02
34527: 1.756563e+00 1.589499e+00 1.472554e+00 1.288783e-01 5.250597e-02
34527: 1.757143e+00 1.585714e+00 1.476190e+00 1.285714e-01 5.238095e-02
34527: 1.755344e+00 1.586698e+00 1.477435e+00 1.282660e-01 5.225653e-02
34527: 1.755924e+00 1.587678e+00 1.476303e+00 1.279621e-01 5.213270e-02
34527: 1.754137e+00 1.586288e+00 1.477541e+00 1.276596e-01 5.437352e-02
34527: 1.757075e+00 1.584906e+00 1.476415e+00 1.273585e-01 5.424528e-02
34527: 1.755294e+00 1.585882e+00 1.477647e+00 1.270588e-01 5.411765e-02
34527: 1.753521e+00 1.586854e+00 1.476526e+00 1.267606e-01 5.633803e-02
34527: 1.756440e+00 1.583138e+00 1.477752e+00 1.264637e-01 5.620609e-02
34527: 1.754673e+00 1.584112e+00 1.478972e+00 1.261682e-01 5.607477e-02
34527: 1.752914e+00 1.585082e+00 1.480186e+00 1.258741e-01 5.594406e-02
34527: 1.753488e+00 1.581395e+00 1.481395e+00 1.279070e-01 5.581395e-02
34527: 1.751740e+00 1.582367e+00 1.480278e+00 1.276102e-01 5.800464e-02
34527: 1.754630e+00 1.581019e+00 1.479167e+00 1.273148e-01 5.787037e-02
34527: 1.752887e+00 1.584296e+00 1.478060e+00 1.270208e-01 5.773672e-02
34527: 1.751152e+00 1.587558e+00 1.476959e+00 1.267281e-01 5.760369e-02
34527: 1.751724e+00 1.586207e+00 1.478161e+00 1.264368e-01 5.747126e-02
34527: 1.750000e+00 1.587156e+00 1.477064e+00 1.284404e-01 5.733945e-02
34527: 1.748284e+00 1.588101e+00 1.478261e+00 1.281465e-01 5.720824e-02
34527: 1.751142e+00 1.586758e+00 1.477169e+00 1.278539e-01 5.707763e-02
34527: 1.749431e+00 1.587699e+00 1.478360e+00 1.275626e-01 5.694761e-02
34527: 1.747727e+00 1.590909e+00 1.477273e+00 1.272727e-01 5.681818e-02
34527: 1.748299e+00 1.591837e+00 1.476190e+00 1.269841e-01 5.668934e-02
34527: 1.746606e+00 1.590498e+00 1.479638e+00 1.266968e-01 5.656109e-02
34527: 1.744921e+00 1.589165e+00 1.483070e+00 1.264108e-01 5.643341e-02
34527: 1.745495e+00 1.585586e+00 1.486486e+00 1.261261e-01 5.630631e-02
34527: 1.743820e+00 1.584270e+00 1.487640e+00 1.258427e-01 5.842697e-02
34527: 1.746637e+00 1.582960e+00 1.486547e+00 1.255605e-01 5.829596e-02
34527: 1.744966e+00 1.583893e+00 1.487696e+00 1.252796e-01 5.816555e-02
34527: 1.743304e+00 1.587054e+00 1.486607e+00 1.250000e-01 5.803571e-02
34527: 1.743875e+00 1.585746e+00 1.485523e+00 1.269488e-01 5.790646e-02
34527: 1.744444e+00 1.584444e+00 1.486667e+00 1.266667e-01 5.777778e-02
34527: 1.742794e+00 1.585366e+00 1.485588e+00 1.286031e-01 5.764967e-02
34527: 1.741150e+00 1.586283e+00 1.486726e+00 1.283186e-01 5.752212e-02
34527: 1.741722e+00 1.587196e+00 1.485651e+00 1.280353e-01 5.739514e-02
34527: 1.740088e+00 1.585903e+00 1.488987e+00 1.277533e-01 5.726872e-02
34527: 1.740659e+00 1.584615e+00 1.490110e+00 1.274725e-01 5.714286e-02
34527: 1.739035e+00 1.585526e+00 1.491228e+00 1.271930e-01 5.701754e-02
34527: 1.739606e+00 1.582057e+00 1.494530e+00 1.269147e-01 5.689278e-02
34527: 1.737991e+00 1.582969e+00 1.495633e+00 1.266376e-01 5.676856e-02
34527: 1.736383e+00 1.581699e+00 1.496732e+00 1.263617e-01 5.882353e-02
34527: 1.736957e+00 1.582609e+00 1.495652e+00 1.260870e-01 5.869565e-02
34527: 1.735358e+00 1.583514e+00 1.496746e+00 1.258134e-01 5.856833e-02
34527: 1.733766e+00 1.586580e+00 1.495671e+00 1.255411e-01 5.844156e-02
34527: 1.736501e+00 1.585313e+00 1.494600e+00 1.252700e-01 5.831533e-02
34527: 1.734914e+00 1.588362e+00 1.493534e+00 1.250000e-01 5.818966e-02
34527: 1.733333e+00 1.589247e+00 1.494624e+00 1.247312e-01 5.806452e-02
34527: 1.736052e+00 1.585837e+00 1.495708e+00 1.244635e-01 5.793991e-02
34527: 1.734475e+00 1.586724e+00 1.494647e+00 1.263383e-01 5.781585e-02
34527: 1.732906e+00 1.587607e+00 1.495726e+00 1.260684e-01 5.769231e-02
34527: 1.733475e+00 1.586354e+00 1.494670e+00 1.279318e-01 5.756930e-02
34527: 1.734043e+00 1.587234e+00 1.493617e+00 1.276596e-01 5.744681e-02
34527: 1.732484e+00 1.585987e+00 1.496815e+00 1.273885e-01 5.732484e-02
34527: 1.733051e+00 1.586864e+00 1.495763e+00 1.271186e-01 5.720339e-02
34527: 1.731501e+00 1.587738e+00 1.496829e+00 1.268499e-01 5.708245e-02
34527: 1.732068e+00 1.588608e+00 1.495781e+00 1.265823e-01 5.696203e-02
34527: 1.730526e+00 1.585263e+00 1.501053e+00 1.263158e-01 5.684211e-02
34527: 1.731092e+00 1.584034e+00 1.502101e+00 1.260504e-01 5.672269e-02
34527: 1.729560e+00 1.587002e+00 1.501048e+00 1.257862e-01 5.660377e-02
34527: 1.732218e+00 1.585774e+00 1.500000e+00 1.255230e-01 5.648536e-02
34527: 1.732777e+00 1.586639e+00 1.498956e+00 1.252610e-01 5.636743e-02
34527: 1.731250e+00 1.585417e+00 1.502083e+00 1.250000e-01 5.625000e-02
34527: 1.729730e+00 1.588358e+00 1.501040e+00 1.247401e-01 5.613306e-02
34527: 1.732365e+00 1.587137e+00 1.500000e+00 1.244813e-01 5.601660e-02
34527: 1.730849e+00 1.590062e+00 1.498965e+00 1.242236e-01 5.590062e-02
34527: 1.731405e+00 1.588843e+00 1.500000e+00 1.239669e-01 5.578512e-02
34527: 1.729897e+00 1.589691e+00 1.498969e+00 1.257732e-01 5.567010e-02
34527: 1.732510e+00 1.588477e+00 1.497942e+00 1.255144e-01 5.555556e-02
34527: 1.731006e+00 1.589322e+00 1.498973e+00 1.252567e-01 5.544148e-02
34527: 1.729508e+00 1.590164e+00 1.497951e+00 1.270492e-01 5.532787e-02
34527: 1.732106e+00 1.588957e+00 1.496933e+00 1.267894e-01 5.521472e-02
34527: 1.730612e+00 1.591837e+00 1.495918e+00 1.265306e-01 5.510204e-02
34527: 1.731161e+00 1.590631e+00 1.496945e+00 1.262729e-01 5.498982e-02
34527: 1.729675e+00 1.591463e+00 1.497967e+00 1.260163e-01 5.487805e-02
34527: 1.730223e+00 1.590264e+00 1.498986e+00 1.257606e-01 5.476673e-02
34527: 1.728745e+00 1.589069e+00 1.500000e+00 1.275304e-01 5.465587e-02
34527: 1.729293e+00 1.587879e+00 1.501010e+00 1.272727e-01 5.454545e-02
34527: 1.727823e+00 1.588710e+00 1.502016e+00 1.270161e-01 5.443548e-02
34527: 1.728370e+00 1.587525e+00 1.501006e+00 1.287726e-01 5.432596e-02
34527: 1.728916e+00 1.588353e+00 1.500000e+00 1.285141e-01 5.421687e-02
34527: 1.727455e+00 1.587174e+00 1.503006e+00 1.282565e-01 5.410822e-02
34527: 1.728000e+00 1.584000e+00 1.506000e+00 1.280000e-01 5.400000e-02
34527: 1.726547e+00 1.584830e+00 1.506986e+00 1.277445e-01 5.389222e-02
34527: 1.727092e+00 1.585657e+00 1.505976e+00 1.274900e-01 5.378486e-02
34527: 1.725646e+00 1.584493e+00 1.506958e+00 1.272366e-01 5.566600e-02
34527: 1.726190e+00 1.583333e+00 1.505952e+00 1.289683e-01 5.555556e-02
34527: 1.724752e+00 1.584158e+00 1.506931e+00 1.287129e-01 5.544554e-02
34527: 1.727273e+00 1.583004e+00 1.505929e+00 1.284585e-01 5.533597e-02
34527: 1.725838e+00 1.585799e+00 1.504931e+00 1.282051e-01 5.522682e-02
34527: 1.728346e+00 1.584646e+00 1.503937e+00 1.279528e-01 5.511811e-02
34527: 1.726916e+00 1.585462e+00 1.502947e+00 1.277014e-01 5.697446e-02
34527: 1.727451e+00 1.584314e+00 1.501961e+00 1.274510e-01 5.882353e-02
34527: 1.726027e+00 1.585127e+00 1.500978e+00 1.291585e-01 5.870841e-02
34527: 1.726562e+00 1.583984e+00 1.501953e+00 1.289062e-01 5.859375e-02
34527: 1.725146e+00 1.584795e+00 1.502924e+00 1.286550e-01 5.847953e-02
34527: 1.727626e+00 1.583658e+00 1.501946e+00 1.284047e-01 5.836576e-02
34527: 1.726214e+00 1.582524e+00 1.502913e+00 1.300971e-01 5.825243e-02
34527: 1.728682e+00 1.581395e+00 1.501938e+00 1.298450e-01 5.813953e-02
34527: 1.727273e+00 1.582205e+00 1.500967e+00 1.295938e-01 5.996132e-02
34527: 1.727799e+00 1.581081e+00 1.501931e+00 1.293436e-01 5.984556e-02
34527: 1.728324e+00 1.579961e+00 1.502890e+00 1.290944e-01 5.973025e-02
34527: 1.728846e+00 1.580769e+00 1.501923e+00 1.288462e-01 5.961538e-02
34527: 1.727447e+00 1.579655e+00 1.504798e+00 1.285988e-01 5.950096e-02
34527: 1.727969e+00 1.578544e+00 1.505747e+00 1.283525e-01 5.938697e-02
34527: 1.726577e+00 1.579350e+00 1.504780e+00 1.300191e-01 5.927342e-02
34527: 1.729008e+00 1.578244e+00 1.503817e+00 1.297710e-01 5.916031e-02
34527: 1.727619e+00 1.579048e+00 1.504762e+00 1.295238e-01 5.904762e-02
34527: 1.726236e+00 1.581749e+00 1.503802e+00 1.292776e-01 5.893536e-02
34527: 1.728653e+00 1.580645e+00 1.502846e+00 1.290323e-01 5.882353e-02
34527: 1.727273e+00 1.581439e+00 1.501894e+00 1.306818e-01 5.871212e-02
34527: 1.727788e+00 1.582231e+00 1.500945e+00 1.304348e-01 5.860113e-02
34527: 1.728302e+00 1.581132e+00 1.501887e+00 1.301887e-01 5.849057e-02
34527: 1.726930e+00 1.581921e+00 1.502825e+00 1.299435e-01 5.838041e-02
34527: 1.727444e+00 1.582707e+00 1.501880e+00 1.296992e-01 5.827068e-02
34527: 1.726079e+00 1.583490e+00 1.502814e+00 1.294559e-01 5.816135e-02
34527: 1.728464e+00 1.582397e+00 1.501873e+00 1.292135e-01 5.805243e-02
34527: 1.727103e+00 1.583178e+00 1.502804e+00 1.289720e-01 5.794393e-02
34527: 1.727612e+00 1.580224e+00 1.505597e+00 1.287313e-01 5.783582e-02
34527: 1.728119e+00 1.581006e+00 1.504655e+00 1.284916e-01 5.772812e-02
34527: 1.726766e+00 1.581784e+00 1.505576e+00 1.282528e-01 5.762082e-02
34527: 1.727273e+00 1.582560e+00 1.504638e+00 1.280148e-01 5.751391e-02
34527: 1.725926e+00 1.583333e+00 1.505556e+00 1.277778e-01 5.740741e-02
34527: 1.726433e+00 1.582255e+00 1.506470e+00 1.275416e-01 5.730129e-02
34527: 1.725092e+00 1.583026e+00 1.507380e+00 1.273063e-01 5.719557e-02
34527: 1.725599e+00 1.581952e+00 1.506446e+00 1.289134e-01 5.709024e-02
34527: 1.724265e+00 1.582721e+00 1.507353e+00 1.286765e-01 5.698529e-02
34527: 1.724771e+00 1.579817e+00 1.510092e+00 1.284404e-01 5.688073e-02
34527: 1.723443e+00 1.580586e+00 1.510989e+00 1.282051e-01 5.677656e-02
34527: 1.725777e+00 1.577697e+00 1.511883e+00 1.279707e-01 5.667276e-02
34527: 1.724453e+00 1.580292e+00 1.510949e+00 1.277372e-01 5.656934e-02
34527: 1.724954e+00 1.579235e+00 1.511840e+00 1.275046e-01 5.646630e-02
34527: 1.723636e+00 1.580000e+00 1.512727e+00 1.272727e-01 5.636364e-02
34527: 1.724138e+00 1.578947e+00 1.513612e+00 1.270417e-01 5.626134e-02
34527: 1.722826e+00 1.579710e+00 1.514493e+00 1.268116e-01 5.615942e-02
34527: 1.723327e+00 1.578662e+00 1.513562e+00 1.265823e-01 5.786618e-02
34527: 1.723827e+00 1.579422e+00 1.512635e+00 1.263538e-01 5.776173e-02
34527: 1.722523e+00 1.578378e+00 1.515315e+00 1.261261e-01 5.765766e-02
34527: 1.723022e+00 1.577338e+00 1.516187e+00 1.258993e-01 5.755396e-02
34527: 1.721724e+00 1.578097e+00 1.517056e+00 1.256732e-01 5.745063e-02
34527: 1.722222e+00 1.578853e+00 1.516129e+00 1.254480e-01 5.734767e-02
34527: 1.720930e+00 1.577818e+00 1.516995e+00 1.270125e-01 5.724508e-02
34527: 1.723214e+00 1.575000e+00 1.517857e+00 1.267857e-01 5.714286e-02
34527: 1.721925e+00 1.577540e+00 1.516934e+00 1.265597e-01 5.704100e-02
34527: 1.722420e+00 1.578292e+00 1.516014e+00 1.263345e-01 5.693950e-02
34527: 1.721137e+00 1.575488e+00 1.518650e+00 1.261101e-01 5.861456e-02
34527: 1.721631e+00 1.574468e+00 1.519504e+00 1.258865e-01 5.851064e-02
34527: 1.720354e+00 1.575221e+00 1.518584e+00 1.274336e-01 5.840708e-02
34527: 1.720848e+00 1.574205e+00 1.519435e+00 1.272085e-01 5.830389e-02
34527: 1.721340e+00 1.574956e+00 1.518519e+00 1.269841e-01 5.820106e-02
34527: 1.721831e+00 1.573944e+00 1.519366e+00 1.267606e-01 5.809859e-02
34527: 1.720562e+00 1.576450e+00 1.518453e+00 1.265378e-01 5.799649e-02
34527: 1.722807e+00 1.575439e+00 1.517544e+00 1.263158e-01 5.789474e-02
34527: 1.721541e+00 1.577933e+00 1.516637e+00 1.260946e-01 5.779335e-02
34527: 1.722028e+00 1.576923e+00 1.515734e+00 1.276224e-01 5.769231e-02
34527: 1.720768e+00 1.577661e+00 1.514834e+00 1.273997e-01 5.933682e-02
34527: 1.722997e+00 1.576655e+00 1.513937e+00 1.271777e-01 5.923345e-02
34527: 1.721739e+00 1.579130e+00 1.513043e+00 1.269565e-01 5.913043e-02
34527: 1.722222e+00 1.578125e+00 1.513889e+00 1.267361e-01 5.902778e-02
34527: 1.722704e+00 1.578856e+00 1.512998e+00 1.265165e-01 5.892548e-02
34527: 1.721453e+00 1.579585e+00 1.513841e+00 1.262976e-01 5.882353e-02
34527: 1.721934e+00 1.578584e+00 1.514680e+00 1.260794e-01 5.872193e-02
34527: 1.720690e+00 1.579310e+00 1.513793e+00 1.258621e-01 6.034483e-02
34527: 1.722892e+00 1.578313e+00 1.512909e+00 1.256454e-01 6.024096e-02
34527: 1.721649e+00 1.580756e+00 1.512027e+00 1.254296e-01 6.013746e-02
34527: 1.722127e+00 1.579760e+00 1.511149e+00 1.252144e-01 6.174957e-02
34527: 1.720890e+00 1.578767e+00 1.513699e+00 1.250000e-01 6.164384e-02
34527: 1.721368e+00 1.577778e+00 1.514530e+00 1.247863e-01 6.153846e-02
34527: 1.720137e+00 1.578498e+00 1.515358e+00 1.245734e-01 6.143345e-02
34527: 1.720613e+00 1.577513e+00 1.514480e+00 1.260647e-01 6.132879e-02
34527: 1.719388e+00 1.578231e+00 1.513605e+00 1.275510e-01 6.122449e-02
34527: 1.719864e+00 1.575552e+00 1.516129e+00 1.273345e-01 6.112054e-02
34527: 1.718644e+00 1.576271e+00 1.516949e+00 1.271186e-01 6.101695e-02
34527: 1.719120e+00 1.576988e+00 1.516074e+00 1.269036e-01 6.091371e-02
34527: 1.719595e+00 1.576014e+00 1.516892e+00 1.266892e-01 6.081081e-02
34527: 1.720067e+00 1.576728e+00 1.516020e+00 1.264755e-01 6.070826e-02
34527: 1.720539e+00 1.575758e+00 1.516835e+00 1.262626e-01 6.060606e-02
34527: 1.719328e+00 1.574790e+00 1.519328e+00 1.260504e-01 6.050420e-02
34527: 1.721477e+00 1.573826e+00 1.518456e+00 1.258389e-01 6.040268e-02
34527: 1.720268e+00 1.574539e+00 1.519263e+00 1.256281e-01 6.030151e-02
34527: 1.720736e+00 1.575251e+00 1.518395e+00 1.254181e-01 6.020067e-02
34527: 1.719533e+00 1.575960e+00 1.519199e+00 1.252087e-01 6.010017e-02
34527: 1.721667e+00 1.575000e+00 1.518333e+00 1.250000e-01 6.000000e-02
34527: 1.720466e+00 1.575707e+00 1.517471e+00 1.264559e-01 5.990017e-02
34527: 1.722591e+00 1.574751e+00 1.516611e+00 1.262458e-01 5.980066e-02
34527: 1.721393e+00 1.577114e+00 1.515755e+00 1.260365e-01 5.970149e-02
34527: 1.721854e+00 1.577815e+00 1.514901e+00 1.258278e-01 5.960265e-02
34527: 1.720661e+00 1.578512e+00 1.515702e+00 1.256198e-01 5.950413e-02
34527: 1.721122e+00 1.577558e+00 1.514851e+00 1.254125e-01 6.105611e-02
34527: 1.721582e+00 1.578254e+00 1.514003e+00 1.252059e-01 6.095552e-02
34527: 1.720395e+00 1.577303e+00 1.516447e+00 1.250000e-01 6.085526e-02
34527: 1.720854e+00 1.576355e+00 1.515599e+00 1.264368e-01 6.075534e-02
34527: 1.719672e+00 1.578689e+00 1.514754e+00 1.262295e-01 6.065574e-02
34527: 1.720131e+00 1.579378e+00 1.513912e+00 1.260229e-01 6.055646e-02
34527: 1.718954e+00 1.580065e+00 1.514706e+00 1.258170e-01 6.045752e-02
34527: 1.721044e+00 1.579119e+00 1.513866e+00 1.256117e-01 6.035889e-02
34527: 1.719870e+00 1.579805e+00 1.513029e+00 1.270358e-01 6.026059e-02
34527: 1.720325e+00 1.577236e+00 1.513821e+00 1.268293e-01 6.178862e-02
34527: 1.720779e+00 1.577922e+00 1.512987e+00 1.266234e-01 6.168831e-02
34527: 1.719611e+00 1.576985e+00 1.513776e+00 1.280389e-01 6.158833e-02
34527: 1.720065e+00 1.577670e+00 1.512945e+00 1.278317e-01 6.148867e-02
34527: 1.718901e+00 1.575121e+00 1.516963e+00 1.276252e-01 6.138934e-02
34527: 1.720968e+00 1.574194e+00 1.516129e+00 1.274194e-01 6.129032e-02
34527: 1.719807e+00 1.574879e+00 1.516908e+00 1.272142e-01 6.119163e-02
34527: 1.720257e+00 1.573955e+00 1.516077e+00 1.270096e-01 6.270096e-02
34527: 1.720706e+00 1.573034e+00 1.516854e+00 1.268058e-01 6.260032e-02
34527: 1.719551e+00 1.573718e+00 1.516026e+00 1.266026e-01 6.410256e-02
34527: 1.720000e+00 1.572800e+00 1.515200e+00 1.280000e-01 6.400000e-02
34527: 1.720447e+00 1.573482e+00 1.514377e+00 1.277955e-01 6.389776e-02
34527: 1.719298e+00 1.572568e+00 1.515152e+00 1.291866e-01 6.379585e-02
34527: 1.718153e+00 1.573248e+00 1.515924e+00 1.289809e-01 6.369427e-02
34527: 1.718601e+00 1.572337e+00 1.515103e+00 1.287758e-01 6.518283e-02
34527: 1.717460e+00 1.573016e+00 1.514286e+00 1.285714e-01 6.666667e-02
34527: 1.716323e+00 1.573693e+00 1.515055e+00 1.283677e-01 6.656101e-02
34527: 1.718354e+00 1.572785e+00 1.514241e+00 1.281646e-01 6.645570e-02
34527: 1.717220e+00 1.573460e+00 1.515008e+00 1.279621e-01 6.635071e-02
34527: 1.717666e+00 1.574132e+00 1.514196e+00 1.277603e-01 6.624606e-02
34527: 1.716535e+00 1.573228e+00 1.514961e+00 1.291339e-01 6.614173e-02
34527: 1.716981e+00 1.572327e+00 1.515723e+00 1.289308e-01 6.603774e-02
34527: 1.715856e+00 1.572998e+00 1.516484e+00 1.287284e-01 6.593407e-02
34527: 1.716301e+00 1.573668e+00 1.515674e+00 1.285266e-01 6.583072e-02
34527: 1.716745e+00 1.572770e+00 1.516432e+00 1.283255e-01 6.572770e-02
34527: 1.717188e+00 1.573438e+00 1.515625e+00 1.281250e-01 6.562500e-02
34527: 1.716069e+00 1.572543e+00 1.517941e+00 1.279251e-01 6.552262e-02
34527: 1.714953e+00 1.573209e+00 1.518692e+00 1.277259e-01 6.542056e-02
34527: 1.716952e+00 1.570762e+00 1.519440e+00 1.275272e-01 6.531882e-02
34527: 1.715839e+00 1.569876e+00 1.521739e+00 1.273292e-01 6.521739e-02
34527: 1.714729e+00 1.573643e+00 1.519380e+00 1.271318e-01 6.511628e-02
34527: 1.715170e+00 1.571207e+00 1.520124e+00 1.284830e-01 6.501548e-02
34527: 1.714065e+00 1.571870e+00 1.519320e+00 1.298300e-01 6.491499e-02
34527: 1.714506e+00 1.572531e+00 1.518519e+00 1.296296e-01 6.481481e-02
34527: 1.713405e+00 1.571649e+00 1.519260e+00 1.294299e-01 6.625578e-02
34527: 1.713846e+00 1.570769e+00 1.520000e+00 1.292308e-01 6.615385e-02
34527: 1.712750e+00 1.571429e+00 1.520737e+00 1.290323e-01 6.605223e-02
34527: 1.713190e+00 1.572086e+00 1.519939e+00 1.288344e-01 6.595092e-02
34527: 1.712098e+00 1.571210e+00 1.522205e+00 1.286371e-01 6.584992e-02
34527: 1.711009e+00 1.573394e+00 1.521407e+00 1.284404e-01 6.574924e-02
34527: 1.711450e+00 1.572519e+00 1.522137e+00 1.282443e-01 6.564885e-02
34527: 1.710366e+00 1.573171e+00 1.522866e+00 1.280488e-01 6.554878e-02
34527: 1.710807e+00 1.573820e+00 1.522070e+00 1.278539e-01 6.544901e-02
34527: 1.711246e+00 1.572948e+00 1.522796e+00 1.276596e-01 6.534954e-02
34527: 1.710167e+00 1.575114e+00 1.522003e+00 1.274659e-01 6.525038e-02
34527: 1.712121e+00 1.574242e+00 1.521212e+00 1.272727e-01 6.515152e-02
34527: 1.711044e+00 1.573374e+00 1.523449e+00 1.270802e-01 6.505295e-02
34527: 1.709970e+00 1.574018e+00 1.524169e+00 1.268882e-01 6.495468e-02
34527: 1.710407e+00 1.573152e+00 1.524887e+00 1.266968e-01 6.485671e-02
34527: 1.709337e+00 1.573795e+00 1.525602e+00 1.265060e-01 6.475904e-02
34527: 1.708271e+00 1.574436e+00 1.524812e+00 1.278195e-01 6.466165e-02
34527: 1.708709e+00 1.573574e+00 1.525526e+00 1.276276e-01 6.456456e-02
34527: 1.709145e+00 1.574213e+00 1.524738e+00 1.274363e-01 6.446777e-02
34527: 1.708084e+00 1.574850e+00 1.525449e+00 1.272455e-01 6.437126e-02
34527: 1.708520e+00 1.573991e+00 1.526158e+00 1.270553e-01 6.427504e-02
34527: 1.707463e+00 1.576119e+00 1.525373e+00 1.268657e-01 6.417910e-02
34527: 1.707899e+00 1.576751e+00 1.524590e+00 1.266766e-01 6.408346e-02
34527: 1.706845e+00 1.575893e+00 1.526786e+00 1.264881e-01 6.398810e-02
34527: 1.707281e+00 1.575037e+00 1.527489e+00 1.263001e-01 6.389302e-02
34527: 1.706231e+00 1.575668e+00 1.528190e+00 1.261128e-01 6.379822e-02
34527: 1.706667e+00 1.576296e+00 1.527407e+00 1.259259e-01 6.370370e-02
34527: 1.705621e+00 1.573964e+00 1.531065e+00 1.257396e-01 6.360947e-02
34527: 1.706056e+00 1.574594e+00 1.530281e+00 1.255539e-01 6.351551e-02
34527: 1.706490e+00 1.572271e+00 1.532448e+00 1.253687e-01 6.342183e-02
34527: 1.705449e+00 1.572901e+00 1.531664e+00 1.251841e-01 6.480118e-02
34527: 1.705882e+00 1.573529e+00 1.530882e+00 1.250000e-01 6.470588e-02
34527: 1.706314e+00 1.572687e+00 1.531571e+00 1.248164e-01 6.461087e-02
34527: 1.705279e+00 1.573314e+00 1.532258e+00 1.246334e-01 6.451613e-02
34527: 1.707174e+00 1.572474e+00 1.531479e+00 1.244510e-01 6.442167e-02
34527: 1.706140e+00 1.571637e+00 1.532164e+00 1.242690e-01 6.578947e-02
34527: 1.706569e+00 1.570803e+00 1.532847e+00 1.240876e-01 6.569343e-02
34527: 1.705539e+00 1.571429e+00 1.533528e+00 1.239067e-01 6.559767e-02
34527: 1.705968e+00 1.570597e+00 1.534207e+00 1.237263e-01 6.550218e-02
34527: 1.704942e+00 1.571221e+00 1.533430e+00 1.250000e-01 6.540698e-02
34527: 1.703919e+00 1.573295e+00 1.532656e+00 1.248186e-01 6.531205e-02
34527: 1.704348e+00 1.572464e+00 1.531884e+00 1.260870e-01 6.521739e-02
34527: 1.704776e+00 1.573082e+00 1.531114e+00 1.259045e-01 6.512301e-02
34527: 1.705202e+00 1.572254e+00 1.531792e+00 1.257225e-01 6.502890e-02
34527: 1.704185e+00 1.572872e+00 1.532468e+00 1.255411e-01 6.493506e-02
34527: 1.703170e+00 1.574928e+00 1.531700e+00 1.253602e-01 6.484150e-02
34527: 1.703597e+00 1.574101e+00 1.532374e+00 1.251799e-01 6.474820e-02
34527: 1.704023e+00 1.573276e+00 1.533046e+00 1.250000e-01 6.465517e-02
34527: 1.704448e+00 1.573888e+00 1.532281e+00 1.248207e-01 6.456241e-02
34527: 1.703438e+00 1.573066e+00 1.532951e+00 1.260745e-01 6.446991e-02
34527: 1.702432e+00 1.573677e+00 1.533619e+00 1.258941e-01 6.437768e-02
34527: 1.702857e+00 1.572857e+00 1.534286e+00 1.257143e-01 6.428571e-02
34527: 1.701854e+00 1.573466e+00 1.534950e+00 1.255350e-01 6.419401e-02
34527: 1.702279e+00 1.574074e+00 1.534188e+00 1.253561e-01 6.410256e-02
34527: 1.701280e+00 1.574680e+00 1.534851e+00 1.251778e-01 6.401138e-02
34527: 1.700284e+00 1.575284e+00 1.534091e+00 1.264205e-01 6.392045e-02
34527: 1.700709e+00 1.574468e+00 1.534752e+00 1.262411e-01 6.382979e-02
34527: 1.699717e+00 1.575071e+00 1.535411e+00 1.260623e-01 6.373938e-02
34527: 1.701556e+00 1.574257e+00 1.534653e+00 1.258840e-01 6.364922e-02
34527: 1.700565e+00 1.574859e+00 1.533898e+00 1.271186e-01 6.355932e-02
34527: 1.700987e+00 1.575458e+00 1.533145e+00 1.269394e-01 6.346968e-02
34527: 1.701408e+00 1.574648e+00 1.533803e+00 1.267606e-01 6.338028e-02
34527: 1.700422e+00 1.575246e+00 1.533052e+00 1.265823e-01 6.469761e-02
34527: 1.699438e+00 1.575843e+00 1.533708e+00 1.264045e-01 6.460674e-02
34527: 1.701262e+00 1.573633e+00 1.534362e+00 1.262272e-01 6.451613e-02
34527: 1.700280e+00 1.575630e+00 1.533613e+00 1.260504e-01 6.442577e-02
34527: 1.700699e+00 1.574825e+00 1.534266e+00 1.258741e-01 6.433566e-02
34527: 1.699721e+00 1.575419e+00 1.533520e+00 1.256983e-01 6.564246e-02
34527: 1.698745e+00 1.576011e+00 1.532775e+00 1.255230e-01 6.694561e-02
34527: 1.697772e+00 1.576602e+00 1.533426e+00 1.253482e-01 6.685237e-02
34527: 1.698192e+00 1.575800e+00 1.534075e+00 1.251739e-01 6.675939e-02
34527: 1.697222e+00 1.576389e+00 1.533333e+00 1.250000e-01 6.805556e-02
34527: 1.697642e+00 1.576976e+00 1.532594e+00 1.248266e-01 6.796117e-02
34527: 1.696676e+00 1.576177e+00 1.534626e+00 1.246537e-01 6.786704e-02
34527: 1.698479e+00 1.573997e+00 1.535270e+00 1.244813e-01 6.777317e-02
34527: 1.697514e+00 1.575967e+00 1.534530e+00 1.243094e-01 6.767956e-02
34527: 1.697931e+00 1.573793e+00 1.536552e+00 1.241379e-01 6.758621e-02
34527: 1.696970e+00 1.575758e+00 1.535813e+00 1.239669e-01 6.749311e-02
34527: 1.697387e+00 1.574966e+00 1.535076e+00 1.251719e-01 6.740028e-02
34527: 1.696429e+00 1.575549e+00 1.534341e+00 1.263736e-01 6.730769e-02
34527: 1.695473e+00 1.576132e+00 1.534979e+00 1.262003e-01 6.721536e-02
34527: 1.695890e+00 1.575342e+00 1.535616e+00 1.260274e-01 6.712329e-02
34527: 1.696306e+00 1.575923e+00 1.534884e+00 1.258550e-01 6.703146e-02
34527: 1.695355e+00 1.575137e+00 1.535519e+00 1.256831e-01 6.830601e-02
34527: 1.695771e+00 1.574352e+00 1.536153e+00 1.255116e-01 6.821282e-02
34527: 1.694823e+00 1.574932e+00 1.535422e+00 1.267030e-01 6.811989e-02
34527: 1.696599e+00 1.574150e+00 1.534694e+00 1.265306e-01 6.802721e-02
34527: 1.697011e+00 1.574728e+00 1.533967e+00 1.263587e-01 6.793478e-02
34527: 1.696065e+00 1.573948e+00 1.535957e+00 1.261872e-01 6.784261e-02
34527: 1.695122e+00 1.574526e+00 1.536585e+00 1.260163e-01 6.775068e-02
34527: 1.694181e+00 1.575101e+00 1.535859e+00 1.271989e-01 6.765900e-02
34527: 1.694595e+00 1.574324e+00 1.536486e+00 1.270270e-01 6.756757e-02
34527: 1.693657e+00 1.574899e+00 1.535762e+00 1.282051e-01 6.747638e-02
34527: 1.694070e+00 1.574124e+00 1.535040e+00 1.280323e-01 6.873315e-02
34527: 1.693136e+00 1.574697e+00 1.534320e+00 1.278600e-01 6.998654e-02
34527: 1.692204e+00 1.576613e+00 1.533602e+00 1.276882e-01 6.989247e-02
34527: 1.692617e+00 1.575839e+00 1.532886e+00 1.288591e-01 6.979866e-02
34527: 1.691689e+00 1.576408e+00 1.533512e+00 1.286863e-01 6.970509e-02
34527: 1.692102e+00 1.575636e+00 1.532798e+00 1.285141e-01 7.095047e-02
34527: 1.691176e+00 1.576203e+00 1.533422e+00 1.283422e-01 7.085561e-02
34527: 1.692924e+00 1.575434e+00 1.532710e+00 1.281709e-01 7.076101e-02
34527: 1.693333e+00 1.576000e+00 1.532000e+00 1.280000e-01 7.066667e-02
34527: 1.692410e+00 1.576565e+00 1.532623e+00 1.278296e-01 7.057257e-02
34527: 1.694149e+00 1.575798e+00 1.531915e+00 1.276596e-01 7.047872e-02
34527: 1.693227e+00 1.576361e+00 1.532537e+00 1.274900e-01 7.038513e-02
34527: 1.692308e+00 1.578249e+00 1.531830e+00 1.273210e-01 7.029178e-02
34527: 1.694040e+00 1.577483e+00 1.531126e+00 1.271523e-01 7.019868e-02
34527: 1.693122e+00 1.578042e+00 1.530423e+00 1.283069e-01 7.010582e-02
34527: 1.694848e+00 1.577279e+00 1.529723e+00 1.281374e-01 7.001321e-02
34527: 1.693931e+00 1.577836e+00 1.529024e+00 1.292876e-01 6.992084e-02
34527: 1.693017e+00 1.577075e+00 1.530962e+00 1.291173e-01 6.982872e-02
34527: 1.693421e+00 1.575000e+00 1.532895e+00 1.289474e-01 6.973684e-02
34527: 1.692510e+00 1.575558e+00 1.532194e+00 1.300920e-01 6.964520e-02
34527: 1.692913e+00 1.574803e+00 1.532808e+00 1.299213e-01 6.955381e-02
34527: 1.692005e+00 1.575360e+00 1.533421e+00 1.297510e-01 6.946265e-02
34527: 1.693717e+00 1.574607e+00 1.532723e+00 1.295812e-01 6.937173e-02
34527: 1.692810e+00 1.576471e+00 1.532026e+00 1.294118e-01 6.928105e-02
34527: 1.693211e+00 1.575718e+00 1.531332e+00 1.305483e-01 6.919060e-02
34527: 1.693611e+00 1.576271e+00 1.530639e+00 1.303781e-01 6.910039e-02
34527: 1.692708e+00 1.575521e+00 1.531250e+00 1.315104e-01 6.901042e-02
34527: 1.693108e+00 1.576073e+00 1.530559e+00 1.313394e-01 6.892068e-02
34527: 1.692208e+00 1.575325e+00 1.532468e+00 1.311688e-01 6.883117e-02
34527: 1.692607e+00 1.574578e+00 1.533074e+00 1.309987e-01 6.874189e-02
34527: 1.691710e+00 1.575130e+00 1.533679e+00 1.308290e-01 6.865285e-02
34527: 1.692109e+00 1.574386e+00 1.532988e+00 1.319534e-01 6.856404e-02
34527: 1.692506e+00 1.574935e+00 1.532300e+00 1.317829e-01 6.847545e-02
34527: 1.691613e+00 1.574194e+00 1.534194e+00 1.316129e-01 6.838710e-02
34527: 1.693299e+00 1.572165e+00 1.534794e+00 1.314433e-01 6.829897e-02
34527: 1.693694e+00 1.572716e+00 1.534106e+00 1.312741e-01 6.821107e-02
34527: 1.692802e+00 1.571979e+00 1.535990e+00 1.311054e-01 6.812339e-02
34527: 1.693196e+00 1.572529e+00 1.535302e+00 1.309371e-01 6.803594e-02
34527: 1.692308e+00 1.571795e+00 1.537179e+00 1.307692e-01 6.794872e-02
34527: 1.693982e+00 1.571063e+00 1.536492e+00 1.306018e-01 6.786172e-02
34527: 1.693095e+00 1.571611e+00 1.537084e+00 1.304348e-01 6.777494e-02
34527: 1.692209e+00 1.572158e+00 1.536398e+00 1.315453e-01 6.768838e-02
34527: 1.693878e+00 1.571429e+00 1.535714e+00 1.313776e-01 6.760204e-02
34527: 1.692994e+00 1.571975e+00 1.536306e+00 1.312102e-01 6.751592e-02
34527: 1.694656e+00 1.571247e+00 1.535623e+00 1.310433e-01 6.743003e-02
34527: 1.695044e+00 1.570521e+00 1.536213e+00 1.308767e-01 6.734435e-02
34527: 1.694162e+00 1.572335e+00 1.535533e+00 1.307107e-01 6.725888e-02
34527: 1.694550e+00 1.571610e+00 1.534854e+00 1.305450e-01 6.844106e-02
34527: 1.694937e+00 1.572152e+00 1.534177e+00 1.303797e-01 6.835443e-02
34527: 1.694058e+00 1.571429e+00 1.536030e+00 1.302149e-01 6.826802e-02
34527: 1.694444e+00 1.571970e+00 1.535354e+00 1.300505e-01 6.818182e-02
34527: 1.693569e+00 1.572509e+00 1.535939e+00 1.298865e-01 6.809584e-02
34527: 1.695214e+00 1.571788e+00 1.535264e+00 1.297229e-01 6.801008e-02
34527: 1.695597e+00 1.572327e+00 1.534591e+00 1.295597e-01 6.792453e-02
34527: 1.694724e+00 1.572864e+00 1.535176e+00 1.293970e-01 6.783920e-02
34527: 1.693852e+00 1.573400e+00 1.535759e+00 1.292346e-01 6.775408e-02
34527: 1.694236e+00 1.572682e+00 1.536341e+00 1.290727e-01 6.766917e-02
34527: 1.694618e+00 1.573217e+00 1.535670e+00 1.289111e-01 6.758448e-02
34527: 1.693750e+00 1.572500e+00 1.536250e+00 1.287500e-01 6.875000e-02
34527: 1.694132e+00 1.571785e+00 1.536829e+00 1.285893e-01 6.866417e-02
34527: 1.694514e+00 1.572319e+00 1.536160e+00 1.284289e-01 6.857855e-02
34527: 1.694894e+00 1.571606e+00 1.536737e+00 1.282690e-01 6.849315e-02
34527: 1.694030e+00 1.573383e+00 1.536070e+00 1.281095e-01 6.840796e-02
34527: 1.695652e+00 1.572671e+00 1.535404e+00 1.279503e-01 6.832298e-02
34527: 1.696030e+00 1.573201e+00 1.534739e+00 1.277916e-01 6.823821e-02
34527: 1.695167e+00 1.572491e+00 1.536555e+00 1.276332e-01 6.815366e-02
34527: 1.695545e+00 1.573020e+00 1.535891e+00 1.274752e-01 6.806931e-02
34527: 1.694685e+00 1.573548e+00 1.536465e+00 1.273177e-01 6.798517e-02
34527: 1.695062e+00 1.572840e+00 1.537037e+00 1.271605e-01 6.790123e-02
34527: 1.695438e+00 1.573366e+00 1.536375e+00 1.270037e-01 6.781751e-02
34527: 1.694581e+00 1.572660e+00 1.538177e+00 1.268473e-01 6.773399e-02
34527: 1.694957e+00 1.571956e+00 1.538745e+00 1.266913e-01 6.765068e-02
34527: 1.695332e+00 1.572482e+00 1.538084e+00 1.265356e-01 6.756757e-02
34527: 1.695706e+00 1.571779e+00 1.538650e+00 1.263804e-01 6.748466e-02
34527: 1.694853e+00 1.572304e+00 1.539216e+00 1.262255e-01 6.740196e-02
34527: 1.694002e+00 1.572827e+00 1.539780e+00 1.260710e-01 6.731946e-02
34527: 1.693154e+00 1.573350e+00 1.540342e+00 1.259169e-01 6.723716e-02
34527: 1.694750e+00 1.572650e+00 1.539683e+00 1.257631e-01 6.715507e-02
34527: 1.693902e+00 1.573171e+00 1.540244e+00 1.256098e-01 6.707317e-02
34527: 1.694275e+00 1.571255e+00 1.542022e+00 1.254568e-01 6.699147e-02
34527: 1.693431e+00 1.572993e+00 1.541363e+00 1.253041e-01 6.690998e-02
34527: 1.693803e+00 1.573512e+00 1.540705e+00 1.251519e-01 6.682868e-02
34527: 1.692961e+00 1.572816e+00 1.541262e+00 1.262136e-01 6.674757e-02
34527: 1.693333e+00 1.570909e+00 1.541818e+00 1.272727e-01 6.666667e-02
34527: 1.692494e+00 1.571429e+00 1.541162e+00 1.283293e-01 6.658596e-02
34527: 1.694075e+00 1.570738e+00 1.540508e+00 1.281741e-01 6.650544e-02
34527: 1.693237e+00 1.571256e+00 1.541063e+00 1.280193e-01 6.642512e-02
34527: 1.693607e+00 1.571773e+00 1.540410e+00 1.278649e-01 6.634499e-02
34527: 1.692771e+00 1.572289e+00 1.540964e+00 1.277108e-01 6.626506e-02
34527: 1.691937e+00 1.572804e+00 1.541516e+00 1.275572e-01 6.618532e-02
34527: 1.692308e+00 1.572115e+00 1.542067e+00 1.274038e-01 6.610577e-02
34527: 1.692677e+00 1.572629e+00 1.541417e+00 1.272509e-01 6.602641e-02
34527: 1.693046e+00 1.571942e+00 1.541966e+00 1.270983e-01 6.594724e-02
34527: 1.692216e+00 1.572455e+00 1.542515e+00 1.269461e-01 6.586826e-02
34527: 1.692584e+00 1.572967e+00 1.541866e+00 1.267943e-01 6.578947e-02
34527: 1.691756e+00 1.573477e+00 1.542413e+00 1.266428e-01 6.571087e-02
34527: 1.692124e+00 1.573986e+00 1.541766e+00 1.264916e-01 6.563246e-02
34527: 1.692491e+00 1.573302e+00 1.542312e+00 1.263409e-01 6.555423e-02
34527: 1.691667e+00 1.573810e+00 1.542857e+00 1.261905e-01 6.547619e-02
34527: 1.692033e+00 1.574316e+00 1.542212e+00 1.260404e-01 6.539834e-02
34527: 1.691211e+00 1.573634e+00 1.543943e+00 1.258907e-01 6.532067e-02
34527: 1.691578e+00 1.572954e+00 1.544484e+00 1.257414e-01 6.524318e-02
34527: 1.691943e+00 1.573460e+00 1.543839e+00 1.255924e-01 6.516588e-02
34527: 1.691124e+00 1.572781e+00 1.544379e+00 1.254438e-01 6.627219e-02
34527: 1.690307e+00 1.574468e+00 1.543735e+00 1.252955e-01 6.619385e-02
34527: 1.690673e+00 1.573790e+00 1.544274e+00 1.251476e-01 6.611570e-02
34527: 1.691038e+00 1.574292e+00 1.543632e+00 1.250000e-01 6.603774e-02
34527: 1.690224e+00 1.574794e+00 1.544170e+00 1.248528e-01 6.595995e-02
34527: 1.689412e+00 1.575294e+00 1.544706e+00 1.247059e-01 6.588235e-02
34527: 1.689777e+00 1.574618e+00 1.544066e+00 1.245593e-01 6.698002e-02
34527: 1.688967e+00 1.575117e+00 1.543427e+00 1.255869e-01 6.690141e-02
34527: 1.690504e+00 1.574443e+00 1.542790e+00 1.254396e-01 6.682298e-02
34527: 1.689696e+00 1.574941e+00 1.542155e+00 1.264637e-01 6.674473e-02
34527: 1.690058e+00 1.575439e+00 1.541520e+00 1.263158e-01 6.666667e-02
34527: 1.689252e+00 1.575935e+00 1.542056e+00 1.261682e-01 6.658879e-02
34527: 1.690782e+00 1.575263e+00 1.541424e+00 1.260210e-01 6.651109e-02
34527: 1.689977e+00 1.576923e+00 1.540793e+00 1.258741e-01 6.643357e-02
34527: 1.690338e+00 1.577416e+00 1.540163e+00 1.257276e-01 6.635623e-02
34527: 1.689535e+00 1.576744e+00 1.540698e+00 1.267442e-01 6.627907e-02
34527: 1.689895e+00 1.577236e+00 1.540070e+00 1.265970e-01 6.620209e-02
34527: 1.689095e+00 1.577726e+00 1.540603e+00 1.264501e-01 6.612529e-02
34527: 1.688297e+00 1.578216e+00 1.539977e+00 1.274623e-01 6.604867e-02
34527: 1.688657e+00 1.577546e+00 1.540509e+00 1.273148e-01 6.597222e-02
34527: 1.687861e+00 1.578035e+00 1.539884e+00 1.271676e-01 6.705202e-02
34527: 1.688222e+00 1.577367e+00 1.540416e+00 1.270208e-01 6.697460e-02
34527: 1.687428e+00 1.577855e+00 1.539792e+00 1.268743e-01 6.805075e-02
34527: 1.688940e+00 1.576037e+00 1.540323e+00 1.267281e-01 6.797235e-02
34527: 1.688147e+00 1.575374e+00 1.540852e+00 1.277330e-01 6.789413e-02
34527: 1.687356e+00 1.575862e+00 1.540230e+00 1.275862e-01 6.896552e-02
34527: 1.687715e+00 1.575201e+00 1.540758e+00 1.274397e-01 6.888634e-02
34527: 1.686927e+00 1.575688e+00 1.541284e+00 1.272936e-01 6.880734e-02
34527: 1.687285e+00 1.575029e+00 1.540664e+00 1.282932e-01 6.872852e-02
34527: 1.686499e+00 1.575515e+00 1.540046e+00 1.292906e-01 6.864989e-02
34527: 1.686857e+00 1.574857e+00 1.540571e+00 1.291429e-01 6.857143e-02
34527: 1.686073e+00 1.575342e+00 1.541096e+00 1.289954e-01 6.849315e-02
34527: 1.686431e+00 1.574686e+00 1.541619e+00 1.288483e-01 6.841505e-02
34527: 1.686788e+00 1.575171e+00 1.541002e+00 1.287016e-01 6.833713e-02
34527: 1.686007e+00 1.574516e+00 1.542662e+00 1.285552e-01 6.825939e-02
34527: 1.686364e+00 1.575000e+00 1.542045e+00 1.284091e-01 6.818182e-02
34527: 1.685585e+00 1.574347e+00 1.543700e+00 1.282633e-01 6.810443e-02
34527: 1.685941e+00 1.573696e+00 1.544218e+00 1.281179e-01 6.802721e-02
34527: 1.686297e+00 1.574179e+00 1.543601e+00 1.279728e-01 6.795017e-02
34527: 1.685520e+00 1.573529e+00 1.545249e+00 1.278281e-01 6.787330e-02
34527: 1.685876e+00 1.572881e+00 1.544633e+00 1.288136e-01 6.779661e-02
34527: 1.685102e+00 1.573363e+00 1.545147e+00 1.286682e-01 6.772009e-02
34527: 1.685457e+00 1.572717e+00 1.545660e+00 1.285231e-01 6.764374e-02
34527: 1.684685e+00 1.574324e+00 1.545045e+00 1.283784e-01 6.756757e-02
34527: 1.685039e+00 1.574803e+00 1.544432e+00 1.282340e-01 6.749156e-02
34527: 1.684270e+00 1.575281e+00 1.544944e+00 1.280899e-01 6.741573e-02
34527: 1.684624e+00 1.574635e+00 1.545455e+00 1.279461e-01 6.734007e-02
34527: 1.683857e+00 1.575112e+00 1.544843e+00 1.278027e-01 6.838565e-02
34527: 1.684211e+00 1.574468e+00 1.544233e+00 1.287794e-01 6.830907e-02
34527: 1.683445e+00 1.574944e+00 1.544743e+00 1.286353e-01 6.823266e-02
34527: 1.683799e+00 1.574302e+00 1.545251e+00 1.284916e-01 6.815642e-02
34527: 1.683036e+00 1.574777e+00 1.545759e+00 1.283482e-01 6.808036e-02
34527: 1.683389e+00 1.575251e+00 1.545151e+00 1.282051e-01 6.800446e-02
34527: 1.682628e+00 1.574610e+00 1.545657e+00 1.291759e-01 6.792873e-02
34527: 1.684093e+00 1.573971e+00 1.545050e+00 1.290323e-01 6.785317e-02
34527: 1.683333e+00 1.574444e+00 1.544444e+00 1.300000e-01 6.777778e-02
34527: 1.683685e+00 1.573807e+00 1.544950e+00 1.298557e-01 6.770255e-02
34527: 1.682927e+00 1.574279e+00 1.544346e+00 1.308204e-01 6.762749e-02
34527: 1.683278e+00 1.573643e+00 1.543743e+00 1.306755e-01 6.866002e-02
34527: 1.682522e+00 1.575221e+00 1.543142e+00 1.305310e-01 6.858407e-02
34527: 1.682873e+00 1.574586e+00 1.543646e+00 1.303867e-01 6.850829e-02
34527: 1.682119e+00 1.573951e+00 1.544150e+00 1.302428e-01 6.953642e-02
34527: 1.683572e+00 1.573319e+00 1.543550e+00 1.300992e-01 6.945976e-02
34527: 1.682819e+00 1.573789e+00 1.542952e+00 1.310573e-01 6.938326e-02
34527: 1.683168e+00 1.573157e+00 1.542354e+00 1.320132e-01 6.930693e-02
34527: 1.682418e+00 1.574725e+00 1.541758e+00 1.318681e-01 6.923077e-02
34527: 1.683864e+00 1.574094e+00 1.541164e+00 1.317234e-01 6.915477e-02
34527: 1.683114e+00 1.574561e+00 1.540570e+00 1.326754e-01 6.907895e-02
34527: 1.683461e+00 1.573932e+00 1.539978e+00 1.325301e-01 7.009858e-02
34527: 1.682713e+00 1.574398e+00 1.540481e+00 1.323851e-01 7.002188e-02
34527: 1.683060e+00 1.573770e+00 1.539891e+00 1.322404e-01 7.103825e-02
34527: 1.682314e+00 1.575328e+00 1.539301e+00 1.320961e-01 7.096070e-02
34527: 1.683751e+00 1.573610e+00 1.539804e+00 1.319520e-01 7.088332e-02
34527: 1.684096e+00 1.572985e+00 1.540305e+00 1.318083e-01 7.080610e-02
34527: 1.683351e+00 1.573449e+00 1.539717e+00 1.316649e-01 7.181719e-02
34527: 1.683696e+00 1.572826e+00 1.539130e+00 1.326087e-01 7.173913e-02
34527: 1.682953e+00 1.573290e+00 1.538545e+00 1.324647e-01 7.274701e-02
34527: 1.683297e+00 1.573753e+00 1.537961e+00 1.323210e-01 7.266811e-02
34527: 1.682557e+00 1.573131e+00 1.539545e+00 1.321777e-01 7.258938e-02
34527: 1.682900e+00 1.572511e+00 1.538961e+00 1.331169e-01 7.251082e-02
34527: 1.682162e+00 1.574054e+00 1.538378e+00 1.329730e-01 7.243243e-02
34527: 1.682505e+00 1.573434e+00 1.537797e+00 1.328294e-01 7.343413e-02
34527: 1.681769e+00 1.573894e+00 1.537217e+00 1.337648e-01 7.335491e-02
34527: 1.682112e+00 1.573276e+00 1.536638e+00 1.336207e-01 7.435345e-02
34527: 1.681378e+00 1.572659e+00 1.538213e+00 1.334769e-01 7.427341e-02
34527: 1.681720e+00 1.573118e+00 1.537634e+00 1.333333e-01 7.419355e-02
34527: 1.682062e+00 1.572503e+00 1.538131e+00 1.331901e-01 7.411386e-02
34527: 1.681330e+00 1.572961e+00 1.538627e+00 1.330472e-01 7.403433e-02
34527: 1.681672e+00 1.573419e+00 1.538049e+00 1.329046e-01 7.395498e-02
34527: 1.680942e+00 1.572805e+00 1.539615e+00 1.327623e-01 7.387580e-02
34527: 1.681283e+00 1.573262e+00 1.539037e+00 1.326203e-01 7.379679e-02
34527: 1.680556e+00 1.572650e+00 1.539530e+00 1.335470e-01 7.371795e-02
34527: 1.680896e+00 1.573106e+00 1.538954e+00 1.334045e-01 7.363927e-02
34527: 1.681237e+00 1.572495e+00 1.539446e+00 1.332623e-01 7.356077e-02
34527: 1.680511e+00 1.572950e+00 1.539936e+00 1.331203e-01 7.348243e-02
34527: 1.680851e+00 1.572340e+00 1.539362e+00 1.340426e-01 7.340426e-02
34527: 1.680128e+00 1.572795e+00 1.538789e+00 1.349628e-01 7.332625e-02
34527: 1.680467e+00 1.573248e+00 1.538217e+00 1.348195e-01 7.324841e-02
34527: 1.679745e+00 1.572641e+00 1.539767e+00 1.346766e-01 7.317073e-02
34527: 1.679025e+00 1.574153e+00 1.539195e+00 1.345339e-01 7.309322e-02
34527: 1.679365e+00 1.574603e+00 1.538624e+00 1.343915e-01 7.301587e-02
34527: 1.679704e+00 1.573996e+00 1.539112e+00 1.342495e-01 7.293869e-02
34527: 1.678986e+00 1.575502e+00 1.538543e+00 1.341077e-01 7.286167e-02
34527: 1.679325e+00 1.574895e+00 1.539030e+00 1.339662e-01 7.278481e-02
34527: 1.678609e+00 1.575342e+00 1.538462e+00 1.348788e-01 7.270811e-02
34527: 1.678947e+00 1.573684e+00 1.540000e+00 1.347368e-01 7.263158e-02
34527: 1.679285e+00 1.574132e+00 1.539432e+00 1.345952e-01 7.255521e-02
34527: 1.678571e+00 1.573529e+00 1.540966e+00 1.344538e-01 7.247899e-02
34527: 1.678909e+00 1.572928e+00 1.541448e+00 1.343127e-01 7.240294e-02
34527: 1.679245e+00 1.573375e+00 1.540881e+00 1.341719e-01 7.232704e-02
34527: 1.678534e+00 1.571728e+00 1.542408e+00 1.340314e-01 7.329843e-02
34527: 1.678870e+00 1.572176e+00 1.541841e+00 1.338912e-01 7.322176e-02
34527: 1.678161e+00 1.571578e+00 1.543365e+00 1.337513e-01 7.314525e-02
34527: 1.678497e+00 1.572025e+00 1.542797e+00 1.336117e-01 7.306889e-02
34527: 1.677789e+00 1.571429e+00 1.543274e+00 1.345151e-01 7.299270e-02
34527: 1.678125e+00 1.570833e+00 1.542708e+00 1.354167e-01 7.291667e-02
34527: 1.677419e+00 1.571280e+00 1.542144e+00 1.363163e-01 7.284079e-02
34527: 1.676715e+00 1.571726e+00 1.541580e+00 1.372141e-01 7.276507e-02
34527: 1.678089e+00 1.571132e+00 1.541018e+00 1.370717e-01 7.268951e-02
34527: 1.677386e+00 1.570539e+00 1.541494e+00 1.379668e-01 7.261411e-02
34527: 1.676684e+00 1.572021e+00 1.540933e+00 1.378238e-01 7.253886e-02
34527: 1.677019e+00 1.571429e+00 1.540373e+00 1.376812e-01 7.349896e-02
34527: 1.676319e+00 1.572906e+00 1.539814e+00 1.375388e-01 7.342296e-02
34527: 1.676653e+00 1.572314e+00 1.540289e+00 1.373967e-01 7.334711e-02
34527: 1.675955e+00 1.572755e+00 1.539732e+00 1.372549e-01 7.430341e-02
34527: 1.676289e+00 1.572165e+00 1.540206e+00 1.371134e-01 7.422680e-02
34527: 1.675592e+00 1.572606e+00 1.540680e+00 1.369722e-01 7.415036e-02
34527: 1.675926e+00 1.573045e+00 1.540123e+00 1.368313e-01 7.407407e-02
34527: 1.675231e+00 1.572456e+00 1.541624e+00 1.366906e-01 7.399794e-02
34527: 1.675565e+00 1.572895e+00 1.541068e+00 1.365503e-01 7.392197e-02
34527: 1.674872e+00 1.573333e+00 1.541538e+00 1.364103e-01 7.384615e-02
34527: 1.676230e+00 1.572746e+00 1.540984e+00 1.362705e-01 7.377049e-02
34527: 1.676561e+00 1.573183e+00 1.540430e+00 1.361310e-01 7.369498e-02
34527: 1.675869e+00 1.573620e+00 1.540900e+00 1.359918e-01 7.361963e-02
34527: 1.677222e+00 1.573034e+00 1.540347e+00 1.358529e-01 7.354443e-02
34527: 1.676531e+00 1.573469e+00 1.540816e+00 1.357143e-01 7.346939e-02
34527: 1.676860e+00 1.573904e+00 1.540265e+00 1.355759e-01 7.339450e-02
34527: 1.676171e+00 1.573320e+00 1.540733e+00 1.364562e-01 7.331976e-02
34527: 1.676501e+00 1.572737e+00 1.541200e+00 1.363174e-01 7.324517e-02
34527: 1.675813e+00 1.574187e+00 1.540650e+00 1.361789e-01 7.317073e-02
34527: 1.676142e+00 1.574619e+00 1.540102e+00 1.360406e-01 7.309645e-02
34527: 1.675456e+00 1.574037e+00 1.541582e+00 1.359026e-01 7.302231e-02
34527: 1.675785e+00 1.573455e+00 1.541033e+00 1.357649e-01 7.396150e-02
34527: 1.675101e+00 1.574899e+00 1.540486e+00 1.356275e-01 7.388664e-02
34527: 1.675430e+00 1.574317e+00 1.540950e+00 1.354904e-01 7.381193e-02
34527: 1.674747e+00 1.574747e+00 1.541414e+00 1.353535e-01 7.373737e-02
34527: 1.675076e+00 1.575177e+00 1.540868e+00 1.352170e-01 7.366297e-02
34527: 1.675403e+00 1.574597e+00 1.541331e+00 1.350806e-01 7.358871e-02
34527: 1.674723e+00 1.575025e+00 1.540785e+00 1.349446e-01 7.452165e-02
34527: 1.675050e+00 1.574447e+00 1.541247e+00 1.348089e-01 7.444668e-02
34527: 1.674372e+00 1.574874e+00 1.541709e+00 1.346734e-01 7.437186e-02
34527: 1.675703e+00 1.573293e+00 1.542169e+00 1.345382e-01 7.429719e-02
34527: 1.675025e+00 1.573721e+00 1.542628e+00 1.344032e-01 7.422267e-02
34527: 1.674349e+00 1.574148e+00 1.542084e+00 1.342685e-01 7.515030e-02
34527: 1.675676e+00 1.573574e+00 1.541542e+00 1.341341e-01 7.507508e-02
34527: Done!
