Forked 33393
Starting to reopen 0 and 1
Calling execv `tournament0/fedro.py` (pid 33393)
Strategy 0: first ans is 0
Forked 33417
Starting to reopen 0 and 1
Calling execv `tournament0/alex_dany` (pid 33417)
33417: Started!
33417: Number of players: 6, position: 1, number of turns: 1000
33417: Random seed: 3767963961
Strategy 1: first ans is 0
Forked 33418
Starting to reopen 0 and 1
Calling execv `tournament0/the_best_strategy.py` (pid 33418)
Strategy 2: first ans is 0
Forked 33419
Starting to reopen 0 and 1
Calling execv `tournament0/elexunix.py` (pid 33419)
Strategy 3: first ans is 0
Forked 33443
Starting to reopen 0 and 1
Calling execv `tournament0/lounres.py` (pid 33443)
Strategy 4: first ans is 1
Forked 33444
Starting to reopen 0 and 1
Calling execv `tournament0/pzakorko.py` (pid 33444)
Strategy 5: first ans is 0
33417: 5.000000e+00 1.000000e+00 0.000000e+00 0.000000e+00 0.000000e+00 0.000000e+00
33417: 3.500000e+00 1.500000e+00 5.000000e-01 5.000000e-01 0.000000e+00 0.000000e+00
33417: 3.000000e+00 1.666667e+00 6.666667e-01 6.666667e-01 0.000000e+00 0.000000e+00
33417: 2.750000e+00 1.500000e+00 1.250000e+00 5.000000e-01 0.000000e+00 0.000000e+00
33417: 2.600000e+00 1.800000e+00 1.200000e+00 4.000000e-01 0.000000e+00 0.000000e+00
33417: 2.666667e+00 1.500000e+00 1.333333e+00 3.333333e-01 0.000000e+00 1.666667e-01
33417: 2.714286e+00 1.571429e+00 1.142857e+00 4.285714e-01 0.000000e+00 1.428571e-01
33417: 2.625000e+00 1.500000e+00 1.375000e+00 3.750000e-01 0.000000e+00 1.250000e-01
33417: 2.555556e+00 1.666667e+00 1.333333e+00 3.333333e-01 0.000000e+00 1.111111e-01
33417: 2.700000e+00 1.500000e+00 1.400000e+00 3.000000e-01 0.000000e+00 1.000000e-01
33417: 2.636364e+00 1.545455e+00 1.363636e+00 3.636364e-01 0.000000e+00 9.090909e-02
33417: 2.666667e+00 1.583333e+00 1.333333e+00 3.333333e-01 0.000000e+00 8.333333e-02
33417: 2.615385e+00 1.538462e+00 1.384615e+00 3.076923e-01 7.692308e-02 7.692308e-02
33417: 2.571429e+00 1.571429e+00 1.428571e+00 2.857143e-01 7.142857e-02 7.142857e-02
33417: 2.600000e+00 1.466667e+00 1.400000e+00 4.000000e-01 6.666667e-02 6.666667e-02
33417: 2.562500e+00 1.500000e+00 1.375000e+00 4.375000e-01 6.250000e-02 6.250000e-02
33417: 2.529412e+00 1.470588e+00 1.470588e+00 4.117647e-01 5.882353e-02 5.882353e-02
33417: 2.500000e+00 1.500000e+00 1.388889e+00 5.000000e-01 5.555556e-02 5.555556e-02
33417: 2.473684e+00 1.473684e+00 1.368421e+00 5.263158e-01 1.052632e-01 5.263158e-02
33417: 2.450000e+00 1.550000e+00 1.300000e+00 5.500000e-01 1.000000e-01 5.000000e-02
33417: 2.428571e+00 1.523810e+00 1.285714e+00 6.190476e-01 9.523810e-02 4.761905e-02
33417: 2.454545e+00 1.545455e+00 1.272727e+00 5.909091e-01 9.090909e-02 4.545455e-02
33417: 2.478261e+00 1.521739e+00 1.304348e+00 5.652174e-01 8.695652e-02 4.347826e-02
33417: 2.458333e+00 1.583333e+00 1.291667e+00 5.416667e-01 8.333333e-02 4.166667e-02
33417: 2.440000e+00 1.520000e+00 1.400000e+00 5.200000e-01 8.000000e-02 4.000000e-02
33417: 2.461538e+00 1.538462e+00 1.346154e+00 5.000000e-01 1.153846e-01 3.846154e-02
33417: 2.444444e+00 1.592593e+00 1.333333e+00 4.814815e-01 1.111111e-01 3.703704e-02
33417: 2.428571e+00 1.571429e+00 1.357143e+00 4.642857e-01 1.428571e-01 3.571429e-02
33417: 2.413793e+00 1.551724e+00 1.344828e+00 5.172414e-01 1.379310e-01 3.448276e-02
33417: 2.400000e+00 1.566667e+00 1.333333e+00 5.333333e-01 1.333333e-01 3.333333e-02
33417: 2.419355e+00 1.548387e+00 1.354839e+00 5.161290e-01 1.290323e-01 3.225806e-02
33417: 2.437500e+00 1.593750e+00 1.312500e+00 5.000000e-01 1.250000e-01 3.125000e-02
33417: 2.454545e+00 1.545455e+00 1.333333e+00 4.848485e-01 1.515152e-01 3.030303e-02
33417: 2.470588e+00 1.558824e+00 1.294118e+00 5.000000e-01 1.470588e-01 2.941176e-02
33417: 2.514286e+00 1.542857e+00 1.285714e+00 4.857143e-01 1.428571e-01 2.857143e-02
33417: 2.500000e+00 1.583333e+00 1.277778e+00 4.722222e-01 1.388889e-01 2.777778e-02
33417: 2.486486e+00 1.540541e+00 1.297297e+00 5.135135e-01 1.351351e-01 2.702703e-02
33417: 2.473684e+00 1.578947e+00 1.289474e+00 5.000000e-01 1.315789e-01 2.631579e-02
33417: 2.461538e+00 1.564103e+00 1.333333e+00 4.871795e-01 1.282051e-01 2.564103e-02
33417: 2.475000e+00 1.575000e+00 1.325000e+00 4.750000e-01 1.250000e-01 2.500000e-02
33417: 2.463415e+00 1.536585e+00 1.365854e+00 4.878049e-01 1.219512e-01 2.439024e-02
33417: 2.476190e+00 1.547619e+00 1.333333e+00 4.761905e-01 1.428571e-01 2.380952e-02
33417: 2.465116e+00 1.558140e+00 1.348837e+00 4.651163e-01 1.395349e-01 2.325581e-02
33417: 2.477273e+00 1.568182e+00 1.318182e+00 4.772727e-01 1.363636e-01 2.272727e-02
33417: 2.444444e+00 1.600000e+00 1.333333e+00 4.666667e-01 1.333333e-01 2.222222e-02
33417: 2.434783e+00 1.586957e+00 1.347826e+00 4.782609e-01 1.304348e-01 2.173913e-02
33417: 2.404255e+00 1.595745e+00 1.382979e+00 4.680851e-01 1.276596e-01 2.127660e-02
33417: 2.395833e+00 1.583333e+00 1.395833e+00 4.791667e-01 1.250000e-01 2.083333e-02
33417: 2.387755e+00 1.591837e+00 1.408163e+00 4.693878e-01 1.224490e-01 2.040816e-02
33417: 2.360000e+00 1.600000e+00 1.400000e+00 4.800000e-01 1.200000e-01 4.000000e-02
33417: 2.352941e+00 1.588235e+00 1.431373e+00 4.705882e-01 1.176471e-01 3.921569e-02
33417: 2.346154e+00 1.576923e+00 1.461538e+00 4.615385e-01 1.153846e-01 3.846154e-02
33417: 2.339623e+00 1.584906e+00 1.471698e+00 4.528302e-01 1.132075e-01 3.773585e-02
33417: 2.333333e+00 1.555556e+00 1.500000e+00 4.629630e-01 1.111111e-01 3.703704e-02
33417: 2.309091e+00 1.563636e+00 1.509091e+00 4.727273e-01 1.090909e-01 3.636364e-02
33417: 2.303571e+00 1.571429e+00 1.500000e+00 4.821429e-01 1.071429e-01 3.571429e-02
33417: 2.280702e+00 1.561404e+00 1.543860e+00 4.736842e-01 1.052632e-01 3.508772e-02
33417: 2.310345e+00 1.568966e+00 1.517241e+00 4.655172e-01 1.034483e-01 3.448276e-02
33417: 2.288136e+00 1.576271e+00 1.525424e+00 4.576271e-01 1.186441e-01 3.389831e-02
33417: 2.300000e+00 1.550000e+00 1.533333e+00 4.666667e-01 1.166667e-01 3.333333e-02
33417: 2.295082e+00 1.557377e+00 1.524590e+00 4.590164e-01 1.311475e-01 3.278689e-02
33417: 2.274194e+00 1.580645e+00 1.532258e+00 4.516129e-01 1.290323e-01 3.225806e-02
33417: 2.285714e+00 1.555556e+00 1.555556e+00 4.444444e-01 1.269841e-01 3.174603e-02
33417: 2.281250e+00 1.578125e+00 1.546875e+00 4.375000e-01 1.250000e-01 3.125000e-02
33417: 2.261538e+00 1.600000e+00 1.553846e+00 4.307692e-01 1.230769e-01 3.076923e-02
33417: 2.272727e+00 1.575758e+00 1.575758e+00 4.242424e-01 1.212121e-01 3.030303e-02
33417: 2.253731e+00 1.582090e+00 1.567164e+00 4.477612e-01 1.194030e-01 2.985075e-02
33417: 2.250000e+00 1.573529e+00 1.588235e+00 4.411765e-01 1.176471e-01 2.941176e-02
33417: 2.231884e+00 1.579710e+00 1.579710e+00 4.492754e-01 1.159420e-01 4.347826e-02
33417: 2.257143e+00 1.571429e+00 1.557143e+00 4.571429e-01 1.142857e-01 4.285714e-02
33417: 2.239437e+00 1.577465e+00 1.563380e+00 4.647887e-01 1.126761e-01 4.225352e-02
33417: 2.250000e+00 1.583333e+00 1.555556e+00 4.583333e-01 1.111111e-01 4.166667e-02
33417: 2.232877e+00 1.602740e+00 1.561644e+00 4.520548e-01 1.095890e-01 4.109589e-02
33417: 2.243243e+00 1.594595e+00 1.567568e+00 4.459459e-01 1.081081e-01 4.054054e-02
33417: 2.226667e+00 1.626667e+00 1.560000e+00 4.400000e-01 1.066667e-01 4.000000e-02
33417: 2.250000e+00 1.605263e+00 1.565789e+00 4.342105e-01 1.052632e-01 3.947368e-02
33417: 2.233766e+00 1.597403e+00 1.597403e+00 4.285714e-01 1.038961e-01 3.896104e-02
33417: 2.256410e+00 1.589744e+00 1.576923e+00 4.358974e-01 1.025641e-01 3.846154e-02
33417: 2.240506e+00 1.607595e+00 1.569620e+00 4.430380e-01 1.012658e-01 3.797468e-02
33417: 2.250000e+00 1.600000e+00 1.575000e+00 4.375000e-01 1.000000e-01 3.750000e-02
33417: 2.246914e+00 1.604938e+00 1.555556e+00 4.567901e-01 9.876543e-02 3.703704e-02
33417: 2.231707e+00 1.597561e+00 1.560976e+00 4.512195e-01 1.219512e-01 3.658537e-02
33417: 2.228916e+00 1.602410e+00 1.566265e+00 4.457831e-01 1.204819e-01 3.614458e-02
33417: 2.214286e+00 1.595238e+00 1.571429e+00 4.523810e-01 1.309524e-01 3.571429e-02
33417: 2.211765e+00 1.576471e+00 1.576471e+00 4.705882e-01 1.294118e-01 3.529412e-02
33417: 2.197674e+00 1.581395e+00 1.581395e+00 4.767442e-01 1.279070e-01 3.488372e-02
33417: 2.195402e+00 1.586207e+00 1.574713e+00 4.827586e-01 1.264368e-01 3.448276e-02
33417: 2.193182e+00 1.579545e+00 1.568182e+00 4.886364e-01 1.363636e-01 3.409091e-02
33417: 2.179775e+00 1.584270e+00 1.584270e+00 4.831461e-01 1.348315e-01 3.370787e-02
33417: 2.177778e+00 1.577778e+00 1.588889e+00 4.888889e-01 1.333333e-01 3.333333e-02
33417: 2.175824e+00 1.582418e+00 1.571429e+00 4.945055e-01 1.318681e-01 4.395604e-02
33417: 2.163043e+00 1.565217e+00 1.586957e+00 5.108696e-01 1.304348e-01 4.347826e-02
33417: 2.161290e+00 1.569892e+00 1.580645e+00 5.053763e-01 1.290323e-01 5.376344e-02
33417: 2.159574e+00 1.574468e+00 1.574468e+00 5.106383e-01 1.276596e-01 5.319149e-02
33417: 2.147368e+00 1.589474e+00 1.568421e+00 5.157895e-01 1.263158e-01 5.263158e-02
33417: 2.156250e+00 1.583333e+00 1.572917e+00 5.104167e-01 1.250000e-01 5.208333e-02
33417: 2.154639e+00 1.577320e+00 1.567010e+00 5.257732e-01 1.237113e-01 5.154639e-02
33417: 2.153061e+00 1.581633e+00 1.571429e+00 5.204082e-01 1.224490e-01 5.102041e-02
33417: 2.141414e+00 1.595960e+00 1.555556e+00 5.353535e-01 1.212121e-01 5.050505e-02
33417: 2.140000e+00 1.600000e+00 1.550000e+00 5.400000e-01 1.200000e-01 5.000000e-02
33417: 2.148515e+00 1.584158e+00 1.564356e+00 5.346535e-01 1.188119e-01 4.950495e-02
33417: 2.147059e+00 1.598039e+00 1.558824e+00 5.294118e-01 1.176471e-01 4.901961e-02
33417: 2.145631e+00 1.592233e+00 1.572816e+00 5.242718e-01 1.165049e-01 4.854369e-02
33417: 2.144231e+00 1.605769e+00 1.557692e+00 5.288462e-01 1.153846e-01 4.807692e-02
33417: 2.142857e+00 1.590476e+00 1.580952e+00 5.238095e-01 1.142857e-01 4.761905e-02
33417: 2.141509e+00 1.594340e+00 1.575472e+00 5.283019e-01 1.132075e-01 4.716981e-02
33417: 2.130841e+00 1.588785e+00 1.579439e+00 5.327103e-01 1.214953e-01 4.672897e-02
33417: 2.138889e+00 1.583333e+00 1.574074e+00 5.370370e-01 1.203704e-01 4.629630e-02
33417: 2.128440e+00 1.596330e+00 1.559633e+00 5.412844e-01 1.284404e-01 4.587156e-02
33417: 2.127273e+00 1.600000e+00 1.563636e+00 5.363636e-01 1.272727e-01 4.545455e-02
33417: 2.117117e+00 1.603604e+00 1.567568e+00 5.405405e-01 1.261261e-01 4.504505e-02
33417: 2.116071e+00 1.598214e+00 1.580357e+00 5.357143e-01 1.250000e-01 4.464286e-02
33417: 2.115044e+00 1.601770e+00 1.575221e+00 5.398230e-01 1.238938e-01 4.424779e-02
33417: 2.114035e+00 1.587719e+00 1.587719e+00 5.438596e-01 1.228070e-01 4.385965e-02
33417: 2.113043e+00 1.600000e+00 1.573913e+00 5.478261e-01 1.217391e-01 4.347826e-02
33417: 2.112069e+00 1.603448e+00 1.568966e+00 5.517241e-01 1.206897e-01 4.310345e-02
33417: 2.102564e+00 1.606838e+00 1.572650e+00 5.555556e-01 1.196581e-01 4.273504e-02
33417: 2.118644e+00 1.601695e+00 1.559322e+00 5.593220e-01 1.186441e-01 4.237288e-02
33417: 2.109244e+00 1.596639e+00 1.571429e+00 5.630252e-01 1.176471e-01 4.201681e-02
33417: 2.108333e+00 1.600000e+00 1.566667e+00 5.666667e-01 1.166667e-01 4.166667e-02
33417: 2.099174e+00 1.586777e+00 1.578512e+00 5.619835e-01 1.239669e-01 4.958678e-02
33417: 2.098361e+00 1.590164e+00 1.573770e+00 5.655738e-01 1.229508e-01 4.918033e-02
33417: 2.089431e+00 1.585366e+00 1.585366e+00 5.691057e-01 1.219512e-01 4.878049e-02
33417: 2.096774e+00 1.580645e+00 1.572581e+00 5.725806e-01 1.290323e-01 4.838710e-02
33417: 2.104000e+00 1.584000e+00 1.560000e+00 5.760000e-01 1.280000e-01 4.800000e-02
33417: 2.103175e+00 1.579365e+00 1.571429e+00 5.714286e-01 1.269841e-01 4.761905e-02
33417: 2.102362e+00 1.574803e+00 1.574803e+00 5.748031e-01 1.259843e-01 4.724409e-02
33417: 2.093750e+00 1.585938e+00 1.562500e+00 5.781250e-01 1.328125e-01 4.687500e-02
33417: 2.093023e+00 1.573643e+00 1.573643e+00 5.813953e-01 1.317829e-01 4.651163e-02
33417: 2.084615e+00 1.584615e+00 1.561538e+00 5.923077e-01 1.307692e-01 4.615385e-02
33417: 2.091603e+00 1.580153e+00 1.557252e+00 5.954198e-01 1.297710e-01 4.580153e-02
33417: 2.083333e+00 1.590909e+00 1.560606e+00 5.909091e-01 1.287879e-01 4.545455e-02
33417: 2.082707e+00 1.593985e+00 1.556391e+00 5.939850e-01 1.278195e-01 4.511278e-02
33417: 2.074627e+00 1.597015e+00 1.567164e+00 5.895522e-01 1.268657e-01 4.477612e-02
33417: 2.081481e+00 1.592593e+00 1.562963e+00 5.925926e-01 1.259259e-01 4.444444e-02
33417: 2.073529e+00 1.602941e+00 1.566176e+00 5.882353e-01 1.250000e-01 4.411765e-02
33417: 2.080292e+00 1.605839e+00 1.562044e+00 5.839416e-01 1.240876e-01 4.379562e-02
33417: 2.072464e+00 1.601449e+00 1.572464e+00 5.797101e-01 1.304348e-01 4.347826e-02
33417: 2.071942e+00 1.604317e+00 1.561151e+00 5.899281e-01 1.294964e-01 4.316547e-02
33417: 2.064286e+00 1.600000e+00 1.571429e+00 5.928571e-01 1.285714e-01 4.285714e-02
33417: 2.063830e+00 1.602837e+00 1.560284e+00 6.028369e-01 1.276596e-01 4.255319e-02
33417: 2.056338e+00 1.598592e+00 1.570423e+00 5.985915e-01 1.338028e-01 4.225352e-02
33417: 2.055944e+00 1.601399e+00 1.566434e+00 6.013986e-01 1.328671e-01 4.195804e-02
33417: 2.048611e+00 1.604167e+00 1.569444e+00 5.972222e-01 1.388889e-01 4.166667e-02
33417: 2.055172e+00 1.606897e+00 1.565517e+00 5.931034e-01 1.379310e-01 4.137931e-02
33417: 2.047945e+00 1.602740e+00 1.575342e+00 5.890411e-01 1.438356e-01 4.109589e-02
33417: 2.047619e+00 1.591837e+00 1.578231e+00 5.986395e-01 1.428571e-01 4.081633e-02
33417: 2.040541e+00 1.594595e+00 1.567568e+00 6.081081e-01 1.418919e-01 4.729730e-02
33417: 2.046980e+00 1.590604e+00 1.563758e+00 6.107383e-01 1.409396e-01 4.697987e-02
33417: 2.040000e+00 1.600000e+00 1.566667e+00 6.066667e-01 1.400000e-01 4.666667e-02
33417: 2.046358e+00 1.602649e+00 1.562914e+00 6.026490e-01 1.390728e-01 4.635762e-02
33417: 2.046053e+00 1.605263e+00 1.565789e+00 5.986842e-01 1.381579e-01 4.605263e-02
33417: 2.045752e+00 1.601307e+00 1.568627e+00 6.013072e-01 1.372549e-01 4.575163e-02
33417: 2.038961e+00 1.603896e+00 1.571429e+00 5.974026e-01 1.428571e-01 4.545455e-02
33417: 2.038710e+00 1.600000e+00 1.574194e+00 6.000000e-01 1.419355e-01 4.516129e-02
33417: 2.038462e+00 1.608974e+00 1.564103e+00 6.025641e-01 1.410256e-01 4.487179e-02
33417: 2.031847e+00 1.611465e+00 1.573248e+00 5.987261e-01 1.401274e-01 4.458599e-02
33417: 2.031646e+00 1.607595e+00 1.569620e+00 6.012658e-01 1.455696e-01 4.430380e-02
33417: 2.025157e+00 1.603774e+00 1.584906e+00 5.974843e-01 1.446541e-01 4.402516e-02
33417: 2.031250e+00 1.600000e+00 1.581250e+00 6.000000e-01 1.437500e-01 4.375000e-02
33417: 2.024845e+00 1.608696e+00 1.571429e+00 6.024845e-01 1.490683e-01 4.347826e-02
33417: 2.024691e+00 1.611111e+00 1.561728e+00 6.049383e-01 1.543210e-01 4.320988e-02
33417: 2.018405e+00 1.613497e+00 1.570552e+00 6.012270e-01 1.533742e-01 4.294479e-02
33417: 2.018293e+00 1.609756e+00 1.560976e+00 6.158537e-01 1.524390e-01 4.268293e-02
33417: 2.018182e+00 1.612121e+00 1.563636e+00 6.121212e-01 1.515152e-01 4.242424e-02
33417: 2.012048e+00 1.608434e+00 1.566265e+00 6.204819e-01 1.506024e-01 4.216867e-02
33417: 2.011976e+00 1.604790e+00 1.568862e+00 6.227545e-01 1.497006e-01 4.191617e-02
33417: 2.005952e+00 1.619048e+00 1.565476e+00 6.190476e-01 1.488095e-01 4.166667e-02
33417: 2.005917e+00 1.621302e+00 1.568047e+00 6.153846e-01 1.479290e-01 4.142012e-02
33417: 2.011765e+00 1.617647e+00 1.564706e+00 6.176471e-01 1.470588e-01 4.117647e-02
33417: 2.017544e+00 1.619883e+00 1.561404e+00 6.140351e-01 1.461988e-01 4.093567e-02
33417: 2.017442e+00 1.622093e+00 1.563953e+00 6.104651e-01 1.453488e-01 4.069767e-02
33417: 2.011561e+00 1.630058e+00 1.560694e+00 6.127168e-01 1.445087e-01 4.046243e-02
33417: 2.011494e+00 1.637931e+00 1.557471e+00 6.091954e-01 1.436782e-01 4.022989e-02
33417: 2.005714e+00 1.634286e+00 1.565714e+00 6.114286e-01 1.428571e-01 4.000000e-02
33417: 2.011364e+00 1.630682e+00 1.568182e+00 6.079545e-01 1.420455e-01 3.977273e-02
33417: 2.016949e+00 1.632768e+00 1.564972e+00 6.045198e-01 1.412429e-01 3.954802e-02
33417: 2.011236e+00 1.623596e+00 1.573034e+00 6.123596e-01 1.404494e-01 3.932584e-02
33417: 2.011173e+00 1.620112e+00 1.564246e+00 6.201117e-01 1.452514e-01 3.910615e-02
33417: 2.011111e+00 1.616667e+00 1.572222e+00 6.166667e-01 1.444444e-01 3.888889e-02
33417: 2.011050e+00 1.624309e+00 1.563536e+00 6.187845e-01 1.436464e-01 3.867403e-02
33417: 2.005495e+00 1.615385e+00 1.576923e+00 6.153846e-01 1.483516e-01 3.846154e-02
33417: 2.005464e+00 1.617486e+00 1.573770e+00 6.174863e-01 1.475410e-01 3.825137e-02
33417: 2.005435e+00 1.614130e+00 1.576087e+00 6.195652e-01 1.467391e-01 3.804348e-02
33417: 2.000000e+00 1.621622e+00 1.572973e+00 6.216216e-01 1.459459e-01 3.783784e-02
33417: 2.000000e+00 1.629032e+00 1.564516e+00 6.236559e-01 1.451613e-01 3.763441e-02
33417: 2.000000e+00 1.631016e+00 1.566845e+00 6.203209e-01 1.443850e-01 3.743316e-02
33417: 1.994681e+00 1.632979e+00 1.563830e+00 6.223404e-01 1.436170e-01 4.255319e-02
33417: 2.000000e+00 1.629630e+00 1.560847e+00 6.243386e-01 1.428571e-01 4.232804e-02
33417: 2.005263e+00 1.626316e+00 1.563158e+00 6.210526e-01 1.421053e-01 4.210526e-02
33417: 2.000000e+00 1.633508e+00 1.560209e+00 6.230366e-01 1.413613e-01 4.188482e-02
33417: 2.000000e+00 1.625000e+00 1.572917e+00 6.197917e-01 1.406250e-01 4.166667e-02
33417: 1.994819e+00 1.626943e+00 1.575130e+00 6.217617e-01 1.398964e-01 4.145078e-02
33417: 2.000000e+00 1.623711e+00 1.572165e+00 6.237113e-01 1.391753e-01 4.123711e-02
33417: 1.994872e+00 1.630769e+00 1.569231e+00 6.256410e-01 1.384615e-01 4.102564e-02
33417: 1.994898e+00 1.632653e+00 1.566327e+00 6.275510e-01 1.377551e-01 4.081633e-02
33417: 1.989848e+00 1.624365e+00 1.573604e+00 6.294416e-01 1.421320e-01 4.060914e-02
33417: 1.994949e+00 1.616162e+00 1.570707e+00 6.363636e-01 1.414141e-01 4.040404e-02
33417: 1.994975e+00 1.618090e+00 1.567839e+00 6.381910e-01 1.407035e-01 4.020101e-02
33417: 1.995000e+00 1.620000e+00 1.570000e+00 6.350000e-01 1.400000e-01 4.000000e-02
33417: 1.995025e+00 1.616915e+00 1.567164e+00 6.417910e-01 1.393035e-01 3.980100e-02
33417: 1.990099e+00 1.623762e+00 1.569307e+00 6.386139e-01 1.386139e-01 3.960396e-02
33417: 1.990148e+00 1.630542e+00 1.566502e+00 6.354680e-01 1.379310e-01 3.940887e-02
33417: 1.990196e+00 1.622549e+00 1.573529e+00 6.372549e-01 1.372549e-01 3.921569e-02
33417: 1.990244e+00 1.619512e+00 1.570732e+00 6.390244e-01 1.365854e-01 4.390244e-02
33417: 1.990291e+00 1.621359e+00 1.563107e+00 6.407767e-01 1.407767e-01 4.368932e-02
33417: 1.985507e+00 1.628019e+00 1.565217e+00 6.376812e-01 1.400966e-01 4.347826e-02
33417: 1.990385e+00 1.629808e+00 1.562500e+00 6.346154e-01 1.394231e-01 4.326923e-02
33417: 1.985646e+00 1.626794e+00 1.564593e+00 6.363636e-01 1.387560e-01 4.784689e-02
33417: 1.985714e+00 1.633333e+00 1.561905e+00 6.333333e-01 1.380952e-01 4.761905e-02
33417: 1.981043e+00 1.630332e+00 1.568720e+00 6.303318e-01 1.374408e-01 5.213270e-02
33417: 1.976415e+00 1.632075e+00 1.575472e+00 6.273585e-01 1.367925e-01 5.188679e-02
33417: 1.976526e+00 1.629108e+00 1.572770e+00 6.291080e-01 1.408451e-01 5.164319e-02
33417: 1.971963e+00 1.635514e+00 1.565421e+00 6.355140e-01 1.401869e-01 5.140187e-02
33417: 1.972093e+00 1.627907e+00 1.567442e+00 6.418605e-01 1.395349e-01 5.116279e-02
33417: 1.967593e+00 1.629630e+00 1.569444e+00 6.388889e-01 1.435185e-01 5.092593e-02
33417: 1.967742e+00 1.626728e+00 1.576037e+00 6.359447e-01 1.428571e-01 5.069124e-02
33417: 1.967890e+00 1.628440e+00 1.573394e+00 6.376147e-01 1.422018e-01 5.045872e-02
33417: 1.963470e+00 1.630137e+00 1.570776e+00 6.392694e-01 1.461187e-01 5.022831e-02
33417: 1.968182e+00 1.627273e+00 1.568182e+00 6.409091e-01 1.454545e-01 5.000000e-02
33417: 1.963801e+00 1.624434e+00 1.579186e+00 6.380090e-01 1.447964e-01 4.977376e-02
33417: 1.959459e+00 1.617117e+00 1.590090e+00 6.396396e-01 1.441441e-01 4.954955e-02
33417: 1.959641e+00 1.614350e+00 1.587444e+00 6.457399e-01 1.434978e-01 4.932735e-02
33417: 1.959821e+00 1.616071e+00 1.580357e+00 6.473214e-01 1.473214e-01 4.910714e-02
33417: 1.955556e+00 1.613333e+00 1.586667e+00 6.488889e-01 1.466667e-01 4.888889e-02
33417: 1.960177e+00 1.606195e+00 1.584071e+00 6.548673e-01 1.460177e-01 4.867257e-02
33417: 1.960352e+00 1.607930e+00 1.577093e+00 6.607930e-01 1.453744e-01 4.845815e-02
33417: 1.956140e+00 1.609649e+00 1.578947e+00 6.622807e-01 1.447368e-01 4.824561e-02
33417: 1.956332e+00 1.606987e+00 1.572052e+00 6.637555e-01 1.484716e-01 5.240175e-02
33417: 1.960870e+00 1.608696e+00 1.565217e+00 6.652174e-01 1.478261e-01 5.217391e-02
33417: 1.961039e+00 1.606061e+00 1.567100e+00 6.666667e-01 1.471861e-01 5.194805e-02
33417: 1.961207e+00 1.607759e+00 1.568966e+00 6.637931e-01 1.465517e-01 5.172414e-02
33417: 1.957082e+00 1.609442e+00 1.566524e+00 6.695279e-01 1.459227e-01 5.150215e-02
33417: 1.961538e+00 1.602564e+00 1.568376e+00 6.666667e-01 1.495726e-01 5.128205e-02
33417: 1.961702e+00 1.604255e+00 1.565957e+00 6.638298e-01 1.531915e-01 5.106383e-02
33417: 1.961864e+00 1.601695e+00 1.572034e+00 6.610169e-01 1.525424e-01 5.084746e-02
33417: 1.957806e+00 1.599156e+00 1.573840e+00 6.624473e-01 1.561181e-01 5.063291e-02
33417: 1.957983e+00 1.600840e+00 1.567227e+00 6.638655e-01 1.596639e-01 5.042017e-02
33417: 1.958159e+00 1.602510e+00 1.569038e+00 6.610879e-01 1.589958e-01 5.020921e-02
33417: 1.954167e+00 1.604167e+00 1.566667e+00 6.666667e-01 1.583333e-01 5.000000e-02
33417: 1.958506e+00 1.597510e+00 1.568465e+00 6.680498e-01 1.576763e-01 4.979253e-02
33417: 1.954545e+00 1.599174e+00 1.566116e+00 6.694215e-01 1.611570e-01 4.958678e-02
33417: 1.962963e+00 1.596708e+00 1.563786e+00 6.666667e-01 1.604938e-01 4.938272e-02
33417: 1.959016e+00 1.598361e+00 1.565574e+00 6.639344e-01 1.639344e-01 4.918033e-02
33417: 1.963265e+00 1.600000e+00 1.563265e+00 6.612245e-01 1.632653e-01 4.897959e-02
33417: 1.959350e+00 1.593496e+00 1.573171e+00 6.626016e-01 1.626016e-01 4.878049e-02
33417: 1.959514e+00 1.591093e+00 1.574899e+00 6.639676e-01 1.619433e-01 4.858300e-02
33417: 1.955645e+00 1.592742e+00 1.576613e+00 6.653226e-01 1.612903e-01 4.838710e-02
33417: 1.959839e+00 1.586345e+00 1.574297e+00 6.666667e-01 1.646586e-01 4.819277e-02
33417: 1.956000e+00 1.588000e+00 1.572000e+00 6.680000e-01 1.640000e-01 5.200000e-02
33417: 1.956175e+00 1.585657e+00 1.569721e+00 6.733068e-01 1.633466e-01 5.179283e-02
33417: 1.956349e+00 1.591270e+00 1.567460e+00 6.706349e-01 1.626984e-01 5.158730e-02
33417: 1.952569e+00 1.588933e+00 1.573123e+00 6.719368e-01 1.620553e-01 5.138340e-02
33417: 1.952756e+00 1.594488e+00 1.566929e+00 6.732283e-01 1.614173e-01 5.118110e-02
33417: 1.949020e+00 1.596078e+00 1.572549e+00 6.705882e-01 1.607843e-01 5.098039e-02
33417: 1.949219e+00 1.601562e+00 1.566406e+00 6.718750e-01 1.601562e-01 5.078125e-02
33417: 1.949416e+00 1.603113e+00 1.568093e+00 6.692607e-01 1.595331e-01 5.058366e-02
33417: 1.949612e+00 1.600775e+00 1.565891e+00 6.744186e-01 1.589147e-01 5.038760e-02
33417: 1.945946e+00 1.606178e+00 1.563707e+00 6.756757e-01 1.583012e-01 5.019305e-02
33417: 1.942308e+00 1.607692e+00 1.561538e+00 6.730769e-01 1.653846e-01 5.000000e-02
33417: 1.942529e+00 1.609195e+00 1.559387e+00 6.743295e-01 1.647510e-01 4.980843e-02
33417: 1.942748e+00 1.606870e+00 1.564885e+00 6.717557e-01 1.641221e-01 4.961832e-02
33417: 1.942966e+00 1.608365e+00 1.562738e+00 6.730038e-01 1.634981e-01 4.942966e-02
33417: 1.939394e+00 1.613636e+00 1.564394e+00 6.704545e-01 1.628788e-01 4.924242e-02
33417: 1.939623e+00 1.611321e+00 1.566038e+00 6.716981e-01 1.622642e-01 4.905660e-02
33417: 1.936090e+00 1.612782e+00 1.563910e+00 6.691729e-01 1.691729e-01 4.887218e-02
33417: 1.936330e+00 1.610487e+00 1.565543e+00 6.704120e-01 1.685393e-01 4.868914e-02
33417: 1.932836e+00 1.615672e+00 1.563433e+00 6.716418e-01 1.679104e-01 4.850746e-02
33417: 1.936803e+00 1.613383e+00 1.565056e+00 6.691450e-01 1.672862e-01 4.832714e-02
33417: 1.937037e+00 1.614815e+00 1.566667e+00 6.666667e-01 1.666667e-01 4.814815e-02
33417: 1.933579e+00 1.612546e+00 1.568266e+00 6.678967e-01 1.660517e-01 5.166052e-02
33417: 1.933824e+00 1.613971e+00 1.566176e+00 6.691176e-01 1.654412e-01 5.147059e-02
33417: 1.930403e+00 1.611722e+00 1.575092e+00 6.666667e-01 1.648352e-01 5.128205e-02
33417: 1.934307e+00 1.609489e+00 1.569343e+00 6.678832e-01 1.678832e-01 5.109489e-02
33417: 1.930909e+00 1.610909e+00 1.574545e+00 6.654545e-01 1.672727e-01 5.090909e-02
33417: 1.931159e+00 1.608696e+00 1.572464e+00 6.702899e-01 1.666667e-01 5.072464e-02
33417: 1.927798e+00 1.610108e+00 1.574007e+00 6.714801e-01 1.660650e-01 5.054152e-02
33417: 1.931655e+00 1.607914e+00 1.571942e+00 6.726619e-01 1.654676e-01 5.035971e-02
33417: 1.935484e+00 1.609319e+00 1.566308e+00 6.738351e-01 1.648746e-01 5.017921e-02
33417: 1.932143e+00 1.610714e+00 1.571429e+00 6.714286e-01 1.642857e-01 5.000000e-02
33417: 1.935943e+00 1.612100e+00 1.565836e+00 6.725979e-01 1.637011e-01 4.982206e-02
33417: 1.932624e+00 1.609929e+00 1.574468e+00 6.702128e-01 1.631206e-01 4.964539e-02
33417: 1.932862e+00 1.611307e+00 1.572438e+00 6.713781e-01 1.625442e-01 4.946996e-02
33417: 1.929577e+00 1.605634e+00 1.577465e+00 6.760563e-01 1.619718e-01 4.929577e-02
33417: 1.933333e+00 1.603509e+00 1.575439e+00 6.771930e-01 1.614035e-01 4.912281e-02
33417: 1.930070e+00 1.608392e+00 1.573427e+00 6.783217e-01 1.608392e-01 4.895105e-02
33417: 1.930314e+00 1.609756e+00 1.567944e+00 6.794425e-01 1.637631e-01 4.878049e-02
33417: 1.930556e+00 1.607639e+00 1.572917e+00 6.770833e-01 1.631944e-01 4.861111e-02
33417: 1.930796e+00 1.608997e+00 1.570934e+00 6.782007e-01 1.626298e-01 4.844291e-02
33417: 1.927586e+00 1.606897e+00 1.572414e+00 6.793103e-01 1.655172e-01 4.827586e-02
33417: 1.931271e+00 1.608247e+00 1.567010e+00 6.804124e-01 1.649485e-01 4.810997e-02
33417: 1.928082e+00 1.606164e+00 1.571918e+00 6.780822e-01 1.678082e-01 4.794521e-02
33417: 1.928328e+00 1.610922e+00 1.566553e+00 6.791809e-01 1.672355e-01 4.778157e-02
33417: 1.928571e+00 1.612245e+00 1.568027e+00 6.768707e-01 1.666667e-01 4.761905e-02
33417: 1.925424e+00 1.610169e+00 1.572881e+00 6.779661e-01 1.661017e-01 4.745763e-02
33417: 1.925676e+00 1.604730e+00 1.570946e+00 6.790541e-01 1.722973e-01 4.729730e-02
33417: 1.925926e+00 1.606061e+00 1.565657e+00 6.801347e-01 1.750842e-01 4.713805e-02
33417: 1.922819e+00 1.607383e+00 1.567114e+00 6.812081e-01 1.744966e-01 4.697987e-02
33417: 1.923077e+00 1.608696e+00 1.565217e+00 6.822742e-01 1.739130e-01 4.682274e-02
33417: 1.920000e+00 1.606667e+00 1.570000e+00 6.833333e-01 1.733333e-01 4.666667e-02
33417: 1.926910e+00 1.604651e+00 1.564784e+00 6.843854e-01 1.727575e-01 4.651163e-02
33417: 1.923841e+00 1.609272e+00 1.566225e+00 6.821192e-01 1.721854e-01 4.635762e-02
33417: 1.920792e+00 1.607261e+00 1.570957e+00 6.798680e-01 1.749175e-01 4.620462e-02
33417: 1.924342e+00 1.605263e+00 1.565789e+00 6.842105e-01 1.743421e-01 4.605263e-02
33417: 1.924590e+00 1.606557e+00 1.567213e+00 6.819672e-01 1.737705e-01 4.590164e-02
33417: 1.924837e+00 1.604575e+00 1.568627e+00 6.830065e-01 1.732026e-01 4.575163e-02
33417: 1.921824e+00 1.605863e+00 1.573290e+00 6.807818e-01 1.726384e-01 4.560261e-02
33417: 1.922078e+00 1.607143e+00 1.571429e+00 6.818182e-01 1.720779e-01 4.545455e-02
33417: 1.922330e+00 1.608414e+00 1.569579e+00 6.828479e-01 1.715210e-01 4.530744e-02
33417: 1.919355e+00 1.606452e+00 1.577419e+00 6.806452e-01 1.709677e-01 4.516129e-02
33417: 1.919614e+00 1.604502e+00 1.578778e+00 6.816720e-01 1.704180e-01 4.501608e-02
33417: 1.916667e+00 1.605769e+00 1.576923e+00 6.826923e-01 1.730769e-01 4.487179e-02
33417: 1.920128e+00 1.603834e+00 1.575080e+00 6.837061e-01 1.725240e-01 4.472843e-02
33417: 1.917197e+00 1.605096e+00 1.573248e+00 6.878981e-01 1.719745e-01 4.458599e-02
33417: 1.920635e+00 1.603175e+00 1.571429e+00 6.888889e-01 1.714286e-01 4.444444e-02
33417: 1.920886e+00 1.607595e+00 1.566456e+00 6.898734e-01 1.708861e-01 4.430380e-02
33417: 1.924290e+00 1.605678e+00 1.567823e+00 6.876972e-01 1.703470e-01 4.416404e-02
33417: 1.921384e+00 1.613208e+00 1.566038e+00 6.855346e-01 1.698113e-01 4.402516e-02
33417: 1.921630e+00 1.611285e+00 1.567398e+00 6.865204e-01 1.692790e-01 4.388715e-02
33417: 1.918750e+00 1.612500e+00 1.568750e+00 6.875000e-01 1.687500e-01 4.375000e-02
33417: 1.922118e+00 1.610592e+00 1.570093e+00 6.853583e-01 1.682243e-01 4.361371e-02
33417: 1.919255e+00 1.614907e+00 1.568323e+00 6.863354e-01 1.677019e-01 4.347826e-02
33417: 1.919505e+00 1.616099e+00 1.569659e+00 6.842105e-01 1.671827e-01 4.334365e-02
33417: 1.916667e+00 1.614198e+00 1.570988e+00 6.851852e-01 1.697531e-01 4.320988e-02
33417: 1.916923e+00 1.612308e+00 1.569231e+00 6.892308e-01 1.692308e-01 4.307692e-02
33417: 1.917178e+00 1.616564e+00 1.567485e+00 6.871166e-01 1.687117e-01 4.294479e-02
33417: 1.917431e+00 1.614679e+00 1.571865e+00 6.850153e-01 1.681957e-01 4.281346e-02
33417: 1.914634e+00 1.615854e+00 1.573171e+00 6.859756e-01 1.676829e-01 4.268293e-02
33417: 1.914894e+00 1.613982e+00 1.571429e+00 6.869301e-01 1.671733e-01 4.559271e-02
33417: 1.912121e+00 1.618182e+00 1.566667e+00 6.909091e-01 1.666667e-01 4.545455e-02
33417: 1.915408e+00 1.619335e+00 1.564955e+00 6.888218e-01 1.661631e-01 4.531722e-02
33417: 1.912651e+00 1.620482e+00 1.569277e+00 6.867470e-01 1.656627e-01 4.518072e-02
33417: 1.915916e+00 1.618619e+00 1.567568e+00 6.846847e-01 1.681682e-01 4.504505e-02
33417: 1.913174e+00 1.619760e+00 1.571856e+00 6.826347e-01 1.676647e-01 4.491018e-02
33417: 1.913433e+00 1.617910e+00 1.570149e+00 6.865672e-01 1.671642e-01 4.477612e-02
33417: 1.913690e+00 1.622024e+00 1.565476e+00 6.875000e-01 1.666667e-01 4.464286e-02
33417: 1.913947e+00 1.620178e+00 1.566766e+00 6.884273e-01 1.661721e-01 4.451039e-02
33417: 1.914201e+00 1.621302e+00 1.565089e+00 6.863905e-01 1.686391e-01 4.437870e-02
33417: 1.914454e+00 1.619469e+00 1.566372e+00 6.873156e-01 1.681416e-01 4.424779e-02
33417: 1.911765e+00 1.626471e+00 1.564706e+00 6.852941e-01 1.676471e-01 4.411765e-02
33417: 1.912023e+00 1.624633e+00 1.565982e+00 6.862170e-01 1.671554e-01 4.398827e-02
33417: 1.909357e+00 1.625731e+00 1.567251e+00 6.842105e-01 1.695906e-01 4.385965e-02
33417: 1.909621e+00 1.623907e+00 1.565598e+00 6.851312e-01 1.720117e-01 4.373178e-02
33417: 1.906977e+00 1.625000e+00 1.566860e+00 6.831395e-01 1.744186e-01 4.360465e-02
33417: 1.907246e+00 1.623188e+00 1.571014e+00 6.811594e-01 1.739130e-01 4.347826e-02
33417: 1.904624e+00 1.621387e+00 1.575145e+00 6.820809e-01 1.734104e-01 4.335260e-02
33417: 1.904899e+00 1.619597e+00 1.573487e+00 6.829971e-01 1.757925e-01 4.322767e-02
33417: 1.902299e+00 1.617816e+00 1.574713e+00 6.839080e-01 1.781609e-01 4.310345e-02
33417: 1.902579e+00 1.618911e+00 1.570201e+00 6.848138e-01 1.805158e-01 4.297994e-02
33417: 1.902857e+00 1.614286e+00 1.571429e+00 6.857143e-01 1.828571e-01 4.285714e-02
33417: 1.903134e+00 1.615385e+00 1.569801e+00 6.866097e-01 1.823362e-01 4.273504e-02
33417: 1.903409e+00 1.610795e+00 1.576705e+00 6.846591e-01 1.818182e-01 4.261364e-02
33417: 1.903683e+00 1.611898e+00 1.572238e+00 6.883853e-01 1.813031e-01 4.249292e-02
33417: 1.901130e+00 1.610169e+00 1.570621e+00 6.920904e-01 1.836158e-01 4.237288e-02
33417: 1.901408e+00 1.611268e+00 1.569014e+00 6.929577e-01 1.830986e-01 4.225352e-02
33417: 1.898876e+00 1.612360e+00 1.570225e+00 6.938202e-01 1.825843e-01 4.213483e-02
33417: 1.899160e+00 1.613445e+00 1.565826e+00 6.974790e-01 1.820728e-01 4.201681e-02
33417: 1.896648e+00 1.611732e+00 1.569832e+00 6.955307e-01 1.843575e-01 4.189944e-02
33417: 1.894150e+00 1.610028e+00 1.571031e+00 6.963788e-01 1.866295e-01 4.178273e-02
33417: 1.894444e+00 1.608333e+00 1.572222e+00 6.972222e-01 1.861111e-01 4.166667e-02
33417: 1.897507e+00 1.606648e+00 1.570637e+00 6.980609e-01 1.855956e-01 4.155125e-02
33417: 1.895028e+00 1.610497e+00 1.566298e+00 6.988950e-01 1.878453e-01 4.143646e-02
33417: 1.895317e+00 1.608815e+00 1.567493e+00 6.969697e-01 1.900826e-01 4.132231e-02
33417: 1.892857e+00 1.615385e+00 1.565934e+00 6.950549e-01 1.895604e-01 4.120879e-02
33417: 1.893151e+00 1.616438e+00 1.564384e+00 6.958904e-01 1.890411e-01 4.109589e-02
33417: 1.890710e+00 1.614754e+00 1.565574e+00 6.967213e-01 1.912568e-01 4.098361e-02
33417: 1.891008e+00 1.613079e+00 1.564033e+00 7.002725e-01 1.907357e-01 4.087193e-02
33417: 1.888587e+00 1.614130e+00 1.565217e+00 7.010870e-01 1.902174e-01 4.076087e-02
33417: 1.891599e+00 1.612466e+00 1.563686e+00 6.991870e-01 1.897019e-01 4.336043e-02
33417: 1.889189e+00 1.613514e+00 1.564865e+00 7.000000e-01 1.891892e-01 4.324324e-02
33417: 1.892183e+00 1.611860e+00 1.563342e+00 6.981132e-01 1.913747e-01 4.312668e-02
33417: 1.889785e+00 1.615591e+00 1.561828e+00 6.989247e-01 1.908602e-01 4.301075e-02
33417: 1.890080e+00 1.613941e+00 1.563003e+00 6.997319e-01 1.903485e-01 4.289544e-02
33417: 1.887701e+00 1.617647e+00 1.564171e+00 6.978610e-01 1.898396e-01 4.278075e-02
33417: 1.888000e+00 1.616000e+00 1.568000e+00 6.960000e-01 1.893333e-01 4.266667e-02
33417: 1.885638e+00 1.619681e+00 1.569149e+00 6.941489e-01 1.888298e-01 4.255319e-02
33417: 1.885942e+00 1.618037e+00 1.570292e+00 6.949602e-01 1.883289e-01 4.244032e-02
33417: 1.883598e+00 1.621693e+00 1.568783e+00 6.957672e-01 1.878307e-01 4.232804e-02
33417: 1.883905e+00 1.622691e+00 1.567282e+00 6.965699e-01 1.873351e-01 4.221636e-02
33417: 1.884211e+00 1.623684e+00 1.568421e+00 6.947368e-01 1.868421e-01 4.210526e-02
33417: 1.881890e+00 1.622047e+00 1.566929e+00 7.007874e-01 1.863517e-01 4.199475e-02
33417: 1.884817e+00 1.620419e+00 1.568063e+00 6.989529e-01 1.858639e-01 4.188482e-02
33417: 1.882507e+00 1.621410e+00 1.571802e+00 6.971279e-01 1.853786e-01 4.177546e-02
33417: 1.882812e+00 1.622396e+00 1.567708e+00 6.979167e-01 1.875000e-01 4.166667e-02
33417: 1.885714e+00 1.620779e+00 1.568831e+00 6.961039e-01 1.870130e-01 4.155844e-02
33417: 1.883420e+00 1.624352e+00 1.569948e+00 6.943005e-01 1.865285e-01 4.145078e-02
33417: 1.886305e+00 1.620155e+00 1.573643e+00 6.925065e-01 1.860465e-01 4.134367e-02
33417: 1.886598e+00 1.621134e+00 1.572165e+00 6.932990e-01 1.855670e-01 4.123711e-02
33417: 1.886889e+00 1.616967e+00 1.575835e+00 6.940874e-01 1.850900e-01 4.113111e-02
33417: 1.884615e+00 1.620513e+00 1.571795e+00 6.948718e-01 1.871795e-01 4.102564e-02
33417: 1.884910e+00 1.618926e+00 1.567775e+00 7.007673e-01 1.867008e-01 4.092072e-02
33417: 1.882653e+00 1.622449e+00 1.566327e+00 7.015306e-01 1.862245e-01 4.081633e-02
33417: 1.882952e+00 1.623410e+00 1.567430e+00 6.997455e-01 1.857506e-01 4.071247e-02
33417: 1.883249e+00 1.621827e+00 1.565990e+00 7.030457e-01 1.852792e-01 4.060914e-02
33417: 1.886076e+00 1.622785e+00 1.564557e+00 7.012658e-01 1.848101e-01 4.050633e-02
33417: 1.883838e+00 1.618687e+00 1.568182e+00 7.045455e-01 1.843434e-01 4.040404e-02
33417: 1.884131e+00 1.617128e+00 1.569270e+00 7.052897e-01 1.838791e-01 4.030227e-02
33417: 1.884422e+00 1.620603e+00 1.567839e+00 7.035176e-01 1.834171e-01 4.020101e-02
33417: 1.882206e+00 1.621554e+00 1.568922e+00 7.042607e-01 1.829574e-01 4.010025e-02
33417: 1.885000e+00 1.617500e+00 1.570000e+00 7.025000e-01 1.850000e-01 4.000000e-02
33417: 1.882793e+00 1.618454e+00 1.566085e+00 7.057357e-01 1.870324e-01 3.990025e-02
33417: 1.880597e+00 1.619403e+00 1.567164e+00 7.064677e-01 1.865672e-01 3.980100e-02
33417: 1.880893e+00 1.620347e+00 1.565757e+00 7.047146e-01 1.885856e-01 3.970223e-02
33417: 1.881188e+00 1.621287e+00 1.566832e+00 7.029703e-01 1.881188e-01 3.960396e-02
33417: 1.879012e+00 1.619753e+00 1.567901e+00 7.037037e-01 1.901235e-01 3.950617e-02
33417: 1.879310e+00 1.620690e+00 1.566502e+00 7.019704e-01 1.921182e-01 3.940887e-02
33417: 1.879607e+00 1.621622e+00 1.567568e+00 7.002457e-01 1.916462e-01 3.931204e-02
33417: 1.879902e+00 1.622549e+00 1.566176e+00 7.009804e-01 1.911765e-01 3.921569e-02
33417: 1.877751e+00 1.623472e+00 1.567237e+00 7.017115e-01 1.907090e-01 3.911980e-02
33417: 1.882927e+00 1.621951e+00 1.565854e+00 7.000000e-01 1.902439e-01 3.902439e-02
33417: 1.880779e+00 1.622871e+00 1.566910e+00 7.007299e-01 1.897810e-01 3.892944e-02
33417: 1.881068e+00 1.626214e+00 1.565534e+00 6.990291e-01 1.893204e-01 3.883495e-02
33417: 1.878935e+00 1.624697e+00 1.569007e+00 6.973366e-01 1.912833e-01 3.874092e-02
33417: 1.881643e+00 1.623188e+00 1.570048e+00 6.956522e-01 1.908213e-01 3.864734e-02
33417: 1.881928e+00 1.626506e+00 1.566265e+00 6.963855e-01 1.903614e-01 3.855422e-02
33417: 1.879808e+00 1.627404e+00 1.569712e+00 6.947115e-01 1.899038e-01 3.846154e-02
33417: 1.882494e+00 1.625899e+00 1.570743e+00 6.930456e-01 1.894484e-01 3.836930e-02
33417: 1.880383e+00 1.626794e+00 1.571770e+00 6.937799e-01 1.889952e-01 3.827751e-02
33417: 1.878282e+00 1.625298e+00 1.572792e+00 6.945107e-01 1.909308e-01 3.818616e-02
33417: 1.880952e+00 1.621429e+00 1.573810e+00 6.952381e-01 1.904762e-01 3.809524e-02
33417: 1.881235e+00 1.622328e+00 1.570071e+00 6.983373e-01 1.900238e-01 3.800475e-02
33417: 1.881517e+00 1.623223e+00 1.568720e+00 6.990521e-01 1.895735e-01 3.791469e-02
33417: 1.881797e+00 1.621749e+00 1.572104e+00 6.973995e-01 1.891253e-01 3.782506e-02
33417: 1.882075e+00 1.622642e+00 1.568396e+00 6.981132e-01 1.910377e-01 3.773585e-02
33417: 1.880000e+00 1.623529e+00 1.571765e+00 6.964706e-01 1.905882e-01 3.764706e-02
33417: 1.882629e+00 1.624413e+00 1.568075e+00 6.971831e-01 1.901408e-01 3.755869e-02
33417: 1.882904e+00 1.625293e+00 1.569087e+00 6.955504e-01 1.896956e-01 3.747073e-02
33417: 1.883178e+00 1.623832e+00 1.567757e+00 6.985981e-01 1.892523e-01 3.738318e-02
33417: 1.883450e+00 1.624709e+00 1.566434e+00 6.969697e-01 1.911422e-01 3.729604e-02
33417: 1.881395e+00 1.627907e+00 1.567442e+00 6.953488e-01 1.906977e-01 3.720930e-02
33417: 1.881671e+00 1.626450e+00 1.568445e+00 6.937355e-01 1.925754e-01 3.712297e-02
33417: 1.879630e+00 1.629630e+00 1.569444e+00 6.921296e-01 1.921296e-01 3.703704e-02
33417: 1.879908e+00 1.630485e+00 1.568129e+00 6.905312e-01 1.916859e-01 3.926097e-02
33417: 1.877880e+00 1.633641e+00 1.569124e+00 6.889401e-01 1.912442e-01 3.917051e-02
33417: 1.878161e+00 1.634483e+00 1.567816e+00 6.896552e-01 1.908046e-01 3.908046e-02
33417: 1.876147e+00 1.633028e+00 1.573394e+00 6.880734e-01 1.903670e-01 3.899083e-02
33417: 1.876430e+00 1.633867e+00 1.569794e+00 6.910755e-01 1.899314e-01 3.890160e-02
33417: 1.876712e+00 1.634703e+00 1.570776e+00 6.894977e-01 1.894977e-01 3.881279e-02
33417: 1.876993e+00 1.633257e+00 1.569476e+00 6.924829e-01 1.890661e-01 3.872437e-02
33417: 1.877273e+00 1.636364e+00 1.568182e+00 6.909091e-01 1.886364e-01 3.863636e-02
33417: 1.875283e+00 1.637188e+00 1.569161e+00 6.893424e-01 1.904762e-01 3.854875e-02
33417: 1.877828e+00 1.635747e+00 1.570136e+00 6.877828e-01 1.900452e-01 3.846154e-02
33417: 1.875847e+00 1.636569e+00 1.571106e+00 6.884876e-01 1.896163e-01 3.837472e-02
33417: 1.876126e+00 1.635135e+00 1.572072e+00 6.891892e-01 1.891892e-01 3.828829e-02
33417: 1.874157e+00 1.635955e+00 1.568539e+00 6.943820e-01 1.887640e-01 3.820225e-02
33417: 1.874439e+00 1.636771e+00 1.569507e+00 6.928251e-01 1.883408e-01 3.811659e-02
33417: 1.872483e+00 1.637584e+00 1.568233e+00 6.957494e-01 1.879195e-01 3.803132e-02
33417: 1.875000e+00 1.636161e+00 1.566964e+00 6.941964e-01 1.875000e-01 4.017857e-02
33417: 1.875278e+00 1.636971e+00 1.565702e+00 6.948775e-01 1.870824e-01 4.008909e-02
33417: 1.873333e+00 1.637778e+00 1.566667e+00 6.933333e-01 1.888889e-01 4.000000e-02
33417: 1.875831e+00 1.638581e+00 1.565410e+00 6.917960e-01 1.884701e-01 3.991131e-02
33417: 1.876106e+00 1.639381e+00 1.566372e+00 6.902655e-01 1.880531e-01 3.982301e-02
33417: 1.876380e+00 1.637969e+00 1.565121e+00 6.909492e-01 1.898455e-01 3.973510e-02
33417: 1.874449e+00 1.640969e+00 1.566079e+00 6.894273e-01 1.894273e-01 3.964758e-02
33417: 1.874725e+00 1.639560e+00 1.569231e+00 6.879121e-01 1.890110e-01 3.956044e-02
33417: 1.872807e+00 1.642544e+00 1.570175e+00 6.864035e-01 1.885965e-01 3.947368e-02
33417: 1.873085e+00 1.645514e+00 1.566740e+00 6.870897e-01 1.881838e-01 3.938731e-02
33417: 1.873362e+00 1.644105e+00 1.569869e+00 6.855895e-01 1.877729e-01 3.930131e-02
33417: 1.875817e+00 1.644880e+00 1.568627e+00 6.840959e-01 1.873638e-01 3.921569e-02
33417: 1.873913e+00 1.643478e+00 1.573913e+00 6.826087e-01 1.869565e-01 3.913043e-02
33417: 1.872017e+00 1.644252e+00 1.572668e+00 6.832972e-01 1.887202e-01 3.904555e-02
33417: 1.872294e+00 1.645022e+00 1.571429e+00 6.839827e-01 1.883117e-01 3.896104e-02
33417: 1.870410e+00 1.645788e+00 1.570194e+00 6.868251e-01 1.879050e-01 3.887689e-02
33417: 1.868534e+00 1.644397e+00 1.568966e+00 6.918103e-01 1.875000e-01 3.879310e-02
33417: 1.868817e+00 1.643011e+00 1.569892e+00 6.903226e-01 1.892473e-01 3.870968e-02
33417: 1.866953e+00 1.645923e+00 1.570815e+00 6.888412e-01 1.888412e-01 3.862661e-02
33417: 1.867238e+00 1.644540e+00 1.571734e+00 6.895075e-01 1.884368e-01 3.854390e-02
33417: 1.865385e+00 1.645299e+00 1.570513e+00 6.901709e-01 1.901709e-01 3.846154e-02
33417: 1.863539e+00 1.646055e+00 1.569296e+00 6.929638e-01 1.897655e-01 3.837953e-02
33417: 1.865957e+00 1.644681e+00 1.568085e+00 6.936170e-01 1.893617e-01 3.829787e-02
33417: 1.866242e+00 1.647558e+00 1.566879e+00 6.921444e-01 1.889597e-01 3.821656e-02
33417: 1.864407e+00 1.644068e+00 1.572034e+00 6.927966e-01 1.885593e-01 3.813559e-02
33417: 1.864693e+00 1.646934e+00 1.568710e+00 6.934461e-01 1.881607e-01 3.805497e-02
33417: 1.864979e+00 1.647679e+00 1.569620e+00 6.919831e-01 1.877637e-01 3.797468e-02
33417: 1.865263e+00 1.644211e+00 1.570526e+00 6.947368e-01 1.873684e-01 3.789474e-02
33417: 1.865546e+00 1.647059e+00 1.567227e+00 6.953782e-01 1.869748e-01 3.781513e-02
33417: 1.865828e+00 1.645702e+00 1.570231e+00 6.939203e-01 1.865828e-01 3.773585e-02
33417: 1.864017e+00 1.648536e+00 1.569038e+00 6.945607e-01 1.861925e-01 3.765690e-02
33417: 1.866388e+00 1.647182e+00 1.567850e+00 6.951983e-01 1.858038e-01 3.757829e-02
33417: 1.866667e+00 1.650000e+00 1.566667e+00 6.937500e-01 1.854167e-01 3.750000e-02
33417: 1.866944e+00 1.650728e+00 1.567568e+00 6.923077e-01 1.850312e-01 3.742204e-02
33417: 1.867220e+00 1.651452e+00 1.566390e+00 6.929461e-01 1.846473e-01 3.734440e-02
33417: 1.867495e+00 1.652174e+00 1.567288e+00 6.915114e-01 1.842650e-01 3.726708e-02
33417: 1.867769e+00 1.648760e+00 1.570248e+00 6.921488e-01 1.838843e-01 3.719008e-02
33417: 1.865979e+00 1.647423e+00 1.569072e+00 6.969072e-01 1.835052e-01 3.711340e-02
33417: 1.864198e+00 1.648148e+00 1.572016e+00 6.954733e-01 1.831276e-01 3.703704e-02
33417: 1.866530e+00 1.646817e+00 1.570842e+00 6.960986e-01 1.827515e-01 3.696099e-02
33417: 1.866803e+00 1.647541e+00 1.569672e+00 6.967213e-01 1.823770e-01 3.688525e-02
33417: 1.865031e+00 1.646217e+00 1.572597e+00 6.973415e-01 1.820041e-01 3.680982e-02
33417: 1.863265e+00 1.646939e+00 1.571429e+00 6.979592e-01 1.836735e-01 3.673469e-02
33417: 1.865580e+00 1.647658e+00 1.568228e+00 6.985743e-01 1.832994e-01 3.665988e-02
33417: 1.863821e+00 1.646341e+00 1.573171e+00 6.971545e-01 1.829268e-01 3.658537e-02
33417: 1.864097e+00 1.645030e+00 1.569980e+00 7.018256e-01 1.825558e-01 3.651116e-02
33417: 1.864372e+00 1.645749e+00 1.570850e+00 7.004049e-01 1.821862e-01 3.643725e-02
33417: 1.862626e+00 1.646465e+00 1.567677e+00 7.050505e-01 1.818182e-01 3.636364e-02
33417: 1.860887e+00 1.647177e+00 1.568548e+00 7.056452e-01 1.814516e-01 3.629032e-02
33417: 1.861167e+00 1.647887e+00 1.567404e+00 7.042254e-01 1.830986e-01 3.621730e-02
33417: 1.861446e+00 1.646586e+00 1.570281e+00 7.028112e-01 1.827309e-01 3.614458e-02
33417: 1.861723e+00 1.649299e+00 1.567134e+00 7.034068e-01 1.823647e-01 3.607214e-02
33417: 1.864000e+00 1.648000e+00 1.568000e+00 7.020000e-01 1.820000e-01 3.600000e-02
33417: 1.866267e+00 1.648703e+00 1.566866e+00 7.005988e-01 1.816367e-01 3.592814e-02
33417: 1.866534e+00 1.647410e+00 1.567729e+00 7.011952e-01 1.812749e-01 3.585657e-02
33417: 1.866799e+00 1.648111e+00 1.568588e+00 6.998012e-01 1.809145e-01 3.578529e-02
33417: 1.867063e+00 1.646825e+00 1.567460e+00 7.023810e-01 1.805556e-01 3.571429e-02
33417: 1.865347e+00 1.649505e+00 1.566337e+00 7.029703e-01 1.801980e-01 3.564356e-02
33417: 1.865613e+00 1.648221e+00 1.567194e+00 7.015810e-01 1.818182e-01 3.557312e-02
33417: 1.865878e+00 1.650888e+00 1.566075e+00 7.001972e-01 1.814596e-01 3.550296e-02
33417: 1.866142e+00 1.649606e+00 1.568898e+00 6.988189e-01 1.811024e-01 3.543307e-02
33417: 1.864440e+00 1.654224e+00 1.567780e+00 6.974460e-01 1.807466e-01 3.536346e-02
33417: 1.866667e+00 1.652941e+00 1.568627e+00 6.960784e-01 1.803922e-01 3.529412e-02
33417: 1.864971e+00 1.655577e+00 1.567515e+00 6.966732e-01 1.800391e-01 3.522505e-02
33417: 1.865234e+00 1.654297e+00 1.568359e+00 6.972656e-01 1.796875e-01 3.515625e-02
33417: 1.865497e+00 1.656920e+00 1.567251e+00 6.959064e-01 1.793372e-01 3.508772e-02
33417: 1.865759e+00 1.653696e+00 1.571984e+00 6.945525e-01 1.789883e-01 3.501946e-02
33417: 1.864078e+00 1.656311e+00 1.568932e+00 6.951456e-01 1.805825e-01 3.495146e-02
33417: 1.866279e+00 1.655039e+00 1.569767e+00 6.937984e-01 1.802326e-01 3.488372e-02
33417: 1.864603e+00 1.655706e+00 1.572534e+00 6.924565e-01 1.798839e-01 3.481625e-02
33417: 1.864865e+00 1.656371e+00 1.571429e+00 6.930502e-01 1.795367e-01 3.474903e-02
33417: 1.863198e+00 1.657033e+00 1.572254e+00 6.936416e-01 1.791908e-01 3.468208e-02
33417: 1.861538e+00 1.657692e+00 1.573077e+00 6.942308e-01 1.788462e-01 3.461538e-02
33417: 1.861804e+00 1.658349e+00 1.571977e+00 6.948177e-01 1.785029e-01 3.454894e-02
33417: 1.860153e+00 1.655172e+00 1.572797e+00 6.973180e-01 1.800766e-01 3.448276e-02
33417: 1.860421e+00 1.653920e+00 1.569790e+00 6.998088e-01 1.816444e-01 3.441683e-02
33417: 1.860687e+00 1.654580e+00 1.568702e+00 7.003817e-01 1.812977e-01 3.435115e-02
33417: 1.860952e+00 1.651429e+00 1.573333e+00 6.990476e-01 1.809524e-01 3.428571e-02
33417: 1.859316e+00 1.653992e+00 1.570342e+00 7.015209e-01 1.806084e-01 3.422053e-02
33417: 1.861480e+00 1.652751e+00 1.567362e+00 7.039848e-01 1.802657e-01 3.415560e-02
33417: 1.861742e+00 1.651515e+00 1.570076e+00 7.026515e-01 1.799242e-01 3.409091e-02
33417: 1.860113e+00 1.650284e+00 1.570888e+00 7.051040e-01 1.795841e-01 3.402647e-02
33417: 1.860377e+00 1.650943e+00 1.567925e+00 7.075472e-01 1.792453e-01 3.396226e-02
33417: 1.858757e+00 1.649718e+00 1.570621e+00 7.080979e-01 1.789077e-01 3.389831e-02
33417: 1.860902e+00 1.648496e+00 1.567669e+00 7.086466e-01 1.804511e-01 3.383459e-02
33417: 1.859287e+00 1.649156e+00 1.568480e+00 7.091932e-01 1.801126e-01 3.377111e-02
33417: 1.861423e+00 1.649813e+00 1.567416e+00 7.078652e-01 1.797753e-01 3.370787e-02
33417: 1.859813e+00 1.650467e+00 1.570093e+00 7.065421e-01 1.794393e-01 3.364486e-02
33417: 1.860075e+00 1.649254e+00 1.569030e+00 7.089552e-01 1.791045e-01 3.358209e-02
33417: 1.858473e+00 1.649907e+00 1.571695e+00 7.076350e-01 1.787709e-01 3.351955e-02
33417: 1.858736e+00 1.650558e+00 1.570632e+00 7.081784e-01 1.784387e-01 3.345725e-02
33417: 1.860853e+00 1.649351e+00 1.569573e+00 7.087199e-01 1.781076e-01 3.339518e-02
33417: 1.861111e+00 1.650000e+00 1.568519e+00 7.074074e-01 1.796296e-01 3.333333e-02
33417: 1.861368e+00 1.648799e+00 1.571165e+00 7.060998e-01 1.792976e-01 3.327172e-02
33417: 1.863469e+00 1.649446e+00 1.568266e+00 7.066421e-01 1.789668e-01 3.321033e-02
33417: 1.861878e+00 1.648250e+00 1.570902e+00 7.053407e-01 1.804788e-01 3.314917e-02
33417: 1.863971e+00 1.647059e+00 1.568015e+00 7.077206e-01 1.801471e-01 3.308824e-02
33417: 1.862385e+00 1.647706e+00 1.568807e+00 7.064220e-01 1.816514e-01 3.302752e-02
33417: 1.862637e+00 1.648352e+00 1.569597e+00 7.051282e-01 1.813187e-01 3.296703e-02
33417: 1.862888e+00 1.647166e+00 1.570384e+00 7.056673e-01 1.809872e-01 3.290676e-02
33417: 1.864964e+00 1.647810e+00 1.567518e+00 7.062044e-01 1.806569e-01 3.284672e-02
33417: 1.863388e+00 1.644809e+00 1.570128e+00 7.085610e-01 1.803279e-01 3.278689e-02
33417: 1.863636e+00 1.643636e+00 1.570909e+00 7.090909e-01 1.800000e-01 3.272727e-02
33417: 1.862069e+00 1.646098e+00 1.569873e+00 7.096189e-01 1.796733e-01 3.266788e-02
33417: 1.862319e+00 1.644928e+00 1.568841e+00 7.101449e-01 1.811594e-01 3.260870e-02
33417: 1.862568e+00 1.647378e+00 1.567812e+00 7.088608e-01 1.808318e-01 3.254973e-02
33417: 1.861011e+00 1.648014e+00 1.568592e+00 7.093863e-01 1.805054e-01 3.249097e-02
33417: 1.861261e+00 1.646847e+00 1.567568e+00 7.117117e-01 1.801802e-01 3.243243e-02
33417: 1.859712e+00 1.649281e+00 1.566547e+00 7.122302e-01 1.798561e-01 3.237410e-02
33417: 1.859964e+00 1.648115e+00 1.567325e+00 7.127469e-01 1.795332e-01 3.231598e-02
33417: 1.860215e+00 1.648746e+00 1.566308e+00 7.132616e-01 1.792115e-01 3.225806e-02
33417: 1.860465e+00 1.647585e+00 1.567084e+00 7.119857e-01 1.806798e-01 3.220036e-02
33417: 1.858929e+00 1.650000e+00 1.567857e+00 7.107143e-01 1.803571e-01 3.214286e-02
33417: 1.859180e+00 1.650624e+00 1.568627e+00 7.094474e-01 1.800357e-01 3.208556e-02
33417: 1.857651e+00 1.653025e+00 1.567616e+00 7.099644e-01 1.797153e-01 3.202847e-02
33417: 1.857904e+00 1.651865e+00 1.566607e+00 7.087034e-01 1.829485e-01 3.197158e-02
33417: 1.856383e+00 1.654255e+00 1.567376e+00 7.074468e-01 1.826241e-01 3.191489e-02
33417: 1.856637e+00 1.654867e+00 1.566372e+00 7.079646e-01 1.823009e-01 3.185841e-02
33417: 1.855124e+00 1.653710e+00 1.570671e+00 7.067138e-01 1.819788e-01 3.180212e-02
33417: 1.857143e+00 1.652557e+00 1.567901e+00 7.089947e-01 1.816578e-01 3.174603e-02
33417: 1.855634e+00 1.653169e+00 1.566901e+00 7.095070e-01 1.813380e-01 3.345070e-02
33417: 1.857645e+00 1.653779e+00 1.565905e+00 7.082601e-01 1.810193e-01 3.339192e-02
33417: 1.857895e+00 1.654386e+00 1.566667e+00 7.070175e-01 1.807018e-01 3.333333e-02
33417: 1.858144e+00 1.653240e+00 1.565674e+00 7.075306e-01 1.821366e-01 3.327496e-02
33417: 1.858392e+00 1.653846e+00 1.566434e+00 7.062937e-01 1.818182e-01 3.321678e-02
33417: 1.858639e+00 1.652705e+00 1.567190e+00 7.068063e-01 1.815009e-01 3.315881e-02
33417: 1.857143e+00 1.656794e+00 1.566202e+00 7.055749e-01 1.811847e-01 3.310105e-02
33417: 1.859130e+00 1.657391e+00 1.565217e+00 7.043478e-01 1.808696e-01 3.304348e-02
33417: 1.857639e+00 1.656250e+00 1.569444e+00 7.031250e-01 1.805556e-01 3.298611e-02
33417: 1.857886e+00 1.655113e+00 1.570191e+00 7.036395e-01 1.802426e-01 3.292894e-02
33417: 1.856401e+00 1.655709e+00 1.569204e+00 7.041522e-01 1.816609e-01 3.287197e-02
33417: 1.856649e+00 1.654577e+00 1.571675e+00 7.029361e-01 1.813472e-01 3.281520e-02
33417: 1.856897e+00 1.653448e+00 1.570690e+00 7.034483e-01 1.827586e-01 3.275862e-02
33417: 1.855422e+00 1.655766e+00 1.569707e+00 7.039587e-01 1.824441e-01 3.270224e-02
33417: 1.855670e+00 1.656357e+00 1.568729e+00 7.027491e-01 1.838488e-01 3.264605e-02
33417: 1.854202e+00 1.656947e+00 1.571184e+00 7.015437e-01 1.835334e-01 3.259005e-02
33417: 1.856164e+00 1.655822e+00 1.570205e+00 7.020548e-01 1.832192e-01 3.253425e-02
33417: 1.854701e+00 1.658120e+00 1.567521e+00 7.025641e-01 1.829060e-01 3.418803e-02
33417: 1.853242e+00 1.658703e+00 1.569966e+00 7.013652e-01 1.825939e-01 3.412969e-02
33417: 1.855196e+00 1.657581e+00 1.568995e+00 7.018739e-01 1.822828e-01 3.407155e-02
33417: 1.855442e+00 1.659864e+00 1.568027e+00 7.006803e-01 1.819728e-01 3.401361e-02
33417: 1.853990e+00 1.660441e+00 1.570458e+00 6.994907e-01 1.816638e-01 3.395586e-02
33417: 1.855932e+00 1.661017e+00 1.567797e+00 7.000000e-01 1.813559e-01 3.389831e-02
33417: 1.854484e+00 1.661591e+00 1.568528e+00 6.988156e-01 1.827411e-01 3.384095e-02
33417: 1.854730e+00 1.662162e+00 1.567568e+00 6.993243e-01 1.824324e-01 3.378378e-02
33417: 1.853288e+00 1.664418e+00 1.568297e+00 6.981450e-01 1.821248e-01 3.372681e-02
33417: 1.853535e+00 1.663300e+00 1.569024e+00 6.969697e-01 1.835017e-01 3.367003e-02
33417: 1.852101e+00 1.665546e+00 1.569748e+00 6.957983e-01 1.831933e-01 3.361345e-02
33417: 1.852349e+00 1.664430e+00 1.570470e+00 6.963087e-01 1.828859e-01 3.355705e-02
33417: 1.850921e+00 1.666667e+00 1.569514e+00 6.968174e-01 1.825796e-01 3.350084e-02
33417: 1.851171e+00 1.668896e+00 1.568562e+00 6.956522e-01 1.822742e-01 3.344482e-02
33417: 1.849750e+00 1.669449e+00 1.569282e+00 6.961603e-01 1.819699e-01 3.338898e-02
33417: 1.850000e+00 1.670000e+00 1.570000e+00 6.950000e-01 1.816667e-01 3.333333e-02
33417: 1.850250e+00 1.668885e+00 1.569052e+00 6.971714e-01 1.813644e-01 3.327787e-02
33417: 1.848837e+00 1.669435e+00 1.571429e+00 6.960133e-01 1.810631e-01 3.322259e-02
33417: 1.847430e+00 1.666667e+00 1.575456e+00 6.965174e-01 1.807629e-01 3.316750e-02
33417: 1.847682e+00 1.668874e+00 1.572848e+00 6.970199e-01 1.804636e-01 3.311258e-02
33417: 1.846281e+00 1.669421e+00 1.573554e+00 6.975207e-01 1.801653e-01 3.305785e-02
33417: 1.846535e+00 1.669967e+00 1.570957e+00 6.996700e-01 1.798680e-01 3.300330e-02
33417: 1.845140e+00 1.668863e+00 1.573311e+00 7.001647e-01 1.795717e-01 3.294893e-02
33417: 1.845395e+00 1.667763e+00 1.572368e+00 7.006579e-01 1.809211e-01 3.289474e-02
33417: 1.844007e+00 1.669951e+00 1.571429e+00 7.011494e-01 1.806240e-01 3.284072e-02
33417: 1.845902e+00 1.670492e+00 1.568852e+00 7.016393e-01 1.803279e-01 3.278689e-02
33417: 1.846154e+00 1.669394e+00 1.569558e+00 7.004910e-01 1.816694e-01 3.273322e-02
33417: 1.844771e+00 1.671569e+00 1.568627e+00 7.009804e-01 1.813725e-01 3.267974e-02
33417: 1.846656e+00 1.672104e+00 1.567700e+00 6.998369e-01 1.810767e-01 3.262643e-02
33417: 1.846906e+00 1.671010e+00 1.570033e+00 6.986971e-01 1.807818e-01 3.257329e-02
33417: 1.847154e+00 1.671545e+00 1.569106e+00 6.991870e-01 1.804878e-01 3.252033e-02
33417: 1.845779e+00 1.673701e+00 1.569805e+00 6.980519e-01 1.801948e-01 3.246753e-02
33417: 1.846029e+00 1.672609e+00 1.570502e+00 6.969206e-01 1.815235e-01 3.241491e-02
33417: 1.846278e+00 1.673139e+00 1.567961e+00 6.974110e-01 1.828479e-01 3.236246e-02
33417: 1.846527e+00 1.672052e+00 1.570275e+00 6.962843e-01 1.825525e-01 3.231018e-02
33417: 1.846774e+00 1.672581e+00 1.567742e+00 6.967742e-01 1.838710e-01 3.225806e-02
33417: 1.847021e+00 1.669887e+00 1.570048e+00 6.972625e-01 1.835749e-01 3.220612e-02
33417: 1.845659e+00 1.670418e+00 1.570740e+00 6.977492e-01 1.832797e-01 3.215434e-02
33417: 1.844302e+00 1.669342e+00 1.571429e+00 6.982343e-01 1.845907e-01 3.210273e-02
33417: 1.846154e+00 1.668269e+00 1.568910e+00 7.003205e-01 1.842949e-01 3.205128e-02
33417: 1.844800e+00 1.668800e+00 1.571200e+00 6.992000e-01 1.840000e-01 3.200000e-02
33417: 1.845048e+00 1.667732e+00 1.570288e+00 7.012780e-01 1.837061e-01 3.194888e-02
33417: 1.845295e+00 1.669856e+00 1.567783e+00 7.017544e-01 1.834131e-01 3.189793e-02
33417: 1.843949e+00 1.670382e+00 1.568471e+00 7.006369e-01 1.847134e-01 3.184713e-02
33417: 1.845787e+00 1.667727e+00 1.569157e+00 6.995231e-01 1.860095e-01 3.179650e-02
33417: 1.846032e+00 1.668254e+00 1.568254e+00 7.000000e-01 1.857143e-01 3.174603e-02
33417: 1.846276e+00 1.667195e+00 1.568938e+00 7.004754e-01 1.854200e-01 3.169572e-02
33417: 1.846519e+00 1.669304e+00 1.568038e+00 6.993671e-01 1.851266e-01 3.164557e-02
33417: 1.845182e+00 1.669826e+00 1.570300e+00 6.982622e-01 1.848341e-01 3.159558e-02
33417: 1.845426e+00 1.670347e+00 1.569401e+00 6.987382e-01 1.845426e-01 3.154574e-02
33417: 1.844094e+00 1.670866e+00 1.571654e+00 6.976378e-01 1.842520e-01 3.149606e-02
33417: 1.844340e+00 1.669811e+00 1.572327e+00 6.981132e-01 1.839623e-01 3.144654e-02
33417: 1.844584e+00 1.670330e+00 1.571429e+00 6.985871e-01 1.836735e-01 3.139717e-02
33417: 1.843260e+00 1.669279e+00 1.573668e+00 6.990596e-01 1.833856e-01 3.134796e-02
33417: 1.841941e+00 1.669797e+00 1.574335e+00 6.995305e-01 1.830986e-01 3.129890e-02
33417: 1.842188e+00 1.671875e+00 1.571875e+00 7.000000e-01 1.828125e-01 3.125000e-02
33417: 1.842434e+00 1.670827e+00 1.572543e+00 7.004680e-01 1.825273e-01 3.120125e-02
33417: 1.842679e+00 1.671340e+00 1.571651e+00 7.009346e-01 1.822430e-01 3.115265e-02
33417: 1.842924e+00 1.670295e+00 1.570762e+00 7.029549e-01 1.819596e-01 3.110420e-02
33417: 1.843168e+00 1.670807e+00 1.569876e+00 7.034161e-01 1.816770e-01 3.105590e-02
33417: 1.841860e+00 1.669767e+00 1.570543e+00 7.038760e-01 1.829457e-01 3.100775e-02
33417: 1.843653e+00 1.668731e+00 1.569659e+00 7.043344e-01 1.826625e-01 3.095975e-02
33417: 1.842349e+00 1.669243e+00 1.571870e+00 7.032457e-01 1.823802e-01 3.091190e-02
33417: 1.844136e+00 1.668210e+00 1.570988e+00 7.037037e-01 1.820988e-01 3.086420e-02
33417: 1.842835e+00 1.670262e+00 1.570108e+00 7.041602e-01 1.818182e-01 3.081664e-02
33417: 1.843077e+00 1.670769e+00 1.569231e+00 7.046154e-01 1.815385e-01 3.076923e-02
33417: 1.841782e+00 1.669739e+00 1.569892e+00 7.035330e-01 1.827957e-01 3.225806e-02
33417: 1.843558e+00 1.668712e+00 1.570552e+00 7.024540e-01 1.825153e-01 3.220859e-02
33417: 1.842266e+00 1.669219e+00 1.571210e+00 7.029096e-01 1.822358e-01 3.215926e-02
33417: 1.844037e+00 1.669725e+00 1.568807e+00 7.033639e-01 1.819572e-01 3.211009e-02
33417: 1.842748e+00 1.670229e+00 1.569466e+00 7.038168e-01 1.816794e-01 3.206107e-02
33417: 1.841463e+00 1.667683e+00 1.571646e+00 7.042683e-01 1.829268e-01 3.201220e-02
33417: 1.841705e+00 1.666667e+00 1.570776e+00 7.047184e-01 1.841705e-01 3.196347e-02
33417: 1.841945e+00 1.668693e+00 1.568389e+00 7.051672e-01 1.838906e-01 3.191489e-02
33417: 1.842185e+00 1.666161e+00 1.572079e+00 7.040971e-01 1.836115e-01 3.186646e-02
33417: 1.842424e+00 1.666667e+00 1.569697e+00 7.060606e-01 1.833333e-01 3.181818e-02
33417: 1.842663e+00 1.667171e+00 1.570348e+00 7.049924e-01 1.830560e-01 3.177005e-02
33417: 1.841390e+00 1.667674e+00 1.569486e+00 7.069486e-01 1.827795e-01 3.172205e-02
33417: 1.843137e+00 1.668175e+00 1.568627e+00 7.058824e-01 1.825038e-01 3.167421e-02
33417: 1.844880e+00 1.667169e+00 1.569277e+00 7.048193e-01 1.822289e-01 3.162651e-02
33417: 1.845113e+00 1.667669e+00 1.568421e+00 7.052632e-01 1.819549e-01 3.157895e-02
33417: 1.843844e+00 1.669670e+00 1.569069e+00 7.042042e-01 1.816817e-01 3.153153e-02
33417: 1.845577e+00 1.670165e+00 1.568216e+00 7.031484e-01 1.814093e-01 3.148426e-02
33417: 1.844311e+00 1.670659e+00 1.568862e+00 7.020958e-01 1.826347e-01 3.143713e-02
33417: 1.843049e+00 1.671151e+00 1.571001e+00 7.010463e-01 1.823617e-01 3.139013e-02
33417: 1.843284e+00 1.671642e+00 1.570149e+00 7.014925e-01 1.820896e-01 3.134328e-02
33417: 1.842027e+00 1.670641e+00 1.569300e+00 7.034277e-01 1.833085e-01 3.129657e-02
33417: 1.842262e+00 1.668155e+00 1.571429e+00 7.038690e-01 1.830357e-01 3.125000e-02
33417: 1.841010e+00 1.668648e+00 1.572065e+00 7.043091e-01 1.827637e-01 3.120357e-02
33417: 1.839763e+00 1.670623e+00 1.571217e+00 7.047478e-01 1.824926e-01 3.115727e-02
33417: 1.840000e+00 1.671111e+00 1.568889e+00 7.066667e-01 1.822222e-01 3.111111e-02
33417: 1.841716e+00 1.670118e+00 1.569527e+00 7.056213e-01 1.819527e-01 3.106509e-02
33417: 1.841950e+00 1.670606e+00 1.568685e+00 7.045790e-01 1.831610e-01 3.101920e-02
33417: 1.840708e+00 1.669617e+00 1.570796e+00 7.050147e-01 1.828909e-01 3.097345e-02
33417: 1.842415e+00 1.668630e+00 1.569956e+00 7.054492e-01 1.826215e-01 3.092784e-02
33417: 1.842647e+00 1.669118e+00 1.569118e+00 7.058824e-01 1.823529e-01 3.088235e-02
33417: 1.841410e+00 1.669604e+00 1.569750e+00 7.048458e-01 1.835536e-01 3.083700e-02
33417: 1.843109e+00 1.667155e+00 1.570381e+00 7.052786e-01 1.832845e-01 3.079179e-02
33417: 1.843338e+00 1.669107e+00 1.568082e+00 7.057101e-01 1.830161e-01 3.074671e-02
33417: 1.843567e+00 1.669591e+00 1.568713e+00 7.046784e-01 1.827485e-01 3.070175e-02
33417: 1.843796e+00 1.667153e+00 1.570803e+00 7.051095e-01 1.824818e-01 3.065693e-02
33417: 1.842566e+00 1.669096e+00 1.568513e+00 7.055394e-01 1.836735e-01 3.061224e-02
33417: 1.845706e+00 1.666667e+00 1.569141e+00 7.045124e-01 1.834061e-01 3.056769e-02
33417: 1.845930e+00 1.667151e+00 1.568314e+00 7.049419e-01 1.831395e-01 3.052326e-02
33417: 1.844702e+00 1.666183e+00 1.570392e+00 7.053701e-01 1.828737e-01 3.047896e-02
33417: 1.847826e+00 1.665217e+00 1.568116e+00 7.057971e-01 1.826087e-01 3.043478e-02
33417: 1.848046e+00 1.665702e+00 1.568741e+00 7.047757e-01 1.823444e-01 3.039074e-02
33417: 1.848266e+00 1.664740e+00 1.569364e+00 7.052023e-01 1.820809e-01 3.034682e-02
33417: 1.847042e+00 1.666667e+00 1.569986e+00 7.041847e-01 1.818182e-01 3.030303e-02
33417: 1.847262e+00 1.665706e+00 1.570605e+00 7.046110e-01 1.815562e-01 3.025937e-02
33417: 1.847482e+00 1.664748e+00 1.569784e+00 7.050360e-01 1.827338e-01 3.021583e-02
33417: 1.846264e+00 1.665230e+00 1.568966e+00 7.040230e-01 1.853448e-01 3.017241e-02
33417: 1.845050e+00 1.668580e+00 1.568149e+00 7.030129e-01 1.850789e-01 3.012912e-02
33417: 1.845272e+00 1.667622e+00 1.570201e+00 7.020057e-01 1.848138e-01 3.008596e-02
33417: 1.846924e+00 1.668097e+00 1.567954e+00 7.024320e-01 1.845494e-01 3.004292e-02
33417: 1.845714e+00 1.667143e+00 1.570000e+00 7.028571e-01 1.842857e-01 3.000000e-02
33417: 1.844508e+00 1.669044e+00 1.567760e+00 7.032810e-01 1.854494e-01 2.995720e-02
33417: 1.844729e+00 1.668091e+00 1.568376e+00 7.022792e-01 1.866097e-01 2.991453e-02
33417: 1.844950e+00 1.669986e+00 1.567568e+00 7.012802e-01 1.863442e-01 2.987198e-02
33417: 1.843750e+00 1.669034e+00 1.569602e+00 7.017045e-01 1.860795e-01 2.982955e-02
33417: 1.845390e+00 1.668085e+00 1.570213e+00 7.007092e-01 1.858156e-01 2.978723e-02
33417: 1.845609e+00 1.669972e+00 1.567989e+00 7.011331e-01 1.855524e-01 2.974504e-02
33417: 1.845827e+00 1.670438e+00 1.568600e+00 7.001414e-01 1.852900e-01 2.970297e-02
33417: 1.844633e+00 1.670904e+00 1.569209e+00 7.005650e-01 1.850282e-01 2.966102e-02
33417: 1.843441e+00 1.671368e+00 1.569817e+00 7.009873e-01 1.847673e-01 2.961918e-02
33417: 1.843662e+00 1.670423e+00 1.570423e+00 7.014085e-01 1.845070e-01 2.957746e-02
33417: 1.842475e+00 1.670886e+00 1.569620e+00 7.032349e-01 1.842475e-01 2.953586e-02
33417: 1.842697e+00 1.669944e+00 1.571629e+00 7.022472e-01 1.839888e-01 2.949438e-02
33417: 1.842917e+00 1.670407e+00 1.570827e+00 7.026648e-01 1.837307e-01 2.945302e-02
33417: 1.841737e+00 1.669468e+00 1.571429e+00 7.030812e-01 1.848739e-01 2.941176e-02
33417: 1.840559e+00 1.669930e+00 1.572028e+00 7.034965e-01 1.846154e-01 2.937063e-02
33417: 1.840782e+00 1.670391e+00 1.571229e+00 7.039106e-01 1.843575e-01 2.932961e-02
33417: 1.839609e+00 1.670851e+00 1.571827e+00 7.043236e-01 1.841004e-01 2.928870e-02
33417: 1.838440e+00 1.674095e+00 1.569638e+00 7.047354e-01 1.838440e-01 2.924791e-02
33417: 1.838665e+00 1.675939e+00 1.568846e+00 7.037552e-01 1.835883e-01 2.920723e-02
33417: 1.837500e+00 1.676389e+00 1.570833e+00 7.027778e-01 1.833333e-01 2.916667e-02
33417: 1.837725e+00 1.675451e+00 1.570042e+00 7.045770e-01 1.830791e-01 2.912621e-02
33417: 1.836565e+00 1.677285e+00 1.569252e+00 7.049861e-01 1.828255e-01 2.908587e-02
33417: 1.836791e+00 1.676349e+00 1.571231e+00 7.040111e-01 1.825726e-01 2.904564e-02
33417: 1.837017e+00 1.678177e+00 1.569061e+00 7.044199e-01 1.823204e-01 2.900552e-02
33417: 1.837241e+00 1.677241e+00 1.569655e+00 7.048276e-01 1.820690e-01 2.896552e-02
33417: 1.836088e+00 1.679063e+00 1.568871e+00 7.038567e-01 1.831956e-01 2.892562e-02
33417: 1.837689e+00 1.678129e+00 1.568088e+00 7.028886e-01 1.843191e-01 2.888583e-02
33417: 1.837912e+00 1.678571e+00 1.568681e+00 7.019231e-01 1.840659e-01 2.884615e-02
33417: 1.836763e+00 1.677641e+00 1.567901e+00 7.050754e-01 1.838134e-01 2.880658e-02
33417: 1.836986e+00 1.678082e+00 1.568493e+00 7.041096e-01 1.835616e-01 2.876712e-02
33417: 1.835841e+00 1.675787e+00 1.571819e+00 7.045144e-01 1.833105e-01 2.872777e-02
33417: 1.837432e+00 1.676230e+00 1.569672e+00 7.049180e-01 1.830601e-01 2.868852e-02
33417: 1.839018e+00 1.675307e+00 1.570259e+00 7.039563e-01 1.828104e-01 2.864939e-02
33417: 1.837875e+00 1.675749e+00 1.568120e+00 7.057221e-01 1.839237e-01 2.861035e-02
33417: 1.839456e+00 1.674830e+00 1.567347e+00 7.047619e-01 1.850340e-01 2.857143e-02
33417: 1.838315e+00 1.676630e+00 1.567935e+00 7.038043e-01 1.847826e-01 2.853261e-02
33417: 1.838535e+00 1.675712e+00 1.568521e+00 7.028494e-01 1.845319e-01 2.985075e-02
33417: 1.837398e+00 1.677507e+00 1.569106e+00 7.018970e-01 1.842818e-01 2.981030e-02
33417: 1.837618e+00 1.677943e+00 1.569689e+00 7.009472e-01 1.840325e-01 2.976996e-02
33417: 1.836486e+00 1.678378e+00 1.568919e+00 7.013514e-01 1.851351e-01 2.972973e-02
33417: 1.838057e+00 1.678812e+00 1.568151e+00 7.004049e-01 1.848853e-01 2.968961e-02
33417: 1.836927e+00 1.679245e+00 1.570081e+00 6.994609e-01 1.846361e-01 2.964960e-02
33417: 1.838493e+00 1.678331e+00 1.569314e+00 6.998654e-01 1.843876e-01 2.960969e-02
33417: 1.837366e+00 1.680108e+00 1.568548e+00 7.002688e-01 1.841398e-01 2.956989e-02
33417: 1.837584e+00 1.681879e+00 1.567785e+00 6.993289e-01 1.838926e-01 2.953020e-02
33417: 1.837802e+00 1.680965e+00 1.568365e+00 6.997319e-01 1.836461e-01 2.949062e-02
33417: 1.836680e+00 1.681392e+00 1.568942e+00 6.987952e-01 1.847390e-01 2.945114e-02
33417: 1.838235e+00 1.679144e+00 1.569519e+00 6.991979e-01 1.844920e-01 2.941176e-02
33417: 1.837116e+00 1.678238e+00 1.571429e+00 6.982644e-01 1.855808e-01 2.937250e-02
33417: 1.837333e+00 1.677333e+00 1.570667e+00 6.986667e-01 1.853333e-01 3.066667e-02
33417: 1.836218e+00 1.677763e+00 1.571238e+00 6.990679e-01 1.850866e-01 3.062583e-02
33417: 1.836436e+00 1.678191e+00 1.569149e+00 7.007979e-01 1.848404e-01 3.058511e-02
33417: 1.836653e+00 1.675963e+00 1.571049e+00 6.998672e-01 1.859230e-01 3.054449e-02
33417: 1.835544e+00 1.679045e+00 1.568966e+00 7.002653e-01 1.856764e-01 3.050398e-02
33417: 1.835762e+00 1.678146e+00 1.568212e+00 7.019868e-01 1.854305e-01 3.046358e-02
33417: 1.835979e+00 1.678571e+00 1.567460e+00 7.010582e-01 1.865079e-01 3.042328e-02
33417: 1.834875e+00 1.677675e+00 1.569353e+00 7.001321e-01 1.862616e-01 3.170410e-02
33417: 1.835092e+00 1.675462e+00 1.572559e+00 6.992084e-01 1.860158e-01 3.166227e-02
33417: 1.833992e+00 1.675889e+00 1.573123e+00 6.996047e-01 1.857708e-01 3.162055e-02
33417: 1.834211e+00 1.676316e+00 1.571053e+00 7.013158e-01 1.855263e-01 3.157895e-02
33417: 1.833114e+00 1.675427e+00 1.570302e+00 7.017083e-01 1.879106e-01 3.153745e-02
33417: 1.833333e+00 1.675853e+00 1.569554e+00 7.020997e-01 1.876640e-01 3.149606e-02
33417: 1.832241e+00 1.676278e+00 1.570118e+00 7.024902e-01 1.874181e-01 3.145478e-02
33417: 1.832461e+00 1.676702e+00 1.569372e+00 7.028796e-01 1.871728e-01 3.141361e-02
33417: 1.831373e+00 1.675817e+00 1.571242e+00 7.019608e-01 1.882353e-01 3.137255e-02
33417: 1.831593e+00 1.673629e+00 1.571802e+00 7.036554e-01 1.879896e-01 3.133159e-02
33417: 1.830508e+00 1.675359e+00 1.569752e+00 7.053455e-01 1.877445e-01 3.129074e-02
33417: 1.830729e+00 1.675781e+00 1.570312e+00 7.044271e-01 1.875000e-01 3.125000e-02
33417: 1.829649e+00 1.676203e+00 1.569571e+00 7.061118e-01 1.872562e-01 3.120936e-02
33417: 1.829870e+00 1.676623e+00 1.570130e+00 7.051948e-01 1.870130e-01 3.116883e-02
33417: 1.828794e+00 1.675746e+00 1.570687e+00 7.068742e-01 1.867704e-01 3.112840e-02
33417: 1.829016e+00 1.676166e+00 1.569948e+00 7.072539e-01 1.865285e-01 3.108808e-02
33417: 1.829237e+00 1.675291e+00 1.571798e+00 7.063389e-01 1.862872e-01 3.104787e-02
33417: 1.828165e+00 1.675711e+00 1.569767e+00 7.093023e-01 1.860465e-01 3.100775e-02
33417: 1.830968e+00 1.674839e+00 1.569032e+00 7.083871e-01 1.858065e-01 3.096774e-02
33417: 1.831186e+00 1.675258e+00 1.569588e+00 7.074742e-01 1.855670e-01 3.092784e-02
33417: 1.830116e+00 1.676963e+00 1.568855e+00 7.078507e-01 1.853282e-01 3.088803e-02
33417: 1.831620e+00 1.676093e+00 1.569409e+00 7.069409e-01 1.850900e-01 3.084833e-02
33417: 1.833119e+00 1.675225e+00 1.569961e+00 7.060334e-01 1.848524e-01 3.080873e-02
33417: 1.832051e+00 1.678205e+00 1.569231e+00 7.051282e-01 1.846154e-01 3.076923e-02
33417: 1.832266e+00 1.678617e+00 1.569782e+00 7.042254e-01 1.843790e-01 3.072983e-02
33417: 1.831202e+00 1.680307e+00 1.569054e+00 7.046036e-01 1.841432e-01 3.069054e-02
33417: 1.831418e+00 1.679438e+00 1.568327e+00 7.062580e-01 1.839080e-01 3.065134e-02
33417: 1.831633e+00 1.679847e+00 1.568878e+00 7.053571e-01 1.836735e-01 3.061224e-02
33417: 1.830573e+00 1.677707e+00 1.570701e+00 7.057325e-01 1.847134e-01 3.057325e-02
33417: 1.832061e+00 1.676845e+00 1.569975e+00 7.061069e-01 1.844784e-01 3.053435e-02
33417: 1.832274e+00 1.677255e+00 1.570521e+00 7.052097e-01 1.842440e-01 3.049555e-02
33417: 1.831218e+00 1.676396e+00 1.568528e+00 7.093909e-01 1.840102e-01 3.045685e-02
33417: 1.831432e+00 1.675539e+00 1.567807e+00 7.097592e-01 1.850444e-01 3.041825e-02
33417: 1.831646e+00 1.677215e+00 1.567089e+00 7.088608e-01 1.848101e-01 3.037975e-02
33417: 1.833123e+00 1.676359e+00 1.567636e+00 7.079646e-01 1.845765e-01 3.034134e-02
33417: 1.833333e+00 1.678030e+00 1.566919e+00 7.070707e-01 1.843434e-01 3.030303e-02
33417: 1.832282e+00 1.677175e+00 1.569987e+00 7.061791e-01 1.841110e-01 3.026482e-02
33417: 1.832494e+00 1.677582e+00 1.570529e+00 7.052897e-01 1.838791e-01 3.022670e-02
33417: 1.831447e+00 1.676730e+00 1.568553e+00 7.094340e-01 1.836478e-01 3.018868e-02
33417: 1.834171e+00 1.675879e+00 1.567839e+00 7.085427e-01 1.834171e-01 3.015075e-02
33417: 1.834379e+00 1.677541e+00 1.567127e+00 7.076537e-01 1.831870e-01 3.011292e-02
33417: 1.834586e+00 1.676692e+00 1.568922e+00 7.067669e-01 1.829574e-01 3.007519e-02
33417: 1.833542e+00 1.679599e+00 1.568210e+00 7.058824e-01 1.827284e-01 3.003755e-02
33417: 1.833750e+00 1.678750e+00 1.568750e+00 7.062500e-01 1.825000e-01 3.000000e-02
33417: 1.832709e+00 1.679151e+00 1.568040e+00 7.053683e-01 1.835206e-01 3.121099e-02
33417: 1.832918e+00 1.678304e+00 1.569825e+00 7.044888e-01 1.832918e-01 3.117207e-02
33417: 1.833126e+00 1.679950e+00 1.569116e+00 7.036115e-01 1.830635e-01 3.113325e-02
33417: 1.832090e+00 1.679104e+00 1.570896e+00 7.039801e-01 1.828358e-01 3.109453e-02
33417: 1.833540e+00 1.678261e+00 1.568944e+00 7.055901e-01 1.826087e-01 3.105590e-02
33417: 1.832506e+00 1.678660e+00 1.570720e+00 7.047146e-01 1.823821e-01 3.101737e-02
33417: 1.832714e+00 1.677819e+00 1.568773e+00 7.063197e-01 1.833953e-01 3.097893e-02
33417: 1.831683e+00 1.679455e+00 1.568069e+00 7.066832e-01 1.831683e-01 3.094059e-02
33417: 1.831891e+00 1.677379e+00 1.569839e+00 7.070457e-01 1.829419e-01 3.090235e-02
33417: 1.832099e+00 1.677778e+00 1.570370e+00 7.061728e-01 1.827160e-01 3.086420e-02
33417: 1.832306e+00 1.678175e+00 1.568434e+00 7.077682e-01 1.824908e-01 3.082614e-02
33417: 1.832512e+00 1.677340e+00 1.570197e+00 7.068966e-01 1.822660e-01 3.078818e-02
33417: 1.831488e+00 1.677737e+00 1.568266e+00 7.097171e-01 1.820418e-01 3.075031e-02
33417: 1.832924e+00 1.678133e+00 1.567568e+00 7.088452e-01 1.818182e-01 3.071253e-02
33417: 1.833129e+00 1.677301e+00 1.569325e+00 7.079755e-01 1.815951e-01 3.067485e-02
33417: 1.832108e+00 1.678922e+00 1.569853e+00 7.071078e-01 1.813725e-01 3.063725e-02
33417: 1.832313e+00 1.679315e+00 1.569155e+00 7.074663e-01 1.811506e-01 3.059976e-02
33417: 1.831296e+00 1.679707e+00 1.570905e+00 7.066015e-01 1.809291e-01 3.056235e-02
33417: 1.831502e+00 1.680098e+00 1.568987e+00 7.081807e-01 1.807082e-01 3.052503e-02
33417: 1.830488e+00 1.679268e+00 1.570732e+00 7.073171e-01 1.817073e-01 3.048780e-02
33417: 1.830694e+00 1.677223e+00 1.570037e+00 7.088916e-01 1.827040e-01 3.045067e-02
33417: 1.829684e+00 1.678832e+00 1.569343e+00 7.092457e-01 1.824818e-01 3.041363e-02
33417: 1.831106e+00 1.678007e+00 1.568651e+00 7.095990e-01 1.822600e-01 3.037667e-02
33417: 1.830097e+00 1.679612e+00 1.567961e+00 7.099515e-01 1.820388e-01 3.033981e-02
33417: 1.830303e+00 1.678788e+00 1.567273e+00 7.115152e-01 1.818182e-01 3.030303e-02
33417: 1.829298e+00 1.680387e+00 1.567797e+00 7.106538e-01 1.815981e-01 3.026634e-02
33417: 1.829504e+00 1.679565e+00 1.568319e+00 7.110036e-01 1.813785e-01 3.022975e-02
33417: 1.828502e+00 1.679952e+00 1.570048e+00 7.101449e-01 1.811594e-01 3.019324e-02
33417: 1.828709e+00 1.681544e+00 1.568154e+00 7.104946e-01 1.809409e-01 3.015682e-02
33417: 1.828916e+00 1.680723e+00 1.569880e+00 7.096386e-01 1.807229e-01 3.012048e-02
33417: 1.829122e+00 1.681107e+00 1.569194e+00 7.087846e-01 1.817088e-01 3.008424e-02
33417: 1.828125e+00 1.680288e+00 1.570913e+00 7.091346e-01 1.814904e-01 3.004808e-02
33417: 1.829532e+00 1.679472e+00 1.569028e+00 7.106843e-01 1.812725e-01 3.001200e-02
33417: 1.829736e+00 1.681055e+00 1.568345e+00 7.098321e-01 1.810552e-01 2.997602e-02
33417: 1.829940e+00 1.680240e+00 1.568862e+00 7.101796e-01 1.808383e-01 2.994012e-02
33417: 1.830144e+00 1.680622e+00 1.568182e+00 7.093301e-01 1.818182e-01 2.990431e-02
33417: 1.829152e+00 1.681004e+00 1.568698e+00 7.084827e-01 1.827957e-01 2.986858e-02
33417: 1.831742e+00 1.680191e+00 1.568019e+00 7.076372e-01 1.825776e-01 2.983294e-02
33417: 1.830751e+00 1.680572e+00 1.569726e+00 7.067938e-01 1.823600e-01 2.979738e-02
33417: 1.829762e+00 1.679762e+00 1.572619e+00 7.059524e-01 1.821429e-01 2.976190e-02
33417: 1.829964e+00 1.680143e+00 1.571938e+00 7.063020e-01 1.819263e-01 2.972652e-02
33417: 1.828979e+00 1.680523e+00 1.572447e+00 7.066508e-01 1.817102e-01 2.969121e-02
33417: 1.829181e+00 1.680902e+00 1.571767e+00 7.069988e-01 1.814947e-01 2.965599e-02
33417: 1.828199e+00 1.680095e+00 1.573460e+00 7.073460e-01 1.812796e-01 2.962085e-02
33417: 1.829586e+00 1.678107e+00 1.573964e+00 7.076923e-01 1.810651e-01 2.958580e-02
33417: 1.829787e+00 1.679669e+00 1.572104e+00 7.080378e-01 1.808511e-01 2.955083e-02
33417: 1.828808e+00 1.681228e+00 1.571429e+00 7.083825e-01 1.806375e-01 2.951594e-02
33417: 1.829009e+00 1.679245e+00 1.570755e+00 7.110849e-01 1.804245e-01 2.948113e-02
33417: 1.828033e+00 1.680801e+00 1.568905e+00 7.114252e-01 1.813899e-01 2.944641e-02
33417: 1.828235e+00 1.681176e+00 1.569412e+00 7.105882e-01 1.811765e-01 2.941176e-02
33417: 1.827262e+00 1.680376e+00 1.571093e+00 7.109283e-01 1.809636e-01 2.937720e-02
33417: 1.827465e+00 1.680751e+00 1.570423e+00 7.112676e-01 1.807512e-01 2.934272e-02
33417: 1.828839e+00 1.679953e+00 1.569754e+00 7.116061e-01 1.805393e-01 2.930832e-02
33417: 1.829040e+00 1.679157e+00 1.571429e+00 7.107728e-01 1.803279e-01 2.927400e-02
33417: 1.828070e+00 1.679532e+00 1.570760e+00 7.122807e-01 1.801170e-01 2.923977e-02
33417: 1.827103e+00 1.679907e+00 1.571262e+00 7.126168e-01 1.799065e-01 2.920561e-02
33417: 1.827305e+00 1.679113e+00 1.570595e+00 7.141190e-01 1.796966e-01 2.917153e-02
33417: 1.827506e+00 1.679487e+00 1.568765e+00 7.144522e-01 1.806527e-01 2.913753e-02
33417: 1.826542e+00 1.681024e+00 1.569267e+00 7.136205e-01 1.804424e-01 2.910361e-02
33417: 1.825581e+00 1.681395e+00 1.569767e+00 7.127907e-01 1.813953e-01 2.906977e-02
33417: 1.825784e+00 1.681765e+00 1.569106e+00 7.119628e-01 1.823461e-01 2.903600e-02
33417: 1.825986e+00 1.682135e+00 1.569606e+00 7.111369e-01 1.821346e-01 2.900232e-02
33417: 1.825029e+00 1.682503e+00 1.570104e+00 7.114716e-01 1.819235e-01 2.896871e-02
33417: 1.825231e+00 1.681713e+00 1.570602e+00 7.118056e-01 1.817130e-01 2.893519e-02
33417: 1.825434e+00 1.682081e+00 1.569942e+00 7.121387e-01 1.815029e-01 2.890173e-02
33417: 1.826790e+00 1.681293e+00 1.570439e+00 7.113164e-01 1.812933e-01 2.886836e-02
33417: 1.825836e+00 1.681661e+00 1.568627e+00 7.116494e-01 1.833910e-01 2.883506e-02
33417: 1.826037e+00 1.680876e+00 1.569124e+00 7.108295e-01 1.843318e-01 2.880184e-02
33417: 1.825086e+00 1.681243e+00 1.570771e+00 7.100115e-01 1.841197e-01 2.876870e-02
33417: 1.825287e+00 1.681609e+00 1.570115e+00 7.103448e-01 1.839080e-01 2.873563e-02
33417: 1.824340e+00 1.681975e+00 1.569460e+00 7.118255e-01 1.836969e-01 2.870264e-02
33417: 1.824541e+00 1.682339e+00 1.569954e+00 7.110092e-01 1.834862e-01 2.866972e-02
33417: 1.823597e+00 1.681558e+00 1.570447e+00 7.113402e-01 1.844215e-01 2.863688e-02
33417: 1.823799e+00 1.680778e+00 1.569794e+00 7.128146e-01 1.842105e-01 2.860412e-02
33417: 1.822857e+00 1.680000e+00 1.572571e+00 7.120000e-01 1.840000e-01 2.857143e-02
33417: 1.824201e+00 1.678082e+00 1.573059e+00 7.123288e-01 1.837900e-01 2.853881e-02
33417: 1.824401e+00 1.678449e+00 1.572406e+00 7.126568e-01 1.835804e-01 2.850627e-02
33417: 1.824601e+00 1.678815e+00 1.571754e+00 7.129841e-01 1.833713e-01 2.847380e-02
33417: 1.824801e+00 1.678043e+00 1.571104e+00 7.144482e-01 1.831627e-01 2.844141e-02
33417: 1.825000e+00 1.678409e+00 1.570455e+00 7.147727e-01 1.829545e-01 2.840909e-02
33417: 1.824064e+00 1.677639e+00 1.572077e+00 7.150965e-01 1.827469e-01 2.837684e-02
33417: 1.823129e+00 1.676871e+00 1.573696e+00 7.154195e-01 1.825397e-01 2.834467e-02
33417: 1.825595e+00 1.674972e+00 1.573046e+00 7.157418e-01 1.823330e-01 2.831257e-02
33417: 1.825792e+00 1.676471e+00 1.571267e+00 7.160633e-01 1.821267e-01 2.828054e-02
33417: 1.825989e+00 1.676836e+00 1.570621e+00 7.163842e-01 1.819209e-01 2.824859e-02
33417: 1.825056e+00 1.678330e+00 1.569977e+00 7.167043e-01 1.817156e-01 2.821670e-02
33417: 1.826381e+00 1.677565e+00 1.569335e+00 7.158963e-01 1.826381e-01 2.818489e-02
33417: 1.825450e+00 1.679054e+00 1.568694e+00 7.150901e-01 1.835586e-01 2.815315e-02
33417: 1.826772e+00 1.678290e+00 1.569179e+00 7.142857e-01 1.833521e-01 2.812148e-02
33417: 1.825843e+00 1.680899e+00 1.568539e+00 7.134831e-01 1.831461e-01 2.808989e-02
33417: 1.826038e+00 1.680135e+00 1.570146e+00 7.126824e-01 1.829405e-01 2.805836e-02
33417: 1.825112e+00 1.681614e+00 1.569507e+00 7.130045e-01 1.827354e-01 2.802691e-02
33417: 1.826428e+00 1.680851e+00 1.569989e+00 7.122060e-01 1.825308e-01 2.799552e-02
33417: 1.825503e+00 1.682327e+00 1.570470e+00 7.114094e-01 1.823266e-01 2.796421e-02
33417: 1.826816e+00 1.681564e+00 1.569832e+00 7.117318e-01 1.821229e-01 2.793296e-02
33417: 1.825893e+00 1.683036e+00 1.569196e+00 7.120536e-01 1.819196e-01 2.790179e-02
33417: 1.828317e+00 1.682274e+00 1.568562e+00 7.112598e-01 1.817168e-01 2.787068e-02
33417: 1.827394e+00 1.683742e+00 1.569042e+00 7.104677e-01 1.815145e-01 2.783964e-02
33417: 1.828699e+00 1.681869e+00 1.570634e+00 7.096774e-01 1.813126e-01 2.780868e-02
33417: 1.830000e+00 1.682222e+00 1.568889e+00 7.100000e-01 1.811111e-01 2.777778e-02
33417: 1.830189e+00 1.681465e+00 1.569367e+00 7.103219e-01 1.809101e-01 2.774695e-02
33417: 1.829268e+00 1.681818e+00 1.570953e+00 7.095344e-01 1.807095e-01 2.771619e-02
33417: 1.828350e+00 1.683278e+00 1.570321e+00 7.098560e-01 1.805094e-01 2.768549e-02
33417: 1.829646e+00 1.682522e+00 1.569690e+00 7.101770e-01 1.803097e-01 2.765487e-02
33417: 1.828729e+00 1.683978e+00 1.569061e+00 7.104972e-01 1.801105e-01 2.762431e-02
33417: 1.828918e+00 1.683223e+00 1.569536e+00 7.097130e-01 1.810155e-01 2.759382e-02
33417: 1.829107e+00 1.683572e+00 1.568908e+00 7.089305e-01 1.819184e-01 2.756340e-02
33417: 1.828194e+00 1.682819e+00 1.570485e+00 7.092511e-01 1.817181e-01 2.753304e-02
33417: 1.829483e+00 1.682068e+00 1.568757e+00 7.095710e-01 1.826183e-01 2.750275e-02
33417: 1.828571e+00 1.683516e+00 1.569231e+00 7.087912e-01 1.824176e-01 2.747253e-02
33417: 1.827662e+00 1.683864e+00 1.569704e+00 7.091109e-01 1.822173e-01 2.744237e-02
33417: 1.827851e+00 1.683114e+00 1.570175e+00 7.094298e-01 1.820175e-01 2.741228e-02
33417: 1.826944e+00 1.684556e+00 1.568456e+00 7.097481e-01 1.829135e-01 2.738226e-02
33417: 1.827133e+00 1.683807e+00 1.568928e+00 7.100656e-01 1.827133e-01 2.735230e-02
33417: 1.826230e+00 1.685246e+00 1.569399e+00 7.092896e-01 1.825137e-01 2.732240e-02
33417: 1.826419e+00 1.684498e+00 1.569869e+00 7.096070e-01 1.823144e-01 2.729258e-02
33417: 1.826609e+00 1.684842e+00 1.569248e+00 7.088332e-01 1.832061e-01 2.726281e-02
33417: 1.825708e+00 1.685185e+00 1.569717e+00 7.091503e-01 1.830065e-01 2.723312e-02
33417: 1.824810e+00 1.686616e+00 1.570185e+00 7.083787e-01 1.828074e-01 2.720348e-02
33417: 1.825000e+00 1.685870e+00 1.570652e+00 7.086957e-01 1.826087e-01 2.717391e-02
33417: 1.824104e+00 1.686211e+00 1.570033e+00 7.100977e-01 1.824104e-01 2.714441e-02
33417: 1.823210e+00 1.685466e+00 1.570499e+00 7.114967e-01 1.822126e-01 2.711497e-02
33417: 1.823402e+00 1.684724e+00 1.570964e+00 7.118093e-01 1.820152e-01 2.708559e-02
33417: 1.823593e+00 1.686147e+00 1.569264e+00 7.121212e-01 1.818182e-01 2.705628e-02
33417: 1.824865e+00 1.685405e+00 1.569730e+00 7.113514e-01 1.816216e-01 2.702703e-02
33417: 1.823974e+00 1.685745e+00 1.570194e+00 7.105832e-01 1.825054e-01 2.699784e-02
33417: 1.824164e+00 1.685005e+00 1.570658e+00 7.108954e-01 1.823085e-01 2.696872e-02
33417: 1.824353e+00 1.686422e+00 1.568966e+00 7.112069e-01 1.821121e-01 2.693966e-02
33417: 1.823466e+00 1.687836e+00 1.569429e+00 7.104413e-01 1.819160e-01 2.691066e-02
33417: 1.824731e+00 1.687097e+00 1.568817e+00 7.107527e-01 1.817204e-01 2.688172e-02
33417: 1.823845e+00 1.687433e+00 1.568206e+00 7.121375e-01 1.815252e-01 2.685285e-02
33417: 1.825107e+00 1.685622e+00 1.568670e+00 7.124464e-01 1.813305e-01 2.682403e-02
33417: 1.824223e+00 1.687031e+00 1.569132e+00 7.116827e-01 1.811361e-01 2.679528e-02
33417: 1.824411e+00 1.687366e+00 1.569593e+00 7.109208e-01 1.809422e-01 2.676660e-02
33417: 1.823529e+00 1.685561e+00 1.572193e+00 7.112299e-01 1.807487e-01 2.673797e-02
33417: 1.824786e+00 1.685897e+00 1.570513e+00 7.115385e-01 1.805556e-01 2.670940e-02
33417: 1.823906e+00 1.687300e+00 1.569904e+00 7.118463e-01 1.803629e-01 2.668090e-02
33417: 1.823028e+00 1.688699e+00 1.570362e+00 7.110874e-01 1.801706e-01 2.665245e-02
33417: 1.824281e+00 1.686901e+00 1.570820e+00 7.113951e-01 1.799787e-01 2.662407e-02
33417: 1.823404e+00 1.688298e+00 1.570213e+00 7.117021e-01 1.797872e-01 2.659574e-02
33417: 1.824655e+00 1.687566e+00 1.569607e+00 7.120085e-01 1.795962e-01 2.656748e-02
33417: 1.824841e+00 1.688960e+00 1.569002e+00 7.112527e-01 1.794055e-01 2.653928e-02
33417: 1.823966e+00 1.689290e+00 1.569459e+00 7.115589e-01 1.792153e-01 2.651113e-02
33417: 1.823093e+00 1.690678e+00 1.568856e+00 7.118644e-01 1.790254e-01 2.648305e-02
33417: 1.823280e+00 1.691005e+00 1.568254e+00 7.121693e-01 1.788360e-01 2.645503e-02
33417: 1.824524e+00 1.690275e+00 1.568710e+00 7.114165e-01 1.786469e-01 2.642706e-02
33417: 1.823654e+00 1.690602e+00 1.569166e+00 7.117212e-01 1.784583e-01 2.639916e-02
33417: 1.822785e+00 1.691983e+00 1.568565e+00 7.120253e-01 1.782700e-01 2.637131e-02
33417: 1.822972e+00 1.692308e+00 1.567966e+00 7.123288e-01 1.780822e-01 2.634352e-02
33417: 1.823158e+00 1.690526e+00 1.570526e+00 7.115789e-01 1.778947e-01 2.631579e-02
33417: 1.822292e+00 1.691903e+00 1.568875e+00 7.118822e-01 1.787592e-01 2.628812e-02
33417: 1.824580e+00 1.691176e+00 1.568277e+00 7.111345e-01 1.785714e-01 2.626050e-02
33417: 1.823715e+00 1.692550e+00 1.568730e+00 7.103882e-01 1.783841e-01 2.623295e-02
33417: 1.822851e+00 1.694969e+00 1.568134e+00 7.096436e-01 1.781971e-01 2.620545e-02
33417: 1.823037e+00 1.695288e+00 1.567539e+00 7.099476e-01 1.780105e-01 2.617801e-02
33417: 1.822176e+00 1.696653e+00 1.567992e+00 7.092050e-01 1.778243e-01 2.615063e-02
33417: 1.821317e+00 1.696970e+00 1.568443e+00 7.095089e-01 1.776385e-01 2.612330e-02
33417: 1.822547e+00 1.697286e+00 1.567850e+00 7.087683e-01 1.774530e-01 2.609603e-02
33417: 1.822732e+00 1.697602e+00 1.568300e+00 7.080292e-01 1.772680e-01 2.606882e-02
33417: 1.821875e+00 1.696875e+00 1.567708e+00 7.104167e-01 1.770833e-01 2.604167e-02
33417: 1.823101e+00 1.697190e+00 1.567118e+00 7.096774e-01 1.768991e-01 2.601457e-02
33417: 1.823285e+00 1.697505e+00 1.567568e+00 7.089397e-01 1.767152e-01 2.598753e-02
33417: 1.823468e+00 1.696781e+00 1.568017e+00 7.092420e-01 1.765317e-01 2.596054e-02
33417: 1.822614e+00 1.697095e+00 1.568465e+00 7.085062e-01 1.773859e-01 2.593361e-02
33417: 1.821762e+00 1.698446e+00 1.567876e+00 7.088083e-01 1.772021e-01 2.590674e-02
33417: 1.822981e+00 1.696687e+00 1.569358e+00 7.080745e-01 1.770186e-01 2.587992e-02
33417: 1.822130e+00 1.697001e+00 1.569804e+00 7.073423e-01 1.768356e-01 2.688728e-02
33417: 1.822314e+00 1.696281e+00 1.571281e+00 7.066116e-01 1.766529e-01 2.685950e-02
33417: 1.822497e+00 1.696594e+00 1.569659e+00 7.079463e-01 1.764706e-01 2.683179e-02
33417: 1.823711e+00 1.695876e+00 1.570103e+00 7.072165e-01 1.762887e-01 2.680412e-02
33417: 1.822863e+00 1.695160e+00 1.569516e+00 7.085479e-01 1.771370e-01 2.677652e-02
33417: 1.823045e+00 1.694444e+00 1.570988e+00 7.078189e-01 1.769547e-01 2.674897e-02
33417: 1.822199e+00 1.694758e+00 1.570401e+00 7.091470e-01 1.767729e-01 2.672148e-02
33417: 1.821355e+00 1.694045e+00 1.569815e+00 7.094456e-01 1.786448e-01 2.669405e-02
33417: 1.821538e+00 1.693333e+00 1.570256e+00 7.087179e-01 1.784615e-01 2.769231e-02
33417: 1.820697e+00 1.693648e+00 1.568648e+00 7.100410e-01 1.793033e-01 2.766393e-02
33417: 1.821904e+00 1.691914e+00 1.569089e+00 7.093142e-01 1.801433e-01 2.763562e-02
33417: 1.822086e+00 1.692229e+00 1.568507e+00 7.096115e-01 1.799591e-01 2.760736e-02
33417: 1.822268e+00 1.691522e+00 1.569969e+00 7.088866e-01 1.797753e-01 2.757916e-02
33417: 1.821429e+00 1.692857e+00 1.570408e+00 7.081633e-01 1.795918e-01 2.755102e-02
33417: 1.820591e+00 1.694190e+00 1.569827e+00 7.084608e-01 1.794088e-01 2.752294e-02
33417: 1.821792e+00 1.694501e+00 1.569246e+00 7.077393e-01 1.792261e-01 2.749491e-02
33417: 1.821974e+00 1.693795e+00 1.569685e+00 7.070193e-01 1.800610e-01 2.746694e-02
33417: 1.822154e+00 1.694106e+00 1.570122e+00 7.063008e-01 1.798780e-01 2.743902e-02
33417: 1.822335e+00 1.693401e+00 1.569543e+00 7.076142e-01 1.796954e-01 2.741117e-02
33417: 1.822515e+00 1.693712e+00 1.569980e+00 7.068966e-01 1.795132e-01 2.738337e-02
33417: 1.821682e+00 1.691996e+00 1.571429e+00 7.082067e-01 1.793313e-01 2.735562e-02
33417: 1.821862e+00 1.691296e+00 1.571862e+00 7.085020e-01 1.791498e-01 2.732794e-02
33417: 1.821031e+00 1.691608e+00 1.571284e+00 7.098079e-01 1.789687e-01 2.730030e-02
33417: 1.821212e+00 1.691919e+00 1.569697e+00 7.101010e-01 1.787879e-01 2.828283e-02
33417: 1.820383e+00 1.691221e+00 1.571140e+00 7.103935e-01 1.786075e-01 2.825429e-02
33417: 1.821573e+00 1.690524e+00 1.570565e+00 7.106855e-01 1.784274e-01 2.822581e-02
33417: 1.820745e+00 1.691843e+00 1.568983e+00 7.119839e-01 1.782477e-01 2.819738e-02
33417: 1.820926e+00 1.692153e+00 1.568410e+00 7.122736e-01 1.780684e-01 2.816901e-02
33417: 1.820101e+00 1.691457e+00 1.569849e+00 7.125628e-01 1.778894e-01 2.814070e-02
33417: 1.821285e+00 1.689759e+00 1.570281e+00 7.128514e-01 1.777108e-01 2.811245e-02
33417: 1.820461e+00 1.690070e+00 1.569709e+00 7.141424e-01 1.775326e-01 2.808425e-02
33417: 1.819639e+00 1.690381e+00 1.570140e+00 7.134269e-01 1.783567e-01 2.805611e-02
33417: 1.819820e+00 1.689690e+00 1.569570e+00 7.137137e-01 1.791792e-01 2.802803e-02
33417: Done!
Traceback (most recent call last):
  File "/lowest-unique-number/tournament0/elexunix.py", line 25, in <module>
    input()
EOFError: EOF when reading a line
