Forked 32121
Starting to reopen 0 and 1
Calling execv `tournament0/pzakorko.py` (pid 32121)
Strategy 0: first ans is 0
Forked 32122
Starting to reopen 0 and 1
Calling execv `tournament0/alex_dany` (pid 32122)
32122: Started!
32122: Number of players: 6, position: 1, number of turns: 1000
32122: Random seed: 3389802630
Strategy 1: first ans is 0
Forked 32123
Starting to reopen 0 and 1
Calling execv `tournament0/the_best_strategy.py` (pid 32123)
Strategy 2: first ans is 0
Forked 32124
Starting to reopen 0 and 1
Calling execv `tournament0/fedro.py` (pid 32124)
Strategy 3: first ans is 0
Forked 32148
Starting to reopen 0 and 1
Calling execv `tournament0/lounres.py` (pid 32148)
Strategy 4: first ans is 1
Forked 32149
Starting to reopen 0 and 1
Calling execv `tournament0/elexunix.py` (pid 32149)
Strategy 5: first ans is 3
32122: 4.000000e+00 1.000000e+00 0.000000e+00 1.000000e+00 0.000000e+00 0.000000e+00
32122: 3.500000e+00 1.500000e+00 5.000000e-01 5.000000e-01 0.000000e+00 0.000000e+00
32122: 3.000000e+00 1.666667e+00 6.666667e-01 3.333333e-01 3.333333e-01 0.000000e+00
32122: 2.750000e+00 1.500000e+00 1.250000e+00 2.500000e-01 2.500000e-01 0.000000e+00
32122: 2.600000e+00 1.800000e+00 1.000000e+00 4.000000e-01 2.000000e-01 0.000000e+00
32122: 2.666667e+00 1.500000e+00 1.333333e+00 3.333333e-01 1.666667e-01 0.000000e+00
32122: 2.571429e+00 1.714286e+00 1.142857e+00 4.285714e-01 1.428571e-01 0.000000e+00
32122: 2.500000e+00 1.500000e+00 1.250000e+00 3.750000e-01 3.750000e-01 0.000000e+00
32122: 2.555556e+00 1.666667e+00 1.111111e+00 3.333333e-01 3.333333e-01 0.000000e+00
32122: 2.500000e+00 1.600000e+00 1.300000e+00 3.000000e-01 3.000000e-01 0.000000e+00
32122: 2.545455e+00 1.545455e+00 1.272727e+00 3.636364e-01 2.727273e-01 0.000000e+00
32122: 2.583333e+00 1.583333e+00 1.166667e+00 4.166667e-01 2.500000e-01 0.000000e+00
32122: 2.615385e+00 1.461538e+00 1.230769e+00 4.615385e-01 2.307692e-01 0.000000e+00
32122: 2.571429e+00 1.571429e+00 1.142857e+00 4.285714e-01 2.857143e-01 0.000000e+00
32122: 2.600000e+00 1.533333e+00 1.200000e+00 4.000000e-01 2.666667e-01 0.000000e+00
32122: 2.562500e+00 1.562500e+00 1.125000e+00 5.000000e-01 2.500000e-01 0.000000e+00
32122: 2.529412e+00 1.529412e+00 1.117647e+00 5.294118e-01 2.941176e-01 0.000000e+00
32122: 2.500000e+00 1.611111e+00 1.111111e+00 5.000000e-01 2.777778e-01 0.000000e+00
32122: 2.526316e+00 1.578947e+00 1.157895e+00 4.736842e-01 2.631579e-01 0.000000e+00
32122: 2.500000e+00 1.550000e+00 1.250000e+00 4.500000e-01 2.500000e-01 0.000000e+00
32122: 2.476190e+00 1.619048e+00 1.238095e+00 4.285714e-01 2.380952e-01 0.000000e+00
32122: 2.500000e+00 1.545455e+00 1.272727e+00 4.090909e-01 2.727273e-01 0.000000e+00
32122: 2.478261e+00 1.652174e+00 1.217391e+00 3.913043e-01 2.608696e-01 0.000000e+00
32122: 2.458333e+00 1.583333e+00 1.333333e+00 3.750000e-01 2.500000e-01 0.000000e+00
32122: 2.480000e+00 1.560000e+00 1.320000e+00 4.000000e-01 2.400000e-01 0.000000e+00
32122: 2.500000e+00 1.576923e+00 1.269231e+00 3.846154e-01 2.692308e-01 0.000000e+00
32122: 2.518519e+00 1.555556e+00 1.296296e+00 3.703704e-01 2.592593e-01 0.000000e+00
32122: 2.535714e+00 1.571429e+00 1.285714e+00 3.571429e-01 2.500000e-01 0.000000e+00
32122: 2.517241e+00 1.551724e+00 1.310345e+00 3.448276e-01 2.758621e-01 0.000000e+00
32122: 2.500000e+00 1.566667e+00 1.300000e+00 3.666667e-01 2.666667e-01 0.000000e+00
32122: 2.483871e+00 1.612903e+00 1.290323e+00 3.548387e-01 2.580645e-01 0.000000e+00
32122: 2.500000e+00 1.562500e+00 1.312500e+00 3.750000e-01 2.500000e-01 0.000000e+00
32122: 2.515152e+00 1.606061e+00 1.272727e+00 3.636364e-01 2.424242e-01 0.000000e+00
32122: 2.500000e+00 1.558824e+00 1.352941e+00 3.529412e-01 2.352941e-01 0.000000e+00
32122: 2.514286e+00 1.571429e+00 1.342857e+00 3.428571e-01 2.285714e-01 0.000000e+00
32122: 2.500000e+00 1.527778e+00 1.388889e+00 3.333333e-01 2.500000e-01 0.000000e+00
32122: 2.513514e+00 1.567568e+00 1.351351e+00 3.243243e-01 2.432432e-01 0.000000e+00
32122: 2.500000e+00 1.578947e+00 1.368421e+00 3.157895e-01 2.368421e-01 0.000000e+00
32122: 2.512821e+00 1.538462e+00 1.358974e+00 3.333333e-01 2.564103e-01 0.000000e+00
32122: 2.475000e+00 1.575000e+00 1.375000e+00 3.250000e-01 2.500000e-01 0.000000e+00
32122: 2.463415e+00 1.585366e+00 1.390244e+00 3.170732e-01 2.439024e-01 0.000000e+00
32122: 2.452381e+00 1.571429e+00 1.404762e+00 3.333333e-01 2.380952e-01 0.000000e+00
32122: 2.441860e+00 1.558140e+00 1.441860e+00 3.255814e-01 2.325581e-01 0.000000e+00
32122: 2.409091e+00 1.613636e+00 1.409091e+00 3.181818e-01 2.500000e-01 0.000000e+00
32122: 2.400000e+00 1.622222e+00 1.400000e+00 3.111111e-01 2.666667e-01 0.000000e+00
32122: 2.369565e+00 1.586957e+00 1.478261e+00 3.043478e-01 2.608696e-01 0.000000e+00
32122: 2.361702e+00 1.595745e+00 1.468085e+00 3.191489e-01 2.553191e-01 0.000000e+00
32122: 2.354167e+00 1.583333e+00 1.500000e+00 3.125000e-01 2.500000e-01 0.000000e+00
32122: 2.346939e+00 1.612245e+00 1.489796e+00 3.061224e-01 2.448980e-01 0.000000e+00
32122: 2.340000e+00 1.600000e+00 1.520000e+00 3.000000e-01 2.400000e-01 0.000000e+00
32122: 2.313725e+00 1.607843e+00 1.549020e+00 2.941176e-01 2.352941e-01 0.000000e+00
32122: 2.307692e+00 1.615385e+00 1.557692e+00 2.884615e-01 2.307692e-01 0.000000e+00
32122: 2.283019e+00 1.584906e+00 1.584906e+00 3.018868e-01 2.452830e-01 0.000000e+00
32122: 2.277778e+00 1.574074e+00 1.592593e+00 3.148148e-01 2.407407e-01 0.000000e+00
32122: 2.254545e+00 1.600000e+00 1.581818e+00 3.272727e-01 2.363636e-01 0.000000e+00
32122: 2.250000e+00 1.571429e+00 1.589286e+00 3.392857e-01 2.500000e-01 0.000000e+00
32122: 2.228070e+00 1.596491e+00 1.561404e+00 3.684211e-01 2.456140e-01 0.000000e+00
32122: 2.258621e+00 1.586207e+00 1.551724e+00 3.620690e-01 2.413793e-01 0.000000e+00
32122: 2.237288e+00 1.593220e+00 1.576271e+00 3.559322e-01 2.372881e-01 0.000000e+00
32122: 2.233333e+00 1.616667e+00 1.550000e+00 3.666667e-01 2.333333e-01 0.000000e+00
32122: 2.229508e+00 1.606557e+00 1.557377e+00 3.770492e-01 2.295082e-01 0.000000e+00
32122: 2.225806e+00 1.612903e+00 1.564516e+00 3.709677e-01 2.258065e-01 0.000000e+00
32122: 2.206349e+00 1.619048e+00 1.571429e+00 3.809524e-01 2.222222e-01 0.000000e+00
32122: 2.203125e+00 1.609375e+00 1.562500e+00 3.906250e-01 2.343750e-01 0.000000e+00
32122: 2.184615e+00 1.630769e+00 1.553846e+00 3.846154e-01 2.461538e-01 0.000000e+00
32122: 2.196970e+00 1.636364e+00 1.545455e+00 3.787879e-01 2.424242e-01 0.000000e+00
32122: 2.179104e+00 1.611940e+00 1.582090e+00 3.880597e-01 2.388060e-01 0.000000e+00
32122: 2.176471e+00 1.602941e+00 1.573529e+00 4.117647e-01 2.352941e-01 0.000000e+00
32122: 2.159420e+00 1.623188e+00 1.565217e+00 4.202899e-01 2.318841e-01 0.000000e+00
32122: 2.157143e+00 1.628571e+00 1.557143e+00 4.285714e-01 2.285714e-01 0.000000e+00
32122: 2.169014e+00 1.619718e+00 1.563380e+00 4.225352e-01 2.253521e-01 0.000000e+00
32122: 2.166667e+00 1.638889e+00 1.555556e+00 4.166667e-01 2.222222e-01 0.000000e+00
32122: 2.150685e+00 1.643836e+00 1.561644e+00 4.246575e-01 2.191781e-01 0.000000e+00
32122: 2.162162e+00 1.635135e+00 1.567568e+00 4.189189e-01 2.162162e-01 0.000000e+00
32122: 2.146667e+00 1.626667e+00 1.600000e+00 4.133333e-01 2.133333e-01 0.000000e+00
32122: 2.144737e+00 1.631579e+00 1.578947e+00 4.210526e-01 2.236842e-01 0.000000e+00
32122: 2.142857e+00 1.623377e+00 1.584416e+00 4.285714e-01 2.207792e-01 0.000000e+00
32122: 2.128205e+00 1.628205e+00 1.576923e+00 4.358974e-01 2.307692e-01 0.000000e+00
32122: 2.139241e+00 1.607595e+00 1.582278e+00 4.430380e-01 2.278481e-01 0.000000e+00
32122: 2.125000e+00 1.612500e+00 1.575000e+00 4.500000e-01 2.375000e-01 0.000000e+00
32122: 2.148148e+00 1.604938e+00 1.555556e+00 4.567901e-01 2.345679e-01 0.000000e+00
32122: 2.134146e+00 1.609756e+00 1.560976e+00 4.512195e-01 2.439024e-01 0.000000e+00
32122: 2.132530e+00 1.626506e+00 1.554217e+00 4.457831e-01 2.409639e-01 0.000000e+00
32122: 2.119048e+00 1.630952e+00 1.559524e+00 4.523810e-01 2.380952e-01 0.000000e+00
32122: 2.117647e+00 1.635294e+00 1.564706e+00 4.470588e-01 2.352941e-01 0.000000e+00
32122: 2.104651e+00 1.651163e+00 1.558140e+00 4.534884e-01 2.325581e-01 0.000000e+00
32122: 2.114943e+00 1.655172e+00 1.551724e+00 4.482759e-01 2.298851e-01 0.000000e+00
32122: 2.113636e+00 1.647727e+00 1.568182e+00 4.431818e-01 2.272727e-01 0.000000e+00
32122: 2.112360e+00 1.640449e+00 1.584270e+00 4.382022e-01 2.247191e-01 0.000000e+00
32122: 2.100000e+00 1.633333e+00 1.600000e+00 4.444444e-01 2.222222e-01 0.000000e+00
32122: 2.098901e+00 1.626374e+00 1.593407e+00 4.505495e-01 2.307692e-01 0.000000e+00
32122: 2.086957e+00 1.619565e+00 1.608696e+00 4.565217e-01 2.282609e-01 0.000000e+00
32122: 2.086022e+00 1.612903e+00 1.602151e+00 4.731183e-01 2.258065e-01 0.000000e+00
32122: 2.074468e+00 1.617021e+00 1.595745e+00 4.893617e-01 2.234043e-01 0.000000e+00
32122: 2.073684e+00 1.631579e+00 1.578947e+00 4.947368e-01 2.210526e-01 0.000000e+00
32122: 2.062500e+00 1.625000e+00 1.593750e+00 5.000000e-01 2.187500e-01 0.000000e+00
32122: 2.072165e+00 1.608247e+00 1.597938e+00 5.051546e-01 2.164948e-01 0.000000e+00
32122: 2.071429e+00 1.612245e+00 1.581633e+00 5.102041e-01 2.244898e-01 0.000000e+00
32122: 2.070707e+00 1.595960e+00 1.585859e+00 5.151515e-01 2.323232e-01 0.000000e+00
32122: 2.060000e+00 1.610000e+00 1.580000e+00 5.200000e-01 2.300000e-01 0.000000e+00
32122: 2.069307e+00 1.603960e+00 1.564356e+00 5.247525e-01 2.376238e-01 0.000000e+00
32122: 2.058824e+00 1.598039e+00 1.578431e+00 5.294118e-01 2.352941e-01 0.000000e+00
32122: 2.058252e+00 1.601942e+00 1.572816e+00 5.339806e-01 2.330097e-01 0.000000e+00
32122: 2.067308e+00 1.586538e+00 1.576923e+00 5.384615e-01 2.307692e-01 0.000000e+00
32122: 2.057143e+00 1.580952e+00 1.580952e+00 5.523810e-01 2.285714e-01 0.000000e+00
32122: 2.056604e+00 1.566038e+00 1.584906e+00 5.660377e-01 2.264151e-01 0.000000e+00
32122: 2.046729e+00 1.570093e+00 1.579439e+00 5.607477e-01 2.429907e-01 0.000000e+00
32122: 2.046296e+00 1.564815e+00 1.574074e+00 5.740741e-01 2.407407e-01 0.000000e+00
32122: 2.036697e+00 1.587156e+00 1.568807e+00 5.688073e-01 2.385321e-01 0.000000e+00
32122: 2.036364e+00 1.590909e+00 1.572727e+00 5.636364e-01 2.363636e-01 0.000000e+00
32122: 2.027027e+00 1.585586e+00 1.567568e+00 5.765766e-01 2.432432e-01 0.000000e+00
32122: 2.035714e+00 1.580357e+00 1.571429e+00 5.714286e-01 2.410714e-01 0.000000e+00
32122: 2.035398e+00 1.592920e+00 1.557522e+00 5.752212e-01 2.389381e-01 0.000000e+00
32122: 2.035088e+00 1.596491e+00 1.561404e+00 5.701754e-01 2.368421e-01 0.000000e+00
32122: 2.034783e+00 1.591304e+00 1.565217e+00 5.739130e-01 2.347826e-01 0.000000e+00
32122: 2.025862e+00 1.594828e+00 1.560345e+00 5.689655e-01 2.500000e-01 0.000000e+00
32122: 2.034188e+00 1.581197e+00 1.564103e+00 5.726496e-01 2.478632e-01 0.000000e+00
32122: 2.025424e+00 1.576271e+00 1.584746e+00 5.677966e-01 2.457627e-01 0.000000e+00
32122: 2.025210e+00 1.588235e+00 1.571429e+00 5.714286e-01 2.436975e-01 0.000000e+00
32122: 2.025000e+00 1.575000e+00 1.583333e+00 5.750000e-01 2.416667e-01 0.000000e+00
32122: 2.016529e+00 1.595041e+00 1.570248e+00 5.785124e-01 2.396694e-01 0.000000e+00
32122: 2.016393e+00 1.598361e+00 1.565574e+00 5.819672e-01 2.377049e-01 0.000000e+00
32122: 2.008130e+00 1.601626e+00 1.569106e+00 5.853659e-01 2.357724e-01 0.000000e+00
32122: 2.008065e+00 1.596774e+00 1.572581e+00 5.887097e-01 2.338710e-01 0.000000e+00
32122: 2.000000e+00 1.600000e+00 1.560000e+00 6.000000e-01 2.400000e-01 0.000000e+00
32122: 2.000000e+00 1.603175e+00 1.563492e+00 5.952381e-01 2.380952e-01 0.000000e+00
32122: 2.000000e+00 1.590551e+00 1.574803e+00 5.984252e-01 2.362205e-01 0.000000e+00
32122: 2.000000e+00 1.593750e+00 1.562500e+00 6.093750e-01 2.343750e-01 0.000000e+00
32122: 1.992248e+00 1.596899e+00 1.573643e+00 6.046512e-01 2.325581e-01 0.000000e+00
32122: 2.000000e+00 1.592308e+00 1.569231e+00 6.076923e-01 2.307692e-01 0.000000e+00
32122: 2.007634e+00 1.595420e+00 1.564885e+00 6.030534e-01 2.290076e-01 0.000000e+00
32122: 2.000000e+00 1.590909e+00 1.575758e+00 6.060606e-01 2.272727e-01 0.000000e+00
32122: 2.000000e+00 1.586466e+00 1.571429e+00 6.165414e-01 2.255639e-01 0.000000e+00
32122: 2.000000e+00 1.589552e+00 1.559701e+00 6.268657e-01 2.238806e-01 0.000000e+00
32122: 2.007407e+00 1.577778e+00 1.570370e+00 6.222222e-01 2.222222e-01 0.000000e+00
32122: 2.000000e+00 1.580882e+00 1.573529e+00 6.250000e-01 2.205882e-01 0.000000e+00
32122: 2.014599e+00 1.569343e+00 1.569343e+00 6.277372e-01 2.189781e-01 0.000000e+00
32122: 2.014493e+00 1.579710e+00 1.565217e+00 6.231884e-01 2.173913e-01 0.000000e+00
32122: 2.014388e+00 1.575540e+00 1.568345e+00 6.258993e-01 2.158273e-01 0.000000e+00
32122: 2.014286e+00 1.578571e+00 1.571429e+00 6.214286e-01 2.142857e-01 0.000000e+00
32122: 2.007092e+00 1.574468e+00 1.567376e+00 6.382979e-01 2.127660e-01 0.000000e+00
32122: 2.007042e+00 1.570423e+00 1.570423e+00 6.408451e-01 2.112676e-01 0.000000e+00
32122: 2.006993e+00 1.573427e+00 1.566434e+00 6.433566e-01 2.097902e-01 0.000000e+00
32122: 2.006944e+00 1.576389e+00 1.569444e+00 6.388889e-01 2.083333e-01 0.000000e+00
32122: 2.000000e+00 1.586207e+00 1.565517e+00 6.413793e-01 2.068966e-01 0.000000e+00
32122: 2.006849e+00 1.582192e+00 1.561644e+00 6.438356e-01 2.054795e-01 0.000000e+00
32122: 2.000000e+00 1.585034e+00 1.564626e+00 6.394558e-01 2.040816e-01 6.802721e-03
32122: 2.000000e+00 1.587838e+00 1.560811e+00 6.351351e-01 2.094595e-01 6.756757e-03
32122: 1.993289e+00 1.590604e+00 1.563758e+00 6.375839e-01 2.080537e-01 6.711409e-03
32122: 1.993333e+00 1.593333e+00 1.566667e+00 6.333333e-01 2.066667e-01 6.666667e-03
32122: 1.986755e+00 1.596026e+00 1.562914e+00 6.357616e-01 2.119205e-01 6.622517e-03
32122: 1.986842e+00 1.592105e+00 1.572368e+00 6.315789e-01 2.105263e-01 6.578947e-03
32122: 1.980392e+00 1.601307e+00 1.562092e+00 6.405229e-01 2.091503e-01 6.535948e-03
32122: 1.980519e+00 1.610390e+00 1.558442e+00 6.363636e-01 2.077922e-01 6.493506e-03
32122: 1.980645e+00 1.606452e+00 1.561290e+00 6.322581e-01 2.129032e-01 6.451613e-03
32122: 1.974359e+00 1.602564e+00 1.576923e+00 6.282051e-01 2.115385e-01 6.410256e-03
32122: 1.987261e+00 1.598726e+00 1.566879e+00 6.305732e-01 2.101911e-01 6.369427e-03
32122: 1.981013e+00 1.594937e+00 1.575949e+00 6.329114e-01 2.088608e-01 6.329114e-03
32122: 1.987421e+00 1.591195e+00 1.572327e+00 6.352201e-01 2.075472e-01 6.289308e-03
32122: 1.981250e+00 1.600000e+00 1.562500e+00 6.437500e-01 2.062500e-01 6.250000e-03
32122: 1.981366e+00 1.608696e+00 1.559006e+00 6.397516e-01 2.049689e-01 6.211180e-03
32122: 1.975309e+00 1.604938e+00 1.574074e+00 6.358025e-01 2.037037e-01 6.172840e-03
32122: 1.975460e+00 1.601227e+00 1.570552e+00 6.380368e-01 2.085890e-01 6.134969e-03
32122: 1.975610e+00 1.597561e+00 1.567073e+00 6.463415e-01 2.073171e-01 6.097561e-03
32122: 1.975758e+00 1.606061e+00 1.563636e+00 6.424242e-01 2.060606e-01 6.060606e-03
32122: 1.969880e+00 1.608434e+00 1.566265e+00 6.385542e-01 2.108434e-01 6.024096e-03
32122: 1.976048e+00 1.610778e+00 1.562874e+00 6.347305e-01 2.095808e-01 5.988024e-03
32122: 1.976190e+00 1.607143e+00 1.565476e+00 6.369048e-01 2.083333e-01 5.952381e-03
32122: 1.976331e+00 1.615385e+00 1.562130e+00 6.331361e-01 2.071006e-01 5.917160e-03
32122: 1.970588e+00 1.617647e+00 1.570588e+00 6.294118e-01 2.058824e-01 5.882353e-03
32122: 1.970760e+00 1.619883e+00 1.561404e+00 6.374269e-01 2.046784e-01 5.847953e-03
32122: 1.965116e+00 1.616279e+00 1.569767e+00 6.395349e-01 2.034884e-01 5.813953e-03
32122: 1.971098e+00 1.612717e+00 1.572254e+00 6.358382e-01 2.023121e-01 5.780347e-03
32122: 1.971264e+00 1.609195e+00 1.568966e+00 6.436782e-01 2.011494e-01 5.747126e-03
32122: 1.971429e+00 1.611429e+00 1.571429e+00 6.400000e-01 2.000000e-01 5.714286e-03
32122: 1.971591e+00 1.613636e+00 1.562500e+00 6.477273e-01 1.988636e-01 5.681818e-03
32122: 1.966102e+00 1.615819e+00 1.564972e+00 6.497175e-01 1.977401e-01 5.649718e-03
32122: 1.971910e+00 1.612360e+00 1.567416e+00 6.460674e-01 1.966292e-01 5.617978e-03
32122: 1.966480e+00 1.620112e+00 1.564246e+00 6.480447e-01 1.955307e-01 5.586592e-03
32122: 1.966667e+00 1.611111e+00 1.572222e+00 6.500000e-01 1.944444e-01 5.555556e-03
32122: 1.961326e+00 1.607735e+00 1.580110e+00 6.519337e-01 1.933702e-01 5.524862e-03
32122: 1.972527e+00 1.604396e+00 1.571429e+00 6.538462e-01 1.923077e-01 5.494505e-03
32122: 1.967213e+00 1.606557e+00 1.573770e+00 6.557377e-01 1.912568e-01 5.464481e-03
32122: 1.967391e+00 1.603261e+00 1.576087e+00 6.576087e-01 1.902174e-01 5.434783e-03
32122: 1.967568e+00 1.605405e+00 1.567568e+00 6.648649e-01 1.891892e-01 5.405405e-03
32122: 1.962366e+00 1.607527e+00 1.575269e+00 6.612903e-01 1.881720e-01 5.376344e-03
32122: 1.962567e+00 1.604278e+00 1.566845e+00 6.631016e-01 1.978610e-01 5.347594e-03
32122: 1.957447e+00 1.611702e+00 1.569149e+00 6.595745e-01 1.968085e-01 5.319149e-03
32122: 1.957672e+00 1.608466e+00 1.571429e+00 6.613757e-01 1.957672e-01 5.291005e-03
32122: 1.952632e+00 1.610526e+00 1.568421e+00 6.684211e-01 1.947368e-01 5.263158e-03
32122: 1.958115e+00 1.607330e+00 1.570681e+00 6.649215e-01 1.937173e-01 5.235602e-03
32122: 1.958333e+00 1.609375e+00 1.567708e+00 6.666667e-01 1.927083e-01 5.208333e-03
32122: 1.958549e+00 1.611399e+00 1.569948e+00 6.632124e-01 1.917098e-01 5.181347e-03
32122: 1.953608e+00 1.608247e+00 1.567010e+00 6.701031e-01 1.958763e-01 5.154639e-03
32122: 1.953846e+00 1.610256e+00 1.569231e+00 6.666667e-01 1.948718e-01 5.128205e-03
32122: 1.959184e+00 1.607143e+00 1.566327e+00 6.683673e-01 1.938776e-01 5.102041e-03
32122: 1.959391e+00 1.614213e+00 1.563452e+00 6.649746e-01 1.928934e-01 5.076142e-03
32122: 1.954545e+00 1.611111e+00 1.565657e+00 6.717172e-01 1.919192e-01 5.050505e-03
32122: 1.959799e+00 1.608040e+00 1.567839e+00 6.683417e-01 1.909548e-01 5.025126e-03
32122: 1.960000e+00 1.615000e+00 1.565000e+00 6.650000e-01 1.900000e-01 5.000000e-03
32122: 1.965174e+00 1.611940e+00 1.567164e+00 6.616915e-01 1.890547e-01 4.975124e-03
32122: 1.960396e+00 1.618812e+00 1.569307e+00 6.584158e-01 1.881188e-01 4.950495e-03
32122: 1.965517e+00 1.615764e+00 1.566502e+00 6.551724e-01 1.921182e-01 4.926108e-03
32122: 1.960784e+00 1.612745e+00 1.568627e+00 6.568627e-01 1.960784e-01 4.901961e-03
32122: 1.965854e+00 1.614634e+00 1.565854e+00 6.536585e-01 1.951220e-01 4.878049e-03
32122: 1.961165e+00 1.616505e+00 1.567961e+00 6.553398e-01 1.941748e-01 4.854369e-03
32122: 1.961353e+00 1.613527e+00 1.565217e+00 6.618357e-01 1.932367e-01 4.830918e-03
32122: 1.961538e+00 1.620192e+00 1.562500e+00 6.586538e-01 1.923077e-01 4.807692e-03
32122: 1.956938e+00 1.626794e+00 1.564593e+00 6.555024e-01 1.913876e-01 4.784689e-03
32122: 1.957143e+00 1.619048e+00 1.571429e+00 6.571429e-01 1.904762e-01 4.761905e-03
32122: 1.962085e+00 1.620853e+00 1.563981e+00 6.587678e-01 1.895735e-01 4.739336e-03
32122: 1.957547e+00 1.622642e+00 1.570755e+00 6.556604e-01 1.886792e-01 4.716981e-03
32122: 1.957746e+00 1.619718e+00 1.572770e+00 6.572770e-01 1.877934e-01 4.694836e-03
32122: 1.953271e+00 1.621495e+00 1.570093e+00 6.588785e-01 1.915888e-01 4.672897e-03
32122: 1.948837e+00 1.632558e+00 1.562791e+00 6.604651e-01 1.906977e-01 4.651163e-03
32122: 1.953704e+00 1.629630e+00 1.560185e+00 6.574074e-01 1.898148e-01 9.259259e-03
32122: 1.953917e+00 1.635945e+00 1.557604e+00 6.543779e-01 1.889401e-01 9.216590e-03
32122: 1.954128e+00 1.628440e+00 1.564220e+00 6.513761e-01 1.926606e-01 9.174312e-03
32122: 1.954338e+00 1.630137e+00 1.561644e+00 6.529680e-01 1.917808e-01 9.132420e-03
32122: 1.950000e+00 1.631818e+00 1.568182e+00 6.500000e-01 1.909091e-01 9.090909e-03
32122: 1.959276e+00 1.628959e+00 1.565611e+00 6.470588e-01 1.900452e-01 9.049774e-03
32122: 1.959459e+00 1.630631e+00 1.563063e+00 6.486486e-01 1.891892e-01 9.009009e-03
32122: 1.959641e+00 1.632287e+00 1.565022e+00 6.457399e-01 1.883408e-01 8.968610e-03
32122: 1.959821e+00 1.633929e+00 1.562500e+00 6.473214e-01 1.875000e-01 8.928571e-03
32122: 1.955556e+00 1.631111e+00 1.568889e+00 6.488889e-01 1.866667e-01 8.888889e-03
32122: 1.955752e+00 1.632743e+00 1.570796e+00 6.460177e-01 1.858407e-01 8.849558e-03
32122: 1.955947e+00 1.629956e+00 1.563877e+00 6.563877e-01 1.850220e-01 8.810573e-03
32122: 1.951754e+00 1.631579e+00 1.570175e+00 6.535088e-01 1.842105e-01 8.771930e-03
32122: 1.951965e+00 1.633188e+00 1.563319e+00 6.593886e-01 1.834061e-01 8.733624e-03
32122: 1.952174e+00 1.626087e+00 1.573913e+00 6.565217e-01 1.826087e-01 8.695652e-03
32122: 1.948052e+00 1.632035e+00 1.567100e+00 6.623377e-01 1.818182e-01 8.658009e-03
32122: 1.948276e+00 1.629310e+00 1.573276e+00 6.594828e-01 1.810345e-01 8.620690e-03
32122: 1.948498e+00 1.630901e+00 1.570815e+00 6.609442e-01 1.802575e-01 8.583691e-03
32122: 1.944444e+00 1.632479e+00 1.572650e+00 6.623932e-01 1.794872e-01 8.547009e-03
32122: 1.944681e+00 1.629787e+00 1.570213e+00 6.680851e-01 1.787234e-01 8.510638e-03
32122: 1.940678e+00 1.635593e+00 1.563559e+00 6.737288e-01 1.779661e-01 8.474576e-03
32122: 1.940928e+00 1.637131e+00 1.565401e+00 6.708861e-01 1.772152e-01 8.438819e-03
32122: 1.941176e+00 1.638655e+00 1.563025e+00 6.722689e-01 1.764706e-01 8.403361e-03
32122: 1.941423e+00 1.635983e+00 1.569038e+00 6.694561e-01 1.757322e-01 8.368201e-03
32122: 1.941667e+00 1.637500e+00 1.570833e+00 6.666667e-01 1.750000e-01 8.333333e-03
32122: 1.941909e+00 1.634855e+00 1.568465e+00 6.721992e-01 1.742739e-01 8.298755e-03
32122: 1.946281e+00 1.636364e+00 1.566116e+00 6.694215e-01 1.735537e-01 8.264463e-03
32122: 1.942387e+00 1.633745e+00 1.576132e+00 6.666667e-01 1.728395e-01 8.230453e-03
32122: 1.942623e+00 1.635246e+00 1.569672e+00 6.721311e-01 1.721311e-01 8.196721e-03
32122: 1.938776e+00 1.636735e+00 1.571429e+00 6.693878e-01 1.714286e-01 1.224490e-02
32122: 1.943089e+00 1.638211e+00 1.565041e+00 6.707317e-01 1.707317e-01 1.219512e-02
32122: 1.943320e+00 1.639676e+00 1.566802e+00 6.680162e-01 1.700405e-01 1.214575e-02
32122: 1.939516e+00 1.637097e+00 1.568548e+00 6.693548e-01 1.733871e-01 1.209677e-02
32122: 1.939759e+00 1.630522e+00 1.574297e+00 6.666667e-01 1.767068e-01 1.204819e-02
32122: 1.936000e+00 1.632000e+00 1.572000e+00 6.720000e-01 1.760000e-01 1.200000e-02
32122: 1.940239e+00 1.633466e+00 1.565737e+00 6.733068e-01 1.752988e-01 1.195219e-02
32122: 1.940476e+00 1.630952e+00 1.567460e+00 6.706349e-01 1.746032e-01 1.587302e-02
32122: 1.936759e+00 1.640316e+00 1.565217e+00 6.679842e-01 1.739130e-01 1.581028e-02
32122: 1.937008e+00 1.637795e+00 1.566929e+00 6.692913e-01 1.732283e-01 1.574803e-02
32122: 1.933333e+00 1.639216e+00 1.572549e+00 6.666667e-01 1.725490e-01 1.568627e-02
32122: 1.937500e+00 1.640625e+00 1.566406e+00 6.679688e-01 1.718750e-01 1.562500e-02
32122: 1.937743e+00 1.638132e+00 1.568093e+00 6.653696e-01 1.750973e-01 1.556420e-02
32122: 1.937984e+00 1.643411e+00 1.565891e+00 6.627907e-01 1.744186e-01 1.550388e-02
32122: 1.934363e+00 1.640927e+00 1.567568e+00 6.640927e-01 1.776062e-01 1.544402e-02
32122: 1.942308e+00 1.638462e+00 1.565385e+00 6.615385e-01 1.769231e-01 1.538462e-02
32122: 1.938697e+00 1.639847e+00 1.570881e+00 6.590038e-01 1.762452e-01 1.532567e-02
32122: 1.935115e+00 1.641221e+00 1.568702e+00 6.603053e-01 1.755725e-01 1.908397e-02
32122: 1.935361e+00 1.638783e+00 1.574144e+00 6.577947e-01 1.749049e-01 1.901141e-02
32122: 1.931818e+00 1.640152e+00 1.575758e+00 6.590909e-01 1.742424e-01 1.893939e-02
32122: 1.932075e+00 1.641509e+00 1.569811e+00 6.641509e-01 1.735849e-01 1.886792e-02
32122: 1.928571e+00 1.642857e+00 1.575188e+00 6.616541e-01 1.729323e-01 1.879699e-02
32122: 1.928839e+00 1.640449e+00 1.576779e+00 6.629213e-01 1.722846e-01 1.872659e-02
32122: 1.929104e+00 1.645522e+00 1.570896e+00 6.641791e-01 1.716418e-01 1.865672e-02
32122: 1.929368e+00 1.643123e+00 1.568773e+00 6.691450e-01 1.710037e-01 1.858736e-02
32122: 1.925926e+00 1.644444e+00 1.570370e+00 6.666667e-01 1.740741e-01 1.851852e-02
32122: 1.929889e+00 1.642066e+00 1.568266e+00 6.678967e-01 1.734317e-01 1.845018e-02
32122: 1.930147e+00 1.643382e+00 1.566176e+00 6.654412e-01 1.764706e-01 1.838235e-02
32122: 1.926740e+00 1.644689e+00 1.567766e+00 6.630037e-01 1.794872e-01 1.831502e-02
32122: 1.927007e+00 1.645985e+00 1.569343e+00 6.605839e-01 1.788321e-01 1.824818e-02
32122: 1.923636e+00 1.647273e+00 1.570909e+00 6.618182e-01 1.781818e-01 1.818182e-02
32122: 1.923913e+00 1.648551e+00 1.568841e+00 6.630435e-01 1.775362e-01 1.811594e-02
32122: 1.920578e+00 1.649819e+00 1.570397e+00 6.642599e-01 1.768953e-01 1.805054e-02
32122: 1.920863e+00 1.651079e+00 1.568345e+00 6.654676e-01 1.762590e-01 1.798561e-02
32122: 1.917563e+00 1.652330e+00 1.569892e+00 6.666667e-01 1.756272e-01 1.792115e-02
32122: 1.921429e+00 1.653571e+00 1.567857e+00 6.642857e-01 1.750000e-01 1.785714e-02
32122: 1.918149e+00 1.647687e+00 1.572954e+00 6.654804e-01 1.779359e-01 1.779359e-02
32122: 1.921986e+00 1.645390e+00 1.570922e+00 6.666667e-01 1.773050e-01 1.773050e-02
32122: 1.918728e+00 1.650177e+00 1.565371e+00 6.713781e-01 1.766784e-01 1.766784e-02
32122: 1.919014e+00 1.644366e+00 1.570423e+00 6.725352e-01 1.760563e-01 1.760563e-02
32122: 1.919298e+00 1.649123e+00 1.564912e+00 6.736842e-01 1.754386e-01 1.754386e-02
32122: 1.916084e+00 1.646853e+00 1.566434e+00 6.783217e-01 1.748252e-01 1.748252e-02
32122: 1.916376e+00 1.648084e+00 1.564460e+00 6.794425e-01 1.742160e-01 1.742160e-02
32122: 1.913194e+00 1.649306e+00 1.569444e+00 6.770833e-01 1.736111e-01 1.736111e-02
32122: 1.910035e+00 1.647059e+00 1.574394e+00 6.747405e-01 1.730104e-01 2.076125e-02
32122: 1.910345e+00 1.644828e+00 1.568966e+00 6.793103e-01 1.758621e-01 2.068966e-02
32122: 1.910653e+00 1.646048e+00 1.567010e+00 6.804124e-01 1.752577e-01 2.061856e-02
32122: 1.907534e+00 1.647260e+00 1.571918e+00 6.780822e-01 1.746575e-01 2.054795e-02
32122: 1.907850e+00 1.648464e+00 1.566553e+00 6.825939e-01 1.740614e-01 2.047782e-02
32122: 1.908163e+00 1.649660e+00 1.568027e+00 6.802721e-01 1.734694e-01 2.040816e-02
32122: 1.908475e+00 1.644068e+00 1.572881e+00 6.813559e-01 1.728814e-01 2.033898e-02
32122: 1.905405e+00 1.648649e+00 1.570946e+00 6.824324e-01 1.722973e-01 2.027027e-02
32122: 1.909091e+00 1.646465e+00 1.565657e+00 6.868687e-01 1.717172e-01 2.020202e-02
32122: 1.909396e+00 1.647651e+00 1.563758e+00 6.879195e-01 1.711409e-01 2.013423e-02
32122: 1.906355e+00 1.645485e+00 1.571906e+00 6.856187e-01 1.705686e-01 2.006689e-02
32122: 1.910000e+00 1.640000e+00 1.573333e+00 6.866667e-01 1.700000e-01 2.000000e-02
32122: 1.906977e+00 1.647841e+00 1.568106e+00 6.877076e-01 1.694352e-01 1.993355e-02
32122: 1.907285e+00 1.645695e+00 1.569536e+00 6.854305e-01 1.688742e-01 2.317881e-02
32122: 1.904290e+00 1.650165e+00 1.567657e+00 6.864686e-01 1.683168e-01 2.310231e-02
32122: 1.904605e+00 1.648026e+00 1.569079e+00 6.842105e-01 1.710526e-01 2.302632e-02
32122: 1.901639e+00 1.649180e+00 1.573770e+00 6.819672e-01 1.704918e-01 2.295082e-02
32122: 1.905229e+00 1.647059e+00 1.571895e+00 6.830065e-01 1.699346e-01 2.287582e-02
32122: 1.905537e+00 1.651466e+00 1.566775e+00 6.840391e-01 1.693811e-01 2.280130e-02
32122: 1.902597e+00 1.655844e+00 1.568182e+00 6.818182e-01 1.688312e-01 2.272727e-02
32122: 1.906149e+00 1.653722e+00 1.569579e+00 6.796117e-01 1.682848e-01 2.265372e-02
32122: 1.906452e+00 1.654839e+00 1.567742e+00 6.774194e-01 1.709677e-01 2.258065e-02
32122: 1.903537e+00 1.652733e+00 1.569132e+00 6.816720e-01 1.704180e-01 2.250804e-02
32122: 1.903846e+00 1.657051e+00 1.567308e+00 6.794872e-01 1.698718e-01 2.243590e-02
32122: 1.900958e+00 1.658147e+00 1.571885e+00 6.773163e-01 1.693291e-01 2.236422e-02
32122: 1.904459e+00 1.659236e+00 1.566879e+00 6.783439e-01 1.687898e-01 2.229299e-02
32122: 1.901587e+00 1.657143e+00 1.574603e+00 6.761905e-01 1.682540e-01 2.222222e-02
32122: 1.898734e+00 1.655063e+00 1.572785e+00 6.835443e-01 1.677215e-01 2.215190e-02
32122: 1.902208e+00 1.652997e+00 1.567823e+00 6.876972e-01 1.671924e-01 2.208202e-02
32122: 1.902516e+00 1.657233e+00 1.566038e+00 6.855346e-01 1.666667e-01 2.201258e-02
32122: 1.902821e+00 1.652038e+00 1.573668e+00 6.833856e-01 1.661442e-01 2.194357e-02
32122: 1.903125e+00 1.653125e+00 1.568750e+00 6.875000e-01 1.656250e-01 2.187500e-02
32122: 1.900312e+00 1.647975e+00 1.573209e+00 6.915888e-01 1.651090e-01 2.180685e-02
32122: 1.900621e+00 1.649068e+00 1.568323e+00 6.956522e-01 1.645963e-01 2.173913e-02
32122: 1.897833e+00 1.650155e+00 1.572755e+00 6.934985e-01 1.640867e-01 2.167183e-02
32122: 1.898148e+00 1.648148e+00 1.567901e+00 6.975309e-01 1.666667e-01 2.160494e-02
32122: 1.898462e+00 1.652308e+00 1.566154e+00 6.953846e-01 1.661538e-01 2.153846e-02
32122: 1.895706e+00 1.650307e+00 1.573620e+00 6.932515e-01 1.656442e-01 2.147239e-02
32122: 1.896024e+00 1.648318e+00 1.571865e+00 6.941896e-01 1.681957e-01 2.140673e-02
32122: 1.893293e+00 1.649390e+00 1.567073e+00 6.981707e-01 1.707317e-01 2.134146e-02
32122: 1.893617e+00 1.647416e+00 1.568389e+00 6.990881e-01 1.702128e-01 2.127660e-02
32122: 1.890909e+00 1.654545e+00 1.566667e+00 6.969697e-01 1.696970e-01 2.121212e-02
32122: 1.894260e+00 1.652568e+00 1.567976e+00 6.948640e-01 1.691843e-01 2.114804e-02
32122: 1.891566e+00 1.653614e+00 1.569277e+00 6.957831e-01 1.686747e-01 2.108434e-02
32122: 1.897898e+00 1.651652e+00 1.567568e+00 6.936937e-01 1.681682e-01 2.102102e-02
32122: 1.898204e+00 1.652695e+00 1.565868e+00 6.946108e-01 1.676647e-01 2.095808e-02
32122: 1.898507e+00 1.650746e+00 1.570149e+00 6.925373e-01 1.671642e-01 2.089552e-02
32122: 1.898810e+00 1.651786e+00 1.565476e+00 6.964286e-01 1.666667e-01 2.083333e-02
32122: 1.899110e+00 1.649852e+00 1.569733e+00 6.943620e-01 1.661721e-01 2.077151e-02
32122: 1.896450e+00 1.650888e+00 1.573964e+00 6.923077e-01 1.656805e-01 2.071006e-02
32122: 1.896755e+00 1.648968e+00 1.572271e+00 6.961652e-01 1.651917e-01 2.064897e-02
32122: 1.897059e+00 1.650000e+00 1.570588e+00 6.970588e-01 1.647059e-01 2.058824e-02
32122: 1.894428e+00 1.648094e+00 1.571848e+00 6.979472e-01 1.671554e-01 2.052786e-02
32122: 1.897661e+00 1.646199e+00 1.570175e+00 6.988304e-01 1.666667e-01 2.046784e-02
32122: 1.895044e+00 1.650146e+00 1.565598e+00 7.026239e-01 1.661808e-01 2.040816e-02
32122: 1.895349e+00 1.654070e+00 1.563953e+00 7.005814e-01 1.656977e-01 2.034884e-02
32122: 1.895652e+00 1.652174e+00 1.565217e+00 7.014493e-01 1.652174e-01 2.028986e-02
32122: 1.893064e+00 1.656069e+00 1.563584e+00 7.023121e-01 1.647399e-01 2.023121e-02
32122: 1.896254e+00 1.654179e+00 1.564841e+00 7.002882e-01 1.642651e-01 2.017291e-02
32122: 1.893678e+00 1.658046e+00 1.566092e+00 6.982759e-01 1.637931e-01 2.011494e-02
32122: 1.893983e+00 1.656160e+00 1.567335e+00 6.962751e-01 1.661891e-01 2.005731e-02
32122: 1.891429e+00 1.657143e+00 1.565714e+00 7.000000e-01 1.657143e-01 2.000000e-02
32122: 1.891738e+00 1.655271e+00 1.569801e+00 6.980057e-01 1.652422e-01 1.994302e-02
32122: 1.889205e+00 1.659091e+00 1.571023e+00 6.960227e-01 1.647727e-01 1.988636e-02
32122: 1.889518e+00 1.657224e+00 1.572238e+00 6.968839e-01 1.643059e-01 1.983003e-02
32122: 1.887006e+00 1.658192e+00 1.570621e+00 6.977401e-01 1.666667e-01 1.977401e-02
32122: 1.890141e+00 1.656338e+00 1.569014e+00 6.985915e-01 1.661972e-01 1.971831e-02
32122: 1.887640e+00 1.660112e+00 1.570225e+00 6.966292e-01 1.657303e-01 1.966292e-02
32122: 1.887955e+00 1.661064e+00 1.568627e+00 6.974790e-01 1.652661e-01 1.960784e-02
32122: 1.885475e+00 1.659218e+00 1.572626e+00 6.983240e-01 1.648045e-01 1.955307e-02
32122: 1.885794e+00 1.657382e+00 1.568245e+00 7.019499e-01 1.671309e-01 1.949861e-02
32122: 1.883333e+00 1.661111e+00 1.566667e+00 7.000000e-01 1.666667e-01 2.222222e-02
32122: 1.883657e+00 1.662050e+00 1.567867e+00 6.980609e-01 1.662050e-01 2.216066e-02
32122: 1.881215e+00 1.665746e+00 1.566298e+00 6.988950e-01 1.657459e-01 2.209945e-02
32122: 1.884298e+00 1.663912e+00 1.564738e+00 6.969697e-01 1.680441e-01 2.203857e-02
32122: 1.881868e+00 1.664835e+00 1.565934e+00 6.978022e-01 1.675824e-01 2.197802e-02
32122: 1.879452e+00 1.663014e+00 1.572603e+00 6.958904e-01 1.671233e-01 2.191781e-02
32122: 1.879781e+00 1.663934e+00 1.568306e+00 6.967213e-01 1.666667e-01 2.459016e-02
32122: 1.880109e+00 1.662125e+00 1.569482e+00 6.948229e-01 1.689373e-01 2.452316e-02
32122: 1.880435e+00 1.665761e+00 1.567935e+00 6.929348e-01 1.684783e-01 2.445652e-02
32122: 1.880759e+00 1.663957e+00 1.569106e+00 6.937669e-01 1.680217e-01 2.439024e-02
32122: 1.878378e+00 1.667568e+00 1.570270e+00 6.918919e-01 1.675676e-01 2.432432e-02
32122: 1.881402e+00 1.665768e+00 1.568733e+00 6.927224e-01 1.671159e-01 2.425876e-02
32122: 1.881720e+00 1.666667e+00 1.567204e+00 6.908602e-01 1.693548e-01 2.419355e-02
32122: 1.882038e+00 1.667560e+00 1.568365e+00 6.890080e-01 1.689008e-01 2.412869e-02
32122: 1.882353e+00 1.665775e+00 1.569519e+00 6.898396e-01 1.684492e-01 2.406417e-02
32122: 1.882667e+00 1.669333e+00 1.568000e+00 6.880000e-01 1.680000e-01 2.400000e-02
32122: 1.880319e+00 1.667553e+00 1.571809e+00 6.888298e-01 1.675532e-01 2.393617e-02
32122: 1.883289e+00 1.668435e+00 1.567639e+00 6.896552e-01 1.671088e-01 2.387268e-02
32122: 1.880952e+00 1.666667e+00 1.574074e+00 6.878307e-01 1.666667e-01 2.380952e-02
32122: 1.881266e+00 1.664908e+00 1.575198e+00 6.886544e-01 1.662269e-01 2.374670e-02
32122: 1.881579e+00 1.665789e+00 1.573684e+00 6.894737e-01 1.657895e-01 2.368421e-02
32122: 1.879265e+00 1.669291e+00 1.572178e+00 6.902887e-01 1.653543e-01 2.362205e-02
32122: 1.879581e+00 1.672775e+00 1.568063e+00 6.910995e-01 1.649215e-01 2.356021e-02
32122: 1.877285e+00 1.673629e+00 1.571802e+00 6.892950e-01 1.644909e-01 2.349869e-02
32122: 1.880208e+00 1.674479e+00 1.567708e+00 6.901042e-01 1.640625e-01 2.343750e-02
32122: 1.877922e+00 1.677922e+00 1.568831e+00 6.883117e-01 1.636364e-01 2.337662e-02
32122: 1.878238e+00 1.676166e+00 1.569948e+00 6.891192e-01 1.632124e-01 2.331606e-02
32122: 1.878553e+00 1.679587e+00 1.568475e+00 6.873385e-01 1.627907e-01 2.325581e-02
32122: 1.876289e+00 1.682990e+00 1.569588e+00 6.855670e-01 1.623711e-01 2.319588e-02
32122: 1.876607e+00 1.681234e+00 1.570694e+00 6.863753e-01 1.619537e-01 2.313625e-02
32122: 1.874359e+00 1.684615e+00 1.566667e+00 6.871795e-01 1.641026e-01 2.307692e-02
32122: 1.877238e+00 1.682864e+00 1.567775e+00 6.854220e-01 1.636829e-01 2.301790e-02
32122: 1.875000e+00 1.683673e+00 1.571429e+00 6.836735e-01 1.632653e-01 2.295918e-02
32122: 1.872774e+00 1.681934e+00 1.569975e+00 6.895674e-01 1.628499e-01 2.290076e-02
32122: 1.873096e+00 1.682741e+00 1.571066e+00 6.878173e-01 1.624365e-01 2.284264e-02
32122: 1.870886e+00 1.683544e+00 1.569620e+00 6.911392e-01 1.620253e-01 2.278481e-02
32122: 1.873737e+00 1.681818e+00 1.570707e+00 6.893939e-01 1.616162e-01 2.272727e-02
32122: 1.871537e+00 1.682620e+00 1.566751e+00 6.952141e-01 1.612091e-01 2.267003e-02
32122: 1.874372e+00 1.680905e+00 1.567839e+00 6.934673e-01 1.608040e-01 2.261307e-02
32122: 1.874687e+00 1.681704e+00 1.566416e+00 6.942356e-01 1.604010e-01 2.255639e-02
32122: 1.875000e+00 1.680000e+00 1.570000e+00 6.925000e-01 1.600000e-01 2.250000e-02
32122: 1.872818e+00 1.683292e+00 1.568579e+00 6.932668e-01 1.596010e-01 2.244389e-02
32122: 1.873134e+00 1.684080e+00 1.569652e+00 6.915423e-01 1.592040e-01 2.238806e-02
32122: 1.873449e+00 1.682382e+00 1.570720e+00 6.923077e-01 1.588089e-01 2.233251e-02
32122: 1.873762e+00 1.683168e+00 1.566832e+00 6.930693e-01 1.608911e-01 2.227723e-02
32122: 1.876543e+00 1.681481e+00 1.567901e+00 6.913580e-01 1.604938e-01 2.222222e-02
32122: 1.874384e+00 1.682266e+00 1.571429e+00 6.896552e-01 1.600985e-01 2.216749e-02
32122: 1.872236e+00 1.680590e+00 1.574939e+00 6.904177e-01 1.597052e-01 2.211302e-02
32122: 1.875000e+00 1.678922e+00 1.573529e+00 6.911765e-01 1.593137e-01 2.205882e-02
32122: 1.872861e+00 1.679707e+00 1.572127e+00 6.943765e-01 1.589242e-01 2.200489e-02
32122: 1.870732e+00 1.680488e+00 1.573171e+00 6.951220e-01 1.585366e-01 2.195122e-02
32122: 1.871046e+00 1.678832e+00 1.574209e+00 6.958637e-01 1.581509e-01 2.189781e-02
32122: 1.868932e+00 1.682039e+00 1.570388e+00 6.990291e-01 1.577670e-01 2.184466e-02
32122: 1.869249e+00 1.680387e+00 1.571429e+00 6.997579e-01 1.573850e-01 2.179177e-02
32122: 1.869565e+00 1.683575e+00 1.567633e+00 7.004831e-01 1.570048e-01 2.173913e-02
32122: 1.869880e+00 1.681928e+00 1.568675e+00 7.012048e-01 1.566265e-01 2.168675e-02
32122: 1.867788e+00 1.682692e+00 1.572115e+00 6.995192e-01 1.562500e-01 2.163462e-02
32122: 1.865707e+00 1.681055e+00 1.573141e+00 7.026379e-01 1.558753e-01 2.158273e-02
32122: 1.866029e+00 1.679426e+00 1.569378e+00 7.057416e-01 1.578947e-01 2.153110e-02
32122: 1.866348e+00 1.680191e+00 1.570406e+00 7.040573e-01 1.575179e-01 2.147971e-02
32122: 1.869048e+00 1.678571e+00 1.566667e+00 7.071429e-01 1.571429e-01 2.142857e-02
32122: 1.869359e+00 1.679335e+00 1.567696e+00 7.054632e-01 1.567696e-01 2.137767e-02
32122: 1.867299e+00 1.682464e+00 1.566351e+00 7.061611e-01 1.563981e-01 2.132701e-02
32122: 1.867612e+00 1.680851e+00 1.567376e+00 7.068558e-01 1.560284e-01 2.127660e-02
32122: 1.867925e+00 1.681604e+00 1.568396e+00 7.051887e-01 1.556604e-01 2.122642e-02
32122: 1.868235e+00 1.680000e+00 1.569412e+00 7.058824e-01 1.552941e-01 2.117647e-02
32122: 1.868545e+00 1.680751e+00 1.570423e+00 7.042254e-01 1.549296e-01 2.112676e-02
32122: 1.866511e+00 1.681499e+00 1.569087e+00 7.072600e-01 1.545667e-01 2.107728e-02
32122: 1.869159e+00 1.682243e+00 1.567757e+00 7.056075e-01 1.542056e-01 2.102804e-02
32122: 1.867133e+00 1.682984e+00 1.568765e+00 7.039627e-01 1.538462e-01 2.331002e-02
32122: 1.872093e+00 1.681395e+00 1.567442e+00 7.023256e-01 1.534884e-01 2.325581e-02
32122: 1.870070e+00 1.684455e+00 1.568445e+00 7.006961e-01 1.531323e-01 2.320186e-02
32122: 1.870370e+00 1.682870e+00 1.567130e+00 7.013889e-01 1.550926e-01 2.314815e-02
32122: 1.870670e+00 1.683603e+00 1.568129e+00 6.997691e-01 1.547344e-01 2.309469e-02
32122: 1.868664e+00 1.682028e+00 1.566820e+00 7.027650e-01 1.566820e-01 2.304147e-02
32122: 1.866667e+00 1.685057e+00 1.567816e+00 7.011494e-01 1.563218e-01 2.298851e-02
32122: 1.866972e+00 1.683486e+00 1.568807e+00 7.018349e-01 1.559633e-01 2.293578e-02
32122: 1.864989e+00 1.684211e+00 1.569794e+00 7.025172e-01 1.556064e-01 2.288330e-02
32122: 1.865297e+00 1.680365e+00 1.570776e+00 7.009132e-01 1.575342e-01 2.511416e-02
32122: 1.865604e+00 1.681093e+00 1.569476e+00 7.015945e-01 1.571754e-01 2.505695e-02
32122: 1.865909e+00 1.679545e+00 1.570455e+00 7.022727e-01 1.568182e-01 2.500000e-02
32122: 1.866213e+00 1.680272e+00 1.566893e+00 7.052154e-01 1.564626e-01 2.494331e-02
32122: 1.864253e+00 1.680995e+00 1.567873e+00 7.058824e-01 1.561086e-01 2.488688e-02
32122: 1.864560e+00 1.681716e+00 1.566591e+00 7.042889e-01 1.580135e-01 2.483070e-02
32122: 1.862613e+00 1.684685e+00 1.567568e+00 7.027027e-01 1.576577e-01 2.477477e-02
32122: 1.865169e+00 1.683146e+00 1.566292e+00 7.033708e-01 1.573034e-01 2.471910e-02
32122: 1.863229e+00 1.686099e+00 1.567265e+00 7.017937e-01 1.569507e-01 2.466368e-02
32122: 1.865772e+00 1.686801e+00 1.565996e+00 7.002237e-01 1.565996e-01 2.460850e-02
32122: 1.863839e+00 1.687500e+00 1.569196e+00 6.986607e-01 1.562500e-01 2.455357e-02
32122: 1.864143e+00 1.688196e+00 1.567929e+00 6.993318e-01 1.559020e-01 2.449889e-02
32122: 1.864444e+00 1.686667e+00 1.571111e+00 6.977778e-01 1.555556e-01 2.444444e-02
32122: 1.862528e+00 1.689579e+00 1.567627e+00 6.984479e-01 1.552106e-01 2.660754e-02
32122: 1.865044e+00 1.688053e+00 1.566372e+00 6.969027e-01 1.570796e-01 2.654867e-02
32122: 1.865342e+00 1.688742e+00 1.565121e+00 6.975717e-01 1.567329e-01 2.649007e-02
32122: 1.863436e+00 1.689427e+00 1.568282e+00 6.960352e-01 1.563877e-01 2.643172e-02
32122: 1.863736e+00 1.687912e+00 1.571429e+00 6.945055e-01 1.560440e-01 2.637363e-02
32122: 1.861842e+00 1.688596e+00 1.570175e+00 6.973684e-01 1.557018e-01 2.631579e-02
32122: 1.859956e+00 1.691466e+00 1.568928e+00 6.980306e-01 1.553611e-01 2.625821e-02
32122: 1.860262e+00 1.692140e+00 1.569869e+00 6.965066e-01 1.550218e-01 2.620087e-02
32122: 1.858388e+00 1.690632e+00 1.570806e+00 6.993464e-01 1.546841e-01 2.614379e-02
32122: 1.863043e+00 1.689130e+00 1.567391e+00 7.000000e-01 1.543478e-01 2.608696e-02
32122: 1.861171e+00 1.694143e+00 1.566161e+00 6.984816e-01 1.540130e-01 2.603037e-02
32122: 1.861472e+00 1.692641e+00 1.567100e+00 6.969697e-01 1.558442e-01 2.597403e-02
32122: 1.859611e+00 1.695464e+00 1.565875e+00 6.954644e-01 1.555076e-01 2.807775e-02
32122: 1.859914e+00 1.696121e+00 1.564655e+00 6.961207e-01 1.551724e-01 2.801724e-02
32122: 1.860215e+00 1.692473e+00 1.569892e+00 6.946237e-01 1.548387e-01 2.795699e-02
32122: 1.858369e+00 1.695279e+00 1.570815e+00 6.931330e-01 1.545064e-01 2.789700e-02
32122: 1.860814e+00 1.695931e+00 1.567452e+00 6.937901e-01 1.541756e-01 2.783726e-02
32122: 1.861111e+00 1.694444e+00 1.570513e+00 6.923077e-01 1.538462e-01 2.777778e-02
32122: 1.859275e+00 1.695096e+00 1.569296e+00 6.950959e-01 1.535181e-01 2.771855e-02
32122: 1.859574e+00 1.695745e+00 1.568085e+00 6.936170e-01 1.553191e-01 2.765957e-02
32122: 1.857749e+00 1.698514e+00 1.569002e+00 6.921444e-01 1.549894e-01 2.760085e-02
32122: 1.858051e+00 1.699153e+00 1.569915e+00 6.906780e-01 1.546610e-01 2.754237e-02
32122: 1.856237e+00 1.701903e+00 1.568710e+00 6.913319e-01 1.543340e-01 2.748414e-02
32122: 1.860759e+00 1.700422e+00 1.567511e+00 6.898734e-01 1.540084e-01 2.742616e-02
32122: 1.858947e+00 1.701053e+00 1.568421e+00 6.905263e-01 1.536842e-01 2.736842e-02
32122: 1.857143e+00 1.701681e+00 1.569328e+00 6.911765e-01 1.533613e-01 2.731092e-02
32122: 1.857442e+00 1.700210e+00 1.570231e+00 6.918239e-01 1.530398e-01 2.725367e-02
32122: 1.857741e+00 1.700837e+00 1.569038e+00 6.924686e-01 1.527197e-01 2.719665e-02
32122: 1.858038e+00 1.699374e+00 1.569937e+00 6.931106e-01 1.524008e-01 2.713987e-02
32122: 1.856250e+00 1.700000e+00 1.570833e+00 6.937500e-01 1.520833e-01 2.708333e-02
32122: 1.856549e+00 1.702703e+00 1.567568e+00 6.943867e-01 1.517672e-01 2.702703e-02
32122: 1.856846e+00 1.701245e+00 1.568465e+00 6.929461e-01 1.535270e-01 2.697095e-02
32122: 1.855072e+00 1.701863e+00 1.569358e+00 6.935818e-01 1.532091e-01 2.691511e-02
32122: 1.859504e+00 1.700413e+00 1.568182e+00 6.921488e-01 1.528926e-01 2.685950e-02
32122: 1.857732e+00 1.701031e+00 1.569072e+00 6.927835e-01 1.525773e-01 2.680412e-02
32122: 1.858025e+00 1.701646e+00 1.569959e+00 6.913580e-01 1.522634e-01 2.674897e-02
32122: 1.856263e+00 1.702259e+00 1.568789e+00 6.940452e-01 1.519507e-01 2.669405e-02
32122: 1.858607e+00 1.702869e+00 1.567623e+00 6.926230e-01 1.516393e-01 2.663934e-02
32122: 1.856851e+00 1.701431e+00 1.570552e+00 6.932515e-01 1.513292e-01 2.658487e-02
32122: 1.859184e+00 1.700000e+00 1.569388e+00 6.938776e-01 1.510204e-01 2.653061e-02
32122: 1.859470e+00 1.700611e+00 1.568228e+00 6.945010e-01 1.507128e-01 2.647658e-02
32122: 1.859756e+00 1.699187e+00 1.571138e+00 6.930894e-01 1.504065e-01 2.642276e-02
32122: 1.860041e+00 1.699797e+00 1.569980e+00 6.937120e-01 1.501014e-01 2.636917e-02
32122: 1.858300e+00 1.698381e+00 1.572874e+00 6.943320e-01 1.497976e-01 2.631579e-02
32122: 1.858586e+00 1.698990e+00 1.569697e+00 6.969697e-01 1.494949e-01 2.626263e-02
32122: 1.856855e+00 1.699597e+00 1.572581e+00 6.955645e-01 1.491935e-01 2.620968e-02
32122: 1.859155e+00 1.696177e+00 1.571429e+00 6.981891e-01 1.488934e-01 2.615694e-02
32122: 1.861446e+00 1.696787e+00 1.568273e+00 6.987952e-01 1.485944e-01 2.610442e-02
32122: 1.861723e+00 1.695391e+00 1.571142e+00 6.973948e-01 1.482966e-01 2.605210e-02
32122: 1.860000e+00 1.698000e+00 1.568000e+00 6.980000e-01 1.500000e-01 2.600000e-02
32122: 1.860279e+00 1.698603e+00 1.566866e+00 6.966068e-01 1.516966e-01 2.594810e-02
32122: 1.860558e+00 1.697211e+00 1.569721e+00 6.952191e-01 1.513944e-01 2.589641e-02
32122: 1.860835e+00 1.695825e+00 1.572565e+00 6.938370e-01 1.510934e-01 2.584493e-02
32122: 1.859127e+00 1.696429e+00 1.569444e+00 6.984127e-01 1.507937e-01 2.579365e-02
32122: 1.857426e+00 1.699010e+00 1.568317e+00 6.970297e-01 1.524752e-01 2.574257e-02
32122: 1.857708e+00 1.697628e+00 1.569170e+00 6.956522e-01 1.541502e-01 2.569170e-02
32122: 1.857988e+00 1.698225e+00 1.570020e+00 6.942801e-01 1.538462e-01 2.564103e-02
32122: 1.856299e+00 1.696850e+00 1.568898e+00 6.968504e-01 1.535433e-01 2.755906e-02
32122: 1.858546e+00 1.695481e+00 1.567780e+00 6.974460e-01 1.532417e-01 2.750491e-02
32122: 1.856863e+00 1.694118e+00 1.572549e+00 6.960784e-01 1.529412e-01 2.745098e-02
32122: 1.855186e+00 1.692759e+00 1.573386e+00 6.966732e-01 1.545988e-01 2.739726e-02
32122: 1.857422e+00 1.691406e+00 1.570312e+00 6.992188e-01 1.542969e-01 2.734375e-02
32122: 1.855750e+00 1.695906e+00 1.567251e+00 6.998051e-01 1.539961e-01 2.729045e-02
32122: 1.856031e+00 1.696498e+00 1.568093e+00 6.984436e-01 1.536965e-01 2.723735e-02
32122: 1.858252e+00 1.695146e+00 1.566990e+00 6.990291e-01 1.533981e-01 2.718447e-02
32122: 1.856589e+00 1.695736e+00 1.569767e+00 6.976744e-01 1.531008e-01 2.713178e-02
32122: 1.858801e+00 1.694391e+00 1.570600e+00 6.963250e-01 1.528046e-01 2.707930e-02
32122: 1.857143e+00 1.694981e+00 1.571429e+00 6.969112e-01 1.525097e-01 2.702703e-02
32122: 1.857418e+00 1.693642e+00 1.572254e+00 6.974952e-01 1.522158e-01 2.697495e-02
32122: 1.855769e+00 1.696154e+00 1.569231e+00 7.000000e-01 1.519231e-01 2.692308e-02
32122: 1.857965e+00 1.692898e+00 1.571977e+00 6.986564e-01 1.516315e-01 2.687140e-02
32122: 1.858238e+00 1.695402e+00 1.568966e+00 6.992337e-01 1.513410e-01 2.681992e-02
32122: 1.856597e+00 1.695985e+00 1.571702e+00 6.978967e-01 1.510516e-01 2.676864e-02
32122: 1.856870e+00 1.696565e+00 1.568702e+00 7.003817e-01 1.507634e-01 2.671756e-02
32122: 1.857143e+00 1.695238e+00 1.571429e+00 6.990476e-01 1.504762e-01 2.666667e-02
32122: 1.855513e+00 1.695817e+00 1.570342e+00 6.996198e-01 1.520913e-01 2.661597e-02
32122: 1.855787e+00 1.698292e+00 1.567362e+00 7.001898e-01 1.518027e-01 2.656546e-02
32122: 1.857955e+00 1.696970e+00 1.568182e+00 6.988636e-01 1.515152e-01 2.651515e-02
32122: 1.858223e+00 1.697543e+00 1.568998e+00 6.975425e-01 1.512287e-01 2.646503e-02
32122: 1.860377e+00 1.696226e+00 1.567925e+00 6.981132e-01 1.509434e-01 2.641509e-02
32122: 1.860640e+00 1.698682e+00 1.566855e+00 6.967985e-01 1.506591e-01 2.636535e-02
32122: 1.860902e+00 1.697368e+00 1.567669e+00 6.954887e-01 1.522556e-01 2.631579e-02
32122: 1.861163e+00 1.697936e+00 1.568480e+00 6.941839e-01 1.519700e-01 2.626642e-02
32122: 1.861423e+00 1.696629e+00 1.569288e+00 6.947566e-01 1.516854e-01 2.621723e-02
32122: 1.861682e+00 1.697196e+00 1.570093e+00 6.934579e-01 1.514019e-01 2.616822e-02
32122: 1.860075e+00 1.695896e+00 1.569030e+00 6.977612e-01 1.511194e-01 2.611940e-02
32122: 1.860335e+00 1.694600e+00 1.569832e+00 6.983240e-01 1.508380e-01 2.607076e-02
32122: 1.858736e+00 1.695167e+00 1.570632e+00 6.970260e-01 1.524164e-01 2.602230e-02
32122: 1.858998e+00 1.693878e+00 1.569573e+00 6.975881e-01 1.539889e-01 2.597403e-02
32122: 1.859259e+00 1.694444e+00 1.570370e+00 6.962963e-01 1.537037e-01 2.592593e-02
32122: 1.857671e+00 1.691312e+00 1.569316e+00 7.005545e-01 1.552680e-01 2.587800e-02
32122: 1.859779e+00 1.690037e+00 1.570111e+00 6.992620e-01 1.549815e-01 2.583026e-02
32122: 1.860037e+00 1.692449e+00 1.567219e+00 6.998158e-01 1.546961e-01 2.578269e-02
32122: 1.860294e+00 1.693015e+00 1.568015e+00 6.985294e-01 1.544118e-01 2.573529e-02
32122: 1.858716e+00 1.691743e+00 1.566972e+00 6.990826e-01 1.559633e-01 2.752294e-02
32122: 1.860806e+00 1.692308e+00 1.565934e+00 6.978022e-01 1.556777e-01 2.747253e-02
32122: 1.859232e+00 1.692870e+00 1.568556e+00 6.965265e-01 1.553931e-01 2.742230e-02
32122: 1.859489e+00 1.693431e+00 1.567518e+00 6.952555e-01 1.569343e-01 2.737226e-02
32122: 1.857923e+00 1.692168e+00 1.571949e+00 6.939891e-01 1.566485e-01 2.732240e-02
32122: 1.860000e+00 1.692727e+00 1.569091e+00 6.945455e-01 1.563636e-01 2.727273e-02
32122: 1.858439e+00 1.691470e+00 1.569873e+00 6.969147e-01 1.560799e-01 2.722323e-02
32122: 1.860507e+00 1.690217e+00 1.570652e+00 6.956522e-01 1.557971e-01 2.717391e-02
32122: 1.860759e+00 1.690778e+00 1.569620e+00 6.962025e-01 1.555154e-01 2.712477e-02
32122: 1.859206e+00 1.691336e+00 1.570397e+00 6.967509e-01 1.552347e-01 2.707581e-02
32122: 1.861261e+00 1.690090e+00 1.567568e+00 6.990991e-01 1.549550e-01 2.702703e-02
32122: 1.859712e+00 1.688849e+00 1.570144e+00 6.996403e-01 1.546763e-01 2.697842e-02
32122: 1.859964e+00 1.687612e+00 1.567325e+00 7.019749e-01 1.561939e-01 2.692998e-02
32122: 1.858423e+00 1.691756e+00 1.566308e+00 7.007168e-01 1.559140e-01 2.688172e-02
32122: 1.862254e+00 1.690519e+00 1.565295e+00 6.994633e-01 1.556351e-01 2.683363e-02
32122: 1.860714e+00 1.691071e+00 1.566071e+00 6.982143e-01 1.553571e-01 2.857143e-02
32122: 1.862745e+00 1.689840e+00 1.565062e+00 6.987522e-01 1.550802e-01 2.852050e-02
32122: 1.862989e+00 1.690391e+00 1.564057e+00 6.992883e-01 1.548043e-01 2.846975e-02
32122: 1.861456e+00 1.690941e+00 1.564831e+00 6.980462e-01 1.563055e-01 2.841918e-02
32122: 1.863475e+00 1.689716e+00 1.565603e+00 6.968085e-01 1.560284e-01 2.836879e-02
32122: 1.863717e+00 1.690265e+00 1.566372e+00 6.955752e-01 1.557522e-01 2.831858e-02
32122: 1.862191e+00 1.692580e+00 1.565371e+00 6.961131e-01 1.554770e-01 2.826855e-02
32122: 1.862434e+00 1.693122e+00 1.566138e+00 6.948854e-01 1.552028e-01 2.821869e-02
32122: 1.862676e+00 1.690141e+00 1.566901e+00 6.971831e-01 1.549296e-01 2.816901e-02
32122: 1.861160e+00 1.690685e+00 1.569420e+00 6.959578e-01 1.546573e-01 2.811951e-02
32122: 1.863158e+00 1.689474e+00 1.568421e+00 6.964912e-01 1.543860e-01 2.807018e-02
32122: 1.863398e+00 1.691769e+00 1.567426e+00 6.952715e-01 1.541156e-01 2.802102e-02
32122: 1.861888e+00 1.692308e+00 1.569930e+00 6.940559e-01 1.538462e-01 2.797203e-02
32122: 1.862129e+00 1.692845e+00 1.570681e+00 6.928447e-01 1.535777e-01 2.792321e-02
32122: 1.860627e+00 1.691638e+00 1.571429e+00 6.951220e-01 1.533101e-01 2.787456e-02
32122: 1.862609e+00 1.690435e+00 1.568696e+00 6.956522e-01 1.547826e-01 2.782609e-02
32122: 1.862847e+00 1.690972e+00 1.569444e+00 6.944444e-01 1.545139e-01 2.777778e-02
32122: 1.861352e+00 1.691508e+00 1.570191e+00 6.949740e-01 1.542461e-01 2.772964e-02
32122: 1.863322e+00 1.692042e+00 1.567474e+00 6.955017e-01 1.539792e-01 2.768166e-02
32122: 1.863558e+00 1.690846e+00 1.569948e+00 6.943005e-01 1.537133e-01 2.763385e-02
32122: 1.862069e+00 1.691379e+00 1.570690e+00 6.948276e-01 1.534483e-01 2.758621e-02
32122: 1.864028e+00 1.690189e+00 1.569707e+00 6.953528e-01 1.531842e-01 2.753873e-02
32122: 1.862543e+00 1.692440e+00 1.570447e+00 6.941581e-01 1.529210e-01 2.749141e-02
32122: 1.862779e+00 1.691252e+00 1.569468e+00 6.963979e-01 1.526587e-01 2.744425e-02
32122: 1.861301e+00 1.693493e+00 1.570205e+00 6.952055e-01 1.523973e-01 2.739726e-02
32122: 1.863248e+00 1.694017e+00 1.567521e+00 6.957265e-01 1.521368e-01 2.735043e-02
32122: 1.861775e+00 1.692833e+00 1.569966e+00 6.945392e-01 1.535836e-01 2.730375e-02
32122: 1.862010e+00 1.693356e+00 1.568995e+00 6.950596e-01 1.533220e-01 2.725724e-02
32122: 1.862245e+00 1.692177e+00 1.569728e+00 6.938776e-01 1.547619e-01 2.721088e-02
32122: 1.862479e+00 1.692699e+00 1.570458e+00 6.926995e-01 1.544992e-01 2.716469e-02
32122: 1.862712e+00 1.693220e+00 1.567797e+00 6.949153e-01 1.542373e-01 2.711864e-02
32122: 1.862944e+00 1.692047e+00 1.570220e+00 6.937394e-01 1.539763e-01 2.707276e-02
32122: 1.861486e+00 1.690878e+00 1.572635e+00 6.942568e-01 1.537162e-01 2.702703e-02
32122: 1.860034e+00 1.693086e+00 1.571669e+00 6.947723e-01 1.534570e-01 2.698145e-02
32122: 1.860269e+00 1.693603e+00 1.570707e+00 6.952862e-01 1.531987e-01 2.693603e-02
32122: 1.858824e+00 1.694118e+00 1.571429e+00 6.957983e-01 1.529412e-01 2.689076e-02
32122: 1.859060e+00 1.692953e+00 1.572148e+00 6.963087e-01 1.526846e-01 2.684564e-02
32122: 1.857621e+00 1.695142e+00 1.571189e+00 6.968174e-01 1.524288e-01 2.680067e-02
32122: 1.856187e+00 1.693980e+00 1.571906e+00 6.973244e-01 1.538462e-01 2.675585e-02
32122: 1.856427e+00 1.692821e+00 1.569282e+00 7.011686e-01 1.535893e-01 2.671119e-02
32122: 1.855000e+00 1.696667e+00 1.568333e+00 7.000000e-01 1.533333e-01 2.666667e-02
32122: 1.855241e+00 1.697171e+00 1.567388e+00 7.004992e-01 1.530782e-01 2.662230e-02
32122: 1.853821e+00 1.697674e+00 1.569767e+00 6.993355e-01 1.528239e-01 2.657807e-02
32122: 1.855721e+00 1.696517e+00 1.570481e+00 6.981758e-01 1.525705e-01 2.653400e-02
32122: 1.854305e+00 1.697020e+00 1.567881e+00 7.003311e-01 1.539735e-01 2.649007e-02
32122: 1.857851e+00 1.695868e+00 1.566942e+00 6.991736e-01 1.537190e-01 2.644628e-02
32122: 1.856436e+00 1.698020e+00 1.567657e+00 6.980198e-01 1.534653e-01 2.640264e-02
32122: 1.858320e+00 1.696870e+00 1.566722e+00 6.985173e-01 1.532125e-01 2.635914e-02
32122: 1.858553e+00 1.697368e+00 1.565789e+00 6.973684e-01 1.546053e-01 2.631579e-02
32122: 1.857143e+00 1.697865e+00 1.568144e+00 6.962233e-01 1.543514e-01 2.627258e-02
32122: 1.859016e+00 1.695082e+00 1.570492e+00 6.950820e-01 1.540984e-01 2.622951e-02
32122: 1.859247e+00 1.693944e+00 1.571195e+00 6.955810e-01 1.538462e-01 2.618658e-02
32122: 1.859477e+00 1.696078e+00 1.568627e+00 6.960784e-01 1.535948e-01 2.614379e-02
32122: 1.859706e+00 1.696574e+00 1.569331e+00 6.949429e-01 1.533442e-01 2.610114e-02
32122: 1.861564e+00 1.695440e+00 1.568404e+00 6.954397e-01 1.530945e-01 2.605863e-02
32122: 1.860163e+00 1.695935e+00 1.570732e+00 6.943089e-01 1.528455e-01 2.601626e-02
32122: 1.858766e+00 1.696429e+00 1.569805e+00 6.964286e-01 1.525974e-01 2.597403e-02
32122: 1.858995e+00 1.695300e+00 1.570502e+00 6.952998e-01 1.539708e-01 2.593193e-02
32122: 1.857605e+00 1.699029e+00 1.567961e+00 6.957929e-01 1.537217e-01 2.588997e-02
32122: 1.857835e+00 1.699515e+00 1.568659e+00 6.946688e-01 1.534733e-01 2.584814e-02
32122: 1.858065e+00 1.700000e+00 1.567742e+00 6.951613e-01 1.532258e-01 2.580645e-02
32122: 1.856683e+00 1.698873e+00 1.571659e+00 6.940419e-01 1.529791e-01 2.576490e-02
32122: 1.858521e+00 1.697749e+00 1.569132e+00 6.961415e-01 1.527331e-01 2.572347e-02
32122: 1.858748e+00 1.698234e+00 1.568218e+00 6.966292e-01 1.524880e-01 2.568218e-02
32122: 1.857372e+00 1.695513e+00 1.570513e+00 6.987179e-01 1.522436e-01 2.564103e-02
32122: 1.859200e+00 1.694400e+00 1.568000e+00 7.008000e-01 1.520000e-01 2.560000e-02
32122: 1.857827e+00 1.696486e+00 1.568690e+00 6.996805e-01 1.517572e-01 2.555911e-02
32122: 1.856459e+00 1.698565e+00 1.569378e+00 6.985646e-01 1.515152e-01 2.551834e-02
32122: 1.856688e+00 1.699045e+00 1.568471e+00 6.974522e-01 1.528662e-01 2.547771e-02
32122: 1.855326e+00 1.699523e+00 1.569157e+00 6.979332e-01 1.526232e-01 2.543720e-02
32122: 1.855556e+00 1.700000e+00 1.569841e+00 6.968254e-01 1.523810e-01 2.539683e-02
32122: 1.854200e+00 1.698891e+00 1.568938e+00 6.988906e-01 1.537242e-01 2.535658e-02
32122: 1.852848e+00 1.700949e+00 1.568038e+00 6.993671e-01 1.534810e-01 2.531646e-02
32122: 1.853081e+00 1.699842e+00 1.568720e+00 6.998420e-01 1.532385e-01 2.527646e-02
32122: 1.851735e+00 1.700315e+00 1.570978e+00 6.987382e-01 1.529968e-01 2.523659e-02
32122: 1.850394e+00 1.700787e+00 1.570079e+00 7.007874e-01 1.527559e-01 2.519685e-02
32122: 1.852201e+00 1.701258e+00 1.567610e+00 7.012579e-01 1.525157e-01 2.515723e-02
32122: 1.850863e+00 1.700157e+00 1.569859e+00 7.017268e-01 1.522763e-01 2.511774e-02
32122: 1.849530e+00 1.700627e+00 1.572100e+00 7.006270e-01 1.520376e-01 2.507837e-02
32122: 1.851330e+00 1.701095e+00 1.569640e+00 7.010955e-01 1.517997e-01 2.503912e-02
32122: 1.850000e+00 1.700000e+00 1.573438e+00 7.000000e-01 1.515625e-01 2.500000e-02
32122: 1.851794e+00 1.698908e+00 1.570983e+00 7.020281e-01 1.513261e-01 2.496100e-02
32122: 1.852025e+00 1.699377e+00 1.568536e+00 7.040498e-01 1.510903e-01 2.492212e-02
32122: 1.853810e+00 1.698289e+00 1.569207e+00 7.029549e-01 1.508554e-01 2.488336e-02
32122: 1.852484e+00 1.698758e+00 1.568323e+00 7.034161e-01 1.521739e-01 2.484472e-02
32122: 1.854264e+00 1.697674e+00 1.567442e+00 7.023256e-01 1.534884e-01 2.480620e-02
32122: 1.852941e+00 1.698142e+00 1.568111e+00 7.027864e-01 1.532508e-01 2.476780e-02
32122: 1.851623e+00 1.700155e+00 1.568779e+00 7.017002e-01 1.530139e-01 2.472952e-02
32122: 1.853395e+00 1.699074e+00 1.567901e+00 7.006173e-01 1.543210e-01 2.469136e-02
32122: 1.853621e+00 1.699538e+00 1.568567e+00 6.995378e-01 1.540832e-01 2.465331e-02
32122: 1.852308e+00 1.698462e+00 1.567692e+00 7.015385e-01 1.553846e-01 2.461538e-02
32122: 1.850998e+00 1.698925e+00 1.566820e+00 7.035330e-01 1.551459e-01 2.457757e-02
32122: 1.852761e+00 1.697853e+00 1.565951e+00 7.039877e-01 1.549080e-01 2.453988e-02
32122: 1.851455e+00 1.698315e+00 1.568147e+00 7.029096e-01 1.546708e-01 2.450230e-02
32122: 1.850153e+00 1.698777e+00 1.570336e+00 7.018349e-01 1.544343e-01 2.446483e-02
32122: 1.851908e+00 1.699237e+00 1.567939e+00 7.022901e-01 1.541985e-01 2.442748e-02
32122: 1.850610e+00 1.698171e+00 1.568598e+00 7.027439e-01 1.554878e-01 2.439024e-02
32122: 1.849315e+00 1.698630e+00 1.570776e+00 7.016743e-01 1.552511e-01 2.435312e-02
32122: 1.849544e+00 1.699088e+00 1.568389e+00 7.036474e-01 1.550152e-01 2.431611e-02
32122: 1.848255e+00 1.699545e+00 1.569044e+00 7.025797e-01 1.562974e-01 2.427921e-02
32122: 1.846970e+00 1.698485e+00 1.571212e+00 7.030303e-01 1.560606e-01 2.424242e-02
32122: 1.847201e+00 1.697428e+00 1.568835e+00 7.065053e-01 1.558245e-01 2.420575e-02
32122: 1.845921e+00 1.699396e+00 1.567976e+00 7.054381e-01 1.570997e-01 2.416918e-02
32122: 1.846154e+00 1.698341e+00 1.570136e+00 7.043741e-01 1.568627e-01 2.413273e-02
32122: 1.844880e+00 1.698795e+00 1.570783e+00 7.048193e-01 1.566265e-01 2.409639e-02
32122: 1.843609e+00 1.697744e+00 1.572932e+00 7.052632e-01 1.563910e-01 2.406015e-02
32122: 1.846847e+00 1.696697e+00 1.570571e+00 7.057057e-01 1.561562e-01 2.402402e-02
32122: 1.845577e+00 1.697151e+00 1.568216e+00 7.091454e-01 1.559220e-01 2.398801e-02
32122: 1.844311e+00 1.697605e+00 1.567365e+00 7.110778e-01 1.556886e-01 2.395210e-02
32122: 1.844544e+00 1.698057e+00 1.568012e+00 7.100149e-01 1.554559e-01 2.391629e-02
32122: 1.843284e+00 1.697015e+00 1.568657e+00 7.104478e-01 1.567164e-01 2.388060e-02
32122: 1.845007e+00 1.697466e+00 1.567809e+00 7.093890e-01 1.564829e-01 2.384501e-02
32122: 1.843750e+00 1.697917e+00 1.568452e+00 7.098214e-01 1.562500e-01 2.380952e-02
32122: 1.843982e+00 1.696880e+00 1.569094e+00 7.087667e-01 1.575037e-01 2.377415e-02
32122: 1.842730e+00 1.698813e+00 1.569733e+00 7.077151e-01 1.572700e-01 2.373887e-02
32122: 1.842963e+00 1.697778e+00 1.568889e+00 7.096296e-01 1.570370e-01 2.370370e-02
32122: 1.841716e+00 1.698225e+00 1.568047e+00 7.100592e-01 1.582840e-01 2.366864e-02
32122: 1.843427e+00 1.698671e+00 1.567208e+00 7.090103e-01 1.580502e-01 2.363368e-02
32122: 1.842183e+00 1.699115e+00 1.567847e+00 7.094395e-01 1.578171e-01 2.359882e-02
32122: 1.842415e+00 1.699558e+00 1.567010e+00 7.083947e-01 1.590574e-01 2.356406e-02
32122: 1.842647e+00 1.700000e+00 1.567647e+00 7.073529e-01 1.588235e-01 2.352941e-02
32122: 1.842878e+00 1.698972e+00 1.566814e+00 7.092511e-01 1.585903e-01 2.349486e-02
32122: 1.843109e+00 1.699413e+00 1.565982e+00 7.096774e-01 1.583578e-01 2.346041e-02
32122: 1.844802e+00 1.696925e+00 1.568082e+00 7.086384e-01 1.581259e-01 2.342606e-02
32122: 1.843567e+00 1.698830e+00 1.567251e+00 7.076023e-01 1.593567e-01 2.339181e-02
32122: 1.843796e+00 1.697810e+00 1.566423e+00 7.065693e-01 1.620438e-01 2.335766e-02
32122: 1.842566e+00 1.699708e+00 1.565598e+00 7.069971e-01 1.618076e-01 2.332362e-02
32122: 1.842795e+00 1.700146e+00 1.564774e+00 7.059680e-01 1.630277e-01 2.328967e-02
32122: 1.841570e+00 1.699128e+00 1.568314e+00 7.049419e-01 1.627907e-01 2.325581e-02
32122: 1.843251e+00 1.699565e+00 1.567489e+00 7.039187e-01 1.625544e-01 2.322206e-02
32122: 1.842029e+00 1.700000e+00 1.569565e+00 7.028986e-01 1.623188e-01 2.318841e-02
32122: 1.842258e+00 1.700434e+00 1.570188e+00 7.018813e-01 1.620839e-01 2.315485e-02
32122: 1.841040e+00 1.700867e+00 1.569364e+00 7.037572e-01 1.618497e-01 2.312139e-02
32122: 1.841270e+00 1.699856e+00 1.571429e+00 7.027417e-01 1.616162e-01 2.308802e-02
32122: 1.840058e+00 1.700288e+00 1.570605e+00 7.046110e-01 1.613833e-01 2.305476e-02
32122: 1.838849e+00 1.697842e+00 1.572662e+00 7.050360e-01 1.611511e-01 2.446043e-02
32122: 1.839080e+00 1.698276e+00 1.570402e+00 7.054598e-01 1.609195e-01 2.586207e-02
32122: 1.837877e+00 1.697274e+00 1.569584e+00 7.087518e-01 1.606887e-01 2.582496e-02
32122: 1.838109e+00 1.697708e+00 1.570201e+00 7.077364e-01 1.604585e-01 2.578797e-02
32122: 1.836910e+00 1.696710e+00 1.569385e+00 7.095851e-01 1.616595e-01 2.575107e-02
32122: 1.837143e+00 1.695714e+00 1.571429e+00 7.085714e-01 1.614286e-01 2.571429e-02
32122: 1.837375e+00 1.697575e+00 1.569187e+00 7.089872e-01 1.611983e-01 2.567760e-02
32122: 1.836182e+00 1.696581e+00 1.569801e+00 7.094017e-01 1.623932e-01 2.564103e-02
32122: 1.836415e+00 1.695590e+00 1.570413e+00 7.098151e-01 1.621622e-01 2.560455e-02
32122: 1.836648e+00 1.696023e+00 1.568182e+00 7.116477e-01 1.619318e-01 2.556818e-02
32122: 1.835461e+00 1.696454e+00 1.570213e+00 7.106383e-01 1.617021e-01 2.553191e-02
32122: 1.835694e+00 1.696884e+00 1.569405e+00 7.110482e-01 1.614731e-01 2.549575e-02
32122: 1.834512e+00 1.694484e+00 1.571429e+00 7.114569e-01 1.626591e-01 2.545969e-02
32122: 1.834746e+00 1.694915e+00 1.569209e+00 7.118644e-01 1.638418e-01 2.542373e-02
32122: 1.834979e+00 1.693935e+00 1.571227e+00 7.108604e-01 1.636107e-01 2.538787e-02
32122: 1.833803e+00 1.695775e+00 1.569014e+00 7.126761e-01 1.633803e-01 2.535211e-02
32122: 1.835443e+00 1.694796e+00 1.568214e+00 7.130802e-01 1.631505e-01 2.531646e-02
32122: 1.834270e+00 1.693820e+00 1.571629e+00 7.120787e-01 1.629213e-01 2.528090e-02
32122: 1.834502e+00 1.694250e+00 1.570827e+00 7.124825e-01 1.626928e-01 2.524544e-02
32122: 1.833333e+00 1.694678e+00 1.570028e+00 7.128852e-01 1.638655e-01 2.521008e-02
32122: 1.834965e+00 1.692308e+00 1.570629e+00 7.132867e-01 1.636364e-01 2.517483e-02
32122: 1.835196e+00 1.694134e+00 1.568436e+00 7.136872e-01 1.634078e-01 2.513966e-02
32122: 1.834031e+00 1.693166e+00 1.570432e+00 7.140865e-01 1.631799e-01 2.510460e-02
32122: 1.834262e+00 1.693593e+00 1.569638e+00 7.144847e-01 1.629526e-01 2.506964e-02
32122: 1.833102e+00 1.692629e+00 1.573018e+00 7.134910e-01 1.627260e-01 2.503477e-02
32122: 1.834722e+00 1.691667e+00 1.570833e+00 7.152778e-01 1.625000e-01 2.500000e-02
32122: 1.833564e+00 1.690707e+00 1.571429e+00 7.170596e-01 1.622746e-01 2.496533e-02
32122: 1.833795e+00 1.691136e+00 1.570637e+00 7.174515e-01 1.620499e-01 2.493075e-02
32122: 1.834025e+00 1.690180e+00 1.569848e+00 7.192254e-01 1.618257e-01 2.489627e-02
32122: 1.832873e+00 1.693370e+00 1.569061e+00 7.182320e-01 1.616022e-01 2.486188e-02
32122: 1.835862e+00 1.692414e+00 1.568276e+00 7.172414e-01 1.613793e-01 2.482759e-02
32122: 1.834711e+00 1.692837e+00 1.568871e+00 7.162534e-01 1.625344e-01 2.479339e-02
32122: 1.833563e+00 1.693260e+00 1.569464e+00 7.166437e-01 1.623109e-01 2.475928e-02
32122: 1.833791e+00 1.693681e+00 1.570055e+00 7.156593e-01 1.620879e-01 2.472527e-02
32122: 1.834019e+00 1.692730e+00 1.569273e+00 7.174211e-01 1.618656e-01 2.469136e-02
32122: 1.834247e+00 1.693151e+00 1.569863e+00 7.164384e-01 1.616438e-01 2.465753e-02
32122: 1.834473e+00 1.693570e+00 1.569083e+00 7.168263e-01 1.614227e-01 2.462380e-02
32122: 1.833333e+00 1.692623e+00 1.571038e+00 7.172131e-01 1.612022e-01 2.459016e-02
32122: 1.834925e+00 1.691678e+00 1.568895e+00 7.189632e-01 1.609823e-01 2.455662e-02
32122: 1.833787e+00 1.693460e+00 1.568120e+00 7.193460e-01 1.607629e-01 2.452316e-02
32122: 1.834014e+00 1.693878e+00 1.567347e+00 7.197279e-01 1.605442e-01 2.448980e-02
32122: 1.832880e+00 1.694293e+00 1.567935e+00 7.201087e-01 1.603261e-01 2.445652e-02
32122: 1.833107e+00 1.696065e+00 1.567164e+00 7.191316e-01 1.601085e-01 2.442334e-02
32122: 1.831978e+00 1.695122e+00 1.570461e+00 7.181572e-01 1.598916e-01 2.439024e-02
32122: 1.834912e+00 1.694181e+00 1.568336e+00 7.185386e-01 1.596752e-01 2.435724e-02
32122: 1.833784e+00 1.694595e+00 1.567568e+00 7.202703e-01 1.594595e-01 2.432432e-02
32122: 1.832659e+00 1.695007e+00 1.569501e+00 7.192982e-01 1.592443e-01 2.429150e-02
32122: 1.832884e+00 1.694070e+00 1.570081e+00 7.196765e-01 1.590296e-01 2.425876e-02
32122: 1.831763e+00 1.695828e+00 1.567968e+00 7.200538e-01 1.601615e-01 2.422611e-02
32122: 1.833333e+00 1.696237e+00 1.567204e+00 7.190860e-01 1.599462e-01 2.419355e-02
32122: 1.832215e+00 1.695302e+00 1.569128e+00 7.194631e-01 1.597315e-01 2.416107e-02
32122: 1.832440e+00 1.697051e+00 1.568365e+00 7.184987e-01 1.595174e-01 2.412869e-02
32122: 1.832664e+00 1.696118e+00 1.570281e+00 7.175368e-01 1.593039e-01 2.409639e-02
32122: 1.831551e+00 1.697861e+00 1.569519e+00 7.179144e-01 1.590909e-01 2.406417e-02
32122: 1.831776e+00 1.698264e+00 1.570093e+00 7.169559e-01 1.588785e-01 2.403204e-02
32122: 1.832000e+00 1.698667e+00 1.568000e+00 7.186667e-01 1.586667e-01 2.400000e-02
32122: 1.832224e+00 1.699068e+00 1.568575e+00 7.177097e-01 1.584554e-01 2.396804e-02
32122: 1.831117e+00 1.699468e+00 1.569149e+00 7.180851e-01 1.582447e-01 2.393617e-02
32122: 1.832669e+00 1.699867e+00 1.568393e+00 7.171315e-01 1.580345e-01 2.390438e-02
32122: 1.832891e+00 1.698939e+00 1.570292e+00 7.161804e-01 1.578249e-01 2.387268e-02
32122: 1.831788e+00 1.699338e+00 1.570861e+00 7.165563e-01 1.576159e-01 2.384106e-02
32122: 1.830688e+00 1.698413e+00 1.571429e+00 7.182540e-01 1.574074e-01 2.380952e-02
32122: 1.832232e+00 1.697490e+00 1.570674e+00 7.186262e-01 1.571995e-01 2.377807e-02
32122: 1.831135e+00 1.697889e+00 1.571240e+00 7.189974e-01 1.569921e-01 2.374670e-02
32122: 1.831357e+00 1.696970e+00 1.571805e+00 7.193676e-01 1.567852e-01 2.371542e-02
32122: 1.831579e+00 1.697368e+00 1.569737e+00 7.210526e-01 1.565789e-01 2.368421e-02
32122: 1.831800e+00 1.697766e+00 1.570302e+00 7.201051e-01 1.563732e-01 2.365309e-02
32122: 1.830709e+00 1.698163e+00 1.568241e+00 7.217848e-01 1.574803e-01 2.362205e-02
32122: 1.833552e+00 1.697248e+00 1.567497e+00 7.208388e-01 1.572739e-01 2.359109e-02
32122: 1.833770e+00 1.697644e+00 1.568063e+00 7.198953e-01 1.570681e-01 2.356021e-02
32122: 1.833987e+00 1.698039e+00 1.567320e+00 7.202614e-01 1.568627e-01 2.352941e-02
32122: 1.834204e+00 1.698433e+00 1.567885e+00 7.193211e-01 1.566580e-01 2.349869e-02
32122: 1.834420e+00 1.698827e+00 1.567145e+00 7.196871e-01 1.564537e-01 2.346806e-02
32122: 1.833333e+00 1.697917e+00 1.569010e+00 7.187500e-01 1.575521e-01 2.343750e-02
32122: 1.833550e+00 1.697009e+00 1.569571e+00 7.191157e-01 1.573472e-01 2.340702e-02
32122: 1.833766e+00 1.698701e+00 1.568831e+00 7.181818e-01 1.571429e-01 2.337662e-02
32122: 1.833982e+00 1.697795e+00 1.570687e+00 7.172503e-01 1.569390e-01 2.334630e-02
32122: 1.832902e+00 1.699482e+00 1.568653e+00 7.176166e-01 1.580311e-01 2.331606e-02
32122: 1.833118e+00 1.697283e+00 1.569211e+00 7.192755e-01 1.578266e-01 2.328590e-02
32122: 1.834625e+00 1.697674e+00 1.568475e+00 7.183463e-01 1.576227e-01 2.325581e-02
32122: 1.834839e+00 1.696774e+00 1.569032e+00 7.187097e-01 1.574194e-01 2.322581e-02
32122: 1.833763e+00 1.697165e+00 1.569588e+00 7.190722e-01 1.572165e-01 2.319588e-02
32122: 1.833977e+00 1.697555e+00 1.568855e+00 7.181467e-01 1.583012e-01 2.316602e-02
32122: 1.834190e+00 1.696658e+00 1.570694e+00 7.172237e-01 1.580977e-01 2.313625e-02
32122: 1.834403e+00 1.697047e+00 1.569961e+00 7.175866e-01 1.578947e-01 2.310655e-02
32122: 1.833333e+00 1.696154e+00 1.571795e+00 7.166667e-01 1.589744e-01 2.307692e-02
32122: 1.833547e+00 1.695262e+00 1.571063e+00 7.170294e-01 1.600512e-01 2.304738e-02
32122: 1.832481e+00 1.695652e+00 1.569054e+00 7.199488e-01 1.598465e-01 2.301790e-02
32122: 1.833972e+00 1.694764e+00 1.568327e+00 7.203065e-01 1.596424e-01 2.298851e-02
32122: 1.835459e+00 1.695153e+00 1.567602e+00 7.193878e-01 1.594388e-01 2.295918e-02
32122: 1.834395e+00 1.694268e+00 1.569427e+00 7.197452e-01 1.592357e-01 2.292994e-02
32122: 1.835878e+00 1.693384e+00 1.569975e+00 7.188295e-01 1.590331e-01 2.290076e-02
32122: 1.834816e+00 1.695044e+00 1.570521e+00 7.179161e-01 1.588310e-01 2.287166e-02
32122: 1.835025e+00 1.694162e+00 1.569797e+00 7.195431e-01 1.586294e-01 2.284264e-02
32122: 1.835234e+00 1.695817e+00 1.569075e+00 7.186312e-01 1.584284e-01 2.281369e-02
32122: 1.834177e+00 1.694937e+00 1.570886e+00 7.189873e-01 1.582278e-01 2.278481e-02
32122: 1.835651e+00 1.694058e+00 1.570164e+00 7.193426e-01 1.580278e-01 2.275601e-02
32122: 1.835859e+00 1.694444e+00 1.568182e+00 7.209596e-01 1.578283e-01 2.272727e-02
32122: 1.834805e+00 1.693569e+00 1.569987e+00 7.213115e-01 1.576293e-01 2.269861e-02
32122: 1.835013e+00 1.693955e+00 1.570529e+00 7.204030e-01 1.574307e-01 2.267003e-02
32122: 1.835220e+00 1.693082e+00 1.568553e+00 7.232704e-01 1.572327e-01 2.264151e-02
32122: 1.834171e+00 1.694724e+00 1.567839e+00 7.223618e-01 1.582915e-01 2.261307e-02
32122: 1.835634e+00 1.693852e+00 1.567127e+00 7.214555e-01 1.593476e-01 2.258469e-02
32122: 1.835840e+00 1.695489e+00 1.566416e+00 7.205514e-01 1.591479e-01 2.255639e-02
32122: 1.834793e+00 1.694618e+00 1.568210e+00 7.196496e-01 1.602003e-01 2.252816e-02
32122: 1.835000e+00 1.693750e+00 1.567500e+00 7.200000e-01 1.612500e-01 2.250000e-02
32122: 1.833958e+00 1.694132e+00 1.568040e+00 7.203496e-01 1.610487e-01 2.247191e-02
32122: 1.835411e+00 1.693267e+00 1.567332e+00 7.206983e-01 1.608479e-01 2.244389e-02
32122: 1.834371e+00 1.694894e+00 1.567870e+00 7.198007e-01 1.606476e-01 2.241594e-02
32122: 1.835821e+00 1.694030e+00 1.567164e+00 7.189055e-01 1.616915e-01 2.238806e-02
32122: 1.836025e+00 1.694410e+00 1.567702e+00 7.180124e-01 1.614907e-01 2.236025e-02
32122: 1.834988e+00 1.694789e+00 1.568238e+00 7.183623e-01 1.612903e-01 2.233251e-02
32122: 1.836431e+00 1.693928e+00 1.568773e+00 7.174721e-01 1.610905e-01 2.230483e-02
32122: 1.835396e+00 1.694307e+00 1.570545e+00 7.165842e-01 1.608911e-01 2.227723e-02
32122: 1.834363e+00 1.695921e+00 1.569839e+00 7.169345e-01 1.606922e-01 2.224969e-02
32122: 1.834568e+00 1.696296e+00 1.569136e+00 7.160494e-01 1.617284e-01 2.222222e-02
32122: 1.833539e+00 1.695438e+00 1.569667e+00 7.163995e-01 1.615290e-01 2.342787e-02
32122: 1.833744e+00 1.695813e+00 1.568966e+00 7.167488e-01 1.613300e-01 2.339901e-02
32122: 1.835178e+00 1.694957e+00 1.569496e+00 7.158672e-01 1.611316e-01 2.337023e-02
32122: 1.834152e+00 1.697789e+00 1.568796e+00 7.149877e-01 1.609337e-01 2.334152e-02
32122: 1.834356e+00 1.696933e+00 1.569325e+00 7.141104e-01 1.607362e-01 2.453988e-02
32122: 1.833333e+00 1.697304e+00 1.569853e+00 7.132353e-01 1.617647e-01 2.450980e-02
32122: 1.833537e+00 1.696450e+00 1.569155e+00 7.148103e-01 1.615667e-01 2.447980e-02
32122: 1.832518e+00 1.699267e+00 1.568460e+00 7.139364e-01 1.613692e-01 2.444988e-02
32122: 1.835165e+00 1.698413e+00 1.567766e+00 7.130647e-01 1.611722e-01 2.442002e-02
32122: 1.835366e+00 1.698780e+00 1.568293e+00 7.121951e-01 1.609756e-01 2.439024e-02
32122: 1.835566e+00 1.697929e+00 1.568819e+00 7.125457e-01 1.607795e-01 2.436054e-02
32122: 1.835766e+00 1.698297e+00 1.569343e+00 7.116788e-01 1.605839e-01 2.433090e-02
32122: 1.834751e+00 1.697448e+00 1.571081e+00 7.120292e-01 1.603888e-01 2.430134e-02
32122: 1.834951e+00 1.696602e+00 1.570388e+00 7.135922e-01 1.601942e-01 2.427184e-02
32122: 1.833939e+00 1.696970e+00 1.568485e+00 7.163636e-01 1.600000e-01 2.424242e-02
32122: 1.835351e+00 1.697337e+00 1.567797e+00 7.154964e-01 1.598063e-01 2.421308e-02
32122: 1.834341e+00 1.697703e+00 1.569528e+00 7.146312e-01 1.596131e-01 2.418380e-02
32122: 1.835749e+00 1.696860e+00 1.570048e+00 7.137681e-01 1.594203e-01 2.415459e-02
32122: 1.835947e+00 1.697226e+00 1.568154e+00 7.153197e-01 1.592280e-01 2.412545e-02
32122: 1.836145e+00 1.697590e+00 1.568675e+00 7.144578e-01 1.590361e-01 2.409639e-02
32122: 1.836342e+00 1.696751e+00 1.567990e+00 7.160048e-01 1.588448e-01 2.406739e-02
32122: 1.836538e+00 1.697115e+00 1.567308e+00 7.163462e-01 1.586538e-01 2.403846e-02
32122: 1.835534e+00 1.696279e+00 1.569028e+00 7.154862e-01 1.596639e-01 2.400960e-02
32122: 1.836930e+00 1.696643e+00 1.568345e+00 7.146283e-01 1.594724e-01 2.398082e-02
32122: 1.837126e+00 1.695808e+00 1.568862e+00 7.149701e-01 1.592814e-01 2.395210e-02
32122: 1.836124e+00 1.697368e+00 1.568182e+00 7.153110e-01 1.590909e-01 2.392344e-02
32122: 1.836320e+00 1.696535e+00 1.567503e+00 7.144564e-01 1.600956e-01 2.508961e-02
32122: 1.836516e+00 1.696897e+00 1.566826e+00 7.136038e-01 1.610979e-01 2.505967e-02
32122: 1.837902e+00 1.696067e+00 1.567342e+00 7.127533e-01 1.609058e-01 2.502980e-02
32122: 1.836905e+00 1.697619e+00 1.566667e+00 7.130952e-01 1.607143e-01 2.500000e-02
32122: 1.838288e+00 1.696790e+00 1.565993e+00 7.134364e-01 1.605232e-01 2.497027e-02
32122: 1.837292e+00 1.698337e+00 1.566508e+00 7.125891e-01 1.603325e-01 2.494062e-02
32122: 1.837485e+00 1.697509e+00 1.567023e+00 7.129300e-01 1.601423e-01 2.491103e-02
32122: 1.838863e+00 1.696682e+00 1.567536e+00 7.120853e-01 1.599526e-01 2.488152e-02
32122: 1.837870e+00 1.699408e+00 1.566864e+00 7.112426e-01 1.597633e-01 2.485207e-02
32122: 1.838061e+00 1.699764e+00 1.567376e+00 7.104019e-01 1.595745e-01 2.482270e-02
32122: 1.838253e+00 1.697757e+00 1.567887e+00 7.119244e-01 1.593861e-01 2.479339e-02
32122: 1.837264e+00 1.698113e+00 1.568396e+00 7.122642e-01 1.591981e-01 2.476415e-02
32122: 1.837456e+00 1.698469e+00 1.568905e+00 7.114252e-01 1.590106e-01 2.473498e-02
32122: 1.836471e+00 1.698824e+00 1.569412e+00 7.117647e-01 1.588235e-01 2.470588e-02
32122: 1.837838e+00 1.698002e+00 1.569918e+00 7.109283e-01 1.586369e-01 2.467685e-02
32122: 1.836854e+00 1.699531e+00 1.569249e+00 7.112676e-01 1.584507e-01 2.464789e-02
32122: 1.838218e+00 1.699883e+00 1.568581e+00 7.104338e-01 1.582649e-01 2.461899e-02
32122: 1.837237e+00 1.697892e+00 1.572600e+00 7.096019e-01 1.580796e-01 2.459016e-02
32122: 1.837427e+00 1.698246e+00 1.571930e+00 7.099415e-01 1.578947e-01 2.456140e-02
32122: 1.837617e+00 1.698598e+00 1.571262e+00 7.102804e-01 1.577103e-01 2.453271e-02
32122: 1.836639e+00 1.700117e+00 1.570595e+00 7.106184e-01 1.575263e-01 2.450408e-02
32122: 1.836830e+00 1.700466e+00 1.569930e+00 7.109557e-01 1.573427e-01 2.447552e-02
32122: 1.835856e+00 1.700815e+00 1.570431e+00 7.101281e-01 1.583236e-01 2.444703e-02
32122: 1.836047e+00 1.700000e+00 1.569767e+00 7.116279e-01 1.581395e-01 2.441860e-02
32122: 1.835075e+00 1.701510e+00 1.570267e+00 7.108014e-01 1.579559e-01 2.439024e-02
32122: 1.837587e+00 1.700696e+00 1.568445e+00 7.111369e-01 1.577726e-01 2.436195e-02
32122: 1.836616e+00 1.702202e+00 1.567787e+00 7.103129e-01 1.587486e-01 2.433372e-02
32122: 1.836806e+00 1.701389e+00 1.567130e+00 7.106481e-01 1.597222e-01 2.430556e-02
32122: 1.835838e+00 1.701734e+00 1.566474e+00 7.109827e-01 1.595376e-01 2.543353e-02
32122: 1.836028e+00 1.702079e+00 1.566975e+00 7.101617e-01 1.593533e-01 2.540416e-02
32122: 1.836217e+00 1.702422e+00 1.566321e+00 7.104960e-01 1.591696e-01 2.537486e-02
32122: 1.836406e+00 1.701613e+00 1.567972e+00 7.096774e-01 1.589862e-01 2.534562e-02
32122: 1.836594e+00 1.701956e+00 1.568470e+00 7.088608e-01 1.588032e-01 2.531646e-02
32122: 1.836782e+00 1.701149e+00 1.568966e+00 7.091954e-01 1.586207e-01 2.528736e-02
32122: 1.835821e+00 1.702641e+00 1.568312e+00 7.083812e-01 1.595867e-01 2.525832e-02
32122: 1.837156e+00 1.701835e+00 1.567661e+00 7.075688e-01 1.605505e-01 2.522936e-02
32122: 1.837342e+00 1.703322e+00 1.567010e+00 7.067583e-01 1.603666e-01 2.520046e-02
32122: 1.836384e+00 1.702517e+00 1.569794e+00 7.059497e-01 1.601831e-01 2.517162e-02
32122: 1.836571e+00 1.701714e+00 1.569143e+00 7.062857e-01 1.611429e-01 2.514286e-02
32122: 1.835616e+00 1.702055e+00 1.570776e+00 7.054795e-01 1.609589e-01 2.511416e-02
32122: 1.835804e+00 1.701254e+00 1.571266e+00 7.058153e-01 1.607754e-01 2.508552e-02
32122: 1.834852e+00 1.701595e+00 1.570615e+00 7.061503e-01 1.617312e-01 2.505695e-02
32122: 1.835040e+00 1.701934e+00 1.569966e+00 7.064846e-01 1.615472e-01 2.502844e-02
32122: 1.835227e+00 1.701136e+00 1.571591e+00 7.056818e-01 1.613636e-01 2.500000e-02
32122: 1.834279e+00 1.701476e+00 1.570942e+00 7.071510e-01 1.611805e-01 2.497162e-02
32122: 1.833333e+00 1.700680e+00 1.571429e+00 7.086168e-01 1.609977e-01 2.494331e-02
32122: 1.832390e+00 1.699887e+00 1.571914e+00 7.089468e-01 1.619479e-01 2.491506e-02
32122: 1.833710e+00 1.699095e+00 1.571267e+00 7.092760e-01 1.617647e-01 2.488688e-02
32122: 1.833898e+00 1.699435e+00 1.570621e+00 7.096045e-01 1.615819e-01 2.485876e-02
32122: 1.832957e+00 1.698646e+00 1.569977e+00 7.121896e-01 1.613995e-01 2.483070e-02
32122: 1.833145e+00 1.697858e+00 1.569335e+00 7.125141e-01 1.623450e-01 2.480271e-02
32122: 1.832207e+00 1.698198e+00 1.570946e+00 7.117117e-01 1.621622e-01 2.477477e-02
32122: 1.832396e+00 1.697413e+00 1.570304e+00 7.131609e-01 1.619798e-01 2.474691e-02
32122: 1.831461e+00 1.698876e+00 1.568539e+00 7.146067e-01 1.617978e-01 2.471910e-02
32122: 1.831650e+00 1.699214e+00 1.569024e+00 7.138047e-01 1.616162e-01 2.469136e-02
32122: 1.830717e+00 1.699552e+00 1.568386e+00 7.152466e-01 1.614350e-01 2.466368e-02
32122: 1.830907e+00 1.698768e+00 1.569989e+00 7.144457e-01 1.612542e-01 2.463606e-02
32122: 1.831096e+00 1.699105e+00 1.569351e+00 7.136465e-01 1.610738e-01 2.572707e-02
32122: 1.832402e+00 1.697207e+00 1.570950e+00 7.128492e-01 1.608939e-01 2.569832e-02
32122: 1.831473e+00 1.698661e+00 1.570312e+00 7.131696e-01 1.607143e-01 2.566964e-02
32122: 1.831661e+00 1.698997e+00 1.569677e+00 7.134894e-01 1.605351e-01 2.564103e-02
32122: 1.831849e+00 1.699332e+00 1.570156e+00 7.126949e-01 1.603563e-01 2.561247e-02
32122: 1.832036e+00 1.698554e+00 1.568409e+00 7.141268e-01 1.601780e-01 2.669633e-02
32122: 1.831111e+00 1.701111e+00 1.567778e+00 7.133333e-01 1.600000e-01 2.666667e-02
32122: 1.831299e+00 1.701443e+00 1.568257e+00 7.125416e-01 1.598224e-01 2.663707e-02
32122: 1.831486e+00 1.700665e+00 1.568736e+00 7.128603e-01 1.596452e-01 2.660754e-02
32122: 1.830565e+00 1.702104e+00 1.568106e+00 7.131783e-01 1.594684e-01 2.657807e-02
32122: 1.830752e+00 1.702434e+00 1.568584e+00 7.123894e-01 1.592920e-01 2.654867e-02
32122: 1.829834e+00 1.702762e+00 1.567956e+00 7.138122e-01 1.591160e-01 2.651934e-02
32122: 1.830022e+00 1.701987e+00 1.569536e+00 7.130243e-01 1.589404e-01 2.649007e-02
32122: 1.829107e+00 1.703418e+00 1.570011e+00 7.122381e-01 1.587652e-01 2.646086e-02
32122: 1.830396e+00 1.702643e+00 1.569383e+00 7.125551e-01 1.585903e-01 2.643172e-02
32122: 1.830583e+00 1.702970e+00 1.568757e+00 7.117712e-01 1.595160e-01 2.640264e-02
32122: 1.830769e+00 1.702198e+00 1.570330e+00 7.109890e-01 1.593407e-01 2.637363e-02
32122: 1.829857e+00 1.702525e+00 1.569704e+00 7.113063e-01 1.591658e-01 2.744237e-02
32122: 1.831140e+00 1.701754e+00 1.570175e+00 7.105263e-01 1.589912e-01 2.741228e-02
32122: 1.831325e+00 1.702081e+00 1.568456e+00 7.119387e-01 1.588171e-01 2.738226e-02
32122: 1.830416e+00 1.701313e+00 1.571116e+00 7.111597e-01 1.586433e-01 2.735230e-02
32122: 1.831694e+00 1.700546e+00 1.569399e+00 7.114754e-01 1.595628e-01 2.732240e-02
32122: 1.830786e+00 1.701965e+00 1.569869e+00 7.106987e-01 1.593886e-01 2.729258e-02
32122: 1.829880e+00 1.702290e+00 1.570338e+00 7.110142e-01 1.592148e-01 2.726281e-02
32122: 1.831155e+00 1.701525e+00 1.568627e+00 7.124183e-01 1.590414e-01 2.723312e-02
32122: 1.830250e+00 1.701850e+00 1.569097e+00 7.116431e-01 1.588683e-01 2.829162e-02
32122: 1.829348e+00 1.701087e+00 1.570652e+00 7.108696e-01 1.597826e-01 2.826087e-02
32122: 1.829533e+00 1.700326e+00 1.571118e+00 7.111835e-01 1.596091e-01 2.823018e-02
32122: 1.828633e+00 1.700651e+00 1.571584e+00 7.114967e-01 1.594360e-01 2.819957e-02
32122: 1.827736e+00 1.699892e+00 1.572048e+00 7.118093e-01 1.603467e-01 2.816901e-02
32122: 1.827922e+00 1.700216e+00 1.571429e+00 7.121212e-01 1.601732e-01 2.813853e-02
32122: 1.828108e+00 1.699459e+00 1.571892e+00 7.124324e-01 1.600000e-01 2.810811e-02
32122: 1.828294e+00 1.698704e+00 1.571274e+00 7.127430e-01 1.609071e-01 2.807775e-02
32122: 1.829558e+00 1.699029e+00 1.569579e+00 7.130529e-01 1.607335e-01 2.804746e-02
32122: 1.828664e+00 1.698276e+00 1.572198e+00 7.122845e-01 1.605603e-01 2.801724e-02
32122: 1.829925e+00 1.697524e+00 1.570506e+00 7.136706e-01 1.603875e-01 2.798708e-02
32122: 1.829032e+00 1.698925e+00 1.569892e+00 7.139785e-01 1.602151e-01 2.795699e-02
32122: 1.828142e+00 1.699248e+00 1.571429e+00 7.132116e-01 1.600430e-01 2.792696e-02
32122: 1.829399e+00 1.698498e+00 1.570815e+00 7.135193e-01 1.598712e-01 2.789700e-02
32122: 1.829582e+00 1.698821e+00 1.570204e+00 7.138264e-01 1.596999e-01 2.786710e-02
32122: 1.829764e+00 1.699143e+00 1.569593e+00 7.141328e-01 1.595289e-01 2.783726e-02
32122: 1.828877e+00 1.699465e+00 1.570053e+00 7.133690e-01 1.593583e-01 2.887701e-02
32122: 1.827991e+00 1.698718e+00 1.569444e+00 7.136752e-01 1.613248e-01 2.884615e-02
32122: 1.830309e+00 1.697972e+00 1.568837e+00 7.129136e-01 1.611526e-01 2.881537e-02
32122: 1.829424e+00 1.699360e+00 1.569296e+00 7.121535e-01 1.609808e-01 2.878465e-02
32122: 1.828541e+00 1.699681e+00 1.569755e+00 7.113951e-01 1.618743e-01 2.875399e-02
32122: 1.828723e+00 1.701064e+00 1.569149e+00 7.106383e-01 1.617021e-01 2.872340e-02
32122: 1.827843e+00 1.700319e+00 1.570670e+00 7.109458e-01 1.615303e-01 2.869288e-02
32122: 1.829087e+00 1.699575e+00 1.570064e+00 7.112527e-01 1.613588e-01 2.866242e-02
32122: 1.828208e+00 1.700954e+00 1.568399e+00 7.115589e-01 1.622481e-01 2.863203e-02
32122: 1.828390e+00 1.700212e+00 1.567797e+00 7.129237e-01 1.620763e-01 2.860169e-02
32122: 1.827513e+00 1.700529e+00 1.569312e+00 7.121693e-01 1.619048e-01 2.857143e-02
32122: 1.827696e+00 1.699789e+00 1.568710e+00 7.124736e-01 1.627907e-01 2.854123e-02
32122: 1.826822e+00 1.700106e+00 1.569166e+00 7.127772e-01 1.626188e-01 2.851109e-02
32122: 1.827004e+00 1.700422e+00 1.568565e+00 7.120253e-01 1.635021e-01 2.848101e-02
32122: 1.827187e+00 1.698630e+00 1.570074e+00 7.112750e-01 1.643836e-01 2.845100e-02
32122: 1.826316e+00 1.698947e+00 1.569474e+00 7.115789e-01 1.652632e-01 2.842105e-02
32122: 1.828601e+00 1.698212e+00 1.568875e+00 7.108307e-01 1.650894e-01 2.839117e-02
32122: 1.827731e+00 1.699580e+00 1.569328e+00 7.100840e-01 1.649160e-01 2.836134e-02
32122: 1.828961e+00 1.699895e+00 1.568730e+00 7.093389e-01 1.647429e-01 2.833158e-02
32122: 1.828092e+00 1.700210e+00 1.569182e+00 7.096436e-01 1.645702e-01 2.830189e-02
32122: 1.828272e+00 1.700524e+00 1.569634e+00 7.089005e-01 1.643979e-01 2.827225e-02
32122: 1.828452e+00 1.700837e+00 1.569038e+00 7.092050e-01 1.642259e-01 2.824268e-02
32122: 1.829676e+00 1.700104e+00 1.569488e+00 7.084639e-01 1.640543e-01 2.821317e-02
32122: 1.828810e+00 1.700418e+00 1.569937e+00 7.077244e-01 1.649269e-01 2.818372e-02
32122: 1.827946e+00 1.700730e+00 1.570386e+00 7.069864e-01 1.657977e-01 2.815433e-02
32122: 1.828125e+00 1.701042e+00 1.569792e+00 7.072917e-01 1.656250e-01 2.812500e-02
32122: 1.828304e+00 1.701353e+00 1.570239e+00 7.065557e-01 1.654527e-01 2.809573e-02
32122: 1.827443e+00 1.700624e+00 1.568607e+00 7.089397e-01 1.663202e-01 2.806653e-02
32122: 1.827622e+00 1.701973e+00 1.568017e+00 7.082035e-01 1.661475e-01 2.803738e-02
32122: 1.826763e+00 1.702282e+00 1.568465e+00 7.074689e-01 1.670124e-01 2.800830e-02
32122: 1.826943e+00 1.702591e+00 1.568912e+00 7.067358e-01 1.668394e-01 2.797927e-02
32122: 1.827122e+00 1.701863e+00 1.568323e+00 7.070393e-01 1.677019e-01 2.795031e-02
32122: 1.826267e+00 1.702172e+00 1.568769e+00 7.073423e-01 1.675284e-01 2.792141e-02
32122: 1.826446e+00 1.702479e+00 1.569215e+00 7.066116e-01 1.673554e-01 2.789256e-02
32122: 1.827657e+00 1.701754e+00 1.568627e+00 7.069143e-01 1.671827e-01 2.786378e-02
32122: 1.826804e+00 1.704124e+00 1.568041e+00 7.061856e-01 1.670103e-01 2.783505e-02
32122: 1.828012e+00 1.703399e+00 1.567456e+00 7.064882e-01 1.668383e-01 2.780639e-02
32122: 1.827160e+00 1.705761e+00 1.566872e+00 7.057613e-01 1.666667e-01 2.777778e-02
32122: 1.827338e+00 1.706064e+00 1.567318e+00 7.050360e-01 1.664954e-01 2.774923e-02
32122: 1.827515e+00 1.705339e+00 1.567762e+00 7.053388e-01 1.663244e-01 2.772074e-02
32122: 1.826667e+00 1.705641e+00 1.569231e+00 7.046154e-01 1.661538e-01 2.769231e-02
32122: 1.825820e+00 1.704918e+00 1.571721e+00 7.038934e-01 1.659836e-01 2.766393e-02
32122: 1.825998e+00 1.704197e+00 1.571136e+00 7.041965e-01 1.668373e-01 2.763562e-02
32122: 1.826176e+00 1.704499e+00 1.570552e+00 7.044990e-01 1.666667e-01 2.760736e-02
32122: 1.826353e+00 1.703779e+00 1.569969e+00 7.048008e-01 1.664964e-01 2.860061e-02
32122: 1.825510e+00 1.706122e+00 1.569388e+00 7.040816e-01 1.663265e-01 2.857143e-02
32122: 1.826707e+00 1.705403e+00 1.569827e+00 7.033639e-01 1.661570e-01 2.854230e-02
32122: 1.825866e+00 1.706721e+00 1.569246e+00 7.036660e-01 1.659878e-01 2.851324e-02
32122: 1.827060e+00 1.704985e+00 1.569685e+00 7.039674e-01 1.658189e-01 2.848423e-02
32122: 1.826220e+00 1.706301e+00 1.570122e+00 7.032520e-01 1.656504e-01 2.845528e-02
32122: 1.827411e+00 1.705584e+00 1.568528e+00 7.045685e-01 1.654822e-01 2.842640e-02
32122: 1.827586e+00 1.705882e+00 1.567951e+00 7.038540e-01 1.663286e-01 2.839757e-02
32122: 1.826748e+00 1.705167e+00 1.570415e+00 7.031408e-01 1.661601e-01 2.836879e-02
32122: 1.825911e+00 1.706478e+00 1.569838e+00 7.034413e-01 1.659919e-01 2.834008e-02
32122: 1.826087e+00 1.705763e+00 1.569262e+00 7.037412e-01 1.668352e-01 2.831143e-02
32122: 1.826263e+00 1.706061e+00 1.569697e+00 7.030303e-01 1.666667e-01 2.828283e-02
32122: 1.827447e+00 1.705348e+00 1.569122e+00 7.033300e-01 1.664985e-01 2.825429e-02
32122: 1.826613e+00 1.706653e+00 1.569556e+00 7.026210e-01 1.663306e-01 2.822581e-02
32122: 1.827795e+00 1.705942e+00 1.568983e+00 7.019134e-01 1.671702e-01 2.819738e-02
32122: 1.827968e+00 1.707243e+00 1.568410e+00 7.012072e-01 1.670020e-01 2.816901e-02
32122: 1.827136e+00 1.708543e+00 1.568844e+00 7.005025e-01 1.668342e-01 2.814070e-02
32122: 1.827309e+00 1.707831e+00 1.568273e+00 7.008032e-01 1.676707e-01 2.811245e-02
32122: 1.827482e+00 1.708124e+00 1.567703e+00 7.001003e-01 1.685055e-01 2.808425e-02
32122: 1.826653e+00 1.707415e+00 1.570140e+00 6.993988e-01 1.683367e-01 2.805611e-02
32122: 1.826827e+00 1.706707e+00 1.570571e+00 6.996997e-01 1.681682e-01 2.802803e-02
32122: Done!
Traceback (most recent call last):
  File "/lowest-unique-number/tournament0/elexunix.py", line 25, in <module>
    input()
EOFError: EOF when reading a line
