Forked 29630
Starting to reopen 0 and 1
Calling execv `tournament0/pzakorko.py` (pid 29630)
Strategy 0: first ans is 0
Forked 29631
Starting to reopen 0 and 1
Calling execv `tournament0/the_best_strategy.py` (pid 29631)
Strategy 1: first ans is 0
Forked 29632
Starting to reopen 0 and 1
Calling execv `tournament0/elexunix.py` (pid 29632)
Strategy 2: first ans is 1
Forked 29656
Starting to reopen 0 and 1
Calling execv `tournament0/alex_dany` (pid 29656)
29656: Started!
29656: Number of players: 6, position: 3, number of turns: 1000
29656: Random seed: 21203414
Strategy 3: first ans is 0
Forked 29657
Starting to reopen 0 and 1
Calling execv `tournament0/lounres.py` (pid 29657)
Strategy 4: first ans is 1
Forked 29658
Starting to reopen 0 and 1
Calling execv `tournament0/fedro.py` (pid 29658)
Strategy 5: first ans is 0
29656: 4.000000e+00 2.000000e+00 0.000000e+00 0.000000e+00 0.000000e+00 0.000000e+00
29656: 3.000000e+00 1.500000e+00 1.000000e+00 0.000000e+00 5.000000e-01 0.000000e+00
29656: 2.666667e+00 2.000000e+00 1.000000e+00 0.000000e+00 3.333333e-01 0.000000e+00
29656: 2.750000e+00 1.500000e+00 1.500000e+00 0.000000e+00 2.500000e-01 0.000000e+00
29656: 2.600000e+00 1.600000e+00 1.400000e+00 2.000000e-01 2.000000e-01 0.000000e+00
29656: 2.500000e+00 1.500000e+00 1.666667e+00 1.666667e-01 1.666667e-01 0.000000e+00
29656: 2.571429e+00 1.571429e+00 1.571429e+00 1.428571e-01 1.428571e-01 0.000000e+00
29656: 2.500000e+00 1.625000e+00 1.500000e+00 2.500000e-01 1.250000e-01 0.000000e+00
29656: 2.444444e+00 1.444444e+00 1.666667e+00 2.222222e-01 2.222222e-01 0.000000e+00
29656: 2.500000e+00 1.500000e+00 1.600000e+00 2.000000e-01 2.000000e-01 0.000000e+00
29656: 2.545455e+00 1.454545e+00 1.545455e+00 1.818182e-01 2.727273e-01 0.000000e+00
29656: 2.500000e+00 1.583333e+00 1.500000e+00 1.666667e-01 2.500000e-01 0.000000e+00
29656: 2.461538e+00 1.538462e+00 1.538462e+00 2.307692e-01 2.307692e-01 0.000000e+00
29656: 2.500000e+00 1.571429e+00 1.428571e+00 2.142857e-01 2.857143e-01 0.000000e+00
29656: 2.466667e+00 1.533333e+00 1.533333e+00 2.000000e-01 2.666667e-01 0.000000e+00
29656: 2.437500e+00 1.625000e+00 1.437500e+00 2.500000e-01 2.500000e-01 0.000000e+00
29656: 2.411765e+00 1.529412e+00 1.529412e+00 2.941176e-01 2.352941e-01 0.000000e+00
29656: 2.444444e+00 1.555556e+00 1.500000e+00 2.777778e-01 2.222222e-01 0.000000e+00
29656: 2.473684e+00 1.578947e+00 1.473684e+00 2.631579e-01 2.105263e-01 0.000000e+00
29656: 2.450000e+00 1.550000e+00 1.550000e+00 2.500000e-01 2.000000e-01 0.000000e+00
29656: 2.428571e+00 1.619048e+00 1.476190e+00 2.380952e-01 2.380952e-01 0.000000e+00
29656: 2.454545e+00 1.545455e+00 1.545455e+00 2.272727e-01 2.272727e-01 0.000000e+00
29656: 2.478261e+00 1.565217e+00 1.478261e+00 2.608696e-01 2.173913e-01 0.000000e+00
29656: 2.458333e+00 1.583333e+00 1.500000e+00 2.500000e-01 2.083333e-01 0.000000e+00
29656: 2.440000e+00 1.560000e+00 1.520000e+00 2.800000e-01 2.000000e-01 0.000000e+00
29656: 2.423077e+00 1.615385e+00 1.461538e+00 3.076923e-01 1.923077e-01 0.000000e+00
29656: 2.407407e+00 1.555556e+00 1.518519e+00 3.333333e-01 1.851852e-01 0.000000e+00
29656: 2.392857e+00 1.571429e+00 1.464286e+00 3.571429e-01 2.142857e-01 0.000000e+00
29656: 2.413793e+00 1.517241e+00 1.482759e+00 3.793103e-01 2.068966e-01 0.000000e+00
29656: 2.433333e+00 1.566667e+00 1.433333e+00 3.666667e-01 2.000000e-01 0.000000e+00
29656: 2.419355e+00 1.580645e+00 1.451613e+00 3.548387e-01 1.935484e-01 0.000000e+00
29656: 2.437500e+00 1.562500e+00 1.437500e+00 3.750000e-01 1.875000e-01 0.000000e+00
29656: 2.424242e+00 1.575758e+00 1.454545e+00 3.636364e-01 1.818182e-01 0.000000e+00
29656: 2.441176e+00 1.558824e+00 1.441176e+00 3.823529e-01 1.764706e-01 0.000000e+00
29656: 2.457143e+00 1.571429e+00 1.428571e+00 3.714286e-01 1.714286e-01 0.000000e+00
29656: 2.472222e+00 1.527778e+00 1.472222e+00 3.611111e-01 1.666667e-01 0.000000e+00
29656: 2.486486e+00 1.540541e+00 1.432432e+00 3.513514e-01 1.621622e-01 2.702703e-02
29656: 2.473684e+00 1.526316e+00 1.447368e+00 3.421053e-01 1.842105e-01 2.631579e-02
29656: 2.461538e+00 1.564103e+00 1.435897e+00 3.333333e-01 1.794872e-01 2.564103e-02
29656: 2.450000e+00 1.550000e+00 1.450000e+00 3.500000e-01 1.750000e-01 2.500000e-02
29656: 2.463415e+00 1.585366e+00 1.414634e+00 3.414634e-01 1.707317e-01 2.439024e-02
29656: 2.428571e+00 1.595238e+00 1.452381e+00 3.333333e-01 1.666667e-01 2.380952e-02
29656: 2.418605e+00 1.604651e+00 1.441860e+00 3.255814e-01 1.860465e-01 2.325581e-02
29656: 2.386364e+00 1.590909e+00 1.500000e+00 3.181818e-01 1.818182e-01 2.272727e-02
29656: 2.377778e+00 1.577778e+00 1.488889e+00 3.555556e-01 1.777778e-01 2.222222e-02
29656: 2.347826e+00 1.586957e+00 1.521739e+00 3.478261e-01 1.739130e-01 2.173913e-02
29656: 2.340426e+00 1.574468e+00 1.531915e+00 3.404255e-01 1.914894e-01 2.127660e-02
29656: 2.312500e+00 1.583333e+00 1.562500e+00 3.333333e-01 1.875000e-01 2.083333e-02
29656: 2.346939e+00 1.551020e+00 1.571429e+00 3.265306e-01 1.836735e-01 2.040816e-02
29656: 2.340000e+00 1.600000e+00 1.540000e+00 3.200000e-01 1.800000e-01 2.000000e-02
29656: 2.333333e+00 1.588235e+00 1.568627e+00 3.137255e-01 1.764706e-01 1.960784e-02
29656: 2.326923e+00 1.615385e+00 1.557692e+00 3.076923e-01 1.730769e-01 1.923077e-02
29656: 2.320755e+00 1.584906e+00 1.603774e+00 3.018868e-01 1.698113e-01 1.886792e-02
29656: 2.314815e+00 1.592593e+00 1.592593e+00 3.148148e-01 1.666667e-01 1.851852e-02
29656: 2.290909e+00 1.581818e+00 1.618182e+00 3.272727e-01 1.636364e-01 1.818182e-02
29656: 2.303571e+00 1.589286e+00 1.589286e+00 3.392857e-01 1.607143e-01 1.785714e-02
29656: 2.280702e+00 1.578947e+00 1.578947e+00 3.684211e-01 1.754386e-01 1.754386e-02
29656: 2.275862e+00 1.568966e+00 1.551724e+00 3.965517e-01 1.896552e-01 1.724138e-02
29656: 2.271186e+00 1.610169e+00 1.525424e+00 3.898305e-01 1.864407e-01 1.694915e-02
29656: 2.250000e+00 1.600000e+00 1.550000e+00 3.833333e-01 2.000000e-01 1.666667e-02
29656: 2.262295e+00 1.606557e+00 1.540984e+00 3.770492e-01 1.967213e-01 1.639344e-02
29656: 2.258065e+00 1.580645e+00 1.564516e+00 3.870968e-01 1.935484e-01 1.612903e-02
29656: 2.253968e+00 1.587302e+00 1.571429e+00 3.809524e-01 1.904762e-01 1.587302e-02
29656: 2.234375e+00 1.578125e+00 1.578125e+00 4.062500e-01 1.875000e-01 1.562500e-02
29656: 2.246154e+00 1.569231e+00 1.553846e+00 4.153846e-01 2.000000e-01 1.538462e-02
29656: 2.242424e+00 1.606061e+00 1.530303e+00 4.090909e-01 1.969697e-01 1.515152e-02
29656: 2.238806e+00 1.597015e+00 1.552239e+00 4.029851e-01 1.940299e-01 1.492537e-02
29656: 2.220588e+00 1.602941e+00 1.558824e+00 3.970588e-01 2.058824e-01 1.470588e-02
29656: 2.231884e+00 1.579710e+00 1.579710e+00 3.913043e-01 2.028986e-01 1.449275e-02
29656: 2.228571e+00 1.600000e+00 1.557143e+00 4.000000e-01 2.000000e-01 1.428571e-02
29656: 2.211268e+00 1.577465e+00 1.591549e+00 4.084507e-01 1.971831e-01 1.408451e-02
29656: 2.208333e+00 1.569444e+00 1.597222e+00 4.166667e-01 1.944444e-01 1.388889e-02
29656: 2.205479e+00 1.602740e+00 1.575342e+00 4.109589e-01 1.917808e-01 1.369863e-02
29656: 2.202703e+00 1.608108e+00 1.567568e+00 4.189189e-01 1.891892e-01 1.351351e-02
29656: 2.200000e+00 1.600000e+00 1.586667e+00 4.133333e-01 1.866667e-01 1.333333e-02
29656: 2.197368e+00 1.605263e+00 1.578947e+00 4.210526e-01 1.842105e-01 1.315789e-02
29656: 2.181818e+00 1.597403e+00 1.584416e+00 4.415584e-01 1.818182e-01 1.298701e-02
29656: 2.192308e+00 1.576923e+00 1.576923e+00 4.615385e-01 1.794872e-01 1.282051e-02
29656: 2.202532e+00 1.582278e+00 1.556962e+00 4.683544e-01 1.772152e-01 1.265823e-02
29656: 2.200000e+00 1.562500e+00 1.575000e+00 4.750000e-01 1.750000e-01 1.250000e-02
29656: 2.185185e+00 1.592593e+00 1.567901e+00 4.691358e-01 1.728395e-01 1.234568e-02
29656: 2.182927e+00 1.573171e+00 1.585366e+00 4.756098e-01 1.707317e-01 1.219512e-02
29656: 2.168675e+00 1.578313e+00 1.590361e+00 4.819277e-01 1.686747e-01 1.204819e-02
29656: 2.166667e+00 1.583333e+00 1.583333e+00 4.880952e-01 1.666667e-01 1.190476e-02
29656: 2.164706e+00 1.564706e+00 1.588235e+00 4.941176e-01 1.647059e-01 2.352941e-02
29656: 2.162791e+00 1.581395e+00 1.569767e+00 5.000000e-01 1.627907e-01 2.325581e-02
29656: 2.149425e+00 1.574713e+00 1.586207e+00 4.942529e-01 1.724138e-01 2.298851e-02
29656: 2.147727e+00 1.579545e+00 1.568182e+00 5.113636e-01 1.704545e-01 2.272727e-02
29656: 2.134831e+00 1.573034e+00 1.584270e+00 5.168539e-01 1.685393e-01 2.247191e-02
29656: 2.144444e+00 1.566667e+00 1.577778e+00 5.222222e-01 1.666667e-01 2.222222e-02
29656: 2.131868e+00 1.582418e+00 1.571429e+00 5.164835e-01 1.648352e-01 3.296703e-02
29656: 2.130435e+00 1.576087e+00 1.576087e+00 5.217391e-01 1.630435e-01 3.260870e-02
29656: 2.129032e+00 1.569892e+00 1.580645e+00 5.268817e-01 1.612903e-01 3.225806e-02
29656: 2.117021e+00 1.574468e+00 1.585106e+00 5.319149e-01 1.595745e-01 3.191489e-02
29656: 2.126316e+00 1.568421e+00 1.568421e+00 5.473684e-01 1.578947e-01 3.157895e-02
29656: 2.125000e+00 1.593750e+00 1.552083e+00 5.416667e-01 1.562500e-01 3.125000e-02
29656: 2.113402e+00 1.587629e+00 1.577320e+00 5.360825e-01 1.546392e-01 3.092784e-02
29656: 2.132653e+00 1.571429e+00 1.571429e+00 5.408163e-01 1.530612e-01 3.061224e-02
29656: 2.131313e+00 1.585859e+00 1.555556e+00 5.454545e-01 1.515152e-01 3.030303e-02
29656: 2.120000e+00 1.590000e+00 1.570000e+00 5.400000e-01 1.500000e-01 3.000000e-02
29656: 2.118812e+00 1.574257e+00 1.574257e+00 5.544554e-01 1.485149e-01 2.970297e-02
29656: 2.107843e+00 1.578431e+00 1.568627e+00 5.588235e-01 1.470588e-01 3.921569e-02
29656: 2.106796e+00 1.572816e+00 1.572816e+00 5.631068e-01 1.456311e-01 3.883495e-02
29656: 2.115385e+00 1.567308e+00 1.567308e+00 5.673077e-01 1.442308e-01 3.846154e-02
29656: 2.114286e+00 1.590476e+00 1.552381e+00 5.619048e-01 1.428571e-01 3.809524e-02
29656: 2.103774e+00 1.594340e+00 1.566038e+00 5.566038e-01 1.415094e-01 3.773585e-02
29656: 2.102804e+00 1.588785e+00 1.579439e+00 5.514019e-01 1.401869e-01 3.738318e-02
29656: 2.092593e+00 1.583333e+00 1.574074e+00 5.740741e-01 1.388889e-01 3.703704e-02
29656: 2.100917e+00 1.577982e+00 1.568807e+00 5.779817e-01 1.376147e-01 3.669725e-02
29656: 2.090909e+00 1.590909e+00 1.563636e+00 5.818182e-01 1.363636e-01 3.636364e-02
29656: 2.090090e+00 1.576577e+00 1.576577e+00 5.855856e-01 1.351351e-01 3.603604e-02
29656: 2.080357e+00 1.589286e+00 1.571429e+00 5.892857e-01 1.339286e-01 3.571429e-02
29656: 2.079646e+00 1.584071e+00 1.557522e+00 6.106195e-01 1.327434e-01 3.539823e-02
29656: 2.078947e+00 1.587719e+00 1.552632e+00 6.140351e-01 1.315789e-01 3.508772e-02
29656: 2.086957e+00 1.582609e+00 1.556522e+00 6.086957e-01 1.304348e-01 3.478261e-02
29656: 2.094828e+00 1.577586e+00 1.560345e+00 6.034483e-01 1.293103e-01 3.448276e-02
29656: 2.085470e+00 1.581197e+00 1.564103e+00 6.068376e-01 1.282051e-01 3.418803e-02
29656: 2.084746e+00 1.576271e+00 1.567797e+00 6.101695e-01 1.271186e-01 3.389831e-02
29656: 2.075630e+00 1.579832e+00 1.579832e+00 6.050420e-01 1.260504e-01 3.361345e-02
29656: 2.075000e+00 1.575000e+00 1.575000e+00 6.166667e-01 1.250000e-01 3.333333e-02
29656: 2.082645e+00 1.570248e+00 1.570248e+00 6.198347e-01 1.239669e-01 3.305785e-02
29656: 2.081967e+00 1.573770e+00 1.557377e+00 6.229508e-01 1.311475e-01 3.278689e-02
29656: 2.081301e+00 1.577236e+00 1.560976e+00 6.178862e-01 1.300813e-01 3.252033e-02
29656: 2.072581e+00 1.580645e+00 1.564516e+00 6.209677e-01 1.290323e-01 3.225806e-02
29656: 2.072000e+00 1.576000e+00 1.560000e+00 6.320000e-01 1.280000e-01 3.200000e-02
29656: 2.071429e+00 1.579365e+00 1.563492e+00 6.269841e-01 1.269841e-01 3.174603e-02
29656: 2.062992e+00 1.574803e+00 1.559055e+00 6.377953e-01 1.259843e-01 3.937008e-02
29656: 2.070312e+00 1.570312e+00 1.562500e+00 6.328125e-01 1.250000e-01 3.906250e-02
29656: 2.062016e+00 1.573643e+00 1.558140e+00 6.356589e-01 1.317829e-01 3.875969e-02
29656: 2.061538e+00 1.569231e+00 1.561538e+00 6.384615e-01 1.307692e-01 3.846154e-02
29656: 2.053435e+00 1.580153e+00 1.564885e+00 6.335878e-01 1.297710e-01 3.816794e-02
29656: 2.053030e+00 1.583333e+00 1.560606e+00 6.363636e-01 1.287879e-01 3.787879e-02
29656: 2.045113e+00 1.586466e+00 1.563910e+00 6.315789e-01 1.278195e-01 4.511278e-02
29656: 2.059701e+00 1.582090e+00 1.559701e+00 6.268657e-01 1.268657e-01 4.477612e-02
29656: 2.051852e+00 1.592593e+00 1.555556e+00 6.222222e-01 1.333333e-01 4.444444e-02
29656: 2.051471e+00 1.588235e+00 1.566176e+00 6.176471e-01 1.323529e-01 4.411765e-02
29656: 2.051095e+00 1.591241e+00 1.569343e+00 6.131387e-01 1.313869e-01 4.379562e-02
29656: 2.050725e+00 1.586957e+00 1.572464e+00 6.159420e-01 1.304348e-01 4.347826e-02
29656: 2.043165e+00 1.582734e+00 1.575540e+00 6.258993e-01 1.294964e-01 4.316547e-02
29656: 2.050000e+00 1.578571e+00 1.571429e+00 6.285714e-01 1.285714e-01 4.285714e-02
29656: 2.049645e+00 1.581560e+00 1.567376e+00 6.312057e-01 1.276596e-01 4.255319e-02
29656: 2.042254e+00 1.577465e+00 1.577465e+00 6.267606e-01 1.338028e-01 4.225352e-02
29656: 2.041958e+00 1.580420e+00 1.573427e+00 6.293706e-01 1.328671e-01 4.195804e-02
29656: 2.034722e+00 1.569444e+00 1.583333e+00 6.319444e-01 1.388889e-01 4.166667e-02
29656: 2.048276e+00 1.565517e+00 1.579310e+00 6.275862e-01 1.379310e-01 4.137931e-02
29656: 2.047945e+00 1.575342e+00 1.568493e+00 6.301370e-01 1.369863e-01 4.109589e-02
29656: 2.047619e+00 1.578231e+00 1.571429e+00 6.258503e-01 1.360544e-01 4.081633e-02
29656: 2.040541e+00 1.574324e+00 1.574324e+00 6.351351e-01 1.351351e-01 4.054054e-02
29656: 2.040268e+00 1.577181e+00 1.563758e+00 6.442953e-01 1.342282e-01 4.026846e-02
29656: 2.040000e+00 1.580000e+00 1.566667e+00 6.400000e-01 1.333333e-01 4.000000e-02
29656: 2.039735e+00 1.582781e+00 1.562914e+00 6.423841e-01 1.324503e-01 3.973510e-02
29656: 2.046053e+00 1.578947e+00 1.565789e+00 6.381579e-01 1.315789e-01 3.947368e-02
29656: 2.039216e+00 1.588235e+00 1.562092e+00 6.405229e-01 1.307190e-01 3.921569e-02
29656: 2.045455e+00 1.584416e+00 1.558442e+00 6.428571e-01 1.298701e-01 3.896104e-02
29656: 2.038710e+00 1.587097e+00 1.561290e+00 6.451613e-01 1.290323e-01 3.870968e-02
29656: 2.038462e+00 1.589744e+00 1.564103e+00 6.410256e-01 1.282051e-01 3.846154e-02
29656: 2.044586e+00 1.585987e+00 1.560510e+00 6.433121e-01 1.273885e-01 3.821656e-02
29656: 2.037975e+00 1.594937e+00 1.556962e+00 6.392405e-01 1.329114e-01 3.797468e-02
29656: 2.037736e+00 1.591195e+00 1.566038e+00 6.352201e-01 1.320755e-01 3.773585e-02
29656: 2.037500e+00 1.593750e+00 1.568750e+00 6.312500e-01 1.312500e-01 3.750000e-02
29656: 2.037267e+00 1.596273e+00 1.565217e+00 6.335404e-01 1.304348e-01 3.726708e-02
29656: 2.037037e+00 1.592593e+00 1.574074e+00 6.296296e-01 1.296296e-01 3.703704e-02
29656: 2.030675e+00 1.588957e+00 1.576687e+00 6.319018e-01 1.349693e-01 3.680982e-02
29656: 2.036585e+00 1.591463e+00 1.567073e+00 6.341463e-01 1.341463e-01 3.658537e-02
29656: 2.036364e+00 1.587879e+00 1.575758e+00 6.303030e-01 1.333333e-01 3.636364e-02
29656: 2.030120e+00 1.590361e+00 1.578313e+00 6.325301e-01 1.325301e-01 3.614458e-02
29656: 2.035928e+00 1.586826e+00 1.574850e+00 6.347305e-01 1.317365e-01 3.592814e-02
29656: 2.035714e+00 1.589286e+00 1.565476e+00 6.428571e-01 1.309524e-01 3.571429e-02
29656: 2.029586e+00 1.591716e+00 1.568047e+00 6.390533e-01 1.301775e-01 4.142012e-02
29656: 2.029412e+00 1.594118e+00 1.564706e+00 6.411765e-01 1.294118e-01 4.117647e-02
29656: 2.029240e+00 1.590643e+00 1.567251e+00 6.432749e-01 1.286550e-01 4.093567e-02
29656: 2.029070e+00 1.593023e+00 1.563953e+00 6.395349e-01 1.337209e-01 4.069767e-02
29656: 2.023121e+00 1.595376e+00 1.572254e+00 6.358382e-01 1.329480e-01 4.046243e-02
29656: 2.022989e+00 1.586207e+00 1.574713e+00 6.436782e-01 1.321839e-01 4.022989e-02
29656: 2.022857e+00 1.594286e+00 1.565714e+00 6.457143e-01 1.314286e-01 4.000000e-02
29656: 2.022727e+00 1.590909e+00 1.573864e+00 6.420455e-01 1.306818e-01 3.977273e-02
29656: 2.016949e+00 1.587571e+00 1.581921e+00 6.440678e-01 1.299435e-01 3.954802e-02
29656: 2.022472e+00 1.584270e+00 1.573034e+00 6.516854e-01 1.292135e-01 3.932584e-02
29656: 2.022346e+00 1.586592e+00 1.564246e+00 6.592179e-01 1.284916e-01 3.910615e-02
29656: 2.016667e+00 1.594444e+00 1.566667e+00 6.555556e-01 1.277778e-01 3.888889e-02
29656: 2.022099e+00 1.591160e+00 1.563536e+00 6.574586e-01 1.270718e-01 3.867403e-02
29656: 2.021978e+00 1.593407e+00 1.565934e+00 6.538462e-01 1.263736e-01 3.846154e-02
29656: 2.016393e+00 1.601093e+00 1.562842e+00 6.557377e-01 1.256831e-01 3.825137e-02
29656: 2.016304e+00 1.603261e+00 1.559783e+00 6.521739e-01 1.304348e-01 3.804348e-02
29656: 2.010811e+00 1.605405e+00 1.562162e+00 6.540541e-01 1.297297e-01 3.783784e-02
29656: 2.016129e+00 1.602151e+00 1.559140e+00 6.559140e-01 1.290323e-01 3.763441e-02
29656: 2.010695e+00 1.604278e+00 1.566845e+00 6.524064e-01 1.283422e-01 3.743316e-02
29656: 2.010638e+00 1.595745e+00 1.574468e+00 6.542553e-01 1.276596e-01 3.723404e-02
29656: 2.005291e+00 1.603175e+00 1.571429e+00 6.560847e-01 1.269841e-01 3.703704e-02
29656: 2.005263e+00 1.605263e+00 1.568421e+00 6.578947e-01 1.263158e-01 3.684211e-02
29656: 2.000000e+00 1.596859e+00 1.575916e+00 6.596859e-01 1.308901e-01 3.664921e-02
29656: 2.005208e+00 1.593750e+00 1.572917e+00 6.614583e-01 1.302083e-01 3.645833e-02
29656: 2.010363e+00 1.595855e+00 1.564767e+00 6.632124e-01 1.295337e-01 3.626943e-02
29656: 2.005155e+00 1.592784e+00 1.577320e+00 6.597938e-01 1.288660e-01 3.608247e-02
29656: 2.010256e+00 1.589744e+00 1.574359e+00 6.615385e-01 1.282051e-01 3.589744e-02
29656: 2.010204e+00 1.591837e+00 1.566327e+00 6.683673e-01 1.275510e-01 3.571429e-02
29656: 2.005076e+00 1.588832e+00 1.573604e+00 6.649746e-01 1.319797e-01 3.553299e-02
29656: 2.005051e+00 1.585859e+00 1.575758e+00 6.666667e-01 1.313131e-01 3.535354e-02
29656: 2.000000e+00 1.587940e+00 1.572864e+00 6.683417e-01 1.356784e-01 3.517588e-02
29656: 2.000000e+00 1.585000e+00 1.575000e+00 6.700000e-01 1.350000e-01 3.500000e-02
29656: 2.000000e+00 1.592040e+00 1.567164e+00 6.716418e-01 1.343284e-01 3.482587e-02
29656: 2.000000e+00 1.594059e+00 1.569307e+00 6.683168e-01 1.336634e-01 3.465347e-02
29656: 1.995074e+00 1.591133e+00 1.571429e+00 6.748768e-01 1.330049e-01 3.448276e-02
29656: 2.000000e+00 1.588235e+00 1.568627e+00 6.764706e-01 1.323529e-01 3.431373e-02
29656: 2.000000e+00 1.590244e+00 1.570732e+00 6.731707e-01 1.317073e-01 3.414634e-02
29656: 2.000000e+00 1.587379e+00 1.563107e+00 6.844660e-01 1.310680e-01 3.398058e-02
29656: 2.000000e+00 1.589372e+00 1.565217e+00 6.811594e-01 1.304348e-01 3.381643e-02
29656: 1.995192e+00 1.586538e+00 1.572115e+00 6.826923e-01 1.298077e-01 3.365385e-02
29656: 2.000000e+00 1.583732e+00 1.569378e+00 6.842105e-01 1.291866e-01 3.349282e-02
29656: 2.000000e+00 1.585714e+00 1.571429e+00 6.809524e-01 1.285714e-01 3.333333e-02
29656: 1.995261e+00 1.578199e+00 1.578199e+00 6.872038e-01 1.279621e-01 3.317536e-02
29656: 1.995283e+00 1.584906e+00 1.570755e+00 6.886792e-01 1.273585e-01 3.301887e-02
29656: 1.995305e+00 1.577465e+00 1.572770e+00 6.948357e-01 1.267606e-01 3.286385e-02
29656: 1.995327e+00 1.584112e+00 1.565421e+00 6.962617e-01 1.261682e-01 3.271028e-02
29656: 1.995349e+00 1.581395e+00 1.572093e+00 6.930233e-01 1.255814e-01 3.255814e-02
29656: 2.000000e+00 1.583333e+00 1.564815e+00 6.944444e-01 1.250000e-01 3.240741e-02
29656: 1.995392e+00 1.585253e+00 1.571429e+00 6.912442e-01 1.244240e-01 3.225806e-02
29656: 1.995413e+00 1.587156e+00 1.568807e+00 6.926606e-01 1.238532e-01 3.211009e-02
29656: 1.990868e+00 1.584475e+00 1.570776e+00 6.940639e-01 1.278539e-01 3.196347e-02
29656: 1.990909e+00 1.581818e+00 1.568182e+00 7.000000e-01 1.272727e-01 3.181818e-02
29656: 1.986425e+00 1.588235e+00 1.565611e+00 7.013575e-01 1.266968e-01 3.167421e-02
29656: 1.986486e+00 1.585586e+00 1.567568e+00 7.027027e-01 1.261261e-01 3.153153e-02
29656: 1.982063e+00 1.591928e+00 1.569507e+00 6.995516e-01 1.255605e-01 3.139013e-02
29656: 1.982143e+00 1.593750e+00 1.566964e+00 7.008929e-01 1.250000e-01 3.125000e-02
29656: 1.977778e+00 1.591111e+00 1.577778e+00 6.977778e-01 1.244444e-01 3.111111e-02
29656: 1.982301e+00 1.588496e+00 1.575221e+00 6.991150e-01 1.238938e-01 3.097345e-02
29656: 1.977974e+00 1.590308e+00 1.572687e+00 7.004405e-01 1.277533e-01 3.083700e-02
29656: 1.978070e+00 1.587719e+00 1.574561e+00 7.017544e-01 1.271930e-01 3.070175e-02
29656: 1.973799e+00 1.589520e+00 1.567686e+00 7.117904e-01 1.266376e-01 3.056769e-02
29656: 1.978261e+00 1.586957e+00 1.565217e+00 7.086957e-01 1.304348e-01 3.043478e-02
29656: 1.974026e+00 1.588745e+00 1.571429e+00 7.056277e-01 1.298701e-01 3.030303e-02
29656: 1.978448e+00 1.586207e+00 1.568966e+00 7.068966e-01 1.293103e-01 3.017241e-02
29656: 1.978541e+00 1.583691e+00 1.570815e+00 7.038627e-01 1.287554e-01 3.433476e-02
29656: 1.978632e+00 1.581197e+00 1.572650e+00 7.051282e-01 1.282051e-01 3.418803e-02
29656: 1.978723e+00 1.582979e+00 1.570213e+00 7.063830e-01 1.276596e-01 3.404255e-02
29656: 1.974576e+00 1.584746e+00 1.567797e+00 7.118644e-01 1.271186e-01 3.389831e-02
29656: 1.974684e+00 1.582278e+00 1.569620e+00 7.130802e-01 1.265823e-01 3.375527e-02
29656: 1.970588e+00 1.588235e+00 1.571429e+00 7.100840e-01 1.260504e-01 3.361345e-02
29656: 1.970711e+00 1.581590e+00 1.569038e+00 7.154812e-01 1.297071e-01 3.347280e-02
29656: 1.970833e+00 1.587500e+00 1.566667e+00 7.125000e-01 1.291667e-01 3.333333e-02
29656: 1.970954e+00 1.585062e+00 1.572614e+00 7.095436e-01 1.286307e-01 3.319502e-02
29656: 1.966942e+00 1.582645e+00 1.570248e+00 7.107438e-01 1.322314e-01 3.719008e-02
29656: 1.975309e+00 1.580247e+00 1.563786e+00 7.119342e-01 1.316872e-01 3.703704e-02
29656: 1.971311e+00 1.581967e+00 1.565574e+00 7.090164e-01 1.311475e-01 4.098361e-02
29656: 1.979592e+00 1.579592e+00 1.563265e+00 7.061224e-01 1.306122e-01 4.081633e-02
29656: 1.975610e+00 1.581301e+00 1.565041e+00 7.032520e-01 1.341463e-01 4.065041e-02
29656: 1.979757e+00 1.578947e+00 1.566802e+00 7.004049e-01 1.336032e-01 4.048583e-02
29656: 1.975806e+00 1.584677e+00 1.568548e+00 6.975806e-01 1.330645e-01 4.032258e-02
29656: 1.975904e+00 1.590361e+00 1.566265e+00 6.947791e-01 1.325301e-01 4.016064e-02
29656: 1.972000e+00 1.588000e+00 1.576000e+00 6.920000e-01 1.320000e-01 4.000000e-02
29656: 1.972112e+00 1.581673e+00 1.577689e+00 6.972112e-01 1.314741e-01 3.984064e-02
29656: 1.972222e+00 1.587302e+00 1.571429e+00 6.984127e-01 1.309524e-01 3.968254e-02
29656: 1.972332e+00 1.581028e+00 1.573123e+00 7.035573e-01 1.304348e-01 3.952569e-02
29656: 1.972441e+00 1.582677e+00 1.570866e+00 7.047244e-01 1.299213e-01 3.937008e-02
29656: 1.968627e+00 1.584314e+00 1.572549e+00 7.058824e-01 1.294118e-01 3.921569e-02
29656: 1.968750e+00 1.582031e+00 1.570312e+00 7.109375e-01 1.289062e-01 3.906250e-02
29656: 1.968872e+00 1.583658e+00 1.564202e+00 7.120623e-01 1.284047e-01 4.280156e-02
29656: 1.965116e+00 1.581395e+00 1.573643e+00 7.093023e-01 1.279070e-01 4.263566e-02
29656: 1.969112e+00 1.579151e+00 1.567568e+00 7.142857e-01 1.274131e-01 4.247104e-02
29656: 1.965385e+00 1.580769e+00 1.569231e+00 7.115385e-01 1.307692e-01 4.230769e-02
29656: 1.969349e+00 1.578544e+00 1.570881e+00 7.088123e-01 1.302682e-01 4.214559e-02
29656: 1.969466e+00 1.580153e+00 1.568702e+00 7.099237e-01 1.297710e-01 4.198473e-02
29656: 1.969582e+00 1.577947e+00 1.574144e+00 7.072243e-01 1.292776e-01 4.182510e-02
29656: 1.965909e+00 1.579545e+00 1.575758e+00 7.083333e-01 1.287879e-01 4.166667e-02
29656: 1.966038e+00 1.577358e+00 1.573585e+00 7.094340e-01 1.320755e-01 4.150943e-02
29656: 1.962406e+00 1.578947e+00 1.575188e+00 7.105263e-01 1.315789e-01 4.135338e-02
29656: 1.962547e+00 1.576779e+00 1.576779e+00 7.116105e-01 1.310861e-01 4.119850e-02
29656: 1.958955e+00 1.574627e+00 1.578358e+00 7.164179e-01 1.305970e-01 4.104478e-02
29656: 1.955390e+00 1.576208e+00 1.576208e+00 7.211896e-01 1.301115e-01 4.089219e-02
29656: 1.959259e+00 1.577778e+00 1.570370e+00 7.222222e-01 1.296296e-01 4.074074e-02
29656: 1.959410e+00 1.575646e+00 1.568266e+00 7.232472e-01 1.328413e-01 4.059041e-02
29656: 1.959559e+00 1.577206e+00 1.566176e+00 7.242647e-01 1.323529e-01 4.044118e-02
29656: 1.959707e+00 1.575092e+00 1.571429e+00 7.216117e-01 1.318681e-01 4.029304e-02
29656: 1.959854e+00 1.576642e+00 1.569343e+00 7.226277e-01 1.313869e-01 4.014599e-02
29656: 1.960000e+00 1.578182e+00 1.570909e+00 7.200000e-01 1.309091e-01 4.000000e-02
29656: 1.956522e+00 1.576087e+00 1.565217e+00 7.318841e-01 1.304348e-01 3.985507e-02
29656: 1.956679e+00 1.577617e+00 1.566787e+00 7.292419e-01 1.299639e-01 3.971119e-02
29656: 1.953237e+00 1.575540e+00 1.568345e+00 7.338129e-01 1.294964e-01 3.956835e-02
29656: 1.953405e+00 1.573477e+00 1.573477e+00 7.311828e-01 1.290323e-01 3.942652e-02
29656: 1.950000e+00 1.578571e+00 1.567857e+00 7.357143e-01 1.285714e-01 3.928571e-02
29656: 1.950178e+00 1.583630e+00 1.565836e+00 7.330961e-01 1.281139e-01 3.914591e-02
29656: 1.950355e+00 1.581560e+00 1.567376e+00 7.304965e-01 1.312057e-01 3.900709e-02
29656: 1.946996e+00 1.586572e+00 1.568905e+00 7.279152e-01 1.307420e-01 3.886926e-02
29656: 1.947183e+00 1.584507e+00 1.573944e+00 7.253521e-01 1.302817e-01 3.873239e-02
29656: 1.943860e+00 1.585965e+00 1.575439e+00 7.263158e-01 1.298246e-01 3.859649e-02
29656: 1.947552e+00 1.583916e+00 1.573427e+00 7.272727e-01 1.293706e-01 3.846154e-02
29656: 1.947735e+00 1.585366e+00 1.571429e+00 7.282230e-01 1.289199e-01 3.832753e-02
29656: 1.944444e+00 1.583333e+00 1.576389e+00 7.291667e-01 1.284722e-01 3.819444e-02
29656: 1.944637e+00 1.581315e+00 1.577855e+00 7.301038e-01 1.280277e-01 3.806228e-02
29656: 1.944828e+00 1.582759e+00 1.572414e+00 7.344828e-01 1.275862e-01 3.793103e-02
29656: 1.941581e+00 1.580756e+00 1.573883e+00 7.353952e-01 1.305842e-01 3.780069e-02
29656: 1.941781e+00 1.582192e+00 1.571918e+00 7.363014e-01 1.301370e-01 3.767123e-02
29656: 1.941980e+00 1.580205e+00 1.573379e+00 7.372014e-01 1.296928e-01 3.754266e-02
29656: 1.938776e+00 1.581633e+00 1.568027e+00 7.448980e-01 1.292517e-01 3.741497e-02
29656: 1.942373e+00 1.579661e+00 1.569492e+00 7.423729e-01 1.288136e-01 3.728814e-02
29656: 1.942568e+00 1.581081e+00 1.570946e+00 7.398649e-01 1.283784e-01 3.716216e-02
29656: 1.942761e+00 1.579125e+00 1.565657e+00 7.474747e-01 1.279461e-01 3.703704e-02
29656: 1.939597e+00 1.580537e+00 1.570470e+00 7.449664e-01 1.275168e-01 3.691275e-02
29656: 1.946488e+00 1.578595e+00 1.565217e+00 7.458194e-01 1.270903e-01 3.678930e-02
29656: 1.943333e+00 1.580000e+00 1.563333e+00 7.466667e-01 1.266667e-01 4.000000e-02
29656: 1.943522e+00 1.578073e+00 1.564784e+00 7.475083e-01 1.262458e-01 3.986711e-02
29656: 1.940397e+00 1.576159e+00 1.566225e+00 7.450331e-01 1.324503e-01 3.973510e-02
29656: 1.940594e+00 1.574257e+00 1.570957e+00 7.425743e-01 1.320132e-01 3.960396e-02
29656: 1.937500e+00 1.575658e+00 1.572368e+00 7.434211e-01 1.315789e-01 3.947368e-02
29656: 1.940984e+00 1.570492e+00 1.570492e+00 7.475410e-01 1.311475e-01 3.934426e-02
29656: 1.937908e+00 1.571895e+00 1.565359e+00 7.549020e-01 1.307190e-01 3.921569e-02
29656: 1.944625e+00 1.570033e+00 1.563518e+00 7.524430e-01 1.302932e-01 3.908795e-02
29656: 1.944805e+00 1.571429e+00 1.561688e+00 7.500000e-01 1.331169e-01 3.896104e-02
29656: 1.941748e+00 1.569579e+00 1.569579e+00 7.475728e-01 1.326861e-01 3.883495e-02
29656: 1.941935e+00 1.574194e+00 1.567742e+00 7.451613e-01 1.322581e-01 3.870968e-02
29656: 1.938907e+00 1.569132e+00 1.575563e+00 7.459807e-01 1.318328e-01 3.858521e-02
29656: 1.939103e+00 1.567308e+00 1.576923e+00 7.467949e-01 1.314103e-01 3.846154e-02
29656: 1.936102e+00 1.571885e+00 1.575080e+00 7.476038e-01 1.309904e-01 3.833866e-02
29656: 1.939490e+00 1.570064e+00 1.570064e+00 7.515924e-01 1.305732e-01 3.821656e-02
29656: 1.942857e+00 1.571429e+00 1.565079e+00 7.523810e-01 1.301587e-01 3.809524e-02
29656: 1.939873e+00 1.572785e+00 1.569620e+00 7.500000e-01 1.297468e-01 3.797468e-02
29656: 1.940063e+00 1.574132e+00 1.567823e+00 7.476341e-01 1.324921e-01 3.785489e-02
29656: 1.937107e+00 1.572327e+00 1.572327e+00 7.484277e-01 1.320755e-01 3.773585e-02
29656: 1.940439e+00 1.570533e+00 1.570533e+00 7.492163e-01 1.316614e-01 3.761755e-02
29656: 1.937500e+00 1.575000e+00 1.565625e+00 7.531250e-01 1.312500e-01 3.750000e-02
29656: 1.940810e+00 1.573209e+00 1.566978e+00 7.507788e-01 1.308411e-01 3.738318e-02
29656: 1.937888e+00 1.577640e+00 1.565217e+00 7.515528e-01 1.304348e-01 3.726708e-02
29656: 1.944272e+00 1.575851e+00 1.563467e+00 7.492260e-01 1.300310e-01 3.715170e-02
29656: 1.944444e+00 1.580247e+00 1.561728e+00 7.469136e-01 1.296296e-01 3.703704e-02
29656: 1.944615e+00 1.578462e+00 1.563077e+00 7.476923e-01 1.292308e-01 3.692308e-02
29656: 1.941718e+00 1.579755e+00 1.561350e+00 7.484663e-01 1.288344e-01 3.987730e-02
29656: 1.941896e+00 1.581040e+00 1.559633e+00 7.492355e-01 1.284404e-01 3.975535e-02
29656: 1.939024e+00 1.585366e+00 1.560976e+00 7.469512e-01 1.280488e-01 3.963415e-02
29656: 1.939210e+00 1.586626e+00 1.559271e+00 7.446809e-01 1.306991e-01 3.951368e-02
29656: 1.936364e+00 1.584848e+00 1.560606e+00 7.454545e-01 1.303030e-01 4.242424e-02
29656: 1.936556e+00 1.583082e+00 1.558912e+00 7.432024e-01 1.329305e-01 4.531722e-02
29656: 1.933735e+00 1.587349e+00 1.557229e+00 7.409639e-01 1.355422e-01 4.518072e-02
29656: 1.933934e+00 1.585586e+00 1.558559e+00 7.387387e-01 1.381381e-01 4.504505e-02
29656: 1.931138e+00 1.586826e+00 1.562874e+00 7.365269e-01 1.377246e-01 4.491018e-02
29656: 1.928358e+00 1.594030e+00 1.561194e+00 7.343284e-01 1.373134e-01 4.477612e-02
29656: 1.928571e+00 1.592262e+00 1.559524e+00 7.321429e-01 1.428571e-01 4.464286e-02
29656: 1.928783e+00 1.593472e+00 1.560831e+00 7.299703e-01 1.424332e-01 4.451039e-02
29656: 1.926036e+00 1.591716e+00 1.565089e+00 7.307692e-01 1.420118e-01 4.437870e-02
29656: 1.926254e+00 1.592920e+00 1.566372e+00 7.286136e-01 1.415929e-01 4.424779e-02
29656: 1.923529e+00 1.591176e+00 1.564706e+00 7.352941e-01 1.411765e-01 4.411765e-02
29656: 1.926686e+00 1.589443e+00 1.563050e+00 7.360704e-01 1.407625e-01 4.398827e-02
29656: 1.926901e+00 1.590643e+00 1.561404e+00 7.339181e-01 1.432749e-01 4.385965e-02
29656: 1.927114e+00 1.588921e+00 1.565598e+00 7.317784e-01 1.428571e-01 4.373178e-02
29656: 1.927326e+00 1.587209e+00 1.566860e+00 7.325581e-01 1.424419e-01 4.360465e-02
29656: 1.927536e+00 1.588406e+00 1.565217e+00 7.304348e-01 1.420290e-01 4.637681e-02
29656: 1.924855e+00 1.589595e+00 1.569364e+00 7.283237e-01 1.416185e-01 4.624277e-02
29656: 1.925072e+00 1.587896e+00 1.573487e+00 7.262248e-01 1.412104e-01 4.610951e-02
29656: 1.925287e+00 1.589080e+00 1.568966e+00 7.298851e-01 1.408046e-01 4.597701e-02
29656: 1.922636e+00 1.590258e+00 1.573066e+00 7.277937e-01 1.404011e-01 4.584527e-02
29656: 1.925714e+00 1.588571e+00 1.571429e+00 7.285714e-01 1.400000e-01 4.571429e-02
29656: 1.925926e+00 1.589744e+00 1.566952e+00 7.321937e-01 1.396011e-01 4.558405e-02
29656: 1.923295e+00 1.585227e+00 1.573864e+00 7.301136e-01 1.420455e-01 4.545455e-02
29656: 1.923513e+00 1.580737e+00 1.572238e+00 7.337110e-01 1.444759e-01 4.532578e-02
29656: 1.923729e+00 1.584746e+00 1.567797e+00 7.344633e-01 1.440678e-01 4.519774e-02
29656: 1.923944e+00 1.583099e+00 1.569014e+00 7.352113e-01 1.436620e-01 4.507042e-02
29656: 1.921348e+00 1.584270e+00 1.570225e+00 7.359551e-01 1.432584e-01 4.494382e-02
29656: 1.924370e+00 1.579832e+00 1.571429e+00 7.366947e-01 1.428571e-01 4.481793e-02
29656: 1.921788e+00 1.583799e+00 1.569832e+00 7.374302e-01 1.424581e-01 4.469274e-02
29656: 1.922006e+00 1.584958e+00 1.568245e+00 7.353760e-01 1.448468e-01 4.456825e-02
29656: 1.919444e+00 1.583333e+00 1.569444e+00 7.333333e-01 1.472222e-01 4.722222e-02
29656: 1.922438e+00 1.581717e+00 1.570637e+00 7.313019e-01 1.468144e-01 4.709141e-02
29656: 1.922652e+00 1.582873e+00 1.566298e+00 7.348066e-01 1.464088e-01 4.696133e-02
29656: 1.920110e+00 1.581267e+00 1.570248e+00 7.355372e-01 1.460055e-01 4.683196e-02
29656: 1.923077e+00 1.582418e+00 1.565934e+00 7.362637e-01 1.456044e-01 4.670330e-02
29656: 1.920548e+00 1.580822e+00 1.569863e+00 7.369863e-01 1.452055e-01 4.657534e-02
29656: 1.920765e+00 1.579235e+00 1.571038e+00 7.377049e-01 1.448087e-01 4.644809e-02
29656: 1.918256e+00 1.583106e+00 1.566757e+00 7.384196e-01 1.471390e-01 4.632153e-02
29656: 1.921196e+00 1.581522e+00 1.565217e+00 7.364130e-01 1.494565e-01 4.619565e-02
29656: 1.921409e+00 1.582656e+00 1.566396e+00 7.344173e-01 1.490515e-01 4.607046e-02
29656: 1.918919e+00 1.586486e+00 1.564865e+00 7.351351e-01 1.486486e-01 4.594595e-02
29656: 1.919137e+00 1.587601e+00 1.566038e+00 7.331536e-01 1.482480e-01 4.582210e-02
29656: 1.916667e+00 1.588710e+00 1.567204e+00 7.338710e-01 1.478495e-01 4.569892e-02
29656: 1.916890e+00 1.589812e+00 1.568365e+00 7.319035e-01 1.474531e-01 4.557641e-02
29656: 1.917112e+00 1.588235e+00 1.566845e+00 7.352941e-01 1.470588e-01 4.545455e-02
29656: 1.914667e+00 1.586667e+00 1.570667e+00 7.360000e-01 1.466667e-01 4.533333e-02
29656: 1.914894e+00 1.582447e+00 1.571809e+00 7.367021e-01 1.489362e-01 4.521277e-02
29656: 1.915119e+00 1.586207e+00 1.567639e+00 7.374005e-01 1.485411e-01 4.509284e-02
29656: 1.912698e+00 1.582011e+00 1.576720e+00 7.354497e-01 1.481481e-01 4.497354e-02
29656: 1.912929e+00 1.583113e+00 1.572559e+00 7.361478e-01 1.477573e-01 4.749340e-02
29656: 1.910526e+00 1.581579e+00 1.571053e+00 7.421053e-01 1.473684e-01 4.736842e-02
29656: 1.910761e+00 1.580052e+00 1.569554e+00 7.454068e-01 1.469816e-01 4.724409e-02
29656: 1.910995e+00 1.578534e+00 1.570681e+00 7.460733e-01 1.465969e-01 4.712042e-02
29656: 1.908616e+00 1.579634e+00 1.569191e+00 7.493473e-01 1.462141e-01 4.699739e-02
29656: 1.911458e+00 1.580729e+00 1.567708e+00 7.473958e-01 1.458333e-01 4.687500e-02
29656: 1.911688e+00 1.576623e+00 1.571429e+00 7.480519e-01 1.454545e-01 4.675325e-02
29656: 1.911917e+00 1.577720e+00 1.567358e+00 7.512953e-01 1.450777e-01 4.663212e-02
29656: 1.912145e+00 1.578811e+00 1.568475e+00 7.493540e-01 1.447028e-01 4.651163e-02
29656: 1.909794e+00 1.577320e+00 1.569588e+00 7.525773e-01 1.443299e-01 4.639175e-02
29656: 1.915167e+00 1.575835e+00 1.568123e+00 7.506427e-01 1.439589e-01 4.627249e-02
29656: 1.912821e+00 1.579487e+00 1.566667e+00 7.512821e-01 1.435897e-01 4.615385e-02
29656: 1.915601e+00 1.578005e+00 1.567775e+00 7.493606e-01 1.432225e-01 4.603581e-02
29656: 1.915816e+00 1.581633e+00 1.566327e+00 7.474490e-01 1.428571e-01 4.591837e-02
29656: 1.913486e+00 1.580153e+00 1.572519e+00 7.455471e-01 1.424936e-01 4.580153e-02
29656: 1.913706e+00 1.581218e+00 1.568528e+00 7.461929e-01 1.446701e-01 4.568528e-02
29656: 1.913924e+00 1.579747e+00 1.569620e+00 7.468354e-01 1.443038e-01 4.556962e-02
29656: 1.914141e+00 1.580808e+00 1.570707e+00 7.449495e-01 1.439394e-01 4.545455e-02
29656: 1.911839e+00 1.581864e+00 1.566751e+00 7.506297e-01 1.435768e-01 4.534005e-02
29656: 1.914573e+00 1.580402e+00 1.567839e+00 7.487437e-01 1.432161e-01 4.522613e-02
29656: 1.912281e+00 1.581454e+00 1.566416e+00 7.518797e-01 1.428571e-01 4.511278e-02
29656: 1.910000e+00 1.582500e+00 1.570000e+00 7.500000e-01 1.425000e-01 4.500000e-02
29656: 1.912718e+00 1.581047e+00 1.568579e+00 7.506234e-01 1.421446e-01 4.488778e-02
29656: 1.910448e+00 1.587065e+00 1.567164e+00 7.487562e-01 1.417910e-01 4.477612e-02
29656: 1.910670e+00 1.590571e+00 1.565757e+00 7.468983e-01 1.414392e-01 4.466501e-02
29656: 1.910891e+00 1.589109e+00 1.566832e+00 7.450495e-01 1.435644e-01 4.455446e-02
29656: 1.913580e+00 1.590123e+00 1.565432e+00 7.432099e-01 1.432099e-01 4.444444e-02
29656: 1.911330e+00 1.588670e+00 1.571429e+00 7.413793e-01 1.428571e-01 4.433498e-02
29656: 1.911548e+00 1.587224e+00 1.570025e+00 7.420147e-01 1.449631e-01 4.422604e-02
29656: 1.909314e+00 1.590686e+00 1.568627e+00 7.426471e-01 1.446078e-01 4.411765e-02
29656: 1.909535e+00 1.586797e+00 1.572127e+00 7.432763e-01 1.442543e-01 4.400978e-02
29656: 1.907317e+00 1.590244e+00 1.568293e+00 7.463415e-01 1.439024e-01 4.390244e-02
29656: 1.907543e+00 1.591241e+00 1.569343e+00 7.445255e-01 1.435523e-01 4.379562e-02
29656: 1.905340e+00 1.589806e+00 1.570388e+00 7.475728e-01 1.432039e-01 4.368932e-02
29656: 1.905569e+00 1.593220e+00 1.566586e+00 7.481840e-01 1.428571e-01 4.358354e-02
29656: 1.905797e+00 1.589372e+00 1.572464e+00 7.463768e-01 1.425121e-01 4.347826e-02
29656: 1.903614e+00 1.590361e+00 1.568675e+00 7.518072e-01 1.421687e-01 4.337349e-02
29656: 1.903846e+00 1.588942e+00 1.569712e+00 7.524038e-01 1.418269e-01 4.326923e-02
29656: 1.904077e+00 1.589928e+00 1.568345e+00 7.529976e-01 1.414868e-01 4.316547e-02
29656: 1.901914e+00 1.588517e+00 1.574163e+00 7.511962e-01 1.411483e-01 4.306220e-02
29656: 1.902148e+00 1.591885e+00 1.570406e+00 7.517900e-01 1.408115e-01 4.295943e-02
29656: 1.900000e+00 1.590476e+00 1.569048e+00 7.547619e-01 1.428571e-01 4.285714e-02
29656: 1.900238e+00 1.593824e+00 1.567696e+00 7.529691e-01 1.425178e-01 4.275534e-02
29656: 1.900474e+00 1.592417e+00 1.571090e+00 7.511848e-01 1.421801e-01 4.265403e-02
29656: 1.900709e+00 1.593381e+00 1.569740e+00 7.517730e-01 1.418440e-01 4.255319e-02
29656: 1.898585e+00 1.591981e+00 1.573113e+00 7.500000e-01 1.438679e-01 4.245283e-02
29656: 1.898824e+00 1.590588e+00 1.574118e+00 7.505882e-01 1.435294e-01 4.235294e-02
29656: 1.896714e+00 1.591549e+00 1.570423e+00 7.535211e-01 1.455399e-01 4.225352e-02
29656: 1.896956e+00 1.592506e+00 1.569087e+00 7.540984e-01 1.451991e-01 4.215457e-02
29656: 1.894860e+00 1.591121e+00 1.570093e+00 7.570093e-01 1.448598e-01 4.205607e-02
29656: 1.897436e+00 1.589744e+00 1.568765e+00 7.575758e-01 1.445221e-01 4.195804e-02
29656: 1.897674e+00 1.590698e+00 1.567442e+00 7.581395e-01 1.441860e-01 4.186047e-02
29656: 1.897912e+00 1.591647e+00 1.568445e+00 7.563805e-01 1.438515e-01 4.176334e-02
29656: 1.895833e+00 1.587963e+00 1.571759e+00 7.592593e-01 1.435185e-01 4.166667e-02
29656: 1.898383e+00 1.586605e+00 1.570439e+00 7.598152e-01 1.431871e-01 4.157044e-02
29656: 1.898618e+00 1.587558e+00 1.566820e+00 7.603687e-01 1.451613e-01 4.147465e-02
29656: 1.898851e+00 1.583908e+00 1.570115e+00 7.586207e-01 1.471264e-01 4.137931e-02
29656: 1.899083e+00 1.584862e+00 1.566514e+00 7.614679e-01 1.467890e-01 4.128440e-02
29656: 1.899314e+00 1.583524e+00 1.569794e+00 7.597254e-01 1.464531e-01 4.118993e-02
29656: 1.899543e+00 1.584475e+00 1.570776e+00 7.579909e-01 1.461187e-01 4.109589e-02
29656: 1.897494e+00 1.583144e+00 1.571754e+00 7.608200e-01 1.457859e-01 4.100228e-02
29656: 1.897727e+00 1.584091e+00 1.570455e+00 7.613636e-01 1.454545e-01 4.090909e-02
29656: 1.895692e+00 1.580499e+00 1.575964e+00 7.619048e-01 1.451247e-01 4.081633e-02
29656: 1.895928e+00 1.581448e+00 1.574661e+00 7.624434e-01 1.447964e-01 4.072398e-02
29656: 1.893905e+00 1.582393e+00 1.575621e+00 7.629797e-01 1.444695e-01 4.063205e-02
29656: 1.894144e+00 1.581081e+00 1.574324e+00 7.657658e-01 1.441441e-01 4.054054e-02
29656: 1.892135e+00 1.582022e+00 1.575281e+00 7.662921e-01 1.438202e-01 4.044944e-02
29656: 1.892377e+00 1.585202e+00 1.571749e+00 7.668161e-01 1.434978e-01 4.035874e-02
29656: 1.892617e+00 1.581655e+00 1.574944e+00 7.673378e-01 1.431767e-01 4.026846e-02
29656: 1.892857e+00 1.582589e+00 1.571429e+00 7.700893e-01 1.428571e-01 4.017857e-02
29656: 1.890869e+00 1.581292e+00 1.572383e+00 7.728285e-01 1.425390e-01 4.008909e-02
29656: 1.891111e+00 1.584444e+00 1.568889e+00 7.733333e-01 1.422222e-01 4.000000e-02
29656: 1.891353e+00 1.585366e+00 1.569845e+00 7.716186e-01 1.419069e-01 3.991131e-02
29656: 1.889381e+00 1.586283e+00 1.568584e+00 7.721239e-01 1.415929e-01 4.203540e-02
29656: 1.889625e+00 1.584989e+00 1.569536e+00 7.726269e-01 1.412804e-01 4.194260e-02
29656: 1.889868e+00 1.583700e+00 1.570485e+00 7.731278e-01 1.409692e-01 4.185022e-02
29656: 1.887912e+00 1.582418e+00 1.569231e+00 7.758242e-01 1.428571e-01 4.175824e-02
29656: 1.890351e+00 1.581140e+00 1.567982e+00 7.763158e-01 1.425439e-01 4.166667e-02
29656: 1.888403e+00 1.582057e+00 1.568928e+00 7.768053e-01 1.422319e-01 4.157549e-02
29656: 1.886463e+00 1.585153e+00 1.569869e+00 7.751092e-01 1.419214e-01 4.148472e-02
29656: 1.888889e+00 1.583878e+00 1.570806e+00 7.734205e-01 1.416122e-01 4.139434e-02
29656: 1.886957e+00 1.586957e+00 1.567391e+00 7.760870e-01 1.413043e-01 4.130435e-02
29656: 1.887202e+00 1.587852e+00 1.568330e+00 7.744035e-01 1.409978e-01 4.121475e-02
29656: 1.887446e+00 1.584416e+00 1.569264e+00 7.770563e-01 1.406926e-01 4.112554e-02
29656: 1.889849e+00 1.585313e+00 1.568035e+00 7.753780e-01 1.403888e-01 4.103672e-02
29656: 1.887931e+00 1.581897e+00 1.573276e+00 7.758621e-01 1.400862e-01 4.094828e-02
29656: 1.890323e+00 1.578495e+00 1.572043e+00 7.784946e-01 1.397849e-01 4.086022e-02
29656: 1.888412e+00 1.579399e+00 1.570815e+00 7.789700e-01 1.416309e-01 4.077253e-02
29656: 1.888651e+00 1.580300e+00 1.569593e+00 7.794433e-01 1.413276e-01 4.068522e-02
29656: 1.886752e+00 1.581197e+00 1.570513e+00 7.799145e-01 1.410256e-01 4.059829e-02
29656: 1.886994e+00 1.582090e+00 1.569296e+00 7.803838e-01 1.407249e-01 4.051173e-02
29656: 1.885106e+00 1.580851e+00 1.572340e+00 7.808511e-01 1.404255e-01 4.042553e-02
29656: 1.883227e+00 1.581741e+00 1.571125e+00 7.834395e-01 1.401274e-01 4.033970e-02
29656: 1.883475e+00 1.582627e+00 1.567797e+00 7.860169e-01 1.398305e-01 4.025424e-02
29656: 1.881607e+00 1.583510e+00 1.568710e+00 7.864693e-01 1.395349e-01 4.016913e-02
29656: 1.881857e+00 1.580169e+00 1.571730e+00 7.848101e-01 1.413502e-01 4.008439e-02
29656: 1.882105e+00 1.581053e+00 1.570526e+00 7.852632e-01 1.410526e-01 4.000000e-02
29656: 1.882353e+00 1.579832e+00 1.569328e+00 7.857143e-01 1.407563e-01 4.201681e-02
29656: 1.882600e+00 1.578616e+00 1.570231e+00 7.840671e-01 1.425577e-01 4.192872e-02
29656: 1.880753e+00 1.581590e+00 1.569038e+00 7.845188e-01 1.422594e-01 4.184100e-02
29656: 1.883090e+00 1.580376e+00 1.569937e+00 7.828810e-01 1.419624e-01 4.175365e-02
29656: 1.881250e+00 1.583333e+00 1.568750e+00 7.833333e-01 1.416667e-01 4.166667e-02
29656: 1.881497e+00 1.584200e+00 1.569647e+00 7.817048e-01 1.413721e-01 4.158004e-02
29656: 1.881743e+00 1.582988e+00 1.570539e+00 7.821577e-01 1.410788e-01 4.149378e-02
29656: 1.881988e+00 1.583851e+00 1.567288e+00 7.846791e-01 1.407867e-01 4.140787e-02
29656: 1.880165e+00 1.582645e+00 1.568182e+00 7.871901e-01 1.404959e-01 4.132231e-02
29656: 1.880412e+00 1.583505e+00 1.569072e+00 7.855670e-01 1.402062e-01 4.123711e-02
29656: 1.878601e+00 1.582305e+00 1.569959e+00 7.860082e-01 1.419753e-01 4.115226e-02
29656: 1.880903e+00 1.581109e+00 1.568789e+00 7.864476e-01 1.416838e-01 4.106776e-02
29656: 1.879098e+00 1.581967e+00 1.571721e+00 7.848361e-01 1.413934e-01 4.098361e-02
29656: 1.881391e+00 1.580777e+00 1.568507e+00 7.873211e-01 1.411043e-01 4.089980e-02
29656: 1.879592e+00 1.583673e+00 1.569388e+00 7.857143e-01 1.408163e-01 4.081633e-02
29656: 1.879837e+00 1.582485e+00 1.572301e+00 7.841141e-01 1.405295e-01 4.073320e-02
29656: 1.880081e+00 1.581301e+00 1.573171e+00 7.845528e-01 1.402439e-01 4.065041e-02
29656: 1.878296e+00 1.582150e+00 1.574037e+00 7.849899e-01 1.399594e-01 4.056795e-02
29656: 1.878543e+00 1.580972e+00 1.574899e+00 7.854251e-01 1.396761e-01 4.048583e-02
29656: 1.878788e+00 1.581818e+00 1.573737e+00 7.858586e-01 1.393939e-01 4.040404e-02
29656: 1.877016e+00 1.580645e+00 1.576613e+00 7.862903e-01 1.391129e-01 4.032258e-02
29656: 1.879276e+00 1.577465e+00 1.575453e+00 7.887324e-01 1.388330e-01 4.024145e-02
29656: 1.881526e+00 1.578313e+00 1.572289e+00 7.891566e-01 1.385542e-01 4.016064e-02
29656: 1.881764e+00 1.575150e+00 1.575150e+00 7.895792e-01 1.382766e-01 4.008016e-02
29656: 1.880000e+00 1.578000e+00 1.572000e+00 7.900000e-01 1.400000e-01 4.000000e-02
29656: 1.880240e+00 1.576846e+00 1.570858e+00 7.904192e-01 1.417166e-01 3.992016e-02
29656: 1.882470e+00 1.577689e+00 1.567729e+00 7.908367e-01 1.414343e-01 3.984064e-02
29656: 1.882704e+00 1.574553e+00 1.570577e+00 7.912525e-01 1.411531e-01 3.976143e-02
29656: 1.880952e+00 1.575397e+00 1.569444e+00 7.916667e-01 1.428571e-01 3.968254e-02
29656: 1.881188e+00 1.572277e+00 1.572277e+00 7.900990e-01 1.445545e-01 3.960396e-02
29656: 1.879447e+00 1.573123e+00 1.573123e+00 7.905138e-01 1.442688e-01 3.952569e-02
29656: 1.877712e+00 1.573964e+00 1.570020e+00 7.948718e-01 1.439842e-01 3.944773e-02
29656: 1.879921e+00 1.570866e+00 1.570866e+00 7.952756e-01 1.437008e-01 3.937008e-02
29656: 1.880157e+00 1.571709e+00 1.569745e+00 7.956778e-01 1.434185e-01 3.929273e-02
29656: 1.878431e+00 1.570588e+00 1.572549e+00 7.960784e-01 1.431373e-01 3.921569e-02
29656: 1.876712e+00 1.571429e+00 1.569472e+00 7.984344e-01 1.448141e-01 3.913894e-02
29656: 1.878906e+00 1.572266e+00 1.568359e+00 7.968750e-01 1.445312e-01 3.906250e-02
29656: 1.879142e+00 1.573099e+00 1.569201e+00 7.953216e-01 1.442495e-01 3.898635e-02
29656: 1.879377e+00 1.571984e+00 1.570039e+00 7.957198e-01 1.439689e-01 3.891051e-02
29656: 1.881553e+00 1.572816e+00 1.566990e+00 7.961165e-01 1.436893e-01 3.883495e-02
29656: 1.879845e+00 1.571705e+00 1.569767e+00 7.965116e-01 1.434109e-01 3.875969e-02
29656: 1.880077e+00 1.574468e+00 1.568665e+00 7.949710e-01 1.431335e-01 3.868472e-02
29656: 1.880309e+00 1.575290e+00 1.569498e+00 7.934363e-01 1.428571e-01 3.861004e-02
29656: 1.878613e+00 1.576108e+00 1.570328e+00 7.938343e-01 1.425819e-01 3.853565e-02
29656: 1.880769e+00 1.575000e+00 1.567308e+00 7.961538e-01 1.423077e-01 3.846154e-02
29656: 1.879079e+00 1.575816e+00 1.566219e+00 7.965451e-01 1.439539e-01 3.838772e-02
29656: 1.877395e+00 1.576628e+00 1.568966e+00 7.950192e-01 1.436782e-01 3.831418e-02
29656: 1.879541e+00 1.575526e+00 1.569790e+00 7.934990e-01 1.434034e-01 3.824092e-02
29656: 1.877863e+00 1.576336e+00 1.570611e+00 7.938931e-01 1.431298e-01 3.816794e-02
29656: 1.876190e+00 1.575238e+00 1.573333e+00 7.942857e-01 1.428571e-01 3.809524e-02
29656: 1.876426e+00 1.574144e+00 1.574144e+00 7.946768e-01 1.425856e-01 3.802281e-02
29656: 1.876660e+00 1.574953e+00 1.573055e+00 7.950664e-01 1.423150e-01 3.795066e-02
29656: 1.875000e+00 1.577652e+00 1.571970e+00 7.954545e-01 1.420455e-01 3.787879e-02
29656: 1.875236e+00 1.578450e+00 1.570888e+00 7.958412e-01 1.417769e-01 3.780718e-02
29656: 1.875472e+00 1.579245e+00 1.569811e+00 7.962264e-01 1.415094e-01 3.773585e-02
29656: 1.873823e+00 1.578154e+00 1.574388e+00 7.947269e-01 1.412429e-01 3.766478e-02
29656: 1.875940e+00 1.578947e+00 1.571429e+00 7.951128e-01 1.409774e-01 3.759398e-02
29656: 1.878049e+00 1.577861e+00 1.570356e+00 7.954972e-01 1.407129e-01 3.752345e-02
29656: 1.876404e+00 1.578652e+00 1.569288e+00 7.958801e-01 1.423221e-01 3.745318e-02
29656: 1.874766e+00 1.581308e+00 1.570093e+00 7.943925e-01 1.420561e-01 3.738318e-02
29656: 1.875000e+00 1.580224e+00 1.569030e+00 7.966418e-01 1.417910e-01 3.731343e-02
29656: 1.875233e+00 1.581006e+00 1.569832e+00 7.951583e-01 1.415270e-01 3.724395e-02
29656: 1.873606e+00 1.581784e+00 1.570632e+00 7.955390e-01 1.412639e-01 3.717472e-02
29656: 1.873840e+00 1.584416e+00 1.567718e+00 7.959184e-01 1.410019e-01 3.710575e-02
29656: 1.874074e+00 1.583333e+00 1.568519e+00 7.962963e-01 1.407407e-01 3.703704e-02
29656: 1.876155e+00 1.584104e+00 1.567468e+00 7.948244e-01 1.404806e-01 3.696858e-02
29656: 1.876384e+00 1.584871e+00 1.568266e+00 7.933579e-01 1.402214e-01 3.690037e-02
29656: 1.874770e+00 1.585635e+00 1.569061e+00 7.937385e-01 1.399632e-01 3.683241e-02
29656: 1.876838e+00 1.584559e+00 1.569853e+00 7.922794e-01 1.397059e-01 3.676471e-02
29656: 1.875229e+00 1.585321e+00 1.570642e+00 7.908257e-01 1.412844e-01 3.669725e-02
29656: 1.875458e+00 1.586081e+00 1.569597e+00 7.912088e-01 1.410256e-01 3.663004e-02
29656: 1.873857e+00 1.585009e+00 1.572212e+00 7.915905e-01 1.407678e-01 3.656307e-02
29656: 1.874088e+00 1.583942e+00 1.572993e+00 7.919708e-01 1.405109e-01 3.649635e-02
29656: 1.872495e+00 1.584699e+00 1.571949e+00 7.923497e-01 1.420765e-01 3.642987e-02
29656: 1.872727e+00 1.587273e+00 1.569091e+00 7.927273e-01 1.418182e-01 3.636364e-02
29656: 1.874773e+00 1.586207e+00 1.569873e+00 7.912886e-01 1.415608e-01 3.629764e-02
29656: 1.873188e+00 1.588768e+00 1.570652e+00 7.898551e-01 1.413043e-01 3.623188e-02
29656: 1.875226e+00 1.587703e+00 1.569620e+00 7.902351e-01 1.410488e-01 3.616637e-02
29656: 1.875451e+00 1.588448e+00 1.568592e+00 7.906137e-01 1.407942e-01 3.610108e-02
29656: 1.873874e+00 1.587387e+00 1.572973e+00 7.891892e-01 1.405405e-01 3.603604e-02
29656: 1.872302e+00 1.586331e+00 1.573741e+00 7.913669e-01 1.402878e-01 3.597122e-02
29656: 1.872531e+00 1.587074e+00 1.570916e+00 7.917415e-01 1.418312e-01 3.590664e-02
29656: 1.872760e+00 1.586022e+00 1.569892e+00 7.939068e-01 1.415771e-01 3.584229e-02
29656: 1.871199e+00 1.590340e+00 1.568873e+00 7.924866e-01 1.413238e-01 3.577818e-02
29656: 1.871429e+00 1.589286e+00 1.567857e+00 7.946429e-01 1.410714e-01 3.571429e-02
29656: 1.869875e+00 1.590018e+00 1.570410e+00 7.932264e-01 1.408200e-01 3.565062e-02
29656: 1.871886e+00 1.588968e+00 1.567616e+00 7.935943e-01 1.423488e-01 3.558719e-02
29656: 1.872114e+00 1.589698e+00 1.568384e+00 7.921847e-01 1.420959e-01 3.552398e-02
29656: 1.870567e+00 1.588652e+00 1.569149e+00 7.925532e-01 1.418440e-01 3.723404e-02
29656: 1.870796e+00 1.587611e+00 1.571681e+00 7.911504e-01 1.415929e-01 3.716814e-02
29656: 1.869258e+00 1.588339e+00 1.572438e+00 7.915194e-01 1.413428e-01 3.710247e-02
29656: 1.867725e+00 1.589065e+00 1.571429e+00 7.936508e-01 1.410935e-01 3.703704e-02
29656: 1.867958e+00 1.588028e+00 1.572183e+00 7.940141e-01 1.408451e-01 3.697183e-02
29656: 1.866432e+00 1.590510e+00 1.571178e+00 7.943761e-01 1.405975e-01 3.690685e-02
29656: 1.866667e+00 1.589474e+00 1.568421e+00 7.947368e-01 1.438596e-01 3.684211e-02
29656: 1.865149e+00 1.591944e+00 1.569177e+00 7.933450e-01 1.436077e-01 3.677758e-02
29656: 1.865385e+00 1.592657e+00 1.568182e+00 7.919580e-01 1.451049e-01 3.671329e-02
29656: 1.863874e+00 1.591623e+00 1.570681e+00 7.905759e-01 1.465969e-01 3.664921e-02
29656: 1.865854e+00 1.590592e+00 1.567944e+00 7.926829e-01 1.463415e-01 3.658537e-02
29656: 1.864348e+00 1.591304e+00 1.570435e+00 7.913043e-01 1.460870e-01 3.652174e-02
29656: 1.864583e+00 1.592014e+00 1.569444e+00 7.916667e-01 1.458333e-01 3.645833e-02
29656: 1.863085e+00 1.592721e+00 1.570191e+00 7.902946e-01 1.473137e-01 3.639515e-02
29656: 1.863322e+00 1.593426e+00 1.569204e+00 7.906574e-01 1.470588e-01 3.633218e-02
29656: 1.861831e+00 1.592401e+00 1.571675e+00 7.910190e-01 1.468048e-01 3.626943e-02
29656: 1.862069e+00 1.593103e+00 1.568966e+00 7.931034e-01 1.465517e-01 3.620690e-02
29656: 1.860585e+00 1.592083e+00 1.569707e+00 7.934596e-01 1.480207e-01 3.614458e-02
29656: 1.860825e+00 1.592784e+00 1.570447e+00 7.920962e-01 1.477663e-01 3.608247e-02
29656: 1.861063e+00 1.590051e+00 1.569468e+00 7.958834e-01 1.475129e-01 3.602058e-02
29656: 1.861301e+00 1.589041e+00 1.571918e+00 7.945205e-01 1.472603e-01 3.595890e-02
29656: 1.861538e+00 1.589744e+00 1.569231e+00 7.948718e-01 1.487179e-01 3.589744e-02
29656: 1.863481e+00 1.588737e+00 1.569966e+00 7.935154e-01 1.484642e-01 3.583618e-02
29656: 1.862010e+00 1.591141e+00 1.568995e+00 7.938671e-01 1.482112e-01 3.577513e-02
29656: 1.862245e+00 1.593537e+00 1.568027e+00 7.925170e-01 1.479592e-01 3.571429e-02
29656: 1.862479e+00 1.592530e+00 1.570458e+00 7.911715e-01 1.477080e-01 3.565365e-02
29656: 1.862712e+00 1.593220e+00 1.569492e+00 7.915254e-01 1.474576e-01 3.559322e-02
29656: 1.864636e+00 1.590525e+00 1.571912e+00 7.901861e-01 1.472081e-01 3.553299e-02
29656: 1.864865e+00 1.591216e+00 1.569257e+00 7.922297e-01 1.469595e-01 3.547297e-02
29656: 1.863406e+00 1.588533e+00 1.571669e+00 7.925801e-01 1.483980e-01 3.541315e-02
29656: 1.863636e+00 1.587542e+00 1.572391e+00 7.929293e-01 1.481481e-01 3.535354e-02
29656: 1.862185e+00 1.589916e+00 1.571429e+00 7.932773e-01 1.478992e-01 3.529412e-02
29656: 1.862416e+00 1.590604e+00 1.570470e+00 7.936242e-01 1.476510e-01 3.523490e-02
29656: 1.860972e+00 1.589615e+00 1.571189e+00 7.939698e-01 1.490787e-01 3.517588e-02
29656: 1.862876e+00 1.590301e+00 1.568562e+00 7.943144e-01 1.488294e-01 3.511706e-02
29656: 1.863105e+00 1.590985e+00 1.569282e+00 7.929883e-01 1.485810e-01 3.505843e-02
29656: 1.861667e+00 1.590000e+00 1.571667e+00 7.933333e-01 1.483333e-01 3.500000e-02
29656: 1.861897e+00 1.589018e+00 1.570715e+00 7.953411e-01 1.480865e-01 3.494176e-02
29656: 1.860465e+00 1.589701e+00 1.569767e+00 7.973422e-01 1.478405e-01 3.488372e-02
29656: 1.860697e+00 1.588723e+00 1.572139e+00 7.960199e-01 1.475954e-01 3.482587e-02
29656: 1.859272e+00 1.589404e+00 1.572848e+00 7.963576e-01 1.473510e-01 3.476821e-02
29656: 1.861157e+00 1.590083e+00 1.570248e+00 7.966942e-01 1.471074e-01 3.471074e-02
29656: 1.859736e+00 1.590759e+00 1.570957e+00 7.970297e-01 1.468647e-01 3.465347e-02
29656: 1.858320e+00 1.593081e+00 1.570016e+00 7.973641e-01 1.466227e-01 3.459638e-02
29656: 1.858553e+00 1.590461e+00 1.569079e+00 7.993421e-01 1.480263e-01 3.453947e-02
29656: 1.857143e+00 1.592775e+00 1.568144e+00 7.980296e-01 1.494253e-01 3.448276e-02
29656: 1.860656e+00 1.591803e+00 1.567213e+00 7.967213e-01 1.491803e-01 3.442623e-02
29656: 1.859247e+00 1.590835e+00 1.567921e+00 7.986907e-01 1.489362e-01 3.436989e-02
29656: 1.859477e+00 1.589869e+00 1.568627e+00 7.990196e-01 1.486928e-01 3.431373e-02
29656: 1.859706e+00 1.592170e+00 1.567700e+00 7.977162e-01 1.484502e-01 3.425775e-02
29656: 1.858306e+00 1.592834e+00 1.570033e+00 7.964169e-01 1.482085e-01 3.420195e-02
29656: 1.860163e+00 1.591870e+00 1.569106e+00 7.967480e-01 1.479675e-01 3.414634e-02
29656: 1.860390e+00 1.592532e+00 1.568182e+00 7.970779e-01 1.477273e-01 3.409091e-02
29656: 1.858995e+00 1.591572e+00 1.570502e+00 7.957861e-01 1.491086e-01 3.403566e-02
29656: 1.859223e+00 1.592233e+00 1.567961e+00 7.977346e-01 1.488673e-01 3.398058e-02
29656: 1.857835e+00 1.591276e+00 1.568659e+00 7.996769e-01 1.486268e-01 3.392569e-02
29656: 1.858065e+00 1.590323e+00 1.569355e+00 8.000000e-01 1.483871e-01 3.387097e-02
29656: 1.856683e+00 1.592593e+00 1.568438e+00 8.003221e-01 1.481481e-01 3.381643e-02
29656: 1.856913e+00 1.594855e+00 1.567524e+00 7.990354e-01 1.479100e-01 3.376206e-02
29656: 1.857143e+00 1.593900e+00 1.569823e+00 7.977528e-01 1.476726e-01 3.370787e-02
29656: 1.858974e+00 1.594551e+00 1.568910e+00 7.964744e-01 1.474359e-01 3.365385e-02
29656: 1.857600e+00 1.595200e+00 1.571200e+00 7.952000e-01 1.472000e-01 3.360000e-02
29656: 1.857827e+00 1.594249e+00 1.571885e+00 7.955272e-01 1.469649e-01 3.354633e-02
29656: 1.858054e+00 1.594896e+00 1.569378e+00 7.974482e-01 1.467305e-01 3.349282e-02
29656: 1.858280e+00 1.593949e+00 1.571656e+00 7.961783e-01 1.464968e-01 3.343949e-02
29656: 1.858506e+00 1.594595e+00 1.570747e+00 7.965024e-01 1.462639e-01 3.338633e-02
29656: 1.858730e+00 1.595238e+00 1.569841e+00 7.968254e-01 1.460317e-01 3.333333e-02
29656: 1.857369e+00 1.594295e+00 1.572108e+00 7.971474e-01 1.458003e-01 3.328051e-02
29656: 1.859177e+00 1.593354e+00 1.571203e+00 7.974684e-01 1.455696e-01 3.322785e-02
29656: 1.857820e+00 1.593997e+00 1.571880e+00 7.977883e-01 1.453397e-01 3.317536e-02
29656: 1.856467e+00 1.594637e+00 1.572555e+00 7.981073e-01 1.451104e-01 3.312303e-02
29656: 1.856693e+00 1.593701e+00 1.571654e+00 7.984252e-01 1.464567e-01 3.307087e-02
29656: 1.855346e+00 1.594340e+00 1.569182e+00 8.018868e-01 1.462264e-01 3.301887e-02
29656: 1.855573e+00 1.591837e+00 1.571429e+00 8.021978e-01 1.459969e-01 3.296703e-02
29656: 1.854232e+00 1.594044e+00 1.570533e+00 8.025078e-01 1.457680e-01 3.291536e-02
29656: 1.856025e+00 1.591549e+00 1.569640e+00 8.043818e-01 1.455399e-01 3.286385e-02
29656: 1.854688e+00 1.592188e+00 1.571875e+00 8.031250e-01 1.453125e-01 3.281250e-02
29656: 1.853354e+00 1.592824e+00 1.572543e+00 8.034321e-01 1.450858e-01 3.276131e-02
29656: 1.856698e+00 1.591900e+00 1.570093e+00 8.037383e-01 1.448598e-01 3.271028e-02
29656: 1.855365e+00 1.594090e+00 1.567652e+00 8.040435e-01 1.446345e-01 3.421462e-02
29656: 1.855590e+00 1.591615e+00 1.569876e+00 8.027950e-01 1.459627e-01 3.416149e-02
29656: 1.854264e+00 1.593798e+00 1.568992e+00 8.015504e-01 1.472868e-01 3.410853e-02
29656: 1.857585e+00 1.591331e+00 1.569659e+00 8.003096e-01 1.470588e-01 3.405573e-02
29656: 1.857805e+00 1.593509e+00 1.568779e+00 7.990726e-01 1.468315e-01 3.400309e-02
29656: 1.856481e+00 1.592593e+00 1.570988e+00 7.993827e-01 1.466049e-01 3.395062e-02
29656: 1.855162e+00 1.594761e+00 1.568567e+00 8.012327e-01 1.463790e-01 3.389831e-02
29656: 1.855385e+00 1.595385e+00 1.569231e+00 8.000000e-01 1.461538e-01 3.384615e-02
29656: 1.855607e+00 1.594470e+00 1.569892e+00 8.003072e-01 1.459293e-01 3.379416e-02
29656: 1.854294e+00 1.596626e+00 1.570552e+00 7.990798e-01 1.457055e-01 3.374233e-02
29656: 1.852986e+00 1.597243e+00 1.569678e+00 8.009188e-01 1.454824e-01 3.369066e-02
29656: 1.854740e+00 1.594801e+00 1.571865e+00 7.996942e-01 1.452599e-01 3.363914e-02
29656: 1.853435e+00 1.595420e+00 1.572519e+00 8.000000e-01 1.450382e-01 3.358779e-02
29656: 1.852134e+00 1.596037e+00 1.571646e+00 8.018293e-01 1.448171e-01 3.353659e-02
29656: 1.852359e+00 1.596651e+00 1.570776e+00 8.021309e-01 1.445967e-01 3.348554e-02
29656: 1.852584e+00 1.597264e+00 1.569909e+00 8.024316e-01 1.443769e-01 3.343465e-02
29656: 1.851290e+00 1.596358e+00 1.570561e+00 8.012140e-01 1.471927e-01 3.338392e-02
29656: 1.853030e+00 1.596970e+00 1.568182e+00 8.015152e-01 1.469697e-01 3.333333e-02
29656: 1.851740e+00 1.597579e+00 1.570348e+00 8.003026e-01 1.467474e-01 3.328290e-02
29656: 1.851964e+00 1.596677e+00 1.569486e+00 8.021148e-01 1.465257e-01 3.323263e-02
29656: 1.850679e+00 1.597285e+00 1.570136e+00 8.009050e-01 1.478130e-01 3.318250e-02
29656: 1.849398e+00 1.599398e+00 1.569277e+00 8.012048e-01 1.475904e-01 3.313253e-02
29656: 1.849624e+00 1.598496e+00 1.569925e+00 8.015038e-01 1.473684e-01 3.308271e-02
29656: 1.848348e+00 1.599099e+00 1.570571e+00 8.018018e-01 1.471471e-01 3.303303e-02
29656: 1.847076e+00 1.599700e+00 1.569715e+00 8.035982e-01 1.469265e-01 3.298351e-02
29656: 1.850299e+00 1.598802e+00 1.568862e+00 8.023952e-01 1.467066e-01 3.293413e-02
29656: 1.849028e+00 1.600897e+00 1.568012e+00 8.011958e-01 1.479821e-01 3.288490e-02
29656: 1.849254e+00 1.601493e+00 1.567164e+00 8.014925e-01 1.477612e-01 3.283582e-02
29656: 1.849478e+00 1.600596e+00 1.569300e+00 8.002981e-01 1.475410e-01 3.278689e-02
29656: 1.849702e+00 1.601190e+00 1.568452e+00 8.005952e-01 1.473214e-01 3.273810e-02
29656: 1.848440e+00 1.601783e+00 1.570579e+00 7.994056e-01 1.471025e-01 3.268945e-02
29656: 1.848665e+00 1.602374e+00 1.568249e+00 7.997033e-01 1.483680e-01 3.264095e-02
29656: 1.848889e+00 1.601481e+00 1.568889e+00 7.985185e-01 1.496296e-01 3.259259e-02
29656: 1.847633e+00 1.603550e+00 1.569527e+00 7.973373e-01 1.494083e-01 3.254438e-02
29656: 1.847858e+00 1.604136e+00 1.570162e+00 7.961595e-01 1.491876e-01 3.249631e-02
29656: 1.846608e+00 1.603245e+00 1.570796e+00 7.979351e-01 1.489676e-01 3.244838e-02
29656: 1.845361e+00 1.605302e+00 1.569956e+00 7.982327e-01 1.487482e-01 3.240059e-02
29656: 1.845588e+00 1.604412e+00 1.572059e+00 7.970588e-01 1.485294e-01 3.235294e-02
29656: 1.844347e+00 1.604993e+00 1.569750e+00 8.002937e-01 1.483113e-01 3.230543e-02
29656: 1.844575e+00 1.605572e+00 1.570381e+00 7.991202e-01 1.480938e-01 3.225806e-02
29656: 1.843338e+00 1.604685e+00 1.569546e+00 8.008785e-01 1.493411e-01 3.221083e-02
29656: 1.845029e+00 1.605263e+00 1.568713e+00 7.997076e-01 1.491228e-01 3.216374e-02
29656: 1.846715e+00 1.604380e+00 1.569343e+00 7.985401e-01 1.489051e-01 3.211679e-02
29656: 1.845481e+00 1.604956e+00 1.571429e+00 7.973761e-01 1.486880e-01 3.206997e-02
29656: 1.844250e+00 1.604076e+00 1.570597e+00 8.005822e-01 1.484716e-01 3.202329e-02
29656: 1.844477e+00 1.606105e+00 1.568314e+00 8.008721e-01 1.482558e-01 3.197674e-02
29656: 1.844702e+00 1.605225e+00 1.570392e+00 7.997097e-01 1.480406e-01 3.193033e-02
29656: 1.843478e+00 1.605797e+00 1.571014e+00 8.000000e-01 1.478261e-01 3.188406e-02
29656: 1.842258e+00 1.606368e+00 1.570188e+00 8.017366e-01 1.476122e-01 3.183792e-02
29656: 1.843931e+00 1.606936e+00 1.567919e+00 8.020231e-01 1.473988e-01 3.179191e-02
29656: 1.842713e+00 1.606061e+00 1.569986e+00 8.023088e-01 1.471861e-01 3.174603e-02
29656: 1.844380e+00 1.606628e+00 1.569164e+00 8.011527e-01 1.469741e-01 3.170029e-02
29656: 1.844604e+00 1.604317e+00 1.571223e+00 8.014388e-01 1.467626e-01 3.165468e-02
29656: 1.843391e+00 1.606322e+00 1.570402e+00 8.017241e-01 1.465517e-01 3.160920e-02
29656: 1.843615e+00 1.606887e+00 1.568149e+00 8.034433e-01 1.463415e-01 3.156385e-02
29656: 1.843840e+00 1.606017e+00 1.568768e+00 8.022923e-01 1.475645e-01 3.151862e-02
29656: 1.842632e+00 1.609442e+00 1.567954e+00 8.011445e-01 1.473534e-01 3.147353e-02
29656: 1.844286e+00 1.608571e+00 1.568571e+00 8.000000e-01 1.471429e-01 3.142857e-02
29656: 1.845934e+00 1.609130e+00 1.567760e+00 7.988588e-01 1.469330e-01 3.138374e-02
29656: 1.846154e+00 1.609687e+00 1.568376e+00 7.977208e-01 1.467236e-01 3.133903e-02
29656: 1.844950e+00 1.610242e+00 1.567568e+00 7.994310e-01 1.465149e-01 3.129445e-02
29656: 1.846591e+00 1.609375e+00 1.568182e+00 7.982955e-01 1.463068e-01 3.125000e-02
29656: 1.845390e+00 1.609929e+00 1.567376e+00 7.985816e-01 1.460993e-01 3.262411e-02
29656: 1.845609e+00 1.610482e+00 1.566572e+00 7.988669e-01 1.458924e-01 3.257790e-02
29656: 1.845827e+00 1.611033e+00 1.567185e+00 7.977369e-01 1.456860e-01 3.253182e-02
29656: 1.844633e+00 1.610169e+00 1.566384e+00 7.994350e-01 1.454802e-01 3.389831e-02
29656: 1.844852e+00 1.610719e+00 1.566996e+00 7.983075e-01 1.452750e-01 3.385049e-02
29656: 1.843662e+00 1.609859e+00 1.566197e+00 8.000000e-01 1.464789e-01 3.380282e-02
29656: 1.843882e+00 1.609001e+00 1.566807e+00 8.002813e-01 1.462729e-01 3.375527e-02
29656: 1.842697e+00 1.610955e+00 1.567416e+00 7.991573e-01 1.460674e-01 3.370787e-02
29656: 1.844320e+00 1.611501e+00 1.566620e+00 7.980365e-01 1.458626e-01 3.366059e-02
29656: 1.843137e+00 1.610644e+00 1.567227e+00 7.983193e-01 1.470588e-01 3.361345e-02
29656: 1.844755e+00 1.611189e+00 1.566434e+00 7.972028e-01 1.468531e-01 3.356643e-02
29656: 1.844972e+00 1.611732e+00 1.567039e+00 7.960894e-01 1.466480e-01 3.351955e-02
29656: 1.843794e+00 1.613668e+00 1.566248e+00 7.963738e-01 1.464435e-01 3.347280e-02
29656: 1.844011e+00 1.611421e+00 1.568245e+00 7.966574e-01 1.462396e-01 3.342618e-02
29656: 1.844228e+00 1.611961e+00 1.568846e+00 7.955494e-01 1.460362e-01 3.337969e-02
29656: 1.843056e+00 1.612500e+00 1.569444e+00 7.958333e-01 1.458333e-01 3.333333e-02
29656: 1.843273e+00 1.610264e+00 1.571429e+00 7.961165e-01 1.456311e-01 3.328710e-02
29656: 1.843490e+00 1.612188e+00 1.569252e+00 7.963989e-01 1.454294e-01 3.324100e-02
29656: 1.842324e+00 1.612725e+00 1.569848e+00 7.966805e-01 1.452282e-01 3.319502e-02
29656: 1.843923e+00 1.611878e+00 1.570442e+00 7.955801e-01 1.450276e-01 3.314917e-02
29656: 1.842759e+00 1.612414e+00 1.569655e+00 7.972414e-01 1.448276e-01 3.310345e-02
29656: 1.842975e+00 1.612948e+00 1.568871e+00 7.975207e-01 1.446281e-01 3.305785e-02
29656: 1.841816e+00 1.614856e+00 1.569464e+00 7.964237e-01 1.444292e-01 3.301238e-02
29656: 1.842033e+00 1.614011e+00 1.570055e+00 7.953297e-01 1.456044e-01 3.296703e-02
29656: 1.842250e+00 1.614540e+00 1.567901e+00 7.969822e-01 1.454047e-01 3.292181e-02
29656: 1.841096e+00 1.615068e+00 1.569863e+00 7.958904e-01 1.452055e-01 3.287671e-02
29656: 1.842681e+00 1.612859e+00 1.570451e+00 7.948016e-01 1.463748e-01 3.283174e-02
29656: 1.842896e+00 1.613388e+00 1.568306e+00 7.950820e-01 1.475410e-01 3.278689e-02
29656: 1.843111e+00 1.612551e+00 1.570259e+00 7.939973e-01 1.473397e-01 3.274216e-02
29656: 1.841962e+00 1.614441e+00 1.568120e+00 7.942779e-01 1.471390e-01 3.405995e-02
29656: 1.843537e+00 1.613605e+00 1.567347e+00 7.931973e-01 1.482993e-01 3.401361e-02
29656: 1.842391e+00 1.615489e+00 1.567935e+00 7.921196e-01 1.480978e-01 3.396739e-02
29656: 1.842605e+00 1.616011e+00 1.568521e+00 7.910448e-01 1.478969e-01 3.392130e-02
29656: 1.842818e+00 1.615176e+00 1.569106e+00 7.913279e-01 1.476965e-01 3.387534e-02
29656: 1.843031e+00 1.617050e+00 1.568336e+00 7.902571e-01 1.474966e-01 3.382950e-02
29656: 1.841892e+00 1.616216e+00 1.571622e+00 7.891892e-01 1.472973e-01 3.378378e-02
29656: 1.843455e+00 1.616734e+00 1.569501e+00 7.894737e-01 1.470985e-01 3.373819e-02
29656: 1.842318e+00 1.615903e+00 1.571429e+00 7.884097e-01 1.482480e-01 3.369272e-02
29656: 1.842530e+00 1.616420e+00 1.569314e+00 7.886945e-01 1.493943e-01 3.364738e-02
29656: 1.841398e+00 1.615591e+00 1.569892e+00 7.889785e-01 1.505376e-01 3.360215e-02
29656: 1.841611e+00 1.614765e+00 1.570470e+00 7.879195e-01 1.516779e-01 3.355705e-02
29656: 1.841823e+00 1.616622e+00 1.568365e+00 7.882038e-01 1.514745e-01 3.351206e-02
29656: 1.840696e+00 1.615797e+00 1.570281e+00 7.884873e-01 1.512718e-01 3.346720e-02
29656: 1.840909e+00 1.616310e+00 1.569519e+00 7.887701e-01 1.510695e-01 3.342246e-02
29656: 1.841121e+00 1.614152e+00 1.571429e+00 7.890521e-01 1.508678e-01 3.337784e-02
29656: 1.841333e+00 1.614667e+00 1.569333e+00 7.893333e-01 1.520000e-01 3.333333e-02
29656: 1.840213e+00 1.615180e+00 1.571238e+00 7.882823e-01 1.517976e-01 3.328895e-02
29656: 1.841755e+00 1.615691e+00 1.569149e+00 7.885638e-01 1.515957e-01 3.324468e-02
29656: 1.840637e+00 1.614874e+00 1.569721e+00 7.901726e-01 1.513944e-01 3.320053e-02
29656: 1.842175e+00 1.614058e+00 1.570292e+00 7.891247e-01 1.511936e-01 3.315650e-02
29656: 1.843709e+00 1.614570e+00 1.568212e+00 7.894040e-01 1.509934e-01 3.311258e-02
29656: 1.842593e+00 1.616402e+00 1.568783e+00 7.883598e-01 1.507937e-01 3.306878e-02
29656: 1.842801e+00 1.616909e+00 1.569353e+00 7.873184e-01 1.505945e-01 3.302510e-02
29656: 1.841689e+00 1.616095e+00 1.569921e+00 7.889182e-01 1.503958e-01 3.298153e-02
29656: 1.840580e+00 1.616601e+00 1.571805e+00 7.878788e-01 1.501976e-01 3.293808e-02
29656: 1.840789e+00 1.614474e+00 1.572368e+00 7.894737e-01 1.500000e-01 3.289474e-02
29656: 1.840999e+00 1.614980e+00 1.570302e+00 7.910644e-01 1.498029e-01 3.285151e-02
29656: 1.839895e+00 1.614173e+00 1.572178e+00 7.913386e-01 1.496063e-01 3.280840e-02
29656: 1.840105e+00 1.614679e+00 1.571429e+00 7.916121e-01 1.494102e-01 3.276540e-02
29656: 1.840314e+00 1.615183e+00 1.570681e+00 7.918848e-01 1.492147e-01 3.272251e-02
29656: 1.839216e+00 1.614379e+00 1.571242e+00 7.921569e-01 1.503268e-01 3.267974e-02
29656: 1.839426e+00 1.613577e+00 1.570496e+00 7.924282e-01 1.514360e-01 3.263708e-02
29656: 1.839635e+00 1.614081e+00 1.568449e+00 7.940026e-01 1.512386e-01 3.259452e-02
29656: 1.841146e+00 1.613281e+00 1.569010e+00 7.929688e-01 1.510417e-01 3.255208e-02
29656: 1.841352e+00 1.613784e+00 1.568270e+00 7.932380e-01 1.508453e-01 3.250975e-02
29656: 1.840260e+00 1.612987e+00 1.570130e+00 7.935065e-01 1.506494e-01 3.246753e-02
29656: 1.840467e+00 1.610895e+00 1.570687e+00 7.937743e-01 1.517510e-01 3.242542e-02
29656: 1.840674e+00 1.611399e+00 1.569948e+00 7.940415e-01 1.515544e-01 3.238342e-02
29656: 1.839586e+00 1.611902e+00 1.571798e+00 7.930142e-01 1.513583e-01 3.234153e-02
29656: 1.839793e+00 1.611111e+00 1.571059e+00 7.945736e-01 1.511628e-01 3.229974e-02
29656: 1.838710e+00 1.610323e+00 1.571613e+00 7.948387e-01 1.509677e-01 3.354839e-02
29656: 1.837629e+00 1.610825e+00 1.572165e+00 7.951031e-01 1.507732e-01 3.350515e-02
29656: 1.840412e+00 1.610039e+00 1.570142e+00 7.953668e-01 1.505792e-01 3.346203e-02
29656: 1.840617e+00 1.609254e+00 1.569409e+00 7.956298e-01 1.516710e-01 3.341902e-02
29656: 1.840822e+00 1.611040e+00 1.568678e+00 7.946085e-01 1.514763e-01 3.337612e-02
29656: 1.839744e+00 1.610256e+00 1.570513e+00 7.948718e-01 1.512821e-01 3.333333e-02
29656: 1.838668e+00 1.612036e+00 1.568502e+00 7.951344e-01 1.523688e-01 3.329065e-02
29656: 1.840153e+00 1.611253e+00 1.569054e+00 7.941176e-01 1.521739e-01 3.324808e-02
29656: 1.839080e+00 1.611750e+00 1.569604e+00 7.931034e-01 1.532567e-01 3.320562e-02
29656: 1.840561e+00 1.610969e+00 1.570153e+00 7.920918e-01 1.530612e-01 3.316327e-02
29656: 1.840764e+00 1.612739e+00 1.568153e+00 7.923567e-01 1.528662e-01 3.312102e-02
29656: 1.839695e+00 1.613232e+00 1.568702e+00 7.926209e-01 1.526718e-01 3.307888e-02
29656: 1.841169e+00 1.613723e+00 1.567980e+00 7.916137e-01 1.524778e-01 3.303685e-02
29656: 1.841371e+00 1.612944e+00 1.568528e+00 7.906091e-01 1.535533e-01 3.299492e-02
29656: 1.840304e+00 1.615970e+00 1.567807e+00 7.896071e-01 1.533587e-01 3.295311e-02
29656: 1.840506e+00 1.615190e+00 1.568354e+00 7.886076e-01 1.544304e-01 3.291139e-02
29656: 1.840708e+00 1.615676e+00 1.568900e+00 7.876106e-01 1.542351e-01 3.286979e-02
29656: 1.839646e+00 1.614899e+00 1.570707e+00 7.878788e-01 1.540404e-01 3.282828e-02
29656: 1.838588e+00 1.615385e+00 1.571248e+00 7.881463e-01 1.538462e-01 3.278689e-02
29656: 1.840050e+00 1.614610e+00 1.570529e+00 7.884131e-01 1.536524e-01 3.274559e-02
29656: 1.838994e+00 1.616352e+00 1.568553e+00 7.899371e-01 1.534591e-01 3.270440e-02
29656: 1.840452e+00 1.615578e+00 1.567839e+00 7.902010e-01 1.532663e-01 3.266332e-02
29656: 1.839398e+00 1.617315e+00 1.568381e+00 7.892095e-01 1.530740e-01 3.262233e-02
29656: 1.839599e+00 1.617794e+00 1.567669e+00 7.882206e-01 1.541353e-01 3.258145e-02
29656: 1.838548e+00 1.617021e+00 1.569462e+00 7.872340e-01 1.539424e-01 3.379224e-02
29656: 1.838750e+00 1.617500e+00 1.570000e+00 7.862500e-01 1.537500e-01 3.375000e-02
29656: 1.837703e+00 1.617978e+00 1.569288e+00 7.877653e-01 1.535581e-01 3.370787e-02
29656: 1.836658e+00 1.618454e+00 1.569825e+00 7.880299e-01 1.533666e-01 3.366584e-02
29656: 1.838107e+00 1.617684e+00 1.570361e+00 7.870486e-01 1.531756e-01 3.362391e-02
29656: 1.838308e+00 1.618159e+00 1.569652e+00 7.873134e-01 1.529851e-01 3.358209e-02
29656: 1.838509e+00 1.618634e+00 1.570186e+00 7.863354e-01 1.527950e-01 3.354037e-02
29656: 1.837469e+00 1.617866e+00 1.569479e+00 7.878412e-01 1.538462e-01 3.349876e-02
29656: 1.836431e+00 1.618340e+00 1.570012e+00 7.881041e-01 1.536555e-01 3.345725e-02
29656: 1.836634e+00 1.618812e+00 1.568069e+00 7.883663e-01 1.534653e-01 3.465347e-02
29656: 1.835600e+00 1.618047e+00 1.569839e+00 7.886279e-01 1.532756e-01 3.461063e-02
29656: 1.835802e+00 1.616049e+00 1.570370e+00 7.888889e-01 1.543210e-01 3.456790e-02
29656: 1.836005e+00 1.616523e+00 1.569667e+00 7.891492e-01 1.541307e-01 3.452528e-02
29656: 1.836207e+00 1.616995e+00 1.570197e+00 7.881773e-01 1.539409e-01 3.448276e-02
29656: 1.835178e+00 1.616236e+00 1.569496e+00 7.908979e-01 1.537515e-01 3.444034e-02
29656: 1.834152e+00 1.617936e+00 1.570025e+00 7.899263e-01 1.535627e-01 3.439803e-02
29656: 1.834356e+00 1.617178e+00 1.569325e+00 7.914110e-01 1.533742e-01 3.435583e-02
29656: 1.833333e+00 1.617647e+00 1.569853e+00 7.916667e-01 1.531863e-01 3.431373e-02
29656: 1.834761e+00 1.616891e+00 1.570379e+00 7.906977e-01 1.529988e-01 3.427173e-02
29656: 1.834963e+00 1.618582e+00 1.568460e+00 7.909535e-01 1.528117e-01 3.422983e-02
29656: 1.835165e+00 1.617827e+00 1.570208e+00 7.899878e-01 1.526252e-01 3.418803e-02
29656: 1.834146e+00 1.618293e+00 1.569512e+00 7.902439e-01 1.536585e-01 3.414634e-02
29656: 1.833130e+00 1.619976e+00 1.568819e+00 7.904994e-01 1.534714e-01 3.410475e-02
29656: 1.833333e+00 1.619221e+00 1.569343e+00 7.895377e-01 1.545012e-01 3.406326e-02
29656: 1.832321e+00 1.619684e+00 1.569866e+00 7.885784e-01 1.555286e-01 3.402187e-02
29656: 1.832524e+00 1.620146e+00 1.570388e+00 7.876214e-01 1.553398e-01 3.398058e-02
29656: 1.832727e+00 1.620606e+00 1.568485e+00 7.890909e-01 1.551515e-01 3.393939e-02
29656: 1.831719e+00 1.619855e+00 1.571429e+00 7.881356e-01 1.549637e-01 3.389831e-02
29656: 1.831923e+00 1.617896e+00 1.570738e+00 7.883918e-01 1.559855e-01 3.506651e-02
29656: 1.830918e+00 1.620773e+00 1.568841e+00 7.886473e-01 1.557971e-01 3.502415e-02
29656: 1.831122e+00 1.620024e+00 1.570567e+00 7.876960e-01 1.556092e-01 3.498191e-02
29656: 1.830120e+00 1.622892e+00 1.568675e+00 7.879518e-01 1.554217e-01 3.493976e-02
29656: 1.830325e+00 1.623345e+00 1.569194e+00 7.870036e-01 1.552347e-01 3.489771e-02
29656: 1.829327e+00 1.623798e+00 1.569712e+00 7.872596e-01 1.550481e-01 3.485577e-02
29656: 1.828331e+00 1.624250e+00 1.570228e+00 7.875150e-01 1.548619e-01 3.481393e-02
29656: 1.829736e+00 1.623501e+00 1.568345e+00 7.877698e-01 1.558753e-01 3.477218e-02
29656: 1.829940e+00 1.623952e+00 1.568862e+00 7.868263e-01 1.556886e-01 3.473054e-02
29656: 1.828947e+00 1.624402e+00 1.568182e+00 7.882775e-01 1.555024e-01 3.468900e-02
29656: 1.829152e+00 1.624851e+00 1.567503e+00 7.885305e-01 1.553166e-01 3.464755e-02
29656: 1.829356e+00 1.625298e+00 1.568019e+00 7.875895e-01 1.551313e-01 3.460621e-02
29656: 1.828367e+00 1.625745e+00 1.567342e+00 7.878427e-01 1.561383e-01 3.456496e-02
29656: 1.828571e+00 1.625000e+00 1.567857e+00 7.880952e-01 1.559524e-01 3.452381e-02
29656: 1.827586e+00 1.626635e+00 1.568371e+00 7.871581e-01 1.557669e-01 3.448276e-02
29656: 1.827791e+00 1.625891e+00 1.568884e+00 7.874109e-01 1.555819e-01 3.444181e-02
29656: 1.827995e+00 1.627521e+00 1.568209e+00 7.864769e-01 1.553974e-01 3.440095e-02
29656: 1.827014e+00 1.627962e+00 1.569905e+00 7.855450e-01 1.552133e-01 3.436019e-02
29656: 1.827219e+00 1.627219e+00 1.570414e+00 7.846154e-01 1.562130e-01 3.431953e-02
29656: 1.827423e+00 1.628842e+00 1.568558e+00 7.848700e-01 1.560284e-01 3.427896e-02
29656: 1.826446e+00 1.628099e+00 1.570248e+00 7.851240e-01 1.558442e-01 3.423849e-02
29656: 1.827830e+00 1.627358e+00 1.569575e+00 7.853774e-01 1.556604e-01 3.419811e-02
29656: 1.828033e+00 1.628975e+00 1.568905e+00 7.844523e-01 1.554770e-01 3.415783e-02
29656: 1.827059e+00 1.629412e+00 1.569412e+00 7.847059e-01 1.552941e-01 3.411765e-02
29656: 1.827262e+00 1.628672e+00 1.569918e+00 7.837838e-01 1.551116e-01 3.525264e-02
29656: 1.827465e+00 1.629108e+00 1.570423e+00 7.828638e-01 1.549296e-01 3.521127e-02
29656: 1.827667e+00 1.628370e+00 1.569754e+00 7.842907e-01 1.547479e-01 3.516999e-02
29656: 1.826698e+00 1.629977e+00 1.569087e+00 7.833724e-01 1.557377e-01 3.512881e-02
29656: 1.826901e+00 1.629240e+00 1.569591e+00 7.836257e-01 1.555556e-01 3.508772e-02
29656: 1.827103e+00 1.629673e+00 1.570093e+00 7.827103e-01 1.553738e-01 3.504673e-02
29656: 1.827305e+00 1.630105e+00 1.568261e+00 7.841307e-01 1.551925e-01 3.500583e-02
29656: 1.826340e+00 1.629371e+00 1.571096e+00 7.832168e-01 1.550117e-01 3.496503e-02
29656: 1.826542e+00 1.628638e+00 1.570431e+00 7.834692e-01 1.559953e-01 3.492433e-02
29656: 1.825581e+00 1.630233e+00 1.569767e+00 7.837209e-01 1.558140e-01 3.488372e-02
29656: 1.825784e+00 1.629501e+00 1.571429e+00 7.828107e-01 1.556330e-01 3.484321e-02
29656: 1.824826e+00 1.631090e+00 1.569606e+00 7.842227e-01 1.554524e-01 3.480278e-02
29656: 1.825029e+00 1.630359e+00 1.568946e+00 7.856315e-01 1.552723e-01 3.476246e-02
29656: 1.825231e+00 1.630787e+00 1.569444e+00 7.847222e-01 1.550926e-01 3.472222e-02
29656: 1.826590e+00 1.630058e+00 1.568786e+00 7.849711e-01 1.549133e-01 3.468208e-02
29656: 1.825635e+00 1.630485e+00 1.568129e+00 7.863741e-01 1.547344e-01 3.464203e-02
29656: 1.825836e+00 1.630911e+00 1.568627e+00 7.854671e-01 1.545559e-01 3.460208e-02
29656: 1.826037e+00 1.630184e+00 1.569124e+00 7.857143e-01 1.543779e-01 3.456221e-02
29656: 1.825086e+00 1.630610e+00 1.570771e+00 7.848101e-01 1.542002e-01 3.452244e-02
29656: 1.825287e+00 1.631034e+00 1.570115e+00 7.850575e-01 1.540230e-01 3.448276e-02
29656: 1.824340e+00 1.631458e+00 1.570608e+00 7.853042e-01 1.538462e-01 3.444317e-02
29656: 1.824541e+00 1.631881e+00 1.569954e+00 7.855505e-01 1.536697e-01 3.440367e-02
29656: 1.823597e+00 1.631157e+00 1.570447e+00 7.857961e-01 1.546392e-01 3.436426e-02
29656: 1.823799e+00 1.630435e+00 1.568650e+00 7.871854e-01 1.556064e-01 3.432494e-02
29656: 1.824000e+00 1.630857e+00 1.569143e+00 7.862857e-01 1.554286e-01 3.428571e-02
29656: 1.825342e+00 1.630137e+00 1.568493e+00 7.865297e-01 1.552511e-01 3.424658e-02
29656: 1.825542e+00 1.631699e+00 1.567845e+00 7.856328e-01 1.550741e-01 3.420753e-02
29656: 1.825740e+00 1.630979e+00 1.568337e+00 7.858770e-01 1.548975e-01 3.416856e-02
29656: 1.824801e+00 1.630262e+00 1.571104e+00 7.849829e-01 1.547213e-01 3.412969e-02
29656: 1.825000e+00 1.630682e+00 1.570455e+00 7.852273e-01 1.545455e-01 3.409091e-02
29656: 1.825199e+00 1.628831e+00 1.572077e+00 7.854711e-01 1.543700e-01 3.405221e-02
29656: 1.825397e+00 1.629252e+00 1.571429e+00 7.857143e-01 1.541950e-01 3.401361e-02
29656: 1.825595e+00 1.628539e+00 1.571914e+00 7.859570e-01 1.540204e-01 3.397508e-02
29656: 1.824661e+00 1.628959e+00 1.572398e+00 7.861991e-01 1.538462e-01 3.393665e-02
29656: 1.825989e+00 1.629379e+00 1.570621e+00 7.864407e-01 1.536723e-01 3.389831e-02
29656: 1.825056e+00 1.628668e+00 1.569977e+00 7.878104e-01 1.546275e-01 3.386005e-02
29656: 1.826381e+00 1.627959e+00 1.570462e+00 7.869222e-01 1.544532e-01 3.382187e-02
29656: 1.825450e+00 1.628378e+00 1.569820e+00 7.882883e-01 1.542793e-01 3.378378e-02
29656: 1.825647e+00 1.628796e+00 1.569179e+00 7.874016e-01 1.552306e-01 3.374578e-02
29656: 1.825843e+00 1.628090e+00 1.569663e+00 7.876404e-01 1.550562e-01 3.370787e-02
29656: 1.824916e+00 1.628507e+00 1.570146e+00 7.878788e-01 1.548822e-01 3.367003e-02
29656: 1.825112e+00 1.628924e+00 1.568386e+00 7.881166e-01 1.547085e-01 3.475336e-02
29656: 1.826428e+00 1.628219e+00 1.568869e+00 7.872340e-01 1.545353e-01 3.471445e-02
29656: 1.826622e+00 1.628635e+00 1.569351e+00 7.863535e-01 1.543624e-01 3.467562e-02
29656: 1.826816e+00 1.627933e+00 1.568715e+00 7.865922e-01 1.553073e-01 3.463687e-02
29656: 1.827009e+00 1.628348e+00 1.568080e+00 7.857143e-01 1.562500e-01 3.459821e-02
29656: 1.826087e+00 1.626533e+00 1.570792e+00 7.848384e-01 1.571906e-01 3.455964e-02
29656: 1.825167e+00 1.628062e+00 1.570156e+00 7.850780e-01 1.570156e-01 3.452116e-02
29656: 1.825362e+00 1.628476e+00 1.569522e+00 7.853170e-01 1.568409e-01 3.448276e-02
29656: 1.825556e+00 1.627778e+00 1.571111e+00 7.844444e-01 1.566667e-01 3.444444e-02
29656: 1.825749e+00 1.628191e+00 1.570477e+00 7.846837e-01 1.564928e-01 3.440622e-02
29656: 1.824834e+00 1.628603e+00 1.570953e+00 7.849224e-01 1.563193e-01 3.436807e-02
29656: 1.825028e+00 1.630122e+00 1.569214e+00 7.851606e-01 1.561462e-01 3.433001e-02
29656: 1.824115e+00 1.629425e+00 1.569690e+00 7.853982e-01 1.570796e-01 3.429204e-02
29656: 1.825414e+00 1.628729e+00 1.570166e+00 7.845304e-01 1.569061e-01 3.425414e-02
29656: 1.825607e+00 1.630243e+00 1.568433e+00 7.847682e-01 1.567329e-01 3.421634e-02
29656: 1.824697e+00 1.629548e+00 1.570011e+00 7.850055e-01 1.565601e-01 3.417861e-02
29656: 1.825991e+00 1.627753e+00 1.570485e+00 7.852423e-01 1.563877e-01 3.414097e-02
29656: 1.823982e+00 1.629263e+00 1.569857e+00 7.865787e-01 1.562156e-01 3.410341e-02
29656: 1.823077e+00 1.628571e+00 1.571429e+00 7.868132e-01 1.560440e-01 3.406593e-02
29656: 1.825467e+00 1.627881e+00 1.569704e+00 7.870472e-01 1.558727e-01 3.402854e-02
29656: 1.824561e+00 1.628289e+00 1.570175e+00 7.872807e-01 1.557018e-01 3.399123e-02
29656: 1.824754e+00 1.629792e+00 1.568456e+00 7.875137e-01 1.555312e-01 3.395400e-02
29656: 1.826039e+00 1.629103e+00 1.568928e+00 7.866521e-01 1.553611e-01 3.391685e-02
29656: 1.825137e+00 1.629508e+00 1.570492e+00 7.857923e-01 1.551913e-01 3.387978e-02
29656: 1.824236e+00 1.629913e+00 1.569869e+00 7.871179e-01 1.550218e-01 3.384279e-02
29656: 1.824427e+00 1.631407e+00 1.569248e+00 7.862595e-01 1.548528e-01 3.380589e-02
29656: 1.823529e+00 1.632898e+00 1.569717e+00 7.854031e-01 1.546841e-01 3.376906e-02
29656: 1.824810e+00 1.632209e+00 1.569097e+00 7.856366e-01 1.545158e-01 3.373232e-02
29656: 1.825000e+00 1.632609e+00 1.568478e+00 7.847826e-01 1.554348e-01 3.369565e-02
29656: 1.824104e+00 1.634093e+00 1.568947e+00 7.839305e-01 1.552660e-01 3.365907e-02
29656: 1.826464e+00 1.632321e+00 1.569414e+00 7.830803e-01 1.550976e-01 3.362256e-02
29656: 1.826652e+00 1.632719e+00 1.569881e+00 7.822319e-01 1.549296e-01 3.358613e-02
29656: 1.826840e+00 1.632035e+00 1.570346e+00 7.824675e-01 1.547619e-01 3.354978e-02
29656: 1.825946e+00 1.632432e+00 1.570811e+00 7.827027e-01 1.545946e-01 3.351351e-02
29656: 1.825054e+00 1.632829e+00 1.571274e+00 7.829374e-01 1.544276e-01 3.347732e-02
29656: 1.824164e+00 1.633225e+00 1.571737e+00 7.831715e-01 1.542611e-01 3.344121e-02
29656: 1.824353e+00 1.632543e+00 1.572198e+00 7.834052e-01 1.540948e-01 3.340517e-02
29656: 1.823466e+00 1.634015e+00 1.570506e+00 7.847147e-01 1.539290e-01 3.336921e-02
29656: 1.824731e+00 1.633333e+00 1.568817e+00 7.849462e-01 1.548387e-01 3.333333e-02
29656: 1.824919e+00 1.633727e+00 1.568206e+00 7.851772e-01 1.546724e-01 3.329753e-02
29656: 1.824034e+00 1.631974e+00 1.570815e+00 7.854077e-01 1.545064e-01 3.326180e-02
29656: 1.823151e+00 1.631297e+00 1.571275e+00 7.867095e-01 1.543408e-01 3.322615e-02
29656: 1.822270e+00 1.631692e+00 1.571734e+00 7.869379e-01 1.541756e-01 3.319058e-02
29656: 1.821390e+00 1.633155e+00 1.571123e+00 7.871658e-01 1.540107e-01 3.315508e-02
29656: 1.822650e+00 1.632479e+00 1.570513e+00 7.873932e-01 1.538462e-01 3.311966e-02
29656: 1.823906e+00 1.632871e+00 1.568837e+00 7.876201e-01 1.536820e-01 3.308431e-02
29656: 1.823028e+00 1.633262e+00 1.570362e+00 7.867804e-01 1.535181e-01 3.304904e-02
29656: 1.822151e+00 1.633653e+00 1.569755e+00 7.880724e-01 1.533546e-01 3.301384e-02
29656: 1.821277e+00 1.632979e+00 1.570213e+00 7.882979e-01 1.542553e-01 3.297872e-02
29656: 1.821467e+00 1.632306e+00 1.569607e+00 7.895855e-01 1.540914e-01 3.294368e-02
29656: 1.821656e+00 1.631635e+00 1.571125e+00 7.887473e-01 1.539278e-01 3.290870e-02
29656: 1.820785e+00 1.633086e+00 1.569459e+00 7.900318e-01 1.537646e-01 3.287381e-02
29656: 1.822034e+00 1.633475e+00 1.568856e+00 7.891949e-01 1.536017e-01 3.283898e-02
29656: 1.822222e+00 1.633862e+00 1.569312e+00 7.883598e-01 1.534392e-01 3.280423e-02
29656: 1.821353e+00 1.632135e+00 1.570825e+00 7.885835e-01 1.543340e-01 3.276956e-02
29656: 1.822598e+00 1.631468e+00 1.569166e+00 7.888068e-01 1.552270e-01 3.273495e-02
29656: 1.821730e+00 1.631857e+00 1.569620e+00 7.890295e-01 1.550633e-01 3.270042e-02
29656: 1.821918e+00 1.633298e+00 1.569020e+00 7.881981e-01 1.548999e-01 3.266596e-02
29656: 1.822105e+00 1.632632e+00 1.569474e+00 7.873684e-01 1.557895e-01 3.263158e-02
29656: 1.821241e+00 1.631966e+00 1.569926e+00 7.875920e-01 1.566772e-01 3.259727e-02
29656: 1.820378e+00 1.631303e+00 1.571429e+00 7.878151e-01 1.565126e-01 3.256303e-02
29656: 1.819517e+00 1.630640e+00 1.571878e+00 7.890871e-01 1.563484e-01 3.252886e-02
29656: 1.819706e+00 1.631027e+00 1.570231e+00 7.903564e-01 1.561845e-01 3.249476e-02
29656: 1.818848e+00 1.630366e+00 1.571728e+00 7.905759e-01 1.560209e-01 3.246073e-02
29656: 1.817992e+00 1.629707e+00 1.572176e+00 7.918410e-01 1.558577e-01 3.242678e-02
29656: 1.818182e+00 1.629049e+00 1.572623e+00 7.920585e-01 1.556949e-01 3.239289e-02
29656: 1.818372e+00 1.629436e+00 1.572025e+00 7.922756e-01 1.555324e-01 3.235908e-02
29656: 1.818561e+00 1.627737e+00 1.572471e+00 7.935349e-01 1.553702e-01 3.232534e-02
29656: 1.817708e+00 1.628125e+00 1.571875e+00 7.947917e-01 1.552083e-01 3.229167e-02
29656: 1.817898e+00 1.628512e+00 1.571280e+00 7.950052e-01 1.550468e-01 3.225806e-02
29656: 1.817048e+00 1.627859e+00 1.570686e+00 7.972973e-01 1.548857e-01 3.222453e-02
29656: 1.817238e+00 1.628245e+00 1.570093e+00 7.975078e-01 1.547248e-01 3.219107e-02
29656: 1.817427e+00 1.627593e+00 1.570539e+00 7.977178e-01 1.545643e-01 3.215768e-02
29656: 1.817617e+00 1.627979e+00 1.568912e+00 7.979275e-01 1.554404e-01 3.212435e-02
29656: 1.817805e+00 1.626294e+00 1.570393e+00 7.981366e-01 1.552795e-01 3.209110e-02
29656: 1.817994e+00 1.627715e+00 1.568769e+00 7.983454e-01 1.551189e-01 3.205791e-02
29656: 1.817149e+00 1.628099e+00 1.569215e+00 7.985537e-01 1.549587e-01 3.202479e-02
29656: 1.816305e+00 1.629515e+00 1.569659e+00 7.977296e-01 1.547988e-01 3.199174e-02
29656: 1.816495e+00 1.628866e+00 1.571134e+00 7.969072e-01 1.546392e-01 3.195876e-02
29656: 1.815654e+00 1.630278e+00 1.569516e+00 7.971164e-01 1.555098e-01 3.192585e-02
29656: 1.815844e+00 1.629630e+00 1.568930e+00 7.962963e-01 1.574074e-01 3.189300e-02
29656: 1.816033e+00 1.630010e+00 1.568345e+00 7.954779e-01 1.582734e-01 3.186023e-02
29656: 1.815195e+00 1.631417e+00 1.568789e+00 7.946612e-01 1.581109e-01 3.182752e-02
29656: 1.816410e+00 1.631795e+00 1.568205e+00 7.938462e-01 1.579487e-01 3.179487e-02
29656: 1.816598e+00 1.631148e+00 1.568648e+00 7.940574e-01 1.577869e-01 3.176230e-02
29656: 1.816786e+00 1.631525e+00 1.568066e+00 7.932446e-01 1.586489e-01 3.172979e-02
29656: 1.815951e+00 1.631902e+00 1.568507e+00 7.934560e-01 1.584867e-01 3.169734e-02
29656: 1.816139e+00 1.633299e+00 1.567926e+00 7.926456e-01 1.583248e-01 3.166496e-02
29656: 1.815306e+00 1.633673e+00 1.568367e+00 7.928571e-01 1.581633e-01 3.163265e-02
29656: 1.816514e+00 1.634047e+00 1.567788e+00 7.920489e-01 1.580020e-01 3.160041e-02
29656: 1.816701e+00 1.633401e+00 1.568228e+00 7.922607e-01 1.578411e-01 3.156823e-02
29656: 1.815870e+00 1.634791e+00 1.568667e+00 7.914547e-01 1.576806e-01 3.153611e-02
29656: 1.816057e+00 1.635163e+00 1.569106e+00 7.906504e-01 1.575203e-01 3.150407e-02
29656: 1.816244e+00 1.633503e+00 1.570558e+00 7.908629e-01 1.573604e-01 3.147208e-02
29656: 1.815416e+00 1.634888e+00 1.569980e+00 7.910751e-01 1.572008e-01 3.144016e-02
29656: 1.815603e+00 1.635258e+00 1.569402e+00 7.912867e-01 1.570415e-01 3.140831e-02
29656: 1.814777e+00 1.634615e+00 1.571862e+00 7.904858e-01 1.568826e-01 3.137652e-02
29656: 1.814965e+00 1.633974e+00 1.571284e+00 7.906977e-01 1.577351e-01 3.134479e-02
29656: 1.814141e+00 1.633333e+00 1.572727e+00 7.909091e-01 1.575758e-01 3.131313e-02
29656: 1.813320e+00 1.633703e+00 1.572149e+00 7.911201e-01 1.584258e-01 3.128153e-02
29656: 1.813508e+00 1.632056e+00 1.572581e+00 7.923387e-01 1.582661e-01 3.125000e-02
29656: 1.813696e+00 1.632427e+00 1.570997e+00 7.935549e-01 1.581067e-01 3.121853e-02
29656: 1.812877e+00 1.632797e+00 1.570423e+00 7.937626e-01 1.589537e-01 3.118712e-02
29656: 1.812060e+00 1.633166e+00 1.569849e+00 7.939698e-01 1.597990e-01 3.115578e-02
29656: 1.812249e+00 1.631526e+00 1.571285e+00 7.941767e-01 1.596386e-01 3.112450e-02
29656: 1.812437e+00 1.631896e+00 1.570712e+00 7.943831e-01 1.594784e-01 3.109328e-02
29656: 1.811623e+00 1.633267e+00 1.570140e+00 7.945892e-01 1.593186e-01 3.106212e-02
29656: 1.811812e+00 1.633634e+00 1.569570e+00 7.947948e-01 1.591592e-01 3.103103e-02
29656: Done!
Traceback (most recent call last):
  File "/lowest-unique-number/tournament0/elexunix.py", line 25, in <module>
    input()
EOFError: EOF when reading a line
