Forked 33022
Starting to reopen 0 and 1
Calling execv `tournament0/alex_dany` (pid 33022)
33022: Started!
33022: Number of players: 6, position: 0, number of turns: 1000
33022: Random seed: 1490771336
Strategy 0: first ans is 1
Forked 33023
Starting to reopen 0 and 1
Calling execv `tournament0/the_best_strategy.py` (pid 33023)
Strategy 1: first ans is 0
Forked 33024
Starting to reopen 0 and 1
Calling execv `tournament0/lounres.py` (pid 33024)
Strategy 2: first ans is 1
Forked 33025
Starting to reopen 0 and 1
Calling execv `tournament0/pzakorko.py` (pid 33025)
Strategy 3: first ans is 0
Forked 33026
Starting to reopen 0 and 1
Calling execv `tournament0/fedro.py` (pid 33026)
Strategy 4: first ans is 0
Forked 33050
Starting to reopen 0 and 1
Calling execv `tournament0/elexunix.py` (pid 33050)
Strategy 5: first ans is 3
33022: 3.000000e+00 2.000000e+00 0.000000e+00 1.000000e+00 0.000000e+00 0.000000e+00
33022: 2.500000e+00 1.000000e+00 1.500000e+00 5.000000e-01 0.000000e+00 5.000000e-01
33022: 2.333333e+00 1.666667e+00 1.000000e+00 3.333333e-01 3.333333e-01 3.333333e-01
33022: 2.500000e+00 1.250000e+00 1.250000e+00 5.000000e-01 2.500000e-01 2.500000e-01
33022: 2.400000e+00 1.600000e+00 1.000000e+00 4.000000e-01 2.000000e-01 4.000000e-01
33022: 2.500000e+00 1.500000e+00 1.166667e+00 3.333333e-01 1.666667e-01 3.333333e-01
33022: 2.428571e+00 1.571429e+00 1.000000e+00 5.714286e-01 1.428571e-01 2.857143e-01
33022: 2.375000e+00 1.375000e+00 1.375000e+00 5.000000e-01 1.250000e-01 2.500000e-01
33022: 2.333333e+00 1.444444e+00 1.444444e+00 4.444444e-01 1.111111e-01 2.222222e-01
33022: 2.300000e+00 1.400000e+00 1.400000e+00 6.000000e-01 1.000000e-01 2.000000e-01
33022: 2.363636e+00 1.454545e+00 1.363636e+00 5.454545e-01 9.090909e-02 1.818182e-01
33022: 2.333333e+00 1.416667e+00 1.333333e+00 5.833333e-01 1.666667e-01 1.666667e-01
33022: 2.384615e+00 1.461538e+00 1.230769e+00 5.384615e-01 1.538462e-01 2.307692e-01
33022: 2.357143e+00 1.500000e+00 1.214286e+00 5.714286e-01 1.428571e-01 2.142857e-01
33022: 2.400000e+00 1.533333e+00 1.200000e+00 5.333333e-01 1.333333e-01 2.000000e-01
33022: 2.375000e+00 1.500000e+00 1.187500e+00 6.250000e-01 1.250000e-01 1.875000e-01
33022: 2.352941e+00 1.588235e+00 1.176471e+00 5.882353e-01 1.176471e-01 1.764706e-01
33022: 2.333333e+00 1.611111e+00 1.222222e+00 5.555556e-01 1.111111e-01 1.666667e-01
33022: 2.315789e+00 1.578947e+00 1.210526e+00 6.315789e-01 1.052632e-01 1.578947e-01
33022: 2.350000e+00 1.600000e+00 1.200000e+00 6.000000e-01 1.000000e-01 1.500000e-01
33022: 2.333333e+00 1.571429e+00 1.238095e+00 5.714286e-01 9.523810e-02 1.904762e-01
33022: 2.318182e+00 1.590909e+00 1.272727e+00 5.454545e-01 9.090909e-02 1.818182e-01
33022: 2.304348e+00 1.565217e+00 1.260870e+00 5.652174e-01 8.695652e-02 2.173913e-01
33022: 2.291667e+00 1.583333e+00 1.250000e+00 5.833333e-01 8.333333e-02 2.083333e-01
33022: 2.280000e+00 1.560000e+00 1.280000e+00 6.000000e-01 8.000000e-02 2.000000e-01
33022: 2.307692e+00 1.576923e+00 1.269231e+00 5.769231e-01 7.692308e-02 1.923077e-01
33022: 2.296296e+00 1.555556e+00 1.296296e+00 5.925926e-01 7.407407e-02 1.851852e-01
33022: 2.321429e+00 1.607143e+00 1.250000e+00 5.714286e-01 7.142857e-02 1.785714e-01
33022: 2.310345e+00 1.586207e+00 1.275862e+00 5.517241e-01 1.034483e-01 1.724138e-01
33022: 2.300000e+00 1.566667e+00 1.300000e+00 5.666667e-01 1.000000e-01 1.666667e-01
33022: 2.290323e+00 1.612903e+00 1.290323e+00 5.483871e-01 9.677419e-02 1.612903e-01
33022: 2.281250e+00 1.562500e+00 1.375000e+00 5.312500e-01 9.375000e-02 1.562500e-01
33022: 2.303030e+00 1.575758e+00 1.333333e+00 5.454545e-01 9.090909e-02 1.515152e-01
33022: 2.294118e+00 1.529412e+00 1.382353e+00 5.588235e-01 8.823529e-02 1.470588e-01
33022: 2.285714e+00 1.542857e+00 1.342857e+00 5.714286e-01 1.142857e-01 1.428571e-01
33022: 2.277778e+00 1.527778e+00 1.333333e+00 5.833333e-01 1.111111e-01 1.666667e-01
33022: 2.297297e+00 1.567568e+00 1.297297e+00 5.675676e-01 1.081081e-01 1.621622e-01
33022: 2.289474e+00 1.552632e+00 1.315789e+00 5.789474e-01 1.052632e-01 1.578947e-01
33022: 2.282051e+00 1.564103e+00 1.307692e+00 5.641026e-01 1.282051e-01 1.538462e-01
33022: 2.300000e+00 1.575000e+00 1.300000e+00 5.500000e-01 1.250000e-01 1.500000e-01
33022: 2.317073e+00 1.536585e+00 1.317073e+00 5.609756e-01 1.219512e-01 1.463415e-01
33022: 2.309524e+00 1.595238e+00 1.285714e+00 5.476190e-01 1.190476e-01 1.428571e-01
33022: 2.325581e+00 1.558140e+00 1.325581e+00 5.348837e-01 1.162791e-01 1.395349e-01
33022: 2.318182e+00 1.590909e+00 1.318182e+00 5.227273e-01 1.136364e-01 1.363636e-01
33022: 2.311111e+00 1.555556e+00 1.355556e+00 5.333333e-01 1.111111e-01 1.333333e-01
33022: 2.304348e+00 1.565217e+00 1.369565e+00 5.217391e-01 1.086957e-01 1.304348e-01
33022: 2.297872e+00 1.574468e+00 1.361702e+00 5.319149e-01 1.063830e-01 1.276596e-01
33022: 2.291667e+00 1.541667e+00 1.395833e+00 5.416667e-01 1.041667e-01 1.250000e-01
33022: 2.285714e+00 1.571429e+00 1.387755e+00 5.306122e-01 1.020408e-01 1.224490e-01
33022: 2.280000e+00 1.540000e+00 1.420000e+00 5.400000e-01 1.000000e-01 1.200000e-01
33022: 2.274510e+00 1.568627e+00 1.392157e+00 5.294118e-01 1.176471e-01 1.176471e-01
33022: 2.288462e+00 1.557692e+00 1.384615e+00 5.384615e-01 1.153846e-01 1.153846e-01
33022: 2.283019e+00 1.584906e+00 1.377358e+00 5.283019e-01 1.132075e-01 1.132075e-01
33022: 2.296296e+00 1.555556e+00 1.407407e+00 5.185185e-01 1.111111e-01 1.111111e-01
33022: 2.309091e+00 1.563636e+00 1.381818e+00 5.272727e-01 1.090909e-01 1.090909e-01
33022: 2.285714e+00 1.553571e+00 1.410714e+00 5.178571e-01 1.250000e-01 1.071429e-01
33022: 2.298246e+00 1.543860e+00 1.421053e+00 5.087719e-01 1.228070e-01 1.052632e-01
33022: 2.275862e+00 1.568966e+00 1.431034e+00 5.000000e-01 1.206897e-01 1.034483e-01
33022: 2.271186e+00 1.576271e+00 1.423729e+00 4.915254e-01 1.355932e-01 1.016949e-01
33022: 2.266667e+00 1.566667e+00 1.450000e+00 4.833333e-01 1.333333e-01 1.000000e-01
33022: 2.262295e+00 1.606557e+00 1.426230e+00 4.754098e-01 1.311475e-01 9.836066e-02
33022: 2.258065e+00 1.612903e+00 1.435484e+00 4.677419e-01 1.290323e-01 9.677419e-02
33022: 2.238095e+00 1.603175e+00 1.444444e+00 4.920635e-01 1.269841e-01 9.523810e-02
33022: 2.234375e+00 1.578125e+00 1.468750e+00 5.000000e-01 1.250000e-01 9.375000e-02
33022: 2.230769e+00 1.569231e+00 1.492308e+00 4.923077e-01 1.230769e-01 9.230769e-02
33022: 2.212121e+00 1.590909e+00 1.500000e+00 4.848485e-01 1.212121e-01 9.090909e-02
33022: 2.208955e+00 1.597015e+00 1.507463e+00 4.776119e-01 1.194030e-01 8.955224e-02
33022: 2.191176e+00 1.573529e+00 1.529412e+00 5.000000e-01 1.176471e-01 8.823529e-02
33022: 2.202899e+00 1.550725e+00 1.550725e+00 4.927536e-01 1.159420e-01 8.695652e-02
33022: 2.185714e+00 1.585714e+00 1.542857e+00 4.857143e-01 1.142857e-01 8.571429e-02
33022: 2.183099e+00 1.591549e+00 1.535211e+00 4.929577e-01 1.126761e-01 8.450704e-02
33022: 2.166667e+00 1.583333e+00 1.555556e+00 4.861111e-01 1.250000e-01 8.333333e-02
33022: 2.164384e+00 1.575342e+00 1.575342e+00 4.794521e-01 1.232877e-01 8.219178e-02
33022: 2.162162e+00 1.594595e+00 1.554054e+00 4.864865e-01 1.216216e-01 8.108108e-02
33022: 2.146667e+00 1.573333e+00 1.600000e+00 4.800000e-01 1.200000e-01 8.000000e-02
33022: 2.171053e+00 1.565789e+00 1.578947e+00 4.868421e-01 1.184211e-01 7.894737e-02
33022: 2.168831e+00 1.584416e+00 1.571429e+00 4.805195e-01 1.168831e-01 7.792208e-02
33022: 2.153846e+00 1.576923e+00 1.589744e+00 4.871795e-01 1.153846e-01 7.692308e-02
33022: 2.151899e+00 1.594937e+00 1.569620e+00 4.936709e-01 1.139241e-01 7.594937e-02
33022: 2.150000e+00 1.587500e+00 1.587500e+00 4.875000e-01 1.125000e-01 7.500000e-02
33022: 2.160494e+00 1.580247e+00 1.580247e+00 4.938272e-01 1.111111e-01 7.407407e-02
33022: 2.158537e+00 1.573171e+00 1.585366e+00 5.000000e-01 1.097561e-01 7.317073e-02
33022: 2.156627e+00 1.578313e+00 1.578313e+00 5.060241e-01 1.084337e-01 7.228916e-02
33022: 2.142857e+00 1.583333e+00 1.583333e+00 5.119048e-01 1.071429e-01 7.142857e-02
33022: 2.152941e+00 1.576471e+00 1.564706e+00 5.176471e-01 1.176471e-01 7.058824e-02
33022: 2.139535e+00 1.593023e+00 1.569767e+00 5.116279e-01 1.162791e-01 6.976744e-02
33022: 2.137931e+00 1.574713e+00 1.586207e+00 5.057471e-01 1.264368e-01 6.896552e-02
33022: 2.147727e+00 1.568182e+00 1.579545e+00 5.113636e-01 1.250000e-01 6.818182e-02
33022: 2.146067e+00 1.584270e+00 1.561798e+00 5.056180e-01 1.348315e-01 6.741573e-02
33022: 2.133333e+00 1.588889e+00 1.566667e+00 5.111111e-01 1.333333e-01 6.666667e-02
33022: 2.142857e+00 1.582418e+00 1.571429e+00 5.054945e-01 1.318681e-01 6.593407e-02
33022: 2.141304e+00 1.576087e+00 1.565217e+00 5.108696e-01 1.413043e-01 6.521739e-02
33022: 2.129032e+00 1.569892e+00 1.569892e+00 5.161290e-01 1.505376e-01 6.451613e-02
33022: 2.138298e+00 1.574468e+00 1.563830e+00 5.106383e-01 1.489362e-01 6.382979e-02
33022: 2.126316e+00 1.557895e+00 1.589474e+00 5.157895e-01 1.473684e-01 6.315789e-02
33022: 2.125000e+00 1.562500e+00 1.593750e+00 5.104167e-01 1.458333e-01 6.250000e-02
33022: 2.113402e+00 1.567010e+00 1.597938e+00 5.154639e-01 1.443299e-01 6.185567e-02
33022: 2.122449e+00 1.571429e+00 1.591837e+00 5.102041e-01 1.428571e-01 6.122449e-02
33022: 2.111111e+00 1.575758e+00 1.585859e+00 5.252525e-01 1.414141e-01 6.060606e-02
33022: 2.110000e+00 1.570000e+00 1.580000e+00 5.400000e-01 1.400000e-01 6.000000e-02
33022: 2.118812e+00 1.564356e+00 1.574257e+00 5.445545e-01 1.386139e-01 5.940594e-02
33022: 2.117647e+00 1.568627e+00 1.578431e+00 5.392157e-01 1.372549e-01 5.882353e-02
33022: 2.116505e+00 1.563107e+00 1.582524e+00 5.436893e-01 1.359223e-01 5.825243e-02
33022: 2.115385e+00 1.576923e+00 1.576923e+00 5.384615e-01 1.346154e-01 5.769231e-02
33022: 2.104762e+00 1.571429e+00 1.590476e+00 5.428571e-01 1.333333e-01 5.714286e-02
33022: 2.094340e+00 1.584906e+00 1.584906e+00 5.471698e-01 1.320755e-01 5.660377e-02
33022: 2.093458e+00 1.579439e+00 1.579439e+00 5.607477e-01 1.308411e-01 5.607477e-02
33022: 2.074074e+00 1.601852e+00 1.574074e+00 5.648148e-01 1.296296e-01 5.555556e-02
33022: 2.073394e+00 1.596330e+00 1.577982e+00 5.688073e-01 1.284404e-01 5.504587e-02
33022: 2.063636e+00 1.609091e+00 1.572727e+00 5.727273e-01 1.272727e-01 5.454545e-02
33022: 2.054054e+00 1.612613e+00 1.567568e+00 5.855856e-01 1.261261e-01 5.405405e-02
33022: 2.062500e+00 1.616071e+00 1.562500e+00 5.803571e-01 1.250000e-01 5.357143e-02
33022: 2.053097e+00 1.610619e+00 1.575221e+00 5.752212e-01 1.327434e-01 5.309735e-02
33022: 2.052632e+00 1.614035e+00 1.570175e+00 5.789474e-01 1.315789e-01 5.263158e-02
33022: 2.052174e+00 1.608696e+00 1.565217e+00 5.913043e-01 1.304348e-01 5.217391e-02
33022: 2.051724e+00 1.612069e+00 1.568966e+00 5.862069e-01 1.293103e-01 5.172414e-02
33022: 2.042735e+00 1.606838e+00 1.572650e+00 5.897436e-01 1.367521e-01 5.128205e-02
33022: 2.042373e+00 1.593220e+00 1.584746e+00 5.932203e-01 1.355932e-01 5.084746e-02
33022: 2.033613e+00 1.596639e+00 1.588235e+00 5.966387e-01 1.344538e-01 5.042017e-02
33022: 2.050000e+00 1.583333e+00 1.583333e+00 6.000000e-01 1.333333e-01 5.000000e-02
33022: 2.041322e+00 1.586777e+00 1.570248e+00 6.033058e-01 1.487603e-01 4.958678e-02
33022: 2.040984e+00 1.581967e+00 1.565574e+00 6.065574e-01 1.475410e-01 5.737705e-02
33022: 2.040650e+00 1.585366e+00 1.560976e+00 6.097561e-01 1.463415e-01 5.691057e-02
33022: 2.032258e+00 1.580645e+00 1.572581e+00 6.048387e-01 1.451613e-01 6.451613e-02
33022: 2.032000e+00 1.576000e+00 1.568000e+00 6.160000e-01 1.440000e-01 6.400000e-02
33022: 2.023810e+00 1.579365e+00 1.563492e+00 6.190476e-01 1.507937e-01 6.349206e-02
33022: 2.023622e+00 1.574803e+00 1.566929e+00 6.141732e-01 1.496063e-01 7.086614e-02
33022: 2.023438e+00 1.570312e+00 1.578125e+00 6.093750e-01 1.484375e-01 7.031250e-02
33022: 2.023256e+00 1.565891e+00 1.573643e+00 6.201550e-01 1.472868e-01 6.976744e-02
33022: 2.023077e+00 1.576923e+00 1.569231e+00 6.153846e-01 1.461538e-01 6.923077e-02
33022: 2.022901e+00 1.572519e+00 1.572519e+00 6.183206e-01 1.450382e-01 6.870229e-02
33022: 2.030303e+00 1.575758e+00 1.560606e+00 6.212121e-01 1.439394e-01 6.818182e-02
33022: 2.022556e+00 1.578947e+00 1.563910e+00 6.165414e-01 1.503759e-01 6.766917e-02
33022: 2.022388e+00 1.574627e+00 1.574627e+00 6.119403e-01 1.492537e-01 6.716418e-02
33022: 2.014815e+00 1.577778e+00 1.562963e+00 6.222222e-01 1.555556e-01 6.666667e-02
33022: 2.022059e+00 1.566176e+00 1.573529e+00 6.176471e-01 1.544118e-01 6.617647e-02
33022: 2.021898e+00 1.569343e+00 1.569343e+00 6.131387e-01 1.605839e-01 6.569343e-02
33022: 2.014493e+00 1.586957e+00 1.565217e+00 6.086957e-01 1.594203e-01 6.521739e-02
33022: 2.021583e+00 1.582734e+00 1.568345e+00 6.043165e-01 1.582734e-01 6.474820e-02
33022: 2.021429e+00 1.592857e+00 1.564286e+00 6.000000e-01 1.571429e-01 6.428571e-02
33022: 2.021277e+00 1.588652e+00 1.574468e+00 5.957447e-01 1.560284e-01 6.382979e-02
33022: 2.014085e+00 1.591549e+00 1.570423e+00 6.056338e-01 1.549296e-01 6.338028e-02
33022: 2.020979e+00 1.587413e+00 1.559441e+00 6.153846e-01 1.538462e-01 6.293706e-02
33022: 2.013889e+00 1.590278e+00 1.555556e+00 6.250000e-01 1.527778e-01 6.250000e-02
33022: 2.013793e+00 1.593103e+00 1.551724e+00 6.275862e-01 1.517241e-01 6.206897e-02
33022: 2.006849e+00 1.595890e+00 1.561644e+00 6.232877e-01 1.506849e-01 6.164384e-02
33022: 2.006803e+00 1.591837e+00 1.564626e+00 6.258503e-01 1.496599e-01 6.122449e-02
33022: 2.006757e+00 1.587838e+00 1.574324e+00 6.216216e-01 1.486486e-01 6.081081e-02
33022: 2.000000e+00 1.590604e+00 1.570470e+00 6.241611e-01 1.543624e-01 6.040268e-02
33022: 2.000000e+00 1.580000e+00 1.573333e+00 6.333333e-01 1.533333e-01 6.000000e-02
33022: 1.993377e+00 1.582781e+00 1.562914e+00 6.423841e-01 1.589404e-01 5.960265e-02
33022: 1.993421e+00 1.578947e+00 1.572368e+00 6.381579e-01 1.578947e-01 5.921053e-02
33022: 1.986928e+00 1.575163e+00 1.575163e+00 6.470588e-01 1.568627e-01 5.882353e-02
33022: 1.987013e+00 1.571429e+00 1.571429e+00 6.493506e-01 1.623377e-01 5.844156e-02
33022: 1.980645e+00 1.567742e+00 1.580645e+00 6.516129e-01 1.612903e-01 5.806452e-02
33022: 1.980769e+00 1.570513e+00 1.583333e+00 6.474359e-01 1.602564e-01 5.769231e-02
33022: 1.974522e+00 1.573248e+00 1.573248e+00 6.624204e-01 1.592357e-01 5.732484e-02
33022: 1.974684e+00 1.569620e+00 1.569620e+00 6.645570e-01 1.645570e-01 5.696203e-02
33022: 1.968553e+00 1.578616e+00 1.566038e+00 6.666667e-01 1.635220e-01 5.660377e-02
33022: 1.968750e+00 1.575000e+00 1.568750e+00 6.687500e-01 1.625000e-01 5.625000e-02
33022: 1.968944e+00 1.577640e+00 1.571429e+00 6.645963e-01 1.614907e-01 5.590062e-02
33022: 1.962963e+00 1.580247e+00 1.567901e+00 6.728395e-01 1.604938e-01 5.555556e-02
33022: 1.969325e+00 1.576687e+00 1.570552e+00 6.687117e-01 1.595092e-01 5.521472e-02
33022: 1.969512e+00 1.573171e+00 1.573171e+00 6.707317e-01 1.585366e-01 5.487805e-02
33022: 1.969697e+00 1.581818e+00 1.563636e+00 6.727273e-01 1.575758e-01 5.454545e-02
33022: 1.969880e+00 1.578313e+00 1.572289e+00 6.686747e-01 1.566265e-01 5.421687e-02
33022: 1.964072e+00 1.586826e+00 1.562874e+00 6.766467e-01 1.556886e-01 5.389222e-02
33022: 1.970238e+00 1.589286e+00 1.559524e+00 6.726190e-01 1.547619e-01 5.357143e-02
33022: 1.970414e+00 1.579882e+00 1.568047e+00 6.686391e-01 1.538462e-01 5.917160e-02
33022: 1.964706e+00 1.588235e+00 1.564706e+00 6.705882e-01 1.529412e-01 5.882353e-02
33022: 1.970760e+00 1.584795e+00 1.567251e+00 6.666667e-01 1.520468e-01 5.847953e-02
33022: 1.965116e+00 1.581395e+00 1.575581e+00 6.686047e-01 1.511628e-01 5.813953e-02
33022: 1.965318e+00 1.578035e+00 1.572254e+00 6.705202e-01 1.560694e-01 5.780347e-02
33022: 1.959770e+00 1.580460e+00 1.568966e+00 6.724138e-01 1.609195e-01 5.747126e-02
33022: 1.971429e+00 1.577143e+00 1.565714e+00 6.685714e-01 1.600000e-01 5.714286e-02
33022: 1.971591e+00 1.579545e+00 1.562500e+00 6.647727e-01 1.647727e-01 5.681818e-02
33022: 1.977401e+00 1.576271e+00 1.564972e+00 6.610169e-01 1.638418e-01 5.649718e-02
33022: 1.971910e+00 1.578652e+00 1.567416e+00 6.573034e-01 1.685393e-01 5.617978e-02
33022: 1.972067e+00 1.575419e+00 1.569832e+00 6.592179e-01 1.675978e-01 5.586592e-02
33022: 1.972222e+00 1.583333e+00 1.566667e+00 6.555556e-01 1.666667e-01 5.555556e-02
33022: 1.966851e+00 1.574586e+00 1.580110e+00 6.519337e-01 1.712707e-01 5.524862e-02
33022: 1.967033e+00 1.576923e+00 1.576923e+00 6.538462e-01 1.703297e-01 5.494505e-02
33022: 1.972678e+00 1.573770e+00 1.573770e+00 6.557377e-01 1.693989e-01 5.464481e-02
33022: 1.967391e+00 1.576087e+00 1.570652e+00 6.576087e-01 1.739130e-01 5.434783e-02
33022: 1.967568e+00 1.583784e+00 1.562162e+00 6.594595e-01 1.729730e-01 5.405405e-02
33022: 1.967742e+00 1.580645e+00 1.569892e+00 6.559140e-01 1.720430e-01 5.376344e-02
33022: 1.962567e+00 1.582888e+00 1.577540e+00 6.524064e-01 1.711230e-01 5.347594e-02
33022: 1.962766e+00 1.579787e+00 1.574468e+00 6.542553e-01 1.702128e-01 5.851064e-02
33022: 1.957672e+00 1.582011e+00 1.576720e+00 6.560847e-01 1.693122e-01 5.820106e-02
33022: 1.957895e+00 1.578947e+00 1.578947e+00 6.578947e-01 1.684211e-01 5.789474e-02
33022: 1.952880e+00 1.586387e+00 1.570681e+00 6.649215e-01 1.675393e-01 5.759162e-02
33022: 1.958333e+00 1.583333e+00 1.567708e+00 6.666667e-01 1.666667e-01 5.729167e-02
33022: 1.953368e+00 1.585492e+00 1.569948e+00 6.683938e-01 1.658031e-01 5.699482e-02
33022: 1.953608e+00 1.592784e+00 1.567010e+00 6.649485e-01 1.649485e-01 5.670103e-02
33022: 1.953846e+00 1.589744e+00 1.574359e+00 6.615385e-01 1.641026e-01 5.641026e-02
33022: 1.954082e+00 1.591837e+00 1.566327e+00 6.632653e-01 1.683673e-01 5.612245e-02
33022: 1.959391e+00 1.588832e+00 1.568528e+00 6.598985e-01 1.675127e-01 5.583756e-02
33022: 1.959596e+00 1.590909e+00 1.570707e+00 6.565657e-01 1.666667e-01 5.555556e-02
33022: 1.954774e+00 1.587940e+00 1.567839e+00 6.683417e-01 1.658291e-01 5.527638e-02
33022: 1.955000e+00 1.590000e+00 1.565000e+00 6.700000e-01 1.650000e-01 5.500000e-02
33022: 1.955224e+00 1.587065e+00 1.572139e+00 6.666667e-01 1.641791e-01 5.472637e-02
33022: 1.950495e+00 1.594059e+00 1.564356e+00 6.683168e-01 1.683168e-01 5.445545e-02
33022: 1.960591e+00 1.586207e+00 1.566502e+00 6.650246e-01 1.674877e-01 5.418719e-02
33022: 1.960784e+00 1.588235e+00 1.563725e+00 6.666667e-01 1.666667e-01 5.392157e-02
33022: 1.956098e+00 1.585366e+00 1.570732e+00 6.682927e-01 1.658537e-01 5.365854e-02
33022: 1.961165e+00 1.582524e+00 1.567961e+00 6.699029e-01 1.650485e-01 5.339806e-02
33022: 1.956522e+00 1.579710e+00 1.574879e+00 6.714976e-01 1.642512e-01 5.314010e-02
33022: 1.961538e+00 1.572115e+00 1.576923e+00 6.730769e-01 1.634615e-01 5.288462e-02
33022: 1.956938e+00 1.578947e+00 1.574163e+00 6.746411e-01 1.626794e-01 5.263158e-02
33022: 1.961905e+00 1.580952e+00 1.566667e+00 6.761905e-01 1.619048e-01 5.238095e-02
33022: 1.957346e+00 1.578199e+00 1.573460e+00 6.729858e-01 1.611374e-01 5.687204e-02
33022: 1.962264e+00 1.575472e+00 1.566038e+00 6.745283e-01 1.650943e-01 5.660377e-02
33022: 1.957746e+00 1.577465e+00 1.572770e+00 6.713615e-01 1.643192e-01 5.633803e-02
33022: 1.957944e+00 1.579439e+00 1.565421e+00 6.728972e-01 1.682243e-01 5.607477e-02
33022: 1.953488e+00 1.581395e+00 1.572093e+00 6.697674e-01 1.674419e-01 5.581395e-02
33022: 1.953704e+00 1.583333e+00 1.564815e+00 6.759259e-01 1.666667e-01 5.555556e-02
33022: 1.953917e+00 1.580645e+00 1.571429e+00 6.728111e-01 1.658986e-01 5.529954e-02
33022: 1.949541e+00 1.587156e+00 1.568807e+00 6.743119e-01 1.651376e-01 5.504587e-02
33022: 1.954338e+00 1.584475e+00 1.570776e+00 6.712329e-01 1.643836e-01 5.479452e-02
33022: 1.954545e+00 1.586364e+00 1.563636e+00 6.772727e-01 1.636364e-01 5.454545e-02
33022: 1.950226e+00 1.588235e+00 1.565611e+00 6.742081e-01 1.628959e-01 5.882353e-02
33022: 1.954955e+00 1.585586e+00 1.567568e+00 6.711712e-01 1.621622e-01 5.855856e-02
33022: 1.955157e+00 1.587444e+00 1.569507e+00 6.681614e-01 1.614350e-01 5.829596e-02
33022: 1.955357e+00 1.584821e+00 1.566964e+00 6.741071e-01 1.607143e-01 5.803571e-02
33022: 1.951111e+00 1.586667e+00 1.568889e+00 6.711111e-01 1.644444e-01 5.777778e-02
33022: 1.955752e+00 1.588496e+00 1.566372e+00 6.681416e-01 1.637168e-01 5.752212e-02
33022: 1.951542e+00 1.585903e+00 1.577093e+00 6.651982e-01 1.629956e-01 5.726872e-02
33022: 1.951754e+00 1.587719e+00 1.574561e+00 6.666667e-01 1.622807e-01 5.701754e-02
33022: 1.947598e+00 1.580786e+00 1.580786e+00 6.681223e-01 1.659389e-01 5.676856e-02
33022: 1.952174e+00 1.578261e+00 1.573913e+00 6.695652e-01 1.695652e-01 5.652174e-02
33022: 1.952381e+00 1.580087e+00 1.567100e+00 6.709957e-01 1.731602e-01 5.627706e-02
33022: 1.948276e+00 1.581897e+00 1.573276e+00 6.681034e-01 1.724138e-01 5.603448e-02
33022: 1.957082e+00 1.579399e+00 1.566524e+00 6.695279e-01 1.716738e-01 5.579399e-02
33022: 1.952991e+00 1.585470e+00 1.564103e+00 6.666667e-01 1.709402e-01 5.982906e-02
33022: 1.953191e+00 1.582979e+00 1.565957e+00 6.638298e-01 1.702128e-01 6.382979e-02
33022: 1.949153e+00 1.588983e+00 1.563559e+00 6.652542e-01 1.694915e-01 6.355932e-02
33022: 1.949367e+00 1.586498e+00 1.561181e+00 6.708861e-01 1.687764e-01 6.329114e-02
33022: 1.949580e+00 1.588235e+00 1.558824e+00 6.722689e-01 1.680672e-01 6.302521e-02
33022: 1.945607e+00 1.589958e+00 1.564854e+00 6.694561e-01 1.673640e-01 6.276151e-02
33022: 1.945833e+00 1.583333e+00 1.570833e+00 6.708333e-01 1.666667e-01 6.250000e-02
33022: 1.950207e+00 1.585062e+00 1.564315e+00 6.721992e-01 1.659751e-01 6.224066e-02
33022: 1.950413e+00 1.582645e+00 1.566116e+00 6.694215e-01 1.694215e-01 6.198347e-02
33022: 1.950617e+00 1.588477e+00 1.563786e+00 6.666667e-01 1.687243e-01 6.172840e-02
33022: 1.946721e+00 1.590164e+00 1.569672e+00 6.639344e-01 1.680328e-01 6.147541e-02
33022: 1.946939e+00 1.587755e+00 1.571429e+00 6.612245e-01 1.714286e-01 6.122449e-02
33022: 1.943089e+00 1.589431e+00 1.569106e+00 6.666667e-01 1.707317e-01 6.097561e-02
33022: 1.943320e+00 1.591093e+00 1.570850e+00 6.639676e-01 1.700405e-01 6.072874e-02
33022: 1.939516e+00 1.596774e+00 1.564516e+00 6.693548e-01 1.693548e-01 6.048387e-02
33022: 1.939759e+00 1.594378e+00 1.566265e+00 6.706827e-01 1.686747e-01 6.024096e-02
33022: 1.936000e+00 1.604000e+00 1.564000e+00 6.680000e-01 1.680000e-01 6.000000e-02
33022: 1.936255e+00 1.601594e+00 1.569721e+00 6.653386e-01 1.673307e-01 5.976096e-02
33022: 1.936508e+00 1.599206e+00 1.575397e+00 6.626984e-01 1.666667e-01 5.952381e-02
33022: 1.932806e+00 1.600791e+00 1.573123e+00 6.640316e-01 1.699605e-01 5.928854e-02
33022: 1.937008e+00 1.602362e+00 1.566929e+00 6.653543e-01 1.692913e-01 5.905512e-02
33022: 1.937255e+00 1.596078e+00 1.572549e+00 6.666667e-01 1.686275e-01 5.882353e-02
33022: 1.937500e+00 1.601562e+00 1.566406e+00 6.679688e-01 1.679688e-01 5.859375e-02
33022: 1.933852e+00 1.599222e+00 1.575875e+00 6.653696e-01 1.673152e-01 5.836576e-02
33022: 1.941860e+00 1.593023e+00 1.573643e+00 6.666667e-01 1.666667e-01 5.813953e-02
33022: 1.942085e+00 1.594595e+00 1.571429e+00 6.679537e-01 1.660232e-01 5.791506e-02
33022: 1.942308e+00 1.592308e+00 1.569231e+00 6.692308e-01 1.692308e-01 5.769231e-02
33022: 1.938697e+00 1.593870e+00 1.570881e+00 6.666667e-01 1.724138e-01 5.747126e-02
33022: 1.938931e+00 1.591603e+00 1.568702e+00 6.717557e-01 1.717557e-01 5.725191e-02
33022: 1.939163e+00 1.589354e+00 1.574144e+00 6.692015e-01 1.711027e-01 5.703422e-02
33022: 1.939394e+00 1.590909e+00 1.571970e+00 6.704545e-01 1.704545e-01 5.681818e-02
33022: 1.935849e+00 1.588679e+00 1.573585e+00 6.754717e-01 1.698113e-01 5.660377e-02
33022: 1.936090e+00 1.590226e+00 1.571429e+00 6.766917e-01 1.691729e-01 5.639098e-02
33022: 1.932584e+00 1.588015e+00 1.573034e+00 6.816479e-01 1.685393e-01 5.617978e-02
33022: 1.936567e+00 1.589552e+00 1.567164e+00 6.828358e-01 1.679104e-01 5.597015e-02
33022: 1.933086e+00 1.587361e+00 1.572491e+00 6.802974e-01 1.710037e-01 5.576208e-02
33022: 1.933333e+00 1.588889e+00 1.570370e+00 6.814815e-01 1.703704e-01 5.555556e-02
33022: 1.929889e+00 1.590406e+00 1.571956e+00 6.826568e-01 1.697417e-01 5.535055e-02
33022: 1.930147e+00 1.588235e+00 1.569853e+00 6.838235e-01 1.727941e-01 5.514706e-02
33022: 1.926740e+00 1.586081e+00 1.578755e+00 6.813187e-01 1.721612e-01 5.494505e-02
33022: 1.930657e+00 1.587591e+00 1.572993e+00 6.824818e-01 1.715328e-01 5.474453e-02
33022: 1.934545e+00 1.581818e+00 1.574545e+00 6.836364e-01 1.709091e-01 5.454545e-02
33022: 1.931159e+00 1.583333e+00 1.572464e+00 6.884058e-01 1.702899e-01 5.434783e-02
33022: 1.938628e+00 1.581227e+00 1.566787e+00 6.895307e-01 1.696751e-01 5.415162e-02
33022: 1.935252e+00 1.582734e+00 1.571942e+00 6.870504e-01 1.690647e-01 5.395683e-02
33022: 1.935484e+00 1.584229e+00 1.566308e+00 6.917563e-01 1.684588e-01 5.376344e-02
33022: 1.939286e+00 1.582143e+00 1.567857e+00 6.892857e-01 1.678571e-01 5.357143e-02
33022: 1.939502e+00 1.583630e+00 1.569395e+00 6.868327e-01 1.672598e-01 5.338078e-02
33022: 1.939716e+00 1.585106e+00 1.567376e+00 6.879433e-01 1.666667e-01 5.319149e-02
33022: 1.936396e+00 1.579505e+00 1.572438e+00 6.890459e-01 1.696113e-01 5.300353e-02
33022: 1.936620e+00 1.577465e+00 1.566901e+00 6.936620e-01 1.725352e-01 5.281690e-02
33022: 1.936842e+00 1.575439e+00 1.568421e+00 6.947368e-01 1.719298e-01 5.263158e-02
33022: 1.933566e+00 1.576923e+00 1.566434e+00 6.993007e-01 1.713287e-01 5.244755e-02
33022: 1.933798e+00 1.581882e+00 1.564460e+00 6.968641e-01 1.707317e-01 5.226481e-02
33022: 1.930556e+00 1.579861e+00 1.565972e+00 7.013889e-01 1.701389e-01 5.208333e-02
33022: 1.927336e+00 1.584775e+00 1.567474e+00 6.989619e-01 1.695502e-01 5.190311e-02
33022: 1.927586e+00 1.582759e+00 1.565517e+00 7.000000e-01 1.724138e-01 5.172414e-02
33022: 1.931271e+00 1.580756e+00 1.567010e+00 6.975945e-01 1.718213e-01 5.154639e-02
33022: 1.934932e+00 1.578767e+00 1.568493e+00 6.952055e-01 1.712329e-01 5.136986e-02
33022: 1.931741e+00 1.580205e+00 1.569966e+00 6.928328e-01 1.706485e-01 5.460751e-02
33022: 1.938776e+00 1.578231e+00 1.568027e+00 6.904762e-01 1.700680e-01 5.442177e-02
33022: 1.938983e+00 1.579661e+00 1.566102e+00 6.881356e-01 1.728814e-01 5.423729e-02
33022: 1.939189e+00 1.581081e+00 1.567568e+00 6.858108e-01 1.722973e-01 5.405405e-02
33022: 1.936027e+00 1.582492e+00 1.569024e+00 6.868687e-01 1.717172e-01 5.387205e-02
33022: 1.939597e+00 1.583893e+00 1.567114e+00 6.845638e-01 1.711409e-01 5.369128e-02
33022: 1.943144e+00 1.581940e+00 1.568562e+00 6.822742e-01 1.705686e-01 5.351171e-02
33022: 1.943333e+00 1.586667e+00 1.566667e+00 6.800000e-01 1.700000e-01 5.333333e-02
33022: 1.943522e+00 1.588040e+00 1.568106e+00 6.777409e-01 1.694352e-01 5.315615e-02
33022: 1.940397e+00 1.589404e+00 1.569536e+00 6.788079e-01 1.688742e-01 5.298013e-02
33022: 1.940594e+00 1.590759e+00 1.570957e+00 6.765677e-01 1.683168e-01 5.280528e-02
33022: 1.937500e+00 1.588816e+00 1.569079e+00 6.809211e-01 1.710526e-01 5.263158e-02
33022: 1.944262e+00 1.583607e+00 1.570492e+00 6.786885e-01 1.704918e-01 5.245902e-02
33022: 1.941176e+00 1.584967e+00 1.568627e+00 6.830065e-01 1.699346e-01 5.228758e-02
33022: 1.938111e+00 1.583062e+00 1.573290e+00 6.840391e-01 1.693811e-01 5.211726e-02
33022: 1.941558e+00 1.581169e+00 1.571429e+00 6.850649e-01 1.688312e-01 5.194805e-02
33022: 1.938511e+00 1.579288e+00 1.569579e+00 6.893204e-01 1.715210e-01 5.177994e-02
33022: 1.935484e+00 1.577419e+00 1.577419e+00 6.870968e-01 1.709677e-01 5.161290e-02
33022: 1.935691e+00 1.581994e+00 1.572347e+00 6.881029e-01 1.704180e-01 5.144695e-02
33022: 1.932692e+00 1.576923e+00 1.576923e+00 6.923077e-01 1.698718e-01 5.128205e-02
33022: 1.932907e+00 1.575080e+00 1.575080e+00 6.932907e-01 1.725240e-01 5.111821e-02
33022: 1.929936e+00 1.579618e+00 1.573248e+00 6.942675e-01 1.719745e-01 5.095541e-02
33022: 1.930159e+00 1.574603e+00 1.577778e+00 6.952381e-01 1.714286e-01 5.079365e-02
33022: 1.927215e+00 1.575949e+00 1.579114e+00 6.962025e-01 1.708861e-01 5.063291e-02
33022: 1.927445e+00 1.574132e+00 1.580442e+00 6.971609e-01 1.703470e-01 5.047319e-02
33022: 1.930818e+00 1.575472e+00 1.575472e+00 6.981132e-01 1.698113e-01 5.031447e-02
33022: 1.927900e+00 1.573668e+00 1.576803e+00 7.021944e-01 1.692790e-01 5.015674e-02
33022: 1.928125e+00 1.571875e+00 1.575000e+00 7.062500e-01 1.687500e-01 5.000000e-02
33022: 1.928349e+00 1.573209e+00 1.570093e+00 7.102804e-01 1.682243e-01 4.984424e-02
33022: 1.925466e+00 1.568323e+00 1.574534e+00 7.111801e-01 1.677019e-01 5.279503e-02
33022: 1.922601e+00 1.578947e+00 1.569659e+00 7.089783e-01 1.671827e-01 5.263158e-02
33022: 1.925926e+00 1.577160e+00 1.567901e+00 7.098765e-01 1.666667e-01 5.246914e-02
33022: 1.926154e+00 1.575385e+00 1.572308e+00 7.076923e-01 1.661538e-01 5.230769e-02
33022: 1.923313e+00 1.576687e+00 1.573620e+00 7.085890e-01 1.656442e-01 5.214724e-02
33022: 1.926606e+00 1.571865e+00 1.571865e+00 7.094801e-01 1.681957e-01 5.198777e-02
33022: 1.923780e+00 1.570122e+00 1.570122e+00 7.134146e-01 1.707317e-01 5.182927e-02
33022: 1.924012e+00 1.568389e+00 1.571429e+00 7.142857e-01 1.702128e-01 5.167173e-02
33022: 1.924242e+00 1.572727e+00 1.569697e+00 7.121212e-01 1.696970e-01 5.151515e-02
33022: 1.924471e+00 1.570997e+00 1.574018e+00 7.099698e-01 1.691843e-01 5.135952e-02
33022: 1.921687e+00 1.572289e+00 1.575301e+00 7.108434e-01 1.686747e-01 5.120482e-02
33022: 1.924925e+00 1.573574e+00 1.570571e+00 7.117117e-01 1.681682e-01 5.105105e-02
33022: 1.925150e+00 1.571856e+00 1.571856e+00 7.125749e-01 1.676647e-01 5.089820e-02
33022: 1.922388e+00 1.573134e+00 1.570149e+00 7.134328e-01 1.701493e-01 5.074627e-02
33022: 1.919643e+00 1.571429e+00 1.571429e+00 7.142857e-01 1.696429e-01 5.357143e-02
33022: 1.922849e+00 1.569733e+00 1.566766e+00 7.151335e-01 1.721068e-01 5.341246e-02
33022: 1.920118e+00 1.573964e+00 1.565089e+00 7.159763e-01 1.715976e-01 5.325444e-02
33022: 1.920354e+00 1.572271e+00 1.569322e+00 7.138643e-01 1.710914e-01 5.309735e-02
33022: 1.917647e+00 1.573529e+00 1.567647e+00 7.117647e-01 1.764706e-01 5.294118e-02
33022: 1.917889e+00 1.574780e+00 1.568915e+00 7.096774e-01 1.759531e-01 5.278592e-02
33022: 1.915205e+00 1.570175e+00 1.573099e+00 7.134503e-01 1.754386e-01 5.263158e-02
33022: 1.912536e+00 1.571429e+00 1.571429e+00 7.172012e-01 1.749271e-01 5.247813e-02
33022: 1.915698e+00 1.569767e+00 1.569767e+00 7.180233e-01 1.744186e-01 5.232558e-02
33022: 1.915942e+00 1.576812e+00 1.565217e+00 7.159420e-01 1.739130e-01 5.217391e-02
33022: 1.913295e+00 1.575145e+00 1.569364e+00 7.167630e-01 1.734104e-01 5.202312e-02
33022: 1.913545e+00 1.576369e+00 1.570605e+00 7.146974e-01 1.729107e-01 5.187320e-02
33022: 1.910920e+00 1.574713e+00 1.568966e+00 7.212644e-01 1.724138e-01 5.172414e-02
33022: 1.911175e+00 1.575931e+00 1.567335e+00 7.220630e-01 1.719198e-01 5.157593e-02
33022: 1.911429e+00 1.574286e+00 1.568571e+00 7.228571e-01 1.714286e-01 5.142857e-02
33022: 1.908832e+00 1.578348e+00 1.566952e+00 7.207977e-01 1.737892e-01 5.128205e-02
33022: 1.906250e+00 1.579545e+00 1.571023e+00 7.187500e-01 1.732955e-01 5.113636e-02
33022: 1.906516e+00 1.577904e+00 1.569405e+00 7.195467e-01 1.756374e-01 5.099150e-02
33022: 1.903955e+00 1.584746e+00 1.567797e+00 7.175141e-01 1.751412e-01 5.084746e-02
33022: 1.901408e+00 1.588732e+00 1.566197e+00 7.183099e-01 1.746479e-01 5.070423e-02
33022: 1.901685e+00 1.587079e+00 1.567416e+00 7.191011e-01 1.741573e-01 5.056180e-02
33022: 1.899160e+00 1.591036e+00 1.565826e+00 7.170868e-01 1.764706e-01 5.042017e-02
33022: 1.902235e+00 1.589385e+00 1.564246e+00 7.178771e-01 1.759777e-01 5.027933e-02
33022: 1.899721e+00 1.590529e+00 1.568245e+00 7.158774e-01 1.754875e-01 5.013928e-02
33022: 1.905556e+00 1.588889e+00 1.566667e+00 7.138889e-01 1.750000e-01 5.000000e-02
33022: 1.905817e+00 1.590028e+00 1.565097e+00 7.146814e-01 1.745152e-01 4.986150e-02
33022: 1.903315e+00 1.588398e+00 1.571823e+00 7.127072e-01 1.740331e-01 4.972376e-02
33022: 1.906336e+00 1.589532e+00 1.567493e+00 7.134986e-01 1.735537e-01 4.958678e-02
33022: 1.903846e+00 1.587912e+00 1.571429e+00 7.115385e-01 1.758242e-01 4.945055e-02
33022: 1.901370e+00 1.586301e+00 1.572603e+00 7.150685e-01 1.753425e-01 4.931507e-02
33022: 1.901639e+00 1.587432e+00 1.571038e+00 7.158470e-01 1.748634e-01 4.918033e-02
33022: 1.899183e+00 1.591281e+00 1.569482e+00 7.166213e-01 1.743869e-01 4.904632e-02
33022: 1.899457e+00 1.592391e+00 1.567935e+00 7.146739e-01 1.766304e-01 4.891304e-02
33022: 1.897019e+00 1.593496e+00 1.569106e+00 7.154472e-01 1.761518e-01 4.878049e-02
33022: 1.897297e+00 1.591892e+00 1.570270e+00 7.135135e-01 1.783784e-01 4.864865e-02
33022: 1.897574e+00 1.592992e+00 1.566038e+00 7.169811e-01 1.778976e-01 4.851752e-02
33022: 1.897849e+00 1.588710e+00 1.572581e+00 7.150538e-01 1.774194e-01 4.838710e-02
33022: 1.900804e+00 1.587131e+00 1.571046e+00 7.158177e-01 1.769437e-01 4.825737e-02
33022: 1.898396e+00 1.588235e+00 1.569519e+00 7.192513e-01 1.764706e-01 4.812834e-02
33022: 1.898667e+00 1.592000e+00 1.568000e+00 7.173333e-01 1.760000e-01 4.800000e-02
33022: 1.898936e+00 1.593085e+00 1.569149e+00 7.154255e-01 1.755319e-01 4.787234e-02
33022: 1.896552e+00 1.594164e+00 1.570292e+00 7.161804e-01 1.750663e-01 4.774536e-02
33022: 1.899471e+00 1.595238e+00 1.566138e+00 7.169312e-01 1.746032e-01 4.761905e-02
33022: 1.897098e+00 1.596306e+00 1.567282e+00 7.176781e-01 1.741425e-01 4.749340e-02
33022: 1.897368e+00 1.594737e+00 1.568421e+00 7.157895e-01 1.763158e-01 4.736842e-02
33022: 1.895013e+00 1.598425e+00 1.569554e+00 7.139108e-01 1.758530e-01 4.724409e-02
33022: 1.895288e+00 1.594241e+00 1.575916e+00 7.120419e-01 1.753927e-01 4.712042e-02
33022: 1.892950e+00 1.595300e+00 1.571802e+00 7.180157e-01 1.749347e-01 4.699739e-02
33022: 1.895833e+00 1.596354e+00 1.567708e+00 7.187500e-01 1.744792e-01 4.687500e-02
33022: 1.898701e+00 1.594805e+00 1.568831e+00 7.168831e-01 1.740260e-01 4.675325e-02
33022: 1.896373e+00 1.593264e+00 1.572539e+00 7.176166e-01 1.735751e-01 4.663212e-02
33022: 1.899225e+00 1.594315e+00 1.568475e+00 7.183463e-01 1.731266e-01 4.651163e-02
33022: 1.896907e+00 1.592784e+00 1.572165e+00 7.190722e-01 1.726804e-01 4.639175e-02
33022: 1.897172e+00 1.593830e+00 1.570694e+00 7.197943e-01 1.722365e-01 4.627249e-02
33022: 1.894872e+00 1.592308e+00 1.574359e+00 7.205128e-01 1.717949e-01 4.615385e-02
33022: 1.897698e+00 1.590793e+00 1.572890e+00 7.212276e-01 1.713555e-01 4.603581e-02
33022: 1.895408e+00 1.594388e+00 1.571429e+00 7.219388e-01 1.709184e-01 4.591837e-02
33022: 1.898219e+00 1.590331e+00 1.572519e+00 7.226463e-01 1.704835e-01 4.580153e-02
33022: 1.895939e+00 1.593909e+00 1.571066e+00 7.233503e-01 1.700508e-01 4.568528e-02
33022: 1.898734e+00 1.592405e+00 1.569620e+00 7.240506e-01 1.696203e-01 4.556962e-02
33022: 1.896465e+00 1.598485e+00 1.568182e+00 7.222222e-01 1.691919e-01 4.545455e-02
33022: 1.899244e+00 1.596977e+00 1.566751e+00 7.204030e-01 1.712846e-01 4.534005e-02
33022: 1.896985e+00 1.600503e+00 1.565327e+00 7.185930e-01 1.733668e-01 4.522613e-02
33022: 1.899749e+00 1.598997e+00 1.563910e+00 7.167920e-01 1.729323e-01 4.761905e-02
33022: 1.900000e+00 1.600000e+00 1.565000e+00 7.150000e-01 1.725000e-01 4.750000e-02
33022: 1.900249e+00 1.596010e+00 1.568579e+00 7.157107e-01 1.720698e-01 4.738155e-02
33022: 1.900498e+00 1.599502e+00 1.567164e+00 7.139303e-01 1.716418e-01 4.726368e-02
33022: 1.900744e+00 1.598015e+00 1.570720e+00 7.121588e-01 1.712159e-01 4.714640e-02
33022: 1.898515e+00 1.601485e+00 1.569307e+00 7.128713e-01 1.707921e-01 4.702970e-02
33022: 1.901235e+00 1.602469e+00 1.567901e+00 7.111111e-01 1.703704e-01 4.691358e-02
33022: 1.901478e+00 1.598522e+00 1.571429e+00 7.093596e-01 1.724138e-01 4.679803e-02
33022: 1.901720e+00 1.601966e+00 1.567568e+00 7.100737e-01 1.719902e-01 4.668305e-02
33022: 1.901961e+00 1.602941e+00 1.568627e+00 7.083333e-01 1.715686e-01 4.656863e-02
33022: 1.902200e+00 1.603912e+00 1.567237e+00 7.090465e-01 1.711491e-01 4.645477e-02
33022: 1.900000e+00 1.602439e+00 1.570732e+00 7.097561e-01 1.707317e-01 4.634146e-02
33022: 1.902676e+00 1.600973e+00 1.569343e+00 7.104623e-01 1.703163e-01 4.622871e-02
33022: 1.905340e+00 1.599515e+00 1.570388e+00 7.087379e-01 1.699029e-01 4.611650e-02
33022: 1.903148e+00 1.600484e+00 1.569007e+00 7.118644e-01 1.694915e-01 4.600484e-02
33022: 1.900966e+00 1.599034e+00 1.572464e+00 7.125604e-01 1.690821e-01 4.589372e-02
33022: 1.903614e+00 1.597590e+00 1.571084e+00 7.132530e-01 1.686747e-01 4.578313e-02
33022: 1.906250e+00 1.598558e+00 1.567308e+00 7.139423e-01 1.682692e-01 4.567308e-02
33022: 1.906475e+00 1.597122e+00 1.570743e+00 7.122302e-01 1.678657e-01 4.556355e-02
33022: 1.904306e+00 1.598086e+00 1.569378e+00 7.153110e-01 1.674641e-01 4.545455e-02
33022: 1.904535e+00 1.596659e+00 1.570406e+00 7.136038e-01 1.694511e-01 4.534606e-02
33022: 1.907143e+00 1.597619e+00 1.566667e+00 7.142857e-01 1.690476e-01 4.523810e-02
33022: 1.904988e+00 1.596200e+00 1.570071e+00 7.149644e-01 1.686461e-01 4.513064e-02
33022: 1.905213e+00 1.597156e+00 1.568720e+00 7.156398e-01 1.682464e-01 4.502370e-02
33022: 1.907801e+00 1.593381e+00 1.572104e+00 7.139480e-01 1.678487e-01 4.491726e-02
33022: 1.905660e+00 1.594340e+00 1.570755e+00 7.169811e-01 1.674528e-01 4.481132e-02
33022: 1.905882e+00 1.592941e+00 1.571765e+00 7.176471e-01 1.670588e-01 4.470588e-02
33022: 1.901408e+00 1.593897e+00 1.572770e+00 7.183099e-01 1.690141e-01 4.460094e-02
33022: 1.901639e+00 1.592506e+00 1.571429e+00 7.213115e-01 1.686183e-01 4.449649e-02
33022: 1.901869e+00 1.593458e+00 1.567757e+00 7.242991e-01 1.682243e-01 4.439252e-02
33022: 1.899767e+00 1.592075e+00 1.571096e+00 7.226107e-01 1.701632e-01 4.428904e-02
33022: 1.902326e+00 1.590698e+00 1.567442e+00 7.232558e-01 1.697674e-01 4.651163e-02
33022: 1.900232e+00 1.591647e+00 1.568445e+00 7.238979e-01 1.693735e-01 4.640371e-02
33022: 1.898148e+00 1.592593e+00 1.569444e+00 7.222222e-01 1.712963e-01 4.629630e-02
33022: 1.898383e+00 1.591224e+00 1.570439e+00 7.228637e-01 1.709007e-01 4.618938e-02
33022: 1.896313e+00 1.592166e+00 1.566820e+00 7.281106e-01 1.705069e-01 4.608295e-02
33022: 1.896552e+00 1.595402e+00 1.565517e+00 7.264368e-01 1.701149e-01 4.597701e-02
33022: 1.896789e+00 1.594037e+00 1.566514e+00 7.270642e-01 1.697248e-01 4.587156e-02
33022: 1.894737e+00 1.594966e+00 1.569794e+00 7.254005e-01 1.693364e-01 4.576659e-02
33022: 1.894977e+00 1.595890e+00 1.570776e+00 7.237443e-01 1.689498e-01 4.566210e-02
33022: 1.897494e+00 1.594533e+00 1.567198e+00 7.266515e-01 1.685649e-01 4.555809e-02
33022: 1.895455e+00 1.597727e+00 1.565909e+00 7.250000e-01 1.704545e-01 4.545455e-02
33022: 1.897959e+00 1.596372e+00 1.566893e+00 7.233560e-01 1.700680e-01 4.535147e-02
33022: 1.898190e+00 1.597285e+00 1.565611e+00 7.239819e-01 1.696833e-01 4.524887e-02
33022: 1.898420e+00 1.593679e+00 1.571106e+00 7.223476e-01 1.693002e-01 4.514673e-02
33022: 1.896396e+00 1.594595e+00 1.572072e+00 7.229730e-01 1.689189e-01 4.504505e-02
33022: 1.894382e+00 1.595506e+00 1.570787e+00 7.258427e-01 1.685393e-01 4.494382e-02
33022: 1.892377e+00 1.596413e+00 1.571749e+00 7.264574e-01 1.681614e-01 4.484305e-02
33022: 1.894855e+00 1.595078e+00 1.570470e+00 7.270694e-01 1.677852e-01 4.474273e-02
33022: 1.895089e+00 1.598214e+00 1.566964e+00 7.276786e-01 1.674107e-01 4.464286e-02
33022: 1.893096e+00 1.596882e+00 1.572383e+00 7.260579e-01 1.670379e-01 4.454343e-02
33022: 1.891111e+00 1.597778e+00 1.571111e+00 7.288889e-01 1.666667e-01 4.444444e-02
33022: 1.889135e+00 1.598670e+00 1.569845e+00 7.317073e-01 1.662971e-01 4.434590e-02
33022: 1.889381e+00 1.597345e+00 1.573009e+00 7.300885e-01 1.659292e-01 4.424779e-02
33022: 1.887417e+00 1.596026e+00 1.573951e+00 7.328918e-01 1.655629e-01 4.415011e-02
33022: 1.885463e+00 1.596916e+00 1.574890e+00 7.334802e-01 1.651982e-01 4.405286e-02
33022: 1.883516e+00 1.595604e+00 1.573626e+00 7.362637e-01 1.670330e-01 4.395604e-02
33022: 1.883772e+00 1.598684e+00 1.570175e+00 7.368421e-01 1.666667e-01 4.385965e-02
33022: 1.881838e+00 1.599562e+00 1.568928e+00 7.396061e-01 1.663020e-01 4.376368e-02
33022: 1.882096e+00 1.598253e+00 1.572052e+00 7.379913e-01 1.659389e-01 4.366812e-02
33022: 1.880174e+00 1.603486e+00 1.568627e+00 7.385621e-01 1.655773e-01 4.357298e-02
33022: 1.878261e+00 1.604348e+00 1.571739e+00 7.369565e-01 1.652174e-01 4.347826e-02
33022: 1.880694e+00 1.600868e+00 1.570499e+00 7.375271e-01 1.670282e-01 4.338395e-02
33022: 1.878788e+00 1.601732e+00 1.569264e+00 7.402597e-01 1.666667e-01 4.329004e-02
33022: 1.876890e+00 1.600432e+00 1.572354e+00 7.408207e-01 1.663067e-01 4.319654e-02
33022: 1.877155e+00 1.601293e+00 1.568966e+00 7.435345e-01 1.659483e-01 4.310345e-02
33022: 1.877419e+00 1.602151e+00 1.569892e+00 7.419355e-01 1.655914e-01 4.301075e-02
33022: 1.875536e+00 1.600858e+00 1.570815e+00 7.446352e-01 1.652361e-01 4.291845e-02
33022: 1.875803e+00 1.599572e+00 1.569593e+00 7.473233e-01 1.648822e-01 4.282655e-02
33022: 1.873932e+00 1.600427e+00 1.570513e+00 7.478632e-01 1.645299e-01 4.273504e-02
33022: 1.872068e+00 1.603412e+00 1.569296e+00 7.484009e-01 1.641791e-01 4.264392e-02
33022: 1.872340e+00 1.602128e+00 1.570213e+00 7.489362e-01 1.638298e-01 4.255319e-02
33022: 1.870488e+00 1.607219e+00 1.566879e+00 7.494692e-01 1.634820e-01 4.246285e-02
33022: 1.870763e+00 1.610169e+00 1.565678e+00 7.478814e-01 1.631356e-01 4.237288e-02
33022: 1.868922e+00 1.608879e+00 1.568710e+00 7.484144e-01 1.627907e-01 4.228330e-02
33022: 1.871308e+00 1.607595e+00 1.569620e+00 7.468354e-01 1.624473e-01 4.219409e-02
33022: 1.869474e+00 1.608421e+00 1.570526e+00 7.473684e-01 1.621053e-01 4.210526e-02
33022: 1.871849e+00 1.607143e+00 1.569328e+00 7.478992e-01 1.617647e-01 4.201681e-02
33022: 1.870021e+00 1.610063e+00 1.570231e+00 7.463312e-01 1.614256e-01 4.192872e-02
33022: 1.872385e+00 1.608787e+00 1.566946e+00 7.489540e-01 1.610879e-01 4.184100e-02
33022: 1.870564e+00 1.609603e+00 1.567850e+00 7.494781e-01 1.607516e-01 4.175365e-02
33022: 1.870833e+00 1.606250e+00 1.572917e+00 7.479167e-01 1.604167e-01 4.166667e-02
33022: 1.869023e+00 1.609148e+00 1.571726e+00 7.484407e-01 1.600832e-01 4.158004e-02
33022: 1.873444e+00 1.607884e+00 1.568465e+00 7.489627e-01 1.597510e-01 4.149378e-02
33022: 1.873706e+00 1.608696e+00 1.569358e+00 7.474120e-01 1.594203e-01 4.140787e-02
33022: 1.871901e+00 1.609504e+00 1.568182e+00 7.479339e-01 1.611570e-01 4.132231e-02
33022: 1.874227e+00 1.608247e+00 1.569072e+00 7.463918e-01 1.608247e-01 4.123711e-02
33022: 1.872428e+00 1.611111e+00 1.569959e+00 7.448560e-01 1.604938e-01 4.115226e-02
33022: 1.874743e+00 1.607803e+00 1.570842e+00 7.453799e-01 1.601643e-01 4.106776e-02
33022: 1.875000e+00 1.608607e+00 1.569672e+00 7.459016e-01 1.598361e-01 4.098361e-02
33022: 1.875256e+00 1.607362e+00 1.572597e+00 7.443763e-01 1.595092e-01 4.089980e-02
33022: 1.873469e+00 1.608163e+00 1.571429e+00 7.469388e-01 1.591837e-01 4.081633e-02
33022: 1.873727e+00 1.608961e+00 1.570265e+00 7.474542e-01 1.588595e-01 4.073320e-02
33022: 1.873984e+00 1.607724e+00 1.569106e+00 7.479675e-01 1.605691e-01 4.065041e-02
33022: 1.872211e+00 1.608519e+00 1.567951e+00 7.484787e-01 1.602434e-01 4.259635e-02
33022: 1.872470e+00 1.607287e+00 1.568826e+00 7.469636e-01 1.599190e-01 4.453441e-02
33022: 1.872727e+00 1.608081e+00 1.567677e+00 7.454545e-01 1.616162e-01 4.444444e-02
33022: 1.872984e+00 1.604839e+00 1.572581e+00 7.439516e-01 1.612903e-01 4.435484e-02
33022: 1.873239e+00 1.603622e+00 1.571429e+00 7.444668e-01 1.629779e-01 4.426559e-02
33022: 1.873494e+00 1.606426e+00 1.568273e+00 7.449799e-01 1.626506e-01 4.417671e-02
33022: 1.873747e+00 1.605210e+00 1.569138e+00 7.434870e-01 1.643287e-01 4.408818e-02
33022: 1.872000e+00 1.606000e+00 1.572000e+00 7.420000e-01 1.640000e-01 4.400000e-02
33022: 1.872255e+00 1.608782e+00 1.568862e+00 7.425150e-01 1.636727e-01 4.391218e-02
33022: 1.870518e+00 1.607570e+00 1.573705e+00 7.410359e-01 1.633466e-01 4.382470e-02
33022: 1.870775e+00 1.610338e+00 1.570577e+00 7.415507e-01 1.630219e-01 4.373757e-02
33022: 1.869048e+00 1.613095e+00 1.569444e+00 7.420635e-01 1.626984e-01 4.365079e-02
33022: 1.869307e+00 1.613861e+00 1.570297e+00 7.405941e-01 1.623762e-01 4.356436e-02
33022: 1.867589e+00 1.610672e+00 1.571146e+00 7.450593e-01 1.620553e-01 4.347826e-02
33022: 1.869822e+00 1.609467e+00 1.568047e+00 7.475345e-01 1.617357e-01 4.339250e-02
33022: 1.870079e+00 1.612205e+00 1.566929e+00 7.460630e-01 1.614173e-01 4.330709e-02
33022: 1.870334e+00 1.612967e+00 1.567780e+00 7.445972e-01 1.611002e-01 4.322200e-02
33022: 1.870588e+00 1.613725e+00 1.566667e+00 7.450980e-01 1.607843e-01 4.313725e-02
33022: 1.870841e+00 1.612524e+00 1.567515e+00 7.436399e-01 1.624266e-01 4.305284e-02
33022: 1.869141e+00 1.617188e+00 1.566406e+00 7.421875e-01 1.621094e-01 4.296875e-02
33022: 1.871345e+00 1.615984e+00 1.565302e+00 7.426901e-01 1.617934e-01 4.288499e-02
33022: 1.869650e+00 1.614786e+00 1.566148e+00 7.431907e-01 1.634241e-01 4.280156e-02
33022: 1.869903e+00 1.611650e+00 1.568932e+00 7.436893e-01 1.631068e-01 4.271845e-02
33022: 1.870155e+00 1.612403e+00 1.567829e+00 7.441860e-01 1.627907e-01 4.263566e-02
33022: 1.870406e+00 1.611219e+00 1.570600e+00 7.427466e-01 1.624758e-01 4.255319e-02
33022: 1.868726e+00 1.610039e+00 1.573359e+00 7.432432e-01 1.621622e-01 4.247104e-02
33022: 1.868979e+00 1.608863e+00 1.574181e+00 7.437380e-01 1.618497e-01 4.238921e-02
33022: 1.867308e+00 1.609615e+00 1.573077e+00 7.442308e-01 1.615385e-01 4.423077e-02
33022: 1.871401e+00 1.606526e+00 1.571977e+00 7.447217e-01 1.612284e-01 4.414587e-02
33022: 1.871648e+00 1.607280e+00 1.570881e+00 7.452107e-01 1.609195e-01 4.406130e-02
33022: 1.871893e+00 1.606119e+00 1.569790e+00 7.456979e-01 1.625239e-01 4.397706e-02
33022: 1.870229e+00 1.606870e+00 1.568702e+00 7.480916e-01 1.622137e-01 4.389313e-02
33022: 1.870476e+00 1.607619e+00 1.569524e+00 7.466667e-01 1.619048e-01 4.380952e-02
33022: 1.870722e+00 1.608365e+00 1.568441e+00 7.471483e-01 1.615970e-01 4.372624e-02
33022: 1.869070e+00 1.611006e+00 1.569260e+00 7.457306e-01 1.612903e-01 4.364326e-02
33022: 1.869318e+00 1.609848e+00 1.571970e+00 7.443182e-01 1.609848e-01 4.356061e-02
33022: 1.867675e+00 1.610586e+00 1.570888e+00 7.466919e-01 1.606805e-01 4.347826e-02
33022: 1.867925e+00 1.611321e+00 1.569811e+00 7.471698e-01 1.603774e-01 4.339623e-02
33022: 1.866290e+00 1.610169e+00 1.574388e+00 7.457627e-01 1.600753e-01 4.331450e-02
33022: 1.866541e+00 1.609023e+00 1.575188e+00 7.462406e-01 1.597744e-01 4.323308e-02
33022: 1.866792e+00 1.609756e+00 1.574109e+00 7.467167e-01 1.594747e-01 4.315197e-02
33022: 1.867041e+00 1.608614e+00 1.574906e+00 7.471910e-01 1.591760e-01 4.307116e-02
33022: 1.865421e+00 1.613084e+00 1.571963e+00 7.476636e-01 1.588785e-01 4.299065e-02
33022: 1.865672e+00 1.611940e+00 1.570896e+00 7.481343e-01 1.604478e-01 4.291045e-02
33022: 1.865922e+00 1.612663e+00 1.569832e+00 7.486034e-01 1.601490e-01 4.283054e-02
33022: 1.864312e+00 1.611524e+00 1.572491e+00 7.490706e-01 1.598513e-01 4.275093e-02
33022: 1.864564e+00 1.610390e+00 1.573284e+00 7.495362e-01 1.595547e-01 4.267161e-02
33022: 1.862963e+00 1.611111e+00 1.572222e+00 7.518519e-01 1.592593e-01 4.259259e-02
33022: 1.861368e+00 1.611830e+00 1.569316e+00 7.541590e-01 1.608133e-01 4.251386e-02
33022: 1.861624e+00 1.608856e+00 1.573801e+00 7.527675e-01 1.605166e-01 4.243542e-02
33022: 1.861878e+00 1.609576e+00 1.572744e+00 7.532228e-01 1.602210e-01 4.235727e-02
33022: 1.860294e+00 1.610294e+00 1.573529e+00 7.536765e-01 1.599265e-01 4.227941e-02
33022: 1.860550e+00 1.609174e+00 1.574312e+00 7.541284e-01 1.596330e-01 4.220183e-02
33022: 1.858974e+00 1.608059e+00 1.576923e+00 7.545788e-01 1.593407e-01 4.212454e-02
33022: 1.859232e+00 1.608775e+00 1.575868e+00 7.550274e-01 1.590494e-01 4.204753e-02
33022: 1.859489e+00 1.609489e+00 1.574818e+00 7.554745e-01 1.587591e-01 4.197080e-02
33022: 1.857923e+00 1.608379e+00 1.575592e+00 7.577413e-01 1.584699e-01 4.189435e-02
33022: 1.858182e+00 1.607273e+00 1.574545e+00 7.581818e-01 1.600000e-01 4.181818e-02
33022: 1.856624e+00 1.607985e+00 1.573503e+00 7.586207e-01 1.615245e-01 4.174229e-02
33022: 1.858696e+00 1.608696e+00 1.570652e+00 7.590580e-01 1.612319e-01 4.166667e-02
33022: 1.857143e+00 1.609403e+00 1.571429e+00 7.594937e-01 1.609403e-01 4.159132e-02
33022: 1.859206e+00 1.610108e+00 1.568592e+00 7.599278e-01 1.606498e-01 4.151625e-02
33022: 1.859459e+00 1.607207e+00 1.572973e+00 7.585586e-01 1.603604e-01 4.144144e-02
33022: 1.857914e+00 1.609712e+00 1.571942e+00 7.589928e-01 1.600719e-01 4.136691e-02
33022: 1.858169e+00 1.608618e+00 1.570916e+00 7.612208e-01 1.597846e-01 4.129264e-02
33022: 1.856631e+00 1.609319e+00 1.569892e+00 7.616487e-01 1.612903e-01 4.121864e-02
33022: 1.856887e+00 1.608229e+00 1.570662e+00 7.620751e-01 1.610018e-01 4.114490e-02
33022: 1.855357e+00 1.608929e+00 1.569643e+00 7.642857e-01 1.607143e-01 4.107143e-02
33022: 1.855615e+00 1.607843e+00 1.570410e+00 7.647059e-01 1.604278e-01 4.099822e-02
33022: 1.855872e+00 1.610320e+00 1.567616e+00 7.651246e-01 1.601423e-01 4.092527e-02
33022: 1.856128e+00 1.609236e+00 1.570160e+00 7.637655e-01 1.598579e-01 4.085258e-02
33022: 1.858156e+00 1.609929e+00 1.567376e+00 7.641844e-01 1.595745e-01 4.078014e-02
33022: 1.858407e+00 1.608850e+00 1.568142e+00 7.628319e-01 1.610619e-01 4.070796e-02
33022: 1.856890e+00 1.611307e+00 1.567138e+00 7.614841e-01 1.625442e-01 4.063604e-02
33022: 1.857143e+00 1.611993e+00 1.566138e+00 7.619048e-01 1.622575e-01 4.056437e-02
33022: 1.855634e+00 1.610915e+00 1.568662e+00 7.623239e-01 1.619718e-01 4.049296e-02
33022: 1.857645e+00 1.611599e+00 1.567663e+00 7.609842e-01 1.616872e-01 4.042179e-02
33022: 1.856140e+00 1.610526e+00 1.570175e+00 7.614035e-01 1.614035e-01 4.035088e-02
33022: 1.856392e+00 1.611208e+00 1.569177e+00 7.618214e-01 1.611208e-01 4.028021e-02
33022: 1.856643e+00 1.610140e+00 1.569930e+00 7.622378e-01 1.608392e-01 4.020979e-02
33022: 1.855148e+00 1.612565e+00 1.568935e+00 7.626527e-01 1.605585e-01 4.013962e-02
33022: 1.855401e+00 1.613240e+00 1.569686e+00 7.613240e-01 1.602787e-01 4.006969e-02
33022: 1.855652e+00 1.612174e+00 1.570435e+00 7.617391e-01 1.600000e-01 4.000000e-02
33022: 1.855903e+00 1.612847e+00 1.567708e+00 7.638889e-01 1.597222e-01 3.993056e-02
33022: 1.856153e+00 1.611785e+00 1.570191e+00 7.625650e-01 1.594454e-01 3.986135e-02
33022: 1.856401e+00 1.612457e+00 1.569204e+00 7.629758e-01 1.591696e-01 3.979239e-02
33022: 1.854922e+00 1.611399e+00 1.573402e+00 7.616580e-01 1.588946e-01 3.972366e-02
33022: 1.856897e+00 1.612069e+00 1.570690e+00 7.620690e-01 1.586207e-01 3.965517e-02
33022: 1.858864e+00 1.611015e+00 1.569707e+00 7.624785e-01 1.583477e-01 3.958692e-02
33022: 1.859107e+00 1.611684e+00 1.568729e+00 7.628866e-01 1.580756e-01 3.951890e-02
33022: 1.857633e+00 1.612350e+00 1.571184e+00 7.615780e-01 1.578045e-01 3.945111e-02
33022: 1.859589e+00 1.611301e+00 1.568493e+00 7.636986e-01 1.575342e-01 3.938356e-02
33022: 1.858120e+00 1.611966e+00 1.569231e+00 7.623932e-01 1.589744e-01 3.931624e-02
33022: 1.858362e+00 1.612628e+00 1.568259e+00 7.610922e-01 1.604096e-01 3.924915e-02
33022: 1.860307e+00 1.611584e+00 1.568995e+00 7.597956e-01 1.601363e-01 3.918228e-02
33022: 1.858844e+00 1.612245e+00 1.571429e+00 7.585034e-01 1.598639e-01 3.911565e-02
33022: 1.860781e+00 1.612903e+00 1.568761e+00 7.589134e-01 1.595925e-01 3.904924e-02
33022: 1.859322e+00 1.613559e+00 1.571186e+00 7.576271e-01 1.593220e-01 3.898305e-02
33022: 1.859560e+00 1.610829e+00 1.571912e+00 7.580372e-01 1.607445e-01 3.891709e-02
33022: 1.858108e+00 1.611486e+00 1.570946e+00 7.584459e-01 1.621622e-01 3.885135e-02
33022: 1.858347e+00 1.610455e+00 1.569983e+00 7.588533e-01 1.635750e-01 3.878583e-02
33022: 1.856902e+00 1.611111e+00 1.570707e+00 7.575758e-01 1.649832e-01 3.872054e-02
33022: 1.858824e+00 1.608403e+00 1.569748e+00 7.596639e-01 1.647059e-01 3.865546e-02
33022: 1.857383e+00 1.609060e+00 1.570470e+00 7.600671e-01 1.644295e-01 3.859060e-02
33022: 1.857621e+00 1.609715e+00 1.567839e+00 7.621441e-01 1.641541e-01 3.852596e-02
33022: 1.857860e+00 1.608696e+00 1.570234e+00 7.608696e-01 1.638796e-01 3.846154e-02
33022: 1.858097e+00 1.611018e+00 1.567613e+00 7.612688e-01 1.636060e-01 3.839733e-02
33022: 1.856667e+00 1.611667e+00 1.570000e+00 7.600000e-01 1.633333e-01 3.833333e-02
33022: 1.855241e+00 1.612313e+00 1.569052e+00 7.620632e-01 1.630616e-01 3.826955e-02
33022: 1.857143e+00 1.609635e+00 1.571429e+00 7.607973e-01 1.627907e-01 3.820598e-02
33022: 1.857380e+00 1.611940e+00 1.568823e+00 7.611940e-01 1.625207e-01 3.814262e-02
33022: 1.855960e+00 1.609272e+00 1.572848e+00 7.615894e-01 1.622517e-01 3.807947e-02
33022: 1.856198e+00 1.609917e+00 1.571901e+00 7.619835e-01 1.619835e-01 3.801653e-02
33022: 1.856436e+00 1.607261e+00 1.572607e+00 7.640264e-01 1.617162e-01 3.795380e-02
33022: 1.856672e+00 1.607908e+00 1.570016e+00 7.660626e-01 1.614498e-01 3.789127e-02
33022: 1.855263e+00 1.606908e+00 1.570724e+00 7.664474e-01 1.628289e-01 3.782895e-02
33022: 1.857143e+00 1.604269e+00 1.569787e+00 7.684729e-01 1.625616e-01 3.776683e-02
33022: 1.855738e+00 1.604918e+00 1.572131e+00 7.672131e-01 1.622951e-01 3.770492e-02
33022: 1.855974e+00 1.603928e+00 1.572831e+00 7.675941e-01 1.620295e-01 3.764321e-02
33022: 1.856209e+00 1.606209e+00 1.570261e+00 7.679739e-01 1.617647e-01 3.758170e-02
33022: 1.854812e+00 1.605220e+00 1.569331e+00 7.699837e-01 1.631321e-01 3.752039e-02
33022: 1.855049e+00 1.604235e+00 1.571661e+00 7.687296e-01 1.628664e-01 3.745928e-02
33022: 1.853659e+00 1.604878e+00 1.572358e+00 7.691057e-01 1.626016e-01 3.739837e-02
33022: 1.853896e+00 1.607143e+00 1.569805e+00 7.694805e-01 1.623377e-01 3.733766e-02
33022: 1.852512e+00 1.606159e+00 1.573744e+00 7.682334e-01 1.620746e-01 3.727715e-02
33022: 1.852751e+00 1.605178e+00 1.572816e+00 7.702265e-01 1.618123e-01 3.721683e-02
33022: 1.851373e+00 1.607431e+00 1.570275e+00 7.722132e-01 1.615509e-01 3.715670e-02
33022: 1.853226e+00 1.606452e+00 1.569355e+00 7.725806e-01 1.612903e-01 3.709677e-02
33022: 1.853462e+00 1.608696e+00 1.568438e+00 7.713366e-01 1.610306e-01 3.703704e-02
33022: 1.855305e+00 1.607717e+00 1.569132e+00 7.700965e-01 1.607717e-01 3.697749e-02
33022: 1.853933e+00 1.608347e+00 1.571429e+00 7.688604e-01 1.605136e-01 3.691814e-02
33022: 1.852564e+00 1.608974e+00 1.572115e+00 7.692308e-01 1.602564e-01 3.685897e-02
33022: 1.852800e+00 1.608000e+00 1.571200e+00 7.712000e-01 1.600000e-01 3.680000e-02
33022: 1.851438e+00 1.607029e+00 1.570288e+00 7.731629e-01 1.613419e-01 3.674121e-02
33022: 1.851675e+00 1.606061e+00 1.569378e+00 7.751196e-01 1.610845e-01 3.668262e-02
33022: 1.851911e+00 1.606688e+00 1.568471e+00 7.754777e-01 1.608280e-01 3.662420e-02
33022: 1.852146e+00 1.605723e+00 1.569157e+00 7.742448e-01 1.605723e-01 3.815580e-02
33022: 1.850794e+00 1.606349e+00 1.569841e+00 7.730159e-01 1.619048e-01 3.809524e-02
33022: 1.852615e+00 1.605388e+00 1.568938e+00 7.733756e-01 1.616482e-01 3.803487e-02
33022: 1.851266e+00 1.606013e+00 1.571203e+00 7.721519e-01 1.613924e-01 3.797468e-02
33022: 1.851501e+00 1.605055e+00 1.570300e+00 7.740916e-01 1.611374e-01 3.791469e-02
33022: 1.851735e+00 1.607256e+00 1.567823e+00 7.744479e-01 1.608833e-01 3.785489e-02
33022: 1.850394e+00 1.606299e+00 1.570079e+00 7.732283e-01 1.622047e-01 3.779528e-02
33022: 1.852201e+00 1.605346e+00 1.567610e+00 7.735849e-01 1.635220e-01 3.773585e-02
33022: 1.852433e+00 1.607535e+00 1.566719e+00 7.723705e-01 1.632653e-01 3.767661e-02
33022: 1.851097e+00 1.608150e+00 1.568966e+00 7.711599e-01 1.630094e-01 3.761755e-02
33022: 1.854460e+00 1.607199e+00 1.568075e+00 7.699531e-01 1.627543e-01 3.755869e-02
33022: 1.854688e+00 1.607813e+00 1.568750e+00 7.687500e-01 1.625000e-01 3.750000e-02
33022: 1.854914e+00 1.606864e+00 1.569423e+00 7.691108e-01 1.622465e-01 3.744150e-02
33022: 1.853583e+00 1.607477e+00 1.568536e+00 7.710280e-01 1.619938e-01 3.738318e-02
33022: 1.853810e+00 1.608087e+00 1.567652e+00 7.713841e-01 1.617418e-01 3.732504e-02
33022: 1.852484e+00 1.608696e+00 1.568323e+00 7.701863e-01 1.630435e-01 3.726708e-02
33022: 1.852713e+00 1.609302e+00 1.567442e+00 7.689922e-01 1.643411e-01 3.720930e-02
33022: 1.851393e+00 1.608359e+00 1.571207e+00 7.678019e-01 1.640867e-01 3.715170e-02
33022: 1.851623e+00 1.608964e+00 1.570325e+00 7.681607e-01 1.638331e-01 3.709428e-02
33022: 1.851852e+00 1.609568e+00 1.569444e+00 7.685185e-01 1.635802e-01 3.703704e-02
33022: 1.852080e+00 1.608629e+00 1.571649e+00 7.673344e-01 1.633282e-01 3.697997e-02
33022: 1.850769e+00 1.609231e+00 1.570769e+00 7.676923e-01 1.646154e-01 3.692308e-02
33022: 1.854071e+00 1.608295e+00 1.568356e+00 7.680492e-01 1.643625e-01 3.686636e-02
33022: 1.854294e+00 1.610429e+00 1.567485e+00 7.668712e-01 1.641104e-01 3.680982e-02
33022: 1.854518e+00 1.609495e+00 1.569678e+00 7.656968e-01 1.638591e-01 3.675345e-02
33022: 1.854740e+00 1.610092e+00 1.568807e+00 7.660550e-01 1.636086e-01 3.669725e-02
33022: 1.854962e+00 1.610687e+00 1.569466e+00 7.648855e-01 1.633588e-01 3.664122e-02
33022: 1.853659e+00 1.611280e+00 1.570122e+00 7.652439e-01 1.631098e-01 3.658537e-02
33022: 1.853881e+00 1.610350e+00 1.569254e+00 7.671233e-01 1.628615e-01 3.652968e-02
33022: 1.854103e+00 1.612462e+00 1.568389e+00 7.659574e-01 1.626140e-01 3.647416e-02
33022: 1.852807e+00 1.614568e+00 1.569044e+00 7.647951e-01 1.623672e-01 3.641882e-02
33022: 1.854545e+00 1.613636e+00 1.568182e+00 7.636364e-01 1.636364e-01 3.636364e-02
33022: 1.854766e+00 1.615734e+00 1.567322e+00 7.624811e-01 1.633888e-01 3.630862e-02
33022: 1.853474e+00 1.613293e+00 1.569486e+00 7.628399e-01 1.646526e-01 3.625378e-02
33022: 1.856712e+00 1.612368e+00 1.568627e+00 7.616893e-01 1.644042e-01 3.619910e-02
33022: 1.855422e+00 1.614458e+00 1.569277e+00 7.605422e-01 1.641566e-01 3.614458e-02
33022: 1.855639e+00 1.613534e+00 1.569925e+00 7.609023e-01 1.639098e-01 3.609023e-02
33022: 1.854354e+00 1.615616e+00 1.569069e+00 7.612613e-01 1.636637e-01 3.603604e-02
33022: 1.854573e+00 1.616192e+00 1.568216e+00 7.601199e-01 1.649175e-01 3.598201e-02
33022: 1.854790e+00 1.616766e+00 1.568862e+00 7.589820e-01 1.646707e-01 3.592814e-02
33022: 1.855007e+00 1.617339e+00 1.568012e+00 7.593423e-01 1.644245e-01 3.587444e-02
33022: 1.855224e+00 1.616418e+00 1.570149e+00 7.582090e-01 1.641791e-01 3.582090e-02
33022: 1.855440e+00 1.618480e+00 1.567809e+00 7.585693e-01 1.639344e-01 3.576751e-02
33022: 1.854167e+00 1.619048e+00 1.569940e+00 7.574405e-01 1.636905e-01 3.571429e-02
33022: 1.852897e+00 1.619614e+00 1.572065e+00 7.563150e-01 1.634473e-01 3.566122e-02
33022: 1.854599e+00 1.618694e+00 1.571217e+00 7.566766e-01 1.632047e-01 3.560831e-02
33022: 1.854815e+00 1.619259e+00 1.568889e+00 7.570370e-01 1.644444e-01 3.555556e-02
33022: 1.853550e+00 1.618343e+00 1.571006e+00 7.559172e-01 1.656805e-01 3.550296e-02
33022: 1.852290e+00 1.618907e+00 1.571640e+00 7.562777e-01 1.654357e-01 3.545052e-02
33022: 1.852507e+00 1.617994e+00 1.569322e+00 7.581121e-01 1.666667e-01 3.539823e-02
33022: 1.852725e+00 1.618557e+00 1.568483e+00 7.584683e-01 1.664212e-01 3.534610e-02
33022: 1.854412e+00 1.617647e+00 1.569118e+00 7.573529e-01 1.661765e-01 3.529412e-02
33022: 1.854626e+00 1.616740e+00 1.569750e+00 7.577093e-01 1.659325e-01 3.524229e-02
33022: 1.854839e+00 1.618768e+00 1.568915e+00 7.565982e-01 1.656891e-01 3.519062e-02
33022: 1.855051e+00 1.617862e+00 1.569546e+00 7.554905e-01 1.669107e-01 3.513909e-02
33022: 1.855263e+00 1.618421e+00 1.570175e+00 7.543860e-01 1.666667e-01 3.508772e-02
33022: 1.854015e+00 1.617518e+00 1.569343e+00 7.562044e-01 1.678832e-01 3.503650e-02
33022: 1.854227e+00 1.616618e+00 1.568513e+00 7.565598e-01 1.690962e-01 3.498542e-02
33022: 1.854440e+00 1.617176e+00 1.567686e+00 7.554585e-01 1.688501e-01 3.639010e-02
33022: 1.853198e+00 1.617733e+00 1.568314e+00 7.558140e-01 1.686047e-01 3.633721e-02
33022: 1.854862e+00 1.616836e+00 1.568940e+00 7.547170e-01 1.683599e-01 3.628447e-02
33022: 1.853623e+00 1.618841e+00 1.569565e+00 7.536232e-01 1.681159e-01 3.623188e-02
33022: 1.853835e+00 1.617945e+00 1.570188e+00 7.525326e-01 1.693198e-01 3.617945e-02
33022: 1.855491e+00 1.618497e+00 1.567919e+00 7.528902e-01 1.690751e-01 3.612717e-02
33022: 1.854257e+00 1.616162e+00 1.571429e+00 7.532468e-01 1.688312e-01 3.607504e-02
33022: 1.853026e+00 1.616715e+00 1.572046e+00 7.536023e-01 1.685879e-01 3.602305e-02
33022: 1.854676e+00 1.615827e+00 1.569784e+00 7.553957e-01 1.683453e-01 3.597122e-02
33022: 1.853448e+00 1.617816e+00 1.570402e+00 7.543103e-01 1.681034e-01 3.591954e-02
33022: 1.855093e+00 1.616930e+00 1.568149e+00 7.560976e-01 1.678623e-01 3.586801e-02
33022: 1.853868e+00 1.617479e+00 1.568768e+00 7.564470e-01 1.676218e-01 3.581662e-02
33022: 1.854077e+00 1.616595e+00 1.570815e+00 7.553648e-01 1.673820e-01 3.576538e-02
33022: 1.854286e+00 1.617143e+00 1.570000e+00 7.557143e-01 1.671429e-01 3.571429e-02
33022: 1.853067e+00 1.616262e+00 1.570613e+00 7.560628e-01 1.683310e-01 3.566334e-02
33022: 1.854701e+00 1.615385e+00 1.569801e+00 7.564103e-01 1.680912e-01 3.561254e-02
33022: 1.853485e+00 1.617354e+00 1.570413e+00 7.553343e-01 1.678521e-01 3.556188e-02
33022: 1.853693e+00 1.616477e+00 1.571023e+00 7.556818e-01 1.676136e-01 3.551136e-02
33022: 1.853901e+00 1.617021e+00 1.568794e+00 7.574468e-01 1.673759e-01 3.546099e-02
33022: 1.852691e+00 1.617564e+00 1.569405e+00 7.563739e-01 1.685552e-01 3.541076e-02
33022: 1.852900e+00 1.616690e+00 1.570014e+00 7.567185e-01 1.683168e-01 3.536068e-02
33022: 1.854520e+00 1.617232e+00 1.567797e+00 7.570621e-01 1.680791e-01 3.531073e-02
33022: 1.856135e+00 1.616361e+00 1.568406e+00 7.559944e-01 1.678420e-01 3.526093e-02
33022: 1.856338e+00 1.616901e+00 1.567606e+00 7.549296e-01 1.676056e-01 3.661972e-02
33022: 1.855134e+00 1.616034e+00 1.568214e+00 7.552743e-01 1.687764e-01 3.656821e-02
33022: 1.855337e+00 1.615169e+00 1.567416e+00 7.556180e-01 1.699438e-01 3.651685e-02
33022: 1.855540e+00 1.617111e+00 1.566620e+00 7.545582e-01 1.697055e-01 3.646564e-02
33022: 1.855742e+00 1.617647e+00 1.567227e+00 7.535014e-01 1.694678e-01 3.641457e-02
33022: 1.854545e+00 1.616783e+00 1.566434e+00 7.538462e-01 1.720280e-01 3.636364e-02
33022: 1.854749e+00 1.617318e+00 1.567039e+00 7.527933e-01 1.717877e-01 3.631285e-02
33022: 1.854951e+00 1.616457e+00 1.567643e+00 7.531381e-01 1.715481e-01 3.626220e-02
33022: 1.855153e+00 1.618384e+00 1.566852e+00 7.520891e-01 1.713092e-01 3.621170e-02
33022: 1.855355e+00 1.618915e+00 1.567455e+00 7.510431e-01 1.710709e-01 3.616134e-02
33022: 1.856944e+00 1.616667e+00 1.568056e+00 7.513889e-01 1.708333e-01 3.611111e-02
33022: 1.857143e+00 1.617198e+00 1.567268e+00 7.517337e-01 1.705964e-01 3.606103e-02
33022: 1.855956e+00 1.616343e+00 1.569252e+00 7.520776e-01 1.703601e-01 3.601108e-02
33022: 1.856155e+00 1.615491e+00 1.571231e+00 7.510373e-01 1.701245e-01 3.596127e-02
33022: 1.854972e+00 1.617403e+00 1.570442e+00 7.513812e-01 1.698895e-01 3.591160e-02
33022: 1.855172e+00 1.617931e+00 1.568276e+00 7.531034e-01 1.696552e-01 3.586207e-02
33022: 1.853994e+00 1.618457e+00 1.568871e+00 7.534435e-01 1.694215e-01 3.581267e-02
33022: 1.854195e+00 1.618982e+00 1.569464e+00 7.524072e-01 1.691884e-01 3.576341e-02
33022: 1.854396e+00 1.619505e+00 1.568681e+00 7.527473e-01 1.689560e-01 3.571429e-02
33022: 1.855967e+00 1.618656e+00 1.569273e+00 7.517147e-01 1.687243e-01 3.566529e-02
33022: 1.854795e+00 1.619178e+00 1.568493e+00 7.520548e-01 1.698630e-01 3.561644e-02
33022: 1.856361e+00 1.618331e+00 1.569083e+00 7.510260e-01 1.696306e-01 3.556772e-02
33022: 1.856557e+00 1.617486e+00 1.571038e+00 7.500000e-01 1.693989e-01 3.551913e-02
33022: 1.855389e+00 1.618008e+00 1.571623e+00 7.503411e-01 1.691678e-01 3.547067e-02
33022: 1.855586e+00 1.619891e+00 1.569482e+00 7.506812e-01 1.689373e-01 3.542234e-02
33022: 1.855782e+00 1.619048e+00 1.570068e+00 7.510204e-01 1.687075e-01 3.537415e-02
33022: 1.854620e+00 1.620924e+00 1.569293e+00 7.513587e-01 1.684783e-01 3.532609e-02
33022: 1.856174e+00 1.620081e+00 1.569878e+00 7.503392e-01 1.682497e-01 3.527815e-02
33022: 1.856369e+00 1.620596e+00 1.570461e+00 7.493225e-01 1.680217e-01 3.523035e-02
33022: 1.855210e+00 1.619756e+00 1.571042e+00 7.510149e-01 1.677943e-01 3.518268e-02
33022: 1.855405e+00 1.620270e+00 1.568919e+00 7.527027e-01 1.675676e-01 3.513514e-02
33022: 1.854251e+00 1.619433e+00 1.572200e+00 7.516869e-01 1.673414e-01 3.508772e-02
33022: 1.854447e+00 1.617251e+00 1.574124e+00 7.520216e-01 1.671159e-01 3.504043e-02
33022: 1.854643e+00 1.617766e+00 1.573351e+00 7.523553e-01 1.668910e-01 3.499327e-02
33022: 1.853495e+00 1.616935e+00 1.573925e+00 7.540323e-01 1.666667e-01 3.494624e-02
33022: 1.855034e+00 1.616107e+00 1.571812e+00 7.557047e-01 1.664430e-01 3.489933e-02
33022: 1.853887e+00 1.617962e+00 1.571046e+00 7.560322e-01 1.662198e-01 3.485255e-02
33022: 1.854083e+00 1.618474e+00 1.570281e+00 7.563588e-01 1.659973e-01 3.480589e-02
33022: 1.854278e+00 1.618984e+00 1.569519e+00 7.566845e-01 1.657754e-01 3.475936e-02
33022: 1.853138e+00 1.619493e+00 1.570093e+00 7.570093e-01 1.655541e-01 3.471295e-02
33022: 1.853333e+00 1.620000e+00 1.569333e+00 7.573333e-01 1.653333e-01 3.466667e-02
33022: 1.852197e+00 1.619174e+00 1.569907e+00 7.576565e-01 1.664447e-01 3.462051e-02
33022: 1.853723e+00 1.618351e+00 1.570479e+00 7.566489e-01 1.662234e-01 3.457447e-02
33022: 1.852590e+00 1.620186e+00 1.569721e+00 7.569721e-01 1.660027e-01 3.452855e-02
33022: 1.854111e+00 1.620690e+00 1.568966e+00 7.559682e-01 1.657825e-01 3.448276e-02
33022: 1.852980e+00 1.619868e+00 1.569536e+00 7.576159e-01 1.655629e-01 3.443709e-02
33022: 1.853175e+00 1.619048e+00 1.570106e+00 7.579365e-01 1.653439e-01 3.439153e-02
33022: 1.853369e+00 1.619551e+00 1.568032e+00 7.595773e-01 1.651255e-01 3.434610e-02
33022: 1.852243e+00 1.620053e+00 1.569921e+00 7.585752e-01 1.649077e-01 3.430079e-02
33022: 1.853755e+00 1.619236e+00 1.570487e+00 7.575758e-01 1.646904e-01 3.425560e-02
33022: 1.852632e+00 1.621053e+00 1.569737e+00 7.578947e-01 1.644737e-01 3.421053e-02
33022: 1.852825e+00 1.618922e+00 1.570302e+00 7.595269e-01 1.642576e-01 3.416557e-02
33022: 1.851706e+00 1.620735e+00 1.568241e+00 7.611549e-01 1.640420e-01 3.412073e-02
33022: 1.853211e+00 1.619921e+00 1.567497e+00 7.614679e-01 1.638270e-01 3.407602e-02
33022: 1.853403e+00 1.620419e+00 1.568063e+00 7.604712e-01 1.636126e-01 3.403141e-02
33022: 1.853595e+00 1.620915e+00 1.567320e+00 7.607843e-01 1.633987e-01 3.398693e-02
33022: 1.852480e+00 1.620104e+00 1.569191e+00 7.610966e-01 1.631854e-01 3.394256e-02
33022: 1.853977e+00 1.619296e+00 1.569752e+00 7.601043e-01 1.629726e-01 3.389831e-02
33022: 1.854167e+00 1.619792e+00 1.569010e+00 7.591146e-01 1.627604e-01 3.515625e-02
33022: 1.854356e+00 1.620286e+00 1.569571e+00 7.581274e-01 1.625488e-01 3.511053e-02
33022: 1.853247e+00 1.620779e+00 1.568831e+00 7.584416e-01 1.636364e-01 3.506494e-02
33022: 1.854734e+00 1.619974e+00 1.569390e+00 7.574578e-01 1.634241e-01 3.501946e-02
33022: 1.854922e+00 1.619171e+00 1.571244e+00 7.564767e-01 1.632124e-01 3.497409e-02
33022: 1.853816e+00 1.620957e+00 1.569211e+00 7.567917e-01 1.642950e-01 3.492885e-02
33022: 1.854005e+00 1.620155e+00 1.568475e+00 7.558140e-01 1.666667e-01 3.488372e-02
33022: 1.852903e+00 1.620645e+00 1.569032e+00 7.548387e-01 1.677419e-01 3.483871e-02
33022: 1.854381e+00 1.619845e+00 1.569588e+00 7.538660e-01 1.675258e-01 3.479381e-02
33022: 1.853282e+00 1.622909e+00 1.568855e+00 7.528958e-01 1.673102e-01 3.474903e-02
33022: 1.856041e+00 1.620823e+00 1.569409e+00 7.519280e-01 1.670951e-01 3.470437e-02
33022: 1.856226e+00 1.622593e+00 1.568678e+00 7.509628e-01 1.668806e-01 3.465982e-02
33022: 1.855128e+00 1.623077e+00 1.570513e+00 7.500000e-01 1.666667e-01 3.461538e-02
33022: 1.855314e+00 1.622279e+00 1.569782e+00 7.516005e-01 1.664533e-01 3.457106e-02
33022: 1.854220e+00 1.624041e+00 1.570332e+00 7.506394e-01 1.662404e-01 3.452685e-02
33022: 1.854406e+00 1.625798e+00 1.568327e+00 7.509579e-01 1.660281e-01 3.448276e-02
33022: 1.854592e+00 1.625000e+00 1.570153e+00 7.500000e-01 1.658163e-01 3.443878e-02
33022: 1.853503e+00 1.625478e+00 1.570701e+00 7.503185e-01 1.656051e-01 3.439490e-02
33022: 1.852417e+00 1.624682e+00 1.571247e+00 7.519084e-01 1.653944e-01 3.435115e-02
33022: 1.852605e+00 1.623888e+00 1.570521e+00 7.522236e-01 1.651842e-01 3.557814e-02
33022: 1.852792e+00 1.624365e+00 1.568528e+00 7.538071e-01 1.649746e-01 3.553299e-02
33022: 1.852978e+00 1.623574e+00 1.570342e+00 7.528517e-01 1.647655e-01 3.548796e-02
33022: 1.853165e+00 1.624051e+00 1.569620e+00 7.531646e-01 1.645570e-01 3.544304e-02
33022: 1.853350e+00 1.623262e+00 1.571429e+00 7.522124e-01 1.643489e-01 3.539823e-02
33022: 1.852273e+00 1.625000e+00 1.569444e+00 7.525253e-01 1.641414e-01 3.661616e-02
33022: 1.853720e+00 1.622951e+00 1.571248e+00 7.515763e-01 1.639344e-01 3.656999e-02
33022: 1.855164e+00 1.623426e+00 1.569270e+00 7.518892e-01 1.637280e-01 3.652393e-02
33022: 1.854088e+00 1.623899e+00 1.569811e+00 7.509434e-01 1.635220e-01 3.773585e-02
33022: 1.853015e+00 1.623116e+00 1.572864e+00 7.500000e-01 1.633166e-01 3.768844e-02
33022: 1.853199e+00 1.623588e+00 1.570891e+00 7.515684e-01 1.631117e-01 3.764115e-02
33022: 1.853383e+00 1.624060e+00 1.570175e+00 7.518797e-01 1.629073e-01 3.759398e-02
33022: 1.852315e+00 1.623279e+00 1.569462e+00 7.534418e-01 1.639549e-01 3.754693e-02
33022: 1.852500e+00 1.622500e+00 1.571250e+00 7.525000e-01 1.637500e-01 3.750000e-02
33022: 1.852684e+00 1.621723e+00 1.570537e+00 7.540574e-01 1.635456e-01 3.745318e-02
33022: 1.852868e+00 1.622195e+00 1.569825e+00 7.543641e-01 1.633416e-01 3.740648e-02
33022: 1.853051e+00 1.621420e+00 1.570361e+00 7.534247e-01 1.643836e-01 3.735990e-02
33022: 1.851990e+00 1.623134e+00 1.568408e+00 7.549751e-01 1.641791e-01 3.731343e-02
33022: 1.850932e+00 1.623602e+00 1.567702e+00 7.540373e-01 1.664596e-01 3.726708e-02
33022: 1.852357e+00 1.624069e+00 1.566998e+00 7.531017e-01 1.662531e-01 3.722084e-02
33022: 1.851301e+00 1.623296e+00 1.570012e+00 7.521685e-01 1.660471e-01 3.717472e-02
33022: 1.851485e+00 1.622525e+00 1.570545e+00 7.524752e-01 1.658416e-01 3.712871e-02
33022: 1.850433e+00 1.622991e+00 1.571075e+00 7.527812e-01 1.656366e-01 3.708282e-02
33022: 1.849383e+00 1.622222e+00 1.571605e+00 7.543210e-01 1.654321e-01 3.703704e-02
33022: 1.849568e+00 1.621455e+00 1.570900e+00 7.546239e-01 1.652281e-01 3.822441e-02
33022: 1.849754e+00 1.621921e+00 1.568966e+00 7.549261e-01 1.650246e-01 3.940887e-02
33022: 1.848708e+00 1.621156e+00 1.571956e+00 7.539975e-01 1.648216e-01 3.936039e-02
33022: 1.848894e+00 1.620393e+00 1.571253e+00 7.555283e-01 1.646192e-01 3.931204e-02
33022: 1.847853e+00 1.622086e+00 1.569325e+00 7.570552e-01 1.644172e-01 3.926380e-02
33022: 1.848039e+00 1.622549e+00 1.568627e+00 7.561275e-01 1.654412e-01 3.921569e-02
33022: 1.848225e+00 1.620563e+00 1.570379e+00 7.564259e-01 1.652387e-01 3.916769e-02
33022: 1.848411e+00 1.621027e+00 1.568460e+00 7.567237e-01 1.662592e-01 3.911980e-02
33022: 1.847375e+00 1.620269e+00 1.570208e+00 7.570208e-01 1.660562e-01 3.907204e-02
33022: 1.847561e+00 1.618293e+00 1.570732e+00 7.573171e-01 1.670732e-01 3.902439e-02
33022: 1.847747e+00 1.618758e+00 1.570037e+00 7.576127e-01 1.668697e-01 3.897686e-02
33022: 1.847932e+00 1.618005e+00 1.569343e+00 7.579075e-01 1.666667e-01 4.014599e-02
33022: 1.846902e+00 1.619684e+00 1.569866e+00 7.569866e-01 1.664642e-01 4.009721e-02
33022: 1.849515e+00 1.618932e+00 1.569175e+00 7.560680e-01 1.662621e-01 4.004854e-02
33022: 1.849697e+00 1.619394e+00 1.569697e+00 7.551515e-01 1.660606e-01 4.000000e-02
33022: 1.849879e+00 1.618644e+00 1.569007e+00 7.566586e-01 1.658596e-01 3.995157e-02
33022: 1.848851e+00 1.617896e+00 1.571947e+00 7.557437e-01 1.656590e-01 3.990326e-02
33022: 1.849034e+00 1.617150e+00 1.572464e+00 7.560386e-01 1.654589e-01 3.985507e-02
33022: 1.848010e+00 1.618818e+00 1.570567e+00 7.563329e-01 1.664656e-01 3.980700e-02
33022: 1.849398e+00 1.618072e+00 1.569880e+00 7.566265e-01 1.662651e-01 3.975904e-02
33022: 1.848375e+00 1.619735e+00 1.569194e+00 7.569194e-01 1.660650e-01 3.971119e-02
33022: 1.848558e+00 1.620192e+00 1.568510e+00 7.572115e-01 1.658654e-01 3.966346e-02
33022: 1.847539e+00 1.620648e+00 1.570228e+00 7.563025e-01 1.656663e-01 3.961585e-02
33022: 1.847722e+00 1.619904e+00 1.570743e+00 7.565947e-01 1.654676e-01 3.956835e-02
33022: 1.846707e+00 1.621557e+00 1.568862e+00 7.580838e-01 1.652695e-01 3.952096e-02
33022: 1.846890e+00 1.622010e+00 1.569378e+00 7.571770e-01 1.650718e-01 3.947368e-02
33022: 1.845878e+00 1.621266e+00 1.569892e+00 7.574671e-01 1.660693e-01 3.942652e-02
33022: 1.844869e+00 1.620525e+00 1.571599e+00 7.577566e-01 1.658711e-01 3.937947e-02
33022: 1.846246e+00 1.619785e+00 1.569726e+00 7.592372e-01 1.656734e-01 3.933254e-02
33022: 1.845238e+00 1.622619e+00 1.569048e+00 7.583333e-01 1.654762e-01 3.928571e-02
33022: 1.846611e+00 1.620690e+00 1.570749e+00 7.574316e-01 1.652794e-01 3.923900e-02
33022: 1.847981e+00 1.621140e+00 1.568884e+00 7.577197e-01 1.650831e-01 3.919240e-02
33022: 1.848161e+00 1.620403e+00 1.569395e+00 7.568209e-01 1.660735e-01 3.914591e-02
33022: 1.847156e+00 1.622038e+00 1.568720e+00 7.559242e-01 1.670616e-01 3.909953e-02
33022: 1.847337e+00 1.623669e+00 1.568047e+00 7.550296e-01 1.668639e-01 3.905325e-02
33022: 1.847518e+00 1.622931e+00 1.568558e+00 7.553191e-01 1.666667e-01 3.900709e-02
33022: 1.847698e+00 1.623377e+00 1.569067e+00 7.544274e-01 1.664699e-01 3.896104e-02
33022: 1.847877e+00 1.622642e+00 1.568396e+00 7.547170e-01 1.674528e-01 3.891509e-02
33022: 1.848057e+00 1.623086e+00 1.567727e+00 7.538280e-01 1.684335e-01 3.886926e-02
33022: 1.848235e+00 1.622353e+00 1.569412e+00 7.529412e-01 1.682353e-01 3.882353e-02
33022: 1.848414e+00 1.622797e+00 1.569918e+00 7.520564e-01 1.680376e-01 3.877791e-02
33022: 1.848592e+00 1.622066e+00 1.570423e+00 7.523474e-01 1.678404e-01 3.873239e-02
33022: 1.848769e+00 1.623681e+00 1.568581e+00 7.526377e-01 1.676436e-01 3.868699e-02
33022: 1.848946e+00 1.624122e+00 1.569087e+00 7.517564e-01 1.674473e-01 3.864169e-02
33022: 1.850292e+00 1.623392e+00 1.568421e+00 7.520468e-01 1.672515e-01 3.859649e-02
33022: 1.850467e+00 1.623832e+00 1.568925e+00 7.511682e-01 1.670561e-01 3.855140e-02
33022: 1.850642e+00 1.621937e+00 1.569428e+00 7.514586e-01 1.680280e-01 3.850642e-02
33022: 1.849650e+00 1.622378e+00 1.569930e+00 7.517483e-01 1.678322e-01 3.846154e-02
33022: 1.848661e+00 1.621653e+00 1.571595e+00 7.520373e-01 1.676368e-01 3.841676e-02
33022: 1.848837e+00 1.620930e+00 1.570930e+00 7.523256e-01 1.674419e-01 3.953488e-02
33022: 1.851336e+00 1.620209e+00 1.569106e+00 7.526132e-01 1.672474e-01 3.948897e-02
33022: 1.850348e+00 1.621810e+00 1.569606e+00 7.517401e-01 1.670534e-01 3.944316e-02
33022: 1.851680e+00 1.622248e+00 1.568946e+00 7.508691e-01 1.668598e-01 3.939745e-02
33022: 1.851852e+00 1.622685e+00 1.569444e+00 7.500000e-01 1.666667e-01 3.935185e-02
33022: 1.850867e+00 1.623121e+00 1.569942e+00 7.502890e-01 1.664740e-01 3.930636e-02
33022: 1.849885e+00 1.623557e+00 1.569284e+00 7.517321e-01 1.662818e-01 3.926097e-02
33022: 1.850058e+00 1.623991e+00 1.569781e+00 7.508651e-01 1.660900e-01 3.921569e-02
33022: 1.850230e+00 1.624424e+00 1.569124e+00 7.511521e-01 1.658986e-01 3.917051e-02
33022: 1.849252e+00 1.624856e+00 1.569620e+00 7.514384e-01 1.657077e-01 3.912543e-02
33022: 1.849425e+00 1.625287e+00 1.570115e+00 7.505747e-01 1.655172e-01 3.908046e-02
33022: 1.849598e+00 1.625718e+00 1.568312e+00 7.520092e-01 1.653272e-01 3.903559e-02
33022: 1.848624e+00 1.625000e+00 1.571101e+00 7.511468e-01 1.651376e-01 3.899083e-02
33022: 1.849943e+00 1.624284e+00 1.569301e+00 7.525773e-01 1.649485e-01 3.894616e-02
33022: 1.848970e+00 1.624714e+00 1.569794e+00 7.528604e-01 1.647597e-01 3.890160e-02
33022: 1.848000e+00 1.626286e+00 1.570286e+00 7.520000e-01 1.645714e-01 3.885714e-02
33022: 1.848174e+00 1.625571e+00 1.568493e+00 7.545662e-01 1.643836e-01 3.881279e-02
33022: 1.847206e+00 1.627138e+00 1.568985e+00 7.537058e-01 1.641961e-01 3.876853e-02
33022: 1.847380e+00 1.626424e+00 1.569476e+00 7.539863e-01 1.640091e-01 3.872437e-02
33022: 1.846416e+00 1.629124e+00 1.568828e+00 7.531286e-01 1.638225e-01 3.868032e-02
33022: 1.848864e+00 1.628409e+00 1.568182e+00 7.522727e-01 1.636364e-01 3.863636e-02
33022: 1.849035e+00 1.628831e+00 1.567537e+00 7.514188e-01 1.645857e-01 3.859251e-02
33022: 1.849206e+00 1.626984e+00 1.569161e+00 7.517007e-01 1.643991e-01 3.854875e-02
33022: 1.848245e+00 1.627407e+00 1.569649e+00 7.519819e-01 1.642129e-01 3.850510e-02
33022: 1.848416e+00 1.627828e+00 1.569005e+00 7.522624e-01 1.640271e-01 3.846154e-02
33022: 1.847458e+00 1.628249e+00 1.569492e+00 7.525424e-01 1.638418e-01 3.841808e-02
33022: 1.847630e+00 1.628668e+00 1.568849e+00 7.528217e-01 1.636569e-01 3.837472e-02
33022: 1.847802e+00 1.629087e+00 1.569335e+00 7.519729e-01 1.634724e-01 3.833145e-02
33022: 1.846847e+00 1.628378e+00 1.569820e+00 7.533784e-01 1.632883e-01 3.828829e-02
33022: 1.847019e+00 1.628796e+00 1.569179e+00 7.536558e-01 1.631046e-01 3.824522e-02
33022: 1.846067e+00 1.628090e+00 1.569663e+00 7.528090e-01 1.651685e-01 3.820225e-02
33022: 1.846240e+00 1.628507e+00 1.569024e+00 7.530864e-01 1.649832e-01 3.815937e-02
33022: 1.847534e+00 1.627803e+00 1.569507e+00 7.522422e-01 1.647982e-01 3.811659e-02
33022: 1.846585e+00 1.629339e+00 1.569989e+00 7.513998e-01 1.646137e-01 3.807391e-02
33022: 1.846756e+00 1.628635e+00 1.570470e+00 7.516779e-01 1.644295e-01 3.803132e-02
33022: 1.845810e+00 1.629050e+00 1.570950e+00 7.519553e-01 1.642458e-01 3.798883e-02
33022: 1.844866e+00 1.627232e+00 1.573661e+00 7.522321e-01 1.640625e-01 3.794643e-02
33022: 1.845039e+00 1.626533e+00 1.573021e+00 7.536232e-01 1.638796e-01 3.790412e-02
33022: 1.845212e+00 1.626949e+00 1.571269e+00 7.538976e-01 1.648107e-01 3.786192e-02
33022: 1.844271e+00 1.628476e+00 1.570634e+00 7.541713e-01 1.646274e-01 3.781980e-02
33022: 1.845556e+00 1.627778e+00 1.570000e+00 7.544444e-01 1.644444e-01 3.777778e-02
33022: 1.844617e+00 1.630411e+00 1.568257e+00 7.547170e-01 1.642619e-01 3.773585e-02
33022: 1.844789e+00 1.629712e+00 1.567627e+00 7.538803e-01 1.662971e-01 3.769401e-02
33022: 1.844961e+00 1.630122e+00 1.568106e+00 7.530454e-01 1.661130e-01 3.765227e-02
33022: 1.844027e+00 1.630531e+00 1.568584e+00 7.533186e-01 1.659292e-01 3.761062e-02
33022: 1.845304e+00 1.629834e+00 1.569061e+00 7.524862e-01 1.657459e-01 3.756906e-02
33022: 1.844371e+00 1.630243e+00 1.569536e+00 7.527594e-01 1.655629e-01 3.752759e-02
33022: 1.843440e+00 1.631753e+00 1.568908e+00 7.519294e-01 1.653804e-01 3.858875e-02
33022: 1.844714e+00 1.631057e+00 1.569383e+00 7.511013e-01 1.651982e-01 3.854626e-02
33022: 1.844884e+00 1.631463e+00 1.568757e+00 7.513751e-01 1.650165e-01 3.850385e-02
33022: 1.843956e+00 1.630769e+00 1.570330e+00 7.505495e-01 1.659341e-01 3.846154e-02
33022: 1.844127e+00 1.631175e+00 1.569704e+00 7.508233e-01 1.657519e-01 3.841932e-02
33022: 1.843202e+00 1.631579e+00 1.570175e+00 7.500000e-01 1.666667e-01 3.837719e-02
33022: 1.843373e+00 1.631982e+00 1.568456e+00 7.502738e-01 1.675794e-01 3.833516e-02
33022: 1.844639e+00 1.631291e+00 1.568928e+00 7.494530e-01 1.673961e-01 3.829322e-02
33022: 1.844809e+00 1.632787e+00 1.568306e+00 7.486339e-01 1.672131e-01 3.825137e-02
33022: 1.843886e+00 1.632096e+00 1.569869e+00 7.489083e-01 1.670306e-01 3.820961e-02
33022: 1.844057e+00 1.632497e+00 1.570338e+00 7.480916e-01 1.668484e-01 3.816794e-02
33022: 1.844227e+00 1.632898e+00 1.568627e+00 7.494553e-01 1.666667e-01 3.812636e-02
33022: 1.843308e+00 1.632209e+00 1.570185e+00 7.497280e-01 1.664853e-01 3.808487e-02
33022: 1.843478e+00 1.633696e+00 1.568478e+00 7.500000e-01 1.663043e-01 3.804348e-02
33022: 1.842562e+00 1.633008e+00 1.571118e+00 7.491857e-01 1.661238e-01 3.800217e-02
33022: 1.841649e+00 1.632321e+00 1.572668e+00 7.494577e-01 1.659436e-01 3.796095e-02
33022: 1.842904e+00 1.631636e+00 1.572048e+00 7.497291e-01 1.657638e-01 3.791983e-02
33022: 1.843074e+00 1.633117e+00 1.570346e+00 7.500000e-01 1.655844e-01 3.787879e-02
33022: 1.843243e+00 1.632432e+00 1.569730e+00 7.502703e-01 1.664865e-01 3.783784e-02
33022: 1.842333e+00 1.632829e+00 1.571274e+00 7.494600e-01 1.663067e-01 3.779698e-02
33022: 1.842503e+00 1.632147e+00 1.571737e+00 7.497303e-01 1.661273e-01 3.775620e-02
33022: 1.841595e+00 1.633621e+00 1.570043e+00 7.500000e-01 1.670259e-01 3.771552e-02
33022: 1.842842e+00 1.632939e+00 1.568353e+00 7.513455e-01 1.668461e-01 3.767492e-02
33022: 1.841935e+00 1.633333e+00 1.568817e+00 7.516129e-01 1.666667e-01 3.763441e-02
33022: 1.842105e+00 1.633727e+00 1.569280e+00 7.508056e-01 1.664876e-01 3.759398e-02
33022: 1.842275e+00 1.634120e+00 1.568670e+00 7.510730e-01 1.663090e-01 3.755365e-02
33022: 1.842444e+00 1.633441e+00 1.570204e+00 7.502680e-01 1.661308e-01 3.751340e-02
33022: 1.843683e+00 1.633833e+00 1.568522e+00 7.505353e-01 1.659529e-01 3.747323e-02
33022: 1.842781e+00 1.634225e+00 1.570053e+00 7.497326e-01 1.657754e-01 3.743316e-02
33022: 1.842949e+00 1.634615e+00 1.568376e+00 7.510684e-01 1.655983e-01 3.739316e-02
33022: 1.843116e+00 1.633938e+00 1.569904e+00 7.502668e-01 1.654216e-01 3.735326e-02
33022: 1.843284e+00 1.635394e+00 1.569296e+00 7.494670e-01 1.652452e-01 3.731343e-02
33022: 1.843450e+00 1.634718e+00 1.570820e+00 7.486688e-01 1.650692e-01 3.727370e-02
33022: 1.842553e+00 1.636170e+00 1.569149e+00 7.500000e-01 1.648936e-01 3.723404e-02
33022: 1.842721e+00 1.637620e+00 1.568544e+00 7.492030e-01 1.647184e-01 3.719447e-02
33022: 1.841826e+00 1.638004e+00 1.569002e+00 7.494692e-01 1.645435e-01 3.715499e-02
33022: 1.840933e+00 1.638388e+00 1.569459e+00 7.486744e-01 1.654295e-01 3.711559e-02
33022: 1.842161e+00 1.638771e+00 1.568856e+00 7.478814e-01 1.652542e-01 3.707627e-02
33022: 1.841270e+00 1.639153e+00 1.570370e+00 7.470899e-01 1.650794e-01 3.703704e-02
33022: 1.841438e+00 1.639535e+00 1.568710e+00 7.484144e-01 1.649049e-01 3.699789e-02
33022: 1.841605e+00 1.639916e+00 1.569166e+00 7.476241e-01 1.647307e-01 3.695882e-02
33022: 1.840717e+00 1.639241e+00 1.570675e+00 7.478903e-01 1.645570e-01 3.691983e-02
33022: 1.839831e+00 1.638567e+00 1.570074e+00 7.492097e-01 1.654373e-01 3.688093e-02
33022: 1.840000e+00 1.638947e+00 1.569474e+00 7.494737e-01 1.652632e-01 3.684211e-02
33022: 1.839117e+00 1.639327e+00 1.570978e+00 7.486856e-01 1.650894e-01 3.680336e-02
33022: 1.838235e+00 1.639706e+00 1.571429e+00 7.489496e-01 1.649160e-01 3.676471e-02
33022: 1.838405e+00 1.639035e+00 1.570829e+00 7.502623e-01 1.647429e-01 3.672613e-02
33022: 1.838574e+00 1.639413e+00 1.569182e+00 7.505241e-01 1.656184e-01 3.668763e-02
33022: 1.837696e+00 1.639791e+00 1.570681e+00 7.497382e-01 1.654450e-01 3.664921e-02
33022: 1.836820e+00 1.639121e+00 1.571130e+00 7.510460e-01 1.652720e-01 3.661088e-02
33022: 1.836991e+00 1.638454e+00 1.571578e+00 7.513062e-01 1.650993e-01 3.657262e-02
33022: 1.838205e+00 1.638831e+00 1.569937e+00 7.515658e-01 1.649269e-01 3.653445e-02
33022: 1.837331e+00 1.639208e+00 1.570386e+00 7.518248e-01 1.647550e-01 3.649635e-02
33022: 1.836458e+00 1.638542e+00 1.571875e+00 7.520833e-01 1.645833e-01 3.645833e-02
33022: 1.835588e+00 1.638918e+00 1.572320e+00 7.523413e-01 1.644121e-01 3.642040e-02
33022: 1.835759e+00 1.638254e+00 1.572765e+00 7.525988e-01 1.642412e-01 3.638254e-02
33022: 1.835929e+00 1.639668e+00 1.571132e+00 7.528557e-01 1.640706e-01 3.634476e-02
33022: 1.835062e+00 1.641079e+00 1.570539e+00 7.531120e-01 1.639004e-01 3.630705e-02
33022: 1.835233e+00 1.641451e+00 1.568912e+00 7.533679e-01 1.647668e-01 3.626943e-02
33022: 1.834369e+00 1.640787e+00 1.571429e+00 7.525880e-01 1.645963e-01 3.623188e-02
33022: 1.834540e+00 1.640124e+00 1.571872e+00 7.528438e-01 1.644261e-01 3.619442e-02
33022: 1.834711e+00 1.640496e+00 1.571281e+00 7.530992e-01 1.642562e-01 3.615702e-02
33022: 1.833849e+00 1.639835e+00 1.572755e+00 7.533540e-01 1.640867e-01 3.611971e-02
33022: 1.834021e+00 1.639175e+00 1.573196e+00 7.536082e-01 1.639175e-01 3.608247e-02
33022: 1.833162e+00 1.639547e+00 1.573635e+00 7.538620e-01 1.637487e-01 3.604531e-02
33022: 1.832305e+00 1.640947e+00 1.573045e+00 7.541152e-01 1.635802e-01 3.600823e-02
33022: 1.832477e+00 1.641316e+00 1.572456e+00 7.543679e-01 1.634121e-01 3.597122e-02
33022: 1.832649e+00 1.640657e+00 1.571869e+00 7.556468e-01 1.632444e-01 3.593429e-02
33022: 1.831795e+00 1.642051e+00 1.570256e+00 7.569231e-01 1.630769e-01 3.589744e-02
33022: 1.831967e+00 1.641393e+00 1.569672e+00 7.581967e-01 1.629098e-01 3.586066e-02
33022: 1.831116e+00 1.641760e+00 1.570113e+00 7.574207e-01 1.637666e-01 3.582395e-02
33022: 1.830266e+00 1.642127e+00 1.569530e+00 7.576687e-01 1.646217e-01 3.578732e-02
33022: 1.830439e+00 1.642492e+00 1.569969e+00 7.568948e-01 1.644535e-01 3.575077e-02
33022: 1.830612e+00 1.642857e+00 1.569388e+00 7.571429e-01 1.642857e-01 3.571429e-02
33022: 1.830785e+00 1.642202e+00 1.569827e+00 7.563710e-01 1.651376e-01 3.567788e-02
33022: 1.829939e+00 1.642566e+00 1.571283e+00 7.556008e-01 1.649695e-01 3.564155e-02
33022: 1.832146e+00 1.641913e+00 1.569685e+00 7.558494e-01 1.648016e-01 3.560529e-02
33022: 1.832317e+00 1.642276e+00 1.570122e+00 7.550813e-01 1.646341e-01 3.556911e-02
33022: 1.831472e+00 1.641624e+00 1.569543e+00 7.563452e-01 1.654822e-01 3.553299e-02
33022: 1.831643e+00 1.640974e+00 1.568966e+00 7.565923e-01 1.663286e-01 3.549696e-02
33022: 1.831814e+00 1.641337e+00 1.568389e+00 7.558257e-01 1.671733e-01 3.546099e-02
33022: 1.830972e+00 1.642713e+00 1.568826e+00 7.550607e-01 1.670040e-01 3.542510e-02
33022: 1.831143e+00 1.642063e+00 1.569262e+00 7.553084e-01 1.668352e-01 3.538928e-02
33022: 1.831313e+00 1.642424e+00 1.568687e+00 7.555556e-01 1.666667e-01 3.535354e-02
33022: 1.830474e+00 1.641776e+00 1.571140e+00 7.547931e-01 1.664985e-01 3.531786e-02
33022: 1.831653e+00 1.641129e+00 1.569556e+00 7.560484e-01 1.663306e-01 3.528226e-02
33022: 1.832830e+00 1.641490e+00 1.568983e+00 7.552870e-01 1.661631e-01 3.524673e-02
33022: 1.832998e+00 1.641851e+00 1.569416e+00 7.545272e-01 1.659960e-01 3.521127e-02
33022: 1.832161e+00 1.641206e+00 1.569849e+00 7.557789e-01 1.658291e-01 3.517588e-02
33022: 1.833333e+00 1.641566e+00 1.569277e+00 7.550201e-01 1.656627e-01 3.514056e-02
33022: 1.833501e+00 1.640923e+00 1.570712e+00 7.542628e-01 1.654965e-01 3.510532e-02
33022: 1.833667e+00 1.641283e+00 1.570140e+00 7.545090e-01 1.653307e-01 3.507014e-02
33022: 1.833834e+00 1.641642e+00 1.569570e+00 7.547548e-01 1.651652e-01 3.503504e-02
33022: Done!
Traceback (most recent call last):
  File "/lowest-unique-number/tournament0/elexunix.py", line 25, in <module>
    input()
EOFError: EOF when reading a line
