Forked 30637
Starting to reopen 0 and 1
Calling execv `tournament0/alex_dany` (pid 30637)
30637: Started!
30637: Number of players: 6, position: 0, number of turns: 1000
30637: Random seed: 3245879249
Strategy 0: first ans is 1
Forked 30638
Starting to reopen 0 and 1
Calling execv `tournament0/the_best_strategy.py` (pid 30638)
Strategy 1: first ans is 0
Forked 30639
Starting to reopen 0 and 1
Calling execv `tournament0/lounres.py` (pid 30639)
Strategy 2: first ans is 1
Forked 30640
Starting to reopen 0 and 1
Calling execv `tournament0/pzakorko.py` (pid 30640)
Strategy 3: first ans is 0
Forked 30641
Starting to reopen 0 and 1
Calling execv `tournament0/fedro.py` (pid 30641)
Strategy 4: first ans is 0
Forked 30665
Starting to reopen 0 and 1
Calling execv `tournament0/elexunix.py` (pid 30665)
Strategy 5: first ans is 2
30637: 3.000000e+00 2.000000e+00 1.000000e+00 0.000000e+00 0.000000e+00 0.000000e+00
30637: 3.000000e+00 1.500000e+00 1.500000e+00 0.000000e+00 0.000000e+00 0.000000e+00
30637: 3.000000e+00 1.666667e+00 1.333333e+00 0.000000e+00 0.000000e+00 0.000000e+00
30637: 3.000000e+00 1.500000e+00 1.500000e+00 0.000000e+00 0.000000e+00 0.000000e+00
30637: 3.000000e+00 1.600000e+00 1.400000e+00 0.000000e+00 0.000000e+00 0.000000e+00
30637: 3.000000e+00 1.333333e+00 1.666667e+00 0.000000e+00 0.000000e+00 0.000000e+00
30637: 3.000000e+00 1.428571e+00 1.571429e+00 0.000000e+00 0.000000e+00 0.000000e+00
30637: 2.875000e+00 1.375000e+00 1.625000e+00 0.000000e+00 1.250000e-01 0.000000e+00
30637: 2.777778e+00 1.444444e+00 1.666667e+00 0.000000e+00 1.111111e-01 0.000000e+00
30637: 2.700000e+00 1.500000e+00 1.500000e+00 2.000000e-01 1.000000e-01 0.000000e+00
30637: 2.727273e+00 1.454545e+00 1.454545e+00 2.727273e-01 9.090909e-02 0.000000e+00
30637: 2.666667e+00 1.583333e+00 1.333333e+00 3.333333e-01 8.333333e-02 0.000000e+00
30637: 2.615385e+00 1.538462e+00 1.461538e+00 3.076923e-01 7.692308e-02 0.000000e+00
30637: 2.642857e+00 1.642857e+00 1.357143e+00 2.857143e-01 7.142857e-02 0.000000e+00
30637: 2.600000e+00 1.533333e+00 1.400000e+00 3.333333e-01 1.333333e-01 0.000000e+00
30637: 2.625000e+00 1.562500e+00 1.375000e+00 3.125000e-01 1.250000e-01 0.000000e+00
30637: 2.647059e+00 1.588235e+00 1.352941e+00 2.941176e-01 1.176471e-01 0.000000e+00
30637: 2.666667e+00 1.500000e+00 1.388889e+00 2.777778e-01 1.666667e-01 0.000000e+00
30637: 2.631579e+00 1.578947e+00 1.315789e+00 3.157895e-01 1.578947e-01 0.000000e+00
30637: 2.600000e+00 1.550000e+00 1.350000e+00 3.000000e-01 2.000000e-01 0.000000e+00
30637: 2.619048e+00 1.571429e+00 1.333333e+00 2.857143e-01 1.904762e-01 0.000000e+00
30637: 2.590909e+00 1.500000e+00 1.409091e+00 3.181818e-01 1.818182e-01 0.000000e+00
30637: 2.608696e+00 1.565217e+00 1.347826e+00 3.043478e-01 1.739130e-01 0.000000e+00
30637: 2.583333e+00 1.625000e+00 1.333333e+00 2.916667e-01 1.666667e-01 0.000000e+00
30637: 2.560000e+00 1.640000e+00 1.360000e+00 2.800000e-01 1.600000e-01 0.000000e+00
30637: 2.538462e+00 1.615385e+00 1.384615e+00 3.076923e-01 1.538462e-01 0.000000e+00
30637: 2.555556e+00 1.592593e+00 1.370370e+00 2.962963e-01 1.851852e-01 0.000000e+00
30637: 2.571429e+00 1.607143e+00 1.357143e+00 2.857143e-01 1.785714e-01 0.000000e+00
30637: 2.620690e+00 1.551724e+00 1.379310e+00 2.758621e-01 1.724138e-01 0.000000e+00
30637: 2.600000e+00 1.600000e+00 1.333333e+00 2.666667e-01 2.000000e-01 0.000000e+00
30637: 2.580645e+00 1.548387e+00 1.387097e+00 2.580645e-01 2.258065e-01 0.000000e+00
30637: 2.562500e+00 1.593750e+00 1.375000e+00 2.500000e-01 2.187500e-01 0.000000e+00
30637: 2.575758e+00 1.545455e+00 1.393939e+00 2.424242e-01 2.424242e-01 0.000000e+00
30637: 2.558824e+00 1.558824e+00 1.352941e+00 2.941176e-01 2.352941e-01 0.000000e+00
30637: 2.571429e+00 1.542857e+00 1.342857e+00 2.857143e-01 2.571429e-01 0.000000e+00
30637: 2.555556e+00 1.555556e+00 1.361111e+00 2.777778e-01 2.500000e-01 0.000000e+00
30637: 2.540541e+00 1.540541e+00 1.378378e+00 2.972973e-01 2.432432e-01 0.000000e+00
30637: 2.552632e+00 1.578947e+00 1.342105e+00 2.894737e-01 2.368421e-01 0.000000e+00
30637: 2.538462e+00 1.538462e+00 1.384615e+00 3.076923e-01 2.307692e-01 0.000000e+00
30637: 2.550000e+00 1.550000e+00 1.350000e+00 3.000000e-01 2.500000e-01 0.000000e+00
30637: 2.560976e+00 1.536585e+00 1.341463e+00 2.926829e-01 2.682927e-01 0.000000e+00
30637: 2.547619e+00 1.571429e+00 1.333333e+00 2.857143e-01 2.619048e-01 0.000000e+00
30637: 2.558140e+00 1.534884e+00 1.372093e+00 2.790698e-01 2.558140e-01 0.000000e+00
30637: 2.568182e+00 1.545455e+00 1.340909e+00 2.954545e-01 2.500000e-01 0.000000e+00
30637: 2.555556e+00 1.555556e+00 1.355556e+00 2.888889e-01 2.444444e-01 0.000000e+00
30637: 2.543478e+00 1.543478e+00 1.369565e+00 3.043478e-01 2.391304e-01 0.000000e+00
30637: 2.531915e+00 1.553191e+00 1.382979e+00 2.978723e-01 2.340426e-01 0.000000e+00
30637: 2.500000e+00 1.583333e+00 1.375000e+00 3.125000e-01 2.291667e-01 0.000000e+00
30637: 2.489796e+00 1.591837e+00 1.387755e+00 3.061224e-01 2.244898e-01 0.000000e+00
30637: 2.460000e+00 1.600000e+00 1.380000e+00 3.200000e-01 2.200000e-01 2.000000e-02
30637: 2.450980e+00 1.607843e+00 1.372549e+00 3.137255e-01 2.352941e-01 1.960784e-02
30637: 2.423077e+00 1.596154e+00 1.403846e+00 3.076923e-01 2.500000e-01 1.923077e-02
30637: 2.433962e+00 1.566038e+00 1.415094e+00 3.207547e-01 2.452830e-01 1.886792e-02
30637: 2.425926e+00 1.592593e+00 1.407407e+00 3.148148e-01 2.407407e-01 1.851852e-02
30637: 2.418182e+00 1.581818e+00 1.436364e+00 3.090909e-01 2.363636e-01 1.818182e-02
30637: 2.428571e+00 1.571429e+00 1.446429e+00 3.035714e-01 2.321429e-01 1.785714e-02
30637: 2.403509e+00 1.578947e+00 1.473684e+00 2.982456e-01 2.280702e-01 1.754386e-02
30637: 2.396552e+00 1.551724e+00 1.517241e+00 2.931034e-01 2.241379e-01 1.724138e-02
30637: 2.372881e+00 1.593220e+00 1.508475e+00 2.881356e-01 2.203390e-01 1.694915e-02
30637: 2.366667e+00 1.583333e+00 1.516667e+00 2.833333e-01 2.333333e-01 1.666667e-02
30637: 2.344262e+00 1.573770e+00 1.540984e+00 2.950820e-01 2.295082e-01 1.639344e-02
30637: 2.370968e+00 1.564516e+00 1.532258e+00 2.903226e-01 2.258065e-01 1.612903e-02
30637: 2.349206e+00 1.587302e+00 1.523810e+00 2.857143e-01 2.380952e-01 1.587302e-02
30637: 2.343750e+00 1.578125e+00 1.531250e+00 2.812500e-01 2.500000e-01 1.562500e-02
30637: 2.323077e+00 1.584615e+00 1.523077e+00 3.076923e-01 2.461538e-01 1.538462e-02
30637: 2.333333e+00 1.575758e+00 1.515152e+00 3.181818e-01 2.424242e-01 1.515152e-02
30637: 2.313433e+00 1.567164e+00 1.522388e+00 3.283582e-01 2.537313e-01 1.492537e-02
30637: 2.323529e+00 1.573529e+00 1.514706e+00 3.235294e-01 2.500000e-01 1.470588e-02
30637: 2.304348e+00 1.579710e+00 1.521739e+00 3.333333e-01 2.463768e-01 1.449275e-02
30637: 2.314286e+00 1.557143e+00 1.542857e+00 3.285714e-01 2.428571e-01 1.428571e-02
30637: 2.295775e+00 1.577465e+00 1.535211e+00 3.239437e-01 2.535211e-01 1.408451e-02
30637: 2.291667e+00 1.569444e+00 1.541667e+00 3.333333e-01 2.500000e-01 1.388889e-02
30637: 2.287671e+00 1.589041e+00 1.534247e+00 3.287671e-01 2.465753e-01 1.369863e-02
30637: 2.283784e+00 1.581081e+00 1.540541e+00 3.243243e-01 2.567568e-01 1.351351e-02
30637: 2.266667e+00 1.600000e+00 1.546667e+00 3.200000e-01 2.533333e-01 1.333333e-02
30637: 2.276316e+00 1.592105e+00 1.552632e+00 3.157895e-01 2.500000e-01 1.315789e-02
30637: 2.272727e+00 1.597403e+00 1.545455e+00 3.246753e-01 2.467532e-01 1.298701e-02
30637: 2.282051e+00 1.589744e+00 1.551282e+00 3.205128e-01 2.435897e-01 1.282051e-02
30637: 2.278481e+00 1.607595e+00 1.544304e+00 3.164557e-01 2.405063e-01 1.265823e-02
30637: 2.262500e+00 1.600000e+00 1.575000e+00 3.125000e-01 2.375000e-01 1.250000e-02
30637: 2.271605e+00 1.592593e+00 1.555556e+00 3.333333e-01 2.345679e-01 1.234568e-02
30637: 2.268293e+00 1.597561e+00 1.560976e+00 3.292683e-01 2.317073e-01 1.219512e-02
30637: 2.253012e+00 1.590361e+00 1.566265e+00 3.373494e-01 2.409639e-01 1.204819e-02
30637: 2.250000e+00 1.571429e+00 1.571429e+00 3.452381e-01 2.500000e-01 1.190476e-02
30637: 2.235294e+00 1.588235e+00 1.552941e+00 3.647059e-01 2.470588e-01 1.176471e-02
30637: 2.232558e+00 1.593023e+00 1.558140e+00 3.604651e-01 2.441860e-01 1.162791e-02
30637: 2.229885e+00 1.586207e+00 1.563218e+00 3.678161e-01 2.413793e-01 1.149425e-02
30637: 2.215909e+00 1.590909e+00 1.579545e+00 3.636364e-01 2.386364e-01 1.136364e-02
30637: 2.213483e+00 1.584270e+00 1.561798e+00 3.820225e-01 2.471910e-01 1.123596e-02
30637: 2.200000e+00 1.611111e+00 1.555556e+00 3.777778e-01 2.444444e-01 1.111111e-02
30637: 2.208791e+00 1.615385e+00 1.549451e+00 3.736264e-01 2.417582e-01 1.098901e-02
30637: 2.217391e+00 1.597826e+00 1.565217e+00 3.695652e-01 2.391304e-01 1.086957e-02
30637: 2.204301e+00 1.612903e+00 1.569892e+00 3.655914e-01 2.365591e-01 1.075269e-02
30637: 2.212766e+00 1.595745e+00 1.585106e+00 3.617021e-01 2.340426e-01 1.063830e-02
30637: 2.200000e+00 1.610526e+00 1.568421e+00 3.684211e-01 2.421053e-01 1.052632e-02
30637: 2.197917e+00 1.614583e+00 1.572917e+00 3.645833e-01 2.395833e-01 1.041667e-02
30637: 2.195876e+00 1.618557e+00 1.556701e+00 3.814433e-01 2.371134e-01 1.030928e-02
30637: 2.204082e+00 1.612245e+00 1.561224e+00 3.775510e-01 2.346939e-01 1.020408e-02
30637: 2.191919e+00 1.626263e+00 1.555556e+00 3.737374e-01 2.424242e-01 1.010101e-02
30637: 2.190000e+00 1.610000e+00 1.570000e+00 3.700000e-01 2.500000e-01 1.000000e-02
30637: 2.198020e+00 1.613861e+00 1.554455e+00 3.762376e-01 2.475248e-01 9.900990e-03
30637: 2.196078e+00 1.617647e+00 1.558824e+00 3.725490e-01 2.450980e-01 9.803922e-03
30637: 2.194175e+00 1.601942e+00 1.563107e+00 3.883495e-01 2.427184e-01 9.708738e-03
30637: 2.182692e+00 1.615385e+00 1.567308e+00 3.846154e-01 2.403846e-01 9.615385e-03
30637: 2.180952e+00 1.619048e+00 1.561905e+00 3.904762e-01 2.380952e-01 9.523810e-03
30637: 2.169811e+00 1.622642e+00 1.575472e+00 3.867925e-01 2.358491e-01 9.433962e-03
30637: 2.168224e+00 1.616822e+00 1.570093e+00 4.018692e-01 2.336449e-01 9.345794e-03
30637: 2.157407e+00 1.629630e+00 1.555556e+00 4.166667e-01 2.314815e-01 9.259259e-03
30637: 2.165138e+00 1.623853e+00 1.559633e+00 4.128440e-01 2.293578e-01 9.174312e-03
30637: 2.154545e+00 1.627273e+00 1.554545e+00 4.272727e-01 2.272727e-01 9.090909e-03
30637: 2.153153e+00 1.630631e+00 1.549550e+00 4.324324e-01 2.252252e-01 9.009009e-03
30637: 2.142857e+00 1.616071e+00 1.571429e+00 4.375000e-01 2.232143e-01 8.928571e-03
30637: 2.141593e+00 1.610619e+00 1.575221e+00 4.424779e-01 2.212389e-01 8.849558e-03
30637: 2.140351e+00 1.614035e+00 1.570175e+00 4.473684e-01 2.192982e-01 8.771930e-03
30637: 2.139130e+00 1.608696e+00 1.573913e+00 4.521739e-01 2.173913e-01 8.695652e-03
30637: 2.129310e+00 1.612069e+00 1.568966e+00 4.568966e-01 2.241379e-01 8.620690e-03
30637: 2.128205e+00 1.623932e+00 1.564103e+00 4.529915e-01 2.222222e-01 8.547009e-03
30637: 2.127119e+00 1.627119e+00 1.567797e+00 4.491525e-01 2.203390e-01 8.474576e-03
30637: 2.117647e+00 1.630252e+00 1.563025e+00 4.621849e-01 2.184874e-01 8.403361e-03
30637: 2.133333e+00 1.625000e+00 1.558333e+00 4.583333e-01 2.166667e-01 8.333333e-03
30637: 2.132231e+00 1.628099e+00 1.561983e+00 4.545455e-01 2.148760e-01 8.264463e-03
30637: 2.131148e+00 1.622951e+00 1.557377e+00 4.672131e-01 2.131148e-01 8.196721e-03
30637: 2.121951e+00 1.626016e+00 1.569106e+00 4.634146e-01 2.113821e-01 8.130081e-03
30637: 2.129032e+00 1.620968e+00 1.564516e+00 4.677419e-01 2.096774e-01 8.064516e-03
30637: 2.136000e+00 1.616000e+00 1.568000e+00 4.640000e-01 2.080000e-01 8.000000e-03
30637: 2.134921e+00 1.619048e+00 1.571429e+00 4.603175e-01 2.063492e-01 7.936508e-03
30637: 2.133858e+00 1.614173e+00 1.566929e+00 4.724409e-01 2.047244e-01 7.874016e-03
30637: 2.132812e+00 1.617188e+00 1.570312e+00 4.687500e-01 2.031250e-01 7.812500e-03
30637: 2.124031e+00 1.612403e+00 1.565891e+00 4.806202e-01 2.093023e-01 7.751938e-03
30637: 2.130769e+00 1.607692e+00 1.569231e+00 4.769231e-01 2.076923e-01 7.692308e-03
30637: 2.137405e+00 1.610687e+00 1.564885e+00 4.732824e-01 2.061069e-01 7.633588e-03
30637: 2.128788e+00 1.613636e+00 1.568182e+00 4.696970e-01 2.121212e-01 7.575758e-03
30637: 2.127820e+00 1.609023e+00 1.578947e+00 4.661654e-01 2.105263e-01 7.518797e-03
30637: 2.119403e+00 1.619403e+00 1.574627e+00 4.701493e-01 2.089552e-01 7.462687e-03
30637: 2.118519e+00 1.622222e+00 1.570370e+00 4.740741e-01 2.074074e-01 7.407407e-03
30637: 2.110294e+00 1.632353e+00 1.566176e+00 4.779412e-01 2.058824e-01 7.352941e-03
30637: 2.109489e+00 1.627737e+00 1.569343e+00 4.817518e-01 2.043796e-01 7.299270e-03
30637: 2.101449e+00 1.630435e+00 1.572464e+00 4.855072e-01 2.028986e-01 7.246377e-03
30637: 2.100719e+00 1.640288e+00 1.561151e+00 4.892086e-01 2.014388e-01 7.194245e-03
30637: 2.092857e+00 1.635714e+00 1.578571e+00 4.857143e-01 2.000000e-01 7.142857e-03
30637: 2.099291e+00 1.631206e+00 1.574468e+00 4.893617e-01 1.985816e-01 7.092199e-03
30637: 2.098592e+00 1.633803e+00 1.570423e+00 4.929577e-01 1.971831e-01 7.042254e-03
30637: 2.090909e+00 1.636364e+00 1.573427e+00 4.965035e-01 1.958042e-01 6.993007e-03
30637: 2.090278e+00 1.631944e+00 1.569444e+00 5.000000e-01 2.013889e-01 6.944444e-03
30637: 2.082759e+00 1.634483e+00 1.572414e+00 4.965517e-01 2.068966e-01 6.896552e-03
30637: 2.082192e+00 1.630137e+00 1.561644e+00 5.068493e-01 2.054795e-01 1.369863e-02
30637: 2.081633e+00 1.639456e+00 1.557823e+00 5.034014e-01 2.040816e-01 1.360544e-02
30637: 2.081081e+00 1.635135e+00 1.560811e+00 5.000000e-01 2.094595e-01 1.351351e-02
30637: 2.073826e+00 1.637584e+00 1.557047e+00 5.100671e-01 2.080537e-01 1.342282e-02
30637: 2.073333e+00 1.633333e+00 1.566667e+00 5.066667e-01 2.066667e-01 1.333333e-02
30637: 2.066225e+00 1.649007e+00 1.562914e+00 5.033113e-01 2.052980e-01 1.324503e-02
30637: 2.065789e+00 1.638158e+00 1.572368e+00 5.065789e-01 2.039474e-01 1.315789e-02
30637: 2.058824e+00 1.640523e+00 1.568627e+00 5.163399e-01 2.026144e-01 1.307190e-02
30637: 2.064935e+00 1.642857e+00 1.564935e+00 5.129870e-01 2.012987e-01 1.298701e-02
30637: 2.064516e+00 1.632258e+00 1.580645e+00 5.096774e-01 2.000000e-01 1.290323e-02
30637: 2.057692e+00 1.641026e+00 1.576923e+00 5.128205e-01 1.987179e-01 1.282051e-02
30637: 2.057325e+00 1.636943e+00 1.573248e+00 5.222930e-01 1.974522e-01 1.273885e-02
30637: 2.056962e+00 1.639241e+00 1.569620e+00 5.253165e-01 1.962025e-01 1.265823e-02
30637: 2.050314e+00 1.641509e+00 1.572327e+00 5.283019e-01 1.949686e-01 1.257862e-02
30637: 2.050000e+00 1.643750e+00 1.568750e+00 5.312500e-01 1.937500e-01 1.250000e-02
30637: 2.043478e+00 1.639752e+00 1.577640e+00 5.341615e-01 1.925466e-01 1.242236e-02
30637: 2.043210e+00 1.641975e+00 1.567901e+00 5.370370e-01 1.975309e-01 1.234568e-02
30637: 2.042945e+00 1.638037e+00 1.576687e+00 5.337423e-01 1.963190e-01 1.226994e-02
30637: 2.042683e+00 1.640244e+00 1.567073e+00 5.365854e-01 2.012195e-01 1.219512e-02
30637: 2.036364e+00 1.636364e+00 1.575758e+00 5.393939e-01 2.000000e-01 1.212121e-02
30637: 2.036145e+00 1.638554e+00 1.572289e+00 5.421687e-01 1.987952e-01 1.204819e-02
30637: 2.035928e+00 1.634731e+00 1.574850e+00 5.449102e-01 1.976048e-01 1.197605e-02
30637: 2.035714e+00 1.642857e+00 1.565476e+00 5.476190e-01 1.964286e-01 1.190476e-02
30637: 2.035503e+00 1.639053e+00 1.573964e+00 5.443787e-01 1.952663e-01 1.183432e-02
30637: 2.029412e+00 1.652941e+00 1.564706e+00 5.470588e-01 1.941176e-01 1.176471e-02
30637: 2.035088e+00 1.649123e+00 1.567251e+00 5.438596e-01 1.929825e-01 1.169591e-02
30637: 2.034884e+00 1.656977e+00 1.563953e+00 5.406977e-01 1.918605e-01 1.162791e-02
30637: 2.034682e+00 1.653179e+00 1.572254e+00 5.375723e-01 1.907514e-01 1.156069e-02
30637: 2.034483e+00 1.660920e+00 1.563218e+00 5.402299e-01 1.896552e-01 1.149425e-02
30637: 2.028571e+00 1.657143e+00 1.571429e+00 5.428571e-01 1.885714e-01 1.142857e-02
30637: 2.034091e+00 1.659091e+00 1.562500e+00 5.454545e-01 1.875000e-01 1.136364e-02
30637: 2.028249e+00 1.655367e+00 1.576271e+00 5.423729e-01 1.864407e-01 1.129944e-02
30637: 2.028090e+00 1.651685e+00 1.573034e+00 5.505618e-01 1.853933e-01 1.123596e-02
30637: 2.027933e+00 1.659218e+00 1.564246e+00 5.530726e-01 1.843575e-01 1.117318e-02
30637: 2.022222e+00 1.661111e+00 1.572222e+00 5.500000e-01 1.833333e-01 1.111111e-02
30637: 2.027624e+00 1.657459e+00 1.563536e+00 5.580110e-01 1.823204e-01 1.104972e-02
30637: 2.027473e+00 1.659341e+00 1.560440e+00 5.604396e-01 1.813187e-01 1.098901e-02
30637: 2.027322e+00 1.661202e+00 1.562842e+00 5.573770e-01 1.803279e-01 1.092896e-02
30637: 2.027174e+00 1.652174e+00 1.570652e+00 5.597826e-01 1.793478e-01 1.086957e-02
30637: 2.027027e+00 1.654054e+00 1.562162e+00 5.675676e-01 1.783784e-01 1.081081e-02
30637: 2.021505e+00 1.645161e+00 1.575269e+00 5.645161e-01 1.827957e-01 1.075269e-02
30637: 2.021390e+00 1.647059e+00 1.572193e+00 5.668449e-01 1.818182e-01 1.069519e-02
30637: 2.021277e+00 1.643617e+00 1.574468e+00 5.691489e-01 1.808511e-01 1.063830e-02
30637: 2.021164e+00 1.650794e+00 1.566138e+00 5.714286e-01 1.798942e-01 1.058201e-02
30637: 2.021053e+00 1.642105e+00 1.573684e+00 5.684211e-01 1.842105e-01 1.052632e-02
30637: 2.015707e+00 1.654450e+00 1.565445e+00 5.706806e-01 1.832461e-01 1.047120e-02
30637: 2.015625e+00 1.656250e+00 1.567708e+00 5.677083e-01 1.822917e-01 1.041667e-02
30637: 2.020725e+00 1.647668e+00 1.569948e+00 5.699482e-01 1.813472e-01 1.036269e-02
30637: 2.015464e+00 1.649485e+00 1.572165e+00 5.670103e-01 1.855670e-01 1.030928e-02
30637: 2.015385e+00 1.646154e+00 1.574359e+00 5.692308e-01 1.846154e-01 1.025641e-02
30637: 2.015306e+00 1.642857e+00 1.571429e+00 5.765306e-01 1.836735e-01 1.020408e-02
30637: 2.015228e+00 1.639594e+00 1.573604e+00 5.786802e-01 1.827411e-01 1.015228e-02
30637: 2.020202e+00 1.641414e+00 1.565657e+00 5.808081e-01 1.818182e-01 1.010101e-02
30637: 2.020101e+00 1.638191e+00 1.572864e+00 5.778894e-01 1.809045e-01 1.005025e-02
30637: 2.020000e+00 1.640000e+00 1.570000e+00 5.800000e-01 1.800000e-01 1.000000e-02
30637: 2.019900e+00 1.636816e+00 1.572139e+00 5.820896e-01 1.791045e-01 9.950249e-03
30637: 2.019802e+00 1.638614e+00 1.569307e+00 5.841584e-01 1.782178e-01 9.900990e-03
30637: 2.014778e+00 1.640394e+00 1.571429e+00 5.862069e-01 1.773399e-01 9.852217e-03
30637: 2.024510e+00 1.637255e+00 1.563725e+00 5.882353e-01 1.764706e-01 9.803922e-03
30637: 2.024390e+00 1.639024e+00 1.560976e+00 5.853659e-01 1.756098e-01 1.463415e-02
30637: 2.019417e+00 1.635922e+00 1.567961e+00 5.873786e-01 1.747573e-01 1.456311e-02
30637: 2.019324e+00 1.637681e+00 1.565217e+00 5.893720e-01 1.739130e-01 1.449275e-02
30637: 2.019231e+00 1.634615e+00 1.572115e+00 5.865385e-01 1.730769e-01 1.442308e-02
30637: 2.014354e+00 1.636364e+00 1.569378e+00 5.933014e-01 1.722488e-01 1.435407e-02
30637: 2.014286e+00 1.633333e+00 1.571429e+00 5.904762e-01 1.761905e-01 1.428571e-02
30637: 2.009479e+00 1.635071e+00 1.568720e+00 5.924171e-01 1.800948e-01 1.421801e-02
30637: 2.009434e+00 1.641509e+00 1.566038e+00 5.896226e-01 1.792453e-01 1.415094e-02
30637: 2.000000e+00 1.652582e+00 1.568075e+00 5.868545e-01 1.784038e-01 1.408451e-02
30637: 2.000000e+00 1.649533e+00 1.570093e+00 5.887850e-01 1.775701e-01 1.401869e-02
30637: 2.004651e+00 1.651163e+00 1.562791e+00 5.906977e-01 1.767442e-01 1.395349e-02
30637: 2.000000e+00 1.648148e+00 1.564815e+00 5.879630e-01 1.851852e-01 1.388889e-02
30637: 2.004608e+00 1.645161e+00 1.562212e+00 5.898618e-01 1.843318e-01 1.382488e-02
30637: 2.004587e+00 1.646789e+00 1.559633e+00 5.917431e-01 1.834862e-01 1.376147e-02
30637: 2.000000e+00 1.648402e+00 1.566210e+00 5.890411e-01 1.826484e-01 1.369863e-02
30637: 2.000000e+00 1.645455e+00 1.568182e+00 5.909091e-01 1.818182e-01 1.363636e-02
30637: 1.995475e+00 1.647059e+00 1.570136e+00 5.927602e-01 1.809955e-01 1.357466e-02
30637: 2.000000e+00 1.648649e+00 1.563063e+00 5.945946e-01 1.801802e-01 1.351351e-02
30637: 1.995516e+00 1.645740e+00 1.573991e+00 5.919283e-01 1.793722e-01 1.345291e-02
30637: 2.000000e+00 1.642857e+00 1.571429e+00 5.937500e-01 1.785714e-01 1.339286e-02
30637: 1.995556e+00 1.644444e+00 1.568889e+00 5.955556e-01 1.822222e-01 1.333333e-02
30637: 2.000000e+00 1.641593e+00 1.566372e+00 5.973451e-01 1.814159e-01 1.327434e-02
30637: 2.000000e+00 1.638767e+00 1.568282e+00 5.991189e-01 1.806167e-01 1.321586e-02
30637: 1.995614e+00 1.640351e+00 1.570175e+00 6.008772e-01 1.798246e-01 1.315789e-02
30637: 2.000000e+00 1.637555e+00 1.567686e+00 6.026201e-01 1.790393e-01 1.310044e-02
30637: 1.995652e+00 1.643478e+00 1.565217e+00 6.043478e-01 1.782609e-01 1.304348e-02
30637: 1.995671e+00 1.645022e+00 1.567100e+00 6.017316e-01 1.774892e-01 1.298701e-02
30637: 1.995690e+00 1.642241e+00 1.564655e+00 6.034483e-01 1.810345e-01 1.293103e-02
30637: 1.995708e+00 1.643777e+00 1.566524e+00 6.008584e-01 1.802575e-01 1.287554e-02
30637: 1.991453e+00 1.645299e+00 1.568376e+00 6.025641e-01 1.794872e-01 1.282051e-02
30637: 1.995745e+00 1.646809e+00 1.565957e+00 6.000000e-01 1.787234e-01 1.276596e-02
30637: 1.991525e+00 1.648305e+00 1.572034e+00 5.974576e-01 1.779661e-01 1.271186e-02
30637: 1.991561e+00 1.645570e+00 1.569620e+00 6.033755e-01 1.772152e-01 1.265823e-02
30637: 1.991597e+00 1.647059e+00 1.567227e+00 6.050420e-01 1.764706e-01 1.260504e-02
30637: 1.987448e+00 1.644351e+00 1.573222e+00 6.066946e-01 1.757322e-01 1.255230e-02
30637: 1.987500e+00 1.641667e+00 1.575000e+00 6.083333e-01 1.750000e-01 1.250000e-02
30637: 1.983402e+00 1.643154e+00 1.568465e+00 6.182573e-01 1.742739e-01 1.244813e-02
30637: 1.983471e+00 1.640496e+00 1.570248e+00 6.157025e-01 1.776860e-01 1.239669e-02
30637: 1.983539e+00 1.641975e+00 1.567901e+00 6.172840e-01 1.769547e-01 1.234568e-02
30637: 1.983607e+00 1.639344e+00 1.573770e+00 6.147541e-01 1.762295e-01 1.229508e-02
30637: 1.979592e+00 1.640816e+00 1.575510e+00 6.163265e-01 1.755102e-01 1.224490e-02
30637: 1.979675e+00 1.634146e+00 1.573171e+00 6.178862e-01 1.829268e-01 1.219512e-02
30637: 1.979757e+00 1.635628e+00 1.570850e+00 6.194332e-01 1.821862e-01 1.214575e-02
30637: 1.975806e+00 1.641129e+00 1.568548e+00 6.209677e-01 1.814516e-01 1.209677e-02
30637: 1.983936e+00 1.638554e+00 1.566265e+00 6.184739e-01 1.807229e-01 1.204819e-02
30637: 1.980000e+00 1.644000e+00 1.564000e+00 6.160000e-01 1.840000e-01 1.200000e-02
30637: 1.980080e+00 1.645418e+00 1.565737e+00 6.135458e-01 1.832669e-01 1.195219e-02
30637: 1.976190e+00 1.642857e+00 1.567460e+00 6.150794e-01 1.865079e-01 1.190476e-02
30637: 1.976285e+00 1.640316e+00 1.569170e+00 6.166008e-01 1.857708e-01 1.185771e-02
30637: 1.980315e+00 1.641732e+00 1.566929e+00 6.141732e-01 1.850394e-01 1.181102e-02
30637: 1.980392e+00 1.635294e+00 1.572549e+00 6.117647e-01 1.882353e-01 1.176471e-02
30637: 1.976562e+00 1.640625e+00 1.570312e+00 6.132812e-01 1.875000e-01 1.171875e-02
30637: 1.976654e+00 1.638132e+00 1.568093e+00 6.186770e-01 1.867704e-01 1.167315e-02
30637: 1.976744e+00 1.635659e+00 1.569767e+00 6.201550e-01 1.860465e-01 1.162791e-02
30637: 1.976834e+00 1.637066e+00 1.571429e+00 6.177606e-01 1.853282e-01 1.158301e-02
30637: 1.976923e+00 1.634615e+00 1.565385e+00 6.269231e-01 1.846154e-01 1.153846e-02
30637: 1.977011e+00 1.639847e+00 1.563218e+00 6.245211e-01 1.839080e-01 1.149425e-02
30637: 1.977099e+00 1.637405e+00 1.568702e+00 6.221374e-01 1.832061e-01 1.145038e-02
30637: 1.973384e+00 1.646388e+00 1.566540e+00 6.197719e-01 1.825095e-01 1.140684e-02
30637: 1.973485e+00 1.647727e+00 1.568182e+00 6.174242e-01 1.818182e-01 1.136364e-02
30637: 1.969811e+00 1.649057e+00 1.569811e+00 6.188679e-01 1.811321e-01 1.132075e-02
30637: 1.973684e+00 1.646617e+00 1.567669e+00 6.165414e-01 1.842105e-01 1.127820e-02
30637: 1.970037e+00 1.647940e+00 1.573034e+00 6.142322e-01 1.835206e-01 1.123596e-02
30637: 1.973881e+00 1.645522e+00 1.570896e+00 6.156716e-01 1.828358e-01 1.119403e-02
30637: 1.970260e+00 1.650558e+00 1.568773e+00 6.171004e-01 1.821561e-01 1.115242e-02
30637: 1.977778e+00 1.644444e+00 1.570370e+00 6.148148e-01 1.814815e-01 1.111111e-02
30637: 1.977860e+00 1.645756e+00 1.564576e+00 6.199262e-01 1.808118e-01 1.107011e-02
30637: 1.974265e+00 1.639706e+00 1.569853e+00 6.250000e-01 1.801471e-01 1.102941e-02
30637: 1.978022e+00 1.637363e+00 1.567766e+00 6.227106e-01 1.831502e-01 1.098901e-02
30637: 1.974453e+00 1.645985e+00 1.565693e+00 6.204380e-01 1.824818e-01 1.094891e-02
30637: 1.978182e+00 1.647273e+00 1.563636e+00 6.181818e-01 1.818182e-01 1.090909e-02
30637: 1.974638e+00 1.648551e+00 1.565217e+00 6.195652e-01 1.811594e-01 1.086957e-02
30637: 1.978339e+00 1.646209e+00 1.563177e+00 6.173285e-01 1.841155e-01 1.083032e-02
30637: 1.974820e+00 1.643885e+00 1.571942e+00 6.151079e-01 1.834532e-01 1.079137e-02
30637: 1.974910e+00 1.645161e+00 1.569892e+00 6.164875e-01 1.827957e-01 1.075269e-02
30637: 1.971429e+00 1.642857e+00 1.578571e+00 6.142857e-01 1.821429e-01 1.071429e-02
30637: 1.971530e+00 1.640569e+00 1.576512e+00 6.192171e-01 1.814947e-01 1.067616e-02
30637: 1.968085e+00 1.645390e+00 1.570922e+00 6.241135e-01 1.808511e-01 1.063830e-02
30637: 1.968198e+00 1.643110e+00 1.568905e+00 6.289753e-01 1.802120e-01 1.060071e-02
30637: 1.971831e+00 1.644366e+00 1.566901e+00 6.267606e-01 1.795775e-01 1.056338e-02
30637: 1.975439e+00 1.642105e+00 1.568421e+00 6.245614e-01 1.789474e-01 1.052632e-02
30637: 1.975524e+00 1.643357e+00 1.566434e+00 6.223776e-01 1.818182e-01 1.048951e-02
30637: 1.972125e+00 1.641115e+00 1.574913e+00 6.202091e-01 1.811847e-01 1.045296e-02
30637: 1.972222e+00 1.638889e+00 1.572917e+00 6.215278e-01 1.840278e-01 1.041667e-02
30637: 1.968858e+00 1.647059e+00 1.567474e+00 6.228374e-01 1.833910e-01 1.038062e-02
30637: 1.972414e+00 1.648276e+00 1.565517e+00 6.206897e-01 1.827586e-01 1.034483e-02
30637: 1.969072e+00 1.649485e+00 1.570447e+00 6.185567e-01 1.821306e-01 1.030928e-02
30637: 1.969178e+00 1.650685e+00 1.568493e+00 6.198630e-01 1.815068e-01 1.027397e-02
30637: 1.965870e+00 1.645051e+00 1.576792e+00 6.211604e-01 1.808874e-01 1.023891e-02
30637: 1.969388e+00 1.642857e+00 1.574830e+00 6.224490e-01 1.802721e-01 1.020408e-02
30637: 1.972881e+00 1.644068e+00 1.569492e+00 6.237288e-01 1.796610e-01 1.016949e-02
30637: 1.972973e+00 1.641892e+00 1.570946e+00 6.216216e-01 1.824324e-01 1.013514e-02
30637: 1.973064e+00 1.643098e+00 1.565657e+00 6.228956e-01 1.851852e-01 1.010101e-02
30637: 1.969799e+00 1.644295e+00 1.570470e+00 6.208054e-01 1.845638e-01 1.006711e-02
30637: 1.973244e+00 1.645485e+00 1.565217e+00 6.220736e-01 1.839465e-01 1.003344e-02
30637: 1.970000e+00 1.650000e+00 1.566667e+00 6.200000e-01 1.833333e-01 1.000000e-02
30637: 1.970100e+00 1.647841e+00 1.571429e+00 6.179402e-01 1.827243e-01 9.966777e-03
30637: 1.966887e+00 1.652318e+00 1.566225e+00 6.225166e-01 1.821192e-01 9.933775e-03
30637: 1.966997e+00 1.653465e+00 1.567657e+00 6.204620e-01 1.815182e-01 9.900990e-03
30637: 1.963816e+00 1.648026e+00 1.572368e+00 6.217105e-01 1.842105e-01 9.868421e-03
30637: 1.967213e+00 1.649180e+00 1.567213e+00 6.229508e-01 1.836066e-01 9.836066e-03
30637: 1.964052e+00 1.653595e+00 1.568627e+00 6.209150e-01 1.830065e-01 9.803922e-03
30637: 1.960912e+00 1.654723e+00 1.570033e+00 6.221498e-01 1.824104e-01 9.771987e-03
30637: 1.961039e+00 1.652597e+00 1.568182e+00 6.266234e-01 1.818182e-01 9.740260e-03
30637: 1.961165e+00 1.656958e+00 1.566343e+00 6.245955e-01 1.812298e-01 9.708738e-03
30637: 1.958065e+00 1.654839e+00 1.567742e+00 6.290323e-01 1.806452e-01 9.677419e-03
30637: 1.958199e+00 1.652733e+00 1.565916e+00 6.302251e-01 1.832797e-01 9.646302e-03
30637: 1.958333e+00 1.653846e+00 1.564103e+00 6.314103e-01 1.826923e-01 9.615385e-03
30637: 1.955272e+00 1.651757e+00 1.568690e+00 6.325879e-01 1.821086e-01 9.584665e-03
30637: 1.955414e+00 1.652866e+00 1.566879e+00 6.305732e-01 1.847134e-01 9.554140e-03
30637: 1.952381e+00 1.653968e+00 1.568254e+00 6.317460e-01 1.841270e-01 9.523810e-03
30637: 1.955696e+00 1.651899e+00 1.569620e+00 6.297468e-01 1.835443e-01 9.493671e-03
30637: 1.952681e+00 1.652997e+00 1.570978e+00 6.309148e-01 1.829653e-01 9.463722e-03
30637: 1.952830e+00 1.657233e+00 1.566038e+00 6.320755e-01 1.823899e-01 9.433962e-03
30637: 1.949843e+00 1.658307e+00 1.570533e+00 6.300940e-01 1.818182e-01 9.404389e-03
30637: 1.953125e+00 1.656250e+00 1.565625e+00 6.343750e-01 1.812500e-01 9.375000e-03
30637: 1.950156e+00 1.654206e+00 1.573209e+00 6.323988e-01 1.806854e-01 9.345794e-03
30637: 1.950311e+00 1.655280e+00 1.571429e+00 6.335404e-01 1.801242e-01 9.316770e-03
30637: 1.947368e+00 1.653251e+00 1.572755e+00 6.346749e-01 1.795666e-01 1.238390e-02
30637: 1.947531e+00 1.651235e+00 1.570988e+00 6.388889e-01 1.790123e-01 1.234568e-02
30637: 1.944615e+00 1.652308e+00 1.572308e+00 6.400000e-01 1.784615e-01 1.230769e-02
30637: 1.944785e+00 1.653374e+00 1.570552e+00 6.411043e-01 1.779141e-01 1.226994e-02
30637: 1.941896e+00 1.651376e+00 1.574924e+00 6.422018e-01 1.773700e-01 1.223242e-02
30637: 1.939024e+00 1.652439e+00 1.573171e+00 6.463415e-01 1.768293e-01 1.219512e-02
30637: 1.945289e+00 1.650456e+00 1.568389e+00 6.474164e-01 1.762918e-01 1.215805e-02
30637: 1.942424e+00 1.651515e+00 1.572727e+00 6.454545e-01 1.757576e-01 1.212121e-02
30637: 1.942598e+00 1.652568e+00 1.570997e+00 6.465257e-01 1.752266e-01 1.208459e-02
30637: 1.939759e+00 1.653614e+00 1.569277e+00 6.506024e-01 1.746988e-01 1.204819e-02
30637: 1.936937e+00 1.654655e+00 1.570571e+00 6.516517e-01 1.741742e-01 1.201201e-02
30637: 1.943114e+00 1.652695e+00 1.565868e+00 6.526946e-01 1.736527e-01 1.197605e-02
30637: 1.943284e+00 1.653731e+00 1.567164e+00 6.507463e-01 1.731343e-01 1.194030e-02
30637: 1.940476e+00 1.654762e+00 1.568452e+00 6.517857e-01 1.726190e-01 1.190476e-02
30637: 1.943620e+00 1.655786e+00 1.566766e+00 6.498516e-01 1.721068e-01 1.186944e-02
30637: 1.943787e+00 1.656805e+00 1.568047e+00 6.479290e-01 1.715976e-01 1.183432e-02
30637: 1.941003e+00 1.657817e+00 1.566372e+00 6.489676e-01 1.740413e-01 1.179941e-02
30637: 1.944118e+00 1.655882e+00 1.567647e+00 6.470588e-01 1.735294e-01 1.176471e-02
30637: 1.941349e+00 1.659824e+00 1.568915e+00 6.451613e-01 1.730205e-01 1.173021e-02
30637: 1.944444e+00 1.657895e+00 1.567251e+00 6.461988e-01 1.725146e-01 1.169591e-02
30637: 1.944606e+00 1.661808e+00 1.565598e+00 6.443149e-01 1.720117e-01 1.166181e-02
30637: 1.941860e+00 1.659884e+00 1.569767e+00 6.453488e-01 1.715116e-01 1.162791e-02
30637: 1.944928e+00 1.657971e+00 1.568116e+00 6.463768e-01 1.710145e-01 1.159420e-02
30637: 1.942197e+00 1.664740e+00 1.566474e+00 6.445087e-01 1.705202e-01 1.156069e-02
30637: 1.942363e+00 1.662824e+00 1.567723e+00 6.426513e-01 1.729107e-01 1.152738e-02
30637: 1.939655e+00 1.663793e+00 1.571839e+00 6.408046e-01 1.724138e-01 1.149425e-02
30637: 1.939828e+00 1.667622e+00 1.567335e+00 6.418338e-01 1.719198e-01 1.146132e-02
30637: 1.937143e+00 1.668571e+00 1.571429e+00 6.400000e-01 1.714286e-01 1.142857e-02
30637: 1.934473e+00 1.672365e+00 1.569801e+00 6.410256e-01 1.709402e-01 1.139601e-02
30637: 1.937500e+00 1.670455e+00 1.571023e+00 6.392045e-01 1.704545e-01 1.136364e-02
30637: 1.934844e+00 1.671388e+00 1.566572e+00 6.458924e-01 1.699717e-01 1.133144e-02
30637: 1.935028e+00 1.666667e+00 1.567797e+00 6.468927e-01 1.723164e-01 1.129944e-02
30637: 1.935211e+00 1.667606e+00 1.566197e+00 6.450704e-01 1.746479e-01 1.126761e-02
30637: 1.932584e+00 1.671348e+00 1.567416e+00 6.432584e-01 1.741573e-01 1.123596e-02
30637: 1.932773e+00 1.669468e+00 1.565826e+00 6.470588e-01 1.736695e-01 1.120448e-02
30637: 1.930168e+00 1.675978e+00 1.564246e+00 6.452514e-01 1.731844e-01 1.117318e-02
30637: 1.930362e+00 1.674095e+00 1.568245e+00 6.434540e-01 1.727019e-01 1.114206e-02
30637: 1.927778e+00 1.675000e+00 1.569444e+00 6.444444e-01 1.722222e-01 1.111111e-02
30637: 1.930748e+00 1.673130e+00 1.570637e+00 6.426593e-01 1.717452e-01 1.108033e-02
30637: 1.928177e+00 1.679558e+00 1.566298e+00 6.436464e-01 1.712707e-01 1.104972e-02
30637: 1.931129e+00 1.677686e+00 1.567493e+00 6.418733e-01 1.707989e-01 1.101928e-02
30637: 1.928571e+00 1.681319e+00 1.568681e+00 6.401099e-01 1.703297e-01 1.098901e-02
30637: 1.928767e+00 1.682192e+00 1.569863e+00 6.383562e-01 1.698630e-01 1.095890e-02
30637: 1.928962e+00 1.680328e+00 1.568306e+00 6.393443e-01 1.721311e-01 1.092896e-02
30637: 1.926431e+00 1.678474e+00 1.574932e+00 6.376022e-01 1.716621e-01 1.089918e-02
30637: 1.929348e+00 1.676630e+00 1.573370e+00 6.385870e-01 1.711957e-01 1.086957e-02
30637: 1.929539e+00 1.677507e+00 1.569106e+00 6.422764e-01 1.707317e-01 1.084011e-02
30637: 1.927027e+00 1.675676e+00 1.572973e+00 6.432432e-01 1.702703e-01 1.081081e-02
30637: 1.929919e+00 1.671159e+00 1.574124e+00 6.442049e-01 1.698113e-01 1.078167e-02
30637: 1.927419e+00 1.672043e+00 1.575269e+00 6.451613e-01 1.693548e-01 1.075269e-02
30637: 1.924933e+00 1.672922e+00 1.573727e+00 6.461126e-01 1.715818e-01 1.072386e-02
30637: 1.927807e+00 1.671123e+00 1.569519e+00 6.497326e-01 1.711230e-01 1.069519e-02
30637: 1.925333e+00 1.677333e+00 1.568000e+00 6.480000e-01 1.706667e-01 1.066667e-02
30637: 1.928191e+00 1.675532e+00 1.569149e+00 6.462766e-01 1.702128e-01 1.063830e-02
30637: 1.925729e+00 1.676393e+00 1.570292e+00 6.472149e-01 1.697613e-01 1.061008e-02
30637: 1.928571e+00 1.674603e+00 1.568783e+00 6.481481e-01 1.693122e-01 1.058201e-02
30637: 1.928760e+00 1.675462e+00 1.567282e+00 6.490765e-01 1.688654e-01 1.055409e-02
30637: 1.926316e+00 1.676316e+00 1.568421e+00 6.473684e-01 1.710526e-01 1.052632e-02
30637: 1.929134e+00 1.674541e+00 1.569554e+00 6.456693e-01 1.706037e-01 1.049869e-02
30637: 1.926702e+00 1.675393e+00 1.573298e+00 6.439791e-01 1.701571e-01 1.047120e-02
30637: 1.926893e+00 1.676240e+00 1.571802e+00 6.449086e-01 1.697128e-01 1.044386e-02
30637: 1.927083e+00 1.674479e+00 1.572917e+00 6.458333e-01 1.692708e-01 1.041667e-02
30637: 1.927273e+00 1.675325e+00 1.568831e+00 6.467532e-01 1.714286e-01 1.038961e-02
30637: 1.924870e+00 1.673575e+00 1.572539e+00 6.476684e-01 1.709845e-01 1.036269e-02
30637: 1.922481e+00 1.674419e+00 1.571059e+00 6.511628e-01 1.705426e-01 1.033592e-02
30637: 1.922680e+00 1.672680e+00 1.569588e+00 6.520619e-01 1.726804e-01 1.030928e-02
30637: 1.922879e+00 1.676093e+00 1.568123e+00 6.503856e-01 1.722365e-01 1.028278e-02
30637: 1.920513e+00 1.674359e+00 1.569231e+00 6.512821e-01 1.717949e-01 1.282051e-02
30637: 1.920716e+00 1.677749e+00 1.567775e+00 6.496164e-01 1.713555e-01 1.278772e-02
30637: 1.918367e+00 1.676020e+00 1.571429e+00 6.479592e-01 1.709184e-01 1.530612e-02
30637: 1.918575e+00 1.674300e+00 1.567430e+00 6.488550e-01 1.755725e-01 1.526718e-02
30637: 1.916244e+00 1.677665e+00 1.568528e+00 6.472081e-01 1.751269e-01 1.522843e-02
30637: 1.916456e+00 1.675949e+00 1.569620e+00 6.481013e-01 1.746835e-01 1.518987e-02
30637: 1.914141e+00 1.676768e+00 1.568182e+00 6.515152e-01 1.742424e-01 1.515152e-02
30637: 1.919395e+00 1.675063e+00 1.566751e+00 6.498741e-01 1.738035e-01 1.511335e-02
30637: 1.919598e+00 1.675879e+00 1.565327e+00 6.507538e-01 1.733668e-01 1.507538e-02
30637: 1.919799e+00 1.674185e+00 1.566416e+00 6.491228e-01 1.754386e-01 1.503759e-02
30637: 1.920000e+00 1.672500e+00 1.567500e+00 6.500000e-01 1.750000e-01 1.500000e-02
30637: 1.917706e+00 1.675810e+00 1.566085e+00 6.508728e-01 1.745636e-01 1.496259e-02
30637: 1.917910e+00 1.674129e+00 1.567164e+00 6.517413e-01 1.741294e-01 1.492537e-02
30637: 1.918114e+00 1.674938e+00 1.565757e+00 6.526055e-01 1.736973e-01 1.488834e-02
30637: 1.918317e+00 1.673267e+00 1.566832e+00 6.534653e-01 1.732673e-01 1.485149e-02
30637: 1.918519e+00 1.674074e+00 1.565432e+00 6.543210e-01 1.728395e-01 1.481481e-02
30637: 1.916256e+00 1.674877e+00 1.568966e+00 6.527094e-01 1.724138e-01 1.477833e-02
30637: 1.916462e+00 1.675676e+00 1.570025e+00 6.511057e-01 1.719902e-01 1.474201e-02
30637: 1.914216e+00 1.676471e+00 1.566176e+00 6.544118e-01 1.740196e-01 1.470588e-02
30637: 1.914425e+00 1.677262e+00 1.564792e+00 6.528117e-01 1.760391e-01 1.466993e-02
30637: 1.914634e+00 1.675610e+00 1.565854e+00 6.512195e-01 1.780488e-01 1.463415e-02
30637: 1.912409e+00 1.681265e+00 1.564477e+00 6.496350e-01 1.776156e-01 1.459854e-02
30637: 1.912621e+00 1.679612e+00 1.563107e+00 6.529126e-01 1.771845e-01 1.456311e-02
30637: 1.910412e+00 1.680387e+00 1.561743e+00 6.537530e-01 1.791768e-01 1.452785e-02
30637: 1.913043e+00 1.681159e+00 1.560386e+00 6.521739e-01 1.787440e-01 1.449275e-02
30637: 1.910843e+00 1.679518e+00 1.563855e+00 6.506024e-01 1.807229e-01 1.445783e-02
30637: 1.911058e+00 1.680288e+00 1.562500e+00 6.514423e-01 1.802885e-01 1.442308e-02
30637: 1.908873e+00 1.681055e+00 1.565947e+00 6.498801e-01 1.798561e-01 1.438849e-02
30637: 1.911483e+00 1.681818e+00 1.564593e+00 6.483254e-01 1.794258e-01 1.435407e-02
30637: 1.911695e+00 1.680191e+00 1.568019e+00 6.467780e-01 1.789976e-01 1.431981e-02
30637: 1.914286e+00 1.680952e+00 1.566667e+00 6.452381e-01 1.785714e-01 1.428571e-02
30637: 1.914489e+00 1.681710e+00 1.567696e+00 6.437055e-01 1.781473e-01 1.425178e-02
30637: 1.912322e+00 1.682464e+00 1.566351e+00 6.469194e-01 1.777251e-01 1.421801e-02
30637: 1.912530e+00 1.683215e+00 1.565012e+00 6.477541e-01 1.773050e-01 1.418440e-02
30637: 1.912736e+00 1.681604e+00 1.566038e+00 6.485849e-01 1.768868e-01 1.415094e-02
30637: 1.912941e+00 1.682353e+00 1.564706e+00 6.470588e-01 1.788235e-01 1.411765e-02
30637: 1.910798e+00 1.680751e+00 1.570423e+00 6.455399e-01 1.784038e-01 1.408451e-02
30637: 1.913349e+00 1.679157e+00 1.569087e+00 6.463700e-01 1.779859e-01 1.405152e-02
30637: 1.913551e+00 1.679907e+00 1.570093e+00 6.448598e-01 1.775701e-01 1.401869e-02
30637: 1.911422e+00 1.678322e+00 1.568765e+00 6.480186e-01 1.794872e-01 1.398601e-02
30637: 1.911628e+00 1.676744e+00 1.572093e+00 6.465116e-01 1.790698e-01 1.395349e-02
30637: 1.914153e+00 1.675174e+00 1.568445e+00 6.496520e-01 1.786543e-01 1.392111e-02
30637: 1.912037e+00 1.678241e+00 1.569444e+00 6.481481e-01 1.782407e-01 1.388889e-02
30637: 1.914550e+00 1.676674e+00 1.570439e+00 6.466513e-01 1.778291e-01 1.385681e-02
30637: 1.912442e+00 1.677419e+00 1.569124e+00 6.474654e-01 1.797235e-01 1.382488e-02
30637: 1.912644e+00 1.675862e+00 1.570115e+00 6.459770e-01 1.816092e-01 1.379310e-02
30637: 1.912844e+00 1.674312e+00 1.568807e+00 6.490826e-01 1.811927e-01 1.376147e-02
30637: 1.910755e+00 1.677346e+00 1.567506e+00 6.498856e-01 1.807780e-01 1.372998e-02
30637: 1.910959e+00 1.678082e+00 1.566210e+00 6.506849e-01 1.803653e-01 1.369863e-02
30637: 1.911162e+00 1.676538e+00 1.569476e+00 6.492027e-01 1.799544e-01 1.366743e-02
30637: 1.909091e+00 1.675000e+00 1.572727e+00 6.500000e-01 1.795455e-01 1.363636e-02
30637: 1.909297e+00 1.673469e+00 1.571429e+00 6.507937e-01 1.791383e-01 1.587302e-02
30637: 1.909502e+00 1.674208e+00 1.570136e+00 6.515837e-01 1.787330e-01 1.583710e-02
30637: 1.907449e+00 1.674944e+00 1.568849e+00 6.523702e-01 1.783296e-01 1.805869e-02
30637: 1.907658e+00 1.675676e+00 1.569820e+00 6.509009e-01 1.779279e-01 1.801802e-02
30637: 1.907865e+00 1.674157e+00 1.570787e+00 6.516854e-01 1.775281e-01 1.797753e-02
30637: 1.905830e+00 1.672646e+00 1.569507e+00 6.547085e-01 1.771300e-01 2.017937e-02
30637: 1.908277e+00 1.671141e+00 1.568233e+00 6.532438e-01 1.789709e-01 2.013423e-02
30637: 1.906250e+00 1.674107e+00 1.569196e+00 6.517857e-01 1.785714e-01 2.008929e-02
30637: 1.906459e+00 1.674833e+00 1.570156e+00 6.503341e-01 1.781737e-01 2.004454e-02
30637: 1.904444e+00 1.673333e+00 1.568889e+00 6.533333e-01 1.800000e-01 2.000000e-02
30637: 1.904656e+00 1.674058e+00 1.569845e+00 6.518847e-01 1.796009e-01 1.995565e-02
30637: 1.902655e+00 1.672566e+00 1.570796e+00 6.526549e-01 1.814159e-01 1.991150e-02
30637: 1.902870e+00 1.673289e+00 1.567329e+00 6.556291e-01 1.810155e-01 1.986755e-02
30637: 1.900881e+00 1.676211e+00 1.568282e+00 6.541850e-01 1.806167e-01 1.982379e-02
30637: 1.903297e+00 1.674725e+00 1.569231e+00 6.527473e-01 1.802198e-01 1.978022e-02
30637: 1.901316e+00 1.677632e+00 1.567982e+00 6.535088e-01 1.798246e-01 1.973684e-02
30637: 1.899344e+00 1.678337e+00 1.568928e+00 6.520788e-01 1.816193e-01 1.969365e-02
30637: 1.899563e+00 1.679039e+00 1.569869e+00 6.506550e-01 1.812227e-01 1.965066e-02
30637: 1.897603e+00 1.681917e+00 1.568627e+00 6.514161e-01 1.808279e-01 1.960784e-02
30637: 1.897826e+00 1.682609e+00 1.569565e+00 6.500000e-01 1.804348e-01 1.956522e-02
30637: 1.895879e+00 1.685466e+00 1.568330e+00 6.507592e-01 1.800434e-01 1.952278e-02
30637: 1.896104e+00 1.686147e+00 1.569264e+00 6.493506e-01 1.796537e-01 1.948052e-02
30637: 1.896328e+00 1.684665e+00 1.568035e+00 6.522678e-01 1.792657e-01 1.943844e-02
30637: 1.896552e+00 1.685345e+00 1.566810e+00 6.530172e-01 1.788793e-01 1.939655e-02
30637: 1.894624e+00 1.683871e+00 1.569892e+00 6.516129e-01 1.806452e-01 1.935484e-02
30637: 1.896996e+00 1.682403e+00 1.570815e+00 6.502146e-01 1.802575e-01 1.931330e-02
30637: 1.895075e+00 1.687366e+00 1.567452e+00 6.509636e-01 1.798715e-01 1.927195e-02
30637: 1.897436e+00 1.685897e+00 1.566239e+00 6.517094e-01 1.794872e-01 1.923077e-02
30637: 1.895522e+00 1.686567e+00 1.567164e+00 6.524520e-01 1.791045e-01 1.918977e-02
30637: 1.897872e+00 1.682979e+00 1.568085e+00 6.531915e-01 1.787234e-01 1.914894e-02
30637: 1.895966e+00 1.685775e+00 1.566879e+00 6.539278e-01 1.783439e-01 1.910828e-02
30637: 1.900424e+00 1.684322e+00 1.565678e+00 6.525424e-01 1.779661e-01 1.906780e-02
30637: 1.898520e+00 1.682875e+00 1.570825e+00 6.511628e-01 1.775899e-01 1.902748e-02
30637: 1.898734e+00 1.683544e+00 1.567511e+00 6.518987e-01 1.793249e-01 1.898734e-02
30637: 1.898947e+00 1.682105e+00 1.568421e+00 6.505263e-01 1.810526e-01 1.894737e-02
30637: 1.899160e+00 1.682773e+00 1.567227e+00 6.491597e-01 1.827731e-01 1.890756e-02
30637: 1.897275e+00 1.681342e+00 1.568134e+00 6.477987e-01 1.844864e-01 2.096436e-02
30637: 1.901674e+00 1.679916e+00 1.566946e+00 6.464435e-01 1.841004e-01 2.092050e-02
30637: 1.899791e+00 1.682672e+00 1.567850e+00 6.450939e-01 1.837161e-01 2.087683e-02
30637: 1.900000e+00 1.681250e+00 1.566667e+00 6.479167e-01 1.833333e-01 2.083333e-02
30637: 1.900208e+00 1.681913e+00 1.565489e+00 6.465696e-01 1.850312e-01 2.079002e-02
30637: 1.898340e+00 1.678423e+00 1.568465e+00 6.493776e-01 1.846473e-01 2.074689e-02
30637: 1.898551e+00 1.677019e+00 1.569358e+00 6.501035e-01 1.842650e-01 2.070393e-02
30637: 1.900826e+00 1.677686e+00 1.568182e+00 6.487603e-01 1.838843e-01 2.066116e-02
30637: 1.901031e+00 1.676289e+00 1.569072e+00 6.474227e-01 1.855670e-01 2.061856e-02
30637: 1.899177e+00 1.676955e+00 1.569959e+00 6.460905e-01 1.872428e-01 2.057613e-02
30637: 1.899384e+00 1.675565e+00 1.570842e+00 6.447639e-01 1.889117e-01 2.053388e-02
30637: 1.899590e+00 1.678279e+00 1.567623e+00 6.454918e-01 1.885246e-01 2.049180e-02
30637: 1.901840e+00 1.676892e+00 1.568507e+00 6.441718e-01 1.881391e-01 2.044990e-02
30637: 1.900000e+00 1.675510e+00 1.571429e+00 6.428571e-01 1.897959e-01 2.040816e-02
30637: 1.900204e+00 1.676171e+00 1.568228e+00 6.435845e-01 1.914460e-01 2.036660e-02
30637: 1.900407e+00 1.676829e+00 1.569106e+00 6.422764e-01 1.910569e-01 2.032520e-02
30637: 1.898580e+00 1.677485e+00 1.569980e+00 6.430020e-01 1.906694e-01 2.028398e-02
30637: 1.898785e+00 1.678138e+00 1.568826e+00 6.437247e-01 1.902834e-01 2.024291e-02
30637: 1.901010e+00 1.676768e+00 1.569697e+00 6.424242e-01 1.898990e-01 2.020202e-02
30637: 1.901210e+00 1.679435e+00 1.568548e+00 6.411290e-01 1.895161e-01 2.016129e-02
30637: 1.901408e+00 1.676056e+00 1.573441e+00 6.398390e-01 1.891348e-01 2.012072e-02
30637: 1.899598e+00 1.676707e+00 1.572289e+00 6.425703e-01 1.887550e-01 2.008032e-02
30637: 1.899800e+00 1.677355e+00 1.571142e+00 6.432866e-01 1.883768e-01 2.004008e-02
30637: 1.900000e+00 1.674000e+00 1.572000e+00 6.440000e-01 1.880000e-01 2.200000e-02
30637: 1.898204e+00 1.674651e+00 1.570858e+00 6.447106e-01 1.896208e-01 2.195609e-02
30637: 1.900398e+00 1.673307e+00 1.567729e+00 6.474104e-01 1.892430e-01 2.191235e-02
30637: 1.900596e+00 1.673956e+00 1.568588e+00 6.461233e-01 1.888668e-01 2.186879e-02
30637: 1.898810e+00 1.672619e+00 1.569444e+00 6.468254e-01 1.904762e-01 2.182540e-02
30637: 1.897030e+00 1.675248e+00 1.570297e+00 6.455446e-01 1.900990e-01 2.178218e-02
30637: 1.899209e+00 1.675889e+00 1.567194e+00 6.462451e-01 1.897233e-01 2.173913e-02
30637: 1.897436e+00 1.674556e+00 1.568047e+00 6.469428e-01 1.913215e-01 2.169625e-02
30637: 1.895669e+00 1.677165e+00 1.566929e+00 6.476378e-01 1.909449e-01 2.165354e-02
30637: 1.895874e+00 1.679764e+00 1.565815e+00 6.463654e-01 1.905697e-01 2.161100e-02
30637: 1.894118e+00 1.682353e+00 1.566667e+00 6.450980e-01 1.901961e-01 2.156863e-02
30637: 1.896282e+00 1.681018e+00 1.565558e+00 6.438356e-01 1.917808e-01 2.152642e-02
30637: 1.896484e+00 1.681641e+00 1.564453e+00 6.445312e-01 1.914062e-01 2.148438e-02
30637: 1.894737e+00 1.680312e+00 1.565302e+00 6.432749e-01 1.949318e-01 2.144250e-02
30637: 1.894942e+00 1.678988e+00 1.566148e+00 6.439689e-01 1.945525e-01 2.140078e-02
30637: 1.893204e+00 1.679612e+00 1.565049e+00 6.446602e-01 1.961165e-01 2.135922e-02
30637: 1.893411e+00 1.678295e+00 1.565891e+00 6.434109e-01 1.976744e-01 2.131783e-02
30637: 1.893617e+00 1.678917e+00 1.566731e+00 6.421663e-01 1.972921e-01 2.127660e-02
30637: 1.891892e+00 1.679537e+00 1.567568e+00 6.428571e-01 1.969112e-01 2.123552e-02
30637: 1.892100e+00 1.680154e+00 1.566474e+00 6.435453e-01 1.965318e-01 2.119461e-02
30637: 1.892308e+00 1.678846e+00 1.567308e+00 6.442308e-01 1.961538e-01 2.115385e-02
30637: 1.890595e+00 1.677543e+00 1.570058e+00 6.449136e-01 1.957774e-01 2.111324e-02
30637: 1.892720e+00 1.676245e+00 1.567050e+00 6.475096e-01 1.954023e-01 2.107280e-02
30637: 1.891013e+00 1.678776e+00 1.567878e+00 6.462715e-01 1.950287e-01 2.103250e-02
30637: 1.891221e+00 1.679389e+00 1.568702e+00 6.450382e-01 1.946565e-01 2.099237e-02
30637: 1.891429e+00 1.678095e+00 1.569524e+00 6.457143e-01 1.942857e-01 2.095238e-02
30637: 1.891635e+00 1.678707e+00 1.570342e+00 6.444867e-01 1.939163e-01 2.091255e-02
30637: 1.891841e+00 1.679317e+00 1.567362e+00 6.470588e-01 1.935484e-01 2.087287e-02
30637: 1.890152e+00 1.681818e+00 1.568182e+00 6.458333e-01 1.931818e-01 2.083333e-02
30637: 1.892250e+00 1.680529e+00 1.567108e+00 6.446125e-01 1.928166e-01 2.268431e-02
30637: 1.890566e+00 1.681132e+00 1.567925e+00 6.452830e-01 1.924528e-01 2.264151e-02
30637: 1.892655e+00 1.679849e+00 1.566855e+00 6.459510e-01 1.920904e-01 2.259887e-02
30637: 1.894737e+00 1.678571e+00 1.567669e+00 6.447368e-01 1.917293e-01 2.255639e-02
30637: 1.893058e+00 1.681051e+00 1.566604e+00 6.454034e-01 1.913696e-01 2.251407e-02
30637: 1.893258e+00 1.679775e+00 1.567416e+00 6.441948e-01 1.928839e-01 2.247191e-02
30637: 1.893458e+00 1.682243e+00 1.566355e+00 6.429907e-01 1.925234e-01 2.242991e-02
30637: 1.893657e+00 1.680970e+00 1.567164e+00 6.417910e-01 1.940299e-01 2.238806e-02
30637: 1.893855e+00 1.681564e+00 1.566108e+00 6.405959e-01 1.955307e-01 2.234637e-02
30637: 1.892193e+00 1.680297e+00 1.568773e+00 6.394052e-01 1.970260e-01 2.230483e-02
30637: 1.892393e+00 1.680891e+00 1.569573e+00 6.382189e-01 1.966605e-01 2.226345e-02
30637: 1.892593e+00 1.679630e+00 1.568519e+00 6.388889e-01 1.981481e-01 2.222222e-02
30637: 1.892791e+00 1.682070e+00 1.567468e+00 6.377079e-01 1.977819e-01 2.218115e-02
30637: 1.891144e+00 1.680812e+00 1.570111e+00 6.383764e-01 1.974170e-01 2.214022e-02
30637: 1.891344e+00 1.679558e+00 1.570902e+00 6.390424e-01 1.970534e-01 2.209945e-02
30637: 1.893382e+00 1.680147e+00 1.568015e+00 6.397059e-01 1.966912e-01 2.205882e-02
30637: 1.893578e+00 1.678899e+00 1.570642e+00 6.385321e-01 1.963303e-01 2.201835e-02
30637: 1.895604e+00 1.679487e+00 1.567766e+00 6.391941e-01 1.959707e-01 2.197802e-02
30637: 1.893967e+00 1.678245e+00 1.572212e+00 6.380256e-01 1.956124e-01 2.193784e-02
30637: 1.894161e+00 1.677007e+00 1.572993e+00 6.386861e-01 1.952555e-01 2.189781e-02
30637: 1.892532e+00 1.677596e+00 1.571949e+00 6.411658e-01 1.948998e-01 2.185792e-02
30637: 1.892727e+00 1.676364e+00 1.570909e+00 6.436364e-01 1.945455e-01 2.181818e-02
30637: 1.891107e+00 1.678766e+00 1.569873e+00 6.442831e-01 1.941924e-01 2.177858e-02
30637: 1.893116e+00 1.677536e+00 1.568841e+00 6.431159e-01 1.956522e-01 2.173913e-02
30637: 1.891501e+00 1.679928e+00 1.569620e+00 6.419530e-01 1.952984e-01 2.169982e-02
30637: 1.891697e+00 1.682310e+00 1.568592e+00 6.407942e-01 1.949458e-01 2.166065e-02
30637: 1.890090e+00 1.684685e+00 1.569369e+00 6.396396e-01 1.945946e-01 2.162162e-02
30637: 1.890288e+00 1.683453e+00 1.570144e+00 6.384892e-01 1.960432e-01 2.158273e-02
30637: 1.890485e+00 1.684022e+00 1.569120e+00 6.391382e-01 1.956912e-01 2.154399e-02
30637: 1.890681e+00 1.682796e+00 1.569892e+00 6.397849e-01 1.953405e-01 2.150538e-02
30637: 1.889088e+00 1.683363e+00 1.572451e+00 6.386404e-01 1.949911e-01 2.146691e-02
30637: 1.891071e+00 1.682143e+00 1.569643e+00 6.410714e-01 1.946429e-01 2.142857e-02
30637: 1.889483e+00 1.682709e+00 1.570410e+00 6.417112e-01 1.942959e-01 2.139037e-02
30637: 1.889680e+00 1.681495e+00 1.567616e+00 6.441281e-01 1.957295e-01 2.135231e-02
30637: 1.889876e+00 1.682060e+00 1.566607e+00 6.447602e-01 1.953819e-01 2.131439e-02
30637: 1.888298e+00 1.682624e+00 1.567376e+00 6.453901e-01 1.950355e-01 2.127660e-02
30637: 1.890265e+00 1.681416e+00 1.568142e+00 6.442478e-01 1.946903e-01 2.123894e-02
30637: 1.888693e+00 1.683746e+00 1.568905e+00 6.431095e-01 1.943463e-01 2.120141e-02
30637: 1.888889e+00 1.682540e+00 1.569665e+00 6.419753e-01 1.957672e-01 2.116402e-02
30637: 1.887324e+00 1.683099e+00 1.572183e+00 6.408451e-01 1.954225e-01 2.112676e-02
30637: 1.889279e+00 1.681898e+00 1.571178e+00 6.414763e-01 1.950791e-01 2.108963e-02
30637: 1.887719e+00 1.682456e+00 1.571930e+00 6.421053e-01 1.947368e-01 2.105263e-02
30637: 1.887916e+00 1.683012e+00 1.570928e+00 6.427320e-01 1.943958e-01 2.101576e-02
30637: 1.888112e+00 1.681818e+00 1.569930e+00 6.451049e-01 1.940559e-01 2.097902e-02
30637: 1.888307e+00 1.684119e+00 1.568935e+00 6.439791e-01 1.937173e-01 2.094241e-02
30637: 1.886760e+00 1.682927e+00 1.571429e+00 6.445993e-01 1.933798e-01 2.090592e-02
30637: 1.886957e+00 1.681739e+00 1.570435e+00 6.469565e-01 1.930435e-01 2.086957e-02
30637: 1.885417e+00 1.682292e+00 1.569444e+00 6.493056e-01 1.927083e-01 2.083333e-02
30637: 1.887348e+00 1.681109e+00 1.568458e+00 6.499133e-01 1.923744e-01 2.079723e-02
30637: 1.887543e+00 1.683391e+00 1.567474e+00 6.487889e-01 1.920415e-01 2.076125e-02
30637: 1.886010e+00 1.683938e+00 1.569948e+00 6.476684e-01 1.917098e-01 2.072539e-02
30637: 1.886207e+00 1.682759e+00 1.570690e+00 6.465517e-01 1.931034e-01 2.068966e-02
30637: 1.884682e+00 1.685026e+00 1.569707e+00 6.471601e-01 1.927711e-01 2.065404e-02
30637: 1.886598e+00 1.683849e+00 1.568729e+00 6.477663e-01 1.924399e-01 2.061856e-02
30637: 1.886792e+00 1.682676e+00 1.569468e+00 6.483705e-01 1.921098e-01 2.058319e-02
30637: 1.885274e+00 1.681507e+00 1.570205e+00 6.489726e-01 1.934932e-01 2.054795e-02
30637: 1.885470e+00 1.678632e+00 1.569231e+00 6.512821e-01 1.931624e-01 2.222222e-02
30637: 1.883959e+00 1.680887e+00 1.568259e+00 6.501706e-01 1.945392e-01 2.218430e-02
30637: 1.885860e+00 1.679727e+00 1.568995e+00 6.490630e-01 1.942078e-01 2.214651e-02
30637: 1.884354e+00 1.681973e+00 1.569728e+00 6.479592e-01 1.938776e-01 2.210884e-02
30637: 1.887946e+00 1.679117e+00 1.570458e+00 6.468591e-01 1.935484e-01 2.207131e-02
30637: 1.888136e+00 1.679661e+00 1.567797e+00 6.474576e-01 1.949153e-01 2.203390e-02
30637: 1.890017e+00 1.676819e+00 1.570220e+00 6.463621e-01 1.945854e-01 2.199662e-02
30637: 1.888514e+00 1.677365e+00 1.569257e+00 6.486486e-01 1.942568e-01 2.195946e-02
30637: 1.888702e+00 1.679595e+00 1.568297e+00 6.475548e-01 1.939292e-01 2.192243e-02
30637: 1.888889e+00 1.676768e+00 1.570707e+00 6.464646e-01 1.936027e-01 2.356902e-02
30637: 1.890756e+00 1.677311e+00 1.568067e+00 6.470588e-01 1.932773e-01 2.352941e-02
30637: 1.890940e+00 1.676174e+00 1.570470e+00 6.459732e-01 1.929530e-01 2.348993e-02
30637: 1.891122e+00 1.676717e+00 1.567839e+00 6.465662e-01 1.943049e-01 2.345059e-02
30637: 1.889632e+00 1.673913e+00 1.571906e+00 6.471572e-01 1.939799e-01 2.341137e-02
30637: 1.891486e+00 1.672788e+00 1.569282e+00 6.477462e-01 1.953255e-01 2.337229e-02
30637: 1.890000e+00 1.675000e+00 1.568333e+00 6.466667e-01 1.966667e-01 2.333333e-02
30637: 1.888519e+00 1.677205e+00 1.569052e+00 6.455907e-01 1.963394e-01 2.329451e-02
30637: 1.890365e+00 1.677741e+00 1.568106e+00 6.445183e-01 1.960133e-01 2.325581e-02
30637: 1.890547e+00 1.676617e+00 1.570481e+00 6.434494e-01 1.956882e-01 2.321725e-02
30637: 1.889073e+00 1.680464e+00 1.567881e+00 6.440397e-01 1.953642e-01 2.317881e-02
30637: 1.890909e+00 1.679339e+00 1.566942e+00 6.429752e-01 1.966942e-01 2.314050e-02
30637: 1.891089e+00 1.681518e+00 1.566007e+00 6.419142e-01 1.963696e-01 2.310231e-02
30637: 1.891269e+00 1.680395e+00 1.566722e+00 6.408567e-01 1.976936e-01 2.306425e-02
30637: 1.891447e+00 1.680921e+00 1.567434e+00 6.398026e-01 1.973684e-01 2.302632e-02
30637: 1.889984e+00 1.679803e+00 1.569787e+00 6.403941e-01 1.970443e-01 2.298851e-02
30637: 1.888525e+00 1.678689e+00 1.572131e+00 6.409836e-01 1.967213e-01 2.295082e-02
30637: 1.891980e+00 1.677578e+00 1.569558e+00 6.415712e-01 1.963993e-01 2.291326e-02
30637: 1.893791e+00 1.678105e+00 1.568627e+00 6.405229e-01 1.960784e-01 2.287582e-02
30637: 1.895595e+00 1.676998e+00 1.569331e+00 6.394780e-01 1.957586e-01 2.283850e-02
30637: 1.894137e+00 1.679153e+00 1.568404e+00 6.384365e-01 1.954397e-01 2.442997e-02
30637: 1.892683e+00 1.679675e+00 1.570732e+00 6.373984e-01 1.951220e-01 2.439024e-02
30637: 1.892857e+00 1.680195e+00 1.568182e+00 6.379870e-01 1.964286e-01 2.435065e-02
30637: 1.893031e+00 1.679092e+00 1.568882e+00 6.369530e-01 1.961102e-01 2.593193e-02
30637: 1.893204e+00 1.679612e+00 1.569579e+00 6.359223e-01 1.957929e-01 2.588997e-02
30637: 1.893376e+00 1.678514e+00 1.570275e+00 6.365105e-01 1.954766e-01 2.584814e-02
30637: 1.895161e+00 1.679032e+00 1.567742e+00 6.370968e-01 1.951613e-01 2.580645e-02
30637: 1.893720e+00 1.679549e+00 1.570048e+00 6.360709e-01 1.948470e-01 2.576490e-02
30637: 1.892283e+00 1.680064e+00 1.567524e+00 6.398714e-01 1.945338e-01 2.572347e-02
30637: 1.892456e+00 1.678973e+00 1.568218e+00 6.388443e-01 1.958266e-01 2.568218e-02
30637: 1.891026e+00 1.677885e+00 1.568910e+00 6.394231e-01 1.971154e-01 2.564103e-02
30637: 1.892800e+00 1.676800e+00 1.569600e+00 6.384000e-01 1.968000e-01 2.560000e-02
30637: 1.891374e+00 1.677316e+00 1.570288e+00 6.389776e-01 1.964856e-01 2.555911e-02
30637: 1.891547e+00 1.676236e+00 1.570973e+00 6.395534e-01 1.961722e-01 2.551834e-02
30637: 1.890127e+00 1.679936e+00 1.568471e+00 6.401274e-01 1.958599e-01 2.547771e-02
30637: 1.890302e+00 1.680445e+00 1.567568e+00 6.391097e-01 1.971383e-01 2.543720e-02
30637: 1.890476e+00 1.680952e+00 1.568254e+00 6.380952e-01 1.968254e-01 2.539683e-02
30637: 1.889065e+00 1.681458e+00 1.567353e+00 6.402536e-01 1.965135e-01 2.535658e-02
30637: 1.887658e+00 1.681962e+00 1.566456e+00 6.424051e-01 1.962025e-01 2.531646e-02
30637: 1.889415e+00 1.679305e+00 1.568720e+00 6.413902e-01 1.958926e-01 2.527646e-02
30637: 1.891167e+00 1.679811e+00 1.567823e+00 6.403785e-01 1.955836e-01 2.523659e-02
30637: 1.889764e+00 1.678740e+00 1.571654e+00 6.393701e-01 1.952756e-01 2.519685e-02
30637: 1.889937e+00 1.679245e+00 1.570755e+00 6.399371e-01 1.949686e-01 2.515723e-02
30637: 1.888540e+00 1.679749e+00 1.571429e+00 6.405024e-01 1.946625e-01 2.511774e-02
30637: 1.888715e+00 1.680251e+00 1.570533e+00 6.410658e-01 1.943574e-01 2.507837e-02
30637: 1.887324e+00 1.682316e+00 1.569640e+00 6.416275e-01 1.940532e-01 2.503912e-02
30637: 1.887500e+00 1.682813e+00 1.570312e+00 6.406250e-01 1.937500e-01 2.500000e-02
30637: 1.887676e+00 1.681747e+00 1.569423e+00 6.427457e-01 1.934477e-01 2.496100e-02
30637: 1.887850e+00 1.682243e+00 1.568536e+00 6.417445e-01 1.931464e-01 2.647975e-02
30637: 1.886470e+00 1.681182e+00 1.569207e+00 6.423017e-01 1.944012e-01 2.643857e-02
30637: 1.886646e+00 1.683230e+00 1.568323e+00 6.413043e-01 1.940994e-01 2.639752e-02
30637: 1.885271e+00 1.682171e+00 1.568992e+00 6.403101e-01 1.968992e-01 2.635659e-02
30637: 1.885449e+00 1.682663e+00 1.568111e+00 6.408669e-01 1.965944e-01 2.631579e-02
30637: 1.885626e+00 1.681607e+00 1.570325e+00 6.398764e-01 1.962906e-01 2.627512e-02
30637: 1.885802e+00 1.682099e+00 1.569444e+00 6.404321e-01 1.959877e-01 2.623457e-02
30637: 1.884438e+00 1.682589e+00 1.571649e+00 6.394453e-01 1.956857e-01 2.619414e-02
30637: 1.883077e+00 1.681538e+00 1.572308e+00 6.400000e-01 1.969231e-01 2.615385e-02
30637: 1.884793e+00 1.680492e+00 1.571429e+00 6.405530e-01 1.966206e-01 2.611367e-02
30637: 1.883436e+00 1.682515e+00 1.570552e+00 6.411043e-01 1.963190e-01 2.607362e-02
30637: 1.883614e+00 1.681470e+00 1.569678e+00 6.431853e-01 1.960184e-01 2.603369e-02
30637: 1.883792e+00 1.681957e+00 1.568807e+00 6.437309e-01 1.957187e-01 2.599388e-02
30637: 1.885496e+00 1.680916e+00 1.569466e+00 6.427481e-01 1.954198e-01 2.595420e-02
30637: 1.885671e+00 1.681402e+00 1.570122e+00 6.417683e-01 1.951220e-01 2.591463e-02
30637: 1.884323e+00 1.681887e+00 1.567732e+00 6.438356e-01 1.963470e-01 2.587519e-02
30637: 1.886018e+00 1.679331e+00 1.566869e+00 6.458967e-01 1.960486e-01 2.583587e-02
30637: 1.884674e+00 1.679818e+00 1.569044e+00 6.449165e-01 1.957511e-01 2.579666e-02
30637: 1.884848e+00 1.680303e+00 1.568182e+00 6.439394e-01 1.969697e-01 2.575758e-02
30637: 1.885023e+00 1.677761e+00 1.571861e+00 6.429652e-01 1.966717e-01 2.571861e-02
30637: 1.883686e+00 1.678248e+00 1.572508e+00 6.435045e-01 1.963746e-01 2.567976e-02
30637: 1.883861e+00 1.677225e+00 1.573152e+00 6.440422e-01 1.960784e-01 2.564103e-02
30637: 1.882530e+00 1.677711e+00 1.573795e+00 6.445783e-01 1.957831e-01 2.560241e-02
30637: 1.882707e+00 1.675188e+00 1.574436e+00 6.466165e-01 1.954887e-01 2.556391e-02
30637: 1.881381e+00 1.675676e+00 1.573574e+00 6.471471e-01 1.966967e-01 2.552553e-02
30637: 1.883058e+00 1.674663e+00 1.572714e+00 6.476762e-01 1.964018e-01 2.548726e-02
30637: 1.881737e+00 1.675150e+00 1.573353e+00 6.482036e-01 1.961078e-01 2.544910e-02
30637: 1.881913e+00 1.674141e+00 1.573991e+00 6.487294e-01 1.958146e-01 2.541106e-02
30637: 1.880597e+00 1.674627e+00 1.573134e+00 6.507463e-01 1.955224e-01 2.537313e-02
30637: 1.879285e+00 1.675112e+00 1.573770e+00 6.512668e-01 1.952310e-01 2.533532e-02
30637: 1.880952e+00 1.674107e+00 1.571429e+00 6.532738e-01 1.949405e-01 2.529762e-02
30637: 1.881129e+00 1.674591e+00 1.570579e+00 6.537890e-01 1.946508e-01 2.526003e-02
30637: 1.881306e+00 1.673591e+00 1.571217e+00 6.543027e-01 1.943620e-01 2.522255e-02
30637: 1.880000e+00 1.674074e+00 1.570370e+00 6.562963e-01 1.940741e-01 2.518519e-02
30637: 1.880178e+00 1.676036e+00 1.568047e+00 6.568047e-01 1.937870e-01 2.514793e-02
30637: 1.878877e+00 1.675037e+00 1.571640e+00 6.558346e-01 1.935007e-01 2.511078e-02
30637: 1.880531e+00 1.675516e+00 1.569322e+00 6.563422e-01 1.932153e-01 2.507375e-02
30637: 1.879234e+00 1.674521e+00 1.571429e+00 6.568483e-01 1.929308e-01 2.503682e-02
30637: 1.877941e+00 1.675000e+00 1.572059e+00 6.573529e-01 1.926471e-01 2.500000e-02
30637: 1.879589e+00 1.674009e+00 1.569750e+00 6.578561e-01 1.923642e-01 2.643172e-02
30637: 1.879765e+00 1.674487e+00 1.568915e+00 6.568915e-01 1.935484e-01 2.639296e-02
30637: 1.878477e+00 1.673499e+00 1.571010e+00 6.573939e-01 1.932650e-01 2.635432e-02
30637: 1.878655e+00 1.672515e+00 1.571637e+00 6.578947e-01 1.929825e-01 2.631579e-02
30637: 1.877372e+00 1.672993e+00 1.570803e+00 6.583942e-01 1.941606e-01 2.627737e-02
30637: 1.876093e+00 1.674927e+00 1.569971e+00 6.588921e-01 1.938776e-01 2.623907e-02
30637: 1.876274e+00 1.675400e+00 1.570597e+00 6.579330e-01 1.935953e-01 2.620087e-02
30637: 1.875000e+00 1.674419e+00 1.569767e+00 6.613372e-01 1.933140e-01 2.616279e-02
30637: 1.878084e+00 1.673440e+00 1.568940e+00 6.603774e-01 1.930334e-01 2.612482e-02
30637: 1.876812e+00 1.675362e+00 1.568116e+00 6.608696e-01 1.927536e-01 2.608696e-02
30637: 1.878437e+00 1.672938e+00 1.570188e+00 6.599132e-01 1.924747e-01 2.604920e-02
30637: 1.877168e+00 1.676301e+00 1.567919e+00 6.604046e-01 1.921965e-01 2.601156e-02
30637: 1.877345e+00 1.675325e+00 1.568543e+00 6.608947e-01 1.919192e-01 2.597403e-02
30637: 1.877522e+00 1.677233e+00 1.567723e+00 6.599424e-01 1.916427e-01 2.593660e-02
30637: 1.876259e+00 1.676259e+00 1.571223e+00 6.589928e-01 1.913669e-01 2.589928e-02
30637: 1.877874e+00 1.675287e+00 1.570402e+00 6.594828e-01 1.910920e-01 2.586207e-02
30637: 1.876614e+00 1.675753e+00 1.568149e+00 6.614060e-01 1.922525e-01 2.582496e-02
30637: 1.875358e+00 1.676218e+00 1.567335e+00 6.618911e-01 1.934097e-01 2.578797e-02
30637: 1.875536e+00 1.678112e+00 1.566524e+00 6.609442e-01 1.931330e-01 2.575107e-02
30637: 1.875714e+00 1.678571e+00 1.567143e+00 6.600000e-01 1.928571e-01 2.571429e-02
30637: 1.874465e+00 1.677603e+00 1.567760e+00 6.604850e-01 1.940086e-01 2.567760e-02
30637: 1.874644e+00 1.676638e+00 1.568376e+00 6.595442e-01 1.937322e-01 2.706553e-02
30637: 1.873400e+00 1.679943e+00 1.567568e+00 6.586060e-01 1.934566e-01 2.702703e-02
30637: 1.873580e+00 1.678977e+00 1.566761e+00 6.590909e-01 1.946023e-01 2.698864e-02
30637: 1.872340e+00 1.680851e+00 1.565957e+00 6.581560e-01 1.957447e-01 2.695035e-02
30637: 1.872521e+00 1.681303e+00 1.566572e+00 6.572238e-01 1.954674e-01 2.691218e-02
30637: 1.874116e+00 1.680339e+00 1.565771e+00 6.577086e-01 1.951909e-01 2.687412e-02
30637: 1.874294e+00 1.680791e+00 1.564972e+00 6.581921e-01 1.949153e-01 2.683616e-02
30637: 1.874471e+00 1.679831e+00 1.566996e+00 6.572638e-01 1.946403e-01 2.679831e-02
30637: 1.876056e+00 1.680282e+00 1.566197e+00 6.563380e-01 1.943662e-01 2.676056e-02
30637: 1.876231e+00 1.680731e+00 1.566807e+00 6.554149e-01 1.940928e-01 2.672293e-02
30637: 1.876404e+00 1.679775e+00 1.566011e+00 6.573034e-01 1.938202e-01 2.668539e-02
30637: 1.875175e+00 1.681627e+00 1.566620e+00 6.563815e-01 1.935484e-01 2.664797e-02
30637: 1.876751e+00 1.680672e+00 1.565826e+00 6.568627e-01 1.932773e-01 2.661064e-02
30637: 1.875524e+00 1.681119e+00 1.565035e+00 6.587413e-01 1.930070e-01 2.657343e-02
30637: 1.875698e+00 1.680168e+00 1.567039e+00 6.578212e-01 1.927374e-01 2.653631e-02
30637: 1.874477e+00 1.680614e+00 1.567643e+00 6.582985e-01 1.924686e-01 2.649930e-02
30637: 1.876045e+00 1.679666e+00 1.568245e+00 6.573816e-01 1.922006e-01 2.646240e-02
30637: 1.876217e+00 1.680111e+00 1.568846e+00 6.564673e-01 1.919332e-01 2.642559e-02
30637: 1.875000e+00 1.680556e+00 1.568056e+00 6.569444e-01 1.930556e-01 2.638889e-02
30637: 1.876560e+00 1.679612e+00 1.568655e+00 6.560333e-01 1.927878e-01 2.635229e-02
30637: 1.876731e+00 1.680055e+00 1.567867e+00 6.565097e-01 1.925208e-01 2.631579e-02
30637: 1.876902e+00 1.680498e+00 1.568465e+00 6.556017e-01 1.922545e-01 2.627939e-02
30637: 1.875691e+00 1.682320e+00 1.567680e+00 6.560773e-01 1.919890e-01 2.624309e-02
30637: 1.877241e+00 1.681379e+00 1.566897e+00 6.565517e-01 1.917241e-01 2.620690e-02
30637: 1.876033e+00 1.680441e+00 1.570248e+00 6.556474e-01 1.914601e-01 2.617080e-02
30637: 1.876204e+00 1.679505e+00 1.570839e+00 6.561210e-01 1.911967e-01 2.613480e-02
30637: 1.877747e+00 1.679945e+00 1.568681e+00 6.565934e-01 1.909341e-01 2.609890e-02
30637: 1.876543e+00 1.680384e+00 1.570645e+00 6.556927e-01 1.906722e-01 2.606310e-02
30637: 1.879452e+00 1.679452e+00 1.568493e+00 6.561644e-01 1.904110e-01 2.602740e-02
30637: 1.880985e+00 1.679891e+00 1.567715e+00 6.552668e-01 1.901505e-01 2.599179e-02
30637: 1.879781e+00 1.680328e+00 1.569672e+00 6.543716e-01 1.898907e-01 2.595628e-02
30637: 1.879945e+00 1.680764e+00 1.570259e+00 6.534789e-01 1.896317e-01 2.592087e-02
30637: 1.878747e+00 1.679837e+00 1.569482e+00 6.553134e-01 1.907357e-01 2.588556e-02
30637: 1.878912e+00 1.680272e+00 1.568707e+00 6.544218e-01 1.904762e-01 2.721088e-02
30637: 1.880435e+00 1.679348e+00 1.569293e+00 6.535326e-01 1.902174e-01 2.717391e-02
30637: 1.880597e+00 1.679783e+00 1.569878e+00 6.526459e-01 1.899593e-01 2.713704e-02
30637: 1.880759e+00 1.680217e+00 1.569106e+00 6.531165e-01 1.897019e-01 2.710027e-02
30637: 1.882273e+00 1.679296e+00 1.569689e+00 6.522327e-01 1.894452e-01 2.706360e-02
30637: 1.881081e+00 1.682432e+00 1.568919e+00 6.513514e-01 1.891892e-01 2.702703e-02
30637: 1.882591e+00 1.681511e+00 1.569501e+00 6.504723e-01 1.889339e-01 2.699055e-02
30637: 1.882749e+00 1.681941e+00 1.568733e+00 6.495957e-01 1.900270e-01 2.695418e-02
30637: 1.881561e+00 1.681023e+00 1.572005e+00 6.487214e-01 1.897712e-01 2.691790e-02
30637: 1.881720e+00 1.680108e+00 1.571237e+00 6.505376e-01 1.895161e-01 2.688172e-02
30637: 1.880537e+00 1.680537e+00 1.570470e+00 6.510067e-01 1.906040e-01 2.684564e-02
30637: 1.882038e+00 1.679625e+00 1.568365e+00 6.528150e-01 1.903485e-01 2.680965e-02
30637: 1.882195e+00 1.680054e+00 1.567604e+00 6.519411e-01 1.914324e-01 2.677376e-02
30637: 1.881016e+00 1.679144e+00 1.569519e+00 6.524064e-01 1.911765e-01 2.673797e-02
30637: 1.882510e+00 1.678238e+00 1.568758e+00 6.515354e-01 1.922563e-01 2.670227e-02
30637: 1.881333e+00 1.678667e+00 1.568000e+00 6.520000e-01 1.920000e-01 2.800000e-02
30637: 1.882823e+00 1.677763e+00 1.567244e+00 6.524634e-01 1.917443e-01 2.796272e-02
30637: 1.882979e+00 1.678191e+00 1.567819e+00 6.515957e-01 1.914894e-01 2.792553e-02
30637: 1.883134e+00 1.677291e+00 1.567065e+00 6.533865e-01 1.912351e-01 2.788845e-02
30637: 1.881963e+00 1.679045e+00 1.566313e+00 6.538462e-01 1.909814e-01 2.785146e-02
30637: 1.882119e+00 1.679470e+00 1.565563e+00 6.529801e-01 1.920530e-01 2.781457e-02
30637: 1.883598e+00 1.678571e+00 1.566138e+00 6.521164e-01 1.917989e-01 2.777778e-02
30637: 1.883752e+00 1.678996e+00 1.566711e+00 6.512550e-01 1.915456e-01 2.774108e-02
30637: 1.883905e+00 1.678100e+00 1.567282e+00 6.517150e-01 1.912929e-01 2.770449e-02
30637: 1.882740e+00 1.678524e+00 1.567852e+00 6.508564e-01 1.923584e-01 2.766798e-02
30637: 1.882895e+00 1.677632e+00 1.568421e+00 6.513158e-01 1.921053e-01 2.763158e-02
30637: 1.883049e+00 1.678055e+00 1.568988e+00 6.504599e-01 1.918528e-01 2.759527e-02
30637: 1.883202e+00 1.677165e+00 1.568241e+00 6.509186e-01 1.929134e-01 2.755906e-02
30637: 1.882045e+00 1.677588e+00 1.570118e+00 6.500655e-01 1.926606e-01 2.752294e-02
30637: 1.882199e+00 1.676702e+00 1.570681e+00 6.505236e-01 1.924084e-01 2.748691e-02
30637: 1.881046e+00 1.677124e+00 1.569935e+00 6.522876e-01 1.921569e-01 2.745098e-02
30637: 1.881201e+00 1.676240e+00 1.570496e+00 6.527415e-01 1.919060e-01 2.741514e-02
30637: 1.881356e+00 1.676662e+00 1.569752e+00 6.531943e-01 1.916558e-01 2.737940e-02
30637: 1.881510e+00 1.675781e+00 1.570312e+00 6.536458e-01 1.914062e-01 2.734375e-02
30637: 1.881664e+00 1.674902e+00 1.569571e+00 6.540962e-01 1.924577e-01 2.730819e-02
30637: 1.880519e+00 1.676623e+00 1.568831e+00 6.545455e-01 1.922078e-01 2.727273e-02
30637: 1.880674e+00 1.675746e+00 1.569390e+00 6.549935e-01 1.919585e-01 2.723735e-02
30637: 1.879534e+00 1.677461e+00 1.568653e+00 6.554404e-01 1.917098e-01 2.720207e-02
30637: 1.880983e+00 1.676585e+00 1.569211e+00 6.545925e-01 1.914618e-01 2.716688e-02
30637: 1.881137e+00 1.677003e+00 1.568475e+00 6.550388e-01 1.912145e-01 2.713178e-02
30637: 1.880000e+00 1.677419e+00 1.570323e+00 6.541935e-01 1.909677e-01 2.709677e-02
30637: 1.880155e+00 1.677835e+00 1.568299e+00 6.559278e-01 1.907216e-01 2.706186e-02
30637: 1.880309e+00 1.676963e+00 1.570142e+00 6.550837e-01 1.904762e-01 2.702703e-02
30637: 1.879177e+00 1.677378e+00 1.568123e+00 6.568123e-01 1.915167e-01 2.699229e-02
30637: 1.879332e+00 1.677792e+00 1.567394e+00 6.572529e-01 1.912709e-01 2.695764e-02
30637: 1.878205e+00 1.676923e+00 1.569231e+00 6.564103e-01 1.910256e-01 2.820513e-02
30637: 1.880922e+00 1.676056e+00 1.568502e+00 6.555698e-01 1.907810e-01 2.816901e-02
30637: 1.879795e+00 1.676471e+00 1.567775e+00 6.560102e-01 1.918159e-01 2.813299e-02
30637: 1.878672e+00 1.679438e+00 1.567050e+00 6.551724e-01 1.915709e-01 2.809706e-02
30637: 1.878827e+00 1.679847e+00 1.566327e+00 6.556122e-01 1.913265e-01 2.806122e-02
30637: 1.878981e+00 1.678981e+00 1.566879e+00 6.560510e-01 1.910828e-01 2.802548e-02
30637: 1.879135e+00 1.679389e+00 1.566158e+00 6.564885e-01 1.908397e-01 2.798982e-02
30637: 1.879288e+00 1.678526e+00 1.567980e+00 6.556544e-01 1.905972e-01 2.795426e-02
30637: 1.878173e+00 1.680203e+00 1.568528e+00 6.548223e-01 1.903553e-01 2.791878e-02
30637: 1.878327e+00 1.679341e+00 1.570342e+00 6.539924e-01 1.901141e-01 2.788340e-02
30637: 1.877215e+00 1.679747e+00 1.568354e+00 6.556962e-01 1.911392e-01 2.784810e-02
30637: 1.878635e+00 1.678887e+00 1.567636e+00 6.561315e-01 1.908976e-01 2.781290e-02
30637: 1.877525e+00 1.679293e+00 1.568182e+00 6.553030e-01 1.919192e-01 2.777778e-02
30637: 1.878941e+00 1.679697e+00 1.567465e+00 6.544767e-01 1.916772e-01 2.774275e-02
30637: 1.877834e+00 1.680101e+00 1.569270e+00 6.536524e-01 1.914358e-01 2.770781e-02
30637: 1.879245e+00 1.679245e+00 1.569811e+00 6.528302e-01 1.911950e-01 2.767296e-02
30637: 1.878141e+00 1.679648e+00 1.570352e+00 6.532663e-01 1.909548e-01 2.763819e-02
30637: 1.878294e+00 1.678795e+00 1.570891e+00 6.537014e-01 1.907152e-01 2.760351e-02
30637: 1.877193e+00 1.679198e+00 1.571429e+00 6.541353e-01 1.904762e-01 2.756892e-02
30637: 1.877347e+00 1.679599e+00 1.570713e+00 6.545682e-01 1.902378e-01 2.753442e-02
30637: 1.876250e+00 1.680000e+00 1.570000e+00 6.562500e-01 1.900000e-01 2.750000e-02
30637: 1.876404e+00 1.680400e+00 1.569288e+00 6.566792e-01 1.897628e-01 2.746567e-02
30637: 1.875312e+00 1.680798e+00 1.569825e+00 6.558603e-01 1.907731e-01 2.743142e-02
30637: 1.876712e+00 1.681196e+00 1.569116e+00 6.550436e-01 1.905355e-01 2.739726e-02
30637: 1.876866e+00 1.680348e+00 1.569652e+00 6.554726e-01 1.902985e-01 2.736318e-02
30637: 1.875776e+00 1.681988e+00 1.568944e+00 6.546584e-01 1.913043e-01 2.732919e-02
30637: 1.875931e+00 1.682382e+00 1.569479e+00 6.538462e-01 1.910670e-01 2.729529e-02
30637: 1.874845e+00 1.682776e+00 1.570012e+00 6.542751e-01 1.908302e-01 2.726146e-02
30637: 1.875000e+00 1.681931e+00 1.569307e+00 6.559406e-01 1.905941e-01 2.722772e-02
30637: 1.873918e+00 1.683560e+00 1.569839e+00 6.551298e-01 1.903585e-01 2.719407e-02
30637: 1.874074e+00 1.682716e+00 1.570370e+00 6.555556e-01 1.901235e-01 2.716049e-02
30637: 1.872996e+00 1.684340e+00 1.569667e+00 6.559803e-01 1.898890e-01 2.712700e-02
30637: 1.873153e+00 1.684729e+00 1.568966e+00 6.551724e-01 1.908867e-01 2.709360e-02
30637: 1.872079e+00 1.683887e+00 1.570726e+00 6.543665e-01 1.918819e-01 2.706027e-02
30637: 1.873464e+00 1.683047e+00 1.570025e+00 6.547912e-01 1.916462e-01 2.702703e-02
30637: 1.873620e+00 1.682209e+00 1.570552e+00 6.552147e-01 1.914110e-01 2.699387e-02
30637: 1.873775e+00 1.682598e+00 1.569853e+00 6.556373e-01 1.911765e-01 2.696078e-02
30637: 1.872705e+00 1.682987e+00 1.570379e+00 6.548348e-01 1.921665e-01 2.692778e-02
30637: 1.871638e+00 1.683374e+00 1.569682e+00 6.552567e-01 1.931540e-01 2.689487e-02
30637: 1.871795e+00 1.682540e+00 1.568987e+00 6.556777e-01 1.941392e-01 2.686203e-02
30637: 1.870732e+00 1.682927e+00 1.570732e+00 6.548780e-01 1.939024e-01 2.682927e-02
30637: 1.872107e+00 1.682095e+00 1.570037e+00 6.552984e-01 1.936663e-01 2.679659e-02
30637: 1.871046e+00 1.682482e+00 1.569343e+00 6.569343e-01 1.934307e-01 2.676399e-02
30637: 1.871203e+00 1.681652e+00 1.569866e+00 6.561361e-01 1.944107e-01 2.673147e-02
30637: 1.871359e+00 1.680825e+00 1.571602e+00 6.553398e-01 1.941748e-01 2.669903e-02
30637: 1.870303e+00 1.681212e+00 1.570909e+00 6.557576e-01 1.951515e-01 2.666667e-02
30637: 1.870460e+00 1.680387e+00 1.571429e+00 6.561743e-01 1.949153e-01 2.663438e-02
30637: 1.870617e+00 1.679565e+00 1.571947e+00 6.565901e-01 1.946796e-01 2.660218e-02
30637: 1.869565e+00 1.681159e+00 1.571256e+00 6.570048e-01 1.944444e-01 2.657005e-02
30637: 1.870929e+00 1.680338e+00 1.570567e+00 6.574186e-01 1.942099e-01 2.653800e-02
30637: 1.869880e+00 1.680723e+00 1.569880e+00 6.590361e-01 1.939759e-01 2.650602e-02
30637: 1.870036e+00 1.679904e+00 1.570397e+00 6.594465e-01 1.937425e-01 2.647413e-02
30637: 1.868990e+00 1.681490e+00 1.569712e+00 6.598558e-01 1.935096e-01 2.644231e-02
30637: 1.870348e+00 1.679472e+00 1.570228e+00 6.602641e-01 1.932773e-01 2.641056e-02
30637: 1.870504e+00 1.681055e+00 1.568345e+00 6.606715e-01 1.930456e-01 2.637890e-02
30637: 1.870659e+00 1.681437e+00 1.568862e+00 6.598802e-01 1.928144e-01 2.634731e-02
30637: 1.869617e+00 1.681818e+00 1.569378e+00 6.602871e-01 1.925837e-01 2.631579e-02
30637: 1.869773e+00 1.681004e+00 1.568698e+00 6.606930e-01 1.935484e-01 2.628435e-02
30637: 1.868735e+00 1.681384e+00 1.568019e+00 6.622912e-01 1.933174e-01 2.625298e-02
30637: 1.867700e+00 1.681764e+00 1.568534e+00 6.626937e-01 1.930870e-01 2.622169e-02
30637: 1.867857e+00 1.680952e+00 1.567857e+00 6.642857e-01 1.928571e-01 2.619048e-02
30637: 1.866825e+00 1.682521e+00 1.568371e+00 6.634958e-01 1.926278e-01 2.615933e-02
30637: 1.868171e+00 1.682898e+00 1.567696e+00 6.627078e-01 1.923990e-01 2.612827e-02
30637: 1.868327e+00 1.683274e+00 1.568209e+00 6.619217e-01 1.921708e-01 2.609727e-02
30637: 1.868483e+00 1.682464e+00 1.567536e+00 6.623223e-01 1.931280e-01 2.606635e-02
30637: 1.868639e+00 1.682840e+00 1.568047e+00 6.615385e-01 1.928994e-01 2.603550e-02
30637: 1.867612e+00 1.683215e+00 1.567376e+00 6.631206e-01 1.926714e-01 2.600473e-02
30637: 1.867769e+00 1.683589e+00 1.566706e+00 6.623377e-01 1.936246e-01 2.597403e-02
30637: 1.866745e+00 1.683962e+00 1.568396e+00 6.615566e-01 1.933962e-01 2.594340e-02
30637: 1.868080e+00 1.683157e+00 1.567727e+00 6.619552e-01 1.931684e-01 2.591284e-02
30637: 1.867059e+00 1.685882e+00 1.567059e+00 6.611765e-01 1.929412e-01 2.588235e-02
30637: 1.867215e+00 1.686251e+00 1.567568e+00 6.603995e-01 1.927145e-01 2.585194e-02
30637: 1.867371e+00 1.685446e+00 1.568075e+00 6.607981e-01 1.924883e-01 2.582160e-02
30637: 1.867526e+00 1.685815e+00 1.567409e+00 6.611958e-01 1.922626e-01 2.579132e-02
30637: 1.866511e+00 1.685012e+00 1.567916e+00 6.627635e-01 1.920375e-01 2.576112e-02
30637: 1.867836e+00 1.684211e+00 1.567251e+00 6.631579e-01 1.918129e-01 2.573099e-02
30637: 1.867991e+00 1.684579e+00 1.567757e+00 6.623832e-01 1.915888e-01 2.570093e-02
30637: 1.866978e+00 1.684947e+00 1.567095e+00 6.639440e-01 1.913652e-01 2.567095e-02
30637: 1.867133e+00 1.685315e+00 1.567599e+00 6.631702e-01 1.911422e-01 2.564103e-02
30637: 1.867288e+00 1.684517e+00 1.566938e+00 6.647264e-01 1.909197e-01 2.561118e-02
30637: 1.867442e+00 1.686047e+00 1.566279e+00 6.639535e-01 1.906977e-01 2.558140e-02
30637: 1.866434e+00 1.686411e+00 1.567944e+00 6.631823e-01 1.904762e-01 2.555168e-02
30637: 1.867749e+00 1.685615e+00 1.567285e+00 6.635731e-01 1.902552e-01 2.552204e-02
30637: 1.866744e+00 1.685979e+00 1.567787e+00 6.639629e-01 1.900348e-01 2.549247e-02
30637: 1.868056e+00 1.686343e+00 1.567130e+00 6.631944e-01 1.898148e-01 2.546296e-02
30637: 1.867052e+00 1.686705e+00 1.567630e+00 6.635838e-01 1.895954e-01 2.543353e-02
30637: 1.868360e+00 1.687067e+00 1.566975e+00 6.628176e-01 1.893764e-01 2.540416e-02
30637: 1.867359e+00 1.686275e+00 1.567474e+00 6.632065e-01 1.903114e-01 2.537486e-02
30637: 1.868664e+00 1.686636e+00 1.566820e+00 6.624424e-01 1.900922e-01 2.534562e-02
30637: 1.867664e+00 1.688147e+00 1.567319e+00 6.616801e-01 1.898734e-01 2.531646e-02
30637: 1.868966e+00 1.687356e+00 1.567816e+00 6.609195e-01 1.896552e-01 2.528736e-02
30637: 1.869116e+00 1.687715e+00 1.567164e+00 6.613088e-01 1.894374e-01 2.525832e-02
30637: 1.868119e+00 1.686927e+00 1.568807e+00 6.616972e-01 1.892202e-01 2.522936e-02
30637: 1.868270e+00 1.686140e+00 1.569301e+00 6.620848e-01 1.890034e-01 2.520046e-02
30637: 1.867277e+00 1.687643e+00 1.568650e+00 6.624714e-01 1.887872e-01 2.517162e-02
30637: 1.869714e+00 1.686857e+00 1.568000e+00 6.617143e-01 1.885714e-01 2.514286e-02
30637: 1.871005e+00 1.687215e+00 1.567352e+00 6.609589e-01 1.883562e-01 2.511416e-02
30637: 1.870011e+00 1.686431e+00 1.570125e+00 6.602052e-01 1.881414e-01 2.508552e-02
30637: 1.869021e+00 1.686788e+00 1.569476e+00 6.617312e-01 1.879271e-01 2.505695e-02
30637: 1.870307e+00 1.686007e+00 1.568828e+00 6.609784e-01 1.888510e-01 2.502844e-02
30637: 1.870455e+00 1.686364e+00 1.568182e+00 6.613636e-01 1.886364e-01 2.500000e-02
30637: 1.869467e+00 1.685585e+00 1.568672e+00 6.617480e-01 1.895573e-01 2.497162e-02
30637: 1.869615e+00 1.685941e+00 1.568027e+00 6.609977e-01 1.904762e-01 2.494331e-02
30637: 1.868630e+00 1.685164e+00 1.568516e+00 6.613817e-01 1.913930e-01 2.491506e-02
30637: 1.869910e+00 1.684389e+00 1.567873e+00 6.617647e-01 1.911765e-01 2.488688e-02
30637: 1.870056e+00 1.684746e+00 1.567232e+00 6.621469e-01 1.909605e-01 2.485876e-02
30637: 1.870203e+00 1.685102e+00 1.567720e+00 6.613995e-01 1.907449e-01 2.483070e-02
30637: 1.870349e+00 1.685457e+00 1.567080e+00 6.617813e-01 1.905299e-01 2.480271e-02
30637: 1.870495e+00 1.685811e+00 1.567568e+00 6.610360e-01 1.903153e-01 2.477477e-02
30637: 1.870641e+00 1.685039e+00 1.568054e+00 6.614173e-01 1.901012e-01 2.474691e-02
30637: 1.870787e+00 1.684270e+00 1.568539e+00 6.606742e-01 1.910112e-01 2.471910e-02
30637: 1.869809e+00 1.684624e+00 1.570146e+00 6.599327e-01 1.907969e-01 2.469136e-02
30637: 1.869955e+00 1.684978e+00 1.569507e+00 6.603139e-01 1.905830e-01 2.466368e-02
30637: 1.868981e+00 1.685330e+00 1.569989e+00 6.595745e-01 1.914894e-01 2.463606e-02
30637: 1.869128e+00 1.686801e+00 1.569351e+00 6.588367e-01 1.912752e-01 2.460850e-02
30637: 1.868156e+00 1.687151e+00 1.569832e+00 6.592179e-01 1.910615e-01 2.458101e-02
30637: 1.867188e+00 1.687500e+00 1.569196e+00 6.584821e-01 1.930804e-01 2.455357e-02
30637: 1.868450e+00 1.687848e+00 1.568562e+00 6.577480e-01 1.928651e-01 2.452620e-02
30637: 1.868597e+00 1.687082e+00 1.569042e+00 6.570156e-01 1.937639e-01 2.449889e-02
30637: 1.867631e+00 1.688543e+00 1.568409e+00 6.573971e-01 1.935484e-01 2.447164e-02
30637: 1.867778e+00 1.687778e+00 1.568889e+00 6.577778e-01 1.933333e-01 2.444444e-02
30637: 1.866815e+00 1.687014e+00 1.570477e+00 6.581576e-01 1.931188e-01 2.441731e-02
30637: 1.868071e+00 1.686253e+00 1.569845e+00 6.585366e-01 1.929047e-01 2.439024e-02
30637: 1.868217e+00 1.686600e+00 1.570321e+00 6.578073e-01 1.926910e-01 2.436323e-02
30637: 1.867257e+00 1.685841e+00 1.570796e+00 6.592920e-01 1.924779e-01 2.433628e-02
30637: 1.867403e+00 1.685083e+00 1.570166e+00 6.596685e-01 1.933702e-01 2.430939e-02
30637: 1.866446e+00 1.685430e+00 1.569536e+00 6.611479e-01 1.931567e-01 2.428256e-02
30637: 1.865491e+00 1.686880e+00 1.570011e+00 6.604190e-01 1.929438e-01 2.425579e-02
30637: 1.866740e+00 1.686123e+00 1.569383e+00 6.607930e-01 1.927313e-01 2.422907e-02
30637: 1.866887e+00 1.686469e+00 1.569857e+00 6.600660e-01 1.925193e-01 2.420242e-02
30637: 1.867033e+00 1.685714e+00 1.569231e+00 6.615385e-01 1.923077e-01 2.417582e-02
30637: 1.866081e+00 1.686059e+00 1.569704e+00 6.619100e-01 1.920966e-01 2.414929e-02
30637: 1.867325e+00 1.685307e+00 1.569079e+00 6.611842e-01 1.918860e-01 2.521930e-02
30637: 1.866375e+00 1.685652e+00 1.570646e+00 6.604600e-01 1.916758e-01 2.519168e-02
30637: 1.866521e+00 1.687090e+00 1.568928e+00 6.608315e-01 1.914661e-01 2.516411e-02
30637: 1.866667e+00 1.686339e+00 1.569399e+00 6.612022e-01 1.912568e-01 2.513661e-02
30637: 1.865721e+00 1.686681e+00 1.569869e+00 6.615721e-01 1.910480e-01 2.510917e-02
30637: 1.865867e+00 1.687023e+00 1.569248e+00 6.619411e-01 1.908397e-01 2.508179e-02
30637: 1.864924e+00 1.686275e+00 1.569717e+00 6.623094e-01 1.917211e-01 2.505447e-02
30637: 1.865071e+00 1.685528e+00 1.570185e+00 6.626768e-01 1.915125e-01 2.502720e-02
30637: 1.864130e+00 1.685870e+00 1.569565e+00 6.641304e-01 1.913043e-01 2.500000e-02
30637: 1.865364e+00 1.685125e+00 1.568947e+00 6.644951e-01 1.910966e-01 2.497286e-02
30637: 1.865510e+00 1.685466e+00 1.568330e+00 6.648590e-01 1.908894e-01 2.494577e-02
30637: 1.865655e+00 1.683640e+00 1.569881e+00 6.652221e-01 1.906826e-01 2.491874e-02
30637: 1.864719e+00 1.683983e+00 1.571429e+00 6.645022e-01 1.904762e-01 2.489177e-02
30637: 1.865946e+00 1.683243e+00 1.570811e+00 6.648649e-01 1.902703e-01 2.486486e-02
30637: 1.865011e+00 1.683585e+00 1.571274e+00 6.652268e-01 1.900648e-01 2.483801e-02
30637: 1.865156e+00 1.682848e+00 1.571737e+00 6.655879e-01 1.898598e-01 2.481122e-02
30637: 1.864224e+00 1.684267e+00 1.571121e+00 6.659483e-01 1.896552e-01 2.478448e-02
30637: 1.863294e+00 1.685684e+00 1.569429e+00 6.673843e-01 1.894510e-01 2.475780e-02
30637: 1.864516e+00 1.683871e+00 1.570968e+00 6.666667e-01 1.892473e-01 2.473118e-02
30637: 1.864662e+00 1.685285e+00 1.569280e+00 6.670247e-01 1.890440e-01 2.470462e-02
30637: 1.863734e+00 1.685622e+00 1.570815e+00 6.663090e-01 1.888412e-01 2.467811e-02
30637: 1.864952e+00 1.684887e+00 1.569132e+00 6.666667e-01 1.897106e-01 2.465166e-02
30637: 1.866167e+00 1.685225e+00 1.568522e+00 6.659529e-01 1.895075e-01 2.462527e-02
30637: 1.866310e+00 1.685561e+00 1.568984e+00 6.652406e-01 1.893048e-01 2.459893e-02
30637: 1.866453e+00 1.685897e+00 1.568376e+00 6.655983e-01 1.891026e-01 2.457265e-02
30637: 1.866596e+00 1.685165e+00 1.568837e+00 6.659552e-01 1.889007e-01 2.454642e-02
30637: 1.865672e+00 1.687633e+00 1.568230e+00 6.652452e-01 1.886994e-01 2.452026e-02
30637: 1.865815e+00 1.686901e+00 1.568690e+00 6.645367e-01 1.895634e-01 2.449414e-02
30637: 1.864894e+00 1.687234e+00 1.569149e+00 6.638298e-01 1.893617e-01 2.553191e-02
30637: 1.863974e+00 1.687566e+00 1.570670e+00 6.631243e-01 1.891605e-01 2.550478e-02
30637: 1.865180e+00 1.686837e+00 1.570064e+00 6.634820e-01 1.889597e-01 2.547771e-02
30637: 1.864263e+00 1.689290e+00 1.568399e+00 6.638388e-01 1.887593e-01 2.545069e-02
30637: 1.866525e+00 1.688559e+00 1.567797e+00 6.631356e-01 1.885593e-01 2.542373e-02
30637: 1.866667e+00 1.688889e+00 1.568254e+00 6.624339e-01 1.883598e-01 2.539683e-02
30637: 1.865751e+00 1.688161e+00 1.567653e+00 6.649049e-01 1.881607e-01 2.536998e-02
30637: 1.865892e+00 1.688490e+00 1.568110e+00 6.642027e-01 1.879620e-01 2.534319e-02
30637: 1.864979e+00 1.687764e+00 1.567511e+00 6.666667e-01 1.877637e-01 2.531646e-02
30637: 1.867229e+00 1.687039e+00 1.566913e+00 6.659642e-01 1.875659e-01 2.528978e-02
30637: 1.866316e+00 1.686316e+00 1.567368e+00 6.673684e-01 1.873684e-01 2.526316e-02
30637: 1.865405e+00 1.688749e+00 1.566772e+00 6.666667e-01 1.871714e-01 2.523659e-02
30637: 1.865546e+00 1.689076e+00 1.567227e+00 6.659664e-01 1.869748e-01 2.521008e-02
30637: 1.865687e+00 1.688353e+00 1.567681e+00 6.663169e-01 1.867786e-01 2.518363e-02
30637: 1.864780e+00 1.689727e+00 1.568134e+00 6.656184e-01 1.865828e-01 2.515723e-02
30637: 1.864921e+00 1.689005e+00 1.567539e+00 6.670157e-01 1.863874e-01 2.513089e-02
30637: 1.864017e+00 1.690377e+00 1.566946e+00 6.673640e-01 1.861925e-01 2.510460e-02
30637: 1.864159e+00 1.690700e+00 1.567398e+00 6.666667e-01 1.859979e-01 2.507837e-02
30637: 1.863257e+00 1.692067e+00 1.566806e+00 6.670146e-01 1.858038e-01 2.505219e-02
30637: 1.863399e+00 1.692388e+00 1.566215e+00 6.663191e-01 1.866528e-01 2.502607e-02
30637: 1.862500e+00 1.691667e+00 1.567708e+00 6.666667e-01 1.864583e-01 2.500000e-02
30637: 1.862643e+00 1.691988e+00 1.567118e+00 6.659729e-01 1.873049e-01 2.497399e-02
30637: 1.861746e+00 1.692308e+00 1.567568e+00 6.652807e-01 1.881497e-01 2.494802e-02
30637: 1.862928e+00 1.691589e+00 1.568017e+00 6.645898e-01 1.879543e-01 2.492212e-02
30637: 1.862033e+00 1.691909e+00 1.568465e+00 6.649378e-01 1.877593e-01 2.489627e-02
30637: 1.863212e+00 1.691192e+00 1.567876e+00 6.642487e-01 1.875648e-01 2.590674e-02
30637: 1.862319e+00 1.691511e+00 1.568323e+00 6.645963e-01 1.873706e-01 2.587992e-02
30637: 1.863495e+00 1.689762e+00 1.569804e+00 6.639090e-01 1.871768e-01 2.585315e-02
30637: 1.864669e+00 1.690083e+00 1.569215e+00 6.632231e-01 1.869835e-01 2.582645e-02
30637: 1.864809e+00 1.689370e+00 1.569659e+00 6.635707e-01 1.867905e-01 2.579979e-02
30637: 1.863918e+00 1.691753e+00 1.569072e+00 6.628866e-01 1.865979e-01 2.577320e-02
30637: 1.864058e+00 1.691040e+00 1.568486e+00 6.622039e-01 1.884655e-01 2.574665e-02
30637: 1.863169e+00 1.692387e+00 1.568930e+00 6.615226e-01 1.882716e-01 2.572016e-02
30637: 1.864337e+00 1.691675e+00 1.569373e+00 6.608428e-01 1.880781e-01 2.569373e-02
30637: 1.865503e+00 1.691992e+00 1.568789e+00 6.601643e-01 1.878850e-01 2.566735e-02
30637: 1.865641e+00 1.691282e+00 1.570256e+00 6.594872e-01 1.876923e-01 2.564103e-02
30637: 1.864754e+00 1.692623e+00 1.569672e+00 6.598361e-01 1.875000e-01 2.561475e-02
30637: 1.864893e+00 1.691914e+00 1.571136e+00 6.591607e-01 1.873081e-01 2.558854e-02
30637: 1.864008e+00 1.692229e+00 1.569530e+00 6.595092e-01 1.891616e-01 2.556237e-02
30637: 1.864147e+00 1.691522e+00 1.569969e+00 6.598570e-01 1.889683e-01 2.553626e-02
30637: 1.864286e+00 1.691837e+00 1.569388e+00 6.591837e-01 1.897959e-01 2.551020e-02
30637: 1.864424e+00 1.691131e+00 1.570846e+00 6.585117e-01 1.896024e-01 2.548420e-02
30637: 1.863544e+00 1.691446e+00 1.570265e+00 6.588595e-01 1.904277e-01 2.545825e-02
30637: 1.863683e+00 1.691760e+00 1.568667e+00 6.602238e-01 1.902340e-01 2.543235e-02
30637: 1.862805e+00 1.691057e+00 1.570122e+00 6.595528e-01 1.910569e-01 2.540650e-02
30637: 1.862944e+00 1.690355e+00 1.570558e+00 6.598985e-01 1.908629e-01 2.538071e-02
30637: 1.862069e+00 1.691684e+00 1.569980e+00 6.602434e-01 1.906694e-01 2.535497e-02
30637: 1.861196e+00 1.690983e+00 1.572442e+00 6.595745e-01 1.904762e-01 2.532928e-02
30637: 1.861336e+00 1.691296e+00 1.571862e+00 6.599190e-01 1.902834e-01 2.530364e-02
30637: 1.861476e+00 1.691608e+00 1.571284e+00 6.602629e-01 1.900910e-01 2.527806e-02
30637: 1.862626e+00 1.690909e+00 1.570707e+00 6.606061e-01 1.898990e-01 2.525253e-02
30637: 1.861756e+00 1.692230e+00 1.570131e+00 6.609485e-01 1.897074e-01 2.522704e-02
30637: 1.861895e+00 1.693548e+00 1.568548e+00 6.612903e-01 1.895161e-01 2.520161e-02
30637: 1.861027e+00 1.693857e+00 1.568983e+00 6.616314e-01 1.893253e-01 2.517623e-02
30637: 1.861167e+00 1.694165e+00 1.569416e+00 6.609658e-01 1.891348e-01 2.515091e-02
30637: 1.861307e+00 1.693467e+00 1.569849e+00 6.613065e-01 1.889447e-01 2.512563e-02
30637: 1.861446e+00 1.693775e+00 1.569277e+00 6.616466e-01 1.887550e-01 2.510040e-02
30637: 1.860582e+00 1.694082e+00 1.570712e+00 6.609829e-01 1.885657e-01 2.507523e-02
30637: 1.859719e+00 1.693387e+00 1.572144e+00 6.613226e-01 1.883768e-01 2.505010e-02
30637: 1.860861e+00 1.693694e+00 1.570571e+00 6.616617e-01 1.881882e-01 2.502503e-02
30637: Done!
Traceback (most recent call last):
  File "/lowest-unique-number/tournament0/elexunix.py", line 25, in <module>
    input()
EOFError: EOF when reading a line
