Forked 35393
Starting to reopen 0 and 1
Calling execv `tournament0/pzakorko.py` (pid 35393)
Strategy 0: first ans is 0
Forked 35394
Starting to reopen 0 and 1
Calling execv `tournament0/elexunix.py` (pid 35394)
Strategy 1: first ans is 1
Forked 35418
Starting to reopen 0 and 1
Calling execv `tournament0/the_best_strategy.py` (pid 35418)
Strategy 2: first ans is 0
Forked 35419
Starting to reopen 0 and 1
Calling execv `tournament0/alex_dany` (pid 35419)
35419: Started!
35419: Number of players: 5, position: 3, number of turns: 1000
35419: Random seed: 1242100350
Strategy 3: first ans is 1
Forked 35420
Starting to reopen 0 and 1
Calling execv `tournament0/fedro.py` (pid 35420)
Strategy 4: first ans is 0
35419: 3.000000e+00 2.000000e+00 0.000000e+00 0.000000e+00 0.000000e+00
35419: 2.500000e+00 1.500000e+00 1.000000e+00 0.000000e+00 0.000000e+00
35419: 2.333333e+00 1.666667e+00 1.000000e+00 0.000000e+00 0.000000e+00
35419: 2.500000e+00 1.250000e+00 1.250000e+00 0.000000e+00 0.000000e+00
35419: 2.400000e+00 1.200000e+00 1.200000e+00 2.000000e-01 0.000000e+00
35419: 2.333333e+00 1.166667e+00 1.333333e+00 1.666667e-01 0.000000e+00
35419: 2.285714e+00 1.285714e+00 1.285714e+00 1.428571e-01 0.000000e+00
35419: 2.500000e+00 1.250000e+00 1.125000e+00 1.250000e-01 0.000000e+00
35419: 2.444444e+00 1.333333e+00 1.111111e+00 1.111111e-01 0.000000e+00
35419: 2.400000e+00 1.300000e+00 1.100000e+00 2.000000e-01 0.000000e+00
35419: 2.454545e+00 1.363636e+00 1.000000e+00 1.818182e-01 0.000000e+00
35419: 2.416667e+00 1.333333e+00 9.166667e-01 1.666667e-01 1.666667e-01
35419: 2.384615e+00 1.307692e+00 1.000000e+00 1.538462e-01 1.538462e-01
35419: 2.428571e+00 1.285714e+00 1.000000e+00 1.428571e-01 1.428571e-01
35419: 2.466667e+00 1.333333e+00 9.333333e-01 1.333333e-01 1.333333e-01
35419: 2.500000e+00 1.312500e+00 8.750000e-01 1.250000e-01 1.875000e-01
35419: 2.470588e+00 1.294118e+00 9.411765e-01 1.176471e-01 1.764706e-01
35419: 2.444444e+00 1.333333e+00 9.444444e-01 1.111111e-01 1.666667e-01
35419: 2.421053e+00 1.315789e+00 8.947368e-01 1.578947e-01 2.105263e-01
35419: 2.400000e+00 1.350000e+00 9.000000e-01 1.500000e-01 2.000000e-01
35419: 2.380952e+00 1.428571e+00 8.571429e-01 1.428571e-01 1.904762e-01
35419: 2.363636e+00 1.409091e+00 9.090909e-01 1.363636e-01 1.818182e-01
35419: 2.347826e+00 1.478261e+00 8.695652e-01 1.304348e-01 1.739130e-01
35419: 2.375000e+00 1.458333e+00 8.750000e-01 1.250000e-01 1.666667e-01
35419: 2.400000e+00 1.440000e+00 8.800000e-01 1.200000e-01 1.600000e-01
35419: 2.384615e+00 1.461538e+00 8.846154e-01 1.153846e-01 1.538462e-01
35419: 2.370370e+00 1.518519e+00 8.518519e-01 1.111111e-01 1.481481e-01
35419: 2.392857e+00 1.535714e+00 8.214286e-01 1.071429e-01 1.428571e-01
35419: 2.379310e+00 1.551724e+00 8.275862e-01 1.034483e-01 1.379310e-01
35419: 2.366667e+00 1.566667e+00 8.333333e-01 1.000000e-01 1.333333e-01
35419: 2.354839e+00 1.580645e+00 8.064516e-01 1.290323e-01 1.290323e-01
35419: 2.343750e+00 1.562500e+00 8.437500e-01 1.250000e-01 1.250000e-01
35419: 2.363636e+00 1.545455e+00 8.484848e-01 1.212121e-01 1.212121e-01
35419: 2.352941e+00 1.529412e+00 8.529412e-01 1.470588e-01 1.176471e-01
35419: 2.342857e+00 1.542857e+00 8.571429e-01 1.428571e-01 1.142857e-01
35419: 2.361111e+00 1.527778e+00 8.611111e-01 1.388889e-01 1.111111e-01
35419: 2.351351e+00 1.567568e+00 8.378378e-01 1.351351e-01 1.081081e-01
35419: 2.342105e+00 1.578947e+00 8.157895e-01 1.578947e-01 1.052632e-01
35419: 2.333333e+00 1.538462e+00 8.461538e-01 1.794872e-01 1.025641e-01
35419: 2.325000e+00 1.525000e+00 8.750000e-01 1.750000e-01 1.000000e-01
35419: 2.365854e+00 1.512195e+00 8.536585e-01 1.707317e-01 9.756098e-02
35419: 2.404762e+00 1.500000e+00 8.333333e-01 1.666667e-01 9.523810e-02
35419: 2.441860e+00 1.488372e+00 8.139535e-01 1.627907e-01 9.302326e-02
35419: 2.454545e+00 1.500000e+00 7.954545e-01 1.590909e-01 9.090909e-02
35419: 2.488889e+00 1.488889e+00 7.777778e-01 1.555556e-01 8.888889e-02
35419: 2.500000e+00 1.478261e+00 7.826087e-01 1.521739e-01 8.695652e-02
35419: 2.510638e+00 1.468085e+00 7.659574e-01 1.489362e-01 1.063830e-01
35419: 2.500000e+00 1.479167e+00 7.708333e-01 1.458333e-01 1.041667e-01
35419: 2.530612e+00 1.469388e+00 7.551020e-01 1.428571e-01 1.020408e-01
35419: 2.520000e+00 1.460000e+00 7.400000e-01 1.600000e-01 1.200000e-01
35419: 2.509804e+00 1.470588e+00 7.450980e-01 1.568627e-01 1.176471e-01
35419: 2.519231e+00 1.480769e+00 7.307692e-01 1.538462e-01 1.153846e-01
35419: 2.509434e+00 1.471698e+00 7.547170e-01 1.509434e-01 1.132075e-01
35419: 2.500000e+00 1.462963e+00 7.592593e-01 1.481481e-01 1.296296e-01
35419: 2.490909e+00 1.472727e+00 7.454545e-01 1.636364e-01 1.272727e-01
35419: 2.482143e+00 1.482143e+00 7.500000e-01 1.607143e-01 1.250000e-01
35419: 2.473684e+00 1.473684e+00 7.719298e-01 1.578947e-01 1.228070e-01
35419: 2.482759e+00 1.465517e+00 7.758621e-01 1.551724e-01 1.206897e-01
35419: 2.474576e+00 1.457627e+00 7.627119e-01 1.694915e-01 1.355932e-01
35419: 2.466667e+00 1.450000e+00 7.666667e-01 1.666667e-01 1.500000e-01
35419: 2.459016e+00 1.459016e+00 7.540984e-01 1.803279e-01 1.475410e-01
35419: 2.467742e+00 1.451613e+00 7.580645e-01 1.774194e-01 1.451613e-01
35419: 2.460317e+00 1.460317e+00 7.460317e-01 1.904762e-01 1.428571e-01
35419: 2.453125e+00 1.468750e+00 7.343750e-01 2.031250e-01 1.406250e-01
35419: 2.476923e+00 1.461538e+00 7.230769e-01 2.000000e-01 1.384615e-01
35419: 2.484848e+00 1.469697e+00 7.121212e-01 1.969697e-01 1.363636e-01
35419: 2.477612e+00 1.492537e+00 7.014925e-01 1.940299e-01 1.343284e-01
35419: 2.485294e+00 1.500000e+00 6.911765e-01 1.911765e-01 1.323529e-01
35419: 2.492754e+00 1.492754e+00 6.811594e-01 2.028986e-01 1.304348e-01
35419: 2.500000e+00 1.485714e+00 6.714286e-01 2.000000e-01 1.428571e-01
35419: 2.507042e+00 1.492958e+00 6.619718e-01 1.971831e-01 1.408451e-01
35419: 2.500000e+00 1.486111e+00 6.666667e-01 2.083333e-01 1.388889e-01
35419: 2.479452e+00 1.479452e+00 6.849315e-01 2.191781e-01 1.369863e-01
35419: 2.486486e+00 1.472973e+00 6.891892e-01 2.162162e-01 1.351351e-01
35419: 2.493333e+00 1.466667e+00 6.933333e-01 2.133333e-01 1.333333e-01
35419: 2.473684e+00 1.486842e+00 6.973684e-01 2.105263e-01 1.315789e-01
35419: 2.454545e+00 1.480519e+00 7.272727e-01 2.077922e-01 1.298701e-01
35419: 2.435897e+00 1.474359e+00 7.307692e-01 2.307692e-01 1.282051e-01
35419: 2.417722e+00 1.468354e+00 7.341772e-01 2.531646e-01 1.265823e-01
35419: 2.400000e+00 1.475000e+00 7.375000e-01 2.500000e-01 1.375000e-01
35419: 2.382716e+00 1.481481e+00 7.407407e-01 2.592593e-01 1.358025e-01
35419: 2.365854e+00 1.487805e+00 7.439024e-01 2.682927e-01 1.341463e-01
35419: 2.349398e+00 1.493976e+00 7.469880e-01 2.771084e-01 1.325301e-01
35419: 2.345238e+00 1.500000e+00 7.500000e-01 2.738095e-01 1.309524e-01
35419: 2.329412e+00 1.505882e+00 7.647059e-01 2.705882e-01 1.294118e-01
35419: 2.313953e+00 1.511628e+00 7.674419e-01 2.790698e-01 1.279070e-01
35419: 2.298851e+00 1.528736e+00 7.701149e-01 2.758621e-01 1.264368e-01
35419: 2.284091e+00 1.534091e+00 7.727273e-01 2.727273e-01 1.363636e-01
35419: 2.269663e+00 1.539326e+00 7.865169e-01 2.696629e-01 1.348315e-01
35419: 2.255556e+00 1.544444e+00 7.888889e-01 2.777778e-01 1.333333e-01
35419: 2.241758e+00 1.538462e+00 8.021978e-01 2.857143e-01 1.318681e-01
35419: 2.228261e+00 1.554348e+00 8.043478e-01 2.826087e-01 1.304348e-01
35419: 2.215054e+00 1.548387e+00 8.064516e-01 2.795699e-01 1.505376e-01
35419: 2.212766e+00 1.542553e+00 8.191489e-01 2.765957e-01 1.489362e-01
35419: 2.200000e+00 1.557895e+00 8.105263e-01 2.842105e-01 1.473684e-01
35419: 2.197917e+00 1.552083e+00 8.125000e-01 2.812500e-01 1.562500e-01
35419: 2.195876e+00 1.546392e+00 8.247423e-01 2.783505e-01 1.546392e-01
35419: 2.183673e+00 1.551020e+00 8.265306e-01 2.857143e-01 1.530612e-01
35419: 2.171717e+00 1.545455e+00 8.383838e-01 2.929293e-01 1.515152e-01
35419: 2.170000e+00 1.540000e+00 8.500000e-01 2.900000e-01 1.500000e-01
35419: 2.168317e+00 1.534653e+00 8.613861e-01 2.871287e-01 1.485149e-01
35419: 2.156863e+00 1.539216e+00 8.725490e-01 2.843137e-01 1.470588e-01
35419: 2.145631e+00 1.553398e+00 8.737864e-01 2.815534e-01 1.456311e-01
35419: 2.134615e+00 1.557692e+00 8.846154e-01 2.788462e-01 1.442308e-01
35419: 2.133333e+00 1.552381e+00 8.952381e-01 2.761905e-01 1.428571e-01
35419: 2.122642e+00 1.556604e+00 9.056604e-01 2.735849e-01 1.415094e-01
35419: 2.112150e+00 1.551402e+00 9.252336e-01 2.710280e-01 1.401869e-01
35419: 2.101852e+00 1.546296e+00 9.259259e-01 2.777778e-01 1.481481e-01
35419: 2.100917e+00 1.541284e+00 9.266055e-01 2.844037e-01 1.467890e-01
35419: 2.100000e+00 1.536364e+00 9.363636e-01 2.818182e-01 1.454545e-01
35419: 2.108108e+00 1.531532e+00 9.369369e-01 2.792793e-01 1.441441e-01
35419: 2.098214e+00 1.526786e+00 9.553571e-01 2.767857e-01 1.428571e-01
35419: 2.097345e+00 1.522124e+00 9.557522e-01 2.743363e-01 1.504425e-01
35419: 2.087719e+00 1.526316e+00 9.649123e-01 2.719298e-01 1.491228e-01
35419: 2.078261e+00 1.530435e+00 9.739130e-01 2.695652e-01 1.478261e-01
35419: 2.068966e+00 1.534483e+00 9.827586e-01 2.672414e-01 1.465517e-01
35419: 2.059829e+00 1.529915e+00 9.829060e-01 2.820513e-01 1.452991e-01
35419: 2.059322e+00 1.533898e+00 9.830508e-01 2.796610e-01 1.440678e-01
35419: 2.050420e+00 1.529412e+00 1.000000e+00 2.773109e-01 1.428571e-01
35419: 2.050000e+00 1.533333e+00 1.000000e+00 2.750000e-01 1.416667e-01
35419: 2.041322e+00 1.528926e+00 1.008264e+00 2.809917e-01 1.404959e-01
35419: 2.032787e+00 1.532787e+00 1.016393e+00 2.786885e-01 1.393443e-01
35419: 2.024390e+00 1.536585e+00 1.016260e+00 2.764228e-01 1.463415e-01
35419: 2.016129e+00 1.532258e+00 1.016129e+00 2.903226e-01 1.451613e-01
35419: 2.008000e+00 1.536000e+00 1.024000e+00 2.880000e-01 1.440000e-01
35419: 2.000000e+00 1.531746e+00 1.039683e+00 2.857143e-01 1.428571e-01
35419: 1.992126e+00 1.527559e+00 1.055118e+00 2.834646e-01 1.417323e-01
35419: 1.992188e+00 1.523438e+00 1.062500e+00 2.812500e-01 1.406250e-01
35419: 1.992248e+00 1.527132e+00 1.062016e+00 2.790698e-01 1.395349e-01
35419: 1.984615e+00 1.546154e+00 1.053846e+00 2.769231e-01 1.384615e-01
35419: 1.977099e+00 1.541985e+00 1.068702e+00 2.748092e-01 1.374046e-01
35419: 1.977273e+00 1.537879e+00 1.075758e+00 2.727273e-01 1.363636e-01
35419: 1.977444e+00 1.541353e+00 1.075188e+00 2.706767e-01 1.353383e-01
35419: 1.970149e+00 1.537313e+00 1.082090e+00 2.761194e-01 1.343284e-01
35419: 1.962963e+00 1.540741e+00 1.081481e+00 2.814815e-01 1.333333e-01
35419: 1.963235e+00 1.536765e+00 1.088235e+00 2.794118e-01 1.323529e-01
35419: 1.956204e+00 1.532847e+00 1.094891e+00 2.846715e-01 1.313869e-01
35419: 1.956522e+00 1.536232e+00 1.094203e+00 2.826087e-01 1.304348e-01
35419: 1.956835e+00 1.532374e+00 1.093525e+00 2.877698e-01 1.294964e-01
35419: 1.950000e+00 1.535714e+00 1.100000e+00 2.857143e-01 1.285714e-01
35419: 1.943262e+00 1.539007e+00 1.099291e+00 2.907801e-01 1.276596e-01
35419: 1.936620e+00 1.542254e+00 1.105634e+00 2.887324e-01 1.267606e-01
35419: 1.930070e+00 1.545455e+00 1.111888e+00 2.867133e-01 1.258741e-01
35419: 1.923611e+00 1.541667e+00 1.111111e+00 2.986111e-01 1.250000e-01
35419: 1.924138e+00 1.537931e+00 1.110345e+00 2.965517e-01 1.310345e-01
35419: 1.917808e+00 1.541096e+00 1.116438e+00 2.945205e-01 1.301370e-01
35419: 1.918367e+00 1.537415e+00 1.122449e+00 2.925170e-01 1.292517e-01
35419: 1.912162e+00 1.540541e+00 1.128378e+00 2.905405e-01 1.283784e-01
35419: 1.906040e+00 1.536913e+00 1.134228e+00 2.953020e-01 1.275168e-01
35419: 1.913333e+00 1.533333e+00 1.133333e+00 2.933333e-01 1.266667e-01
35419: 1.907285e+00 1.536424e+00 1.132450e+00 2.980132e-01 1.258278e-01
35419: 1.907895e+00 1.532895e+00 1.138158e+00 2.960526e-01 1.250000e-01
35419: 1.901961e+00 1.529412e+00 1.143791e+00 3.006536e-01 1.241830e-01
35419: 1.902597e+00 1.532468e+00 1.142857e+00 2.987013e-01 1.233766e-01
35419: 1.909677e+00 1.529032e+00 1.141935e+00 2.967742e-01 1.225806e-01
35419: 1.910256e+00 1.525641e+00 1.147436e+00 2.948718e-01 1.217949e-01
35419: 1.904459e+00 1.522293e+00 1.159236e+00 2.929936e-01 1.210191e-01
35419: 1.905063e+00 1.525316e+00 1.158228e+00 2.911392e-01 1.202532e-01
35419: 1.905660e+00 1.522013e+00 1.163522e+00 2.893082e-01 1.194969e-01
35419: 1.906250e+00 1.525000e+00 1.162500e+00 2.875000e-01 1.187500e-01
35419: 1.906832e+00 1.521739e+00 1.167702e+00 2.857143e-01 1.180124e-01
35419: 1.901235e+00 1.524691e+00 1.172840e+00 2.839506e-01 1.172840e-01
35419: 1.907975e+00 1.521472e+00 1.171779e+00 2.822086e-01 1.165644e-01
35419: 1.902439e+00 1.530488e+00 1.170732e+00 2.804878e-01 1.158537e-01
35419: 1.896970e+00 1.527273e+00 1.175758e+00 2.787879e-01 1.212121e-01
35419: 1.891566e+00 1.524096e+00 1.180723e+00 2.771084e-01 1.265060e-01
35419: 1.886228e+00 1.520958e+00 1.185629e+00 2.814371e-01 1.257485e-01
35419: 1.880952e+00 1.529762e+00 1.184524e+00 2.797619e-01 1.250000e-01
35419: 1.875740e+00 1.526627e+00 1.189349e+00 2.781065e-01 1.301775e-01
35419: 1.870588e+00 1.529412e+00 1.188235e+00 2.764706e-01 1.352941e-01
35419: 1.871345e+00 1.532164e+00 1.187135e+00 2.748538e-01 1.345029e-01
35419: 1.866279e+00 1.529070e+00 1.197674e+00 2.732558e-01 1.337209e-01
35419: 1.867052e+00 1.526012e+00 1.202312e+00 2.716763e-01 1.329480e-01
35419: 1.867816e+00 1.522989e+00 1.206897e+00 2.701149e-01 1.321839e-01
35419: 1.874286e+00 1.525714e+00 1.200000e+00 2.685714e-01 1.314286e-01
35419: 1.869318e+00 1.534091e+00 1.193182e+00 2.670455e-01 1.363636e-01
35419: 1.870056e+00 1.536723e+00 1.192090e+00 2.655367e-01 1.355932e-01
35419: 1.865169e+00 1.533708e+00 1.202247e+00 2.640449e-01 1.348315e-01
35419: 1.865922e+00 1.530726e+00 1.206704e+00 2.625698e-01 1.340782e-01
35419: 1.866667e+00 1.527778e+00 1.211111e+00 2.611111e-01 1.333333e-01
35419: 1.867403e+00 1.524862e+00 1.209945e+00 2.596685e-01 1.381215e-01
35419: 1.862637e+00 1.527473e+00 1.214286e+00 2.582418e-01 1.373626e-01
35419: 1.857923e+00 1.535519e+00 1.213115e+00 2.568306e-01 1.366120e-01
35419: 1.858696e+00 1.538043e+00 1.211957e+00 2.554348e-01 1.358696e-01
35419: 1.854054e+00 1.545946e+00 1.210811e+00 2.540541e-01 1.351351e-01
35419: 1.854839e+00 1.548387e+00 1.209677e+00 2.526882e-01 1.344086e-01
35419: 1.850267e+00 1.545455e+00 1.213904e+00 2.566845e-01 1.336898e-01
35419: 1.845745e+00 1.553191e+00 1.212766e+00 2.553191e-01 1.329787e-01
35419: 1.846561e+00 1.550265e+00 1.216931e+00 2.539683e-01 1.322751e-01
35419: 1.842105e+00 1.557895e+00 1.215789e+00 2.526316e-01 1.315789e-01
35419: 1.842932e+00 1.554974e+00 1.219895e+00 2.513089e-01 1.308901e-01
35419: 1.838542e+00 1.557292e+00 1.218750e+00 2.500000e-01 1.354167e-01
35419: 1.834197e+00 1.554404e+00 1.227979e+00 2.487047e-01 1.347150e-01
35419: 1.829897e+00 1.551546e+00 1.226804e+00 2.525773e-01 1.391753e-01
35419: 1.825641e+00 1.553846e+00 1.230769e+00 2.512821e-01 1.384615e-01
35419: 1.826531e+00 1.556122e+00 1.229592e+00 2.500000e-01 1.377551e-01
35419: 1.822335e+00 1.558376e+00 1.233503e+00 2.487310e-01 1.370558e-01
35419: 1.818182e+00 1.560606e+00 1.232323e+00 2.525253e-01 1.363636e-01
35419: 1.814070e+00 1.562814e+00 1.236181e+00 2.512563e-01 1.356784e-01
35419: 1.815000e+00 1.560000e+00 1.235000e+00 2.550000e-01 1.350000e-01
35419: 1.810945e+00 1.567164e+00 1.233831e+00 2.537313e-01 1.343284e-01
35419: 1.806931e+00 1.574257e+00 1.232673e+00 2.524752e-01 1.336634e-01
35419: 1.802956e+00 1.571429e+00 1.241379e+00 2.512315e-01 1.330049e-01
35419: 1.799020e+00 1.568627e+00 1.250000e+00 2.500000e-01 1.323529e-01
35419: 1.800000e+00 1.570732e+00 1.248780e+00 2.487805e-01 1.317073e-01
35419: 1.796117e+00 1.563107e+00 1.262136e+00 2.475728e-01 1.310680e-01
35419: 1.792271e+00 1.570048e+00 1.260870e+00 2.463768e-01 1.304348e-01
35419: 1.788462e+00 1.567308e+00 1.269231e+00 2.451923e-01 1.298077e-01
35419: 1.789474e+00 1.569378e+00 1.267943e+00 2.440191e-01 1.291866e-01
35419: 1.785714e+00 1.571429e+00 1.271429e+00 2.428571e-01 1.285714e-01
35419: 1.786730e+00 1.563981e+00 1.279621e+00 2.417062e-01 1.279621e-01
35419: 1.783019e+00 1.570755e+00 1.278302e+00 2.405660e-01 1.273585e-01
35419: 1.779343e+00 1.568075e+00 1.286385e+00 2.394366e-01 1.267606e-01
35419: 1.780374e+00 1.565421e+00 1.285047e+00 2.429907e-01 1.261682e-01
35419: 1.776744e+00 1.567442e+00 1.283721e+00 2.465116e-01 1.255814e-01
35419: 1.773148e+00 1.569444e+00 1.287037e+00 2.453704e-01 1.250000e-01
35419: 1.774194e+00 1.566820e+00 1.285714e+00 2.442396e-01 1.290323e-01
35419: 1.770642e+00 1.568807e+00 1.284404e+00 2.431193e-01 1.330275e-01
35419: 1.767123e+00 1.575342e+00 1.278539e+00 2.465753e-01 1.324201e-01
35419: 1.772727e+00 1.568182e+00 1.281818e+00 2.454545e-01 1.318182e-01
35419: 1.769231e+00 1.565611e+00 1.280543e+00 2.488688e-01 1.357466e-01
35419: 1.770270e+00 1.567568e+00 1.274775e+00 2.522523e-01 1.351351e-01
35419: 1.771300e+00 1.565022e+00 1.273543e+00 2.556054e-01 1.345291e-01
35419: 1.772321e+00 1.566964e+00 1.272321e+00 2.544643e-01 1.339286e-01
35419: 1.768889e+00 1.564444e+00 1.275556e+00 2.533333e-01 1.377778e-01
35419: 1.765487e+00 1.561947e+00 1.278761e+00 2.566372e-01 1.371681e-01
35419: 1.762115e+00 1.559471e+00 1.286344e+00 2.555066e-01 1.365639e-01
35419: 1.763158e+00 1.561404e+00 1.285088e+00 2.543860e-01 1.359649e-01
35419: 1.764192e+00 1.563319e+00 1.279476e+00 2.576419e-01 1.353712e-01
35419: 1.760870e+00 1.560870e+00 1.282609e+00 2.608696e-01 1.347826e-01
35419: 1.757576e+00 1.562771e+00 1.285714e+00 2.597403e-01 1.341991e-01
35419: 1.754310e+00 1.560345e+00 1.288793e+00 2.629310e-01 1.336207e-01
35419: 1.751073e+00 1.566524e+00 1.287554e+00 2.618026e-01 1.330472e-01
35419: 1.752137e+00 1.568376e+00 1.286325e+00 2.606838e-01 1.324786e-01
35419: 1.753191e+00 1.565957e+00 1.289362e+00 2.595745e-01 1.319149e-01
35419: 1.754237e+00 1.567797e+00 1.288136e+00 2.584746e-01 1.313559e-01
35419: 1.751055e+00 1.573840e+00 1.286920e+00 2.573840e-01 1.308017e-01
35419: 1.756303e+00 1.571429e+00 1.285714e+00 2.563025e-01 1.302521e-01
35419: 1.757322e+00 1.564854e+00 1.292887e+00 2.552301e-01 1.297071e-01
35419: 1.754167e+00 1.570833e+00 1.291667e+00 2.541667e-01 1.291667e-01
35419: 1.755187e+00 1.564315e+00 1.294606e+00 2.572614e-01 1.286307e-01
35419: 1.752066e+00 1.570248e+00 1.289256e+00 2.561983e-01 1.322314e-01
35419: 1.753086e+00 1.567901e+00 1.292181e+00 2.551440e-01 1.316872e-01
35419: 1.754098e+00 1.565574e+00 1.295082e+00 2.540984e-01 1.311475e-01
35419: 1.755102e+00 1.563265e+00 1.297959e+00 2.530612e-01 1.306122e-01
35419: 1.752033e+00 1.560976e+00 1.300813e+00 2.520325e-01 1.341463e-01
35419: 1.748988e+00 1.558704e+00 1.303644e+00 2.550607e-01 1.336032e-01
35419: 1.745968e+00 1.560484e+00 1.306452e+00 2.540323e-01 1.330645e-01
35419: 1.742972e+00 1.562249e+00 1.309237e+00 2.530120e-01 1.325301e-01
35419: 1.744000e+00 1.564000e+00 1.304000e+00 2.560000e-01 1.320000e-01
35419: 1.741036e+00 1.565737e+00 1.302789e+00 2.589641e-01 1.314741e-01
35419: 1.742063e+00 1.567460e+00 1.301587e+00 2.579365e-01 1.309524e-01
35419: 1.739130e+00 1.573123e+00 1.300395e+00 2.569170e-01 1.304348e-01
35419: 1.740157e+00 1.570866e+00 1.303150e+00 2.559055e-01 1.299213e-01
35419: 1.741176e+00 1.564706e+00 1.309804e+00 2.549020e-01 1.294118e-01
35419: 1.746094e+00 1.562500e+00 1.308594e+00 2.539062e-01 1.289062e-01
35419: 1.743191e+00 1.564202e+00 1.307393e+00 2.529183e-01 1.322957e-01
35419: 1.740310e+00 1.565891e+00 1.310078e+00 2.519380e-01 1.317829e-01
35419: 1.737452e+00 1.571429e+00 1.308880e+00 2.509653e-01 1.312741e-01
35419: 1.734615e+00 1.573077e+00 1.311538e+00 2.500000e-01 1.307692e-01
35419: 1.735632e+00 1.570881e+00 1.314176e+00 2.490421e-01 1.302682e-01
35419: 1.732824e+00 1.576336e+00 1.312977e+00 2.480916e-01 1.297710e-01
35419: 1.733840e+00 1.574144e+00 1.315589e+00 2.471483e-01 1.292776e-01
35419: 1.734848e+00 1.571970e+00 1.318182e+00 2.462121e-01 1.287879e-01
35419: 1.735849e+00 1.569811e+00 1.320755e+00 2.452830e-01 1.283019e-01
35419: 1.736842e+00 1.571429e+00 1.319549e+00 2.443609e-01 1.278195e-01
35419: 1.741573e+00 1.565543e+00 1.322097e+00 2.434457e-01 1.273408e-01
35419: 1.738806e+00 1.567164e+00 1.320896e+00 2.425373e-01 1.305970e-01
35419: 1.736059e+00 1.568773e+00 1.323420e+00 2.416357e-01 1.301115e-01
35419: 1.733333e+00 1.566667e+00 1.329630e+00 2.407407e-01 1.296296e-01
35419: 1.734317e+00 1.568266e+00 1.328413e+00 2.398524e-01 1.291513e-01
35419: 1.731618e+00 1.569853e+00 1.327206e+00 2.389706e-01 1.323529e-01
35419: 1.732601e+00 1.567766e+00 1.329670e+00 2.380952e-01 1.318681e-01
35419: 1.729927e+00 1.565693e+00 1.328467e+00 2.445255e-01 1.313869e-01
35419: 1.730909e+00 1.570909e+00 1.323636e+00 2.436364e-01 1.309091e-01
35419: 1.731884e+00 1.565217e+00 1.326087e+00 2.463768e-01 1.304348e-01
35419: 1.729242e+00 1.563177e+00 1.328520e+00 2.490975e-01 1.299639e-01
35419: 1.730216e+00 1.564748e+00 1.327338e+00 2.482014e-01 1.294964e-01
35419: 1.731183e+00 1.566308e+00 1.326165e+00 2.473118e-01 1.290323e-01
35419: 1.728571e+00 1.564286e+00 1.328571e+00 2.464286e-01 1.321429e-01
35419: 1.725979e+00 1.565836e+00 1.330961e+00 2.455516e-01 1.316726e-01
35419: 1.726950e+00 1.563830e+00 1.333333e+00 2.446809e-01 1.312057e-01
35419: 1.724382e+00 1.568905e+00 1.332155e+00 2.438163e-01 1.307420e-01
35419: 1.721831e+00 1.566901e+00 1.330986e+00 2.464789e-01 1.338028e-01
35419: 1.722807e+00 1.564912e+00 1.329825e+00 2.491228e-01 1.333333e-01
35419: 1.723776e+00 1.562937e+00 1.328671e+00 2.517483e-01 1.328671e-01
35419: 1.721254e+00 1.564460e+00 1.331010e+00 2.508711e-01 1.324042e-01
35419: 1.722222e+00 1.565972e+00 1.329861e+00 2.500000e-01 1.319444e-01
35419: 1.719723e+00 1.567474e+00 1.332180e+00 2.491349e-01 1.314879e-01
35419: 1.720690e+00 1.568966e+00 1.331034e+00 2.482759e-01 1.310345e-01
35419: 1.718213e+00 1.570447e+00 1.329897e+00 2.474227e-01 1.340206e-01
35419: 1.719178e+00 1.565068e+00 1.335616e+00 2.465753e-01 1.335616e-01
35419: 1.723549e+00 1.563140e+00 1.334471e+00 2.457338e-01 1.331058e-01
35419: 1.721088e+00 1.561224e+00 1.340136e+00 2.448980e-01 1.326531e-01
35419: 1.722034e+00 1.566102e+00 1.335593e+00 2.440678e-01 1.322034e-01
35419: 1.719595e+00 1.570946e+00 1.334459e+00 2.432432e-01 1.317568e-01
35419: 1.717172e+00 1.565657e+00 1.336700e+00 2.491582e-01 1.313131e-01
35419: 1.718121e+00 1.563758e+00 1.338926e+00 2.483221e-01 1.308725e-01
35419: 1.715719e+00 1.568562e+00 1.337793e+00 2.474916e-01 1.304348e-01
35419: 1.713333e+00 1.570000e+00 1.340000e+00 2.466667e-01 1.300000e-01
35419: 1.710963e+00 1.568106e+00 1.342193e+00 2.491694e-01 1.295681e-01
35419: 1.708609e+00 1.569536e+00 1.344371e+00 2.483444e-01 1.291391e-01
35419: 1.709571e+00 1.567657e+00 1.346535e+00 2.475248e-01 1.287129e-01
35419: 1.707237e+00 1.569079e+00 1.345395e+00 2.500000e-01 1.282895e-01
35419: 1.704918e+00 1.570492e+00 1.347541e+00 2.491803e-01 1.278689e-01
35419: 1.709150e+00 1.565359e+00 1.349673e+00 2.483660e-01 1.274510e-01
35419: 1.706840e+00 1.570033e+00 1.348534e+00 2.475570e-01 1.270358e-01
35419: 1.707792e+00 1.564935e+00 1.350649e+00 2.500000e-01 1.266234e-01
35419: 1.711974e+00 1.563107e+00 1.349515e+00 2.491909e-01 1.262136e-01
35419: 1.709677e+00 1.561290e+00 1.354839e+00 2.483871e-01 1.258065e-01
35419: 1.713826e+00 1.559486e+00 1.353698e+00 2.475884e-01 1.254019e-01
35419: 1.711538e+00 1.560897e+00 1.352564e+00 2.467949e-01 1.282051e-01
35419: 1.709265e+00 1.562300e+00 1.354633e+00 2.460064e-01 1.277955e-01
35419: 1.707006e+00 1.563694e+00 1.353503e+00 2.484076e-01 1.273885e-01
35419: 1.711111e+00 1.561905e+00 1.352381e+00 2.476190e-01 1.269841e-01
35419: 1.708861e+00 1.560127e+00 1.357595e+00 2.468354e-01 1.265823e-01
35419: 1.709779e+00 1.561514e+00 1.356467e+00 2.460568e-01 1.261830e-01
35419: 1.710692e+00 1.559748e+00 1.358491e+00 2.452830e-01 1.257862e-01
35419: 1.711599e+00 1.564263e+00 1.354232e+00 2.445141e-01 1.253918e-01
35419: 1.709375e+00 1.565625e+00 1.356250e+00 2.437500e-01 1.250000e-01
35419: 1.707165e+00 1.566978e+00 1.358255e+00 2.429907e-01 1.246106e-01
35419: 1.708075e+00 1.565217e+00 1.357143e+00 2.453416e-01 1.242236e-01
35419: 1.708978e+00 1.563467e+00 1.359133e+00 2.445820e-01 1.238390e-01
35419: 1.712963e+00 1.561728e+00 1.358025e+00 2.438272e-01 1.234568e-01
35419: 1.710769e+00 1.560000e+00 1.363077e+00 2.430769e-01 1.230769e-01
35419: 1.711656e+00 1.558282e+00 1.365031e+00 2.423313e-01 1.226994e-01
35419: 1.715596e+00 1.556575e+00 1.363914e+00 2.415902e-01 1.223242e-01
35419: 1.716463e+00 1.554878e+00 1.362805e+00 2.439024e-01 1.219512e-01
35419: 1.717325e+00 1.553191e+00 1.364742e+00 2.431611e-01 1.215805e-01
35419: 1.715152e+00 1.554545e+00 1.363636e+00 2.424242e-01 1.242424e-01
35419: 1.712991e+00 1.558912e+00 1.362538e+00 2.416918e-01 1.238671e-01
35419: 1.710843e+00 1.557229e+00 1.364458e+00 2.439759e-01 1.234940e-01
35419: 1.711712e+00 1.555556e+00 1.363363e+00 2.462462e-01 1.231231e-01
35419: 1.709581e+00 1.553892e+00 1.365269e+00 2.485030e-01 1.227545e-01
35419: 1.707463e+00 1.558209e+00 1.364179e+00 2.477612e-01 1.223881e-01
35419: 1.711310e+00 1.559524e+00 1.360119e+00 2.470238e-01 1.220238e-01
35419: 1.712166e+00 1.557864e+00 1.359050e+00 2.492582e-01 1.216617e-01
35419: 1.710059e+00 1.562130e+00 1.355030e+00 2.514793e-01 1.213018e-01
35419: 1.707965e+00 1.563422e+00 1.356932e+00 2.507375e-01 1.209440e-01
35419: 1.705882e+00 1.567647e+00 1.355882e+00 2.500000e-01 1.205882e-01
35419: 1.703812e+00 1.568915e+00 1.354839e+00 2.521994e-01 1.202346e-01
35419: 1.701754e+00 1.567251e+00 1.356725e+00 2.543860e-01 1.198830e-01
35419: 1.699708e+00 1.565598e+00 1.355685e+00 2.594752e-01 1.195335e-01
35419: 1.700581e+00 1.569767e+00 1.351744e+00 2.587209e-01 1.191860e-01
35419: 1.698551e+00 1.571014e+00 1.353623e+00 2.579710e-01 1.188406e-01
35419: 1.699422e+00 1.569364e+00 1.355491e+00 2.572254e-01 1.184971e-01
35419: 1.697406e+00 1.573487e+00 1.354467e+00 2.564841e-01 1.181556e-01
35419: 1.695402e+00 1.571839e+00 1.356322e+00 2.586207e-01 1.178161e-01
35419: 1.693410e+00 1.567335e+00 1.361032e+00 2.607450e-01 1.174785e-01
35419: 1.691429e+00 1.574286e+00 1.357143e+00 2.600000e-01 1.171429e-01
35419: 1.689459e+00 1.572650e+00 1.361823e+00 2.592593e-01 1.168091e-01
35419: 1.693182e+00 1.571023e+00 1.360795e+00 2.585227e-01 1.164773e-01
35419: 1.691218e+00 1.569405e+00 1.365439e+00 2.577904e-01 1.161473e-01
35419: 1.692090e+00 1.567797e+00 1.367232e+00 2.570621e-01 1.158192e-01
35419: 1.692958e+00 1.569014e+00 1.366197e+00 2.563380e-01 1.154930e-01
35419: 1.691011e+00 1.567416e+00 1.367978e+00 2.556180e-01 1.179775e-01
35419: 1.689076e+00 1.568627e+00 1.369748e+00 2.549020e-01 1.176471e-01
35419: 1.687151e+00 1.569832e+00 1.371508e+00 2.541899e-01 1.173184e-01
35419: 1.685237e+00 1.571031e+00 1.370474e+00 2.534819e-01 1.197772e-01
35419: 1.683333e+00 1.566667e+00 1.375000e+00 2.555556e-01 1.194444e-01
35419: 1.684211e+00 1.567867e+00 1.373961e+00 2.548476e-01 1.191136e-01
35419: 1.682320e+00 1.569061e+00 1.375691e+00 2.541436e-01 1.187845e-01
35419: 1.680441e+00 1.567493e+00 1.374656e+00 2.589532e-01 1.184573e-01
35419: 1.681319e+00 1.568681e+00 1.373626e+00 2.582418e-01 1.181319e-01
35419: 1.684932e+00 1.567123e+00 1.372603e+00 2.575342e-01 1.178082e-01
35419: 1.685792e+00 1.565574e+00 1.374317e+00 2.568306e-01 1.174863e-01
35419: 1.689373e+00 1.564033e+00 1.373297e+00 2.561308e-01 1.171662e-01
35419: 1.690217e+00 1.565217e+00 1.372283e+00 2.554348e-01 1.168478e-01
35419: 1.691057e+00 1.566396e+00 1.371274e+00 2.547425e-01 1.165312e-01
35419: 1.689189e+00 1.567568e+00 1.372973e+00 2.540541e-01 1.162162e-01
35419: 1.690027e+00 1.566038e+00 1.371968e+00 2.560647e-01 1.159030e-01
35419: 1.690860e+00 1.564516e+00 1.373656e+00 2.553763e-01 1.155914e-01
35419: 1.691689e+00 1.563003e+00 1.372654e+00 2.546917e-01 1.179625e-01
35419: 1.689840e+00 1.564171e+00 1.371658e+00 2.540107e-01 1.203209e-01
35419: 1.690667e+00 1.562667e+00 1.373333e+00 2.533333e-01 1.200000e-01
35419: 1.688830e+00 1.563830e+00 1.372340e+00 2.553191e-01 1.196809e-01
35419: 1.687003e+00 1.564987e+00 1.371353e+00 2.572944e-01 1.193634e-01
35419: 1.687831e+00 1.568783e+00 1.367725e+00 2.566138e-01 1.190476e-01
35419: 1.688654e+00 1.569921e+00 1.366755e+00 2.559367e-01 1.187335e-01
35419: 1.686842e+00 1.571053e+00 1.368421e+00 2.552632e-01 1.184211e-01
35419: 1.685039e+00 1.569554e+00 1.372703e+00 2.545932e-01 1.181102e-01
35419: 1.683246e+00 1.570681e+00 1.374346e+00 2.539267e-01 1.178010e-01
35419: 1.684073e+00 1.566580e+00 1.375979e+00 2.558747e-01 1.174935e-01
35419: 1.684896e+00 1.565104e+00 1.377604e+00 2.552083e-01 1.171875e-01
35419: 1.685714e+00 1.563636e+00 1.376623e+00 2.545455e-01 1.194805e-01
35419: 1.683938e+00 1.564767e+00 1.378238e+00 2.538860e-01 1.191710e-01
35419: 1.682171e+00 1.568475e+00 1.377261e+00 2.532300e-01 1.188630e-01
35419: 1.682990e+00 1.572165e+00 1.373711e+00 2.525773e-01 1.185567e-01
35419: 1.681234e+00 1.570694e+00 1.377892e+00 2.519280e-01 1.182519e-01
35419: 1.679487e+00 1.569231e+00 1.382051e+00 2.512821e-01 1.179487e-01
35419: 1.677749e+00 1.570332e+00 1.383632e+00 2.506394e-01 1.176471e-01
35419: 1.681122e+00 1.566327e+00 1.385204e+00 2.500000e-01 1.173469e-01
35419: 1.681934e+00 1.569975e+00 1.381679e+00 2.493639e-01 1.170483e-01
35419: 1.685279e+00 1.568528e+00 1.380711e+00 2.487310e-01 1.167513e-01
35419: 1.686076e+00 1.567089e+00 1.379747e+00 2.506329e-01 1.164557e-01
35419: 1.684343e+00 1.565657e+00 1.381313e+00 2.525253e-01 1.161616e-01
35419: 1.685139e+00 1.569270e+00 1.377834e+00 2.518892e-01 1.158690e-01
35419: 1.685930e+00 1.572864e+00 1.374372e+00 2.512563e-01 1.155779e-01
35419: 1.686717e+00 1.571429e+00 1.375940e+00 2.506266e-01 1.152882e-01
35419: 1.687500e+00 1.570000e+00 1.377500e+00 2.500000e-01 1.150000e-01
35419: 1.685786e+00 1.568579e+00 1.381546e+00 2.493766e-01 1.147132e-01
35419: 1.684080e+00 1.569652e+00 1.380597e+00 2.512438e-01 1.144279e-01
35419: 1.682382e+00 1.568238e+00 1.382134e+00 2.531017e-01 1.141439e-01
35419: 1.680693e+00 1.566832e+00 1.383663e+00 2.549505e-01 1.138614e-01
35419: 1.683951e+00 1.565432e+00 1.382716e+00 2.543210e-01 1.135802e-01
35419: 1.684729e+00 1.564039e+00 1.381773e+00 2.536946e-01 1.157635e-01
35419: 1.683047e+00 1.565111e+00 1.380835e+00 2.555283e-01 1.154791e-01
35419: 1.681373e+00 1.563725e+00 1.379902e+00 2.598039e-01 1.151961e-01
35419: 1.682152e+00 1.564792e+00 1.378973e+00 2.591687e-01 1.149144e-01
35419: 1.682927e+00 1.563415e+00 1.380488e+00 2.585366e-01 1.146341e-01
35419: 1.681265e+00 1.564477e+00 1.381995e+00 2.579075e-01 1.143552e-01
35419: 1.682039e+00 1.563107e+00 1.381068e+00 2.597087e-01 1.140777e-01
35419: 1.680387e+00 1.566586e+00 1.377724e+00 2.590799e-01 1.162228e-01
35419: 1.681159e+00 1.565217e+00 1.376812e+00 2.608696e-01 1.159420e-01
35419: 1.679518e+00 1.571084e+00 1.373494e+00 2.602410e-01 1.156627e-01
35419: 1.680288e+00 1.569712e+00 1.375000e+00 2.596154e-01 1.153846e-01
35419: 1.681055e+00 1.568345e+00 1.374101e+00 2.613909e-01 1.151079e-01
35419: 1.679426e+00 1.569378e+00 1.375598e+00 2.607656e-01 1.148325e-01
35419: 1.677804e+00 1.570406e+00 1.377088e+00 2.601432e-01 1.145585e-01
35419: 1.676190e+00 1.569048e+00 1.378571e+00 2.595238e-01 1.166667e-01
35419: 1.674584e+00 1.570071e+00 1.377672e+00 2.589074e-01 1.187648e-01
35419: 1.675355e+00 1.568720e+00 1.379147e+00 2.582938e-01 1.184834e-01
35419: 1.676123e+00 1.567376e+00 1.380615e+00 2.576832e-01 1.182033e-01
35419: 1.676887e+00 1.566038e+00 1.379717e+00 2.570755e-01 1.202830e-01
35419: 1.675294e+00 1.569412e+00 1.378824e+00 2.564706e-01 1.200000e-01
35419: 1.673709e+00 1.572770e+00 1.377934e+00 2.558685e-01 1.197183e-01
35419: 1.674473e+00 1.569087e+00 1.381733e+00 2.552693e-01 1.194379e-01
35419: 1.672897e+00 1.572430e+00 1.380841e+00 2.546729e-01 1.191589e-01
35419: 1.671329e+00 1.568765e+00 1.382284e+00 2.564103e-01 1.212121e-01
35419: 1.669767e+00 1.569767e+00 1.383721e+00 2.558140e-01 1.209302e-01
35419: 1.670534e+00 1.568445e+00 1.385151e+00 2.552204e-01 1.206497e-01
35419: 1.668981e+00 1.569444e+00 1.386574e+00 2.546296e-01 1.203704e-01
35419: 1.667436e+00 1.570439e+00 1.387991e+00 2.540416e-01 1.200924e-01
35419: 1.665899e+00 1.566820e+00 1.391705e+00 2.557604e-01 1.198157e-01
35419: 1.666667e+00 1.567816e+00 1.390805e+00 2.551724e-01 1.195402e-01
35419: 1.667431e+00 1.566514e+00 1.389908e+00 2.568807e-01 1.192661e-01
35419: 1.665904e+00 1.565217e+00 1.393593e+00 2.562929e-01 1.189931e-01
35419: 1.666667e+00 1.566210e+00 1.392694e+00 2.557078e-01 1.187215e-01
35419: 1.667426e+00 1.569476e+00 1.389522e+00 2.551253e-01 1.184510e-01
35419: 1.668182e+00 1.568182e+00 1.390909e+00 2.545455e-01 1.181818e-01
35419: 1.668934e+00 1.569161e+00 1.390023e+00 2.539683e-01 1.179138e-01
35419: 1.667421e+00 1.570136e+00 1.389140e+00 2.556561e-01 1.176471e-01
35419: 1.665914e+00 1.566591e+00 1.392777e+00 2.550790e-01 1.196388e-01
35419: 1.664414e+00 1.567568e+00 1.391892e+00 2.567568e-01 1.193694e-01
35419: 1.662921e+00 1.566292e+00 1.391011e+00 2.584270e-01 1.213483e-01
35419: 1.661435e+00 1.565022e+00 1.392377e+00 2.600897e-01 1.210762e-01
35419: 1.659955e+00 1.565996e+00 1.393736e+00 2.595078e-01 1.208054e-01
35419: 1.660714e+00 1.564732e+00 1.395089e+00 2.589286e-01 1.205357e-01
35419: 1.661470e+00 1.563474e+00 1.396437e+00 2.583519e-01 1.202673e-01
35419: 1.664444e+00 1.562222e+00 1.395556e+00 2.577778e-01 1.200000e-01
35419: 1.665188e+00 1.560976e+00 1.396896e+00 2.572062e-01 1.197339e-01
35419: 1.665929e+00 1.559735e+00 1.398230e+00 2.566372e-01 1.194690e-01
35419: 1.664459e+00 1.560706e+00 1.397351e+00 2.582781e-01 1.192053e-01
35419: 1.662996e+00 1.563877e+00 1.396476e+00 2.577093e-01 1.189427e-01
35419: 1.661538e+00 1.564835e+00 1.397802e+00 2.571429e-01 1.186813e-01
35419: 1.660088e+00 1.563596e+00 1.401316e+00 2.565789e-01 1.184211e-01
35419: 1.658643e+00 1.564551e+00 1.402626e+00 2.560175e-01 1.181619e-01
35419: 1.659389e+00 1.565502e+00 1.401747e+00 2.554585e-01 1.179039e-01
35419: 1.657952e+00 1.568627e+00 1.400871e+00 2.549020e-01 1.176471e-01
35419: 1.660870e+00 1.567391e+00 1.400000e+00 2.543478e-01 1.173913e-01
35419: 1.661605e+00 1.568330e+00 1.399132e+00 2.537961e-01 1.171367e-01
35419: 1.660173e+00 1.571429e+00 1.398268e+00 2.532468e-01 1.168831e-01
35419: 1.660907e+00 1.570194e+00 1.399568e+00 2.526998e-01 1.166307e-01
35419: 1.661638e+00 1.568966e+00 1.400862e+00 2.521552e-01 1.163793e-01
35419: 1.662366e+00 1.567742e+00 1.400000e+00 2.537634e-01 1.161290e-01
35419: 1.660944e+00 1.568670e+00 1.399142e+00 2.553648e-01 1.158798e-01
35419: 1.659529e+00 1.567452e+00 1.400428e+00 2.569593e-01 1.156317e-01
35419: 1.660256e+00 1.570513e+00 1.397436e+00 2.564103e-01 1.153846e-01
35419: 1.660981e+00 1.569296e+00 1.398721e+00 2.558635e-01 1.151386e-01
35419: 1.659574e+00 1.568085e+00 1.400000e+00 2.553191e-01 1.170213e-01
35419: 1.660297e+00 1.569002e+00 1.399151e+00 2.547771e-01 1.167728e-01
35419: 1.658898e+00 1.567797e+00 1.402542e+00 2.542373e-01 1.165254e-01
35419: 1.657505e+00 1.570825e+00 1.401691e+00 2.536998e-01 1.162791e-01
35419: 1.656118e+00 1.569620e+00 1.400844e+00 2.573840e-01 1.160338e-01
35419: 1.656842e+00 1.570526e+00 1.400000e+00 2.568421e-01 1.157895e-01
35419: 1.655462e+00 1.567227e+00 1.403361e+00 2.584034e-01 1.155462e-01
35419: 1.654088e+00 1.568134e+00 1.404612e+00 2.578616e-01 1.153040e-01
35419: 1.652720e+00 1.571130e+00 1.403766e+00 2.573222e-01 1.150628e-01
35419: 1.651357e+00 1.567850e+00 1.407098e+00 2.567850e-01 1.169102e-01
35419: 1.652083e+00 1.566667e+00 1.406250e+00 2.583333e-01 1.166667e-01
35419: 1.650728e+00 1.565489e+00 1.407484e+00 2.577963e-01 1.185031e-01
35419: 1.651452e+00 1.564315e+00 1.406639e+00 2.593361e-01 1.182573e-01
35419: 1.650104e+00 1.563147e+00 1.409938e+00 2.587992e-01 1.180124e-01
35419: 1.650826e+00 1.566116e+00 1.407025e+00 2.582645e-01 1.177686e-01
35419: 1.651546e+00 1.567010e+00 1.404124e+00 2.597938e-01 1.175258e-01
35419: 1.652263e+00 1.565844e+00 1.403292e+00 2.592593e-01 1.193416e-01
35419: 1.650924e+00 1.564682e+00 1.406571e+00 2.587269e-01 1.190965e-01
35419: 1.649590e+00 1.565574e+00 1.407787e+00 2.581967e-01 1.188525e-01
35419: 1.648262e+00 1.570552e+00 1.404908e+00 2.576687e-01 1.186094e-01
35419: 1.651020e+00 1.569388e+00 1.404082e+00 2.571429e-01 1.183673e-01
35419: 1.649695e+00 1.568228e+00 1.407332e+00 2.566191e-01 1.181263e-01
35419: 1.650407e+00 1.569106e+00 1.406504e+00 2.560976e-01 1.178862e-01
35419: 1.651116e+00 1.569980e+00 1.403651e+00 2.555781e-01 1.196755e-01
35419: 1.651822e+00 1.572874e+00 1.400810e+00 2.550607e-01 1.194332e-01
35419: 1.652525e+00 1.571717e+00 1.402020e+00 2.545455e-01 1.191919e-01
35419: 1.653226e+00 1.570565e+00 1.403226e+00 2.540323e-01 1.189516e-01
35419: 1.653924e+00 1.569416e+00 1.404427e+00 2.535211e-01 1.187123e-01
35419: 1.652610e+00 1.568273e+00 1.405622e+00 2.530120e-01 1.204819e-01
35419: 1.651303e+00 1.571142e+00 1.404810e+00 2.525050e-01 1.202405e-01
35419: 1.650000e+00 1.570000e+00 1.406000e+00 2.520000e-01 1.220000e-01
35419: 1.648703e+00 1.566866e+00 1.409182e+00 2.534930e-01 1.217565e-01
35419: 1.647410e+00 1.569721e+00 1.408367e+00 2.529880e-01 1.215139e-01
35419: 1.646123e+00 1.570577e+00 1.409543e+00 2.524851e-01 1.212724e-01
35419: 1.644841e+00 1.567460e+00 1.414683e+00 2.519841e-01 1.210317e-01
35419: 1.643564e+00 1.566337e+00 1.415842e+00 2.534653e-01 1.207921e-01
35419: 1.644269e+00 1.567194e+00 1.415020e+00 2.529644e-01 1.205534e-01
35419: 1.644970e+00 1.568047e+00 1.414201e+00 2.524655e-01 1.203156e-01
35419: 1.643701e+00 1.568898e+00 1.413386e+00 2.519685e-01 1.220472e-01
35419: 1.644401e+00 1.567780e+00 1.414538e+00 2.514735e-01 1.218075e-01
35419: 1.645098e+00 1.566667e+00 1.415686e+00 2.509804e-01 1.215686e-01
35419: 1.643836e+00 1.567515e+00 1.414873e+00 2.524462e-01 1.213307e-01
35419: 1.642578e+00 1.568359e+00 1.414062e+00 2.519531e-01 1.230469e-01
35419: 1.641326e+00 1.569201e+00 1.413255e+00 2.514620e-01 1.247563e-01
35419: 1.640078e+00 1.570039e+00 1.414397e+00 2.509728e-01 1.245136e-01
35419: 1.642718e+00 1.566990e+00 1.415534e+00 2.504854e-01 1.242718e-01
35419: 1.643411e+00 1.567829e+00 1.414729e+00 2.500000e-01 1.240310e-01
35419: 1.644101e+00 1.568665e+00 1.411992e+00 2.495164e-01 1.257253e-01
35419: 1.644788e+00 1.569498e+00 1.411197e+00 2.490347e-01 1.254826e-01
35419: 1.643545e+00 1.570328e+00 1.408478e+00 2.524085e-01 1.252408e-01
35419: 1.642308e+00 1.567308e+00 1.413462e+00 2.519231e-01 1.250000e-01
35419: 1.641075e+00 1.570058e+00 1.412668e+00 2.514395e-01 1.247601e-01
35419: 1.641762e+00 1.568966e+00 1.411877e+00 2.509579e-01 1.264368e-01
35419: 1.640535e+00 1.569790e+00 1.409178e+00 2.543021e-01 1.261950e-01
35419: 1.639313e+00 1.568702e+00 1.412214e+00 2.538168e-01 1.259542e-01
35419: 1.638095e+00 1.567619e+00 1.415238e+00 2.533333e-01 1.257143e-01
35419: 1.636882e+00 1.566540e+00 1.416350e+00 2.547529e-01 1.254753e-01
35419: 1.637571e+00 1.565465e+00 1.415560e+00 2.561670e-01 1.252372e-01
35419: 1.638258e+00 1.566288e+00 1.414773e+00 2.556818e-01 1.250000e-01
35419: 1.638941e+00 1.568998e+00 1.412098e+00 2.551985e-01 1.247637e-01
35419: 1.637736e+00 1.569811e+00 1.411321e+00 2.566038e-01 1.245283e-01
35419: 1.636535e+00 1.570621e+00 1.410546e+00 2.580038e-01 1.242938e-01
35419: 1.635338e+00 1.567669e+00 1.413534e+00 2.593985e-01 1.240602e-01
35419: 1.636023e+00 1.566604e+00 1.412758e+00 2.607880e-01 1.238274e-01
35419: 1.634831e+00 1.565543e+00 1.411985e+00 2.602996e-01 1.273408e-01
35419: 1.633645e+00 1.564486e+00 1.411215e+00 2.616822e-01 1.289720e-01
35419: 1.632463e+00 1.565299e+00 1.410448e+00 2.611940e-01 1.305970e-01
35419: 1.633147e+00 1.566108e+00 1.407821e+00 2.607076e-01 1.322160e-01
35419: 1.633829e+00 1.566914e+00 1.407063e+00 2.602230e-01 1.319703e-01
35419: 1.634508e+00 1.565863e+00 1.408163e+00 2.597403e-01 1.317254e-01
35419: 1.633333e+00 1.570370e+00 1.405556e+00 2.592593e-01 1.314815e-01
35419: 1.634011e+00 1.569316e+00 1.406654e+00 2.587800e-01 1.312384e-01
35419: 1.632841e+00 1.568266e+00 1.409594e+00 2.583026e-01 1.309963e-01
35419: 1.631676e+00 1.567219e+00 1.412523e+00 2.578269e-01 1.307551e-01
35419: 1.632353e+00 1.566176e+00 1.411765e+00 2.591912e-01 1.305147e-01
35419: 1.633028e+00 1.565138e+00 1.412844e+00 2.587156e-01 1.302752e-01
35419: 1.631868e+00 1.565934e+00 1.413919e+00 2.582418e-01 1.300366e-01
35419: 1.630713e+00 1.566728e+00 1.414991e+00 2.577697e-01 1.297989e-01
35419: 1.631387e+00 1.567518e+00 1.412409e+00 2.591241e-01 1.295620e-01
35419: 1.632058e+00 1.568306e+00 1.411658e+00 2.586521e-01 1.293260e-01
35419: 1.632727e+00 1.569091e+00 1.409091e+00 2.581818e-01 1.309091e-01
35419: 1.631579e+00 1.571688e+00 1.408348e+00 2.577132e-01 1.306715e-01
35419: 1.632246e+00 1.568841e+00 1.409420e+00 2.590580e-01 1.304348e-01
35419: 1.632911e+00 1.569620e+00 1.408680e+00 2.585895e-01 1.301989e-01
35419: 1.631769e+00 1.570397e+00 1.409747e+00 2.581227e-01 1.299639e-01
35419: 1.632432e+00 1.567568e+00 1.412613e+00 2.576577e-01 1.297297e-01
35419: 1.633094e+00 1.568345e+00 1.411871e+00 2.571942e-01 1.294964e-01
35419: 1.633752e+00 1.569120e+00 1.411131e+00 2.567325e-01 1.292639e-01
35419: 1.632616e+00 1.569892e+00 1.410394e+00 2.562724e-01 1.308244e-01
35419: 1.633274e+00 1.570662e+00 1.409660e+00 2.558140e-01 1.305903e-01
35419: 1.632143e+00 1.567857e+00 1.412500e+00 2.571429e-01 1.303571e-01
35419: 1.632799e+00 1.566845e+00 1.411765e+00 2.584670e-01 1.301248e-01
35419: 1.631673e+00 1.567616e+00 1.411032e+00 2.597865e-01 1.298932e-01
35419: 1.632327e+00 1.566607e+00 1.410302e+00 2.593250e-01 1.314387e-01
35419: 1.631206e+00 1.565603e+00 1.411348e+00 2.606383e-01 1.312057e-01
35419: 1.630088e+00 1.568142e+00 1.410619e+00 2.601770e-01 1.309735e-01
35419: 1.630742e+00 1.567138e+00 1.411661e+00 2.597173e-01 1.307420e-01
35419: 1.629630e+00 1.566138e+00 1.412698e+00 2.610229e-01 1.305115e-01
35419: 1.628521e+00 1.568662e+00 1.411972e+00 2.605634e-01 1.302817e-01
35419: 1.627417e+00 1.569420e+00 1.411248e+00 2.618629e-01 1.300527e-01
35419: 1.628070e+00 1.568421e+00 1.410526e+00 2.614035e-01 1.315789e-01
35419: 1.626970e+00 1.567426e+00 1.411559e+00 2.626970e-01 1.313485e-01
35419: 1.627622e+00 1.566434e+00 1.410839e+00 2.639860e-01 1.311189e-01
35419: 1.626527e+00 1.567190e+00 1.411867e+00 2.635253e-01 1.308901e-01
35419: 1.627178e+00 1.567944e+00 1.411150e+00 2.630662e-01 1.306620e-01
35419: 1.627826e+00 1.568696e+00 1.410435e+00 2.626087e-01 1.304348e-01
35419: 1.626736e+00 1.569444e+00 1.411458e+00 2.621528e-01 1.302083e-01
35419: 1.627383e+00 1.571924e+00 1.409012e+00 2.616984e-01 1.299827e-01
35419: 1.626298e+00 1.569204e+00 1.411765e+00 2.612457e-01 1.314879e-01
35419: 1.625216e+00 1.569948e+00 1.412781e+00 2.607945e-01 1.312608e-01
35419: 1.625862e+00 1.570690e+00 1.412069e+00 2.603448e-01 1.310345e-01
35419: 1.628227e+00 1.567986e+00 1.413081e+00 2.598967e-01 1.308090e-01
35419: 1.627148e+00 1.567010e+00 1.414089e+00 2.611684e-01 1.305842e-01
35419: 1.626072e+00 1.567753e+00 1.413379e+00 2.607204e-01 1.320755e-01
35419: 1.626712e+00 1.568493e+00 1.412671e+00 2.602740e-01 1.318493e-01
35419: 1.627350e+00 1.567521e+00 1.413675e+00 2.598291e-01 1.316239e-01
35419: 1.629693e+00 1.566553e+00 1.412969e+00 2.593857e-01 1.313993e-01
35419: 1.630324e+00 1.565588e+00 1.413969e+00 2.589438e-01 1.311755e-01
35419: 1.632653e+00 1.564626e+00 1.413265e+00 2.585034e-01 1.309524e-01
35419: 1.631579e+00 1.565365e+00 1.414261e+00 2.580645e-01 1.307301e-01
35419: 1.630508e+00 1.564407e+00 1.413559e+00 2.593220e-01 1.322034e-01
35419: 1.631134e+00 1.563452e+00 1.414552e+00 2.588832e-01 1.319797e-01
35419: 1.633446e+00 1.562500e+00 1.413851e+00 2.584459e-01 1.317568e-01
35419: 1.634064e+00 1.563238e+00 1.411467e+00 2.596965e-01 1.315346e-01
35419: 1.634680e+00 1.563973e+00 1.409091e+00 2.609428e-01 1.313131e-01
35419: 1.635294e+00 1.564706e+00 1.408403e+00 2.605042e-01 1.310924e-01
35419: 1.635906e+00 1.563758e+00 1.409396e+00 2.600671e-01 1.308725e-01
35419: 1.634841e+00 1.564489e+00 1.410385e+00 2.596315e-01 1.306533e-01
35419: 1.635452e+00 1.563545e+00 1.409699e+00 2.608696e-01 1.304348e-01
35419: 1.636060e+00 1.562604e+00 1.410684e+00 2.604341e-01 1.302170e-01
35419: 1.638333e+00 1.561667e+00 1.410000e+00 2.600000e-01 1.300000e-01
35419: 1.637271e+00 1.564060e+00 1.409318e+00 2.595674e-01 1.297837e-01
35419: 1.636213e+00 1.563123e+00 1.410299e+00 2.607973e-01 1.295681e-01
35419: 1.638474e+00 1.563847e+00 1.407960e+00 2.603648e-01 1.293532e-01
35419: 1.637417e+00 1.564570e+00 1.407285e+00 2.615894e-01 1.291391e-01
35419: 1.638017e+00 1.565289e+00 1.406612e+00 2.611570e-01 1.289256e-01
35419: 1.638614e+00 1.564356e+00 1.405941e+00 2.623762e-01 1.287129e-01
35419: 1.639209e+00 1.565074e+00 1.405272e+00 2.619440e-01 1.285008e-01
35419: 1.639803e+00 1.567434e+00 1.402961e+00 2.615132e-01 1.282895e-01
35419: 1.638752e+00 1.566502e+00 1.405583e+00 2.610837e-01 1.280788e-01
35419: 1.639344e+00 1.565574e+00 1.404918e+00 2.622951e-01 1.278689e-01
35419: 1.638298e+00 1.564648e+00 1.405892e+00 2.635025e-01 1.276596e-01
35419: 1.638889e+00 1.565359e+00 1.405229e+00 2.630719e-01 1.274510e-01
35419: 1.639478e+00 1.564437e+00 1.404568e+00 2.642741e-01 1.272431e-01
35419: 1.638436e+00 1.565147e+00 1.405537e+00 2.638436e-01 1.270358e-01
35419: 1.637398e+00 1.565854e+00 1.404878e+00 2.650407e-01 1.268293e-01
35419: 1.639610e+00 1.564935e+00 1.404221e+00 2.646104e-01 1.266234e-01
35419: 1.640194e+00 1.565640e+00 1.403566e+00 2.641815e-01 1.264182e-01
35419: 1.640777e+00 1.564725e+00 1.404531e+00 2.637540e-01 1.262136e-01
35419: 1.642973e+00 1.563813e+00 1.403877e+00 2.633279e-01 1.260097e-01
35419: 1.643548e+00 1.562903e+00 1.404839e+00 2.629032e-01 1.258065e-01
35419: 1.644122e+00 1.561997e+00 1.405797e+00 2.624799e-01 1.256039e-01
35419: 1.643087e+00 1.561093e+00 1.408360e+00 2.620579e-01 1.254019e-01
35419: 1.642055e+00 1.561798e+00 1.409310e+00 2.616372e-01 1.252006e-01
35419: 1.641026e+00 1.562500e+00 1.408654e+00 2.628205e-01 1.250000e-01
35419: 1.640000e+00 1.563200e+00 1.409600e+00 2.624000e-01 1.248000e-01
35419: 1.638978e+00 1.562300e+00 1.412141e+00 2.619808e-01 1.246006e-01
35419: 1.637959e+00 1.561404e+00 1.413078e+00 2.615630e-01 1.259968e-01
35419: 1.636943e+00 1.562102e+00 1.412420e+00 2.627389e-01 1.257962e-01
35419: 1.635930e+00 1.562798e+00 1.411765e+00 2.639110e-01 1.255962e-01
35419: 1.634921e+00 1.565079e+00 1.411111e+00 2.634921e-01 1.253968e-01
35419: 1.635499e+00 1.564184e+00 1.410460e+00 2.630745e-01 1.267829e-01
35419: 1.634494e+00 1.564873e+00 1.411392e+00 2.626582e-01 1.265823e-01
35419: 1.635071e+00 1.565561e+00 1.410742e+00 2.622433e-01 1.263823e-01
35419: 1.634069e+00 1.564669e+00 1.413249e+00 2.618297e-01 1.261830e-01
35419: 1.634646e+00 1.563780e+00 1.414173e+00 2.614173e-01 1.259843e-01
35419: 1.635220e+00 1.564465e+00 1.413522e+00 2.610063e-01 1.257862e-01
35419: 1.634223e+00 1.565149e+00 1.414443e+00 2.605965e-01 1.255887e-01
35419: 1.634796e+00 1.564263e+00 1.413793e+00 2.617555e-01 1.253918e-01
35419: 1.633803e+00 1.563380e+00 1.416275e+00 2.613459e-01 1.251956e-01
35419: 1.632812e+00 1.562500e+00 1.417188e+00 2.625000e-01 1.250000e-01
35419: 1.631825e+00 1.563183e+00 1.418097e+00 2.620905e-01 1.248050e-01
35419: 1.632399e+00 1.562305e+00 1.419003e+00 2.616822e-01 1.246106e-01
35419: 1.631415e+00 1.561431e+00 1.418351e+00 2.643857e-01 1.244168e-01
35419: 1.631988e+00 1.563665e+00 1.416149e+00 2.639752e-01 1.242236e-01
35419: 1.631008e+00 1.562791e+00 1.417054e+00 2.651163e-01 1.240310e-01
35419: 1.631579e+00 1.565015e+00 1.414861e+00 2.647059e-01 1.238390e-01
35419: 1.632148e+00 1.564142e+00 1.414219e+00 2.658423e-01 1.236476e-01
35419: 1.631173e+00 1.566358e+00 1.413580e+00 2.654321e-01 1.234568e-01
35419: 1.630200e+00 1.567026e+00 1.414484e+00 2.650231e-01 1.232666e-01
35419: 1.632308e+00 1.566154e+00 1.413846e+00 2.646154e-01 1.230769e-01
35419: 1.631336e+00 1.565284e+00 1.416283e+00 2.642089e-01 1.228879e-01
35419: 1.631902e+00 1.565951e+00 1.415644e+00 2.638037e-01 1.226994e-01
35419: 1.630934e+00 1.566616e+00 1.416539e+00 2.633997e-01 1.225115e-01
35419: 1.631498e+00 1.567278e+00 1.415902e+00 2.629969e-01 1.223242e-01
35419: 1.632061e+00 1.567939e+00 1.415267e+00 2.625954e-01 1.221374e-01
35419: 1.631098e+00 1.567073e+00 1.414634e+00 2.652439e-01 1.219512e-01
35419: 1.630137e+00 1.566210e+00 1.414003e+00 2.678843e-01 1.217656e-01
35419: 1.629179e+00 1.568389e+00 1.411854e+00 2.689970e-01 1.215805e-01
35419: 1.628225e+00 1.570561e+00 1.411229e+00 2.685888e-01 1.213961e-01
35419: 1.628788e+00 1.571212e+00 1.410606e+00 2.681818e-01 1.212121e-01
35419: 1.627837e+00 1.570348e+00 1.411498e+00 2.692890e-01 1.210287e-01
35419: 1.628399e+00 1.567976e+00 1.412387e+00 2.703927e-01 1.208459e-01
35419: 1.630468e+00 1.567119e+00 1.411765e+00 2.699849e-01 1.206637e-01
35419: 1.631024e+00 1.566265e+00 1.412651e+00 2.695783e-01 1.204819e-01
35419: 1.630075e+00 1.566917e+00 1.413534e+00 2.691729e-01 1.203008e-01
35419: 1.630631e+00 1.567568e+00 1.412913e+00 2.687688e-01 1.201201e-01
35419: 1.629685e+00 1.568216e+00 1.413793e+00 2.683658e-01 1.199400e-01
35419: 1.630240e+00 1.568862e+00 1.413174e+00 2.679641e-01 1.197605e-01
35419: 1.630792e+00 1.568012e+00 1.414051e+00 2.675635e-01 1.195815e-01
35419: 1.629851e+00 1.570149e+00 1.413433e+00 2.671642e-01 1.194030e-01
35419: 1.628912e+00 1.570790e+00 1.414307e+00 2.667660e-01 1.192250e-01
35419: 1.627976e+00 1.568452e+00 1.416667e+00 2.678571e-01 1.190476e-01
35419: 1.627043e+00 1.569094e+00 1.416048e+00 2.689450e-01 1.188707e-01
35419: 1.627596e+00 1.568249e+00 1.416914e+00 2.685460e-01 1.186944e-01
35419: 1.628148e+00 1.568889e+00 1.414815e+00 2.681481e-01 1.200000e-01
35419: 1.627219e+00 1.568047e+00 1.415680e+00 2.692308e-01 1.198225e-01
35419: 1.626292e+00 1.568685e+00 1.416544e+00 2.688331e-01 1.196455e-01
35419: 1.625369e+00 1.570796e+00 1.415929e+00 2.684366e-01 1.194690e-01
35419: 1.624448e+00 1.568483e+00 1.418262e+00 2.680412e-01 1.207658e-01
35419: 1.623529e+00 1.567647e+00 1.420588e+00 2.676471e-01 1.205882e-01
35419: 1.622614e+00 1.568282e+00 1.419971e+00 2.687225e-01 1.204112e-01
35419: 1.621701e+00 1.567449e+00 1.420821e+00 2.697947e-01 1.202346e-01
35419: 1.620791e+00 1.568082e+00 1.421669e+00 2.693997e-01 1.200586e-01
35419: 1.619883e+00 1.567251e+00 1.422515e+00 2.690058e-01 1.213450e-01
35419: 1.618978e+00 1.567883e+00 1.421898e+00 2.700730e-01 1.211679e-01
35419: 1.618076e+00 1.567055e+00 1.422741e+00 2.711370e-01 1.209913e-01
35419: 1.618632e+00 1.569141e+00 1.420670e+00 2.707424e-01 1.208151e-01
35419: 1.617733e+00 1.571221e+00 1.420058e+00 2.703488e-01 1.206395e-01
35419: 1.618287e+00 1.568940e+00 1.420900e+00 2.714078e-01 1.204644e-01
35419: 1.617391e+00 1.568116e+00 1.421739e+00 2.724638e-01 1.202899e-01
35419: 1.617945e+00 1.568741e+00 1.421129e+00 2.720695e-01 1.201158e-01
35419: 1.617052e+00 1.570809e+00 1.420520e+00 2.716763e-01 1.199422e-01
35419: 1.616162e+00 1.568543e+00 1.422799e+00 2.712843e-01 1.212121e-01
35419: 1.615274e+00 1.567723e+00 1.423631e+00 2.723343e-01 1.210375e-01
35419: 1.614388e+00 1.569784e+00 1.423022e+00 2.719424e-01 1.208633e-01
35419: 1.616379e+00 1.568966e+00 1.422414e+00 2.715517e-01 1.206897e-01
35419: 1.615495e+00 1.571019e+00 1.421808e+00 2.711621e-01 1.205165e-01
35419: 1.616046e+00 1.568768e+00 1.424069e+00 2.707736e-01 1.203438e-01
35419: 1.616595e+00 1.569385e+00 1.423462e+00 2.703863e-01 1.201717e-01
35419: 1.615714e+00 1.568571e+00 1.425714e+00 2.700000e-01 1.200000e-01
35419: 1.614836e+00 1.569187e+00 1.425107e+00 2.710414e-01 1.198288e-01
35419: 1.613960e+00 1.569801e+00 1.424501e+00 2.720798e-01 1.196581e-01
35419: 1.613087e+00 1.568990e+00 1.426743e+00 2.716927e-01 1.194879e-01
35419: 1.612216e+00 1.569602e+00 1.427557e+00 2.713068e-01 1.193182e-01
35419: 1.611348e+00 1.570213e+00 1.426950e+00 2.723404e-01 1.191489e-01
35419: 1.611898e+00 1.569405e+00 1.427762e+00 2.719547e-01 1.189802e-01
35419: 1.611033e+00 1.571429e+00 1.425743e+00 2.729844e-01 1.188119e-01
35419: 1.611582e+00 1.570621e+00 1.426554e+00 2.725989e-01 1.186441e-01
35419: 1.610719e+00 1.571227e+00 1.427362e+00 2.722144e-01 1.184767e-01
35419: 1.609859e+00 1.570423e+00 1.428169e+00 2.732394e-01 1.183099e-01
35419: 1.610408e+00 1.568214e+00 1.430380e+00 2.728551e-01 1.181435e-01
35419: 1.610955e+00 1.567416e+00 1.431180e+00 2.724719e-01 1.179775e-01
35419: 1.610098e+00 1.568022e+00 1.431978e+00 2.720898e-01 1.178121e-01
35419: 1.609244e+00 1.568627e+00 1.432773e+00 2.717087e-01 1.176471e-01
35419: 1.609790e+00 1.567832e+00 1.433566e+00 2.713287e-01 1.174825e-01
35419: 1.608939e+00 1.568436e+00 1.432961e+00 2.723464e-01 1.173184e-01
35419: 1.608089e+00 1.569038e+00 1.432357e+00 2.733612e-01 1.171548e-01
35419: 1.607242e+00 1.568245e+00 1.433148e+00 2.743733e-01 1.169916e-01
35419: 1.607789e+00 1.567455e+00 1.433936e+00 2.739917e-01 1.168289e-01
35419: 1.608333e+00 1.568056e+00 1.433333e+00 2.736111e-01 1.166667e-01
35419: 1.608877e+00 1.567268e+00 1.432732e+00 2.746186e-01 1.165049e-01
35419: 1.608033e+00 1.566482e+00 1.434903e+00 2.742382e-01 1.163435e-01
35419: 1.607192e+00 1.565698e+00 1.437068e+00 2.738589e-01 1.161826e-01
35419: 1.606354e+00 1.566298e+00 1.437845e+00 2.734807e-01 1.160221e-01
35419: 1.608276e+00 1.565517e+00 1.437241e+00 2.731034e-01 1.158621e-01
35419: 1.608815e+00 1.564738e+00 1.438017e+00 2.727273e-01 1.157025e-01
35419: 1.607978e+00 1.565337e+00 1.437414e+00 2.737276e-01 1.155433e-01
35419: 1.608516e+00 1.565934e+00 1.435440e+00 2.747253e-01 1.153846e-01
35419: 1.607682e+00 1.566529e+00 1.434842e+00 2.757202e-01 1.152263e-01
35419: 1.606849e+00 1.567123e+00 1.435616e+00 2.753425e-01 1.150685e-01
35419: 1.606019e+00 1.566347e+00 1.436389e+00 2.763338e-01 1.149111e-01
35419: 1.605191e+00 1.568306e+00 1.435792e+00 2.759563e-01 1.147541e-01
35419: 1.605730e+00 1.568895e+00 1.435198e+00 2.755798e-01 1.145975e-01
35419: 1.606267e+00 1.569482e+00 1.433243e+00 2.765668e-01 1.144414e-01
35419: 1.605442e+00 1.568707e+00 1.434014e+00 2.761905e-01 1.156463e-01
35419: 1.605978e+00 1.570652e+00 1.432065e+00 2.758152e-01 1.154891e-01
35419: 1.606513e+00 1.569878e+00 1.432836e+00 2.754410e-01 1.153324e-01
35419: 1.605691e+00 1.570461e+00 1.432249e+00 2.764228e-01 1.151762e-01
35419: 1.606225e+00 1.568336e+00 1.433018e+00 2.774019e-01 1.150203e-01
35419: 1.606757e+00 1.568919e+00 1.432432e+00 2.770270e-01 1.148649e-01
35419: 1.605938e+00 1.570850e+00 1.430499e+00 2.780027e-01 1.147099e-01
35419: 1.606469e+00 1.568733e+00 1.432615e+00 2.776280e-01 1.145553e-01
35419: 1.605653e+00 1.569314e+00 1.432032e+00 2.786003e-01 1.144011e-01
35419: 1.606183e+00 1.568548e+00 1.432796e+00 2.782258e-01 1.142473e-01
35419: 1.605369e+00 1.569128e+00 1.433557e+00 2.778523e-01 1.140940e-01
35419: 1.604558e+00 1.569705e+00 1.432976e+00 2.788204e-01 1.139410e-01
35419: 1.605087e+00 1.570281e+00 1.432396e+00 2.784471e-01 1.137885e-01
35419: 1.604278e+00 1.570856e+00 1.433155e+00 2.780749e-01 1.136364e-01
35419: 1.603471e+00 1.568758e+00 1.436582e+00 2.777036e-01 1.134846e-01
35419: 1.604000e+00 1.569333e+00 1.436000e+00 2.773333e-01 1.133333e-01
35419: 1.604527e+00 1.568575e+00 1.436751e+00 2.769640e-01 1.131824e-01
35419: 1.605053e+00 1.567819e+00 1.437500e+00 2.765957e-01 1.130319e-01
35419: 1.605578e+00 1.567065e+00 1.438247e+00 2.762284e-01 1.128818e-01
35419: 1.606101e+00 1.566313e+00 1.437666e+00 2.771883e-01 1.127321e-01
35419: 1.605298e+00 1.566887e+00 1.437086e+00 2.781457e-01 1.125828e-01
35419: 1.604497e+00 1.568783e+00 1.436508e+00 2.777778e-01 1.124339e-01
35419: 1.605020e+00 1.569353e+00 1.435931e+00 2.774108e-01 1.122853e-01
35419: 1.606860e+00 1.568602e+00 1.435356e+00 2.770449e-01 1.121372e-01
35419: 1.607378e+00 1.567852e+00 1.434783e+00 2.766798e-01 1.133070e-01
35419: 1.606579e+00 1.569737e+00 1.432895e+00 2.776316e-01 1.131579e-01
35419: 1.607096e+00 1.568988e+00 1.432326e+00 2.785808e-01 1.130092e-01
35419: 1.606299e+00 1.568241e+00 1.431759e+00 2.808399e-01 1.128609e-01
35419: 1.606815e+00 1.567497e+00 1.431193e+00 2.817824e-01 1.127130e-01
35419: 1.607330e+00 1.569372e+00 1.429319e+00 2.814136e-01 1.125654e-01
35419: 1.607843e+00 1.569935e+00 1.428758e+00 2.810458e-01 1.124183e-01
35419: 1.607050e+00 1.569191e+00 1.429504e+00 2.819843e-01 1.122715e-01
35419: 1.607562e+00 1.569752e+00 1.428944e+00 2.816167e-01 1.121252e-01
35419: 1.608073e+00 1.570312e+00 1.428385e+00 2.812500e-01 1.119792e-01
35419: 1.607282e+00 1.569571e+00 1.429129e+00 2.821847e-01 1.118336e-01
35419: 1.607792e+00 1.570130e+00 1.427273e+00 2.831169e-01 1.116883e-01
35419: 1.607004e+00 1.568093e+00 1.428016e+00 2.853437e-01 1.115435e-01
35419: 1.607513e+00 1.567358e+00 1.427461e+00 2.862694e-01 1.113990e-01
35419: 1.606727e+00 1.566624e+00 1.426908e+00 2.884864e-01 1.112549e-01
35419: 1.607235e+00 1.565891e+00 1.427649e+00 2.881137e-01 1.111111e-01
35419: 1.606452e+00 1.566452e+00 1.428387e+00 2.877419e-01 1.109677e-01
35419: 1.605670e+00 1.565722e+00 1.429124e+00 2.873711e-01 1.121134e-01
35419: 1.606178e+00 1.564994e+00 1.429858e+00 2.870013e-01 1.119691e-01
35419: 1.606684e+00 1.564267e+00 1.429306e+00 2.866324e-01 1.131105e-01
35419: 1.607189e+00 1.563543e+00 1.430039e+00 2.862644e-01 1.129653e-01
35419: 1.607692e+00 1.562821e+00 1.429487e+00 2.871795e-01 1.128205e-01
35419: 1.606914e+00 1.563380e+00 1.428937e+00 2.880922e-01 1.126761e-01
35419: 1.606138e+00 1.565217e+00 1.427110e+00 2.890026e-01 1.125320e-01
35419: 1.606641e+00 1.565773e+00 1.426564e+00 2.886335e-01 1.123883e-01
35419: 1.605867e+00 1.565051e+00 1.427296e+00 2.895408e-01 1.122449e-01
35419: 1.606369e+00 1.564331e+00 1.426752e+00 2.891720e-01 1.133758e-01
35419: 1.605598e+00 1.563613e+00 1.427481e+00 2.900763e-01 1.132316e-01
35419: 1.604828e+00 1.562897e+00 1.429479e+00 2.897078e-01 1.130877e-01
35419: 1.604061e+00 1.563452e+00 1.430203e+00 2.893401e-01 1.129442e-01
35419: 1.603295e+00 1.564005e+00 1.430925e+00 2.889734e-01 1.128010e-01
35419: 1.602532e+00 1.565823e+00 1.430380e+00 2.886076e-01 1.126582e-01
35419: 1.601770e+00 1.565107e+00 1.432364e+00 2.882427e-01 1.125158e-01
35419: 1.601010e+00 1.564394e+00 1.433081e+00 2.891414e-01 1.123737e-01
35419: 1.601513e+00 1.563682e+00 1.432535e+00 2.900378e-01 1.122320e-01
35419: 1.600756e+00 1.562972e+00 1.433249e+00 2.896725e-01 1.133501e-01
35419: 1.601258e+00 1.563522e+00 1.431447e+00 2.893082e-01 1.144654e-01
35419: 1.601759e+00 1.562814e+00 1.430905e+00 2.902010e-01 1.143216e-01
35419: 1.602258e+00 1.563363e+00 1.430364e+00 2.898369e-01 1.141782e-01
35419: 1.601504e+00 1.563910e+00 1.429825e+00 2.894737e-01 1.152882e-01
35419: 1.603254e+00 1.563204e+00 1.429287e+00 2.891114e-01 1.151439e-01
35419: 1.602500e+00 1.562500e+00 1.430000e+00 2.900000e-01 1.150000e-01
35419: 1.602996e+00 1.563046e+00 1.429463e+00 2.896380e-01 1.148564e-01
35419: 1.602244e+00 1.563591e+00 1.430175e+00 2.892768e-01 1.147132e-01
35419: 1.601494e+00 1.562889e+00 1.429639e+00 2.901619e-01 1.158157e-01
35419: 1.600746e+00 1.562189e+00 1.430348e+00 2.910448e-01 1.156716e-01
35419: 1.600000e+00 1.562733e+00 1.431056e+00 2.906832e-01 1.155280e-01
35419: 1.599256e+00 1.563275e+00 1.431762e+00 2.903226e-01 1.153846e-01
35419: 1.599752e+00 1.562577e+00 1.432466e+00 2.899628e-01 1.152416e-01
35419: 1.599010e+00 1.561881e+00 1.431931e+00 2.908416e-01 1.163366e-01
35419: 1.598269e+00 1.561187e+00 1.432633e+00 2.917182e-01 1.161928e-01
35419: 1.598765e+00 1.560494e+00 1.433333e+00 2.913580e-01 1.160494e-01
35419: 1.598027e+00 1.562269e+00 1.431566e+00 2.922318e-01 1.159063e-01
35419: 1.598522e+00 1.561576e+00 1.432266e+00 2.918719e-01 1.157635e-01
35419: 1.599016e+00 1.560886e+00 1.431734e+00 2.915129e-01 1.168512e-01
35419: 1.598280e+00 1.561425e+00 1.432432e+00 2.911548e-01 1.167076e-01
35419: 1.598773e+00 1.561963e+00 1.431902e+00 2.907975e-01 1.165644e-01
35419: 1.598039e+00 1.563725e+00 1.431373e+00 2.904412e-01 1.164216e-01
35419: 1.597307e+00 1.565483e+00 1.430845e+00 2.900857e-01 1.162791e-01
35419: 1.596577e+00 1.564792e+00 1.432763e+00 2.897311e-01 1.161369e-01
35419: 1.595849e+00 1.565324e+00 1.432234e+00 2.893773e-01 1.172161e-01
35419: 1.596341e+00 1.567073e+00 1.430488e+00 2.890244e-01 1.170732e-01
35419: 1.595615e+00 1.567600e+00 1.429963e+00 2.898904e-01 1.169306e-01
35419: 1.594891e+00 1.566910e+00 1.430657e+00 2.907543e-01 1.167883e-01
35419: 1.595383e+00 1.566221e+00 1.431349e+00 2.904010e-01 1.166464e-01
35419: 1.595874e+00 1.565534e+00 1.430825e+00 2.912621e-01 1.165049e-01
35419: 1.595152e+00 1.566061e+00 1.430303e+00 2.921212e-01 1.163636e-01
35419: 1.594431e+00 1.566586e+00 1.430993e+00 2.917676e-01 1.162228e-01
35419: 1.594921e+00 1.567110e+00 1.430472e+00 2.914148e-01 1.160822e-01
35419: 1.594203e+00 1.567633e+00 1.429952e+00 2.922705e-01 1.159420e-01
35419: 1.593486e+00 1.568154e+00 1.430639e+00 2.919180e-01 1.158022e-01
35419: 1.593976e+00 1.567470e+00 1.431325e+00 2.915663e-01 1.156627e-01
35419: 1.594465e+00 1.567990e+00 1.430806e+00 2.912154e-01 1.155235e-01
35419: 1.593750e+00 1.568510e+00 1.431490e+00 2.908654e-01 1.153846e-01
35419: 1.593037e+00 1.569028e+00 1.430972e+00 2.905162e-01 1.164466e-01
35419: 1.592326e+00 1.568345e+00 1.432854e+00 2.901679e-01 1.163070e-01
35419: 1.591617e+00 1.567665e+00 1.434731e+00 2.898204e-01 1.161677e-01
35419: 1.592105e+00 1.566986e+00 1.434211e+00 2.894737e-01 1.172249e-01
35419: 1.592593e+00 1.566308e+00 1.434886e+00 2.891278e-01 1.170848e-01
35419: 1.591885e+00 1.565632e+00 1.435561e+00 2.887828e-01 1.181384e-01
35419: 1.591180e+00 1.566150e+00 1.436234e+00 2.884386e-01 1.179976e-01
35419: 1.590476e+00 1.566667e+00 1.435714e+00 2.892857e-01 1.178571e-01
35419: 1.589774e+00 1.567182e+00 1.436385e+00 2.889417e-01 1.177170e-01
35419: 1.590261e+00 1.568884e+00 1.434679e+00 2.885986e-01 1.175772e-01
35419: 1.589561e+00 1.569395e+00 1.435350e+00 2.882562e-01 1.174377e-01
35419: 1.590047e+00 1.568720e+00 1.434834e+00 2.879147e-01 1.184834e-01
35419: 1.589349e+00 1.569231e+00 1.435503e+00 2.875740e-01 1.183432e-01
35419: 1.588652e+00 1.568558e+00 1.436170e+00 2.884161e-01 1.182033e-01
35419: 1.589138e+00 1.569067e+00 1.435655e+00 2.880756e-01 1.180638e-01
35419: 1.588443e+00 1.569575e+00 1.436321e+00 2.877358e-01 1.179245e-01
35419: 1.588928e+00 1.568905e+00 1.436985e+00 2.873969e-01 1.177856e-01
35419: 1.588235e+00 1.568235e+00 1.438824e+00 2.870588e-01 1.176471e-01
35419: 1.587544e+00 1.567568e+00 1.440658e+00 2.867215e-01 1.175088e-01
35419: 1.586854e+00 1.568075e+00 1.441315e+00 2.863850e-01 1.173709e-01
35419: 1.586166e+00 1.568581e+00 1.441970e+00 2.860492e-01 1.172333e-01
35419: 1.586651e+00 1.569087e+00 1.441452e+00 2.857143e-01 1.170960e-01
35419: 1.587135e+00 1.568421e+00 1.442105e+00 2.853801e-01 1.169591e-01
35419: 1.587617e+00 1.568925e+00 1.441589e+00 2.850467e-01 1.168224e-01
35419: 1.586931e+00 1.571762e+00 1.439907e+00 2.847141e-01 1.166861e-01
35419: 1.586247e+00 1.572261e+00 1.440559e+00 2.843823e-01 1.165501e-01
35419: 1.586729e+00 1.570431e+00 1.442375e+00 2.840512e-01 1.164144e-01
35419: 1.586047e+00 1.570930e+00 1.441860e+00 2.848837e-01 1.162791e-01
35419: 1.585366e+00 1.571429e+00 1.442509e+00 2.845528e-01 1.161440e-01
35419: 1.584687e+00 1.569606e+00 1.444316e+00 2.853828e-01 1.160093e-01
35419: 1.585168e+00 1.570104e+00 1.443801e+00 2.850521e-01 1.158749e-01
35419: 1.584491e+00 1.570602e+00 1.444444e+00 2.847222e-01 1.157407e-01
35419: 1.584971e+00 1.569942e+00 1.445087e+00 2.843931e-01 1.156069e-01
35419: 1.584296e+00 1.569284e+00 1.444573e+00 2.863741e-01 1.154734e-01
35419: 1.585928e+00 1.569781e+00 1.442907e+00 2.860438e-01 1.153403e-01
35419: 1.587558e+00 1.569124e+00 1.442396e+00 2.857143e-01 1.152074e-01
35419: 1.586881e+00 1.568470e+00 1.443038e+00 2.853855e-01 1.162255e-01
35419: 1.586207e+00 1.568966e+00 1.442529e+00 2.862069e-01 1.160920e-01
35419: 1.587830e+00 1.568312e+00 1.442021e+00 2.858783e-01 1.159587e-01
35419: 1.588303e+00 1.569954e+00 1.440367e+00 2.855505e-01 1.158257e-01
35419: 1.587629e+00 1.570447e+00 1.441008e+00 2.852234e-01 1.156930e-01
35419: 1.588101e+00 1.569794e+00 1.441648e+00 2.848970e-01 1.155606e-01
35419: 1.587429e+00 1.570286e+00 1.441143e+00 2.857143e-01 1.154286e-01
35419: 1.589041e+00 1.568493e+00 1.441781e+00 2.853881e-01 1.152968e-01
35419: 1.590650e+00 1.567845e+00 1.441277e+00 2.850627e-01 1.151653e-01
35419: 1.589977e+00 1.569476e+00 1.440774e+00 2.847380e-01 1.150342e-01
35419: 1.590444e+00 1.569966e+00 1.440273e+00 2.844141e-01 1.149033e-01
35419: 1.589773e+00 1.569318e+00 1.442045e+00 2.840909e-01 1.147727e-01
35419: 1.590238e+00 1.568672e+00 1.441544e+00 2.849035e-01 1.146425e-01
35419: 1.590703e+00 1.569161e+00 1.441043e+00 2.845805e-01 1.145125e-01
35419: 1.590034e+00 1.571914e+00 1.439411e+00 2.842582e-01 1.143828e-01
35419: 1.589367e+00 1.571267e+00 1.441176e+00 2.839367e-01 1.142534e-01
35419: 1.589831e+00 1.570621e+00 1.440678e+00 2.847458e-01 1.141243e-01
35419: 1.590293e+00 1.568849e+00 1.442438e+00 2.844244e-01 1.139955e-01
35419: 1.591883e+00 1.568207e+00 1.441939e+00 2.841037e-01 1.138670e-01
35419: 1.591216e+00 1.569820e+00 1.441441e+00 2.837838e-01 1.137387e-01
35419: 1.590551e+00 1.570304e+00 1.442070e+00 2.834646e-01 1.136108e-01
35419: 1.591011e+00 1.568539e+00 1.443820e+00 2.831461e-01 1.134831e-01
35419: 1.591470e+00 1.569024e+00 1.443322e+00 2.828283e-01 1.133558e-01
35419: 1.590807e+00 1.569507e+00 1.442825e+00 2.836323e-01 1.132287e-01
35419: 1.591265e+00 1.568869e+00 1.443449e+00 2.833147e-01 1.131019e-01
35419: 1.591723e+00 1.568233e+00 1.444072e+00 2.829978e-01 1.129754e-01
35419: 1.591061e+00 1.567598e+00 1.444693e+00 2.826816e-01 1.139665e-01
35419: 1.590402e+00 1.569196e+00 1.444196e+00 2.823661e-01 1.138393e-01
35419: 1.589744e+00 1.568562e+00 1.444816e+00 2.831661e-01 1.137124e-01
35419: 1.590200e+00 1.569042e+00 1.444321e+00 2.828508e-01 1.135857e-01
35419: 1.590656e+00 1.568409e+00 1.444939e+00 2.825362e-01 1.134594e-01
35419: 1.590000e+00 1.567778e+00 1.445556e+00 2.822222e-01 1.144444e-01
35419: 1.589345e+00 1.567148e+00 1.445061e+00 2.841287e-01 1.143174e-01
35419: 1.589800e+00 1.568736e+00 1.443459e+00 2.838137e-01 1.141907e-01
35419: 1.589147e+00 1.569214e+00 1.444075e+00 2.834994e-01 1.140642e-01
35419: 1.588496e+00 1.569690e+00 1.444690e+00 2.831858e-01 1.139381e-01
35419: 1.587845e+00 1.571271e+00 1.444199e+00 2.828729e-01 1.138122e-01
35419: 1.587196e+00 1.569536e+00 1.447020e+00 2.825607e-01 1.136865e-01
35419: 1.587652e+00 1.570011e+00 1.445424e+00 2.833517e-01 1.135612e-01
35419: 1.588106e+00 1.569383e+00 1.446035e+00 2.830396e-01 1.134361e-01
35419: 1.588559e+00 1.569857e+00 1.445545e+00 2.827283e-01 1.133113e-01
35419: 1.589011e+00 1.570330e+00 1.445055e+00 2.824176e-01 1.131868e-01
35419: 1.588364e+00 1.570801e+00 1.444566e+00 2.832053e-01 1.130626e-01
35419: 1.588816e+00 1.569079e+00 1.446272e+00 2.828947e-01 1.129386e-01
35419: 1.588171e+00 1.568456e+00 1.445783e+00 2.836802e-01 1.139102e-01
35419: 1.589716e+00 1.567834e+00 1.445295e+00 2.833698e-01 1.137856e-01
35419: 1.589071e+00 1.567213e+00 1.445902e+00 2.841530e-01 1.136612e-01
35419: 1.588428e+00 1.567686e+00 1.446507e+00 2.838428e-01 1.135371e-01
35419: 1.587786e+00 1.567067e+00 1.448201e+00 2.835333e-01 1.134133e-01
35419: 1.587146e+00 1.566449e+00 1.447712e+00 2.843137e-01 1.143791e-01
35419: 1.586507e+00 1.565832e+00 1.447225e+00 2.861806e-01 1.142546e-01
35419: 1.586957e+00 1.565217e+00 1.447826e+00 2.858696e-01 1.141304e-01
35419: 1.587405e+00 1.564604e+00 1.447340e+00 2.866450e-01 1.140065e-01
35419: 1.587852e+00 1.563991e+00 1.447939e+00 2.863341e-01 1.138829e-01
35419: 1.588299e+00 1.564464e+00 1.447454e+00 2.860238e-01 1.137595e-01
35419: 1.587662e+00 1.564935e+00 1.448052e+00 2.857143e-01 1.136364e-01
35419: 1.587027e+00 1.565405e+00 1.447568e+00 2.864865e-01 1.135135e-01
35419: 1.587473e+00 1.564795e+00 1.448164e+00 2.861771e-01 1.133909e-01
35419: 1.588997e+00 1.565264e+00 1.446602e+00 2.858684e-01 1.132686e-01
35419: 1.588362e+00 1.565733e+00 1.446121e+00 2.855603e-01 1.142241e-01
35419: 1.588805e+00 1.566200e+00 1.445640e+00 2.852530e-01 1.141012e-01
35419: 1.588172e+00 1.567742e+00 1.445161e+00 2.849462e-01 1.139785e-01
35419: 1.588614e+00 1.568206e+00 1.444683e+00 2.846402e-01 1.138561e-01
35419: 1.590129e+00 1.568670e+00 1.443133e+00 2.843348e-01 1.137339e-01
35419: 1.590568e+00 1.568060e+00 1.443730e+00 2.840300e-01 1.136120e-01
35419: 1.589936e+00 1.569593e+00 1.443255e+00 2.837259e-01 1.134904e-01
35419: 1.589305e+00 1.568984e+00 1.442781e+00 2.834225e-01 1.155080e-01
35419: 1.588675e+00 1.569444e+00 1.442308e+00 2.841880e-01 1.153846e-01
35419: 1.588047e+00 1.569904e+00 1.442903e+00 2.838847e-01 1.152615e-01
35419: 1.588486e+00 1.569296e+00 1.442431e+00 2.846482e-01 1.151386e-01
35419: 1.587859e+00 1.569755e+00 1.441960e+00 2.843450e-01 1.160809e-01
35419: 1.587234e+00 1.571277e+00 1.441489e+00 2.840426e-01 1.159574e-01
35419: 1.586610e+00 1.571732e+00 1.442083e+00 2.837407e-01 1.158342e-01
35419: 1.585987e+00 1.570064e+00 1.444798e+00 2.834395e-01 1.157113e-01
35419: 1.585366e+00 1.569459e+00 1.445387e+00 2.841994e-01 1.155885e-01
35419: 1.585805e+00 1.568856e+00 1.445975e+00 2.838983e-01 1.154661e-01
35419: 1.585185e+00 1.569312e+00 1.446561e+00 2.835979e-01 1.153439e-01
35419: 1.585624e+00 1.569767e+00 1.445032e+00 2.843552e-01 1.152220e-01
35419: 1.585005e+00 1.570222e+00 1.444562e+00 2.840549e-01 1.161563e-01
35419: 1.586498e+00 1.568565e+00 1.445148e+00 2.837553e-01 1.160338e-01
35419: 1.586934e+00 1.567966e+00 1.444679e+00 2.845100e-01 1.159115e-01
35419: 1.587368e+00 1.567368e+00 1.444211e+00 2.852632e-01 1.157895e-01
35419: 1.586751e+00 1.568875e+00 1.443743e+00 2.849632e-01 1.156677e-01
35419: 1.587185e+00 1.568277e+00 1.444328e+00 2.846639e-01 1.155462e-01
35419: 1.587618e+00 1.568730e+00 1.443861e+00 2.843652e-01 1.154250e-01
35419: 1.589099e+00 1.569182e+00 1.442348e+00 2.840671e-01 1.153040e-01
35419: 1.588482e+00 1.569634e+00 1.441885e+00 2.848168e-01 1.151832e-01
35419: 1.587866e+00 1.570084e+00 1.442469e+00 2.845188e-01 1.150628e-01
35419: 1.588297e+00 1.568443e+00 1.444096e+00 2.842215e-01 1.149425e-01
35419: 1.587683e+00 1.569937e+00 1.443633e+00 2.839248e-01 1.148225e-01
35419: 1.587070e+00 1.570386e+00 1.444213e+00 2.836288e-01 1.147028e-01
35419: 1.587500e+00 1.570833e+00 1.443750e+00 2.833333e-01 1.145833e-01
35419: 1.586889e+00 1.570239e+00 1.445369e+00 2.830385e-01 1.144641e-01
35419: 1.586279e+00 1.568607e+00 1.446985e+00 2.827443e-01 1.153846e-01
35419: 1.586708e+00 1.570093e+00 1.445483e+00 2.824507e-01 1.152648e-01
35419: 1.587137e+00 1.568465e+00 1.446058e+00 2.831950e-01 1.151452e-01
35419: 1.587565e+00 1.567876e+00 1.445596e+00 2.839378e-01 1.150259e-01
35419: 1.586957e+00 1.568323e+00 1.446170e+00 2.836439e-01 1.149068e-01
35419: 1.586350e+00 1.569804e+00 1.444674e+00 2.843847e-01 1.147880e-01
35419: 1.585744e+00 1.570248e+00 1.444215e+00 2.840909e-01 1.157025e-01
35419: 1.586171e+00 1.568627e+00 1.445820e+00 2.837977e-01 1.155831e-01
35419: 1.585567e+00 1.568041e+00 1.445361e+00 2.835052e-01 1.175258e-01
35419: 1.585994e+00 1.568486e+00 1.444902e+00 2.832132e-01 1.174047e-01
35419: 1.585391e+00 1.567901e+00 1.446502e+00 2.829218e-01 1.172840e-01
35419: 1.584789e+00 1.567318e+00 1.447071e+00 2.836588e-01 1.171634e-01
35419: 1.584189e+00 1.567762e+00 1.447639e+00 2.833676e-01 1.170431e-01
35419: 1.584615e+00 1.568205e+00 1.447179e+00 2.830769e-01 1.169231e-01
35419: 1.584016e+00 1.567623e+00 1.448770e+00 2.827869e-01 1.168033e-01
35419: 1.583419e+00 1.567042e+00 1.448311e+00 2.845445e-01 1.166837e-01
35419: 1.582822e+00 1.568507e+00 1.446830e+00 2.852761e-01 1.165644e-01
35419: 1.582227e+00 1.568948e+00 1.447395e+00 2.849847e-01 1.164454e-01
35419: 1.581633e+00 1.569388e+00 1.446939e+00 2.846939e-01 1.173469e-01
35419: 1.581040e+00 1.569827e+00 1.446483e+00 2.854230e-01 1.172273e-01
35419: 1.582485e+00 1.569246e+00 1.446029e+00 2.851324e-01 1.171079e-01
35419: 1.581892e+00 1.568667e+00 1.447609e+00 2.848423e-01 1.169888e-01
35419: 1.581301e+00 1.568089e+00 1.449187e+00 2.845528e-01 1.168699e-01
35419: 1.581726e+00 1.568528e+00 1.448731e+00 2.842640e-01 1.167513e-01
35419: 1.581136e+00 1.567951e+00 1.450304e+00 2.839757e-01 1.166329e-01
35419: 1.581560e+00 1.567376e+00 1.450861e+00 2.836879e-01 1.165147e-01
35419: 1.580972e+00 1.567814e+00 1.450405e+00 2.844130e-01 1.163968e-01
35419: 1.580384e+00 1.570273e+00 1.448938e+00 2.841254e-01 1.162791e-01
35419: 1.579798e+00 1.569697e+00 1.449495e+00 2.838384e-01 1.171717e-01
35419: 1.579213e+00 1.570131e+00 1.450050e+00 2.835520e-01 1.170535e-01
35419: 1.578629e+00 1.569556e+00 1.450605e+00 2.842742e-01 1.169355e-01
35419: 1.578046e+00 1.569990e+00 1.450151e+00 2.849950e-01 1.168177e-01
35419: 1.578471e+00 1.569416e+00 1.450704e+00 2.847082e-01 1.167002e-01
35419: 1.577889e+00 1.569849e+00 1.450251e+00 2.854271e-01 1.165829e-01
35419: 1.578313e+00 1.569277e+00 1.449799e+00 2.851406e-01 1.174699e-01
35419: 1.577733e+00 1.568706e+00 1.450351e+00 2.858576e-01 1.173521e-01
35419: 1.578156e+00 1.569138e+00 1.449900e+00 2.855711e-01 1.172345e-01
35419: 1.577578e+00 1.570571e+00 1.448448e+00 2.862863e-01 1.171171e-01
35419: Done!
Traceback (most recent call last):
  File "/lowest-unique-number/tournament0/elexunix.py", line 25, in <module>
    input()
EOFError: EOF when reading a line
