Forked 35781
Starting to reopen 0 and 1
Calling execv `tournament0/fedro.py` (pid 35781)
Strategy 0: first ans is 0
Forked 35805
Starting to reopen 0 and 1
Calling execv `tournament0/lounres.py` (pid 35805)
Strategy 1: first ans is 1
Forked 35806
Starting to reopen 0 and 1
Calling execv `tournament0/pzakorko.py` (pid 35806)
Strategy 2: first ans is 0
Forked 35807
Starting to reopen 0 and 1
Calling execv `tournament0/the_best_strategy.py` (pid 35807)
Strategy 3: first ans is 0
Forked 35808
Starting to reopen 0 and 1
Calling execv `tournament0/alex_dany` (pid 35808)
35808: Started!
35808: Number of players: 5, position: 4, number of turns: 1000
35808: Random seed: 2374138304
Strategy 4: first ans is 0
35808: 4.000000e+00 1.000000e+00 0.000000e+00 0.000000e+00 0.000000e+00
35808: 3.000000e+00 1.500000e+00 0.000000e+00 0.000000e+00 5.000000e-01
35808: 2.666667e+00 1.333333e+00 3.333333e-01 3.333333e-01 3.333333e-01
35808: 2.500000e+00 1.500000e+00 5.000000e-01 2.500000e-01 2.500000e-01
35808: 2.400000e+00 1.400000e+00 6.000000e-01 2.000000e-01 4.000000e-01
35808: 2.333333e+00 1.666667e+00 5.000000e-01 1.666667e-01 3.333333e-01
35808: 2.285714e+00 1.571429e+00 7.142857e-01 1.428571e-01 2.857143e-01
35808: 2.250000e+00 1.625000e+00 7.500000e-01 1.250000e-01 2.500000e-01
35808: 2.333333e+00 1.444444e+00 8.888889e-01 1.111111e-01 2.222222e-01
35808: 2.300000e+00 1.500000e+00 9.000000e-01 1.000000e-01 2.000000e-01
35808: 2.272727e+00 1.454545e+00 9.090909e-01 9.090909e-02 2.727273e-01
35808: 2.333333e+00 1.500000e+00 8.333333e-01 8.333333e-02 2.500000e-01
35808: 2.307692e+00 1.461538e+00 9.230769e-01 7.692308e-02 2.307692e-01
35808: 2.357143e+00 1.500000e+00 8.571429e-01 7.142857e-02 2.142857e-01
35808: 2.333333e+00 1.466667e+00 9.333333e-01 6.666667e-02 2.000000e-01
35808: 2.312500e+00 1.562500e+00 8.750000e-01 6.250000e-02 1.875000e-01
35808: 2.294118e+00 1.588235e+00 8.823529e-01 5.882353e-02 1.764706e-01
35808: 2.277778e+00 1.555556e+00 9.444444e-01 5.555556e-02 1.666667e-01
35808: 2.263158e+00 1.631579e+00 8.947368e-01 5.263158e-02 1.578947e-01
35808: 2.250000e+00 1.550000e+00 1.000000e+00 5.000000e-02 1.500000e-01
35808: 2.238095e+00 1.571429e+00 1.000000e+00 4.761905e-02 1.428571e-01
35808: 2.227273e+00 1.545455e+00 1.045455e+00 4.545455e-02 1.363636e-01
35808: 2.260870e+00 1.565217e+00 1.000000e+00 4.347826e-02 1.304348e-01
35808: 2.250000e+00 1.541667e+00 1.000000e+00 8.333333e-02 1.250000e-01
35808: 2.280000e+00 1.560000e+00 9.600000e-01 8.000000e-02 1.200000e-01
35808: 2.269231e+00 1.538462e+00 1.000000e+00 7.692308e-02 1.153846e-01
35808: 2.259259e+00 1.592593e+00 9.629630e-01 7.407407e-02 1.111111e-01
35808: 2.250000e+00 1.535714e+00 1.000000e+00 1.071429e-01 1.071429e-01
35808: 2.241379e+00 1.586207e+00 9.655172e-01 1.034483e-01 1.034483e-01
35808: 2.266667e+00 1.533333e+00 1.000000e+00 1.000000e-01 1.000000e-01
35808: 2.290323e+00 1.548387e+00 9.677419e-01 9.677419e-02 9.677419e-02
35808: 2.281250e+00 1.531250e+00 9.687500e-01 1.250000e-01 9.375000e-02
35808: 2.272727e+00 1.545455e+00 9.696970e-01 1.212121e-01 9.090909e-02
35808: 2.264706e+00 1.529412e+00 9.705882e-01 1.470588e-01 8.823529e-02
35808: 2.257143e+00 1.571429e+00 9.428571e-01 1.428571e-01 8.571429e-02
35808: 2.250000e+00 1.527778e+00 9.722222e-01 1.666667e-01 8.333333e-02
35808: 2.270270e+00 1.540541e+00 9.459459e-01 1.621622e-01 8.108108e-02
35808: 2.263158e+00 1.526316e+00 9.736842e-01 1.578947e-01 7.894737e-02
35808: 2.256410e+00 1.538462e+00 9.743590e-01 1.538462e-01 7.692308e-02
35808: 2.250000e+00 1.525000e+00 1.000000e+00 1.500000e-01 7.500000e-02
35808: 2.243902e+00 1.536585e+00 9.756098e-01 1.463415e-01 9.756098e-02
35808: 2.238095e+00 1.523810e+00 1.000000e+00 1.428571e-01 9.523810e-02
35808: 2.255814e+00 1.534884e+00 9.767442e-01 1.395349e-01 9.302326e-02
35808: 2.250000e+00 1.545455e+00 9.772727e-01 1.363636e-01 9.090909e-02
35808: 2.244444e+00 1.555556e+00 9.777778e-01 1.333333e-01 8.888889e-02
35808: 2.239130e+00 1.543478e+00 9.782609e-01 1.304348e-01 1.086957e-01
35808: 2.255319e+00 1.553191e+00 9.574468e-01 1.276596e-01 1.063830e-01
35808: 2.250000e+00 1.562500e+00 9.583333e-01 1.250000e-01 1.041667e-01
35808: 2.244898e+00 1.551020e+00 9.795918e-01 1.224490e-01 1.020408e-01
35808: 2.220000e+00 1.560000e+00 1.000000e+00 1.200000e-01 1.000000e-01
35808: 2.215686e+00 1.568627e+00 1.000000e+00 1.176471e-01 9.803922e-02
35808: 2.192308e+00 1.557692e+00 1.038462e+00 1.153846e-01 9.615385e-02
35808: 2.207547e+00 1.547170e+00 1.037736e+00 1.132075e-01 9.433962e-02
35808: 2.185185e+00 1.574074e+00 1.037037e+00 1.111111e-01 9.259259e-02
35808: 2.181818e+00 1.563636e+00 1.054545e+00 1.090909e-01 9.090909e-02
35808: 2.160714e+00 1.589286e+00 1.053571e+00 1.071429e-01 8.928571e-02
35808: 2.175439e+00 1.561404e+00 1.070175e+00 1.052632e-01 8.771930e-02
35808: 2.155172e+00 1.568966e+00 1.086207e+00 1.034483e-01 8.620690e-02
35808: 2.152542e+00 1.576271e+00 1.084746e+00 1.016949e-01 8.474576e-02
35808: 2.150000e+00 1.550000e+00 1.116667e+00 1.000000e-01 8.333333e-02
35808: 2.131148e+00 1.557377e+00 1.114754e+00 9.836066e-02 9.836066e-02
35808: 2.129032e+00 1.564516e+00 1.112903e+00 9.677419e-02 9.677419e-02
35808: 2.111111e+00 1.555556e+00 1.126984e+00 1.111111e-01 9.523810e-02
35808: 2.109375e+00 1.546875e+00 1.140625e+00 1.093750e-01 9.375000e-02
35808: 2.092308e+00 1.569231e+00 1.138462e+00 1.076923e-01 9.230769e-02
35808: 2.090909e+00 1.560606e+00 1.151515e+00 1.060606e-01 9.090909e-02
35808: 2.074627e+00 1.567164e+00 1.164179e+00 1.044776e-01 8.955224e-02
35808: 2.073529e+00 1.573529e+00 1.147059e+00 1.176471e-01 8.823529e-02
35808: 2.072464e+00 1.550725e+00 1.173913e+00 1.159420e-01 8.695652e-02
35808: 2.057143e+00 1.571429e+00 1.171429e+00 1.142857e-01 8.571429e-02
35808: 2.056338e+00 1.563380e+00 1.183099e+00 1.126761e-01 8.450704e-02
35808: 2.055556e+00 1.569444e+00 1.180556e+00 1.111111e-01 8.333333e-02
35808: 2.041096e+00 1.575342e+00 1.191781e+00 1.095890e-01 8.219178e-02
35808: 2.054054e+00 1.554054e+00 1.202703e+00 1.081081e-01 8.108108e-02
35808: 2.040000e+00 1.573333e+00 1.186667e+00 1.200000e-01 8.000000e-02
35808: 2.039474e+00 1.565789e+00 1.197368e+00 1.184211e-01 7.894737e-02
35808: 2.038961e+00 1.571429e+00 1.194805e+00 1.168831e-01 7.792208e-02
35808: 2.025641e+00 1.576923e+00 1.205128e+00 1.153846e-01 7.692308e-02
35808: 2.025316e+00 1.569620e+00 1.202532e+00 1.139241e-01 8.860759e-02
35808: 2.012500e+00 1.575000e+00 1.200000e+00 1.250000e-01 8.750000e-02
35808: 2.012346e+00 1.567901e+00 1.209877e+00 1.234568e-01 8.641975e-02
35808: 2.000000e+00 1.585366e+00 1.207317e+00 1.219512e-01 8.536585e-02
35808: 2.000000e+00 1.590361e+00 1.204819e+00 1.204819e-01 8.433735e-02
35808: 1.988095e+00 1.583333e+00 1.226190e+00 1.190476e-01 8.333333e-02
35808: 2.000000e+00 1.564706e+00 1.235294e+00 1.176471e-01 8.235294e-02
35808: 1.988372e+00 1.569767e+00 1.232558e+00 1.279070e-01 8.139535e-02
35808: 2.000000e+00 1.574713e+00 1.218391e+00 1.264368e-01 8.045977e-02
35808: 1.988636e+00 1.579545e+00 1.227273e+00 1.250000e-01 7.954545e-02
35808: 1.988764e+00 1.573034e+00 1.235955e+00 1.235955e-01 7.865169e-02
35808: 1.988889e+00 1.566667e+00 1.244444e+00 1.222222e-01 7.777778e-02
35808: 1.978022e+00 1.571429e+00 1.252747e+00 1.208791e-01 7.692308e-02
35808: 1.978261e+00 1.565217e+00 1.260870e+00 1.195652e-01 7.608696e-02
35808: 1.978495e+00 1.580645e+00 1.247312e+00 1.182796e-01 7.526882e-02
35808: 1.968085e+00 1.585106e+00 1.255319e+00 1.170213e-01 7.446809e-02
35808: 1.978947e+00 1.578947e+00 1.252632e+00 1.157895e-01 7.368421e-02
35808: 1.968750e+00 1.583333e+00 1.260417e+00 1.145833e-01 7.291667e-02
35808: 1.979381e+00 1.577320e+00 1.257732e+00 1.134021e-01 7.216495e-02
35808: 1.969388e+00 1.591837e+00 1.255102e+00 1.122449e-01 7.142857e-02
35808: 1.969697e+00 1.575758e+00 1.262626e+00 1.212121e-01 7.070707e-02
35808: 1.960000e+00 1.580000e+00 1.260000e+00 1.300000e-01 7.000000e-02
35808: 1.960396e+00 1.574257e+00 1.267327e+00 1.287129e-01 6.930693e-02
35808: 1.960784e+00 1.578431e+00 1.264706e+00 1.274510e-01 6.862745e-02
35808: 1.951456e+00 1.563107e+00 1.291262e+00 1.262136e-01 6.796117e-02
35808: 1.961538e+00 1.557692e+00 1.288462e+00 1.250000e-01 6.730769e-02
35808: 1.952381e+00 1.571429e+00 1.285714e+00 1.238095e-01 6.666667e-02
35808: 1.952830e+00 1.566038e+00 1.292453e+00 1.226415e-01 6.603774e-02
35808: 1.953271e+00 1.579439e+00 1.280374e+00 1.214953e-01 6.542056e-02
35808: 1.944444e+00 1.564815e+00 1.305556e+00 1.203704e-01 6.481481e-02
35808: 1.954128e+00 1.568807e+00 1.293578e+00 1.192661e-01 6.422018e-02
35808: 1.954545e+00 1.563636e+00 1.300000e+00 1.181818e-01 6.363636e-02
35808: 1.945946e+00 1.576577e+00 1.297297e+00 1.171171e-01 6.306306e-02
35808: 1.946429e+00 1.580357e+00 1.294643e+00 1.160714e-01 6.250000e-02
35808: 1.938053e+00 1.575221e+00 1.309735e+00 1.150442e-01 6.194690e-02
35808: 1.947368e+00 1.570175e+00 1.307018e+00 1.140351e-01 6.140351e-02
35808: 1.939130e+00 1.573913e+00 1.313043e+00 1.130435e-01 6.086957e-02
35808: 1.939655e+00 1.560345e+00 1.327586e+00 1.120690e-01 6.034483e-02
35808: 1.931624e+00 1.572650e+00 1.324786e+00 1.111111e-01 5.982906e-02
35808: 1.940678e+00 1.567797e+00 1.322034e+00 1.101695e-01 5.932203e-02
35808: 1.932773e+00 1.588235e+00 1.310924e+00 1.092437e-01 5.882353e-02
35808: 1.933333e+00 1.583333e+00 1.316667e+00 1.083333e-01 5.833333e-02
35808: 1.925620e+00 1.586777e+00 1.322314e+00 1.074380e-01 5.785124e-02
35808: 1.934426e+00 1.573770e+00 1.327869e+00 1.065574e-01 5.737705e-02
35808: 1.926829e+00 1.577236e+00 1.325203e+00 1.056911e-01 6.504065e-02
35808: 1.927419e+00 1.572581e+00 1.330645e+00 1.048387e-01 6.451613e-02
35808: 1.920000e+00 1.576000e+00 1.336000e+00 1.040000e-01 6.400000e-02
35808: 1.920635e+00 1.571429e+00 1.333333e+00 1.031746e-01 7.142857e-02
35808: 1.913386e+00 1.574803e+00 1.338583e+00 1.023622e-01 7.086614e-02
35808: 1.914062e+00 1.578125e+00 1.335938e+00 1.015625e-01 7.031250e-02
35808: 1.906977e+00 1.573643e+00 1.348837e+00 1.007752e-01 6.976744e-02
35808: 1.907692e+00 1.569231e+00 1.346154e+00 1.076923e-01 6.923077e-02
35808: 1.908397e+00 1.572519e+00 1.343511e+00 1.068702e-01 6.870229e-02
35808: 1.909091e+00 1.568182e+00 1.348485e+00 1.060606e-01 6.818182e-02
35808: 1.902256e+00 1.578947e+00 1.345865e+00 1.052632e-01 6.766917e-02
35808: 1.902985e+00 1.574627e+00 1.350746e+00 1.044776e-01 6.716418e-02
35808: 1.896296e+00 1.577778e+00 1.348148e+00 1.037037e-01 7.407407e-02
35808: 1.897059e+00 1.573529e+00 1.352941e+00 1.029412e-01 7.352941e-02
35808: 1.890511e+00 1.569343e+00 1.364964e+00 1.021898e-01 7.299270e-02
35808: 1.898551e+00 1.572464e+00 1.355072e+00 1.014493e-01 7.246377e-02
35808: 1.899281e+00 1.561151e+00 1.366906e+00 1.007194e-01 7.194245e-02
35808: 1.892857e+00 1.571429e+00 1.364286e+00 1.000000e-01 7.142857e-02
35808: 1.893617e+00 1.567376e+00 1.368794e+00 9.929078e-02 7.092199e-02
35808: 1.887324e+00 1.577465e+00 1.366197e+00 9.859155e-02 7.042254e-02
35808: 1.888112e+00 1.573427e+00 1.370629e+00 9.790210e-02 6.993007e-02
35808: 1.881944e+00 1.583333e+00 1.368056e+00 9.722222e-02 6.944444e-02
35808: 1.882759e+00 1.572414e+00 1.379310e+00 9.655172e-02 6.896552e-02
35808: 1.876712e+00 1.575342e+00 1.383562e+00 9.589041e-02 6.849315e-02
35808: 1.877551e+00 1.571429e+00 1.380952e+00 1.020408e-01 6.802721e-02
35808: 1.878378e+00 1.574324e+00 1.378378e+00 1.013514e-01 6.756757e-02
35808: 1.879195e+00 1.563758e+00 1.389262e+00 1.006711e-01 6.711409e-02
35808: 1.873333e+00 1.573333e+00 1.386667e+00 1.000000e-01 6.666667e-02
35808: 1.874172e+00 1.569536e+00 1.390728e+00 9.933775e-02 6.622517e-02
35808: 1.868421e+00 1.578947e+00 1.388158e+00 9.868421e-02 6.578947e-02
35808: 1.869281e+00 1.581699e+00 1.385621e+00 9.803922e-02 6.535948e-02
35808: 1.863636e+00 1.571429e+00 1.402597e+00 9.740260e-02 6.493506e-02
35808: 1.864516e+00 1.567742e+00 1.406452e+00 9.677419e-02 6.451613e-02
35808: 1.858974e+00 1.570513e+00 1.403846e+00 1.025641e-01 6.410256e-02
35808: 1.866242e+00 1.566879e+00 1.401274e+00 1.019108e-01 6.369427e-02
35808: 1.860759e+00 1.569620e+00 1.405063e+00 1.012658e-01 6.329114e-02
35808: 1.861635e+00 1.572327e+00 1.402516e+00 1.006289e-01 6.289308e-02
35808: 1.856250e+00 1.568750e+00 1.412500e+00 1.000000e-01 6.250000e-02
35808: 1.857143e+00 1.577640e+00 1.403727e+00 9.937888e-02 6.211180e-02
35808: 1.858025e+00 1.574074e+00 1.407407e+00 9.876543e-02 6.172840e-02
35808: 1.852761e+00 1.576687e+00 1.411043e+00 9.815951e-02 6.134969e-02
35808: 1.853659e+00 1.573171e+00 1.414634e+00 9.756098e-02 6.097561e-02
35808: 1.848485e+00 1.575758e+00 1.418182e+00 9.696970e-02 6.060606e-02
35808: 1.849398e+00 1.572289e+00 1.421687e+00 9.638554e-02 6.024096e-02
35808: 1.844311e+00 1.574850e+00 1.425150e+00 9.580838e-02 5.988024e-02
35808: 1.845238e+00 1.571429e+00 1.428571e+00 9.523810e-02 5.952381e-02
35808: 1.840237e+00 1.573964e+00 1.431953e+00 9.467456e-02 5.917160e-02
35808: 1.841176e+00 1.570588e+00 1.435294e+00 9.411765e-02 5.882353e-02
35808: 1.836257e+00 1.573099e+00 1.438596e+00 9.356725e-02 5.847953e-02
35808: 1.843023e+00 1.569767e+00 1.436047e+00 9.302326e-02 5.813953e-02
35808: 1.838150e+00 1.572254e+00 1.439306e+00 9.248555e-02 5.780347e-02
35808: 1.839080e+00 1.568966e+00 1.442529e+00 9.195402e-02 5.747126e-02
35808: 1.834286e+00 1.577143e+00 1.434286e+00 9.142857e-02 6.285714e-02
35808: 1.835227e+00 1.579545e+00 1.431818e+00 9.090909e-02 6.250000e-02
35808: 1.836158e+00 1.576271e+00 1.435028e+00 9.039548e-02 6.214689e-02
35808: 1.837079e+00 1.578652e+00 1.432584e+00 8.988764e-02 6.179775e-02
35808: 1.832402e+00 1.575419e+00 1.441341e+00 8.938547e-02 6.145251e-02
35808: 1.838889e+00 1.572222e+00 1.438889e+00 8.888889e-02 6.111111e-02
35808: 1.834254e+00 1.580110e+00 1.436464e+00 8.839779e-02 6.077348e-02
35808: 1.835165e+00 1.576923e+00 1.439560e+00 8.791209e-02 6.043956e-02
35808: 1.830601e+00 1.573770e+00 1.442623e+00 9.289617e-02 6.010929e-02
35808: 1.836957e+00 1.570652e+00 1.440217e+00 9.239130e-02 5.978261e-02
35808: 1.832432e+00 1.567568e+00 1.448649e+00 9.189189e-02 5.945946e-02
35808: 1.838710e+00 1.569892e+00 1.440860e+00 9.139785e-02 5.913978e-02
35808: 1.834225e+00 1.572193e+00 1.443850e+00 9.090909e-02 5.882353e-02
35808: 1.835106e+00 1.569149e+00 1.446809e+00 9.042553e-02 5.851064e-02
35808: 1.835979e+00 1.571429e+00 1.444444e+00 8.994709e-02 5.820106e-02
35808: 1.831579e+00 1.563158e+00 1.457895e+00 8.947368e-02 5.789474e-02
35808: 1.832461e+00 1.565445e+00 1.455497e+00 8.900524e-02 5.759162e-02
35808: 1.828125e+00 1.567708e+00 1.458333e+00 8.854167e-02 5.729167e-02
35808: 1.829016e+00 1.569948e+00 1.450777e+00 9.326425e-02 5.699482e-02
35808: 1.829897e+00 1.572165e+00 1.448454e+00 9.278351e-02 5.670103e-02
35808: 1.830769e+00 1.569231e+00 1.451282e+00 9.230769e-02 5.641026e-02
35808: 1.826531e+00 1.576531e+00 1.448980e+00 9.183673e-02 5.612245e-02
35808: 1.827411e+00 1.573604e+00 1.446701e+00 9.644670e-02 5.583756e-02
35808: 1.823232e+00 1.575758e+00 1.449495e+00 9.595960e-02 5.555556e-02
35808: 1.824121e+00 1.567839e+00 1.457286e+00 9.547739e-02 5.527638e-02
35808: 1.820000e+00 1.575000e+00 1.455000e+00 9.500000e-02 5.500000e-02
35808: 1.820896e+00 1.572139e+00 1.457711e+00 9.452736e-02 5.472637e-02
35808: 1.816832e+00 1.579208e+00 1.455446e+00 9.405941e-02 5.445545e-02
35808: 1.817734e+00 1.576355e+00 1.458128e+00 9.359606e-02 5.418719e-02
35808: 1.813725e+00 1.578431e+00 1.460784e+00 9.313725e-02 5.392157e-02
35808: 1.814634e+00 1.575610e+00 1.458537e+00 9.756098e-02 5.365854e-02
35808: 1.810680e+00 1.577670e+00 1.461165e+00 9.708738e-02 5.339806e-02
35808: 1.811594e+00 1.574879e+00 1.463768e+00 9.661836e-02 5.314010e-02
35808: 1.812500e+00 1.576923e+00 1.461538e+00 9.615385e-02 5.288462e-02
35808: 1.808612e+00 1.574163e+00 1.464115e+00 1.004785e-01 5.263158e-02
35808: 1.814286e+00 1.571429e+00 1.461905e+00 1.000000e-01 5.238095e-02
35808: 1.810427e+00 1.573460e+00 1.459716e+00 1.042654e-01 5.213270e-02
35808: 1.811321e+00 1.570755e+00 1.462264e+00 1.037736e-01 5.188679e-02
35808: 1.807512e+00 1.572770e+00 1.464789e+00 1.032864e-01 5.164319e-02
35808: 1.813084e+00 1.570093e+00 1.462617e+00 1.028037e-01 5.140187e-02
35808: 1.809302e+00 1.572093e+00 1.465116e+00 1.023256e-01 5.116279e-02
35808: 1.810185e+00 1.569444e+00 1.467593e+00 1.018519e-01 5.092593e-02
35808: 1.811060e+00 1.576037e+00 1.460829e+00 1.013825e-01 5.069124e-02
35808: 1.811927e+00 1.568807e+00 1.467890e+00 1.009174e-01 5.045872e-02
35808: 1.808219e+00 1.570776e+00 1.470320e+00 1.004566e-01 5.022831e-02
35808: 1.813636e+00 1.568182e+00 1.468182e+00 1.000000e-01 5.000000e-02
35808: 1.814480e+00 1.570136e+00 1.466063e+00 9.954751e-02 4.977376e-02
35808: 1.815315e+00 1.567568e+00 1.468468e+00 9.909910e-02 4.954955e-02
35808: 1.811659e+00 1.578475e+00 1.461883e+00 9.865471e-02 4.932735e-02
35808: 1.812500e+00 1.575893e+00 1.459821e+00 1.026786e-01 4.910714e-02
35808: 1.808889e+00 1.582222e+00 1.457778e+00 1.022222e-01 4.888889e-02
35808: 1.814159e+00 1.579646e+00 1.455752e+00 1.017699e-01 4.867257e-02
35808: 1.810573e+00 1.581498e+00 1.458150e+00 1.013216e-01 4.845815e-02
35808: 1.807018e+00 1.583333e+00 1.460526e+00 1.008772e-01 4.824561e-02
35808: 1.807860e+00 1.576419e+00 1.467249e+00 1.004367e-01 4.803493e-02
35808: 1.804348e+00 1.578261e+00 1.465217e+00 1.000000e-01 5.217391e-02
35808: 1.805195e+00 1.575758e+00 1.467532e+00 9.956710e-02 5.194805e-02
35808: 1.806034e+00 1.577586e+00 1.465517e+00 9.913793e-02 5.172414e-02
35808: 1.806867e+00 1.575107e+00 1.467811e+00 9.871245e-02 5.150215e-02
35808: 1.807692e+00 1.576923e+00 1.465812e+00 9.829060e-02 5.128205e-02
35808: 1.808511e+00 1.570213e+00 1.472340e+00 9.787234e-02 5.106383e-02
35808: 1.805085e+00 1.567797e+00 1.478814e+00 9.745763e-02 5.084746e-02
35808: 1.810127e+00 1.569620e+00 1.472574e+00 9.704641e-02 5.063291e-02
35808: 1.810924e+00 1.571429e+00 1.470588e+00 9.663866e-02 5.042017e-02
35808: 1.807531e+00 1.564854e+00 1.481172e+00 9.623431e-02 5.020921e-02
35808: 1.812500e+00 1.566667e+00 1.475000e+00 9.583333e-02 5.000000e-02
35808: 1.809129e+00 1.568465e+00 1.477178e+00 9.543568e-02 4.979253e-02
35808: 1.805785e+00 1.578512e+00 1.471074e+00 9.504132e-02 4.958678e-02
35808: 1.806584e+00 1.576132e+00 1.473251e+00 9.465021e-02 4.938272e-02
35808: 1.807377e+00 1.577869e+00 1.471311e+00 9.426230e-02 4.918033e-02
35808: 1.804082e+00 1.575510e+00 1.473469e+00 9.795918e-02 4.897959e-02
35808: 1.808943e+00 1.573171e+00 1.471545e+00 9.756098e-02 4.878049e-02
35808: 1.809717e+00 1.574899e+00 1.469636e+00 9.716599e-02 4.858300e-02
35808: 1.810484e+00 1.568548e+00 1.475806e+00 9.677419e-02 4.838710e-02
35808: 1.807229e+00 1.574297e+00 1.473896e+00 9.638554e-02 4.819277e-02
35808: 1.804000e+00 1.580000e+00 1.472000e+00 9.600000e-02 4.800000e-02
35808: 1.804781e+00 1.577689e+00 1.474104e+00 9.561753e-02 4.780876e-02
35808: 1.801587e+00 1.579365e+00 1.476190e+00 9.523810e-02 4.761905e-02
35808: 1.798419e+00 1.584980e+00 1.474308e+00 9.486166e-02 4.743083e-02
35808: 1.799213e+00 1.582677e+00 1.476378e+00 9.448819e-02 4.724409e-02
35808: 1.800000e+00 1.580392e+00 1.478431e+00 9.411765e-02 4.705882e-02
35808: 1.800781e+00 1.582031e+00 1.476562e+00 9.375000e-02 4.687500e-02
35808: 1.797665e+00 1.579767e+00 1.482490e+00 9.338521e-02 4.669261e-02
35808: 1.802326e+00 1.577519e+00 1.480620e+00 9.302326e-02 4.651163e-02
35808: 1.799228e+00 1.575290e+00 1.486486e+00 9.266409e-02 4.633205e-02
35808: 1.800000e+00 1.573077e+00 1.488462e+00 9.230769e-02 4.615385e-02
35808: 1.800766e+00 1.574713e+00 1.486590e+00 9.195402e-02 4.597701e-02
35808: 1.797710e+00 1.572519e+00 1.492366e+00 9.160305e-02 4.580153e-02
35808: 1.802281e+00 1.566540e+00 1.494297e+00 9.125475e-02 4.562738e-02
35808: 1.799242e+00 1.571970e+00 1.492424e+00 9.090909e-02 4.545455e-02
35808: 1.800000e+00 1.569811e+00 1.494340e+00 9.056604e-02 4.528302e-02
35808: 1.800752e+00 1.575188e+00 1.488722e+00 9.022556e-02 4.511278e-02
35808: 1.801498e+00 1.573034e+00 1.490637e+00 8.988764e-02 4.494382e-02
35808: 1.798507e+00 1.574627e+00 1.492537e+00 8.955224e-02 4.477612e-02
35808: 1.799257e+00 1.576208e+00 1.490706e+00 8.921933e-02 4.460967e-02
35808: 1.800000e+00 1.570370e+00 1.496296e+00 8.888889e-02 4.444444e-02
35808: 1.800738e+00 1.571956e+00 1.494465e+00 8.856089e-02 4.428044e-02
35808: 1.797794e+00 1.569853e+00 1.500000e+00 8.823529e-02 4.411765e-02
35808: 1.794872e+00 1.575092e+00 1.494505e+00 9.157509e-02 4.395604e-02
35808: 1.795620e+00 1.569343e+00 1.500000e+00 9.124088e-02 4.379562e-02
35808: 1.792727e+00 1.570909e+00 1.498182e+00 9.090909e-02 4.727273e-02
35808: 1.797101e+00 1.565217e+00 1.500000e+00 9.057971e-02 4.710145e-02
35808: 1.794224e+00 1.566787e+00 1.498195e+00 9.386282e-02 4.693141e-02
35808: 1.794964e+00 1.568345e+00 1.496403e+00 9.352518e-02 4.676259e-02
35808: 1.795699e+00 1.569892e+00 1.494624e+00 9.318996e-02 4.659498e-02
35808: 1.792857e+00 1.571429e+00 1.496429e+00 9.285714e-02 4.642857e-02
35808: 1.790036e+00 1.569395e+00 1.501779e+00 9.252669e-02 4.626335e-02
35808: 1.790780e+00 1.570922e+00 1.500000e+00 9.219858e-02 4.609929e-02
35808: 1.791519e+00 1.568905e+00 1.501767e+00 9.187279e-02 4.593640e-02
35808: 1.788732e+00 1.577465e+00 1.496479e+00 9.154930e-02 4.577465e-02
35808: 1.789474e+00 1.575439e+00 1.498246e+00 9.122807e-02 4.561404e-02
35808: 1.786713e+00 1.573427e+00 1.503497e+00 9.090909e-02 4.545455e-02
35808: 1.783972e+00 1.574913e+00 1.501742e+00 9.059233e-02 4.878049e-02
35808: 1.784722e+00 1.569444e+00 1.506944e+00 9.027778e-02 4.861111e-02
35808: 1.782007e+00 1.577855e+00 1.501730e+00 8.996540e-02 4.844291e-02
35808: 1.782759e+00 1.575862e+00 1.503448e+00 8.965517e-02 4.827586e-02
35808: 1.780069e+00 1.580756e+00 1.501718e+00 8.934708e-02 4.810997e-02
35808: 1.784247e+00 1.578767e+00 1.500000e+00 8.904110e-02 4.794521e-02
35808: 1.781570e+00 1.580205e+00 1.498294e+00 9.215017e-02 4.778157e-02
35808: 1.778912e+00 1.585034e+00 1.496599e+00 9.183673e-02 4.761905e-02
35808: 1.783051e+00 1.583051e+00 1.494915e+00 9.152542e-02 4.745763e-02
35808: 1.783784e+00 1.581081e+00 1.496622e+00 9.121622e-02 4.729730e-02
35808: 1.781145e+00 1.585859e+00 1.494949e+00 9.090909e-02 4.713805e-02
35808: 1.778523e+00 1.587248e+00 1.493289e+00 9.395973e-02 4.697987e-02
35808: 1.779264e+00 1.588629e+00 1.491639e+00 9.364548e-02 4.682274e-02
35808: 1.776667e+00 1.586667e+00 1.493333e+00 9.666667e-02 4.666667e-02
35808: 1.777409e+00 1.584718e+00 1.495017e+00 9.634551e-02 4.651163e-02
35808: 1.774834e+00 1.582781e+00 1.496689e+00 9.602649e-02 4.966887e-02
35808: 1.778878e+00 1.577558e+00 1.498350e+00 9.570957e-02 4.950495e-02
35808: 1.779605e+00 1.578947e+00 1.496711e+00 9.539474e-02 4.934211e-02
35808: 1.777049e+00 1.577049e+00 1.501639e+00 9.508197e-02 4.918033e-02
35808: 1.777778e+00 1.575163e+00 1.500000e+00 9.803922e-02 4.901961e-02
35808: 1.775244e+00 1.576547e+00 1.501629e+00 9.771987e-02 4.885993e-02
35808: 1.772727e+00 1.577922e+00 1.503247e+00 9.740260e-02 4.870130e-02
35808: 1.776699e+00 1.576052e+00 1.501618e+00 9.708738e-02 4.854369e-02
35808: 1.777419e+00 1.577419e+00 1.500000e+00 9.677419e-02 4.838710e-02
35808: 1.774920e+00 1.575563e+00 1.504823e+00 9.646302e-02 4.823151e-02
35808: 1.775641e+00 1.573718e+00 1.503205e+00 9.615385e-02 5.128205e-02
35808: 1.773163e+00 1.578275e+00 1.501597e+00 9.584665e-02 5.111821e-02
35808: 1.773885e+00 1.576433e+00 1.503185e+00 9.554140e-02 5.095541e-02
35808: 1.774603e+00 1.577778e+00 1.501587e+00 9.523810e-02 5.079365e-02
35808: 1.772152e+00 1.575949e+00 1.506329e+00 9.493671e-02 5.063291e-02
35808: 1.772871e+00 1.574132e+00 1.507886e+00 9.463722e-02 5.047319e-02
35808: 1.770440e+00 1.578616e+00 1.506289e+00 9.433962e-02 5.031447e-02
35808: 1.771160e+00 1.576803e+00 1.507837e+00 9.404389e-02 5.015674e-02
35808: 1.768750e+00 1.581250e+00 1.506250e+00 9.375000e-02 5.000000e-02
35808: 1.769470e+00 1.582555e+00 1.504673e+00 9.345794e-02 4.984424e-02
35808: 1.770186e+00 1.580745e+00 1.506211e+00 9.316770e-02 4.968944e-02
35808: 1.770898e+00 1.582043e+00 1.504644e+00 9.287926e-02 4.953560e-02
35808: 1.768519e+00 1.577160e+00 1.512346e+00 9.259259e-02 4.938272e-02
35808: 1.772308e+00 1.575385e+00 1.510769e+00 9.230769e-02 4.923077e-02
35808: 1.769939e+00 1.576687e+00 1.512270e+00 9.202454e-02 4.907975e-02
35808: 1.770642e+00 1.574924e+00 1.513761e+00 9.174312e-02 4.892966e-02
35808: 1.768293e+00 1.579268e+00 1.512195e+00 9.146341e-02 4.878049e-02
35808: 1.772036e+00 1.577508e+00 1.510638e+00 9.118541e-02 4.863222e-02
35808: 1.769697e+00 1.578788e+00 1.512121e+00 9.090909e-02 4.848485e-02
35808: 1.770393e+00 1.577039e+00 1.513595e+00 9.063444e-02 4.833837e-02
35808: 1.771084e+00 1.578313e+00 1.512048e+00 9.036145e-02 4.819277e-02
35808: 1.771772e+00 1.576577e+00 1.513514e+00 9.009009e-02 4.804805e-02
35808: 1.769461e+00 1.577844e+00 1.514970e+00 8.982036e-02 4.790419e-02
35808: 1.770149e+00 1.579104e+00 1.513433e+00 8.955224e-02 4.776119e-02
35808: 1.767857e+00 1.577381e+00 1.514881e+00 8.928571e-02 5.059524e-02
35808: 1.768546e+00 1.578635e+00 1.513353e+00 8.902077e-02 5.044510e-02
35808: 1.766272e+00 1.576923e+00 1.514793e+00 8.875740e-02 5.325444e-02
35808: 1.766962e+00 1.575221e+00 1.513274e+00 9.144543e-02 5.309735e-02
35808: 1.767647e+00 1.576471e+00 1.511765e+00 9.117647e-02 5.294118e-02
35808: 1.768328e+00 1.574780e+00 1.513196e+00 9.090909e-02 5.278592e-02
35808: 1.769006e+00 1.576023e+00 1.511696e+00 9.064327e-02 5.263158e-02
35808: 1.766764e+00 1.577259e+00 1.513120e+00 9.037901e-02 5.247813e-02
35808: 1.767442e+00 1.575581e+00 1.514535e+00 9.011628e-02 5.232558e-02
35808: 1.768116e+00 1.573913e+00 1.515942e+00 8.985507e-02 5.217391e-02
35808: 1.765896e+00 1.578035e+00 1.514451e+00 8.959538e-02 5.202312e-02
35808: 1.766571e+00 1.576369e+00 1.512968e+00 9.221902e-02 5.187320e-02
35808: 1.764368e+00 1.577586e+00 1.511494e+00 9.482759e-02 5.172414e-02
35808: 1.765043e+00 1.575931e+00 1.512894e+00 9.455587e-02 5.157593e-02
35808: 1.765714e+00 1.577143e+00 1.511429e+00 9.428571e-02 5.142857e-02
35808: 1.763533e+00 1.575499e+00 1.515670e+00 9.401709e-02 5.128205e-02
35808: 1.764205e+00 1.573864e+00 1.517045e+00 9.375000e-02 5.113636e-02
35808: 1.762040e+00 1.575071e+00 1.518414e+00 9.348442e-02 5.099150e-02
35808: 1.762712e+00 1.573446e+00 1.519774e+00 9.322034e-02 5.084746e-02
35808: 1.760563e+00 1.571831e+00 1.523944e+00 9.295775e-02 5.070423e-02
35808: 1.764045e+00 1.570225e+00 1.522472e+00 9.269663e-02 5.056180e-02
35808: 1.761905e+00 1.574230e+00 1.521008e+00 9.243697e-02 5.042017e-02
35808: 1.762570e+00 1.572626e+00 1.522346e+00 9.217877e-02 5.027933e-02
35808: 1.760446e+00 1.576602e+00 1.520891e+00 9.192201e-02 5.013928e-02
35808: 1.761111e+00 1.575000e+00 1.519444e+00 9.166667e-02 5.277778e-02
35808: 1.759003e+00 1.576177e+00 1.518006e+00 9.418283e-02 5.263158e-02
35808: 1.759669e+00 1.577348e+00 1.516575e+00 9.392265e-02 5.248619e-02
35808: 1.760331e+00 1.575758e+00 1.517906e+00 9.366391e-02 5.234160e-02
35808: 1.758242e+00 1.579670e+00 1.516484e+00 9.340659e-02 5.219780e-02
35808: 1.758904e+00 1.578082e+00 1.517808e+00 9.315068e-02 5.205479e-02
35808: 1.756831e+00 1.581967e+00 1.516393e+00 9.289617e-02 5.191257e-02
35808: 1.757493e+00 1.583106e+00 1.514986e+00 9.264305e-02 5.177112e-02
35808: 1.755435e+00 1.584239e+00 1.516304e+00 9.239130e-02 5.163043e-02
35808: 1.756098e+00 1.585366e+00 1.514905e+00 9.214092e-02 5.149051e-02
35808: 1.754054e+00 1.583784e+00 1.518919e+00 9.189189e-02 5.135135e-02
35808: 1.754717e+00 1.584906e+00 1.517520e+00 9.164420e-02 5.121294e-02
35808: 1.755376e+00 1.583333e+00 1.518817e+00 9.139785e-02 5.107527e-02
35808: 1.756032e+00 1.584450e+00 1.517426e+00 9.115282e-02 5.093834e-02
35808: 1.754011e+00 1.582888e+00 1.518717e+00 9.090909e-02 5.347594e-02
35808: 1.757333e+00 1.581333e+00 1.517333e+00 9.066667e-02 5.333333e-02
35808: 1.757979e+00 1.582447e+00 1.515957e+00 9.042553e-02 5.319149e-02
35808: 1.755968e+00 1.583554e+00 1.517241e+00 9.018568e-02 5.305040e-02
35808: 1.759259e+00 1.582011e+00 1.515873e+00 8.994709e-02 5.291005e-02
35808: 1.757256e+00 1.583113e+00 1.514512e+00 9.234828e-02 5.277045e-02
35808: 1.757895e+00 1.584211e+00 1.513158e+00 9.210526e-02 5.263158e-02
35808: 1.755906e+00 1.582677e+00 1.517060e+00 9.186352e-02 5.249344e-02
35808: 1.756545e+00 1.581152e+00 1.518325e+00 9.162304e-02 5.235602e-02
35808: 1.754569e+00 1.584856e+00 1.516971e+00 9.138381e-02 5.221932e-02
35808: 1.755208e+00 1.585938e+00 1.515625e+00 9.114583e-02 5.208333e-02
35808: 1.755844e+00 1.584416e+00 1.516883e+00 9.090909e-02 5.194805e-02
35808: 1.753886e+00 1.585492e+00 1.515544e+00 9.326425e-02 5.181347e-02
35808: 1.757106e+00 1.583979e+00 1.514212e+00 9.302326e-02 5.167959e-02
35808: 1.755155e+00 1.585052e+00 1.515464e+00 9.278351e-02 5.154639e-02
35808: 1.755784e+00 1.583548e+00 1.514139e+00 9.511568e-02 5.141388e-02
35808: 1.753846e+00 1.584615e+00 1.515385e+00 9.487179e-02 5.128205e-02
35808: 1.754476e+00 1.583120e+00 1.514066e+00 9.462916e-02 5.370844e-02
35808: 1.755102e+00 1.584184e+00 1.512755e+00 9.438776e-02 5.357143e-02
35808: 1.753181e+00 1.582697e+00 1.516539e+00 9.414758e-02 5.343511e-02
35808: 1.753807e+00 1.581218e+00 1.517766e+00 9.390863e-02 5.329949e-02
35808: 1.751899e+00 1.582278e+00 1.516456e+00 9.620253e-02 5.316456e-02
35808: 1.752525e+00 1.583333e+00 1.515152e+00 9.595960e-02 5.303030e-02
35808: 1.753149e+00 1.581864e+00 1.516373e+00 9.571788e-02 5.289673e-02
35808: 1.751256e+00 1.582915e+00 1.517588e+00 9.547739e-02 5.276382e-02
35808: 1.754386e+00 1.581454e+00 1.516291e+00 9.523810e-02 5.263158e-02
35808: 1.752500e+00 1.582500e+00 1.515000e+00 9.500000e-02 5.500000e-02
35808: 1.753117e+00 1.581047e+00 1.516209e+00 9.476309e-02 5.486284e-02
35808: 1.751244e+00 1.582090e+00 1.514925e+00 9.452736e-02 5.721393e-02
35808: 1.751861e+00 1.578164e+00 1.518610e+00 9.429280e-02 5.707196e-02
35808: 1.750000e+00 1.579208e+00 1.519802e+00 9.405941e-02 5.693069e-02
35808: 1.750617e+00 1.577778e+00 1.518519e+00 9.629630e-02 5.679012e-02
35808: 1.748768e+00 1.578818e+00 1.519704e+00 9.605911e-02 5.665025e-02
35808: 1.749386e+00 1.577396e+00 1.520885e+00 9.582310e-02 5.651106e-02
35808: 1.747549e+00 1.578431e+00 1.519608e+00 9.803922e-02 5.637255e-02
35808: 1.748166e+00 1.577017e+00 1.520782e+00 9.779951e-02 5.623472e-02
35808: 1.748780e+00 1.578049e+00 1.519512e+00 9.756098e-02 5.609756e-02
35808: 1.749392e+00 1.576642e+00 1.520681e+00 9.732360e-02 5.596107e-02
35808: 1.747573e+00 1.577670e+00 1.521845e+00 9.708738e-02 5.582524e-02
35808: 1.748184e+00 1.576271e+00 1.520581e+00 9.927361e-02 5.569007e-02
35808: 1.746377e+00 1.577295e+00 1.521739e+00 9.903382e-02 5.555556e-02
35808: 1.746988e+00 1.575904e+00 1.522892e+00 9.879518e-02 5.542169e-02
35808: 1.745192e+00 1.576923e+00 1.524038e+00 9.855769e-02 5.528846e-02
35808: 1.745803e+00 1.577938e+00 1.522782e+00 9.832134e-02 5.515588e-02
35808: 1.746411e+00 1.574163e+00 1.526316e+00 9.808612e-02 5.502392e-02
35808: 1.744630e+00 1.577566e+00 1.525060e+00 9.785203e-02 5.489260e-02
35808: 1.747619e+00 1.576190e+00 1.523810e+00 9.761905e-02 5.476190e-02
35808: 1.745843e+00 1.577197e+00 1.524941e+00 9.738717e-02 5.463183e-02
35808: 1.746445e+00 1.578199e+00 1.523697e+00 9.715640e-02 5.450237e-02
35808: 1.744681e+00 1.574468e+00 1.529551e+00 9.692671e-02 5.437352e-02
35808: 1.745283e+00 1.575472e+00 1.528302e+00 9.669811e-02 5.424528e-02
35808: 1.745882e+00 1.574118e+00 1.529412e+00 9.647059e-02 5.411765e-02
35808: 1.744131e+00 1.575117e+00 1.528169e+00 9.859155e-02 5.399061e-02
35808: 1.744731e+00 1.576112e+00 1.526932e+00 9.836066e-02 5.386417e-02
35808: 1.745327e+00 1.574766e+00 1.528037e+00 9.813084e-02 5.373832e-02
35808: 1.743590e+00 1.578089e+00 1.526807e+00 9.790210e-02 5.361305e-02
35808: 1.744186e+00 1.576744e+00 1.525581e+00 1.000000e-01 5.348837e-02
35808: 1.744780e+00 1.577726e+00 1.524362e+00 9.976798e-02 5.336427e-02
35808: 1.743056e+00 1.578704e+00 1.525463e+00 9.953704e-02 5.324074e-02
35808: 1.745958e+00 1.577367e+00 1.524249e+00 9.930716e-02 5.311778e-02
35808: 1.744240e+00 1.580645e+00 1.523041e+00 9.907834e-02 5.299539e-02
35808: 1.744828e+00 1.579310e+00 1.521839e+00 1.011494e-01 5.287356e-02
35808: 1.745413e+00 1.580275e+00 1.520642e+00 1.009174e-01 5.275229e-02
35808: 1.743707e+00 1.578947e+00 1.524027e+00 1.006865e-01 5.263158e-02
35808: 1.746575e+00 1.577626e+00 1.522831e+00 1.004566e-01 5.251142e-02
35808: 1.747153e+00 1.578588e+00 1.521640e+00 1.002278e-01 5.239180e-02
35808: 1.745455e+00 1.577273e+00 1.525000e+00 1.000000e-01 5.227273e-02
35808: 1.746032e+00 1.575964e+00 1.526077e+00 9.977324e-02 5.215420e-02
35808: 1.744344e+00 1.579186e+00 1.524887e+00 9.954751e-02 5.203620e-02
35808: 1.744921e+00 1.577878e+00 1.525959e+00 9.932280e-02 5.191874e-02
35808: 1.745495e+00 1.578829e+00 1.524775e+00 9.909910e-02 5.180180e-02
35808: 1.743820e+00 1.577528e+00 1.528090e+00 9.887640e-02 5.168539e-02
35808: 1.744395e+00 1.576233e+00 1.529148e+00 9.865471e-02 5.156951e-02
35808: 1.742729e+00 1.579418e+00 1.527964e+00 9.843400e-02 5.145414e-02
35808: 1.743304e+00 1.578125e+00 1.526786e+00 9.821429e-02 5.357143e-02
35808: 1.741648e+00 1.579065e+00 1.527840e+00 9.799555e-02 5.345212e-02
35808: 1.742222e+00 1.577778e+00 1.528889e+00 9.777778e-02 5.333333e-02
35808: 1.740576e+00 1.578714e+00 1.527716e+00 9.977827e-02 5.321508e-02
35808: 1.741150e+00 1.577434e+00 1.528761e+00 9.955752e-02 5.309735e-02
35808: 1.739514e+00 1.578366e+00 1.527594e+00 9.933775e-02 5.518764e-02
35808: 1.742291e+00 1.577093e+00 1.526432e+00 9.911894e-02 5.506608e-02
35808: 1.742857e+00 1.578022e+00 1.525275e+00 9.890110e-02 5.494505e-02
35808: 1.743421e+00 1.576754e+00 1.526316e+00 9.868421e-02 5.482456e-02
35808: 1.741794e+00 1.577681e+00 1.527352e+00 9.846827e-02 5.470460e-02
35808: 1.742358e+00 1.576419e+00 1.526201e+00 1.004367e-01 5.458515e-02
35808: 1.740741e+00 1.577342e+00 1.527233e+00 1.002179e-01 5.446623e-02
35808: 1.741304e+00 1.576087e+00 1.526087e+00 1.000000e-01 5.652174e-02
35808: 1.741866e+00 1.577007e+00 1.524946e+00 9.978308e-02 5.639913e-02
35808: 1.740260e+00 1.575758e+00 1.525974e+00 1.017316e-01 5.627706e-02
35808: 1.740821e+00 1.574514e+00 1.524838e+00 1.015119e-01 5.831533e-02
35808: 1.739224e+00 1.575431e+00 1.525862e+00 1.012931e-01 5.818966e-02
35808: 1.739785e+00 1.574194e+00 1.524731e+00 1.032258e-01 5.806452e-02
35808: 1.740343e+00 1.575107e+00 1.523605e+00 1.030043e-01 5.793991e-02
35808: 1.738758e+00 1.571734e+00 1.528908e+00 1.027837e-01 5.781585e-02
35808: 1.739316e+00 1.570513e+00 1.529915e+00 1.025641e-01 5.769231e-02
35808: 1.737740e+00 1.571429e+00 1.530917e+00 1.023454e-01 5.756930e-02
35808: 1.738298e+00 1.572340e+00 1.529787e+00 1.021277e-01 5.744681e-02
35808: 1.736730e+00 1.571125e+00 1.532909e+00 1.019108e-01 5.732484e-02
35808: 1.737288e+00 1.572034e+00 1.531780e+00 1.016949e-01 5.720339e-02
35808: 1.735729e+00 1.570825e+00 1.534884e+00 1.014799e-01 5.708245e-02
35808: 1.738397e+00 1.569620e+00 1.533755e+00 1.012658e-01 5.696203e-02
35808: 1.738947e+00 1.572632e+00 1.530526e+00 1.010526e-01 5.684211e-02
35808: 1.737395e+00 1.571429e+00 1.531513e+00 1.029412e-01 5.672269e-02
35808: 1.737945e+00 1.570231e+00 1.532495e+00 1.027254e-01 5.660377e-02
35808: 1.736402e+00 1.571130e+00 1.533473e+00 1.025105e-01 5.648536e-02
35808: 1.736952e+00 1.569937e+00 1.534447e+00 1.022965e-01 5.636743e-02
35808: 1.737500e+00 1.570833e+00 1.533333e+00 1.020833e-01 5.625000e-02
35808: 1.738046e+00 1.569647e+00 1.534304e+00 1.018711e-01 5.613306e-02
35808: 1.736515e+00 1.570539e+00 1.535270e+00 1.016598e-01 5.601660e-02
35808: 1.737060e+00 1.569358e+00 1.534161e+00 1.035197e-01 5.590062e-02
35808: 1.737603e+00 1.572314e+00 1.530992e+00 1.033058e-01 5.578512e-02
35808: 1.736082e+00 1.573196e+00 1.531959e+00 1.030928e-01 5.567010e-02
35808: 1.736626e+00 1.569959e+00 1.532922e+00 1.049383e-01 5.555556e-02
35808: 1.735113e+00 1.574949e+00 1.529774e+00 1.047228e-01 5.544148e-02
35808: 1.735656e+00 1.573770e+00 1.530738e+00 1.045082e-01 5.532787e-02
35808: 1.734151e+00 1.576687e+00 1.529652e+00 1.042945e-01 5.521472e-02
35808: 1.734694e+00 1.575510e+00 1.530612e+00 1.040816e-01 5.510204e-02
35808: 1.733198e+00 1.576375e+00 1.529532e+00 1.059063e-01 5.498982e-02
35808: 1.733740e+00 1.575203e+00 1.528455e+00 1.056911e-01 5.691057e-02
35808: 1.732252e+00 1.578093e+00 1.527383e+00 1.054767e-01 5.679513e-02
35808: 1.732794e+00 1.576923e+00 1.528340e+00 1.052632e-01 5.668016e-02
35808: 1.733333e+00 1.577778e+00 1.527273e+00 1.050505e-01 5.656566e-02
35808: 1.731855e+00 1.576613e+00 1.530242e+00 1.048387e-01 5.645161e-02
35808: 1.732394e+00 1.575453e+00 1.531187e+00 1.046278e-01 5.633803e-02
35808: 1.732932e+00 1.576305e+00 1.530120e+00 1.044177e-01 5.622490e-02
35808: 1.733467e+00 1.575150e+00 1.531062e+00 1.042084e-01 5.611222e-02
35808: 1.732000e+00 1.576000e+00 1.532000e+00 1.040000e-01 5.600000e-02
35808: 1.734531e+00 1.574850e+00 1.530938e+00 1.037924e-01 5.588822e-02
35808: 1.733068e+00 1.575697e+00 1.531873e+00 1.035857e-01 5.577689e-02
35808: 1.733598e+00 1.574553e+00 1.530815e+00 1.053678e-01 5.566600e-02
35808: 1.734127e+00 1.575397e+00 1.529762e+00 1.051587e-01 5.555556e-02
35808: 1.732673e+00 1.574257e+00 1.532673e+00 1.049505e-01 5.544554e-02
35808: 1.735178e+00 1.573123e+00 1.531621e+00 1.047431e-01 5.533597e-02
35808: 1.733728e+00 1.571992e+00 1.534517e+00 1.045365e-01 5.522682e-02
35808: 1.734252e+00 1.570866e+00 1.535433e+00 1.043307e-01 5.511811e-02
35808: 1.734774e+00 1.571709e+00 1.534381e+00 1.041257e-01 5.500982e-02
35808: 1.733333e+00 1.568627e+00 1.539216e+00 1.039216e-01 5.490196e-02
35808: 1.733855e+00 1.571429e+00 1.536204e+00 1.037182e-01 5.479452e-02
35808: 1.732422e+00 1.572266e+00 1.537109e+00 1.035156e-01 5.468750e-02
35808: 1.734893e+00 1.571150e+00 1.536062e+00 1.033138e-01 5.458090e-02
35808: 1.733463e+00 1.571984e+00 1.535019e+00 1.031128e-01 5.642023e-02
35808: 1.733981e+00 1.570874e+00 1.533981e+00 1.048544e-01 5.631068e-02
35808: 1.732558e+00 1.573643e+00 1.532946e+00 1.046512e-01 5.620155e-02
35808: 1.735010e+00 1.572534e+00 1.531915e+00 1.044487e-01 5.609284e-02
35808: 1.733591e+00 1.573359e+00 1.532819e+00 1.042471e-01 5.598456e-02
35808: 1.736031e+00 1.572254e+00 1.531792e+00 1.040462e-01 5.587669e-02
35808: 1.736538e+00 1.573077e+00 1.530769e+00 1.038462e-01 5.576923e-02
35808: 1.737044e+00 1.570058e+00 1.533589e+00 1.036468e-01 5.566219e-02
35808: 1.735632e+00 1.570881e+00 1.534483e+00 1.034483e-01 5.555556e-02
35808: 1.736138e+00 1.569790e+00 1.535373e+00 1.032505e-01 5.544933e-02
35808: 1.734733e+00 1.574427e+00 1.532443e+00 1.030534e-01 5.534351e-02
35808: 1.735238e+00 1.573333e+00 1.533333e+00 1.028571e-01 5.523810e-02
35808: 1.733840e+00 1.574144e+00 1.534221e+00 1.026616e-01 5.513308e-02
35808: 1.734345e+00 1.573055e+00 1.535104e+00 1.024668e-01 5.502846e-02
35808: 1.732955e+00 1.575758e+00 1.534091e+00 1.022727e-01 5.492424e-02
35808: 1.733459e+00 1.574669e+00 1.533081e+00 1.039698e-01 5.482042e-02
35808: 1.732075e+00 1.575472e+00 1.532075e+00 1.056604e-01 5.471698e-02
35808: 1.732580e+00 1.576271e+00 1.531073e+00 1.054614e-01 5.461394e-02
35808: 1.731203e+00 1.575188e+00 1.533835e+00 1.052632e-01 5.451128e-02
35808: 1.731707e+00 1.574109e+00 1.534709e+00 1.050657e-01 5.440901e-02
35808: 1.732210e+00 1.574906e+00 1.533708e+00 1.048689e-01 5.430712e-02
35808: 1.730841e+00 1.573832e+00 1.536449e+00 1.046729e-01 5.420561e-02
35808: 1.733209e+00 1.572761e+00 1.535448e+00 1.044776e-01 5.410448e-02
35808: 1.731844e+00 1.571695e+00 1.538175e+00 1.042831e-01 5.400372e-02
35808: 1.732342e+00 1.572491e+00 1.537175e+00 1.040892e-01 5.390335e-02
35808: 1.730983e+00 1.571429e+00 1.538033e+00 1.038961e-01 5.565863e-02
35808: 1.731481e+00 1.570370e+00 1.538889e+00 1.037037e-01 5.555556e-02
35808: 1.730129e+00 1.569316e+00 1.539741e+00 1.053604e-01 5.545287e-02
35808: 1.730627e+00 1.570111e+00 1.538745e+00 1.051661e-01 5.535055e-02
35808: 1.731123e+00 1.569061e+00 1.539595e+00 1.049724e-01 5.524862e-02
35808: 1.729779e+00 1.571691e+00 1.538603e+00 1.047794e-01 5.514706e-02
35808: 1.730275e+00 1.572477e+00 1.537615e+00 1.045872e-01 5.504587e-02
35808: 1.730769e+00 1.569597e+00 1.540293e+00 1.043956e-01 5.494505e-02
35808: 1.729433e+00 1.570384e+00 1.541133e+00 1.042048e-01 5.484461e-02
35808: 1.729927e+00 1.569343e+00 1.541971e+00 1.040146e-01 5.474453e-02
35808: 1.728597e+00 1.573770e+00 1.539162e+00 1.038251e-01 5.464481e-02
35808: 1.729091e+00 1.574545e+00 1.538182e+00 1.036364e-01 5.454545e-02
35808: 1.729583e+00 1.573503e+00 1.539020e+00 1.034483e-01 5.444646e-02
35808: 1.728261e+00 1.576087e+00 1.538043e+00 1.032609e-01 5.434783e-02
35808: 1.728752e+00 1.576854e+00 1.537071e+00 1.030741e-01 5.424955e-02
35808: 1.727437e+00 1.574007e+00 1.539711e+00 1.028881e-01 5.595668e-02
35808: 1.727928e+00 1.574775e+00 1.538739e+00 1.027027e-01 5.585586e-02
35808: 1.726619e+00 1.571942e+00 1.543165e+00 1.025180e-01 5.575540e-02
35808: 1.728905e+00 1.570916e+00 1.542190e+00 1.023339e-01 5.565530e-02
35808: 1.727599e+00 1.571685e+00 1.543011e+00 1.021505e-01 5.555556e-02
35808: 1.728086e+00 1.570662e+00 1.542039e+00 1.037567e-01 5.545617e-02
35808: 1.726786e+00 1.571429e+00 1.542857e+00 1.035714e-01 5.535714e-02
35808: 1.727273e+00 1.572193e+00 1.541889e+00 1.033868e-01 5.525847e-02
35808: 1.725979e+00 1.571174e+00 1.544484e+00 1.032028e-01 5.516014e-02
35808: 1.726465e+00 1.570160e+00 1.543517e+00 1.030195e-01 5.683837e-02
35808: 1.725177e+00 1.570922e+00 1.542553e+00 1.046099e-01 5.673759e-02
35808: 1.725664e+00 1.571681e+00 1.541593e+00 1.044248e-01 5.663717e-02
35808: 1.724382e+00 1.572438e+00 1.542403e+00 1.042403e-01 5.653710e-02
35808: 1.724868e+00 1.573192e+00 1.541446e+00 1.040564e-01 5.643739e-02
35808: 1.723592e+00 1.572183e+00 1.544014e+00 1.038732e-01 5.633803e-02
35808: 1.724077e+00 1.571178e+00 1.543058e+00 1.054482e-01 5.623902e-02
35808: 1.724561e+00 1.571930e+00 1.542105e+00 1.052632e-01 5.614035e-02
35808: 1.723292e+00 1.570928e+00 1.544658e+00 1.050788e-01 5.604203e-02
35808: 1.725524e+00 1.569930e+00 1.543706e+00 1.048951e-01 5.594406e-02
35808: 1.724258e+00 1.574171e+00 1.541012e+00 1.047120e-01 5.584642e-02
35808: 1.724739e+00 1.573171e+00 1.541812e+00 1.045296e-01 5.574913e-02
35808: 1.725217e+00 1.573913e+00 1.540870e+00 1.043478e-01 5.565217e-02
35808: 1.723958e+00 1.572917e+00 1.543403e+00 1.041667e-01 5.555556e-02
35808: 1.726170e+00 1.571924e+00 1.542461e+00 1.039861e-01 5.545927e-02
35808: 1.724913e+00 1.572664e+00 1.541522e+00 1.038062e-01 5.709343e-02
35808: 1.725389e+00 1.573402e+00 1.540587e+00 1.036269e-01 5.699482e-02
35808: 1.724138e+00 1.572414e+00 1.543103e+00 1.034483e-01 5.689655e-02
35808: 1.724613e+00 1.571429e+00 1.543890e+00 1.032702e-01 5.679862e-02
35808: 1.725086e+00 1.572165e+00 1.542955e+00 1.030928e-01 5.670103e-02
35808: 1.723842e+00 1.571184e+00 1.545455e+00 1.029160e-01 5.660377e-02
35808: 1.726027e+00 1.570205e+00 1.544521e+00 1.027397e-01 5.650685e-02
35808: 1.726496e+00 1.570940e+00 1.543590e+00 1.025641e-01 5.641026e-02
35808: 1.725256e+00 1.569966e+00 1.546075e+00 1.023891e-01 5.631399e-02
35808: 1.725724e+00 1.570698e+00 1.545145e+00 1.022147e-01 5.621806e-02
35808: 1.724490e+00 1.568027e+00 1.549320e+00 1.020408e-01 5.612245e-02
35808: 1.724958e+00 1.568761e+00 1.548387e+00 1.018676e-01 5.602716e-02
35808: 1.723729e+00 1.569492e+00 1.549153e+00 1.016949e-01 5.593220e-02
35808: 1.725888e+00 1.570220e+00 1.546531e+00 1.015228e-01 5.583756e-02
35808: 1.724662e+00 1.570946e+00 1.547297e+00 1.013514e-01 5.574324e-02
35808: 1.725126e+00 1.569983e+00 1.548061e+00 1.011804e-01 5.564924e-02
35808: 1.723906e+00 1.572391e+00 1.545455e+00 1.010101e-01 5.723906e-02
35808: 1.724370e+00 1.573109e+00 1.544538e+00 1.008403e-01 5.714286e-02
35808: 1.723154e+00 1.572148e+00 1.546980e+00 1.006711e-01 5.704698e-02
35808: 1.723618e+00 1.572864e+00 1.546064e+00 1.005025e-01 5.695142e-02
35808: 1.722408e+00 1.570234e+00 1.550167e+00 1.003344e-01 5.685619e-02
35808: 1.722871e+00 1.570952e+00 1.549249e+00 1.001669e-01 5.676127e-02
35808: 1.721667e+00 1.570000e+00 1.551667e+00 1.000000e-01 5.666667e-02
35808: 1.722130e+00 1.569052e+00 1.552413e+00 9.983361e-02 5.657238e-02
35808: 1.720930e+00 1.573090e+00 1.549834e+00 9.966777e-02 5.647841e-02
35808: 1.721393e+00 1.572139e+00 1.548922e+00 1.011609e-01 5.638474e-02
35808: 1.720199e+00 1.574503e+00 1.548013e+00 1.009934e-01 5.629139e-02
35808: 1.720661e+00 1.573554e+00 1.548760e+00 1.008264e-01 5.619835e-02
35808: 1.719472e+00 1.575908e+00 1.547855e+00 1.006601e-01 5.610561e-02
35808: 1.719934e+00 1.573311e+00 1.550247e+00 1.004942e-01 5.601318e-02
35808: 1.718750e+00 1.574013e+00 1.550987e+00 1.003289e-01 5.592105e-02
35808: 1.719212e+00 1.573071e+00 1.551724e+00 1.001642e-01 5.582923e-02
35808: 1.719672e+00 1.572131e+00 1.552459e+00 1.000000e-01 5.573770e-02
35808: 1.718494e+00 1.572831e+00 1.553191e+00 9.983633e-02 5.564648e-02
35808: 1.718954e+00 1.573529e+00 1.552288e+00 9.967320e-02 5.555556e-02
35808: 1.717781e+00 1.572594e+00 1.553018e+00 1.011419e-01 5.546493e-02
35808: 1.718241e+00 1.573290e+00 1.552117e+00 1.009772e-01 5.537459e-02
35808: 1.717073e+00 1.572358e+00 1.552846e+00 1.024390e-01 5.528455e-02
35808: 1.719156e+00 1.571429e+00 1.551948e+00 1.022727e-01 5.519481e-02
35808: 1.719611e+00 1.572123e+00 1.551053e+00 1.021070e-01 5.510535e-02
35808: 1.718447e+00 1.572816e+00 1.551780e+00 1.019417e-01 5.501618e-02
35808: 1.718901e+00 1.571890e+00 1.552504e+00 1.017771e-01 5.492730e-02
35808: 1.717742e+00 1.572581e+00 1.553226e+00 1.016129e-01 5.483871e-02
35808: 1.718196e+00 1.573269e+00 1.552335e+00 1.014493e-01 5.475040e-02
35808: 1.717042e+00 1.572347e+00 1.554662e+00 1.012862e-01 5.466238e-02
35808: 1.719101e+00 1.571429e+00 1.553772e+00 1.011236e-01 5.457464e-02
35808: 1.719551e+00 1.572115e+00 1.552885e+00 1.009615e-01 5.448718e-02
35808: 1.718400e+00 1.569600e+00 1.555200e+00 1.024000e-01 5.440000e-02
35808: 1.718850e+00 1.570288e+00 1.552716e+00 1.038339e-01 5.431310e-02
35808: 1.717703e+00 1.569378e+00 1.555024e+00 1.036683e-01 5.422648e-02
35808: 1.716561e+00 1.570064e+00 1.555732e+00 1.035032e-01 5.414013e-02
35808: 1.717011e+00 1.567568e+00 1.556439e+00 1.033386e-01 5.564388e-02
35808: 1.717460e+00 1.569841e+00 1.553968e+00 1.031746e-01 5.555556e-02
35808: 1.716323e+00 1.572108e+00 1.553090e+00 1.030111e-01 5.546751e-02
35808: 1.716772e+00 1.572785e+00 1.552215e+00 1.028481e-01 5.537975e-02
35808: 1.715640e+00 1.573460e+00 1.552923e+00 1.026856e-01 5.529226e-02
35808: 1.716088e+00 1.572555e+00 1.552050e+00 1.025237e-01 5.678233e-02
35808: 1.714961e+00 1.573228e+00 1.551181e+00 1.039370e-01 5.669291e-02
35808: 1.715409e+00 1.572327e+00 1.551887e+00 1.037736e-01 5.660377e-02
35808: 1.714286e+00 1.572998e+00 1.552590e+00 1.036107e-01 5.651491e-02
35808: 1.714734e+00 1.573668e+00 1.551724e+00 1.034483e-01 5.642633e-02
35808: 1.713615e+00 1.572770e+00 1.553991e+00 1.032864e-01 5.633803e-02
35808: 1.714063e+00 1.571875e+00 1.554688e+00 1.031250e-01 5.625000e-02
35808: 1.712949e+00 1.572543e+00 1.553822e+00 1.029641e-01 5.772231e-02
35808: 1.713396e+00 1.570093e+00 1.556075e+00 1.028037e-01 5.763240e-02
35808: 1.712286e+00 1.569207e+00 1.558320e+00 1.026439e-01 5.754277e-02
35808: 1.711180e+00 1.569876e+00 1.557453e+00 1.040373e-01 5.745342e-02
35808: 1.711628e+00 1.572093e+00 1.555039e+00 1.038760e-01 5.736434e-02
35808: 1.710526e+00 1.571207e+00 1.557276e+00 1.037152e-01 5.727554e-02
35808: 1.712519e+00 1.570325e+00 1.556414e+00 1.035549e-01 5.718702e-02
35808: 1.711420e+00 1.570988e+00 1.557099e+00 1.033951e-01 5.709877e-02
35808: 1.710324e+00 1.573190e+00 1.556240e+00 1.032357e-01 5.701079e-02
35808: 1.710769e+00 1.572308e+00 1.556923e+00 1.030769e-01 5.692308e-02
35808: 1.711214e+00 1.572965e+00 1.556068e+00 1.029186e-01 5.683564e-02
35808: 1.711656e+00 1.570552e+00 1.558282e+00 1.027607e-01 5.674847e-02
35808: 1.710567e+00 1.569678e+00 1.558959e+00 1.026034e-01 5.819296e-02
35808: 1.711009e+00 1.571865e+00 1.556575e+00 1.024465e-01 5.810398e-02
35808: 1.711450e+00 1.570992e+00 1.557252e+00 1.022901e-01 5.801527e-02
35808: 1.711890e+00 1.571646e+00 1.556402e+00 1.021341e-01 5.792683e-02
35808: 1.710807e+00 1.572298e+00 1.557078e+00 1.019787e-01 5.783866e-02
35808: 1.712766e+00 1.571429e+00 1.556231e+00 1.018237e-01 5.775076e-02
35808: 1.711684e+00 1.573596e+00 1.555387e+00 1.016692e-01 5.766313e-02
35808: 1.713636e+00 1.572727e+00 1.554545e+00 1.015152e-01 5.757576e-02
35808: 1.712557e+00 1.573374e+00 1.555219e+00 1.013616e-01 5.748865e-02
35808: 1.712991e+00 1.574018e+00 1.554381e+00 1.012085e-01 5.740181e-02
35808: 1.713424e+00 1.573152e+00 1.555053e+00 1.010558e-01 5.731523e-02
35808: 1.712349e+00 1.573795e+00 1.554217e+00 1.024096e-01 5.722892e-02
35808: 1.712782e+00 1.574436e+00 1.553383e+00 1.022556e-01 5.714286e-02
35808: 1.713213e+00 1.573574e+00 1.554054e+00 1.021021e-01 5.705706e-02
35808: 1.713643e+00 1.574213e+00 1.553223e+00 1.019490e-01 5.697151e-02
35808: 1.712575e+00 1.571856e+00 1.556886e+00 1.017964e-01 5.688623e-02
35808: 1.711510e+00 1.571001e+00 1.559043e+00 1.016442e-01 5.680120e-02
35808: 1.711940e+00 1.570149e+00 1.559701e+00 1.014925e-01 5.671642e-02
35808: 1.710879e+00 1.570790e+00 1.560358e+00 1.013413e-01 5.663189e-02
35808: 1.711310e+00 1.569940e+00 1.561012e+00 1.011905e-01 5.654762e-02
35808: 1.710253e+00 1.572065e+00 1.560178e+00 1.010401e-01 5.646360e-02
35808: 1.710682e+00 1.571217e+00 1.560831e+00 1.008902e-01 5.637982e-02
35808: 1.709630e+00 1.573333e+00 1.560000e+00 1.007407e-01 5.629630e-02
35808: 1.710059e+00 1.573964e+00 1.559172e+00 1.005917e-01 5.621302e-02
35808: 1.710487e+00 1.573117e+00 1.559823e+00 1.004431e-01 5.612999e-02
35808: 1.709440e+00 1.573746e+00 1.560472e+00 1.002950e-01 5.604720e-02
35808: 1.708395e+00 1.575847e+00 1.559647e+00 1.001473e-01 5.596465e-02
35808: 1.708824e+00 1.575000e+00 1.560294e+00 1.000000e-01 5.588235e-02
35808: 1.707783e+00 1.574156e+00 1.562408e+00 9.985316e-02 5.580029e-02
35808: 1.708211e+00 1.574780e+00 1.561584e+00 9.970674e-02 5.571848e-02
35808: 1.707174e+00 1.573939e+00 1.562225e+00 9.956076e-02 5.710102e-02
35808: 1.707602e+00 1.573099e+00 1.562865e+00 9.941520e-02 5.701754e-02
35808: 1.706569e+00 1.573723e+00 1.563504e+00 9.927007e-02 5.693431e-02
35808: 1.705539e+00 1.575802e+00 1.562682e+00 9.912536e-02 5.685131e-02
35808: 1.705968e+00 1.574964e+00 1.563319e+00 9.898108e-02 5.676856e-02
35808: 1.704942e+00 1.577035e+00 1.562500e+00 9.883721e-02 5.668605e-02
35808: 1.705370e+00 1.576197e+00 1.563135e+00 9.869376e-02 5.660377e-02
35808: 1.704348e+00 1.578261e+00 1.562319e+00 9.855072e-02 5.652174e-02
35808: 1.704776e+00 1.577424e+00 1.562952e+00 9.840810e-02 5.643994e-02
35808: 1.705202e+00 1.578035e+00 1.562139e+00 9.826590e-02 5.635838e-02
35808: 1.704185e+00 1.575758e+00 1.564214e+00 9.956710e-02 5.627706e-02
35808: 1.704611e+00 1.574928e+00 1.564841e+00 9.942363e-02 5.619597e-02
35808: 1.703597e+00 1.575540e+00 1.564029e+00 9.928058e-02 5.755396e-02
35808: 1.704023e+00 1.574713e+00 1.564655e+00 9.913793e-02 5.747126e-02
35808: 1.703013e+00 1.575323e+00 1.565280e+00 9.899570e-02 5.738881e-02
35808: 1.703438e+00 1.574499e+00 1.565903e+00 9.885387e-02 5.730659e-02
35808: 1.702432e+00 1.575107e+00 1.565093e+00 9.871245e-02 5.865522e-02
35808: 1.704286e+00 1.574286e+00 1.564286e+00 9.857143e-02 5.857143e-02
35808: 1.703281e+00 1.574893e+00 1.563481e+00 9.843081e-02 5.991441e-02
35808: 1.703704e+00 1.574074e+00 1.564103e+00 9.829060e-02 5.982906e-02
35808: 1.702703e+00 1.576102e+00 1.563300e+00 9.815078e-02 5.974395e-02
35808: 1.704545e+00 1.573864e+00 1.563920e+00 9.801136e-02 5.965909e-02
35808: 1.704965e+00 1.574468e+00 1.563121e+00 9.787234e-02 5.957447e-02
35808: 1.703966e+00 1.572238e+00 1.565156e+00 9.915014e-02 5.949008e-02
35808: 1.704385e+00 1.571429e+00 1.565771e+00 9.900990e-02 5.940594e-02
35808: 1.703390e+00 1.573446e+00 1.564972e+00 9.887006e-02 5.932203e-02
35808: 1.703808e+00 1.571227e+00 1.566996e+00 9.873061e-02 5.923836e-02
35808: 1.702817e+00 1.571831e+00 1.566197e+00 9.859155e-02 6.056338e-02
35808: 1.704641e+00 1.571027e+00 1.565401e+00 9.845288e-02 6.047820e-02
35808: 1.703652e+00 1.573034e+00 1.564607e+00 9.831461e-02 6.039326e-02
35808: 1.704067e+00 1.572230e+00 1.565217e+00 9.817672e-02 6.030856e-02
35808: 1.704482e+00 1.572829e+00 1.564426e+00 9.803922e-02 6.022409e-02
35808: 1.704895e+00 1.572028e+00 1.565035e+00 9.790210e-02 6.013986e-02
35808: 1.705307e+00 1.572626e+00 1.564246e+00 9.776536e-02 6.005587e-02
35808: 1.704324e+00 1.571827e+00 1.564854e+00 9.902371e-02 5.997211e-02
35808: 1.704735e+00 1.571031e+00 1.565460e+00 9.888579e-02 5.988858e-02
35808: 1.703755e+00 1.571627e+00 1.566064e+00 9.874826e-02 5.980529e-02
35808: 1.702778e+00 1.572222e+00 1.565278e+00 9.861111e-02 6.111111e-02
35808: 1.703190e+00 1.571429e+00 1.565881e+00 9.847434e-02 6.102635e-02
35808: 1.702216e+00 1.572022e+00 1.566482e+00 9.833795e-02 6.094183e-02
35808: 1.701245e+00 1.572614e+00 1.565698e+00 9.958506e-02 6.085754e-02
35808: 1.701657e+00 1.571823e+00 1.566298e+00 9.944751e-02 6.077348e-02
35808: 1.700690e+00 1.572414e+00 1.566897e+00 9.931034e-02 6.068966e-02
35808: 1.701102e+00 1.573003e+00 1.566116e+00 9.917355e-02 6.060606e-02
35808: 1.701513e+00 1.572215e+00 1.566713e+00 9.903714e-02 6.052270e-02
35808: 1.701923e+00 1.571429e+00 1.567308e+00 9.890110e-02 6.043956e-02
35808: 1.702332e+00 1.572016e+00 1.566529e+00 9.876543e-02 6.035665e-02
35808: 1.701370e+00 1.571233e+00 1.568493e+00 9.863014e-02 6.027397e-02
35808: 1.701778e+00 1.570451e+00 1.567715e+00 9.849521e-02 6.155951e-02
35808: 1.700820e+00 1.572404e+00 1.566940e+00 9.836066e-02 6.147541e-02
35808: 1.701228e+00 1.571623e+00 1.566166e+00 9.822647e-02 6.275580e-02
35808: 1.700272e+00 1.572207e+00 1.566757e+00 9.809264e-02 6.267030e-02
35808: 1.700680e+00 1.572789e+00 1.565986e+00 9.795918e-02 6.258503e-02
35808: 1.699728e+00 1.573370e+00 1.566576e+00 9.782609e-02 6.250000e-02
35808: 1.700136e+00 1.573948e+00 1.565807e+00 9.769335e-02 6.241520e-02
35808: 1.699187e+00 1.574526e+00 1.566396e+00 9.756098e-02 6.233062e-02
35808: 1.698241e+00 1.575101e+00 1.566982e+00 9.742896e-02 6.224628e-02
35808: 1.698649e+00 1.574324e+00 1.567568e+00 9.729730e-02 6.216216e-02
35808: 1.699055e+00 1.574899e+00 1.566802e+00 9.716599e-02 6.207827e-02
35808: 1.698113e+00 1.574124e+00 1.568733e+00 9.703504e-02 6.199461e-02
35808: 1.698520e+00 1.573351e+00 1.569314e+00 9.690444e-02 6.191117e-02
35808: 1.697581e+00 1.575269e+00 1.568548e+00 9.677419e-02 6.182796e-02
35808: 1.699329e+00 1.574497e+00 1.567785e+00 9.664430e-02 6.174497e-02
35808: 1.698391e+00 1.575067e+00 1.568365e+00 9.651475e-02 6.166220e-02
35808: 1.700134e+00 1.574297e+00 1.567604e+00 9.638554e-02 6.157965e-02
35808: 1.699198e+00 1.574866e+00 1.568182e+00 9.625668e-02 6.149733e-02
35808: 1.698264e+00 1.576769e+00 1.567423e+00 9.612817e-02 6.141522e-02
35808: 1.698667e+00 1.576000e+00 1.566667e+00 9.733333e-02 6.133333e-02
35808: 1.699068e+00 1.575233e+00 1.567244e+00 9.720373e-02 6.125166e-02
35808: 1.698138e+00 1.577128e+00 1.566489e+00 9.707447e-02 6.117021e-02
35808: 1.699867e+00 1.576361e+00 1.565737e+00 9.694555e-02 6.108898e-02
35808: 1.698939e+00 1.576923e+00 1.566313e+00 9.681698e-02 6.100796e-02
35808: 1.699338e+00 1.577483e+00 1.565563e+00 9.668874e-02 6.092715e-02
35808: 1.698413e+00 1.576720e+00 1.567460e+00 9.656085e-02 6.084656e-02
35808: 1.698811e+00 1.575958e+00 1.566711e+00 9.775429e-02 6.076618e-02
35808: 1.697889e+00 1.576517e+00 1.565963e+00 9.894459e-02 6.068602e-02
35808: 1.699605e+00 1.574440e+00 1.566535e+00 9.881423e-02 6.060606e-02
35808: 1.698684e+00 1.576316e+00 1.565789e+00 9.868421e-02 6.052632e-02
35808: 1.699080e+00 1.576873e+00 1.565046e+00 9.855453e-02 6.044678e-02
35808: 1.699475e+00 1.576115e+00 1.565617e+00 9.842520e-02 6.036745e-02
35808: 1.699869e+00 1.576671e+00 1.564875e+00 9.829620e-02 6.028834e-02
35808: 1.698953e+00 1.575916e+00 1.566754e+00 9.816754e-02 6.020942e-02
35808: 1.700654e+00 1.575163e+00 1.566013e+00 9.803922e-02 6.013072e-02
35808: 1.701044e+00 1.575718e+00 1.565274e+00 9.791123e-02 6.005222e-02
35808: 1.701434e+00 1.574967e+00 1.565841e+00 9.778357e-02 5.997392e-02
35808: 1.700521e+00 1.575521e+00 1.566406e+00 9.765625e-02 5.989583e-02
35808: 1.702211e+00 1.574772e+00 1.565670e+00 9.752926e-02 5.981795e-02
35808: 1.701299e+00 1.575325e+00 1.564935e+00 9.740260e-02 6.103896e-02
35808: 1.700389e+00 1.574578e+00 1.566796e+00 9.727626e-02 6.095979e-02
35808: 1.700777e+00 1.575130e+00 1.566062e+00 9.715026e-02 6.088083e-02
35808: 1.699871e+00 1.575679e+00 1.566624e+00 9.702458e-02 6.080207e-02
35808: 1.701550e+00 1.574935e+00 1.565891e+00 9.689922e-02 6.072351e-02
35808: 1.700645e+00 1.575484e+00 1.565161e+00 9.806452e-02 6.064516e-02
35808: 1.699742e+00 1.577320e+00 1.564433e+00 9.793814e-02 6.056701e-02
35808: 1.700129e+00 1.576577e+00 1.564994e+00 9.781210e-02 6.048906e-02
35808: 1.699229e+00 1.575835e+00 1.566838e+00 9.768638e-02 6.041131e-02
35808: 1.698331e+00 1.577664e+00 1.566110e+00 9.756098e-02 6.033376e-02
35808: 1.698718e+00 1.576923e+00 1.565385e+00 9.871795e-02 6.025641e-02
35808: 1.699104e+00 1.577465e+00 1.564661e+00 9.859155e-02 6.017926e-02
35808: 1.698210e+00 1.576726e+00 1.565217e+00 9.974425e-02 6.010230e-02
35808: 1.698595e+00 1.577267e+00 1.564496e+00 9.961686e-02 6.002554e-02
35808: 1.697704e+00 1.576531e+00 1.565051e+00 1.007653e-01 5.994898e-02
35808: 1.696815e+00 1.577070e+00 1.565605e+00 1.006369e-01 5.987261e-02
35808: 1.697201e+00 1.576336e+00 1.566158e+00 1.005089e-01 5.979644e-02
35808: 1.696315e+00 1.578145e+00 1.565438e+00 1.003812e-01 5.972046e-02
35808: 1.697970e+00 1.576142e+00 1.565990e+00 1.002538e-01 5.964467e-02
35808: 1.697085e+00 1.576679e+00 1.565272e+00 1.013942e-01 5.956907e-02
35808: 1.696203e+00 1.577215e+00 1.565823e+00 1.012658e-01 5.949367e-02
35808: 1.696587e+00 1.576485e+00 1.566372e+00 1.011378e-01 5.941846e-02
35808: 1.695707e+00 1.577020e+00 1.565657e+00 1.022727e-01 5.934343e-02
35808: 1.696091e+00 1.577554e+00 1.564943e+00 1.021438e-01 5.926860e-02
35808: 1.696474e+00 1.575567e+00 1.566751e+00 1.020151e-01 5.919395e-02
35808: 1.696855e+00 1.576101e+00 1.566038e+00 1.018868e-01 5.911950e-02
35808: 1.697236e+00 1.575377e+00 1.566583e+00 1.017588e-01 5.904523e-02
35808: 1.696361e+00 1.577164e+00 1.565872e+00 1.016311e-01 5.897114e-02
35808: 1.697995e+00 1.576441e+00 1.565163e+00 1.015038e-01 5.889724e-02
35808: 1.697121e+00 1.576971e+00 1.564456e+00 1.026283e-01 5.882353e-02
35808: 1.697500e+00 1.577500e+00 1.563750e+00 1.025000e-01 5.875000e-02
35808: 1.696629e+00 1.575531e+00 1.566792e+00 1.023720e-01 5.867665e-02
35808: 1.697007e+00 1.576060e+00 1.566085e+00 1.022444e-01 5.860349e-02
35808: 1.696139e+00 1.576588e+00 1.566625e+00 1.021171e-01 5.853051e-02
35808: 1.696517e+00 1.577114e+00 1.565920e+00 1.019900e-01 5.845771e-02
35808: 1.695652e+00 1.576398e+00 1.566460e+00 1.031056e-01 5.838509e-02
35808: 1.694789e+00 1.576923e+00 1.566998e+00 1.029777e-01 5.831266e-02
35808: 1.696406e+00 1.576208e+00 1.566295e+00 1.028501e-01 5.824040e-02
35808: 1.695545e+00 1.576733e+00 1.566832e+00 1.027228e-01 5.816832e-02
35808: 1.695921e+00 1.577256e+00 1.566131e+00 1.025958e-01 5.809642e-02
35808: 1.695062e+00 1.576543e+00 1.566667e+00 1.037037e-01 5.802469e-02
35808: 1.694205e+00 1.577065e+00 1.567201e+00 1.035758e-01 5.795314e-02
35808: 1.694581e+00 1.576355e+00 1.567734e+00 1.034483e-01 5.788177e-02
35808: 1.693727e+00 1.578106e+00 1.567036e+00 1.033210e-01 5.781058e-02
35808: 1.695332e+00 1.577396e+00 1.566339e+00 1.031941e-01 5.773956e-02
35808: 1.695706e+00 1.577914e+00 1.565644e+00 1.030675e-01 5.766871e-02
35808: 1.696078e+00 1.577206e+00 1.566176e+00 1.029412e-01 5.759804e-02
35808: 1.695226e+00 1.578947e+00 1.565483e+00 1.028152e-01 5.752754e-02
35808: 1.696822e+00 1.577017e+00 1.566015e+00 1.026895e-01 5.745721e-02
35808: 1.695971e+00 1.576313e+00 1.566545e+00 1.037851e-01 5.738706e-02
35808: 1.696341e+00 1.576829e+00 1.565854e+00 1.036585e-01 5.731707e-02
35808: 1.696711e+00 1.574909e+00 1.567600e+00 1.035323e-01 5.724726e-02
35808: 1.695864e+00 1.576642e+00 1.566910e+00 1.034063e-01 5.717762e-02
35808: 1.696233e+00 1.577157e+00 1.566221e+00 1.032807e-01 5.710814e-02
35808: 1.695388e+00 1.576456e+00 1.567961e+00 1.031553e-01 5.703883e-02
35808: 1.695758e+00 1.575758e+00 1.568485e+00 1.030303e-01 5.696970e-02
35808: 1.694915e+00 1.577482e+00 1.567797e+00 1.029056e-01 5.690073e-02
35808: 1.695284e+00 1.576784e+00 1.568319e+00 1.027811e-01 5.683192e-02
35808: 1.694444e+00 1.578502e+00 1.567633e+00 1.026570e-01 5.676329e-02
35808: 1.693607e+00 1.579011e+00 1.568154e+00 1.025332e-01 5.669481e-02
35808: 1.693976e+00 1.578313e+00 1.567470e+00 1.036145e-01 5.662651e-02
35808: 1.693141e+00 1.578821e+00 1.567990e+00 1.034898e-01 5.655836e-02
35808: 1.693510e+00 1.579327e+00 1.567308e+00 1.033654e-01 5.649038e-02
35808: 1.692677e+00 1.577431e+00 1.569028e+00 1.032413e-01 5.762305e-02
35808: 1.693046e+00 1.576739e+00 1.569544e+00 1.031175e-01 5.755396e-02
35808: 1.692216e+00 1.576048e+00 1.571257e+00 1.029940e-01 5.748503e-02
35808: 1.691388e+00 1.577751e+00 1.569378e+00 1.040670e-01 5.741627e-02
35808: 1.691756e+00 1.577061e+00 1.568698e+00 1.039427e-01 5.854241e-02
35808: 1.692124e+00 1.577566e+00 1.568019e+00 1.038186e-01 5.847255e-02
35808: 1.691299e+00 1.578069e+00 1.568534e+00 1.036949e-01 5.840286e-02
35808: 1.691667e+00 1.578571e+00 1.567857e+00 1.035714e-01 5.833333e-02
35808: 1.692033e+00 1.577883e+00 1.568371e+00 1.034483e-01 5.826397e-02
35808: 1.692399e+00 1.577197e+00 1.568884e+00 1.033254e-01 5.819477e-02
35808: 1.691578e+00 1.577699e+00 1.568209e+00 1.043891e-01 5.812574e-02
35808: 1.691943e+00 1.578199e+00 1.567536e+00 1.042654e-01 5.805687e-02
35808: 1.691124e+00 1.577515e+00 1.569231e+00 1.041420e-01 5.798817e-02
35808: 1.691489e+00 1.578014e+00 1.568558e+00 1.040189e-01 5.791962e-02
35808: 1.690673e+00 1.576151e+00 1.571429e+00 1.038961e-01 5.785124e-02
35808: 1.691038e+00 1.576651e+00 1.569575e+00 1.049528e-01 5.778302e-02
35808: 1.690224e+00 1.577150e+00 1.570082e+00 1.048292e-01 5.771496e-02
35808: 1.689412e+00 1.577647e+00 1.569412e+00 1.058824e-01 5.764706e-02
35808: 1.689777e+00 1.576968e+00 1.569918e+00 1.057579e-01 5.757932e-02
35808: 1.688967e+00 1.577465e+00 1.570423e+00 1.056338e-01 5.751174e-02
35808: 1.688159e+00 1.577960e+00 1.568581e+00 1.078546e-01 5.744431e-02
35808: 1.688525e+00 1.577283e+00 1.567916e+00 1.088993e-01 5.737705e-02
35808: 1.687719e+00 1.577778e+00 1.568421e+00 1.087719e-01 5.730994e-02
35808: 1.688084e+00 1.578271e+00 1.567757e+00 1.086449e-01 5.724299e-02
35808: 1.687281e+00 1.577596e+00 1.569428e+00 1.085181e-01 5.717620e-02
35808: 1.687646e+00 1.578089e+00 1.568765e+00 1.083916e-01 5.710956e-02
35808: 1.686845e+00 1.577416e+00 1.570431e+00 1.082654e-01 5.704307e-02
35808: 1.687209e+00 1.577907e+00 1.568605e+00 1.093023e-01 5.697674e-02
35808: 1.687573e+00 1.577236e+00 1.569106e+00 1.091754e-01 5.691057e-02
35808: 1.686775e+00 1.577726e+00 1.568445e+00 1.102088e-01 5.684455e-02
35808: 1.687138e+00 1.578216e+00 1.567787e+00 1.100811e-01 5.677868e-02
35808: 1.687500e+00 1.577546e+00 1.568287e+00 1.099537e-01 5.671296e-02
35808: 1.686705e+00 1.578035e+00 1.568786e+00 1.098266e-01 5.664740e-02
35808: 1.687067e+00 1.578522e+00 1.568129e+00 1.096998e-01 5.658199e-02
35808: 1.686275e+00 1.577855e+00 1.569781e+00 1.095732e-01 5.651672e-02
35808: 1.686636e+00 1.577189e+00 1.570276e+00 1.094470e-01 5.645161e-02
35808: 1.685846e+00 1.577675e+00 1.569620e+00 1.104718e-01 5.638665e-02
35808: 1.686207e+00 1.578161e+00 1.568966e+00 1.103448e-01 5.632184e-02
35808: 1.685419e+00 1.576349e+00 1.571757e+00 1.102181e-01 5.625718e-02
35808: 1.685780e+00 1.575688e+00 1.569954e+00 1.112385e-01 5.733945e-02
35808: 1.684994e+00 1.576174e+00 1.570447e+00 1.111111e-01 5.727377e-02
35808: 1.685355e+00 1.576659e+00 1.568650e+00 1.121281e-01 5.720824e-02
35808: 1.684571e+00 1.577143e+00 1.569143e+00 1.120000e-01 5.714286e-02
35808: 1.686073e+00 1.576484e+00 1.568493e+00 1.118721e-01 5.707763e-02
35808: 1.685291e+00 1.576967e+00 1.568985e+00 1.117446e-01 5.701254e-02
35808: 1.684510e+00 1.578588e+00 1.568337e+00 1.116173e-01 5.694761e-02
35808: 1.686007e+00 1.577929e+00 1.567691e+00 1.114903e-01 5.688282e-02
35808: 1.685227e+00 1.578409e+00 1.568182e+00 1.113636e-01 5.681818e-02
35808: 1.685585e+00 1.577753e+00 1.568672e+00 1.112372e-01 5.675369e-02
35808: 1.684807e+00 1.578231e+00 1.569161e+00 1.111111e-01 5.668934e-02
35808: 1.684032e+00 1.578709e+00 1.569649e+00 1.109853e-01 5.662514e-02
35808: 1.684389e+00 1.578054e+00 1.569005e+00 1.108597e-01 5.769231e-02
35808: 1.683616e+00 1.579661e+00 1.568362e+00 1.107345e-01 5.762712e-02
35808: 1.683973e+00 1.579007e+00 1.568849e+00 1.106095e-01 5.756208e-02
35808: 1.684329e+00 1.579481e+00 1.568207e+00 1.104848e-01 5.749718e-02
35808: 1.683559e+00 1.578829e+00 1.569820e+00 1.103604e-01 5.743243e-02
35808: 1.683915e+00 1.579303e+00 1.569179e+00 1.102362e-01 5.736783e-02
35808: 1.684270e+00 1.578652e+00 1.569663e+00 1.101124e-01 5.730337e-02
35808: 1.683502e+00 1.579125e+00 1.570146e+00 1.099888e-01 5.723906e-02
35808: 1.684978e+00 1.578475e+00 1.568386e+00 1.109865e-01 5.717489e-02
35808: 1.684211e+00 1.578947e+00 1.568869e+00 1.108623e-01 5.711086e-02
35808: 1.684564e+00 1.578300e+00 1.568233e+00 1.118568e-01 5.704698e-02
35808: 1.684916e+00 1.578771e+00 1.567598e+00 1.117318e-01 5.698324e-02
35808: 1.685268e+00 1.578125e+00 1.568080e+00 1.116071e-01 5.691964e-02
35808: 1.684504e+00 1.578595e+00 1.567447e+00 1.125975e-01 5.685619e-02
35808: 1.684855e+00 1.579065e+00 1.566815e+00 1.124722e-01 5.679287e-02
35808: 1.685206e+00 1.578420e+00 1.567297e+00 1.123471e-01 5.672970e-02
35808: 1.684444e+00 1.578889e+00 1.567778e+00 1.122222e-01 5.666667e-02
35808: 1.684795e+00 1.577137e+00 1.568257e+00 1.132075e-01 5.660377e-02
35808: 1.684035e+00 1.577605e+00 1.568736e+00 1.130820e-01 5.654102e-02
35808: 1.684385e+00 1.578073e+00 1.568106e+00 1.129568e-01 5.647841e-02
35808: 1.683628e+00 1.577434e+00 1.569690e+00 1.128319e-01 5.641593e-02
35808: 1.683978e+00 1.576796e+00 1.569061e+00 1.127072e-01 5.745856e-02
35808: 1.683223e+00 1.578366e+00 1.568433e+00 1.125828e-01 5.739514e-02
35808: 1.683572e+00 1.577729e+00 1.567806e+00 1.135612e-01 5.733186e-02
35808: 1.682819e+00 1.579295e+00 1.567181e+00 1.134361e-01 5.726872e-02
35808: 1.683168e+00 1.579758e+00 1.566557e+00 1.133113e-01 5.720572e-02
35808: 1.683516e+00 1.579121e+00 1.567033e+00 1.131868e-01 5.714286e-02
35808: 1.682766e+00 1.579583e+00 1.567508e+00 1.130626e-01 5.708013e-02
35808: 1.683114e+00 1.578947e+00 1.567982e+00 1.129386e-01 5.701754e-02
35808: 1.682366e+00 1.579409e+00 1.567360e+00 1.128149e-01 5.805038e-02
35808: 1.683807e+00 1.578775e+00 1.566740e+00 1.126915e-01 5.798687e-02
35808: 1.683060e+00 1.580328e+00 1.566120e+00 1.125683e-01 5.792350e-02
35808: 1.683406e+00 1.579694e+00 1.565502e+00 1.135371e-01 5.786026e-02
35808: 1.682661e+00 1.581243e+00 1.564885e+00 1.134133e-01 5.779716e-02
35808: 1.684096e+00 1.580610e+00 1.564270e+00 1.132898e-01 5.773420e-02
35808: 1.683351e+00 1.582155e+00 1.563656e+00 1.131665e-01 5.767138e-02
35808: 1.684783e+00 1.581522e+00 1.563043e+00 1.130435e-01 5.760870e-02
35808: 1.684039e+00 1.581976e+00 1.562432e+00 1.140065e-01 5.754615e-02
35808: 1.685466e+00 1.581345e+00 1.561822e+00 1.138829e-01 5.748373e-02
35808: 1.684724e+00 1.581798e+00 1.561213e+00 1.137595e-01 5.850488e-02
35808: 1.686147e+00 1.581169e+00 1.560606e+00 1.136364e-01 5.844156e-02
35808: 1.685405e+00 1.582703e+00 1.560000e+00 1.135135e-01 5.837838e-02
35808: 1.685745e+00 1.582073e+00 1.559395e+00 1.144708e-01 5.831533e-02
35808: 1.685005e+00 1.583603e+00 1.558792e+00 1.143474e-01 5.825243e-02
35808: 1.685345e+00 1.584052e+00 1.558190e+00 1.142241e-01 5.818966e-02
35808: 1.685684e+00 1.583423e+00 1.558665e+00 1.141012e-01 5.812702e-02
35808: 1.684946e+00 1.582796e+00 1.560215e+00 1.139785e-01 5.806452e-02
35808: 1.685285e+00 1.582170e+00 1.559613e+00 1.138561e-01 5.907626e-02
35808: 1.685622e+00 1.582618e+00 1.559013e+00 1.137339e-01 5.901288e-02
35808: 1.685959e+00 1.580922e+00 1.560557e+00 1.136120e-01 5.894962e-02
35808: 1.685225e+00 1.581370e+00 1.559957e+00 1.134904e-01 5.995717e-02
35808: 1.685561e+00 1.580749e+00 1.560428e+00 1.133690e-01 5.989305e-02
35808: 1.684829e+00 1.581197e+00 1.560897e+00 1.132479e-01 5.982906e-02
35808: 1.685165e+00 1.580576e+00 1.561366e+00 1.131270e-01 5.976521e-02
35808: 1.684435e+00 1.581023e+00 1.560768e+00 1.130064e-01 6.076759e-02
35808: 1.684771e+00 1.581470e+00 1.560170e+00 1.128860e-01 6.070288e-02
35808: 1.684043e+00 1.581915e+00 1.560638e+00 1.127660e-01 6.063830e-02
35808: 1.684378e+00 1.580234e+00 1.561105e+00 1.137088e-01 6.057386e-02
35808: 1.683652e+00 1.581741e+00 1.560510e+00 1.135881e-01 6.050955e-02
35808: 1.683987e+00 1.581124e+00 1.559915e+00 1.134677e-01 6.150583e-02
35808: 1.683263e+00 1.581568e+00 1.559322e+00 1.144068e-01 6.144068e-02
35808: 1.683598e+00 1.582011e+00 1.558730e+00 1.142857e-01 6.137566e-02
35808: 1.683932e+00 1.581395e+00 1.559197e+00 1.141649e-01 6.131078e-02
35808: 1.683210e+00 1.580781e+00 1.560718e+00 1.140444e-01 6.124604e-02
35808: 1.684599e+00 1.580169e+00 1.560127e+00 1.139241e-01 6.118143e-02
35808: 1.683878e+00 1.580611e+00 1.559536e+00 1.148577e-01 6.111697e-02
35808: 1.684211e+00 1.581053e+00 1.558947e+00 1.147368e-01 6.105263e-02
35808: 1.684543e+00 1.580442e+00 1.559411e+00 1.146162e-01 6.098843e-02
35808: 1.684874e+00 1.580882e+00 1.558824e+00 1.144958e-01 6.092437e-02
35808: 1.684155e+00 1.581322e+00 1.559286e+00 1.143757e-01 6.086044e-02
35808: 1.683438e+00 1.581761e+00 1.559748e+00 1.142558e-01 6.079665e-02
35808: 1.684817e+00 1.581152e+00 1.559162e+00 1.141361e-01 6.073298e-02
35808: 1.684100e+00 1.581590e+00 1.559623e+00 1.140167e-01 6.066946e-02
35808: 1.683386e+00 1.583072e+00 1.559039e+00 1.138976e-01 6.060606e-02
35808: 1.683716e+00 1.583507e+00 1.558455e+00 1.137787e-01 6.054280e-02
35808: 1.683003e+00 1.582899e+00 1.558916e+00 1.147028e-01 6.047967e-02
35808: 1.683333e+00 1.582292e+00 1.558333e+00 1.156250e-01 6.041667e-02
35808: 1.682622e+00 1.582726e+00 1.558793e+00 1.155047e-01 6.035380e-02
35808: 1.681913e+00 1.584200e+00 1.558212e+00 1.153846e-01 6.029106e-02
35808: 1.682243e+00 1.583593e+00 1.558671e+00 1.152648e-01 6.022845e-02
35808: 1.681535e+00 1.584025e+00 1.558091e+00 1.161826e-01 6.016598e-02
35808: 1.681865e+00 1.584456e+00 1.557513e+00 1.160622e-01 6.010363e-02
35808: 1.681159e+00 1.583851e+00 1.559006e+00 1.159420e-01 6.004141e-02
35808: 1.681489e+00 1.584281e+00 1.558428e+00 1.158221e-01 5.997932e-02
35808: 1.680785e+00 1.583678e+00 1.559917e+00 1.157025e-01 5.991736e-02
35808: 1.682147e+00 1.583075e+00 1.559340e+00 1.155831e-01 5.985552e-02
35808: 1.681443e+00 1.584536e+00 1.558763e+00 1.154639e-01 5.979381e-02
35808: 1.681771e+00 1.584964e+00 1.558187e+00 1.153450e-01 5.973223e-02
35808: 1.681070e+00 1.584362e+00 1.558642e+00 1.162551e-01 5.967078e-02
35808: 1.681398e+00 1.582734e+00 1.559096e+00 1.171634e-01 5.960946e-02
35808: 1.680698e+00 1.583162e+00 1.559548e+00 1.170431e-01 5.954825e-02
35808: 1.681026e+00 1.582564e+00 1.558974e+00 1.169231e-01 6.051282e-02
35808: 1.680328e+00 1.581967e+00 1.560451e+00 1.168033e-01 6.045082e-02
35808: 1.679632e+00 1.582395e+00 1.559877e+00 1.177073e-01 6.038895e-02
35808: 1.679959e+00 1.581800e+00 1.560327e+00 1.175869e-01 6.032720e-02
35808: 1.679265e+00 1.583248e+00 1.559755e+00 1.174668e-01 6.026558e-02
35808: 1.680612e+00 1.582653e+00 1.559184e+00 1.173469e-01 6.020408e-02
35808: 1.679918e+00 1.584098e+00 1.558614e+00 1.172273e-01 6.014271e-02
35808: 1.679226e+00 1.584521e+00 1.558045e+00 1.181263e-01 6.008147e-02
35808: 1.679552e+00 1.584944e+00 1.557477e+00 1.180061e-01 6.002035e-02
35808: 1.678862e+00 1.584350e+00 1.557927e+00 1.189024e-01 5.995935e-02
35808: 1.679188e+00 1.582741e+00 1.559391e+00 1.187817e-01 5.989848e-02
35808: 1.678499e+00 1.583164e+00 1.558824e+00 1.196755e-01 5.983773e-02
35808: 1.678825e+00 1.583587e+00 1.558257e+00 1.195542e-01 5.977710e-02
35808: 1.678138e+00 1.584008e+00 1.558704e+00 1.194332e-01 5.971660e-02
35808: 1.678463e+00 1.584429e+00 1.558140e+00 1.193124e-01 5.965622e-02
35808: 1.678788e+00 1.583838e+00 1.558586e+00 1.191919e-01 5.959596e-02
35808: 1.678103e+00 1.584258e+00 1.559031e+00 1.190716e-01 5.953582e-02
35808: 1.678427e+00 1.583669e+00 1.558468e+00 1.189516e-01 6.048387e-02
35808: 1.677744e+00 1.584089e+00 1.558912e+00 1.188318e-01 6.042296e-02
35808: 1.677062e+00 1.585513e+00 1.558350e+00 1.187123e-01 6.036217e-02
35808: 1.677387e+00 1.585930e+00 1.557789e+00 1.185930e-01 6.030151e-02
35808: 1.676707e+00 1.585341e+00 1.559237e+00 1.184739e-01 6.024096e-02
35808: 1.677031e+00 1.584754e+00 1.558676e+00 1.193581e-01 6.018054e-02
35808: 1.676353e+00 1.585170e+00 1.559118e+00 1.192385e-01 6.012024e-02
35808: 1.676677e+00 1.584585e+00 1.558559e+00 1.191191e-01 6.106106e-02
35808: Done!
