Forked 40817
Starting to reopen 0 and 1
Calling execv `tournament0/alex_dany` (pid 40817)
40817: Started!
40817: Number of players: 4, position: 0, number of turns: 1000
40817: Random seed: 3071074174
Strategy 0: first ans is 0
Forked 40818
Starting to reopen 0 and 1
Calling execv `tournament0/elexunix.py` (pid 40818)
Strategy 1: first ans is 1
Forked 40842
Starting to reopen 0 and 1
Calling execv `tournament0/the_best_strategy.py` (pid 40842)
Strategy 2: first ans is 0
Forked 40843
Starting to reopen 0 and 1
Calling execv `tournament0/pzakorko.py` (pid 40843)
Strategy 3: first ans is 0
40817: 3.000000e+00 1.000000e+00 0.000000e+00 0.000000e+00
40817: 2.000000e+00 1.500000e+00 0.000000e+00 5.000000e-01
40817: 2.333333e+00 1.333333e+00 0.000000e+00 3.333333e-01
40817: 2.000000e+00 1.250000e+00 5.000000e-01 2.500000e-01
40817: 1.800000e+00 1.200000e+00 8.000000e-01 2.000000e-01
40817: 1.833333e+00 1.166667e+00 8.333333e-01 1.666667e-01
40817: 1.714286e+00 1.428571e+00 7.142857e-01 1.428571e-01
40817: 1.625000e+00 1.375000e+00 7.500000e-01 2.500000e-01
40817: 1.555556e+00 1.333333e+00 8.888889e-01 2.222222e-01
40817: 1.600000e+00 1.200000e+00 1.000000e+00 2.000000e-01
40817: 1.727273e+00 1.181818e+00 9.090909e-01 1.818182e-01
40817: 1.666667e+00 1.166667e+00 1.000000e+00 1.666667e-01
40817: 1.615385e+00 1.230769e+00 9.230769e-01 2.307692e-01
40817: 1.571429e+00 1.214286e+00 1.000000e+00 2.142857e-01
40817: 1.600000e+00 1.200000e+00 1.000000e+00 2.000000e-01
40817: 1.625000e+00 1.250000e+00 9.375000e-01 1.875000e-01
40817: 1.588235e+00 1.294118e+00 9.411765e-01 1.764706e-01
40817: 1.611111e+00 1.277778e+00 9.444444e-01 1.666667e-01
40817: 1.631579e+00 1.263158e+00 9.473684e-01 1.578947e-01
40817: 1.600000e+00 1.250000e+00 1.000000e+00 1.500000e-01
40817: 1.619048e+00 1.238095e+00 1.000000e+00 1.428571e-01
40817: 1.636364e+00 1.272727e+00 9.545455e-01 1.363636e-01
40817: 1.608696e+00 1.304348e+00 9.565217e-01 1.304348e-01
40817: 1.583333e+00 1.333333e+00 9.583333e-01 1.250000e-01
40817: 1.560000e+00 1.400000e+00 9.200000e-01 1.200000e-01
40817: 1.615385e+00 1.346154e+00 9.230769e-01 1.153846e-01
40817: 1.592593e+00 1.370370e+00 9.259259e-01 1.111111e-01
40817: 1.607143e+00 1.357143e+00 8.928571e-01 1.428571e-01
40817: 1.586207e+00 1.379310e+00 8.965517e-01 1.379310e-01
40817: 1.600000e+00 1.366667e+00 8.666667e-01 1.666667e-01
40817: 1.612903e+00 1.354839e+00 8.709677e-01 1.612903e-01
40817: 1.593750e+00 1.343750e+00 9.062500e-01 1.562500e-01
40817: 1.575758e+00 1.363636e+00 8.787879e-01 1.818182e-01
40817: 1.558824e+00 1.382353e+00 8.823529e-01 1.764706e-01
40817: 1.600000e+00 1.342857e+00 8.857143e-01 1.714286e-01
40817: 1.555556e+00 1.388889e+00 8.888889e-01 1.666667e-01
40817: 1.621622e+00 1.351351e+00 8.648649e-01 1.621622e-01
40817: 1.657895e+00 1.342105e+00 8.421053e-01 1.578947e-01
40817: 1.692308e+00 1.333333e+00 8.205128e-01 1.538462e-01
40817: 1.675000e+00 1.350000e+00 8.000000e-01 1.750000e-01
40817: 1.658537e+00 1.341463e+00 8.292683e-01 1.707317e-01
40817: 1.642857e+00 1.357143e+00 8.333333e-01 1.666667e-01
40817: 1.674419e+00 1.348837e+00 8.139535e-01 1.627907e-01
40817: 1.681818e+00 1.340909e+00 8.181818e-01 1.590909e-01
40817: 1.688889e+00 1.333333e+00 8.222222e-01 1.555556e-01
40817: 1.673913e+00 1.369565e+00 8.043478e-01 1.521739e-01
40817: 1.680851e+00 1.382979e+00 7.872340e-01 1.489362e-01
40817: 1.687500e+00 1.395833e+00 7.708333e-01 1.458333e-01
40817: 1.693878e+00 1.387755e+00 7.755102e-01 1.428571e-01
40817: 1.660000e+00 1.400000e+00 8.000000e-01 1.400000e-01
40817: 1.647059e+00 1.392157e+00 8.039216e-01 1.568627e-01
40817: 1.653846e+00 1.403846e+00 7.884615e-01 1.538462e-01
40817: 1.660377e+00 1.415094e+00 7.735849e-01 1.509434e-01
40817: 1.648148e+00 1.425926e+00 7.777778e-01 1.481481e-01
40817: 1.672727e+00 1.418182e+00 7.636364e-01 1.454545e-01
40817: 1.642857e+00 1.446429e+00 7.678571e-01 1.428571e-01
40817: 1.649123e+00 1.438596e+00 7.719298e-01 1.403509e-01
40817: 1.655172e+00 1.431034e+00 7.758621e-01 1.379310e-01
40817: 1.661017e+00 1.423729e+00 7.796610e-01 1.355932e-01
40817: 1.650000e+00 1.416667e+00 7.833333e-01 1.500000e-01
40817: 1.639344e+00 1.442623e+00 7.704918e-01 1.475410e-01
40817: 1.645161e+00 1.435484e+00 7.741935e-01 1.451613e-01
40817: 1.666667e+00 1.428571e+00 7.619048e-01 1.428571e-01
40817: 1.671875e+00 1.421875e+00 7.656250e-01 1.406250e-01
40817: 1.676923e+00 1.430769e+00 7.538462e-01 1.384615e-01
40817: 1.666667e+00 1.424242e+00 7.575758e-01 1.515152e-01
40817: 1.671642e+00 1.432836e+00 7.462687e-01 1.492537e-01
40817: 1.661765e+00 1.455882e+00 7.352941e-01 1.470588e-01
40817: 1.681159e+00 1.449275e+00 7.246377e-01 1.449275e-01
40817: 1.671429e+00 1.471429e+00 7.142857e-01 1.428571e-01
40817: 1.661972e+00 1.478873e+00 7.042254e-01 1.549296e-01
40817: 1.652778e+00 1.486111e+00 7.083333e-01 1.527778e-01
40817: 1.657534e+00 1.479452e+00 6.986301e-01 1.643836e-01
40817: 1.648649e+00 1.472973e+00 7.162162e-01 1.621622e-01
40817: 1.653333e+00 1.466667e+00 7.066667e-01 1.733333e-01
40817: 1.657895e+00 1.473684e+00 6.973684e-01 1.710526e-01
40817: 1.662338e+00 1.480519e+00 6.883117e-01 1.688312e-01
40817: 1.653846e+00 1.487179e+00 6.923077e-01 1.666667e-01
40817: 1.670886e+00 1.481013e+00 6.835443e-01 1.645570e-01
40817: 1.662500e+00 1.487500e+00 6.875000e-01 1.625000e-01
40817: 1.666667e+00 1.493827e+00 6.790123e-01 1.604938e-01
40817: 1.658537e+00 1.500000e+00 6.829268e-01 1.585366e-01
40817: 1.662651e+00 1.506024e+00 6.746988e-01 1.566265e-01
40817: 1.678571e+00 1.500000e+00 6.666667e-01 1.547619e-01
40817: 1.670588e+00 1.494118e+00 6.823529e-01 1.529412e-01
40817: 1.674419e+00 1.500000e+00 6.744186e-01 1.511628e-01
40817: 1.678161e+00 1.494253e+00 6.666667e-01 1.609195e-01
40817: 1.693182e+00 1.488636e+00 6.590909e-01 1.590909e-01
40817: 1.685393e+00 1.483146e+00 6.741573e-01 1.573034e-01
40817: 1.677778e+00 1.477778e+00 6.888889e-01 1.555556e-01
40817: 1.670330e+00 1.472527e+00 7.032967e-01 1.538462e-01
40817: 1.663043e+00 1.478261e+00 7.065217e-01 1.521739e-01
40817: 1.666667e+00 1.473118e+00 7.096774e-01 1.505376e-01
40817: 1.680851e+00 1.468085e+00 7.021277e-01 1.489362e-01
40817: 1.684211e+00 1.463158e+00 7.052632e-01 1.473684e-01
40817: 1.687500e+00 1.468750e+00 6.979167e-01 1.458333e-01
40817: 1.670103e+00 1.484536e+00 7.010309e-01 1.443299e-01
40817: 1.663265e+00 1.479592e+00 7.142857e-01 1.428571e-01
40817: 1.666667e+00 1.474747e+00 7.171717e-01 1.414141e-01
40817: 1.670000e+00 1.470000e+00 7.200000e-01 1.400000e-01
40817: 1.673267e+00 1.475248e+00 7.128713e-01 1.386139e-01
40817: 1.676471e+00 1.470588e+00 7.156863e-01 1.372549e-01
40817: 1.689320e+00 1.466019e+00 7.087379e-01 1.359223e-01
40817: 1.692308e+00 1.461538e+00 7.115385e-01 1.346154e-01
40817: 1.695238e+00 1.466667e+00 7.047619e-01 1.333333e-01
40817: 1.688679e+00 1.471698e+00 7.075472e-01 1.320755e-01
40817: 1.682243e+00 1.467290e+00 7.196262e-01 1.308411e-01
40817: 1.675926e+00 1.462963e+00 7.314815e-01 1.296296e-01
40817: 1.678899e+00 1.458716e+00 7.339450e-01 1.284404e-01
40817: 1.681818e+00 1.454545e+00 7.363636e-01 1.272727e-01
40817: 1.675676e+00 1.459459e+00 7.387387e-01 1.261261e-01
40817: 1.678571e+00 1.455357e+00 7.410714e-01 1.250000e-01
40817: 1.672566e+00 1.460177e+00 7.433628e-01 1.238938e-01
40817: 1.675439e+00 1.456140e+00 7.456140e-01 1.228070e-01
40817: 1.669565e+00 1.452174e+00 7.478261e-01 1.304348e-01
40817: 1.663793e+00 1.456897e+00 7.500000e-01 1.293103e-01
40817: 1.666667e+00 1.461538e+00 7.435897e-01 1.282051e-01
40817: 1.669492e+00 1.466102e+00 7.372881e-01 1.271186e-01
40817: 1.663866e+00 1.470588e+00 7.310924e-01 1.344538e-01
40817: 1.658333e+00 1.483333e+00 7.250000e-01 1.333333e-01
40817: 1.652893e+00 1.487603e+00 7.272727e-01 1.322314e-01
40817: 1.647541e+00 1.491803e+00 7.295082e-01 1.311475e-01
40817: 1.642276e+00 1.487805e+00 7.398374e-01 1.300813e-01
40817: 1.645161e+00 1.483871e+00 7.419355e-01 1.290323e-01
40817: 1.648000e+00 1.488000e+00 7.360000e-01 1.280000e-01
40817: 1.650794e+00 1.492063e+00 7.301587e-01 1.269841e-01
40817: 1.645669e+00 1.488189e+00 7.322835e-01 1.338583e-01
40817: 1.648438e+00 1.484375e+00 7.343750e-01 1.328125e-01
40817: 1.643411e+00 1.488372e+00 7.364341e-01 1.317829e-01
40817: 1.638462e+00 1.492308e+00 7.384615e-01 1.307692e-01
40817: 1.641221e+00 1.496183e+00 7.328244e-01 1.297710e-01
40817: 1.636364e+00 1.500000e+00 7.348485e-01 1.287879e-01
40817: 1.631579e+00 1.511278e+00 7.293233e-01 1.278195e-01
40817: 1.634328e+00 1.514925e+00 7.238806e-01 1.268657e-01
40817: 1.637037e+00 1.518519e+00 7.185185e-01 1.259259e-01
40817: 1.639706e+00 1.514706e+00 7.205882e-01 1.250000e-01
40817: 1.635036e+00 1.510949e+00 7.226277e-01 1.313869e-01
40817: 1.637681e+00 1.514493e+00 7.173913e-01 1.304348e-01
40817: 1.640288e+00 1.510791e+00 7.194245e-01 1.294964e-01
40817: 1.642857e+00 1.507143e+00 7.214286e-01 1.285714e-01
40817: 1.645390e+00 1.503546e+00 7.234043e-01 1.276596e-01
40817: 1.640845e+00 1.500000e+00 7.253521e-01 1.338028e-01
40817: 1.636364e+00 1.496503e+00 7.342657e-01 1.328671e-01
40817: 1.631944e+00 1.500000e+00 7.361111e-01 1.319444e-01
40817: 1.634483e+00 1.503448e+00 7.310345e-01 1.310345e-01
40817: 1.636986e+00 1.500000e+00 7.328767e-01 1.301370e-01
40817: 1.632653e+00 1.510204e+00 7.278912e-01 1.292517e-01
40817: 1.628378e+00 1.513514e+00 7.297297e-01 1.283784e-01
40817: 1.630872e+00 1.510067e+00 7.315436e-01 1.275168e-01
40817: 1.633333e+00 1.506667e+00 7.266667e-01 1.333333e-01
40817: 1.629139e+00 1.503311e+00 7.350993e-01 1.324503e-01
40817: 1.631579e+00 1.500000e+00 7.368421e-01 1.315789e-01
40817: 1.627451e+00 1.509804e+00 7.320261e-01 1.307190e-01
40817: 1.629870e+00 1.506494e+00 7.337662e-01 1.298701e-01
40817: 1.625806e+00 1.503226e+00 7.354839e-01 1.354839e-01
40817: 1.628205e+00 1.500000e+00 7.371795e-01 1.346154e-01
40817: 1.636943e+00 1.496815e+00 7.324841e-01 1.337580e-01
40817: 1.639241e+00 1.500000e+00 7.278481e-01 1.329114e-01
40817: 1.641509e+00 1.503145e+00 7.232704e-01 1.320755e-01
40817: 1.637500e+00 1.506250e+00 7.250000e-01 1.312500e-01
40817: 1.639752e+00 1.503106e+00 7.267081e-01 1.304348e-01
40817: 1.635802e+00 1.506173e+00 7.283951e-01 1.296296e-01
40817: 1.631902e+00 1.503067e+00 7.361963e-01 1.288344e-01
40817: 1.634146e+00 1.500000e+00 7.378049e-01 1.280488e-01
40817: 1.636364e+00 1.503030e+00 7.333333e-01 1.272727e-01
40817: 1.638554e+00 1.500000e+00 7.349398e-01 1.265060e-01
40817: 1.634731e+00 1.497006e+00 7.425150e-01 1.257485e-01
40817: 1.630952e+00 1.505952e+00 7.380952e-01 1.250000e-01
40817: 1.627219e+00 1.508876e+00 7.396450e-01 1.242604e-01
40817: 1.623529e+00 1.511765e+00 7.411765e-01 1.235294e-01
40817: 1.619883e+00 1.514620e+00 7.368421e-01 1.286550e-01
40817: 1.622093e+00 1.517442e+00 7.325581e-01 1.279070e-01
40817: 1.618497e+00 1.514451e+00 7.341040e-01 1.329480e-01
40817: 1.614943e+00 1.517241e+00 7.356322e-01 1.321839e-01
40817: 1.611429e+00 1.514286e+00 7.371429e-01 1.371429e-01
40817: 1.613636e+00 1.511364e+00 7.329545e-01 1.420455e-01
40817: 1.610169e+00 1.514124e+00 7.344633e-01 1.412429e-01
40817: 1.612360e+00 1.516854e+00 7.303371e-01 1.404494e-01
40817: 1.608939e+00 1.519553e+00 7.318436e-01 1.396648e-01
40817: 1.605556e+00 1.516667e+00 7.388889e-01 1.388889e-01
40817: 1.602210e+00 1.524862e+00 7.348066e-01 1.381215e-01
40817: 1.609890e+00 1.521978e+00 7.307692e-01 1.373626e-01
40817: 1.617486e+00 1.519126e+00 7.267760e-01 1.366120e-01
40817: 1.614130e+00 1.521739e+00 7.228261e-01 1.413043e-01
40817: 1.616216e+00 1.518919e+00 7.189189e-01 1.459459e-01
40817: 1.612903e+00 1.521505e+00 7.204301e-01 1.451613e-01
40817: 1.609626e+00 1.518717e+00 7.272727e-01 1.443850e-01
40817: 1.601064e+00 1.521277e+00 7.340426e-01 1.436170e-01
40817: 1.597884e+00 1.523810e+00 7.354497e-01 1.428571e-01
40817: 1.600000e+00 1.521053e+00 7.315789e-01 1.473684e-01
40817: 1.602094e+00 1.523560e+00 7.277487e-01 1.465969e-01
40817: 1.598958e+00 1.520833e+00 7.343750e-01 1.458333e-01
40817: 1.601036e+00 1.518135e+00 7.305699e-01 1.502591e-01
40817: 1.597938e+00 1.515464e+00 7.319588e-01 1.546392e-01
40817: 1.600000e+00 1.517949e+00 7.282051e-01 1.538462e-01
40817: 1.602041e+00 1.515306e+00 7.295918e-01 1.530612e-01
40817: 1.604061e+00 1.517766e+00 7.258883e-01 1.522843e-01
40817: 1.601010e+00 1.520202e+00 7.222222e-01 1.565657e-01
40817: 1.597990e+00 1.517588e+00 7.286432e-01 1.557789e-01
40817: 1.595000e+00 1.520000e+00 7.300000e-01 1.550000e-01
40817: 1.601990e+00 1.517413e+00 7.263682e-01 1.542289e-01
40817: 1.608911e+00 1.514851e+00 7.227723e-01 1.534653e-01
40817: 1.605911e+00 1.517241e+00 7.241379e-01 1.527094e-01
40817: 1.607843e+00 1.514706e+00 7.205882e-01 1.568627e-01
40817: 1.604878e+00 1.512195e+00 7.268293e-01 1.560976e-01
40817: 1.606796e+00 1.514563e+00 7.233010e-01 1.553398e-01
40817: 1.603865e+00 1.516908e+00 7.246377e-01 1.545894e-01
40817: 1.605769e+00 1.519231e+00 7.211538e-01 1.538462e-01
40817: 1.602871e+00 1.521531e+00 7.224880e-01 1.531100e-01
40817: 1.604762e+00 1.519048e+00 7.238095e-01 1.523810e-01
40817: 1.601896e+00 1.521327e+00 7.251185e-01 1.516588e-01
40817: 1.603774e+00 1.523585e+00 7.216981e-01 1.509434e-01
40817: 1.596244e+00 1.525822e+00 7.276995e-01 1.502347e-01
40817: 1.593458e+00 1.528037e+00 7.289720e-01 1.495327e-01
40817: 1.595349e+00 1.525581e+00 7.255814e-01 1.534884e-01
40817: 1.592593e+00 1.527778e+00 7.268519e-01 1.527778e-01
40817: 1.594470e+00 1.525346e+00 7.235023e-01 1.566820e-01
40817: 1.596330e+00 1.527523e+00 7.201835e-01 1.559633e-01
40817: 1.593607e+00 1.529680e+00 7.214612e-01 1.552511e-01
40817: 1.590909e+00 1.531818e+00 7.227273e-01 1.545455e-01
40817: 1.592760e+00 1.529412e+00 7.239819e-01 1.538462e-01
40817: 1.590090e+00 1.531532e+00 7.252252e-01 1.531532e-01
40817: 1.587444e+00 1.533632e+00 7.264574e-01 1.524664e-01
40817: 1.593750e+00 1.531250e+00 7.232143e-01 1.517857e-01
40817: 1.591111e+00 1.537778e+00 7.200000e-01 1.511111e-01
40817: 1.588496e+00 1.539823e+00 7.212389e-01 1.504425e-01
40817: 1.594714e+00 1.537445e+00 7.180617e-01 1.497797e-01
40817: 1.596491e+00 1.535088e+00 7.192982e-01 1.491228e-01
40817: 1.593886e+00 1.537118e+00 7.205240e-01 1.484716e-01
40817: 1.591304e+00 1.534783e+00 7.260870e-01 1.478261e-01
40817: 1.593074e+00 1.536797e+00 7.229437e-01 1.471861e-01
40817: 1.594828e+00 1.534483e+00 7.241379e-01 1.465517e-01
40817: 1.596567e+00 1.532189e+00 7.210300e-01 1.502146e-01
40817: 1.598291e+00 1.534188e+00 7.179487e-01 1.495726e-01
40817: 1.600000e+00 1.536170e+00 7.148936e-01 1.489362e-01
40817: 1.605932e+00 1.533898e+00 7.118644e-01 1.483051e-01
40817: 1.607595e+00 1.531646e+00 7.130802e-01 1.476793e-01
40817: 1.613445e+00 1.529412e+00 7.100840e-01 1.470588e-01
40817: 1.615063e+00 1.531381e+00 7.071130e-01 1.464435e-01
40817: 1.616667e+00 1.529167e+00 7.083333e-01 1.458333e-01
40817: 1.614108e+00 1.526971e+00 7.136929e-01 1.452282e-01
40817: 1.611570e+00 1.528926e+00 7.148760e-01 1.446281e-01
40817: 1.609053e+00 1.530864e+00 7.160494e-01 1.440329e-01
40817: 1.606557e+00 1.532787e+00 7.172131e-01 1.434426e-01
40817: 1.608163e+00 1.534694e+00 7.142857e-01 1.428571e-01
40817: 1.605691e+00 1.536585e+00 7.113821e-01 1.463415e-01
40817: 1.603239e+00 1.534413e+00 7.165992e-01 1.457490e-01
40817: 1.608871e+00 1.532258e+00 7.137097e-01 1.451613e-01
40817: 1.610442e+00 1.534137e+00 7.108434e-01 1.445783e-01
40817: 1.608000e+00 1.532000e+00 7.120000e-01 1.480000e-01
40817: 1.609562e+00 1.533865e+00 7.091633e-01 1.474104e-01
40817: 1.615079e+00 1.531746e+00 7.063492e-01 1.468254e-01
40817: 1.612648e+00 1.533597e+00 7.075099e-01 1.462451e-01
40817: 1.610236e+00 1.531496e+00 7.125984e-01 1.456693e-01
40817: 1.611765e+00 1.529412e+00 7.137255e-01 1.450980e-01
40817: 1.613281e+00 1.531250e+00 7.109375e-01 1.445312e-01
40817: 1.607004e+00 1.540856e+00 7.081712e-01 1.439689e-01
40817: 1.608527e+00 1.542636e+00 7.054264e-01 1.434109e-01
40817: 1.606178e+00 1.544402e+00 7.065637e-01 1.428571e-01
40817: 1.607692e+00 1.546154e+00 7.038462e-01 1.423077e-01
40817: 1.605364e+00 1.544061e+00 7.049808e-01 1.455939e-01
40817: 1.606870e+00 1.541985e+00 7.061069e-01 1.450382e-01
40817: 1.608365e+00 1.539924e+00 7.034221e-01 1.482890e-01
40817: 1.609848e+00 1.537879e+00 7.045455e-01 1.477273e-01
40817: 1.615094e+00 1.535849e+00 7.018868e-01 1.471698e-01
40817: 1.616541e+00 1.537594e+00 6.992481e-01 1.466165e-01
40817: 1.614232e+00 1.535581e+00 7.041199e-01 1.460674e-01
40817: 1.615672e+00 1.537313e+00 7.014925e-01 1.455224e-01
40817: 1.617100e+00 1.535316e+00 7.026022e-01 1.449814e-01
40817: 1.614815e+00 1.533333e+00 7.074074e-01 1.444444e-01
40817: 1.612546e+00 1.535055e+00 7.084871e-01 1.439114e-01
40817: 1.610294e+00 1.540441e+00 7.058824e-01 1.433824e-01
40817: 1.611722e+00 1.542125e+00 7.032967e-01 1.428571e-01
40817: 1.616788e+00 1.540146e+00 7.007299e-01 1.423358e-01
40817: 1.618182e+00 1.538182e+00 7.018182e-01 1.418182e-01
40817: 1.619565e+00 1.539855e+00 6.992754e-01 1.413043e-01
40817: 1.620939e+00 1.541516e+00 6.967509e-01 1.407942e-01
40817: 1.618705e+00 1.543165e+00 6.942446e-01 1.438849e-01
40817: 1.620072e+00 1.541219e+00 6.917563e-01 1.469534e-01
40817: 1.617857e+00 1.542857e+00 6.928571e-01 1.464286e-01
40817: 1.615658e+00 1.540925e+00 6.939502e-01 1.494662e-01
40817: 1.620567e+00 1.539007e+00 6.914894e-01 1.489362e-01
40817: 1.618375e+00 1.540636e+00 6.925795e-01 1.484099e-01
40817: 1.619718e+00 1.538732e+00 6.936620e-01 1.478873e-01
40817: 1.621053e+00 1.536842e+00 6.947368e-01 1.473684e-01
40817: 1.622378e+00 1.534965e+00 6.958042e-01 1.468531e-01
40817: 1.620209e+00 1.533101e+00 7.003484e-01 1.463415e-01
40817: 1.621528e+00 1.534722e+00 6.979167e-01 1.458333e-01
40817: 1.619377e+00 1.532872e+00 7.024221e-01 1.453287e-01
40817: 1.624138e+00 1.531034e+00 7.000000e-01 1.448276e-01
40817: 1.625430e+00 1.529210e+00 7.010309e-01 1.443299e-01
40817: 1.626712e+00 1.527397e+00 7.020548e-01 1.438356e-01
40817: 1.631399e+00 1.525597e+00 6.996587e-01 1.433447e-01
40817: 1.629252e+00 1.523810e+00 7.040816e-01 1.428571e-01
40817: 1.630508e+00 1.522034e+00 7.050847e-01 1.423729e-01
40817: 1.635135e+00 1.520270e+00 7.027027e-01 1.418919e-01
40817: 1.636364e+00 1.521886e+00 7.003367e-01 1.414141e-01
40817: 1.637584e+00 1.523490e+00 6.979866e-01 1.409396e-01
40817: 1.642140e+00 1.521739e+00 6.956522e-01 1.404682e-01
40817: 1.640000e+00 1.523333e+00 6.966667e-01 1.400000e-01
40817: 1.644518e+00 1.521595e+00 6.943522e-01 1.395349e-01
40817: 1.649007e+00 1.519868e+00 6.920530e-01 1.390728e-01
40817: 1.650165e+00 1.518152e+00 6.897690e-01 1.419142e-01
40817: 1.654605e+00 1.516447e+00 6.875000e-01 1.414474e-01
40817: 1.652459e+00 1.518033e+00 6.885246e-01 1.409836e-01
40817: 1.650327e+00 1.516340e+00 6.895425e-01 1.437908e-01
40817: 1.648208e+00 1.514658e+00 6.905537e-01 1.465798e-01
40817: 1.646104e+00 1.516234e+00 6.915584e-01 1.461039e-01
40817: 1.647249e+00 1.514563e+00 6.925566e-01 1.456311e-01
40817: 1.648387e+00 1.512903e+00 6.935484e-01 1.451613e-01
40817: 1.646302e+00 1.511254e+00 6.945338e-01 1.479100e-01
40817: 1.644231e+00 1.512821e+00 6.955128e-01 1.474359e-01
40817: 1.645367e+00 1.514377e+00 6.932907e-01 1.469649e-01
40817: 1.643312e+00 1.519108e+00 6.910828e-01 1.464968e-01
40817: 1.641270e+00 1.520635e+00 6.920635e-01 1.460317e-01
40817: 1.645570e+00 1.518987e+00 6.898734e-01 1.455696e-01
40817: 1.643533e+00 1.520505e+00 6.908517e-01 1.451104e-01
40817: 1.647799e+00 1.518868e+00 6.886792e-01 1.446541e-01
40817: 1.648903e+00 1.517241e+00 6.896552e-01 1.442006e-01
40817: 1.646875e+00 1.518750e+00 6.875000e-01 1.468750e-01
40817: 1.644860e+00 1.517134e+00 6.884735e-01 1.495327e-01
40817: 1.645963e+00 1.518634e+00 6.863354e-01 1.490683e-01
40817: 1.647059e+00 1.517028e+00 6.873065e-01 1.486068e-01
40817: 1.648148e+00 1.515432e+00 6.882716e-01 1.481481e-01
40817: 1.652308e+00 1.513846e+00 6.861538e-01 1.476923e-01
40817: 1.653374e+00 1.515337e+00 6.840491e-01 1.472393e-01
40817: 1.651376e+00 1.519878e+00 6.819572e-01 1.467890e-01
40817: 1.649390e+00 1.521341e+00 6.829268e-01 1.463415e-01
40817: 1.647416e+00 1.519757e+00 6.838906e-01 1.489362e-01
40817: 1.645455e+00 1.518182e+00 6.878788e-01 1.484848e-01
40817: 1.646526e+00 1.519637e+00 6.858006e-01 1.480363e-01
40817: 1.647590e+00 1.521084e+00 6.837349e-01 1.475904e-01
40817: 1.645646e+00 1.525526e+00 6.816817e-01 1.471471e-01
40817: 1.646707e+00 1.523952e+00 6.826347e-01 1.467066e-01
40817: 1.647761e+00 1.525373e+00 6.805970e-01 1.462687e-01
40817: 1.648810e+00 1.523810e+00 6.815476e-01 1.458333e-01
40817: 1.646884e+00 1.525223e+00 6.824926e-01 1.454006e-01
40817: 1.644970e+00 1.523669e+00 6.863905e-01 1.449704e-01
40817: 1.643068e+00 1.522124e+00 6.873156e-01 1.474926e-01
40817: 1.644118e+00 1.520588e+00 6.882353e-01 1.470588e-01
40817: 1.645161e+00 1.519062e+00 6.891496e-01 1.466276e-01
40817: 1.643275e+00 1.520468e+00 6.900585e-01 1.461988e-01
40817: 1.644315e+00 1.521866e+00 6.880466e-01 1.457726e-01
40817: 1.645349e+00 1.523256e+00 6.860465e-01 1.453488e-01
40817: 1.646377e+00 1.521739e+00 6.869565e-01 1.449275e-01
40817: 1.644509e+00 1.520231e+00 6.907514e-01 1.445087e-01
40817: 1.642651e+00 1.521614e+00 6.887608e-01 1.469741e-01
40817: 1.643678e+00 1.522989e+00 6.867816e-01 1.465517e-01
40817: 1.644699e+00 1.524355e+00 6.848138e-01 1.461318e-01
40817: 1.645714e+00 1.525714e+00 6.828571e-01 1.457143e-01
40817: 1.649573e+00 1.524217e+00 6.809117e-01 1.452991e-01
40817: 1.647727e+00 1.525568e+00 6.818182e-01 1.448864e-01
40817: 1.648725e+00 1.524079e+00 6.798867e-01 1.473088e-01
40817: 1.649718e+00 1.522599e+00 6.807910e-01 1.468927e-01
40817: 1.650704e+00 1.521127e+00 6.788732e-01 1.492958e-01
40817: 1.648876e+00 1.519663e+00 6.825843e-01 1.488764e-01
40817: 1.649860e+00 1.518207e+00 6.834734e-01 1.484594e-01
40817: 1.648045e+00 1.519553e+00 6.815642e-01 1.508380e-01
40817: 1.646240e+00 1.520891e+00 6.796657e-01 1.532033e-01
40817: 1.644444e+00 1.522222e+00 6.805556e-01 1.527778e-01
40817: 1.642659e+00 1.526316e+00 6.786704e-01 1.523546e-01
40817: 1.640884e+00 1.530387e+00 6.767956e-01 1.519337e-01
40817: 1.641873e+00 1.531680e+00 6.749311e-01 1.515152e-01
40817: 1.640110e+00 1.530220e+00 6.785714e-01 1.510989e-01
40817: 1.638356e+00 1.531507e+00 6.794521e-01 1.506849e-01
40817: 1.636612e+00 1.535519e+00 6.775956e-01 1.502732e-01
40817: 1.634877e+00 1.534060e+00 6.784741e-01 1.525886e-01
40817: 1.638587e+00 1.532609e+00 6.766304e-01 1.521739e-01
40817: 1.639566e+00 1.531165e+00 6.775068e-01 1.517615e-01
40817: 1.640541e+00 1.532432e+00 6.756757e-01 1.513514e-01
40817: 1.638814e+00 1.533693e+00 6.765499e-01 1.509434e-01
40817: 1.642473e+00 1.532258e+00 6.747312e-01 1.505376e-01
40817: 1.643432e+00 1.533512e+00 6.729223e-01 1.501340e-01
40817: 1.641711e+00 1.534759e+00 6.737968e-01 1.497326e-01
40817: 1.642667e+00 1.536000e+00 6.720000e-01 1.493333e-01
40817: 1.640957e+00 1.534574e+00 6.755319e-01 1.489362e-01
40817: 1.641910e+00 1.535809e+00 6.737401e-01 1.485411e-01
40817: 1.645503e+00 1.534392e+00 6.719577e-01 1.481481e-01
40817: 1.646438e+00 1.535620e+00 6.701847e-01 1.477573e-01
40817: 1.647368e+00 1.534211e+00 6.710526e-01 1.473684e-01
40817: 1.645669e+00 1.532808e+00 6.745407e-01 1.469816e-01
40817: 1.643979e+00 1.534031e+00 6.753927e-01 1.465969e-01
40817: 1.644909e+00 1.535248e+00 6.736292e-01 1.462141e-01
40817: 1.645833e+00 1.533854e+00 6.744792e-01 1.458333e-01
40817: 1.646753e+00 1.535065e+00 6.727273e-01 1.454545e-01
40817: 1.645078e+00 1.533679e+00 6.761658e-01 1.450777e-01
40817: 1.643411e+00 1.537468e+00 6.744186e-01 1.447028e-01
40817: 1.644330e+00 1.538660e+00 6.726804e-01 1.443299e-01
40817: 1.642674e+00 1.539846e+00 6.735219e-01 1.439589e-01
40817: 1.643590e+00 1.541026e+00 6.717949e-01 1.435897e-01
40817: 1.644501e+00 1.539642e+00 6.726343e-01 1.432225e-01
40817: 1.647959e+00 1.538265e+00 6.709184e-01 1.428571e-01
40817: 1.646310e+00 1.541985e+00 6.692112e-01 1.424936e-01
40817: 1.647208e+00 1.540609e+00 6.700508e-01 1.421320e-01
40817: 1.648101e+00 1.541772e+00 6.683544e-01 1.417722e-01
40817: 1.648990e+00 1.540404e+00 6.666667e-01 1.439394e-01
40817: 1.649874e+00 1.539043e+00 6.675063e-01 1.435768e-01
40817: 1.648241e+00 1.537688e+00 6.708543e-01 1.432161e-01
40817: 1.649123e+00 1.538847e+00 6.691729e-01 1.428571e-01
40817: 1.650000e+00 1.540000e+00 6.675000e-01 1.425000e-01
40817: 1.648379e+00 1.538653e+00 6.683292e-01 1.446384e-01
40817: 1.649254e+00 1.539801e+00 6.666667e-01 1.442786e-01
40817: 1.652605e+00 1.538462e+00 6.650124e-01 1.439206e-01
40817: 1.655941e+00 1.537129e+00 6.633663e-01 1.435644e-01
40817: 1.654321e+00 1.535802e+00 6.666667e-01 1.432099e-01
40817: 1.652709e+00 1.534483e+00 6.699507e-01 1.428571e-01
40817: 1.653563e+00 1.533170e+00 6.707617e-01 1.425061e-01
40817: 1.654412e+00 1.531863e+00 6.715686e-01 1.421569e-01
40817: 1.652812e+00 1.533007e+00 6.723716e-01 1.418093e-01
40817: 1.651220e+00 1.534146e+00 6.731707e-01 1.414634e-01
40817: 1.652068e+00 1.532847e+00 6.739659e-01 1.411192e-01
40817: 1.652913e+00 1.533981e+00 6.723301e-01 1.407767e-01
40817: 1.656174e+00 1.532688e+00 6.707022e-01 1.404358e-01
40817: 1.657005e+00 1.533816e+00 6.690821e-01 1.400966e-01
40817: 1.655422e+00 1.534940e+00 6.698795e-01 1.397590e-01
40817: 1.658654e+00 1.533654e+00 6.682692e-01 1.394231e-01
40817: 1.659472e+00 1.532374e+00 6.690647e-01 1.390887e-01
40817: 1.662679e+00 1.531100e+00 6.674641e-01 1.387560e-01
40817: 1.661098e+00 1.532220e+00 6.682578e-01 1.384248e-01
40817: 1.661905e+00 1.533333e+00 6.666667e-01 1.380952e-01
40817: 1.662708e+00 1.534442e+00 6.650831e-01 1.377672e-01
40817: 1.663507e+00 1.535545e+00 6.635071e-01 1.374408e-01
40817: 1.666667e+00 1.534279e+00 6.619385e-01 1.371158e-01
40817: 1.667453e+00 1.535377e+00 6.603774e-01 1.367925e-01
40817: 1.670588e+00 1.534118e+00 6.588235e-01 1.364706e-01
40817: 1.671362e+00 1.532864e+00 6.596244e-01 1.361502e-01
40817: 1.669789e+00 1.533958e+00 6.604215e-01 1.358314e-01
40817: 1.668224e+00 1.537383e+00 6.588785e-01 1.355140e-01
40817: 1.668998e+00 1.536131e+00 6.596737e-01 1.351981e-01
40817: 1.667442e+00 1.534884e+00 6.627907e-01 1.348837e-01
40817: 1.668213e+00 1.535963e+00 6.612529e-01 1.345708e-01
40817: 1.668981e+00 1.537037e+00 6.597222e-01 1.342593e-01
40817: 1.667436e+00 1.540416e+00 6.581986e-01 1.339492e-01
40817: 1.665899e+00 1.541475e+00 6.589862e-01 1.336406e-01
40817: 1.668966e+00 1.540230e+00 6.574713e-01 1.333333e-01
40817: 1.667431e+00 1.541284e+00 6.559633e-01 1.353211e-01
40817: 1.668192e+00 1.540046e+00 6.567506e-01 1.350114e-01
40817: 1.668950e+00 1.538813e+00 6.575342e-01 1.347032e-01
40817: 1.671982e+00 1.537585e+00 6.560364e-01 1.343964e-01
40817: 1.672727e+00 1.538636e+00 6.545455e-01 1.340909e-01
40817: 1.671202e+00 1.539683e+00 6.553288e-01 1.337868e-01
40817: 1.674208e+00 1.538462e+00 6.538462e-01 1.334842e-01
40817: 1.672686e+00 1.537246e+00 6.546275e-01 1.354402e-01
40817: 1.673423e+00 1.536036e+00 6.554054e-01 1.351351e-01
40817: 1.671910e+00 1.534831e+00 6.584270e-01 1.348315e-01
40817: 1.672646e+00 1.533632e+00 6.591928e-01 1.345291e-01
40817: 1.671141e+00 1.534676e+00 6.599553e-01 1.342282e-01
40817: 1.671875e+00 1.533482e+00 6.607143e-01 1.339286e-01
40817: 1.674833e+00 1.532294e+00 6.592428e-01 1.336303e-01
40817: 1.673333e+00 1.531111e+00 6.600000e-01 1.355556e-01
40817: 1.676275e+00 1.529933e+00 6.585366e-01 1.352550e-01
40817: 1.674779e+00 1.530973e+00 6.592920e-01 1.349558e-01
40817: 1.673289e+00 1.532009e+00 6.600442e-01 1.346578e-01
40817: 1.676211e+00 1.530837e+00 6.585903e-01 1.343612e-01
40817: 1.676923e+00 1.529670e+00 6.593407e-01 1.340659e-01
40817: 1.677632e+00 1.530702e+00 6.578947e-01 1.337719e-01
40817: 1.680525e+00 1.529540e+00 6.564551e-01 1.334792e-01
40817: 1.681223e+00 1.528384e+00 6.572052e-01 1.331878e-01
40817: 1.684096e+00 1.527233e+00 6.557734e-01 1.328976e-01
40817: 1.682609e+00 1.528261e+00 6.565217e-01 1.326087e-01
40817: 1.683297e+00 1.527115e+00 6.550976e-01 1.344902e-01
40817: 1.683983e+00 1.525974e+00 6.558442e-01 1.341991e-01
40817: 1.680346e+00 1.526998e+00 6.565875e-01 1.360691e-01
40817: 1.681034e+00 1.528017e+00 6.551724e-01 1.357759e-01
40817: 1.681720e+00 1.526882e+00 6.559140e-01 1.354839e-01
40817: 1.682403e+00 1.525751e+00 6.566524e-01 1.351931e-01
40817: 1.680942e+00 1.524625e+00 6.595289e-01 1.349036e-01
40817: 1.681624e+00 1.525641e+00 6.581197e-01 1.346154e-01
40817: 1.680171e+00 1.524520e+00 6.609808e-01 1.343284e-01
40817: 1.680851e+00 1.525532e+00 6.595745e-01 1.340426e-01
40817: 1.679406e+00 1.524416e+00 6.624204e-01 1.337580e-01
40817: 1.677966e+00 1.525424e+00 6.631356e-01 1.334746e-01
40817: 1.678647e+00 1.524313e+00 6.638478e-01 1.331924e-01
40817: 1.677215e+00 1.525316e+00 6.645570e-01 1.329114e-01
40817: 1.677895e+00 1.526316e+00 6.631579e-01 1.326316e-01
40817: 1.676471e+00 1.527311e+00 6.638655e-01 1.323529e-01
40817: 1.675052e+00 1.526205e+00 6.645702e-01 1.341719e-01
40817: 1.673640e+00 1.525105e+00 6.673640e-01 1.338912e-01
40817: 1.672234e+00 1.524008e+00 6.701461e-01 1.336117e-01
40817: 1.675000e+00 1.522917e+00 6.687500e-01 1.333333e-01
40817: 1.675676e+00 1.523909e+00 6.673597e-01 1.330561e-01
40817: 1.674274e+00 1.522822e+00 6.701245e-01 1.327801e-01
40817: 1.672878e+00 1.523810e+00 6.708075e-01 1.325052e-01
40817: 1.673554e+00 1.522727e+00 6.714876e-01 1.322314e-01
40817: 1.672165e+00 1.521649e+00 6.742268e-01 1.319588e-01
40817: 1.672840e+00 1.520576e+00 6.748971e-01 1.316872e-01
40817: 1.671458e+00 1.521561e+00 6.755647e-01 1.314168e-01
40817: 1.672131e+00 1.520492e+00 6.741803e-01 1.331967e-01
40817: 1.670757e+00 1.521472e+00 6.748466e-01 1.329243e-01
40817: 1.673469e+00 1.520408e+00 6.734694e-01 1.326531e-01
40817: 1.674134e+00 1.521385e+00 6.720978e-01 1.323829e-01
40817: 1.674797e+00 1.520325e+00 6.707317e-01 1.341463e-01
40817: 1.675456e+00 1.519270e+00 6.713996e-01 1.338742e-01
40817: 1.678138e+00 1.518219e+00 6.700405e-01 1.336032e-01
40817: 1.676768e+00 1.517172e+00 6.727273e-01 1.333333e-01
40817: 1.675403e+00 1.518145e+00 6.713710e-01 1.350806e-01
40817: 1.676056e+00 1.519115e+00 6.700201e-01 1.348089e-01
40817: 1.674699e+00 1.520080e+00 6.706827e-01 1.345382e-01
40817: 1.675351e+00 1.519038e+00 6.713427e-01 1.342685e-01
40817: 1.676000e+00 1.518000e+00 6.700000e-01 1.360000e-01
40817: 1.674651e+00 1.518962e+00 6.706587e-01 1.357285e-01
40817: 1.673307e+00 1.519920e+00 6.713147e-01 1.354582e-01
40817: 1.671968e+00 1.518887e+00 6.739563e-01 1.351889e-01
40817: 1.674603e+00 1.517857e+00 6.726190e-01 1.349206e-01
40817: 1.673267e+00 1.516832e+00 6.752475e-01 1.346535e-01
40817: 1.671937e+00 1.515810e+00 6.778656e-01 1.343874e-01
40817: 1.670611e+00 1.514793e+00 6.804734e-01 1.341223e-01
40817: 1.669291e+00 1.513780e+00 6.811024e-01 1.358268e-01
40817: 1.669941e+00 1.514735e+00 6.797642e-01 1.355599e-01
40817: 1.668627e+00 1.517647e+00 6.784314e-01 1.352941e-01
40817: 1.669276e+00 1.516634e+00 6.790607e-01 1.350294e-01
40817: 1.671875e+00 1.515625e+00 6.777344e-01 1.347656e-01
40817: 1.670565e+00 1.514620e+00 6.803119e-01 1.345029e-01
40817: 1.669261e+00 1.515564e+00 6.809339e-01 1.342412e-01
40817: 1.669903e+00 1.514563e+00 6.796117e-01 1.359223e-01
40817: 1.668605e+00 1.515504e+00 6.782946e-01 1.375969e-01
40817: 1.667311e+00 1.516441e+00 6.789168e-01 1.373308e-01
40817: 1.666023e+00 1.515444e+00 6.814672e-01 1.370656e-01
40817: 1.666667e+00 1.516378e+00 6.801541e-01 1.368015e-01
40817: 1.665385e+00 1.517308e+00 6.807692e-01 1.365385e-01
40817: 1.666027e+00 1.516315e+00 6.813820e-01 1.362764e-01
40817: 1.666667e+00 1.517241e+00 6.800766e-01 1.360153e-01
40817: 1.667304e+00 1.518164e+00 6.787763e-01 1.357553e-01
40817: 1.669847e+00 1.517176e+00 6.774809e-01 1.354962e-01
40817: 1.670476e+00 1.516190e+00 6.761905e-01 1.371429e-01
40817: 1.671103e+00 1.515209e+00 6.768061e-01 1.368821e-01
40817: 1.669829e+00 1.516129e+00 6.774194e-01 1.366224e-01
40817: 1.670455e+00 1.517045e+00 6.761364e-01 1.363636e-01
40817: 1.671078e+00 1.516068e+00 6.767486e-01 1.361059e-01
40817: 1.669811e+00 1.516981e+00 6.773585e-01 1.358491e-01
40817: 1.670433e+00 1.516008e+00 6.779661e-01 1.355932e-01
40817: 1.669173e+00 1.518797e+00 6.766917e-01 1.353383e-01
40817: 1.669794e+00 1.517824e+00 6.754221e-01 1.369606e-01
40817: 1.668539e+00 1.518727e+00 6.760300e-01 1.367041e-01
40817: 1.669159e+00 1.517757e+00 6.766355e-01 1.364486e-01
40817: 1.671642e+00 1.516791e+00 6.753731e-01 1.361940e-01
40817: 1.672253e+00 1.515829e+00 6.759777e-01 1.359404e-01
40817: 1.672862e+00 1.514870e+00 6.765799e-01 1.356877e-01
40817: 1.673469e+00 1.513915e+00 6.771800e-01 1.354360e-01
40817: 1.672222e+00 1.514815e+00 6.777778e-01 1.351852e-01
40817: 1.672828e+00 1.515712e+00 6.765250e-01 1.349353e-01
40817: 1.671587e+00 1.516605e+00 6.771218e-01 1.346863e-01
40817: 1.674033e+00 1.515654e+00 6.758748e-01 1.344383e-01
40817: 1.672794e+00 1.518382e+00 6.746324e-01 1.341912e-01
40817: 1.671560e+00 1.517431e+00 6.770642e-01 1.339450e-01
40817: 1.670330e+00 1.520147e+00 6.758242e-01 1.336996e-01
40817: 1.672761e+00 1.519196e+00 6.745887e-01 1.334552e-01
40817: 1.673358e+00 1.520073e+00 6.733577e-01 1.332117e-01
40817: 1.673953e+00 1.519126e+00 6.739526e-01 1.329690e-01
40817: 1.674545e+00 1.520000e+00 6.727273e-01 1.327273e-01
40817: 1.675136e+00 1.520871e+00 6.715064e-01 1.324864e-01
40817: 1.675725e+00 1.519928e+00 6.721014e-01 1.322464e-01
40817: 1.676311e+00 1.518987e+00 6.726944e-01 1.320072e-01
40817: 1.678700e+00 1.518051e+00 6.714801e-01 1.317690e-01
40817: 1.679279e+00 1.517117e+00 6.720721e-01 1.315315e-01
40817: 1.679856e+00 1.516187e+00 6.726619e-01 1.312950e-01
40817: 1.678636e+00 1.515260e+00 6.750449e-01 1.310592e-01
40817: 1.677419e+00 1.516129e+00 6.756272e-01 1.308244e-01
40817: 1.676208e+00 1.516995e+00 6.744186e-01 1.323792e-01
40817: 1.676786e+00 1.516071e+00 6.732143e-01 1.339286e-01
40817: 1.675579e+00 1.515152e+00 6.755793e-01 1.336898e-01
40817: 1.676157e+00 1.514235e+00 6.761566e-01 1.334520e-01
40817: 1.676732e+00 1.513321e+00 6.767318e-01 1.332149e-01
40817: 1.675532e+00 1.514184e+00 6.773050e-01 1.329787e-01
40817: 1.676106e+00 1.515044e+00 6.761062e-01 1.327434e-01
40817: 1.676678e+00 1.515901e+00 6.749117e-01 1.325088e-01
40817: 1.675485e+00 1.516755e+00 6.754850e-01 1.322751e-01
40817: 1.676056e+00 1.517606e+00 6.742958e-01 1.320423e-01
40817: 1.674868e+00 1.516696e+00 6.748682e-01 1.335677e-01
40817: 1.675439e+00 1.517544e+00 6.736842e-01 1.333333e-01
40817: 1.676007e+00 1.516637e+00 6.742557e-01 1.330998e-01
40817: 1.676573e+00 1.515734e+00 6.748252e-01 1.328671e-01
40817: 1.675393e+00 1.514834e+00 6.753927e-01 1.343805e-01
40817: 1.674216e+00 1.515679e+00 6.759582e-01 1.341463e-01
40817: 1.673043e+00 1.516522e+00 6.765217e-01 1.339130e-01
40817: 1.673611e+00 1.517361e+00 6.753472e-01 1.336806e-01
40817: 1.672444e+00 1.516464e+00 6.776430e-01 1.334489e-01
40817: 1.674740e+00 1.515571e+00 6.764706e-01 1.332180e-01
40817: 1.673575e+00 1.514680e+00 6.770294e-01 1.347150e-01
40817: 1.674138e+00 1.513793e+00 6.775862e-01 1.344828e-01
40817: 1.674699e+00 1.512909e+00 6.781411e-01 1.342513e-01
40817: 1.673540e+00 1.513746e+00 6.786942e-01 1.340206e-01
40817: 1.672384e+00 1.514580e+00 6.775300e-01 1.355060e-01
40817: 1.672945e+00 1.513699e+00 6.780822e-01 1.352740e-01
40817: 1.671795e+00 1.514530e+00 6.786325e-01 1.350427e-01
40817: 1.672355e+00 1.513652e+00 6.791809e-01 1.348123e-01
40817: 1.671210e+00 1.514480e+00 6.797274e-01 1.345826e-01
40817: 1.670068e+00 1.513605e+00 6.802721e-01 1.360544e-01
40817: 1.670628e+00 1.514431e+00 6.791171e-01 1.358234e-01
40817: 1.669492e+00 1.513559e+00 6.796610e-01 1.372881e-01
40817: 1.668359e+00 1.514382e+00 6.802030e-01 1.370558e-01
40817: 1.668919e+00 1.515203e+00 6.790541e-01 1.368243e-01
40817: 1.667791e+00 1.516020e+00 6.795953e-01 1.365936e-01
40817: 1.668350e+00 1.516835e+00 6.784512e-01 1.363636e-01
40817: 1.668908e+00 1.517647e+00 6.773109e-01 1.361345e-01
40817: 1.669463e+00 1.518456e+00 6.761745e-01 1.359060e-01
40817: 1.670017e+00 1.519263e+00 6.750419e-01 1.356784e-01
40817: 1.672241e+00 1.518395e+00 6.739130e-01 1.354515e-01
40817: 1.671119e+00 1.517529e+00 6.761269e-01 1.352254e-01
40817: 1.671667e+00 1.516667e+00 6.766667e-01 1.350000e-01
40817: 1.672213e+00 1.517471e+00 6.755408e-01 1.347754e-01
40817: 1.674419e+00 1.516611e+00 6.744186e-01 1.345515e-01
40817: 1.673300e+00 1.519071e+00 6.733002e-01 1.343284e-01
40817: 1.673841e+00 1.518212e+00 6.738411e-01 1.341060e-01
40817: 1.674380e+00 1.517355e+00 6.743802e-01 1.338843e-01
40817: 1.676568e+00 1.516502e+00 6.732673e-01 1.336634e-01
40817: 1.677100e+00 1.515651e+00 6.738056e-01 1.334432e-01
40817: 1.677632e+00 1.514803e+00 6.743421e-01 1.332237e-01
40817: 1.678161e+00 1.513957e+00 6.748768e-01 1.330049e-01
40817: 1.678689e+00 1.513115e+00 6.737705e-01 1.344262e-01
40817: 1.677578e+00 1.513912e+00 6.743044e-01 1.342062e-01
40817: 1.676471e+00 1.513072e+00 6.764706e-01 1.339869e-01
40817: 1.675367e+00 1.515498e+00 6.753670e-01 1.337684e-01
40817: 1.675896e+00 1.516287e+00 6.742671e-01 1.335505e-01
40817: 1.674797e+00 1.517073e+00 6.747967e-01 1.333333e-01
40817: 1.673701e+00 1.517857e+00 6.753247e-01 1.331169e-01
40817: 1.674230e+00 1.517018e+00 6.758509e-01 1.329011e-01
40817: 1.674757e+00 1.516181e+00 6.763754e-01 1.326861e-01
40817: 1.675283e+00 1.516963e+00 6.752827e-01 1.324717e-01
40817: 1.674194e+00 1.516129e+00 6.774194e-01 1.322581e-01
40817: 1.674718e+00 1.515298e+00 6.779388e-01 1.320451e-01
40817: 1.675241e+00 1.514469e+00 6.784566e-01 1.318328e-01
40817: 1.675762e+00 1.513644e+00 6.789727e-01 1.316212e-01
40817: 1.676282e+00 1.514423e+00 6.778846e-01 1.314103e-01
40817: 1.678400e+00 1.513600e+00 6.768000e-01 1.312000e-01
40817: 1.677316e+00 1.514377e+00 6.773163e-01 1.309904e-01
40817: 1.677831e+00 1.515152e+00 6.762360e-01 1.307815e-01
40817: 1.676752e+00 1.515924e+00 6.767516e-01 1.305732e-01
40817: 1.675676e+00 1.515103e+00 6.772655e-01 1.319555e-01
40817: 1.676190e+00 1.515873e+00 6.761905e-01 1.317460e-01
40817: 1.675119e+00 1.516640e+00 6.767036e-01 1.315372e-01
40817: 1.674051e+00 1.518987e+00 6.756329e-01 1.313291e-01
40817: 1.674566e+00 1.519747e+00 6.745656e-01 1.311216e-01
40817: 1.673502e+00 1.520505e+00 6.750789e-01 1.309148e-01
40817: 1.674016e+00 1.521260e+00 6.740157e-01 1.307087e-01
40817: 1.672956e+00 1.520440e+00 6.761006e-01 1.305031e-01
40817: 1.673469e+00 1.519623e+00 6.766091e-01 1.302983e-01
40817: 1.673981e+00 1.518809e+00 6.755486e-01 1.316614e-01
40817: 1.676056e+00 1.517997e+00 6.744914e-01 1.314554e-01
40817: 1.675000e+00 1.517187e+00 6.750000e-01 1.328125e-01
40817: 1.673947e+00 1.517941e+00 6.755070e-01 1.326053e-01
40817: 1.672897e+00 1.518692e+00 6.760125e-01 1.323988e-01
40817: 1.673406e+00 1.517885e+00 6.765163e-01 1.321928e-01
40817: 1.675466e+00 1.517081e+00 6.754658e-01 1.319876e-01
40817: 1.675969e+00 1.516279e+00 6.759690e-01 1.317829e-01
40817: 1.674923e+00 1.517028e+00 6.764706e-01 1.315789e-01
40817: 1.673879e+00 1.517774e+00 6.769706e-01 1.313756e-01
40817: 1.672840e+00 1.520062e+00 6.759259e-01 1.311728e-01
40817: 1.673344e+00 1.520801e+00 6.748844e-01 1.309707e-01
40817: 1.673846e+00 1.520000e+00 6.753846e-01 1.307692e-01
40817: 1.674347e+00 1.519201e+00 6.743472e-01 1.321045e-01
40817: 1.673313e+00 1.519939e+00 6.748466e-01 1.319018e-01
40817: 1.672282e+00 1.519142e+00 6.768760e-01 1.316998e-01
40817: 1.672783e+00 1.518349e+00 6.773700e-01 1.314985e-01
40817: 1.671756e+00 1.520611e+00 6.763359e-01 1.312977e-01
40817: 1.670732e+00 1.522866e+00 6.753049e-01 1.310976e-01
40817: 1.671233e+00 1.522070e+00 6.757991e-01 1.308980e-01
40817: 1.673252e+00 1.521277e+00 6.747720e-01 1.306991e-01
40817: 1.673748e+00 1.520486e+00 6.752656e-01 1.305008e-01
40817: 1.674242e+00 1.519697e+00 6.757576e-01 1.303030e-01
40817: 1.676248e+00 1.518911e+00 6.747352e-01 1.301059e-01
40817: 1.675227e+00 1.518127e+00 6.767372e-01 1.299094e-01
40817: 1.674208e+00 1.520362e+00 6.757164e-01 1.297134e-01
40817: 1.673193e+00 1.522590e+00 6.746988e-01 1.295181e-01
40817: 1.672180e+00 1.524812e+00 6.736842e-01 1.293233e-01
40817: 1.671171e+00 1.524024e+00 6.741742e-01 1.306306e-01
40817: 1.671664e+00 1.523238e+00 6.746627e-01 1.304348e-01
40817: 1.673653e+00 1.522455e+00 6.736527e-01 1.302395e-01
40817: 1.675635e+00 1.521674e+00 6.726457e-01 1.300448e-01
40817: 1.677612e+00 1.520896e+00 6.716418e-01 1.298507e-01
40817: 1.679583e+00 1.520119e+00 6.706408e-01 1.296572e-01
40817: 1.681548e+00 1.519345e+00 6.696429e-01 1.294643e-01
40817: 1.680535e+00 1.518574e+00 6.716196e-01 1.292719e-01
40817: 1.681009e+00 1.519288e+00 6.706231e-01 1.290801e-01
40817: 1.681481e+00 1.518519e+00 6.711111e-01 1.288889e-01
40817: 1.681953e+00 1.517751e+00 6.715976e-01 1.286982e-01
40817: 1.682422e+00 1.516987e+00 6.720827e-01 1.285081e-01
40817: 1.682891e+00 1.517699e+00 6.710914e-01 1.283186e-01
40817: 1.683358e+00 1.516937e+00 6.715758e-01 1.281296e-01
40817: 1.683824e+00 1.517647e+00 6.705882e-01 1.279412e-01
40817: 1.684288e+00 1.518355e+00 6.696035e-01 1.277533e-01
40817: 1.686217e+00 1.517595e+00 6.686217e-01 1.275660e-01
40817: 1.685212e+00 1.518302e+00 6.691069e-01 1.273792e-01
40817: 1.684211e+00 1.519006e+00 6.681287e-01 1.286550e-01
40817: 1.683212e+00 1.518248e+00 6.686131e-01 1.299270e-01
40817: 1.683673e+00 1.517493e+00 6.690962e-01 1.297376e-01
40817: 1.684134e+00 1.518195e+00 6.681223e-01 1.295488e-01
40817: 1.683140e+00 1.517442e+00 6.700581e-01 1.293605e-01
40817: 1.682148e+00 1.516691e+00 6.705370e-01 1.306241e-01
40817: 1.681159e+00 1.515942e+00 6.724638e-01 1.304348e-01
40817: 1.681621e+00 1.515195e+00 6.729378e-01 1.302460e-01
40817: 1.683526e+00 1.514451e+00 6.719653e-01 1.300578e-01
40817: 1.682540e+00 1.513709e+00 6.738817e-01 1.298701e-01
40817: 1.681556e+00 1.514409e+00 6.743516e-01 1.296830e-01
40817: 1.680576e+00 1.515108e+00 6.748201e-01 1.294964e-01
40817: 1.681034e+00 1.515805e+00 6.738506e-01 1.293103e-01
40817: 1.680057e+00 1.516499e+00 6.743185e-01 1.291248e-01
40817: 1.680516e+00 1.517192e+00 6.733524e-01 1.289398e-01
40817: 1.682403e+00 1.516452e+00 6.723891e-01 1.287554e-01
40817: 1.682857e+00 1.515714e+00 6.728571e-01 1.285714e-01
40817: 1.681883e+00 1.514979e+00 6.747504e-01 1.283880e-01
40817: 1.682336e+00 1.514245e+00 6.752137e-01 1.282051e-01
40817: 1.682788e+00 1.514936e+00 6.742532e-01 1.280228e-01
40817: 1.683239e+00 1.514205e+00 6.732955e-01 1.292614e-01
40817: 1.683688e+00 1.513475e+00 6.737589e-01 1.290780e-01
40817: 1.685552e+00 1.512748e+00 6.728045e-01 1.288952e-01
40817: 1.685997e+00 1.513437e+00 6.718529e-01 1.287129e-01
40817: 1.686441e+00 1.512712e+00 6.723164e-01 1.285311e-01
40817: 1.686883e+00 1.511989e+00 6.713681e-01 1.297602e-01
40817: 1.687324e+00 1.511268e+00 6.718310e-01 1.295775e-01
40817: 1.687764e+00 1.510549e+00 6.722925e-01 1.293952e-01
40817: 1.686798e+00 1.511236e+00 6.727528e-01 1.292135e-01
40817: 1.687237e+00 1.510519e+00 6.718093e-01 1.304348e-01
40817: 1.686275e+00 1.511204e+00 6.722689e-01 1.302521e-01
40817: 1.685315e+00 1.510490e+00 6.741259e-01 1.300699e-01
40817: 1.685754e+00 1.509777e+00 6.745810e-01 1.298883e-01
40817: 1.686192e+00 1.509066e+00 6.750349e-01 1.297071e-01
40817: 1.686630e+00 1.509749e+00 6.740947e-01 1.295265e-01
40817: 1.687065e+00 1.509040e+00 6.745480e-01 1.293463e-01
40817: 1.686111e+00 1.509722e+00 6.750000e-01 1.291667e-01
40817: 1.685160e+00 1.509015e+00 6.768377e-01 1.289875e-01
40817: 1.685596e+00 1.508310e+00 6.759003e-01 1.301939e-01
40817: 1.686030e+00 1.508990e+00 6.749654e-01 1.300138e-01
40817: 1.686464e+00 1.508287e+00 6.754144e-01 1.298343e-01
40817: 1.686897e+00 1.507586e+00 6.758621e-01 1.296552e-01
40817: 1.687328e+00 1.508264e+00 6.749311e-01 1.294766e-01
40817: 1.686382e+00 1.508941e+00 6.753783e-01 1.292985e-01
40817: 1.685440e+00 1.508242e+00 6.758242e-01 1.304945e-01
40817: 1.685871e+00 1.507545e+00 6.762689e-01 1.303155e-01
40817: 1.686301e+00 1.508219e+00 6.753425e-01 1.301370e-01
40817: 1.688098e+00 1.507524e+00 6.744186e-01 1.299590e-01
40817: 1.688525e+00 1.508197e+00 6.734973e-01 1.297814e-01
40817: 1.687585e+00 1.507503e+00 6.753070e-01 1.296044e-01
40817: 1.688011e+00 1.508174e+00 6.743869e-01 1.294278e-01
40817: 1.688435e+00 1.507483e+00 6.748299e-01 1.292517e-01
40817: 1.687500e+00 1.509511e+00 6.739130e-01 1.290761e-01
40817: 1.686567e+00 1.510176e+00 6.743555e-01 1.289009e-01
40817: 1.686992e+00 1.509485e+00 6.734417e-01 1.300813e-01
40817: 1.687415e+00 1.510149e+00 6.725304e-01 1.299053e-01
40817: 1.686486e+00 1.510811e+00 6.716216e-01 1.310811e-01
40817: 1.686910e+00 1.511471e+00 6.707152e-01 1.309042e-01
40817: 1.687332e+00 1.512129e+00 6.698113e-01 1.307278e-01
40817: 1.687752e+00 1.511440e+00 6.702557e-01 1.305518e-01
40817: 1.688172e+00 1.510753e+00 6.706989e-01 1.303763e-01
40817: 1.687248e+00 1.510067e+00 6.711409e-01 1.315436e-01
40817: 1.686327e+00 1.509383e+00 6.729223e-01 1.313673e-01
40817: 1.685408e+00 1.508701e+00 6.746988e-01 1.311914e-01
40817: 1.685829e+00 1.509358e+00 6.737968e-01 1.310160e-01
40817: 1.684913e+00 1.510013e+00 6.728972e-01 1.321762e-01
40817: 1.684000e+00 1.512000e+00 6.720000e-01 1.320000e-01
40817: 1.685752e+00 1.511318e+00 6.711052e-01 1.318242e-01
40817: 1.686170e+00 1.510638e+00 6.702128e-01 1.329787e-01
40817: 1.685259e+00 1.511288e+00 6.693227e-01 1.341301e-01
40817: 1.684350e+00 1.510610e+00 6.697613e-01 1.352785e-01
40817: 1.683444e+00 1.509934e+00 6.715232e-01 1.350993e-01
40817: 1.682540e+00 1.510582e+00 6.719577e-01 1.349206e-01
40817: 1.682959e+00 1.511229e+00 6.710700e-01 1.347424e-01
40817: 1.684697e+00 1.510554e+00 6.701847e-01 1.345646e-01
40817: 1.683794e+00 1.509881e+00 6.706192e-01 1.357049e-01
40817: 1.684211e+00 1.509211e+00 6.697368e-01 1.368421e-01
40817: 1.684625e+00 1.508541e+00 6.701708e-01 1.366623e-01
40817: 1.686352e+00 1.507874e+00 6.692913e-01 1.364829e-01
40817: 1.685452e+00 1.508519e+00 6.697248e-01 1.363041e-01
40817: 1.685864e+00 1.507853e+00 6.701571e-01 1.361257e-01
40817: 1.686275e+00 1.507190e+00 6.705882e-01 1.359477e-01
40817: 1.687990e+00 1.506527e+00 6.697128e-01 1.357702e-01
40817: 1.687093e+00 1.505867e+00 6.714472e-01 1.355932e-01
40817: 1.687500e+00 1.506510e+00 6.705729e-01 1.354167e-01
40817: 1.686606e+00 1.505852e+00 6.710013e-01 1.365410e-01
40817: 1.687013e+00 1.506494e+00 6.701299e-01 1.363636e-01
40817: 1.688716e+00 1.505837e+00 6.692607e-01 1.361868e-01
40817: 1.689119e+00 1.505181e+00 6.696891e-01 1.360104e-01
40817: 1.690815e+00 1.504528e+00 6.688228e-01 1.358344e-01
40817: 1.689922e+00 1.505168e+00 6.692506e-01 1.356589e-01
40817: 1.690323e+00 1.504516e+00 6.696774e-01 1.354839e-01
40817: 1.690722e+00 1.505155e+00 6.688144e-01 1.353093e-01
40817: 1.689833e+00 1.505792e+00 6.692407e-01 1.351351e-01
40817: 1.690231e+00 1.505141e+00 6.696658e-01 1.349614e-01
40817: 1.690629e+00 1.505777e+00 6.688062e-01 1.347882e-01
40817: 1.689744e+00 1.505128e+00 6.692308e-01 1.358974e-01
40817: 1.688860e+00 1.505762e+00 6.696543e-01 1.357234e-01
40817: 1.689258e+00 1.505115e+00 6.700767e-01 1.355499e-01
40817: 1.689655e+00 1.504470e+00 6.704981e-01 1.353768e-01
40817: 1.688776e+00 1.503827e+00 6.721939e-01 1.352041e-01
40817: 1.689172e+00 1.503185e+00 6.726115e-01 1.350318e-01
40817: 1.688295e+00 1.502545e+00 6.743003e-01 1.348601e-01
40817: 1.688691e+00 1.501906e+00 6.747141e-01 1.346887e-01
40817: 1.687817e+00 1.501269e+00 6.751269e-01 1.357868e-01
40817: 1.688213e+00 1.500634e+00 6.755387e-01 1.356147e-01
40817: 1.688608e+00 1.501266e+00 6.746835e-01 1.354430e-01
40817: 1.689001e+00 1.500632e+00 6.750948e-01 1.352718e-01
40817: 1.688131e+00 1.501263e+00 6.755051e-01 1.351010e-01
40817: 1.688525e+00 1.500631e+00 6.746532e-01 1.361917e-01
40817: 1.690176e+00 1.500000e+00 6.738035e-01 1.360202e-01
40817: 1.690566e+00 1.500629e+00 6.729560e-01 1.358491e-01
40817: 1.692211e+00 1.500000e+00 6.721106e-01 1.356784e-01
40817: 1.693852e+00 1.499373e+00 6.712673e-01 1.355082e-01
40817: 1.694236e+00 1.498747e+00 6.716792e-01 1.353383e-01
40817: 1.694618e+00 1.498123e+00 6.720901e-01 1.351690e-01
40817: 1.695000e+00 1.497500e+00 6.725000e-01 1.350000e-01
40817: 1.694132e+00 1.496879e+00 6.729089e-01 1.360799e-01
40817: 1.695761e+00 1.496259e+00 6.720698e-01 1.359102e-01
40817: 1.696139e+00 1.496887e+00 6.712329e-01 1.357410e-01
40817: 1.697761e+00 1.496269e+00 6.703980e-01 1.355721e-01
40817: 1.698137e+00 1.496894e+00 6.695652e-01 1.354037e-01
40817: 1.697270e+00 1.496278e+00 6.699752e-01 1.364764e-01
40817: 1.696406e+00 1.495663e+00 6.716233e-01 1.363073e-01
40817: 1.695545e+00 1.495050e+00 6.732673e-01 1.361386e-01
40817: 1.695921e+00 1.494438e+00 6.724351e-01 1.372064e-01
40817: 1.697531e+00 1.493827e+00 6.716049e-01 1.370370e-01
40817: 1.699137e+00 1.493218e+00 6.707768e-01 1.368681e-01
40817: 1.699507e+00 1.492611e+00 6.711823e-01 1.366995e-01
40817: 1.699877e+00 1.493235e+00 6.703567e-01 1.365314e-01
40817: 1.699017e+00 1.493857e+00 6.707617e-01 1.363636e-01
40817: 1.699387e+00 1.493252e+00 6.711656e-01 1.361963e-01
40817: 1.698529e+00 1.493873e+00 6.715686e-01 1.360294e-01
40817: 1.698898e+00 1.494492e+00 6.707466e-01 1.358629e-01
40817: 1.700489e+00 1.493888e+00 6.699267e-01 1.356968e-01
40817: 1.700855e+00 1.493284e+00 6.703297e-01 1.355311e-01
40817: 1.701220e+00 1.492683e+00 6.695122e-01 1.365854e-01
40817: 1.700365e+00 1.494519e+00 6.686967e-01 1.364190e-01
40817: 1.701946e+00 1.493917e+00 6.678832e-01 1.362530e-01
40817: 1.701094e+00 1.493317e+00 6.682868e-01 1.373026e-01
40817: 1.701456e+00 1.492718e+00 6.686893e-01 1.371359e-01
40817: 1.700606e+00 1.493333e+00 6.690909e-01 1.369697e-01
40817: 1.700969e+00 1.492736e+00 6.694915e-01 1.368039e-01
40817: 1.702539e+00 1.492140e+00 6.686820e-01 1.366385e-01
40817: 1.701691e+00 1.493961e+00 6.678744e-01 1.364734e-01
40817: 1.700844e+00 1.493366e+00 6.682750e-01 1.375151e-01
40817: 1.700000e+00 1.493976e+00 6.686747e-01 1.373494e-01
40817: 1.699158e+00 1.494585e+00 6.690734e-01 1.371841e-01
40817: 1.699519e+00 1.493990e+00 6.694712e-01 1.370192e-01
40817: 1.699880e+00 1.493397e+00 6.686675e-01 1.380552e-01
40817: 1.700240e+00 1.494005e+00 6.678657e-01 1.378897e-01
40817: 1.699401e+00 1.494611e+00 6.682635e-01 1.377246e-01
40817: 1.698565e+00 1.495215e+00 6.686603e-01 1.375598e-01
40817: 1.698925e+00 1.494624e+00 6.678614e-01 1.385902e-01
40817: 1.699284e+00 1.494033e+00 6.682578e-01 1.384248e-01
40817: 1.699642e+00 1.493445e+00 6.686532e-01 1.382598e-01
40817: 1.700000e+00 1.492857e+00 6.690476e-01 1.380952e-01
40817: 1.700357e+00 1.493460e+00 6.682521e-01 1.379310e-01
40817: 1.699525e+00 1.492874e+00 6.698337e-01 1.377672e-01
40817: 1.698695e+00 1.494662e+00 6.690391e-01 1.376038e-01
40817: 1.699052e+00 1.495261e+00 6.682464e-01 1.374408e-01
40817: 1.698225e+00 1.495858e+00 6.686391e-01 1.372781e-01
40817: 1.699764e+00 1.495272e+00 6.678487e-01 1.371158e-01
40817: 1.698937e+00 1.495868e+00 6.682409e-01 1.369540e-01
40817: 1.699292e+00 1.496462e+00 6.674528e-01 1.367925e-01
40817: 1.699647e+00 1.495878e+00 6.678445e-01 1.366313e-01
40817: 1.701176e+00 1.495294e+00 6.670588e-01 1.364706e-01
40817: 1.701528e+00 1.494712e+00 6.674501e-01 1.363102e-01
40817: 1.700704e+00 1.494131e+00 6.690141e-01 1.361502e-01
40817: 1.701055e+00 1.493552e+00 6.694021e-01 1.359906e-01
40817: 1.701405e+00 1.494145e+00 6.686183e-01 1.358314e-01
40817: 1.701754e+00 1.493567e+00 6.690058e-01 1.356725e-01
40817: 1.700935e+00 1.492991e+00 6.705607e-01 1.355140e-01
40817: 1.700117e+00 1.493582e+00 6.709452e-01 1.353559e-01
40817: 1.700466e+00 1.494172e+00 6.701632e-01 1.351981e-01
40817: 1.701979e+00 1.493597e+00 6.693830e-01 1.350407e-01
40817: 1.701163e+00 1.495349e+00 6.686047e-01 1.348837e-01
40817: 1.701510e+00 1.494774e+00 6.689895e-01 1.347271e-01
40817: 1.703016e+00 1.494200e+00 6.682135e-01 1.345708e-01
40817: 1.702202e+00 1.494786e+00 6.685979e-01 1.344148e-01
40817: 1.701389e+00 1.495370e+00 6.689815e-01 1.342593e-01
40817: 1.701734e+00 1.494798e+00 6.693642e-01 1.341040e-01
40817: 1.700924e+00 1.496536e+00 6.685912e-01 1.339492e-01
40817: 1.700115e+00 1.498270e+00 6.678201e-01 1.337947e-01
40817: 1.699309e+00 1.498848e+00 6.670507e-01 1.347926e-01
40817: 1.699655e+00 1.499425e+00 6.662831e-01 1.346375e-01
40817: 1.698851e+00 1.498851e+00 6.678161e-01 1.344828e-01
40817: 1.699196e+00 1.498278e+00 6.670494e-01 1.354765e-01
40817: 1.699541e+00 1.497706e+00 6.662844e-01 1.364679e-01
40817: 1.698740e+00 1.498282e+00 6.666667e-01 1.363116e-01
40817: 1.699085e+00 1.497712e+00 6.670481e-01 1.361556e-01
40817: 1.697143e+00 1.499429e+00 6.662857e-01 1.371429e-01
40817: 1.697489e+00 1.498858e+00 6.666667e-01 1.369863e-01
40817: 1.696693e+00 1.499430e+00 6.670468e-01 1.368301e-01
40817: 1.698178e+00 1.498861e+00 6.662870e-01 1.366743e-01
40817: 1.697383e+00 1.499431e+00 6.666667e-01 1.365188e-01
40817: 1.696591e+00 1.500000e+00 6.670455e-01 1.363636e-01
40817: 1.696935e+00 1.500568e+00 6.662883e-01 1.362089e-01
40817: 1.697279e+00 1.500000e+00 6.666667e-01 1.360544e-01
40817: 1.698754e+00 1.499434e+00 6.659117e-01 1.359003e-01
40817: 1.699095e+00 1.498869e+00 6.662896e-01 1.357466e-01
40817: 1.699435e+00 1.499435e+00 6.655367e-01 1.355932e-01
40817: 1.699774e+00 1.500000e+00 6.647856e-01 1.354402e-01
40817: 1.698985e+00 1.499436e+00 6.651635e-01 1.364149e-01
40817: 1.699324e+00 1.498874e+00 6.655405e-01 1.362613e-01
40817: 1.698538e+00 1.498313e+00 6.670416e-01 1.361080e-01
40817: 1.697753e+00 1.498876e+00 6.674157e-01 1.359551e-01
40817: 1.696970e+00 1.499439e+00 6.677890e-01 1.358025e-01
40817: 1.696188e+00 1.498879e+00 6.692825e-01 1.356502e-01
40817: 1.695409e+00 1.499440e+00 6.696529e-01 1.354983e-01
40817: 1.694631e+00 1.500000e+00 6.700224e-01 1.353468e-01
40817: 1.694972e+00 1.500559e+00 6.692737e-01 1.351955e-01
40817: 1.694196e+00 1.501116e+00 6.696429e-01 1.350446e-01
40817: 1.694537e+00 1.501672e+00 6.688963e-01 1.348941e-01
40817: 1.694878e+00 1.501114e+00 6.681514e-01 1.358575e-01
40817: 1.694105e+00 1.500556e+00 6.696329e-01 1.357063e-01
40817: 1.694444e+00 1.501111e+00 6.688889e-01 1.355556e-01
40817: 1.694784e+00 1.500555e+00 6.692564e-01 1.354051e-01
40817: 1.696231e+00 1.500000e+00 6.685144e-01 1.352550e-01
40817: 1.695460e+00 1.500554e+00 6.688815e-01 1.351052e-01
40817: 1.694690e+00 1.502212e+00 6.681416e-01 1.349558e-01
40817: 1.696133e+00 1.501657e+00 6.674033e-01 1.348066e-01
40817: 1.696468e+00 1.502208e+00 6.666667e-01 1.346578e-01
40817: 1.696803e+00 1.501654e+00 6.659316e-01 1.356119e-01
40817: 1.696035e+00 1.503304e+00 6.651982e-01 1.354626e-01
40817: 1.696370e+00 1.502750e+00 6.655666e-01 1.353135e-01
40817: 1.695604e+00 1.504396e+00 6.648352e-01 1.351648e-01
40817: 1.694841e+00 1.503842e+00 6.663008e-01 1.350165e-01
40817: 1.695175e+00 1.503289e+00 6.666667e-01 1.348684e-01
40817: 1.695509e+00 1.503834e+00 6.659365e-01 1.347207e-01
40817: 1.694748e+00 1.503282e+00 6.673961e-01 1.345733e-01
40817: 1.696175e+00 1.502732e+00 6.666667e-01 1.344262e-01
40817: 1.696507e+00 1.502183e+00 6.670306e-01 1.342795e-01
40817: 1.695747e+00 1.502726e+00 6.673937e-01 1.341330e-01
40817: 1.694989e+00 1.503268e+00 6.677560e-01 1.339869e-01
40817: 1.694233e+00 1.502720e+00 6.692057e-01 1.338411e-01
40817: 1.693478e+00 1.503261e+00 6.695652e-01 1.336957e-01
40817: 1.691640e+00 1.504886e+00 6.688382e-01 1.346363e-01
40817: 1.691974e+00 1.505423e+00 6.681128e-01 1.344902e-01
40817: 1.692308e+00 1.504875e+00 6.673889e-01 1.354280e-01
40817: 1.691558e+00 1.505411e+00 6.677489e-01 1.352814e-01
40817: 1.690811e+00 1.505946e+00 6.681081e-01 1.351351e-01
40817: 1.690065e+00 1.505400e+00 6.695464e-01 1.349892e-01
40817: 1.690399e+00 1.504854e+00 6.699029e-01 1.348436e-01
40817: 1.689655e+00 1.504310e+00 6.713362e-01 1.346983e-01
40817: 1.688913e+00 1.504844e+00 6.706136e-01 1.356297e-01
40817: 1.690323e+00 1.504301e+00 6.698925e-01 1.354839e-01
40817: 1.689581e+00 1.505908e+00 6.691729e-01 1.353383e-01
40817: 1.689914e+00 1.505365e+00 6.695279e-01 1.351931e-01
40817: 1.690247e+00 1.504823e+00 6.698821e-01 1.350482e-01
40817: 1.689507e+00 1.505353e+00 6.702355e-01 1.349036e-01
40817: 1.689840e+00 1.504813e+00 6.705882e-01 1.347594e-01
40817: 1.689103e+00 1.504274e+00 6.720085e-01 1.346154e-01
40817: 1.689434e+00 1.503735e+00 6.723586e-01 1.344717e-01
40817: 1.688699e+00 1.504264e+00 6.727079e-01 1.343284e-01
40817: 1.689031e+00 1.504792e+00 6.719915e-01 1.341853e-01
40817: 1.690426e+00 1.504255e+00 6.712766e-01 1.340426e-01
40817: 1.691817e+00 1.503719e+00 6.705632e-01 1.339001e-01
40817: 1.692144e+00 1.503185e+00 6.709130e-01 1.337580e-01
40817: 1.692471e+00 1.502651e+00 6.712619e-01 1.336161e-01
40817: 1.693856e+00 1.502119e+00 6.705508e-01 1.334746e-01
40817: 1.693122e+00 1.503704e+00 6.698413e-01 1.333333e-01
40817: 1.692389e+00 1.504228e+00 6.701903e-01 1.331924e-01
40817: 1.692714e+00 1.503696e+00 6.694826e-01 1.341077e-01
40817: 1.691983e+00 1.505274e+00 6.687764e-01 1.339662e-01
40817: 1.693361e+00 1.504742e+00 6.680717e-01 1.338251e-01
40817: 1.692632e+00 1.505263e+00 6.684211e-01 1.336842e-01
40817: 1.691903e+00 1.505783e+00 6.677182e-01 1.345952e-01
40817: 1.691176e+00 1.507353e+00 6.670168e-01 1.344538e-01
40817: 1.690451e+00 1.507870e+00 6.673662e-01 1.343127e-01
40817: 1.690776e+00 1.507338e+00 6.677149e-01 1.341719e-01
40817: 1.691099e+00 1.506806e+00 6.680628e-01 1.340314e-01
40817: 1.690377e+00 1.506276e+00 6.684100e-01 1.349372e-01
40817: 1.689655e+00 1.506792e+00 6.687565e-01 1.347962e-01
40817: 1.688935e+00 1.506263e+00 6.701461e-01 1.346555e-01
40817: 1.688217e+00 1.505735e+00 6.715328e-01 1.345151e-01
40817: 1.688542e+00 1.505208e+00 6.708333e-01 1.354167e-01
40817: 1.688866e+00 1.504683e+00 6.711759e-01 1.352758e-01
40817: 1.689189e+00 1.504158e+00 6.704782e-01 1.361746e-01
40817: 1.690550e+00 1.503634e+00 6.697819e-01 1.360332e-01
40817: 1.689834e+00 1.504149e+00 6.701245e-01 1.358921e-01
40817: 1.690155e+00 1.504663e+00 6.694301e-01 1.357513e-01
40817: 1.689441e+00 1.505176e+00 6.697723e-01 1.356108e-01
40817: 1.688728e+00 1.505688e+00 6.701138e-01 1.354705e-01
40817: 1.689050e+00 1.505165e+00 6.694215e-01 1.363636e-01
40817: 1.689370e+00 1.504644e+00 6.697626e-01 1.362229e-01
40817: 1.690722e+00 1.504124e+00 6.690722e-01 1.360825e-01
40817: 1.691040e+00 1.503605e+00 6.683831e-01 1.369722e-01
40817: 1.691358e+00 1.503086e+00 6.687243e-01 1.368313e-01
40817: 1.690647e+00 1.502569e+00 6.700925e-01 1.366906e-01
40817: 1.690965e+00 1.502053e+00 6.704312e-01 1.365503e-01
40817: 1.691282e+00 1.501538e+00 6.707692e-01 1.364103e-01
40817: 1.690574e+00 1.502049e+00 6.711066e-01 1.362705e-01
40817: 1.690890e+00 1.502559e+00 6.704197e-01 1.361310e-01
40817: 1.690184e+00 1.503067e+00 6.707566e-01 1.359918e-01
40817: 1.689479e+00 1.502554e+00 6.710930e-01 1.368744e-01
40817: 1.688776e+00 1.503061e+00 6.714286e-01 1.367347e-01
40817: 1.688073e+00 1.503568e+00 6.717635e-01 1.365953e-01
40817: 1.688391e+00 1.503055e+00 6.710794e-01 1.374745e-01
40817: 1.689725e+00 1.502543e+00 6.703967e-01 1.373347e-01
40817: 1.690041e+00 1.502033e+00 6.697154e-01 1.382114e-01
40817: 1.690355e+00 1.501523e+00 6.700508e-01 1.380711e-01
40817: 1.690669e+00 1.502028e+00 6.693712e-01 1.379310e-01
40817: 1.691996e+00 1.501520e+00 6.686930e-01 1.377913e-01
40817: 1.692308e+00 1.501012e+00 6.690283e-01 1.376518e-01
40817: 1.691608e+00 1.501517e+00 6.693630e-01 1.375126e-01
40817: 1.690909e+00 1.501010e+00 6.707071e-01 1.373737e-01
40817: 1.691221e+00 1.501514e+00 6.700303e-01 1.372351e-01
40817: 1.690524e+00 1.502016e+00 6.703629e-01 1.370968e-01
40817: 1.689829e+00 1.502518e+00 6.706949e-01 1.369587e-01
40817: 1.689135e+00 1.502012e+00 6.710262e-01 1.378270e-01
40817: 1.689447e+00 1.502513e+00 6.703518e-01 1.376884e-01
40817: 1.690763e+00 1.502008e+00 6.696787e-01 1.375502e-01
40817: 1.691073e+00 1.501505e+00 6.700100e-01 1.374122e-01
40817: 1.690381e+00 1.501002e+00 6.703407e-01 1.382766e-01
40817: 1.690691e+00 1.500501e+00 6.696697e-01 1.391391e-01
40817: Done!
Traceback (most recent call last):
  File "/lowest-unique-number/tournament0/elexunix.py", line 25, in <module>
    input()
EOFError: EOF when reading a line
