Forked 33128
Starting to reopen 0 and 1
Calling execv `tournament0/the_best_strategy.py` (pid 33128)
Strategy 0: first ans is 0
Forked 33129
Starting to reopen 0 and 1
Calling execv `tournament0/alex_dany` (pid 33129)
33129: Started!
33129: Number of players: 6, position: 1, number of turns: 1000
33129: Random seed: 3701485063
Strategy 1: first ans is 0
Forked 33130
Starting to reopen 0 and 1
Calling execv `tournament0/fedro.py` (pid 33130)
Strategy 2: first ans is 0
Forked 33154
Starting to reopen 0 and 1
Calling execv `tournament0/pzakorko.py` (pid 33154)
Strategy 3: first ans is 0
Forked 33155
Starting to reopen 0 and 1
Calling execv `tournament0/elexunix.py` (pid 33155)
Strategy 4: first ans is 1
Forked 33179
Starting to reopen 0 and 1
Calling execv `tournament0/lounres.py` (pid 33179)
Strategy 5: first ans is 1
33129: 4.000000e+00 2.000000e+00 0.000000e+00 0.000000e+00 0.000000e+00 0.000000e+00
33129: 3.000000e+00 1.000000e+00 1.500000e+00 5.000000e-01 0.000000e+00 0.000000e+00
33129: 2.666667e+00 1.666667e+00 1.333333e+00 3.333333e-01 0.000000e+00 0.000000e+00
33129: 2.500000e+00 1.750000e+00 1.500000e+00 2.500000e-01 0.000000e+00 0.000000e+00
33129: 2.400000e+00 1.400000e+00 1.600000e+00 4.000000e-01 2.000000e-01 0.000000e+00
33129: 2.500000e+00 1.500000e+00 1.500000e+00 3.333333e-01 1.666667e-01 0.000000e+00
33129: 2.571429e+00 1.428571e+00 1.571429e+00 2.857143e-01 1.428571e-01 0.000000e+00
33129: 2.500000e+00 1.625000e+00 1.500000e+00 2.500000e-01 1.250000e-01 0.000000e+00
33129: 2.555556e+00 1.444444e+00 1.666667e+00 2.222222e-01 1.111111e-01 0.000000e+00
33129: 2.500000e+00 1.700000e+00 1.500000e+00 2.000000e-01 1.000000e-01 0.000000e+00
33129: 2.545455e+00 1.545455e+00 1.636364e+00 1.818182e-01 9.090909e-02 0.000000e+00
33129: 2.500000e+00 1.583333e+00 1.583333e+00 2.500000e-01 8.333333e-02 0.000000e+00
33129: 2.615385e+00 1.461538e+00 1.538462e+00 3.076923e-01 7.692308e-02 0.000000e+00
33129: 2.571429e+00 1.500000e+00 1.571429e+00 2.857143e-01 7.142857e-02 0.000000e+00
33129: 2.533333e+00 1.533333e+00 1.533333e+00 3.333333e-01 6.666667e-02 0.000000e+00
33129: 2.500000e+00 1.625000e+00 1.500000e+00 3.125000e-01 6.250000e-02 0.000000e+00
33129: 2.470588e+00 1.529412e+00 1.588235e+00 3.529412e-01 5.882353e-02 0.000000e+00
33129: 2.500000e+00 1.555556e+00 1.555556e+00 3.333333e-01 5.555556e-02 0.000000e+00
33129: 2.526316e+00 1.526316e+00 1.526316e+00 3.157895e-01 1.052632e-01 0.000000e+00
33129: 2.500000e+00 1.600000e+00 1.450000e+00 3.000000e-01 1.500000e-01 0.000000e+00
33129: 2.523810e+00 1.571429e+00 1.476190e+00 2.857143e-01 1.428571e-01 0.000000e+00
33129: 2.545455e+00 1.545455e+00 1.454545e+00 3.181818e-01 1.363636e-01 0.000000e+00
33129: 2.521739e+00 1.565217e+00 1.434783e+00 3.043478e-01 1.739130e-01 0.000000e+00
33129: 2.541667e+00 1.541667e+00 1.458333e+00 2.916667e-01 1.666667e-01 0.000000e+00
33129: 2.520000e+00 1.600000e+00 1.400000e+00 3.200000e-01 1.600000e-01 0.000000e+00
33129: 2.500000e+00 1.576923e+00 1.423077e+00 3.076923e-01 1.923077e-01 0.000000e+00
33129: 2.481481e+00 1.629630e+00 1.407407e+00 2.962963e-01 1.851852e-01 0.000000e+00
33129: 2.464286e+00 1.607143e+00 1.428571e+00 3.214286e-01 1.785714e-01 0.000000e+00
33129: 2.482759e+00 1.586207e+00 1.413793e+00 3.103448e-01 1.724138e-01 3.448276e-02
33129: 2.500000e+00 1.600000e+00 1.400000e+00 3.000000e-01 1.666667e-01 3.333333e-02
33129: 2.516129e+00 1.548387e+00 1.419355e+00 3.225806e-01 1.612903e-01 3.225806e-02
33129: 2.531250e+00 1.562500e+00 1.406250e+00 3.125000e-01 1.562500e-01 3.125000e-02
33129: 2.545455e+00 1.575758e+00 1.393939e+00 3.030303e-01 1.515152e-01 3.030303e-02
33129: 2.529412e+00 1.529412e+00 1.441176e+00 3.235294e-01 1.470588e-01 2.941176e-02
33129: 2.542857e+00 1.542857e+00 1.428571e+00 3.142857e-01 1.428571e-01 2.857143e-02
33129: 2.527778e+00 1.583333e+00 1.416667e+00 3.055556e-01 1.388889e-01 2.777778e-02
33129: 2.540541e+00 1.567568e+00 1.432432e+00 2.972973e-01 1.351351e-01 2.702703e-02
33129: 2.552632e+00 1.605263e+00 1.394737e+00 2.894737e-01 1.315789e-01 2.631579e-02
33129: 2.564103e+00 1.564103e+00 1.410256e+00 2.820513e-01 1.538462e-01 2.564103e-02
33129: 2.550000e+00 1.625000e+00 1.375000e+00 2.750000e-01 1.500000e-01 2.500000e-02
33129: 2.560976e+00 1.585366e+00 1.414634e+00 2.682927e-01 1.463415e-01 2.439024e-02
33129: 2.547619e+00 1.595238e+00 1.404762e+00 2.857143e-01 1.428571e-01 2.380952e-02
33129: 2.534884e+00 1.558140e+00 1.441860e+00 2.790698e-01 1.627907e-01 2.325581e-02
33129: 2.545455e+00 1.568182e+00 1.431818e+00 2.727273e-01 1.590909e-01 2.272727e-02
33129: 2.555556e+00 1.555556e+00 1.444444e+00 2.666667e-01 1.555556e-01 2.222222e-02
33129: 2.543478e+00 1.586957e+00 1.413043e+00 2.826087e-01 1.521739e-01 2.173913e-02
33129: 2.531915e+00 1.553191e+00 1.446809e+00 2.765957e-01 1.702128e-01 2.127660e-02
33129: 2.520833e+00 1.583333e+00 1.416667e+00 2.916667e-01 1.666667e-01 2.083333e-02
33129: 2.510204e+00 1.591837e+00 1.428571e+00 2.857143e-01 1.632653e-01 2.040816e-02
33129: 2.520000e+00 1.560000e+00 1.420000e+00 3.200000e-01 1.600000e-01 2.000000e-02
33129: 2.509804e+00 1.607843e+00 1.392157e+00 3.137255e-01 1.568627e-01 1.960784e-02
33129: 2.500000e+00 1.576923e+00 1.423077e+00 3.269231e-01 1.538462e-01 1.923077e-02
33129: 2.490566e+00 1.566038e+00 1.452830e+00 3.207547e-01 1.509434e-01 1.886792e-02
33129: 2.518519e+00 1.574074e+00 1.425926e+00 3.148148e-01 1.481481e-01 1.851852e-02
33129: 2.490909e+00 1.563636e+00 1.436364e+00 3.272727e-01 1.636364e-01 1.818182e-02
33129: 2.482143e+00 1.571429e+00 1.428571e+00 3.392857e-01 1.607143e-01 1.785714e-02
33129: 2.456140e+00 1.596491e+00 1.438596e+00 3.333333e-01 1.578947e-01 1.754386e-02
33129: 2.448276e+00 1.586207e+00 1.465517e+00 3.275862e-01 1.551724e-01 1.724138e-02
33129: 2.423729e+00 1.576271e+00 1.491525e+00 3.220339e-01 1.694915e-01 1.694915e-02
33129: 2.450000e+00 1.566667e+00 1.483333e+00 3.166667e-01 1.666667e-01 1.666667e-02
33129: 2.426230e+00 1.590164e+00 1.459016e+00 3.442623e-01 1.639344e-01 1.639344e-02
33129: 2.419355e+00 1.580645e+00 1.467742e+00 3.548387e-01 1.612903e-01 1.612903e-02
33129: 2.396825e+00 1.603175e+00 1.476190e+00 3.492063e-01 1.587302e-01 1.587302e-02
33129: 2.390625e+00 1.593750e+00 1.468750e+00 3.437500e-01 1.875000e-01 1.562500e-02
33129: 2.384615e+00 1.615385e+00 1.461538e+00 3.384615e-01 1.846154e-01 1.538462e-02
33129: 2.393939e+00 1.590909e+00 1.484848e+00 3.333333e-01 1.818182e-01 1.515152e-02
33129: 2.388060e+00 1.597015e+00 1.492537e+00 3.283582e-01 1.791045e-01 1.492537e-02
33129: 2.367647e+00 1.602941e+00 1.485294e+00 3.529412e-01 1.764706e-01 1.470588e-02
33129: 2.362319e+00 1.608696e+00 1.492754e+00 3.478261e-01 1.739130e-01 1.449275e-02
33129: 2.342857e+00 1.600000e+00 1.514286e+00 3.571429e-01 1.714286e-01 1.428571e-02
33129: 2.352113e+00 1.605634e+00 1.507042e+00 3.521127e-01 1.690141e-01 1.408451e-02
33129: 2.347222e+00 1.597222e+00 1.527778e+00 3.472222e-01 1.666667e-01 1.388889e-02
33129: 2.342466e+00 1.602740e+00 1.534247e+00 3.424658e-01 1.643836e-01 1.369863e-02
33129: 2.337838e+00 1.608108e+00 1.527027e+00 3.513514e-01 1.621622e-01 1.351351e-02
33129: 2.333333e+00 1.586667e+00 1.560000e+00 3.466667e-01 1.600000e-01 1.333333e-02
33129: 2.315789e+00 1.605263e+00 1.565789e+00 3.421053e-01 1.578947e-01 1.315789e-02
33129: 2.324675e+00 1.610390e+00 1.558442e+00 3.376623e-01 1.558442e-01 1.298701e-02
33129: 2.307692e+00 1.602564e+00 1.576923e+00 3.461538e-01 1.538462e-01 1.282051e-02
33129: 2.316456e+00 1.594937e+00 1.556962e+00 3.544304e-01 1.645570e-01 1.265823e-02
33129: 2.312500e+00 1.600000e+00 1.562500e+00 3.500000e-01 1.625000e-01 1.250000e-02
33129: 2.296296e+00 1.604938e+00 1.567901e+00 3.580247e-01 1.604938e-01 1.234568e-02
33129: 2.317073e+00 1.597561e+00 1.560976e+00 3.536585e-01 1.585366e-01 1.219512e-02
33129: 2.313253e+00 1.590361e+00 1.578313e+00 3.493976e-01 1.566265e-01 1.204819e-02
33129: 2.297619e+00 1.607143e+00 1.571429e+00 3.571429e-01 1.547619e-01 1.190476e-02
33129: 2.305882e+00 1.588235e+00 1.564706e+00 3.647059e-01 1.647059e-01 1.176471e-02
33129: 2.290698e+00 1.593023e+00 1.569767e+00 3.720930e-01 1.627907e-01 1.162791e-02
33129: 2.287356e+00 1.586207e+00 1.574713e+00 3.678161e-01 1.609195e-01 2.298851e-02
33129: 2.295455e+00 1.590909e+00 1.556818e+00 3.750000e-01 1.590909e-01 2.272727e-02
33129: 2.292135e+00 1.584270e+00 1.561798e+00 3.707865e-01 1.685393e-01 2.247191e-02
33129: 2.277778e+00 1.588889e+00 1.566667e+00 3.666667e-01 1.777778e-01 2.222222e-02
33129: 2.274725e+00 1.593407e+00 1.571429e+00 3.626374e-01 1.758242e-01 2.197802e-02
33129: 2.271739e+00 1.576087e+00 1.565217e+00 3.913043e-01 1.739130e-01 2.173913e-02
33129: 2.258065e+00 1.591398e+00 1.559140e+00 3.978495e-01 1.720430e-01 2.150538e-02
33129: 2.255319e+00 1.585106e+00 1.574468e+00 3.936170e-01 1.702128e-01 2.127660e-02
33129: 2.252632e+00 1.589474e+00 1.557895e+00 4.105263e-01 1.684211e-01 2.105263e-02
33129: 2.250000e+00 1.583333e+00 1.572917e+00 4.062500e-01 1.666667e-01 2.083333e-02
33129: 2.247423e+00 1.577320e+00 1.577320e+00 4.123711e-01 1.649485e-01 2.061856e-02
33129: 2.255102e+00 1.571429e+00 1.571429e+00 4.183673e-01 1.632653e-01 2.040816e-02
33129: 2.242424e+00 1.595960e+00 1.555556e+00 4.242424e-01 1.616162e-01 2.020202e-02
33129: 2.250000e+00 1.590000e+00 1.550000e+00 4.300000e-01 1.600000e-01 2.000000e-02
33129: 2.237624e+00 1.594059e+00 1.554455e+00 4.257426e-01 1.683168e-01 1.980198e-02
33129: 2.245098e+00 1.588235e+00 1.558824e+00 4.215686e-01 1.666667e-01 1.960784e-02
33129: 2.233010e+00 1.592233e+00 1.572816e+00 4.174757e-01 1.650485e-01 1.941748e-02
33129: 2.240385e+00 1.596154e+00 1.557692e+00 4.230769e-01 1.634615e-01 1.923077e-02
33129: 2.247619e+00 1.590476e+00 1.561905e+00 4.190476e-01 1.619048e-01 1.904762e-02
33129: 2.235849e+00 1.594340e+00 1.575472e+00 4.150943e-01 1.603774e-01 1.886792e-02
33129: 2.233645e+00 1.598131e+00 1.570093e+00 4.205607e-01 1.588785e-01 1.869159e-02
33129: 2.222222e+00 1.601852e+00 1.564815e+00 4.259259e-01 1.666667e-01 1.851852e-02
33129: 2.229358e+00 1.596330e+00 1.559633e+00 4.311927e-01 1.651376e-01 1.834862e-02
33129: 2.218182e+00 1.609091e+00 1.554545e+00 4.272727e-01 1.727273e-01 1.818182e-02
33129: 2.225225e+00 1.603604e+00 1.549550e+00 4.234234e-01 1.801802e-01 1.801802e-02
33129: 2.214286e+00 1.607143e+00 1.553571e+00 4.285714e-01 1.785714e-01 1.785714e-02
33129: 2.203540e+00 1.619469e+00 1.548673e+00 4.336283e-01 1.769912e-01 1.769912e-02
33129: 2.201754e+00 1.622807e+00 1.543860e+00 4.298246e-01 1.842105e-01 1.754386e-02
33129: 2.191304e+00 1.634783e+00 1.547826e+00 4.260870e-01 1.826087e-01 1.739130e-02
33129: 2.189655e+00 1.629310e+00 1.551724e+00 4.310345e-01 1.810345e-01 1.724138e-02
33129: 2.179487e+00 1.641026e+00 1.555556e+00 4.273504e-01 1.794872e-01 1.709402e-02
33129: 2.169492e+00 1.652542e+00 1.550847e+00 4.237288e-01 1.779661e-01 2.542373e-02
33129: 2.176471e+00 1.647059e+00 1.546218e+00 4.201681e-01 1.848739e-01 2.521008e-02
33129: 2.166667e+00 1.658333e+00 1.550000e+00 4.166667e-01 1.833333e-01 2.500000e-02
33129: 2.165289e+00 1.652893e+00 1.553719e+00 4.214876e-01 1.818182e-01 2.479339e-02
33129: 2.163934e+00 1.663934e+00 1.549180e+00 4.180328e-01 1.803279e-01 2.459016e-02
33129: 2.154472e+00 1.658537e+00 1.560976e+00 4.146341e-01 1.869919e-01 2.439024e-02
33129: 2.153226e+00 1.661290e+00 1.564516e+00 4.112903e-01 1.854839e-01 2.419355e-02
33129: 2.160000e+00 1.656000e+00 1.560000e+00 4.160000e-01 1.840000e-01 2.400000e-02
33129: 2.166667e+00 1.650794e+00 1.563492e+00 4.126984e-01 1.825397e-01 2.380952e-02
33129: 2.157480e+00 1.653543e+00 1.566929e+00 4.094488e-01 1.889764e-01 2.362205e-02
33129: 2.164062e+00 1.648438e+00 1.570312e+00 4.062500e-01 1.875000e-01 2.343750e-02
33129: 2.162791e+00 1.658915e+00 1.558140e+00 4.108527e-01 1.860465e-01 2.325581e-02
33129: 2.161538e+00 1.661538e+00 1.561538e+00 4.076923e-01 1.846154e-01 2.307692e-02
33129: 2.160305e+00 1.664122e+00 1.557252e+00 4.122137e-01 1.832061e-01 2.290076e-02
33129: 2.151515e+00 1.659091e+00 1.560606e+00 4.166667e-01 1.893939e-01 2.272727e-02
33129: 2.150376e+00 1.654135e+00 1.571429e+00 4.135338e-01 1.879699e-01 2.255639e-02
33129: 2.141791e+00 1.671642e+00 1.559701e+00 4.179104e-01 1.865672e-01 2.238806e-02
33129: 2.140741e+00 1.666667e+00 1.570370e+00 4.148148e-01 1.851852e-01 2.222222e-02
33129: 2.139706e+00 1.669118e+00 1.566176e+00 4.191176e-01 1.838235e-01 2.205882e-02
33129: 2.138686e+00 1.664234e+00 1.569343e+00 4.160584e-01 1.897810e-01 2.189781e-02
33129: 2.130435e+00 1.666667e+00 1.579710e+00 4.130435e-01 1.884058e-01 2.173913e-02
33129: 2.136691e+00 1.661871e+00 1.568345e+00 4.244604e-01 1.870504e-01 2.158273e-02
33129: 2.128571e+00 1.664286e+00 1.578571e+00 4.214286e-01 1.857143e-01 2.142857e-02
33129: 2.127660e+00 1.659574e+00 1.574468e+00 4.326241e-01 1.843972e-01 2.127660e-02
33129: 2.126761e+00 1.661972e+00 1.563380e+00 4.436620e-01 1.830986e-01 2.112676e-02
33129: 2.118881e+00 1.657343e+00 1.573427e+00 4.405594e-01 1.888112e-01 2.097902e-02
33129: 2.125000e+00 1.652778e+00 1.569444e+00 4.444444e-01 1.875000e-01 2.083333e-02
33129: 2.124138e+00 1.662069e+00 1.565517e+00 4.413793e-01 1.862069e-01 2.068966e-02
33129: 2.116438e+00 1.671233e+00 1.568493e+00 4.383562e-01 1.849315e-01 2.054795e-02
33129: 2.122449e+00 1.666667e+00 1.571429e+00 4.353741e-01 1.836735e-01 2.040816e-02
33129: 2.121622e+00 1.668919e+00 1.560811e+00 4.391892e-01 1.891892e-01 2.027027e-02
33129: 2.114094e+00 1.664430e+00 1.577181e+00 4.362416e-01 1.879195e-01 2.013423e-02
33129: 2.113333e+00 1.660000e+00 1.573333e+00 4.400000e-01 1.933333e-01 2.000000e-02
33129: 2.105960e+00 1.675497e+00 1.562914e+00 4.437086e-01 1.920530e-01 1.986755e-02
33129: 2.105263e+00 1.684211e+00 1.559211e+00 4.407895e-01 1.907895e-01 1.973684e-02
33129: 2.098039e+00 1.679739e+00 1.568627e+00 4.444444e-01 1.895425e-01 1.960784e-02
33129: 2.103896e+00 1.681818e+00 1.564935e+00 4.415584e-01 1.883117e-01 1.948052e-02
33129: 2.096774e+00 1.677419e+00 1.580645e+00 4.387097e-01 1.870968e-01 1.935484e-02
33129: 2.108974e+00 1.673077e+00 1.570513e+00 4.423077e-01 1.858974e-01 1.923077e-02
33129: 2.108280e+00 1.675159e+00 1.566879e+00 4.458599e-01 1.847134e-01 1.910828e-02
33129: 2.101266e+00 1.677215e+00 1.575949e+00 4.430380e-01 1.835443e-01 1.898734e-02
33129: 2.106918e+00 1.679245e+00 1.566038e+00 4.465409e-01 1.823899e-01 1.886792e-02
33129: 2.100000e+00 1.675000e+00 1.575000e+00 4.500000e-01 1.812500e-01 1.875000e-02
33129: 2.099379e+00 1.677019e+00 1.571429e+00 4.534161e-01 1.801242e-01 1.863354e-02
33129: 2.098765e+00 1.679012e+00 1.567901e+00 4.567901e-01 1.790123e-01 1.851852e-02
33129: 2.098160e+00 1.680982e+00 1.570552e+00 4.539877e-01 1.779141e-01 1.840491e-02
33129: 2.091463e+00 1.676829e+00 1.567073e+00 4.634146e-01 1.829268e-01 1.829268e-02
33129: 2.090909e+00 1.678788e+00 1.563636e+00 4.666667e-01 1.818182e-01 1.818182e-02
33129: 2.084337e+00 1.680723e+00 1.572289e+00 4.638554e-01 1.807229e-01 1.807229e-02
33129: 2.077844e+00 1.676647e+00 1.568862e+00 4.730539e-01 1.856287e-01 1.796407e-02
33129: 2.083333e+00 1.678571e+00 1.565476e+00 4.702381e-01 1.845238e-01 1.785714e-02
33129: 2.082840e+00 1.674556e+00 1.568047e+00 4.674556e-01 1.893491e-01 1.775148e-02
33129: 2.088235e+00 1.676471e+00 1.564706e+00 4.647059e-01 1.882353e-01 1.764706e-02
33129: 2.087719e+00 1.678363e+00 1.567251e+00 4.619883e-01 1.871345e-01 1.754386e-02
33129: 2.081395e+00 1.674419e+00 1.569767e+00 4.651163e-01 1.860465e-01 2.325581e-02
33129: 2.086705e+00 1.670520e+00 1.572254e+00 4.624277e-01 1.849711e-01 2.312139e-02
33129: 2.086207e+00 1.672414e+00 1.563218e+00 4.712644e-01 1.839080e-01 2.298851e-02
33129: 2.080000e+00 1.668571e+00 1.571429e+00 4.742857e-01 1.828571e-01 2.285714e-02
33129: 2.085227e+00 1.664773e+00 1.562500e+00 4.829545e-01 1.818182e-01 2.272727e-02
33129: 2.079096e+00 1.666667e+00 1.570621e+00 4.802260e-01 1.807910e-01 2.259887e-02
33129: 2.084270e+00 1.662921e+00 1.567416e+00 4.831461e-01 1.797753e-01 2.247191e-02
33129: 2.078212e+00 1.664804e+00 1.569832e+00 4.860335e-01 1.787709e-01 2.234637e-02
33129: 2.088889e+00 1.661111e+00 1.566667e+00 4.833333e-01 1.777778e-01 2.222222e-02
33129: 2.082873e+00 1.668508e+00 1.563536e+00 4.806630e-01 1.767956e-01 2.762431e-02
33129: 2.082418e+00 1.670330e+00 1.560440e+00 4.780220e-01 1.813187e-01 2.747253e-02
33129: 2.081967e+00 1.661202e+00 1.568306e+00 4.808743e-01 1.803279e-01 2.732240e-02
33129: 2.076087e+00 1.668478e+00 1.570652e+00 4.782609e-01 1.793478e-01 2.717391e-02
33129: 2.075676e+00 1.659459e+00 1.567568e+00 4.810811e-01 1.891892e-01 2.702703e-02
33129: 2.075269e+00 1.661290e+00 1.569892e+00 4.784946e-01 1.881720e-01 2.688172e-02
33129: 2.074866e+00 1.663102e+00 1.566845e+00 4.812834e-01 1.871658e-01 2.673797e-02
33129: 2.069149e+00 1.659574e+00 1.574468e+00 4.840426e-01 1.861702e-01 2.659574e-02
33129: 2.068783e+00 1.656085e+00 1.571429e+00 4.920635e-01 1.851852e-01 2.645503e-02
33129: 2.063158e+00 1.657895e+00 1.573684e+00 4.947368e-01 1.842105e-01 2.631579e-02
33129: 2.062827e+00 1.659686e+00 1.570681e+00 4.973822e-01 1.832461e-01 2.617801e-02
33129: 2.062500e+00 1.656250e+00 1.567708e+00 5.000000e-01 1.875000e-01 2.604167e-02
33129: 2.056995e+00 1.658031e+00 1.569948e+00 4.974093e-01 1.917098e-01 2.590674e-02
33129: 2.061856e+00 1.654639e+00 1.567010e+00 5.000000e-01 1.907216e-01 2.577320e-02
33129: 2.056410e+00 1.656410e+00 1.569231e+00 5.025641e-01 1.897436e-01 2.564103e-02
33129: 2.061224e+00 1.658163e+00 1.566327e+00 5.000000e-01 1.887755e-01 2.551020e-02
33129: 2.055838e+00 1.654822e+00 1.578680e+00 4.974619e-01 1.878173e-01 2.538071e-02
33129: 2.055556e+00 1.656566e+00 1.570707e+00 5.000000e-01 1.868687e-01 3.030303e-02
33129: 2.050251e+00 1.658291e+00 1.572864e+00 5.025126e-01 1.859296e-01 3.015075e-02
33129: 2.055000e+00 1.655000e+00 1.570000e+00 5.050000e-01 1.850000e-01 3.000000e-02
33129: 2.054726e+00 1.656716e+00 1.567164e+00 5.074627e-01 1.840796e-01 2.985075e-02
33129: 2.049505e+00 1.658416e+00 1.569307e+00 5.099010e-01 1.831683e-01 2.970297e-02
33129: 2.049261e+00 1.655172e+00 1.571429e+00 5.073892e-01 1.871921e-01 2.955665e-02
33129: 2.044118e+00 1.651961e+00 1.573529e+00 5.098039e-01 1.911765e-01 2.941176e-02
33129: 2.043902e+00 1.653659e+00 1.565854e+00 5.170732e-01 1.902439e-01 2.926829e-02
33129: 2.038835e+00 1.655340e+00 1.572816e+00 5.145631e-01 1.893204e-01 2.912621e-02
33129: 2.043478e+00 1.652174e+00 1.565217e+00 5.217391e-01 1.884058e-01 2.898551e-02
33129: 2.038462e+00 1.658654e+00 1.567308e+00 5.192308e-01 1.875000e-01 2.884615e-02
33129: 2.043062e+00 1.655502e+00 1.564593e+00 5.167464e-01 1.913876e-01 2.870813e-02
33129: 2.042857e+00 1.657143e+00 1.566667e+00 5.142857e-01 1.904762e-01 2.857143e-02
33129: 2.047393e+00 1.654028e+00 1.563981e+00 5.165877e-01 1.895735e-01 2.843602e-02
33129: 2.042453e+00 1.660377e+00 1.566038e+00 5.141509e-01 1.886792e-01 2.830189e-02
33129: 2.042254e+00 1.661972e+00 1.568075e+00 5.117371e-01 1.877934e-01 2.816901e-02
33129: 2.037383e+00 1.658879e+00 1.574766e+00 5.140187e-01 1.869159e-01 2.803738e-02
33129: 2.041860e+00 1.660465e+00 1.567442e+00 5.162791e-01 1.860465e-01 2.790698e-02
33129: 2.041667e+00 1.657407e+00 1.569444e+00 5.138889e-01 1.898148e-01 2.777778e-02
33129: 2.036866e+00 1.658986e+00 1.576037e+00 5.115207e-01 1.889401e-01 2.764977e-02
33129: 2.041284e+00 1.655963e+00 1.573394e+00 5.137615e-01 1.880734e-01 2.752294e-02
33129: 2.041096e+00 1.657534e+00 1.566210e+00 5.205479e-01 1.872146e-01 2.739726e-02
33129: 2.036364e+00 1.650000e+00 1.577273e+00 5.227273e-01 1.863636e-01 2.727273e-02
33129: 2.036199e+00 1.656109e+00 1.570136e+00 5.248869e-01 1.855204e-01 2.714932e-02
33129: 2.036036e+00 1.653153e+00 1.572072e+00 5.270270e-01 1.846847e-01 2.702703e-02
33129: 2.031390e+00 1.654709e+00 1.573991e+00 5.291480e-01 1.838565e-01 2.690583e-02
33129: 2.031250e+00 1.656250e+00 1.571429e+00 5.312500e-01 1.830357e-01 2.678571e-02
33129: 2.035556e+00 1.653333e+00 1.568889e+00 5.333333e-01 1.822222e-01 2.666667e-02
33129: 2.035398e+00 1.654867e+00 1.566372e+00 5.353982e-01 1.814159e-01 2.654867e-02
33129: 2.030837e+00 1.656388e+00 1.572687e+00 5.330396e-01 1.806167e-01 2.643172e-02
33129: 2.030702e+00 1.657895e+00 1.565789e+00 5.394737e-01 1.798246e-01 2.631579e-02
33129: 2.030568e+00 1.659389e+00 1.567686e+00 5.371179e-01 1.790393e-01 2.620087e-02
33129: 2.030435e+00 1.656522e+00 1.569565e+00 5.391304e-01 1.782609e-01 2.608696e-02
33129: 2.030303e+00 1.662338e+00 1.567100e+00 5.367965e-01 1.774892e-01 2.597403e-02
33129: 2.030172e+00 1.659483e+00 1.568966e+00 5.387931e-01 1.767241e-01 2.586207e-02
33129: 2.025751e+00 1.665236e+00 1.570815e+00 5.364807e-01 1.759657e-01 2.575107e-02
33129: 2.025641e+00 1.662393e+00 1.568376e+00 5.427350e-01 1.752137e-01 2.564103e-02
33129: 2.025532e+00 1.663830e+00 1.565957e+00 5.404255e-01 1.787234e-01 2.553191e-02
33129: 2.025424e+00 1.661017e+00 1.572034e+00 5.381356e-01 1.779661e-01 2.542373e-02
33129: 2.021097e+00 1.666667e+00 1.569620e+00 5.400844e-01 1.772152e-01 2.531646e-02
33129: 2.025210e+00 1.663866e+00 1.571429e+00 5.378151e-01 1.764706e-01 2.521008e-02
33129: 2.025105e+00 1.665272e+00 1.569038e+00 5.397490e-01 1.757322e-01 2.510460e-02
33129: 2.020833e+00 1.666667e+00 1.575000e+00 5.375000e-01 1.750000e-01 2.500000e-02
33129: 2.024896e+00 1.659751e+00 1.572614e+00 5.435685e-01 1.742739e-01 2.489627e-02
33129: 2.020661e+00 1.665289e+00 1.570248e+00 5.454545e-01 1.735537e-01 2.479339e-02
33129: 2.024691e+00 1.666667e+00 1.563786e+00 5.473251e-01 1.728395e-01 2.469136e-02
33129: 2.020492e+00 1.663934e+00 1.573770e+00 5.450820e-01 1.721311e-01 2.459016e-02
33129: 2.024490e+00 1.661224e+00 1.571429e+00 5.469388e-01 1.714286e-01 2.448980e-02
33129: 2.020325e+00 1.662602e+00 1.565041e+00 5.528455e-01 1.747967e-01 2.439024e-02
33129: 2.020243e+00 1.659919e+00 1.570850e+00 5.506073e-01 1.740891e-01 2.429150e-02
33129: 2.016129e+00 1.661290e+00 1.564516e+00 5.564516e-01 1.733871e-01 2.822581e-02
33129: 2.016064e+00 1.662651e+00 1.562249e+00 5.542169e-01 1.767068e-01 2.811245e-02
33129: 2.012000e+00 1.664000e+00 1.564000e+00 5.560000e-01 1.760000e-01 2.800000e-02
33129: 2.011952e+00 1.665339e+00 1.561753e+00 5.537849e-01 1.792829e-01 2.788845e-02
33129: 2.011905e+00 1.662698e+00 1.567460e+00 5.515873e-01 1.785714e-01 2.777778e-02
33129: 2.011858e+00 1.660079e+00 1.569170e+00 5.494071e-01 1.818182e-01 2.766798e-02
33129: 2.011811e+00 1.665354e+00 1.566929e+00 5.472441e-01 1.811024e-01 2.755906e-02
33129: 2.011765e+00 1.662745e+00 1.568627e+00 5.450980e-01 1.803922e-01 3.137255e-02
33129: 2.011719e+00 1.667969e+00 1.566406e+00 5.429688e-01 1.796875e-01 3.125000e-02
33129: 2.007782e+00 1.669261e+00 1.568093e+00 5.447471e-01 1.789883e-01 3.112840e-02
33129: 2.007752e+00 1.670543e+00 1.565891e+00 5.426357e-01 1.821705e-01 3.100775e-02
33129: 2.003861e+00 1.667954e+00 1.575290e+00 5.405405e-01 1.814672e-01 3.088803e-02
33129: 2.007692e+00 1.665385e+00 1.569231e+00 5.423077e-01 1.807692e-01 3.461538e-02
33129: 2.011494e+00 1.666667e+00 1.567050e+00 5.402299e-01 1.800766e-01 3.448276e-02
33129: 2.011450e+00 1.664122e+00 1.572519e+00 5.381679e-01 1.793893e-01 3.435115e-02
33129: 2.015209e+00 1.665399e+00 1.566540e+00 5.399240e-01 1.787072e-01 3.422053e-02
33129: 2.011364e+00 1.662879e+00 1.575758e+00 5.378788e-01 1.780303e-01 3.409091e-02
33129: 2.007547e+00 1.660377e+00 1.577358e+00 5.396226e-01 1.811321e-01 3.396226e-02
33129: 2.007519e+00 1.665414e+00 1.571429e+00 5.413534e-01 1.804511e-01 3.383459e-02
33129: 2.003745e+00 1.666667e+00 1.573034e+00 5.430712e-01 1.797753e-01 3.370787e-02
33129: 2.007463e+00 1.664179e+00 1.567164e+00 5.485075e-01 1.791045e-01 3.358209e-02
33129: 2.011152e+00 1.665428e+00 1.565056e+00 5.464684e-01 1.784387e-01 3.345725e-02
33129: 2.007407e+00 1.662963e+00 1.570370e+00 5.444444e-01 1.814815e-01 3.333333e-02
33129: 2.007380e+00 1.664207e+00 1.564576e+00 5.498155e-01 1.808118e-01 3.321033e-02
33129: 2.007353e+00 1.661765e+00 1.566176e+00 5.477941e-01 1.838235e-01 3.308824e-02
33129: 2.003663e+00 1.663004e+00 1.567766e+00 5.494505e-01 1.831502e-01 3.296703e-02
33129: 2.003650e+00 1.660584e+00 1.572993e+00 5.474453e-01 1.824818e-01 3.284672e-02
33129: 2.000000e+00 1.661818e+00 1.574545e+00 5.490909e-01 1.818182e-01 3.272727e-02
33129: 2.003623e+00 1.659420e+00 1.568841e+00 5.543478e-01 1.811594e-01 3.260870e-02
33129: 2.000000e+00 1.660650e+00 1.566787e+00 5.595668e-01 1.805054e-01 3.249097e-02
33129: 2.000000e+00 1.658273e+00 1.568345e+00 5.575540e-01 1.834532e-01 3.237410e-02
33129: 2.000000e+00 1.659498e+00 1.566308e+00 5.591398e-01 1.827957e-01 3.225806e-02
33129: 1.996429e+00 1.657143e+00 1.575000e+00 5.571429e-01 1.821429e-01 3.214286e-02
33129: 1.996441e+00 1.654804e+00 1.572954e+00 5.622776e-01 1.814947e-01 3.202847e-02
33129: 1.996454e+00 1.656028e+00 1.567376e+00 5.638298e-01 1.843972e-01 3.191489e-02
33129: 1.992933e+00 1.653710e+00 1.572438e+00 5.618375e-01 1.837456e-01 3.533569e-02
33129: 1.996479e+00 1.651408e+00 1.570423e+00 5.633803e-01 1.830986e-01 3.521127e-02
33129: 1.992982e+00 1.659649e+00 1.564912e+00 5.649123e-01 1.824561e-01 3.508772e-02
33129: 1.996503e+00 1.660839e+00 1.562937e+00 5.629371e-01 1.818182e-01 3.496503e-02
33129: 1.993031e+00 1.658537e+00 1.567944e+00 5.609756e-01 1.846690e-01 3.484321e-02
33129: 1.993056e+00 1.656250e+00 1.572917e+00 5.590278e-01 1.840278e-01 3.472222e-02
33129: 1.993080e+00 1.657439e+00 1.567474e+00 5.605536e-01 1.868512e-01 3.460208e-02
33129: 1.993103e+00 1.658621e+00 1.568966e+00 5.586207e-01 1.862069e-01 3.448276e-02
33129: 1.993127e+00 1.656357e+00 1.567010e+00 5.635739e-01 1.855670e-01 3.436426e-02
33129: 1.993151e+00 1.657534e+00 1.565068e+00 5.616438e-01 1.849315e-01 3.767123e-02
33129: 1.996587e+00 1.651877e+00 1.569966e+00 5.597270e-01 1.843003e-01 3.754266e-02
33129: 1.996599e+00 1.653061e+00 1.568027e+00 5.612245e-01 1.836735e-01 3.741497e-02
33129: 1.993220e+00 1.650847e+00 1.569492e+00 5.661017e-01 1.830508e-01 3.728814e-02
33129: 1.996622e+00 1.648649e+00 1.567568e+00 5.675676e-01 1.824324e-01 3.716216e-02
33129: 1.996633e+00 1.646465e+00 1.569024e+00 5.656566e-01 1.818182e-01 4.040404e-02
33129: 1.993289e+00 1.651007e+00 1.570470e+00 5.637584e-01 1.812081e-01 4.026846e-02
33129: 1.993311e+00 1.648829e+00 1.571906e+00 5.652174e-01 1.806020e-01 4.013378e-02
33129: 1.993333e+00 1.650000e+00 1.570000e+00 5.666667e-01 1.800000e-01 4.000000e-02
33129: 1.990033e+00 1.647841e+00 1.574751e+00 5.681063e-01 1.794020e-01 3.986711e-02
33129: 1.993377e+00 1.642384e+00 1.572848e+00 5.728477e-01 1.788079e-01 3.973510e-02
33129: 1.990099e+00 1.643564e+00 1.570957e+00 5.775578e-01 1.782178e-01 3.960396e-02
33129: 1.990132e+00 1.644737e+00 1.565789e+00 5.789474e-01 1.776316e-01 4.276316e-02
33129: 1.986885e+00 1.645902e+00 1.567213e+00 5.803279e-01 1.770492e-01 4.262295e-02
33129: 1.986928e+00 1.643791e+00 1.568627e+00 5.784314e-01 1.797386e-01 4.248366e-02
33129: 1.983713e+00 1.648208e+00 1.570033e+00 5.765472e-01 1.791531e-01 4.234528e-02
33129: 1.983766e+00 1.646104e+00 1.564935e+00 5.844156e-01 1.785714e-01 4.220779e-02
33129: 1.980583e+00 1.653722e+00 1.563107e+00 5.825243e-01 1.779935e-01 4.207120e-02
33129: 1.983871e+00 1.654839e+00 1.561290e+00 5.806452e-01 1.774194e-01 4.193548e-02
33129: 1.980707e+00 1.652733e+00 1.565916e+00 5.819936e-01 1.768489e-01 4.180064e-02
33129: 1.980769e+00 1.650641e+00 1.567308e+00 5.833333e-01 1.762821e-01 4.166667e-02
33129: 1.977636e+00 1.651757e+00 1.571885e+00 5.814696e-01 1.757188e-01 4.153355e-02
33129: 1.977707e+00 1.656051e+00 1.566879e+00 5.828025e-01 1.751592e-01 4.140127e-02
33129: 1.974603e+00 1.657143e+00 1.571429e+00 5.809524e-01 1.746032e-01 4.126984e-02
33129: 1.974684e+00 1.658228e+00 1.566456e+00 5.854430e-01 1.740506e-01 4.113924e-02
33129: 1.971609e+00 1.656151e+00 1.567823e+00 5.867508e-01 1.766562e-01 4.100946e-02
33129: 1.974843e+00 1.654088e+00 1.566038e+00 5.849057e-01 1.792453e-01 4.088050e-02
33129: 1.971787e+00 1.655172e+00 1.564263e+00 5.893417e-01 1.786834e-01 4.075235e-02
33129: 1.971875e+00 1.656250e+00 1.562500e+00 5.875000e-01 1.812500e-01 4.062500e-02
33129: 1.971963e+00 1.654206e+00 1.566978e+00 5.856698e-01 1.806854e-01 4.049844e-02
33129: 1.972050e+00 1.655280e+00 1.565217e+00 5.838509e-01 1.832298e-01 4.037267e-02
33129: 1.972136e+00 1.656347e+00 1.566563e+00 5.820433e-01 1.826625e-01 4.024768e-02
33129: 1.969136e+00 1.657407e+00 1.567901e+00 5.833333e-01 1.820988e-01 4.012346e-02
33129: 1.972308e+00 1.655385e+00 1.566154e+00 5.846154e-01 1.815385e-01 4.000000e-02
33129: 1.975460e+00 1.656442e+00 1.564417e+00 5.828221e-01 1.809816e-01 3.987730e-02
33129: 1.972477e+00 1.654434e+00 1.571865e+00 5.810398e-01 1.804281e-01 3.975535e-02
33129: 1.972561e+00 1.655488e+00 1.567073e+00 5.853659e-01 1.798780e-01 3.963415e-02
33129: 1.969605e+00 1.653495e+00 1.571429e+00 5.866261e-01 1.793313e-01 3.951368e-02
33129: 1.969697e+00 1.654545e+00 1.566667e+00 5.878788e-01 1.818182e-01 3.939394e-02
33129: 1.972810e+00 1.652568e+00 1.567976e+00 5.861027e-01 1.812689e-01 3.927492e-02
33129: 1.972892e+00 1.650602e+00 1.572289e+00 5.843373e-01 1.807229e-01 3.915663e-02
33129: 1.972973e+00 1.648649e+00 1.570571e+00 5.885886e-01 1.801802e-01 3.903904e-02
33129: 1.970060e+00 1.655689e+00 1.565868e+00 5.898204e-01 1.796407e-01 3.892216e-02
33129: 1.970149e+00 1.653731e+00 1.567164e+00 5.880597e-01 1.820896e-01 3.880597e-02
33129: 1.970238e+00 1.654762e+00 1.565476e+00 5.863095e-01 1.845238e-01 3.869048e-02
33129: 1.967359e+00 1.652819e+00 1.572700e+00 5.845697e-01 1.839763e-01 3.857567e-02
33129: 1.967456e+00 1.653846e+00 1.568047e+00 5.887574e-01 1.834320e-01 3.846154e-02
33129: 1.964602e+00 1.651917e+00 1.572271e+00 5.870206e-01 1.828909e-01 4.129794e-02
33129: 1.961765e+00 1.650000e+00 1.573529e+00 5.911765e-01 1.823529e-01 4.117647e-02
33129: 1.964809e+00 1.651026e+00 1.568915e+00 5.923754e-01 1.818182e-01 4.105572e-02
33129: 1.961988e+00 1.646199e+00 1.578947e+00 5.906433e-01 1.812865e-01 4.093567e-02
33129: 1.965015e+00 1.644315e+00 1.577259e+00 5.918367e-01 1.807580e-01 4.081633e-02
33129: 1.965116e+00 1.645349e+00 1.572674e+00 5.959302e-01 1.802326e-01 4.069767e-02
33129: 1.965217e+00 1.640580e+00 1.576812e+00 5.971014e-01 1.797101e-01 4.057971e-02
33129: 1.962428e+00 1.647399e+00 1.572254e+00 5.982659e-01 1.791908e-01 4.046243e-02
33129: 1.965418e+00 1.648415e+00 1.567723e+00 5.994236e-01 1.786744e-01 4.034582e-02
33129: 1.965517e+00 1.646552e+00 1.568966e+00 5.977011e-01 1.810345e-01 4.022989e-02
33129: 1.962751e+00 1.647564e+00 1.570201e+00 5.959885e-01 1.833811e-01 4.011461e-02
33129: 1.962857e+00 1.645714e+00 1.568571e+00 6.000000e-01 1.828571e-01 4.000000e-02
33129: 1.960114e+00 1.646724e+00 1.569801e+00 6.011396e-01 1.823362e-01 3.988604e-02
33129: 1.957386e+00 1.650568e+00 1.568182e+00 5.994318e-01 1.846591e-01 3.977273e-02
33129: 1.957507e+00 1.651558e+00 1.569405e+00 5.977337e-01 1.841360e-01 3.966006e-02
33129: 1.954802e+00 1.652542e+00 1.570621e+00 5.988701e-01 1.836158e-01 3.954802e-02
33129: 1.954930e+00 1.653521e+00 1.569014e+00 6.000000e-01 1.830986e-01 3.943662e-02
33129: 1.955056e+00 1.651685e+00 1.570225e+00 5.983146e-01 1.853933e-01 3.932584e-02
33129: 1.952381e+00 1.652661e+00 1.565826e+00 6.022409e-01 1.876751e-01 3.921569e-02
33129: 1.952514e+00 1.650838e+00 1.569832e+00 6.005587e-01 1.871508e-01 3.910615e-02
33129: 1.949861e+00 1.654596e+00 1.568245e+00 6.016713e-01 1.866295e-01 3.899721e-02
33129: 1.950000e+00 1.652778e+00 1.569444e+00 6.027778e-01 1.861111e-01 3.888889e-02
33129: 1.947368e+00 1.659280e+00 1.567867e+00 6.011080e-01 1.855956e-01 3.878116e-02
33129: 1.950276e+00 1.657459e+00 1.566298e+00 6.022099e-01 1.850829e-01 3.867403e-02
33129: 1.950413e+00 1.661157e+00 1.564738e+00 6.005510e-01 1.845730e-01 3.856749e-02
33129: 1.950549e+00 1.659341e+00 1.568681e+00 5.989011e-01 1.840659e-01 3.846154e-02
33129: 1.950685e+00 1.657534e+00 1.569863e+00 6.000000e-01 1.835616e-01 3.835616e-02
33129: 1.948087e+00 1.658470e+00 1.571038e+00 6.010929e-01 1.830601e-01 3.825137e-02
33129: 1.948229e+00 1.656676e+00 1.572207e+00 6.021798e-01 1.825613e-01 3.814714e-02
33129: 1.951087e+00 1.657609e+00 1.567935e+00 6.032609e-01 1.820652e-01 3.804348e-02
33129: 1.951220e+00 1.655827e+00 1.571816e+00 6.016260e-01 1.815718e-01 3.794038e-02
33129: 1.948649e+00 1.656757e+00 1.567568e+00 6.054054e-01 1.837838e-01 3.783784e-02
33129: 1.948787e+00 1.657682e+00 1.568733e+00 6.037736e-01 1.832884e-01 3.773585e-02
33129: 1.951613e+00 1.655914e+00 1.567204e+00 6.048387e-01 1.827957e-01 3.763441e-02
33129: 1.949062e+00 1.659517e+00 1.565684e+00 6.032172e-01 1.849866e-01 3.753351e-02
33129: 1.949198e+00 1.660428e+00 1.564171e+00 6.042781e-01 1.844920e-01 3.743316e-02
33129: 1.949333e+00 1.658667e+00 1.568000e+00 6.026667e-01 1.840000e-01 3.733333e-02
33129: 1.946809e+00 1.662234e+00 1.566489e+00 6.037234e-01 1.835106e-01 3.723404e-02
33129: 1.949602e+00 1.660477e+00 1.567639e+00 6.021220e-01 1.830239e-01 3.713528e-02
33129: 1.947090e+00 1.661376e+00 1.566138e+00 6.005291e-01 1.851852e-01 3.968254e-02
33129: 1.947230e+00 1.659631e+00 1.564644e+00 6.015831e-01 1.873351e-01 3.957784e-02
33129: 1.944737e+00 1.663158e+00 1.565789e+00 6.000000e-01 1.868421e-01 3.947368e-02
33129: 1.950131e+00 1.661417e+00 1.564304e+00 5.984252e-01 1.863517e-01 3.937008e-02
33129: 1.947644e+00 1.662304e+00 1.565445e+00 5.994764e-01 1.858639e-01 3.926702e-02
33129: 1.953003e+00 1.660574e+00 1.563969e+00 5.979112e-01 1.853786e-01 3.916449e-02
33129: 1.953125e+00 1.661458e+00 1.562500e+00 5.963542e-01 1.875000e-01 3.906250e-02
33129: 1.950649e+00 1.664935e+00 1.563636e+00 5.948052e-01 1.870130e-01 3.896104e-02
33129: 1.950777e+00 1.665803e+00 1.562176e+00 5.958549e-01 1.865285e-01 3.886010e-02
33129: 1.948320e+00 1.666667e+00 1.563307e+00 5.943152e-01 1.886305e-01 3.875969e-02
33129: 1.948454e+00 1.664948e+00 1.561856e+00 5.953608e-01 1.907216e-01 3.865979e-02
33129: 1.948586e+00 1.665810e+00 1.560411e+00 5.938303e-01 1.928021e-01 3.856041e-02
33129: 1.946154e+00 1.664103e+00 1.566667e+00 5.923077e-01 1.923077e-01 3.846154e-02
33129: 1.948849e+00 1.664962e+00 1.565217e+00 5.907928e-01 1.918159e-01 3.836317e-02
33129: 1.946429e+00 1.663265e+00 1.566327e+00 5.892857e-01 1.938776e-01 4.081633e-02
33129: 1.949109e+00 1.664122e+00 1.564885e+00 5.877863e-01 1.933842e-01 4.071247e-02
33129: 1.949239e+00 1.662437e+00 1.568528e+00 5.862944e-01 1.928934e-01 4.060914e-02
33129: 1.951899e+00 1.663291e+00 1.567089e+00 5.848101e-01 1.924051e-01 4.050633e-02
33129: 1.949495e+00 1.661616e+00 1.570707e+00 5.858586e-01 1.919192e-01 4.040404e-02
33129: 1.952141e+00 1.659950e+00 1.566751e+00 5.869018e-01 1.939547e-01 4.030227e-02
33129: 1.954774e+00 1.660804e+00 1.565327e+00 5.854271e-01 1.934673e-01 4.020101e-02
33129: 1.952381e+00 1.661654e+00 1.568922e+00 5.839599e-01 1.929825e-01 4.010025e-02
33129: 1.952500e+00 1.657500e+00 1.570000e+00 5.825000e-01 1.975000e-01 4.000000e-02
33129: 1.952618e+00 1.655860e+00 1.571072e+00 5.835411e-01 1.970075e-01 3.990025e-02
33129: 1.950249e+00 1.659204e+00 1.569652e+00 5.845771e-01 1.965174e-01 3.980100e-02
33129: 1.950372e+00 1.660050e+00 1.570720e+00 5.831266e-01 1.960298e-01 3.970223e-02
33129: 1.948020e+00 1.660891e+00 1.566832e+00 5.866337e-01 1.980198e-01 3.960396e-02
33129: 1.950617e+00 1.659259e+00 1.567901e+00 5.851852e-01 1.975309e-01 3.950617e-02
33129: 1.948276e+00 1.660099e+00 1.571429e+00 5.837438e-01 1.970443e-01 3.940887e-02
33129: 1.945946e+00 1.660934e+00 1.570025e+00 5.872236e-01 1.965602e-01 3.931204e-02
33129: 1.948529e+00 1.659314e+00 1.566176e+00 5.882353e-01 1.985294e-01 3.921569e-02
33129: 1.946210e+00 1.662592e+00 1.567237e+00 5.867971e-01 1.980440e-01 3.911980e-02
33129: 1.948780e+00 1.660976e+00 1.565854e+00 5.878049e-01 1.975610e-01 3.902439e-02
33129: 1.946472e+00 1.664234e+00 1.566910e+00 5.863747e-01 1.970803e-01 3.892944e-02
33129: 1.949029e+00 1.665049e+00 1.565534e+00 5.849515e-01 1.966019e-01 3.883495e-02
33129: 1.946731e+00 1.663438e+00 1.569007e+00 5.859564e-01 1.961259e-01 3.874092e-02
33129: 1.946860e+00 1.666667e+00 1.567633e+00 5.845411e-01 1.956522e-01 3.864734e-02
33129: 1.946988e+00 1.667470e+00 1.568675e+00 5.831325e-01 1.951807e-01 3.855422e-02
33129: 1.944712e+00 1.665865e+00 1.567308e+00 5.865385e-01 1.971154e-01 3.846154e-02
33129: 1.944844e+00 1.664269e+00 1.568345e+00 5.851319e-01 1.990408e-01 3.836930e-02
33129: 1.942584e+00 1.669856e+00 1.566986e+00 5.837321e-01 1.985646e-01 3.827751e-02
33129: 1.942721e+00 1.668258e+00 1.568019e+00 5.847255e-01 1.980907e-01 3.818616e-02
33129: 1.942857e+00 1.669048e+00 1.566667e+00 5.857143e-01 1.976190e-01 3.809524e-02
33129: 1.940618e+00 1.667458e+00 1.572447e+00 5.843230e-01 1.971496e-01 3.800475e-02
33129: 1.940758e+00 1.665877e+00 1.571090e+00 5.853081e-01 1.990521e-01 3.791469e-02
33129: 1.938534e+00 1.666667e+00 1.567376e+00 5.886525e-01 2.009456e-01 3.782506e-02
33129: 1.941038e+00 1.667453e+00 1.566038e+00 5.872642e-01 2.004717e-01 3.773585e-02
33129: 1.941176e+00 1.665882e+00 1.569412e+00 5.858824e-01 2.000000e-01 3.764706e-02
33129: 1.941315e+00 1.669014e+00 1.568075e+00 5.845070e-01 1.995305e-01 3.755869e-02
33129: 1.939110e+00 1.667447e+00 1.571429e+00 5.854801e-01 1.990632e-01 3.747073e-02
33129: 1.941589e+00 1.665888e+00 1.570093e+00 5.864486e-01 1.985981e-01 3.738318e-02
33129: 1.941725e+00 1.668998e+00 1.566434e+00 5.874126e-01 1.981352e-01 3.729604e-02
33129: 1.939535e+00 1.667442e+00 1.569767e+00 5.883721e-01 1.976744e-01 3.720930e-02
33129: 1.941995e+00 1.665893e+00 1.570766e+00 5.870070e-01 1.972158e-01 3.712297e-02
33129: 1.939815e+00 1.666667e+00 1.569444e+00 5.902778e-01 1.967593e-01 3.703704e-02
33129: 1.942263e+00 1.665127e+00 1.568129e+00 5.889145e-01 1.986143e-01 3.695150e-02
33129: 1.942396e+00 1.668203e+00 1.566820e+00 5.875576e-01 1.981567e-01 3.686636e-02
33129: 1.940230e+00 1.668966e+00 1.567816e+00 5.885057e-01 1.977011e-01 3.678161e-02
33129: 1.940367e+00 1.672018e+00 1.566514e+00 5.871560e-01 1.972477e-01 3.669725e-02
33129: 1.940503e+00 1.670481e+00 1.569794e+00 5.858124e-01 1.967963e-01 3.661327e-02
33129: 1.938356e+00 1.671233e+00 1.568493e+00 5.890411e-01 1.963470e-01 3.652968e-02
33129: 1.940774e+00 1.671982e+00 1.567198e+00 5.876993e-01 1.958998e-01 3.644647e-02
33129: 1.940909e+00 1.670455e+00 1.568182e+00 5.863636e-01 1.977273e-01 3.636364e-02
33129: 1.941043e+00 1.671202e+00 1.566893e+00 5.850340e-01 1.995465e-01 3.628118e-02
33129: 1.938914e+00 1.669683e+00 1.570136e+00 5.859729e-01 1.990950e-01 3.619910e-02
33129: 1.941309e+00 1.668172e+00 1.568849e+00 5.869074e-01 1.986456e-01 3.611738e-02
33129: 1.939189e+00 1.671171e+00 1.569820e+00 5.855856e-01 1.981982e-01 3.603604e-02
33129: 1.939326e+00 1.669663e+00 1.570787e+00 5.865169e-01 1.977528e-01 3.595506e-02
33129: 1.937220e+00 1.672646e+00 1.569507e+00 5.874439e-01 1.973094e-01 3.587444e-02
33129: 1.937360e+00 1.673378e+00 1.570470e+00 5.861298e-01 1.968680e-01 3.579418e-02
33129: 1.937500e+00 1.671875e+00 1.566964e+00 5.915179e-01 1.964286e-01 3.571429e-02
33129: 1.935412e+00 1.677060e+00 1.565702e+00 5.902004e-01 1.959911e-01 3.563474e-02
33129: 1.935556e+00 1.675556e+00 1.566667e+00 5.888889e-01 1.977778e-01 3.555556e-02
33129: 1.933481e+00 1.676275e+00 1.567627e+00 5.898004e-01 1.973392e-01 3.547672e-02
33129: 1.933628e+00 1.672566e+00 1.573009e+00 5.884956e-01 1.969027e-01 3.539823e-02
33129: 1.931567e+00 1.675497e+00 1.569536e+00 5.894040e-01 1.964680e-01 3.752759e-02
33129: 1.931718e+00 1.678414e+00 1.568282e+00 5.881057e-01 1.960352e-01 3.744493e-02
33129: 1.929670e+00 1.679121e+00 1.571429e+00 5.868132e-01 1.956044e-01 3.736264e-02
33129: 1.932018e+00 1.679825e+00 1.567982e+00 5.877193e-01 1.951754e-01 3.728070e-02
33129: 1.929978e+00 1.680525e+00 1.571116e+00 5.864333e-01 1.947484e-01 3.719912e-02
33129: 1.930131e+00 1.679039e+00 1.569869e+00 5.895197e-01 1.943231e-01 3.711790e-02
33129: 1.928105e+00 1.684096e+00 1.568627e+00 5.882353e-01 1.938998e-01 3.703704e-02
33129: 1.928261e+00 1.682609e+00 1.571739e+00 5.869565e-01 1.934783e-01 3.695652e-02
33129: 1.926247e+00 1.685466e+00 1.570499e+00 5.878525e-01 1.930586e-01 3.687636e-02
33129: 1.930736e+00 1.683983e+00 1.567100e+00 5.887446e-01 1.926407e-01 3.679654e-02
33129: 1.930886e+00 1.686825e+00 1.565875e+00 5.874730e-01 1.922246e-01 3.671706e-02
33129: 1.931034e+00 1.685345e+00 1.568966e+00 5.862069e-01 1.918103e-01 3.663793e-02
33129: 1.931183e+00 1.686022e+00 1.567742e+00 5.849462e-01 1.935484e-01 3.655914e-02
33129: 1.931330e+00 1.684549e+00 1.568670e+00 5.836910e-01 1.952790e-01 3.648069e-02
33129: 1.929336e+00 1.687366e+00 1.567452e+00 5.845824e-01 1.948608e-01 3.640257e-02
33129: 1.931624e+00 1.688034e+00 1.566239e+00 5.833333e-01 1.944444e-01 3.632479e-02
33129: 1.931770e+00 1.688699e+00 1.567164e+00 5.820896e-01 1.940299e-01 3.624733e-02
33129: 1.931915e+00 1.687234e+00 1.568085e+00 5.829787e-01 1.936170e-01 3.617021e-02
33129: 1.929936e+00 1.687898e+00 1.571125e+00 5.817410e-01 1.932059e-01 3.609342e-02
33129: 1.930085e+00 1.688559e+00 1.569915e+00 5.826271e-01 1.927966e-01 3.601695e-02
33129: 1.930233e+00 1.687104e+00 1.572939e+00 5.813953e-01 1.923890e-01 3.594080e-02
33129: 1.928270e+00 1.689873e+00 1.569620e+00 5.843882e-01 1.919831e-01 3.586498e-02
33129: 1.928421e+00 1.690526e+00 1.568421e+00 5.852632e-01 1.915789e-01 3.578947e-02
33129: 1.928571e+00 1.689076e+00 1.571429e+00 5.840336e-01 1.911765e-01 3.571429e-02
33129: 1.926625e+00 1.689727e+00 1.570231e+00 5.870021e-01 1.907757e-01 3.563941e-02
33129: 1.926778e+00 1.690377e+00 1.569038e+00 5.878661e-01 1.903766e-01 3.556485e-02
33129: 1.926931e+00 1.688935e+00 1.569937e+00 5.866388e-01 1.920668e-01 3.549061e-02
33129: 1.925000e+00 1.691667e+00 1.568750e+00 5.854167e-01 1.937500e-01 3.541667e-02
33129: 1.925156e+00 1.690229e+00 1.571726e+00 5.841996e-01 1.933472e-01 3.534304e-02
33129: 1.925311e+00 1.690871e+00 1.568465e+00 5.871369e-01 1.929461e-01 3.526971e-02
33129: 1.923395e+00 1.693582e+00 1.569358e+00 5.859213e-01 1.925466e-01 3.519669e-02
33129: 1.923554e+00 1.692149e+00 1.570248e+00 5.867769e-01 1.921488e-01 3.512397e-02
33129: 1.923711e+00 1.694845e+00 1.567010e+00 5.876289e-01 1.917526e-01 3.505155e-02
33129: 1.921811e+00 1.693416e+00 1.569959e+00 5.884774e-01 1.913580e-01 3.497942e-02
33129: 1.921971e+00 1.691992e+00 1.568789e+00 5.893224e-01 1.930185e-01 3.490760e-02
33129: 1.920082e+00 1.694672e+00 1.567623e+00 5.881148e-01 1.946721e-01 3.483607e-02
33129: 1.920245e+00 1.693252e+00 1.570552e+00 5.869121e-01 1.942740e-01 3.476483e-02
33129: 1.918367e+00 1.693878e+00 1.569388e+00 5.897959e-01 1.938776e-01 3.469388e-02
33129: 1.918534e+00 1.692464e+00 1.570265e+00 5.885947e-01 1.955193e-01 3.462322e-02
33129: 1.918699e+00 1.693089e+00 1.567073e+00 5.894309e-01 1.971545e-01 3.455285e-02
33129: 1.916836e+00 1.693712e+00 1.569980e+00 5.882353e-01 1.967546e-01 3.448276e-02
33129: 1.919028e+00 1.694332e+00 1.568826e+00 5.870445e-01 1.963563e-01 3.441296e-02
33129: 1.917172e+00 1.692929e+00 1.571717e+00 5.858586e-01 1.979798e-01 3.434343e-02
33129: 1.919355e+00 1.691532e+00 1.570565e+00 5.866935e-01 1.975806e-01 3.427419e-02
33129: 1.917505e+00 1.692153e+00 1.567404e+00 5.915493e-01 1.971831e-01 3.420523e-02
33129: 1.919679e+00 1.692771e+00 1.566265e+00 5.903614e-01 1.967871e-01 3.413655e-02
33129: 1.919840e+00 1.693387e+00 1.567134e+00 5.891784e-01 1.963928e-01 3.406814e-02
33129: 1.920000e+00 1.692000e+00 1.566000e+00 5.900000e-01 1.980000e-01 3.400000e-02
33129: 1.918164e+00 1.692615e+00 1.568862e+00 5.888224e-01 1.976048e-01 3.393214e-02
33129: 1.918327e+00 1.691235e+00 1.569721e+00 5.896414e-01 1.972112e-01 3.386454e-02
33129: 1.918489e+00 1.691849e+00 1.568588e+00 5.904573e-01 1.968191e-01 3.379722e-02
33129: 1.920635e+00 1.690476e+00 1.569444e+00 5.892857e-01 1.964286e-01 3.373016e-02
33129: 1.920792e+00 1.691089e+00 1.570297e+00 5.881188e-01 1.960396e-01 3.366337e-02
33129: 1.922925e+00 1.689723e+00 1.567194e+00 5.909091e-01 1.956522e-01 3.359684e-02
33129: 1.921105e+00 1.692308e+00 1.568047e+00 5.897436e-01 1.952663e-01 3.353057e-02
33129: 1.921260e+00 1.690945e+00 1.568898e+00 5.905512e-01 1.948819e-01 3.346457e-02
33129: 1.919450e+00 1.691552e+00 1.569745e+00 5.893910e-01 1.964637e-01 3.339882e-02
33129: 1.919608e+00 1.690196e+00 1.568627e+00 5.921569e-01 1.960784e-01 3.333333e-02
33129: 1.917808e+00 1.692759e+00 1.567515e+00 5.929550e-01 1.956947e-01 3.326810e-02
33129: 1.921875e+00 1.689453e+00 1.568359e+00 5.917969e-01 1.953125e-01 3.320312e-02
33129: 1.922027e+00 1.690058e+00 1.569201e+00 5.906433e-01 1.949318e-01 3.313840e-02
33129: 1.920233e+00 1.690661e+00 1.570039e+00 5.914397e-01 1.945525e-01 3.307393e-02
33129: 1.920388e+00 1.691262e+00 1.568932e+00 5.922330e-01 1.941748e-01 3.300971e-02
33129: 1.918605e+00 1.691860e+00 1.569767e+00 5.930233e-01 1.937984e-01 3.294574e-02
33129: 1.922631e+00 1.690522e+00 1.568665e+00 5.918762e-01 1.934236e-01 3.288201e-02
33129: 1.922780e+00 1.691120e+00 1.569498e+00 5.907336e-01 1.930502e-01 3.281853e-02
33129: 1.922929e+00 1.689788e+00 1.570328e+00 5.915222e-01 1.926782e-01 3.275530e-02
33129: 1.921154e+00 1.690385e+00 1.571154e+00 5.923077e-01 1.923077e-01 3.269231e-02
33129: 1.923225e+00 1.689060e+00 1.570058e+00 5.930902e-01 1.919386e-01 3.262956e-02
33129: 1.921456e+00 1.689655e+00 1.570881e+00 5.938697e-01 1.915709e-01 3.256705e-02
33129: 1.921606e+00 1.688337e+00 1.569790e+00 5.946463e-01 1.912046e-01 3.441683e-02
33129: 1.921756e+00 1.688931e+00 1.570611e+00 5.935115e-01 1.908397e-01 3.435115e-02
33129: 1.920000e+00 1.689524e+00 1.567619e+00 5.980952e-01 1.904762e-01 3.428571e-02
33129: 1.920152e+00 1.688213e+00 1.566540e+00 5.969582e-01 1.920152e-01 3.612167e-02
33129: 1.918406e+00 1.690702e+00 1.565465e+00 5.958254e-01 1.935484e-01 3.605313e-02
33129: 1.918561e+00 1.691288e+00 1.566288e+00 5.946970e-01 1.931818e-01 3.598485e-02
33129: 1.916824e+00 1.689981e+00 1.567108e+00 5.973535e-01 1.928166e-01 3.591682e-02
33129: 1.918868e+00 1.690566e+00 1.566038e+00 5.962264e-01 1.924528e-01 3.584906e-02
33129: 1.917137e+00 1.689266e+00 1.566855e+00 5.951036e-01 1.958569e-01 3.578154e-02
33129: 1.917293e+00 1.689850e+00 1.567669e+00 5.939850e-01 1.954887e-01 3.571429e-02
33129: 1.915572e+00 1.690432e+00 1.568480e+00 5.947467e-01 1.951220e-01 3.564728e-02
33129: 1.917603e+00 1.691011e+00 1.567416e+00 5.936330e-01 1.947566e-01 3.558052e-02
33129: 1.915888e+00 1.689720e+00 1.570093e+00 5.925234e-01 1.962617e-01 3.551402e-02
33129: 1.916045e+00 1.688433e+00 1.569030e+00 5.951493e-01 1.958955e-01 3.544776e-02
33129: 1.916201e+00 1.689013e+00 1.567970e+00 5.959032e-01 1.955307e-01 3.538175e-02
33129: 1.914498e+00 1.691450e+00 1.568773e+00 5.947955e-01 1.951673e-01 3.531599e-02
33129: 1.914657e+00 1.692022e+00 1.567718e+00 5.936920e-01 1.966605e-01 3.525046e-02
33129: 1.914815e+00 1.690741e+00 1.570370e+00 5.925926e-01 1.962963e-01 3.518519e-02
33129: 1.913124e+00 1.691312e+00 1.567468e+00 5.933457e-01 1.977819e-01 3.696858e-02
33129: 1.913284e+00 1.690037e+00 1.568266e+00 5.940959e-01 1.974170e-01 3.690037e-02
33129: 1.911602e+00 1.690608e+00 1.570902e+00 5.930018e-01 1.970534e-01 3.683241e-02
33129: 1.911765e+00 1.693015e+00 1.568015e+00 5.937500e-01 1.966912e-01 3.676471e-02
33129: 1.910092e+00 1.695413e+00 1.568807e+00 5.926606e-01 1.963303e-01 3.669725e-02
33129: 1.910256e+00 1.694139e+00 1.567766e+00 5.934066e-01 1.959707e-01 3.846154e-02
33129: 1.908592e+00 1.696527e+00 1.566728e+00 5.923218e-01 1.974406e-01 3.839122e-02
33129: 1.908759e+00 1.697080e+00 1.565693e+00 5.912409e-01 1.989051e-01 3.832117e-02
33129: 1.907104e+00 1.697632e+00 1.566485e+00 5.901639e-01 2.003643e-01 3.825137e-02
33129: 1.907273e+00 1.698182e+00 1.567273e+00 5.890909e-01 2.000000e-01 3.818182e-02
33129: 1.907441e+00 1.696915e+00 1.566243e+00 5.916515e-01 1.996370e-01 3.811252e-02
33129: 1.905797e+00 1.697464e+00 1.567029e+00 5.923913e-01 1.992754e-01 3.804348e-02
33129: 1.905967e+00 1.696203e+00 1.567812e+00 5.931284e-01 1.989150e-01 3.797468e-02
33129: 1.904332e+00 1.696751e+00 1.566787e+00 5.956679e-01 1.985560e-01 3.790614e-02
33129: 1.904505e+00 1.695495e+00 1.567568e+00 5.963964e-01 1.981982e-01 3.783784e-02
33129: 1.904676e+00 1.696043e+00 1.568345e+00 5.953237e-01 1.978417e-01 3.776978e-02
33129: 1.903052e+00 1.696589e+00 1.569120e+00 5.960503e-01 1.974865e-01 3.770197e-02
33129: 1.903226e+00 1.697133e+00 1.568100e+00 5.949821e-01 1.989247e-01 3.763441e-02
33129: 1.901610e+00 1.697674e+00 1.570662e+00 5.939177e-01 1.985689e-01 3.756708e-02
33129: 1.901786e+00 1.696429e+00 1.569643e+00 5.946429e-01 2.000000e-01 3.750000e-02
33129: 1.901961e+00 1.698752e+00 1.568627e+00 5.935829e-01 1.996435e-01 3.743316e-02
33129: 1.900356e+00 1.699288e+00 1.569395e+00 5.943060e-01 1.992883e-01 3.736655e-02
33129: 1.902309e+00 1.699822e+00 1.568384e+00 5.932504e-01 1.989343e-01 3.730018e-02
33129: 1.902482e+00 1.700355e+00 1.569149e+00 5.921986e-01 1.985816e-01 3.723404e-02
33129: 1.900885e+00 1.699115e+00 1.571681e+00 5.929204e-01 1.982301e-01 3.716814e-02
33129: 1.902827e+00 1.697880e+00 1.570671e+00 5.936396e-01 1.978799e-01 3.710247e-02
33129: 1.902998e+00 1.698413e+00 1.567901e+00 5.961199e-01 1.975309e-01 3.703704e-02
33129: 1.901408e+00 1.700704e+00 1.568662e+00 5.950704e-01 1.971831e-01 3.697183e-02
33129: 1.903339e+00 1.699473e+00 1.569420e+00 5.940246e-01 1.968366e-01 3.690685e-02
33129: 1.903509e+00 1.700000e+00 1.570175e+00 5.929825e-01 1.964912e-01 3.684211e-02
33129: 1.903678e+00 1.698774e+00 1.567426e+00 5.954466e-01 1.978984e-01 3.677758e-02
33129: 1.902098e+00 1.701049e+00 1.566434e+00 5.961538e-01 1.975524e-01 3.671329e-02
33129: 1.902269e+00 1.701571e+00 1.567190e+00 5.951134e-01 1.972077e-01 3.664921e-02
33129: 1.904181e+00 1.700348e+00 1.566202e+00 5.958188e-01 1.968641e-01 3.658537e-02
33129: 1.906087e+00 1.700870e+00 1.565217e+00 5.947826e-01 1.965217e-01 3.652174e-02
33129: 1.904514e+00 1.699653e+00 1.567708e+00 5.937500e-01 1.979167e-01 3.645833e-02
33129: 1.906412e+00 1.698440e+00 1.566724e+00 5.927210e-01 1.993068e-01 3.639515e-02
33129: 1.906574e+00 1.698962e+00 1.567474e+00 5.916955e-01 1.989619e-01 3.633218e-02
33129: 1.905009e+00 1.701209e+00 1.566494e+00 5.924007e-01 1.986183e-01 3.626943e-02
33129: 1.905172e+00 1.701724e+00 1.565517e+00 5.913793e-01 2.000000e-01 3.620690e-02
33129: 1.903614e+00 1.700516e+00 1.569707e+00 5.903614e-01 1.996558e-01 3.614458e-02
33129: 1.903780e+00 1.701031e+00 1.570447e+00 5.893471e-01 1.993127e-01 3.608247e-02
33129: 1.902230e+00 1.699828e+00 1.571184e+00 5.917667e-01 1.989708e-01 3.602058e-02
33129: 1.900685e+00 1.698630e+00 1.573630e+00 5.924658e-01 1.986301e-01 3.595890e-02
33129: 1.902564e+00 1.697436e+00 1.572650e+00 5.931624e-01 1.982906e-01 3.589744e-02
33129: 1.901024e+00 1.697952e+00 1.573379e+00 5.938567e-01 1.979522e-01 3.583618e-02
33129: 1.902896e+00 1.696763e+00 1.572402e+00 5.945486e-01 1.976150e-01 3.577513e-02
33129: 1.901361e+00 1.698980e+00 1.569728e+00 5.969388e-01 1.972789e-01 3.571429e-02
33129: 1.901528e+00 1.697793e+00 1.570458e+00 5.959253e-01 1.969440e-01 3.735144e-02
33129: 1.901695e+00 1.698305e+00 1.567797e+00 5.983051e-01 1.966102e-01 3.728814e-02
33129: 1.903553e+00 1.697124e+00 1.568528e+00 5.972927e-01 1.962775e-01 3.722504e-02
33129: 1.902027e+00 1.697635e+00 1.569257e+00 5.979730e-01 1.959459e-01 3.716216e-02
33129: 1.903879e+00 1.696459e+00 1.569983e+00 5.969646e-01 1.956155e-01 3.709949e-02
33129: 1.902357e+00 1.700337e+00 1.569024e+00 5.959596e-01 1.952862e-01 3.703704e-02
33129: 1.904202e+00 1.697479e+00 1.571429e+00 5.949580e-01 1.949580e-01 3.697479e-02
33129: 1.906040e+00 1.696309e+00 1.570470e+00 5.956376e-01 1.946309e-01 3.691275e-02
33129: 1.906198e+00 1.698492e+00 1.567839e+00 5.963149e-01 1.943049e-01 3.685092e-02
33129: 1.904682e+00 1.697324e+00 1.570234e+00 5.969900e-01 1.939799e-01 3.678930e-02
33129: 1.904841e+00 1.696160e+00 1.569282e+00 5.993322e-01 1.936561e-01 3.672788e-02
33129: 1.905000e+00 1.696667e+00 1.568333e+00 6.000000e-01 1.933333e-01 3.666667e-02
33129: 1.905158e+00 1.697171e+00 1.569052e+00 5.990017e-01 1.930116e-01 3.660566e-02
33129: 1.905316e+00 1.697674e+00 1.568106e+00 5.996678e-01 1.926910e-01 3.654485e-02
33129: 1.905473e+00 1.698176e+00 1.568823e+00 5.986733e-01 1.923715e-01 3.648425e-02
33129: 1.905629e+00 1.698675e+00 1.567881e+00 5.993377e-01 1.920530e-01 3.642384e-02
33129: 1.905785e+00 1.699174e+00 1.568595e+00 5.983471e-01 1.917355e-01 3.636364e-02
33129: 1.904290e+00 1.699670e+00 1.569307e+00 5.990099e-01 1.914191e-01 3.630363e-02
33129: 1.906096e+00 1.698517e+00 1.568369e+00 5.996705e-01 1.911038e-01 3.624382e-02
33129: 1.906250e+00 1.699013e+00 1.567434e+00 6.003289e-01 1.907895e-01 3.618421e-02
33129: 1.904762e+00 1.699507e+00 1.568144e+00 5.993432e-01 1.904762e-01 3.776683e-02
33129: 1.904918e+00 1.698361e+00 1.567213e+00 6.000000e-01 1.918033e-01 3.770492e-02
33129: 1.905074e+00 1.700491e+00 1.566285e+00 5.990180e-01 1.914894e-01 3.764321e-02
33129: 1.903595e+00 1.700980e+00 1.568627e+00 5.980392e-01 1.911765e-01 3.758170e-02
33129: 1.903752e+00 1.701468e+00 1.569331e+00 5.970636e-01 1.908646e-01 3.752039e-02
33129: 1.902280e+00 1.701954e+00 1.570033e+00 5.977199e-01 1.905537e-01 3.745928e-02
33129: 1.902439e+00 1.704065e+00 1.567480e+00 5.983740e-01 1.902439e-01 3.739837e-02
33129: 1.902597e+00 1.704545e+00 1.568182e+00 5.974026e-01 1.899351e-01 3.733766e-02
33129: 1.901135e+00 1.703404e+00 1.568882e+00 5.996759e-01 1.896272e-01 3.727715e-02
33129: 1.901294e+00 1.702265e+00 1.571197e+00 5.987055e-01 1.893204e-01 3.721683e-02
33129: 1.903069e+00 1.702746e+00 1.568659e+00 5.993538e-01 1.890145e-01 3.715670e-02
33129: 1.901613e+00 1.701613e+00 1.570968e+00 5.983871e-01 1.903226e-01 3.709677e-02
33129: 1.900161e+00 1.700483e+00 1.573269e+00 5.990338e-01 1.900161e-01 3.703704e-02
33129: 1.900322e+00 1.699357e+00 1.573955e+00 5.996785e-01 1.897106e-01 3.697749e-02
33129: 1.900482e+00 1.699839e+00 1.571429e+00 6.003210e-01 1.910112e-01 3.691814e-02
33129: 1.900641e+00 1.700321e+00 1.570513e+00 6.009615e-01 1.907051e-01 3.685897e-02
33129: 1.902400e+00 1.699200e+00 1.569600e+00 6.016000e-01 1.904000e-01 3.680000e-02
33129: 1.904153e+00 1.699681e+00 1.568690e+00 6.006390e-01 1.900958e-01 3.674121e-02
33129: 1.904306e+00 1.698565e+00 1.570973e+00 5.996810e-01 1.897927e-01 3.668262e-02
33129: 1.904459e+00 1.700637e+00 1.568471e+00 6.003185e-01 1.894904e-01 3.662420e-02
33129: 1.904610e+00 1.701113e+00 1.569157e+00 5.993641e-01 1.891892e-01 3.656598e-02
33129: 1.903175e+00 1.700000e+00 1.568254e+00 6.000000e-01 1.920635e-01 3.650794e-02
33129: 1.903328e+00 1.698891e+00 1.567353e+00 6.022187e-01 1.917591e-01 3.645008e-02
33129: 1.901899e+00 1.700949e+00 1.568038e+00 6.012658e-01 1.914557e-01 3.639241e-02
33129: 1.902054e+00 1.699842e+00 1.568720e+00 6.018957e-01 1.911532e-01 3.633491e-02
33129: 1.900631e+00 1.701893e+00 1.569401e+00 6.009464e-01 1.908517e-01 3.627760e-02
33129: 1.903937e+00 1.700787e+00 1.568504e+00 6.000000e-01 1.905512e-01 3.622047e-02
33129: 1.904088e+00 1.702830e+00 1.567610e+00 5.990566e-01 1.902516e-01 3.616352e-02
33129: 1.902669e+00 1.703297e+00 1.568289e+00 5.996860e-01 1.899529e-01 3.610675e-02
33129: 1.904389e+00 1.703762e+00 1.567398e+00 5.987461e-01 1.896552e-01 3.605016e-02
33129: 1.904538e+00 1.704225e+00 1.568075e+00 5.978091e-01 1.893584e-01 3.599374e-02
33129: 1.906250e+00 1.701563e+00 1.568750e+00 5.984375e-01 1.890625e-01 3.593750e-02
33129: 1.904836e+00 1.702028e+00 1.569423e+00 5.975039e-01 1.903276e-01 3.588144e-02
33129: 1.906542e+00 1.700935e+00 1.570093e+00 5.965732e-01 1.900312e-01 3.582555e-02
33129: 1.905132e+00 1.701400e+00 1.569207e+00 5.987558e-01 1.897356e-01 3.576983e-02
33129: 1.903727e+00 1.701863e+00 1.571429e+00 5.978261e-01 1.894410e-01 3.571429e-02
33129: 1.905426e+00 1.700775e+00 1.570543e+00 5.984496e-01 1.891473e-01 3.565891e-02
33129: 1.904025e+00 1.702786e+00 1.569659e+00 5.990712e-01 1.888545e-01 3.560372e-02
33129: 1.902628e+00 1.701700e+00 1.571870e+00 5.996909e-01 1.885626e-01 3.554869e-02
33129: 1.902778e+00 1.700617e+00 1.570988e+00 6.018519e-01 1.882716e-01 3.549383e-02
33129: 1.902928e+00 1.702619e+00 1.568567e+00 6.024653e-01 1.879815e-01 3.543914e-02
33129: 1.901538e+00 1.701538e+00 1.569231e+00 6.030769e-01 1.892308e-01 3.538462e-02
33129: 1.903226e+00 1.700461e+00 1.568356e+00 6.036866e-01 1.889401e-01 3.533026e-02
33129: 1.903374e+00 1.702454e+00 1.567485e+00 6.027607e-01 1.886503e-01 3.527607e-02
33129: 1.903522e+00 1.701378e+00 1.569678e+00 6.018377e-01 1.883614e-01 3.522205e-02
33129: 1.902141e+00 1.703364e+00 1.570336e+00 6.009174e-01 1.880734e-01 3.516820e-02
33129: 1.902290e+00 1.702290e+00 1.569466e+00 6.015267e-01 1.893130e-01 3.511450e-02
33129: 1.902439e+00 1.702744e+00 1.568598e+00 6.021341e-01 1.890244e-01 3.506098e-02
33129: 1.901065e+00 1.703196e+00 1.570776e+00 6.012177e-01 1.887367e-01 3.500761e-02
33129: 1.899696e+00 1.705167e+00 1.569909e+00 6.018237e-01 1.884498e-01 3.495441e-02
33129: 1.901366e+00 1.704097e+00 1.570561e+00 6.009105e-01 1.881639e-01 3.490137e-02
33129: 1.901515e+00 1.704545e+00 1.569697e+00 6.015152e-01 1.878788e-01 3.484848e-02
33129: 1.903177e+00 1.703480e+00 1.570348e+00 6.006051e-01 1.875946e-01 3.479576e-02
33129: 1.903323e+00 1.705438e+00 1.567976e+00 6.012085e-01 1.873112e-01 3.474320e-02
33129: 1.903469e+00 1.705882e+00 1.568627e+00 6.003017e-01 1.870287e-01 3.469080e-02
33129: 1.903614e+00 1.704819e+00 1.569277e+00 6.009036e-01 1.867470e-01 3.463855e-02
33129: 1.903759e+00 1.706767e+00 1.568421e+00 6.000000e-01 1.864662e-01 3.458647e-02
33129: 1.902402e+00 1.705706e+00 1.570571e+00 6.006006e-01 1.861862e-01 3.453453e-02
33129: 1.904048e+00 1.706147e+00 1.568216e+00 6.011994e-01 1.859070e-01 3.448276e-02
33129: 1.902695e+00 1.706587e+00 1.570359e+00 6.002994e-01 1.856287e-01 3.443114e-02
33129: 1.904335e+00 1.705531e+00 1.569507e+00 6.008969e-01 1.853513e-01 3.437967e-02
33129: 1.904478e+00 1.705970e+00 1.568657e+00 6.000000e-01 1.865672e-01 3.432836e-02
33129: 1.904620e+00 1.704918e+00 1.569300e+00 5.991058e-01 1.877794e-01 3.427720e-02
33129: 1.904762e+00 1.705357e+00 1.568452e+00 5.997024e-01 1.875000e-01 3.422619e-02
33129: 1.903418e+00 1.705795e+00 1.569094e+00 6.002972e-01 1.872214e-01 3.417533e-02
33129: 1.903561e+00 1.704748e+00 1.571217e+00 5.994065e-01 1.869436e-01 3.412463e-02
33129: 1.903704e+00 1.703704e+00 1.571852e+00 6.000000e-01 1.866667e-01 3.407407e-02
33129: 1.903846e+00 1.704142e+00 1.569527e+00 6.020710e-01 1.863905e-01 3.402367e-02
33129: 1.903988e+00 1.703102e+00 1.570162e+00 6.011817e-01 1.875923e-01 3.397341e-02
33129: 1.904130e+00 1.705015e+00 1.567847e+00 6.017699e-01 1.873156e-01 3.392330e-02
33129: 1.902798e+00 1.703976e+00 1.571429e+00 6.008837e-01 1.870398e-01 3.387334e-02
33129: 1.905882e+00 1.702941e+00 1.569118e+00 6.014706e-01 1.867647e-01 3.382353e-02
33129: 1.904552e+00 1.701909e+00 1.572687e+00 6.005874e-01 1.864905e-01 3.377386e-02
33129: 1.904692e+00 1.700880e+00 1.571848e+00 6.011730e-01 1.876833e-01 3.372434e-02
33129: 1.904832e+00 1.701318e+00 1.569546e+00 6.032211e-01 1.874085e-01 3.367496e-02
33129: 1.903509e+00 1.701754e+00 1.571637e+00 6.023392e-01 1.871345e-01 3.362573e-02
33129: 1.905109e+00 1.700730e+00 1.570803e+00 6.029197e-01 1.868613e-01 3.357664e-02
33129: 1.903790e+00 1.702624e+00 1.569971e+00 6.034985e-01 1.865889e-01 3.352770e-02
33129: 1.903930e+00 1.701601e+00 1.569141e+00 6.040757e-01 1.877729e-01 3.347889e-02
33129: 1.902616e+00 1.702035e+00 1.571221e+00 6.031977e-01 1.875000e-01 3.343023e-02
33129: 1.901306e+00 1.701016e+00 1.571843e+00 6.037736e-01 1.872279e-01 3.483309e-02
33129: 1.902899e+00 1.701449e+00 1.569565e+00 6.043478e-01 1.869565e-01 3.478261e-02
33129: 1.901592e+00 1.700434e+00 1.571635e+00 6.049204e-01 1.866860e-01 3.473227e-02
33129: 1.900289e+00 1.700867e+00 1.570809e+00 6.069364e-01 1.864162e-01 3.468208e-02
33129: 1.900433e+00 1.698413e+00 1.569986e+00 6.089466e-01 1.875902e-01 3.463203e-02
33129: 1.899135e+00 1.698847e+00 1.570605e+00 6.095101e-01 1.873199e-01 3.458213e-02
33129: 1.897842e+00 1.700719e+00 1.569784e+00 6.100719e-01 1.870504e-01 3.453237e-02
33129: 1.897989e+00 1.698276e+00 1.573276e+00 6.091954e-01 1.867816e-01 3.448276e-02
33129: 1.896700e+00 1.698709e+00 1.573888e+00 6.097561e-01 1.865136e-01 3.443329e-02
33129: 1.896848e+00 1.697708e+00 1.573066e+00 6.103152e-01 1.876791e-01 3.438395e-02
33129: 1.896996e+00 1.698140e+00 1.572246e+00 6.108727e-01 1.874106e-01 3.433476e-02
33129: 1.895714e+00 1.698571e+00 1.571429e+00 6.128571e-01 1.871429e-01 3.428571e-02
33129: 1.895863e+00 1.697575e+00 1.570613e+00 6.148359e-01 1.868759e-01 3.423680e-02
33129: 1.896011e+00 1.698006e+00 1.569801e+00 6.153846e-01 1.866097e-01 3.418803e-02
33129: 1.896159e+00 1.697013e+00 1.570413e+00 6.145092e-01 1.877667e-01 3.413940e-02
33129: 1.897727e+00 1.697443e+00 1.568182e+00 6.150568e-01 1.875000e-01 3.409091e-02
33129: 1.897872e+00 1.696454e+00 1.570213e+00 6.141844e-01 1.872340e-01 3.404255e-02
33129: 1.898017e+00 1.696884e+00 1.567989e+00 6.161473e-01 1.869688e-01 3.399433e-02
33129: 1.898161e+00 1.697313e+00 1.568600e+00 6.152758e-01 1.867044e-01 3.394625e-02
33129: 1.896893e+00 1.699153e+00 1.567797e+00 6.158192e-01 1.864407e-01 3.389831e-02
33129: 1.897038e+00 1.700987e+00 1.566996e+00 6.149506e-01 1.861777e-01 3.385049e-02
33129: 1.897183e+00 1.698592e+00 1.570423e+00 6.140845e-01 1.859155e-01 3.380282e-02
33129: 1.897328e+00 1.700422e+00 1.568214e+00 6.146273e-01 1.856540e-01 3.375527e-02
33129: 1.896067e+00 1.700843e+00 1.570225e+00 6.137640e-01 1.853933e-01 3.370787e-02
33129: 1.896213e+00 1.699860e+00 1.570827e+00 6.143058e-01 1.851332e-01 3.366059e-02
33129: 1.896359e+00 1.700280e+00 1.568627e+00 6.162465e-01 1.848739e-01 3.361345e-02
33129: 1.895105e+00 1.700699e+00 1.570629e+00 6.153846e-01 1.846154e-01 3.356643e-02
33129: 1.893855e+00 1.701117e+00 1.569832e+00 6.173184e-01 1.843575e-01 3.351955e-02
33129: 1.894003e+00 1.700139e+00 1.569038e+00 6.192469e-01 1.841004e-01 3.347280e-02
33129: 1.892758e+00 1.700557e+00 1.568245e+00 6.197772e-01 1.852368e-01 3.342618e-02
33129: 1.892907e+00 1.699583e+00 1.568846e+00 6.203060e-01 1.849791e-01 3.337969e-02
33129: 1.891667e+00 1.700000e+00 1.569444e+00 6.194444e-01 1.861111e-01 3.333333e-02
33129: 1.894591e+00 1.699029e+00 1.568655e+00 6.185853e-01 1.858530e-01 3.328710e-02
33129: 1.894737e+00 1.700831e+00 1.567867e+00 6.177285e-01 1.855956e-01 3.324100e-02
33129: 1.893499e+00 1.699862e+00 1.571231e+00 6.168741e-01 1.853389e-01 3.319502e-02
33129: 1.893646e+00 1.700276e+00 1.570442e+00 6.174033e-01 1.850829e-01 3.314917e-02
33129: 1.893793e+00 1.699310e+00 1.569655e+00 6.179310e-01 1.862069e-01 3.310345e-02
33129: 1.892562e+00 1.701102e+00 1.570248e+00 6.170799e-01 1.859504e-01 3.305785e-02
33129: 1.891334e+00 1.701513e+00 1.569464e+00 6.176066e-01 1.856946e-01 3.438790e-02
33129: 1.892857e+00 1.700549e+00 1.568681e+00 6.167582e-01 1.868132e-01 3.434066e-02
33129: 1.891632e+00 1.700960e+00 1.569273e+00 6.172840e-01 1.865569e-01 3.429355e-02
33129: 1.890411e+00 1.701370e+00 1.571233e+00 6.164384e-01 1.863014e-01 3.424658e-02
33129: 1.889193e+00 1.700410e+00 1.570451e+00 6.183311e-01 1.874145e-01 3.419973e-02
33129: 1.890710e+00 1.700820e+00 1.568306e+00 6.188525e-01 1.871585e-01 3.415301e-02
33129: 1.889495e+00 1.701228e+00 1.570259e+00 6.180082e-01 1.869031e-01 3.410641e-02
33129: 1.888283e+00 1.701635e+00 1.569482e+00 6.185286e-01 1.880109e-01 3.405995e-02
33129: 1.888435e+00 1.700680e+00 1.571429e+00 6.176871e-01 1.877551e-01 3.401361e-02
33129: 1.888587e+00 1.702446e+00 1.569293e+00 6.182065e-01 1.875000e-01 3.396739e-02
33129: 1.888738e+00 1.702849e+00 1.569878e+00 6.173677e-01 1.872456e-01 3.392130e-02
33129: 1.888889e+00 1.703252e+00 1.569106e+00 6.178862e-01 1.869919e-01 3.387534e-02
33129: 1.889039e+00 1.702300e+00 1.569689e+00 6.184032e-01 1.867388e-01 3.382950e-02
33129: 1.887838e+00 1.704054e+00 1.568919e+00 6.189189e-01 1.864865e-01 3.378378e-02
33129: 1.887989e+00 1.704453e+00 1.568151e+00 6.194332e-01 1.862348e-01 3.373819e-02
33129: 1.886792e+00 1.706199e+00 1.568733e+00 6.185984e-01 1.859838e-01 3.369272e-02
33129: 1.888291e+00 1.706595e+00 1.567968e+00 6.177658e-01 1.857335e-01 3.364738e-02
33129: 1.887097e+00 1.705645e+00 1.571237e+00 6.169355e-01 1.854839e-01 3.360215e-02
33129: 1.887248e+00 1.704698e+00 1.570470e+00 6.174497e-01 1.865772e-01 3.355705e-02
33129: 1.887399e+00 1.705094e+00 1.568365e+00 6.179625e-01 1.876676e-01 3.351206e-02
33129: 1.887550e+00 1.704150e+00 1.568942e+00 6.184739e-01 1.874163e-01 3.346720e-02
33129: 1.887701e+00 1.704545e+00 1.569519e+00 6.176471e-01 1.871658e-01 3.342246e-02
33129: 1.887850e+00 1.703605e+00 1.568758e+00 6.194927e-01 1.869159e-01 3.337784e-02
33129: 1.886667e+00 1.705333e+00 1.568000e+00 6.200000e-01 1.866667e-01 3.333333e-02
33129: 1.886818e+00 1.704394e+00 1.569907e+00 6.191744e-01 1.864181e-01 3.328895e-02
33129: 1.885638e+00 1.704787e+00 1.571809e+00 6.183511e-01 1.861702e-01 3.324468e-02
33129: 1.885790e+00 1.703851e+00 1.571049e+00 6.201859e-01 1.859230e-01 3.320053e-02
33129: 1.884615e+00 1.705570e+00 1.570292e+00 6.206897e-01 1.856764e-01 3.315650e-02
33129: 1.884768e+00 1.705960e+00 1.568212e+00 6.211921e-01 1.867550e-01 3.311258e-02
33129: 1.884921e+00 1.705026e+00 1.570106e+00 6.203704e-01 1.865079e-01 3.306878e-02
33129: 1.885073e+00 1.705416e+00 1.568032e+00 6.208719e-01 1.862616e-01 3.434610e-02
33129: 1.885224e+00 1.705805e+00 1.568602e+00 6.200528e-01 1.860158e-01 3.430079e-02
33129: 1.885375e+00 1.704875e+00 1.569170e+00 6.205534e-01 1.857708e-01 3.425560e-02
33129: 1.884211e+00 1.705263e+00 1.569737e+00 6.210526e-01 1.855263e-01 3.421053e-02
33129: 1.884363e+00 1.705650e+00 1.570302e+00 6.202365e-01 1.852825e-01 3.416557e-02
33129: 1.883202e+00 1.704724e+00 1.569554e+00 6.233596e-01 1.850394e-01 3.412073e-02
33129: 1.884666e+00 1.703801e+00 1.568807e+00 6.238532e-01 1.847969e-01 3.407602e-02
33129: 1.883508e+00 1.706806e+00 1.568063e+00 6.230366e-01 1.845550e-01 3.403141e-02
33129: 1.884967e+00 1.707190e+00 1.567320e+00 6.222222e-01 1.843137e-01 3.398693e-02
33129: 1.883812e+00 1.706266e+00 1.569191e+00 6.214099e-01 1.853786e-01 3.394256e-02
33129: 1.882660e+00 1.705346e+00 1.571056e+00 6.219035e-01 1.851369e-01 3.389831e-02
33129: 1.882812e+00 1.704427e+00 1.571615e+00 6.223958e-01 1.848958e-01 3.385417e-02
33129: 1.881664e+00 1.706112e+00 1.569571e+00 6.241873e-01 1.846554e-01 3.381014e-02
33129: 1.883117e+00 1.706494e+00 1.568831e+00 6.233766e-01 1.844156e-01 3.376623e-02
33129: 1.883268e+00 1.705577e+00 1.569390e+00 6.238651e-01 1.841764e-01 3.372244e-02
33129: 1.882124e+00 1.705959e+00 1.571244e+00 6.230570e-01 1.839378e-01 3.367876e-02
33129: 1.882277e+00 1.706339e+00 1.570505e+00 6.235446e-01 1.836999e-01 3.363519e-02
33129: 1.881137e+00 1.708010e+00 1.569767e+00 6.240310e-01 1.834625e-01 3.359173e-02
33129: 1.881290e+00 1.708387e+00 1.569032e+00 6.232258e-01 1.845161e-01 3.354839e-02
33129: 1.880155e+00 1.707474e+00 1.570876e+00 6.237113e-01 1.842784e-01 3.350515e-02
33129: 1.880309e+00 1.707851e+00 1.568855e+00 6.254826e-01 1.840412e-01 3.346203e-02
33129: 1.879177e+00 1.708226e+00 1.570694e+00 6.246787e-01 1.838046e-01 3.341902e-02
33129: 1.879332e+00 1.707317e+00 1.568678e+00 6.277279e-01 1.835687e-01 3.337612e-02
33129: 1.880769e+00 1.707692e+00 1.567949e+00 6.269231e-01 1.833333e-01 3.333333e-02
33129: 1.879641e+00 1.709347e+00 1.568502e+00 6.261204e-01 1.830986e-01 3.329065e-02
33129: 1.879795e+00 1.709719e+00 1.569054e+00 6.253197e-01 1.828645e-01 3.324808e-02
33129: 1.879949e+00 1.708812e+00 1.568327e+00 6.257982e-01 1.839080e-01 3.320562e-02
33129: 1.880102e+00 1.709184e+00 1.568878e+00 6.250000e-01 1.836735e-01 3.316327e-02
33129: 1.878981e+00 1.708280e+00 1.570701e+00 6.254777e-01 1.834395e-01 3.312102e-02
33129: 1.879135e+00 1.707379e+00 1.569975e+00 6.259542e-01 1.844784e-01 3.307888e-02
33129: 1.878018e+00 1.709022e+00 1.570521e+00 6.251588e-01 1.842440e-01 3.303685e-02
33129: 1.878173e+00 1.710660e+00 1.568528e+00 6.256345e-01 1.840102e-01 3.299492e-02
33129: 1.877060e+00 1.709759e+00 1.570342e+00 6.261090e-01 1.837769e-01 3.295311e-02
33129: 1.878481e+00 1.708861e+00 1.568354e+00 6.265823e-01 1.848101e-01 3.291139e-02
33129: 1.878635e+00 1.709229e+00 1.567636e+00 6.257901e-01 1.858407e-01 3.286979e-02
33129: 1.877525e+00 1.708333e+00 1.570707e+00 6.250000e-01 1.856061e-01 3.282828e-02
33129: 1.877680e+00 1.709962e+00 1.568726e+00 6.254729e-01 1.853720e-01 3.278689e-02
33129: 1.877834e+00 1.710327e+00 1.569270e+00 6.246851e-01 1.851385e-01 3.274559e-02
33129: 1.876730e+00 1.710692e+00 1.569811e+00 6.251572e-01 1.849057e-01 3.270440e-02
33129: 1.878141e+00 1.709799e+00 1.569095e+00 6.256281e-01 1.846734e-01 3.266332e-02
33129: 1.878294e+00 1.710163e+00 1.569636e+00 6.248432e-01 1.844417e-01 3.262233e-02
33129: 1.878446e+00 1.709273e+00 1.568922e+00 6.265664e-01 1.842105e-01 3.258145e-02
33129: 1.879850e+00 1.709637e+00 1.568210e+00 6.257822e-01 1.839800e-01 3.254068e-02
33129: 1.878750e+00 1.710000e+00 1.570000e+00 6.250000e-01 1.837500e-01 3.250000e-02
33129: 1.878901e+00 1.709114e+00 1.569288e+00 6.267166e-01 1.835206e-01 3.245943e-02
33129: 1.879052e+00 1.709476e+00 1.568579e+00 6.259352e-01 1.845387e-01 3.241895e-02
33129: 1.879203e+00 1.708593e+00 1.569116e+00 6.251557e-01 1.855542e-01 3.237858e-02
33129: 1.880597e+00 1.708955e+00 1.568408e+00 6.243781e-01 1.853234e-01 3.233831e-02
33129: 1.881988e+00 1.706832e+00 1.570186e+00 6.236025e-01 1.850932e-01 3.229814e-02
33129: 1.880893e+00 1.709677e+00 1.568238e+00 6.240695e-01 1.848635e-01 3.225806e-02
33129: 1.881041e+00 1.708798e+00 1.568773e+00 6.232962e-01 1.858736e-01 3.221809e-02
33129: 1.879950e+00 1.711634e+00 1.568069e+00 6.225248e-01 1.856436e-01 3.217822e-02
33129: 1.882571e+00 1.710754e+00 1.567367e+00 6.217553e-01 1.854141e-01 3.213844e-02
33129: 1.881481e+00 1.712346e+00 1.567901e+00 6.209877e-01 1.851852e-01 3.209877e-02
33129: 1.882861e+00 1.711467e+00 1.568434e+00 6.202219e-01 1.849568e-01 3.205919e-02
33129: 1.881773e+00 1.713054e+00 1.567734e+00 6.194581e-01 1.859606e-01 3.201970e-02
33129: 1.881919e+00 1.714637e+00 1.567036e+00 6.186962e-01 1.857319e-01 3.198032e-02
33129: 1.880835e+00 1.714988e+00 1.567568e+00 6.191646e-01 1.855037e-01 3.194103e-02
33129: 1.882209e+00 1.712883e+00 1.569325e+00 6.184049e-01 1.852761e-01 3.190184e-02
33129: 1.881127e+00 1.713235e+00 1.569853e+00 6.188725e-01 1.850490e-01 3.186275e-02
33129: 1.880049e+00 1.713586e+00 1.570379e+00 6.193390e-01 1.848225e-01 3.182375e-02
33129: 1.880196e+00 1.715159e+00 1.568460e+00 6.198044e-01 1.845966e-01 3.178484e-02
33129: 1.879121e+00 1.715507e+00 1.568987e+00 6.202686e-01 1.843712e-01 3.174603e-02
33129: 1.878049e+00 1.715854e+00 1.570732e+00 6.195122e-01 1.841463e-01 3.170732e-02
33129: 1.878197e+00 1.714982e+00 1.568819e+00 6.224117e-01 1.839220e-01 3.166870e-02
33129: 1.877129e+00 1.716545e+00 1.569343e+00 6.216545e-01 1.836983e-01 3.163017e-02
33129: 1.878493e+00 1.716889e+00 1.568651e+00 6.208991e-01 1.834751e-01 3.159174e-02
33129: 1.878641e+00 1.717233e+00 1.569175e+00 6.201456e-01 1.832524e-01 3.155340e-02
33129: 1.878788e+00 1.717576e+00 1.568485e+00 6.206061e-01 1.830303e-01 3.151515e-02
33129: 1.877724e+00 1.717918e+00 1.569007e+00 6.210654e-01 1.828087e-01 3.147700e-02
33129: 1.880290e+00 1.717050e+00 1.568319e+00 6.203144e-01 1.825877e-01 3.143894e-02
33129: 1.879227e+00 1.717391e+00 1.568841e+00 6.195652e-01 1.835749e-01 3.140097e-02
33129: 1.880579e+00 1.717732e+00 1.568154e+00 6.188179e-01 1.833534e-01 3.136309e-02
33129: 1.880723e+00 1.718072e+00 1.568675e+00 6.180723e-01 1.831325e-01 3.132530e-02
33129: 1.880866e+00 1.717208e+00 1.567990e+00 6.197353e-01 1.829122e-01 3.128761e-02
33129: 1.881010e+00 1.718750e+00 1.567308e+00 6.189904e-01 1.826923e-01 3.125000e-02
33129: 1.881152e+00 1.719088e+00 1.567827e+00 6.182473e-01 1.824730e-01 3.121248e-02
33129: 1.880096e+00 1.719424e+00 1.567146e+00 6.199041e-01 1.822542e-01 3.117506e-02
33129: 1.881437e+00 1.718563e+00 1.567665e+00 6.191617e-01 1.820359e-01 3.113772e-02
33129: 1.880383e+00 1.720096e+00 1.566986e+00 6.184211e-01 1.830144e-01 3.110048e-02
33129: 1.880526e+00 1.719235e+00 1.568698e+00 6.176822e-01 1.827957e-01 3.106332e-02
33129: 1.879475e+00 1.719570e+00 1.569212e+00 6.169451e-01 1.837709e-01 3.102625e-02
33129: 1.879619e+00 1.719905e+00 1.568534e+00 6.174017e-01 1.835518e-01 3.098927e-02
33129: 1.879762e+00 1.719048e+00 1.570238e+00 6.166667e-01 1.833333e-01 3.095238e-02
33129: 1.878716e+00 1.720571e+00 1.569560e+00 6.171225e-01 1.831153e-01 3.091558e-02
33129: 1.880048e+00 1.720903e+00 1.568884e+00 6.163895e-01 1.828979e-01 3.087886e-02
33129: 1.879004e+00 1.721234e+00 1.570581e+00 6.156584e-01 1.826809e-01 3.084223e-02
33129: 1.880332e+00 1.719194e+00 1.571090e+00 6.161137e-01 1.824645e-01 3.080569e-02
33129: 1.879290e+00 1.721893e+00 1.569231e+00 6.165680e-01 1.822485e-01 3.076923e-02
33129: 1.879433e+00 1.722222e+00 1.568558e+00 6.170213e-01 1.820331e-01 3.073286e-02
33129: 1.879575e+00 1.722550e+00 1.569067e+00 6.162928e-01 1.818182e-01 3.069658e-02
33129: 1.878538e+00 1.722877e+00 1.569575e+00 6.167453e-01 1.816038e-01 3.066038e-02
33129: 1.879859e+00 1.723204e+00 1.568905e+00 6.160188e-01 1.813899e-01 3.062426e-02
33129: 1.878824e+00 1.722353e+00 1.569412e+00 6.176471e-01 1.811765e-01 3.058824e-02
33129: 1.878966e+00 1.723854e+00 1.568743e+00 6.169213e-01 1.809636e-01 3.055229e-02
33129: 1.877934e+00 1.723005e+00 1.569249e+00 6.161972e-01 1.819249e-01 3.169014e-02
33129: 1.878077e+00 1.723329e+00 1.569754e+00 6.154748e-01 1.817116e-01 3.165299e-02
33129: 1.877049e+00 1.724824e+00 1.569087e+00 6.159251e-01 1.814988e-01 3.161593e-02
33129: 1.877193e+00 1.725146e+00 1.569591e+00 6.152047e-01 1.812865e-01 3.157895e-02
33129: 1.877336e+00 1.724299e+00 1.570093e+00 6.156542e-01 1.810748e-01 3.154206e-02
33129: 1.877480e+00 1.724621e+00 1.568261e+00 6.172695e-01 1.808635e-01 3.150525e-02
33129: 1.876457e+00 1.726107e+00 1.568765e+00 6.165501e-01 1.806527e-01 3.146853e-02
33129: 1.877765e+00 1.726426e+00 1.568102e+00 6.158324e-01 1.804424e-01 3.143190e-02
33129: 1.877907e+00 1.725581e+00 1.569767e+00 6.151163e-01 1.802326e-01 3.139535e-02
33129: 1.876887e+00 1.725900e+00 1.569106e+00 6.155633e-01 1.811847e-01 3.135889e-02
33129: 1.877030e+00 1.726218e+00 1.568445e+00 6.160093e-01 1.809745e-01 3.132251e-02
33129: 1.878331e+00 1.725377e+00 1.568946e+00 6.152955e-01 1.807648e-01 3.128621e-02
33129: 1.877315e+00 1.725694e+00 1.570602e+00 6.145833e-01 1.805556e-01 3.125000e-02
33129: 1.876301e+00 1.726012e+00 1.569942e+00 6.161850e-01 1.803468e-01 3.121387e-02
33129: 1.876443e+00 1.725173e+00 1.571594e+00 6.154734e-01 1.801386e-01 3.117783e-02
33129: 1.875433e+00 1.725490e+00 1.570934e+00 6.170704e-01 1.799308e-01 3.114187e-02
33129: 1.875576e+00 1.724654e+00 1.571429e+00 6.175115e-01 1.797235e-01 3.110599e-02
33129: 1.874568e+00 1.727273e+00 1.569620e+00 6.179517e-01 1.795167e-01 3.107020e-02
33129: 1.875862e+00 1.726437e+00 1.570115e+00 6.172414e-01 1.793103e-01 3.103448e-02
33129: 1.874856e+00 1.725603e+00 1.570608e+00 6.188289e-01 1.791045e-01 3.099885e-02
33129: 1.873853e+00 1.724771e+00 1.572248e+00 6.192661e-01 1.788991e-01 3.096330e-02
33129: 1.872852e+00 1.725086e+00 1.571592e+00 6.197022e-01 1.798396e-01 3.092784e-02
33129: 1.872998e+00 1.724256e+00 1.570938e+00 6.212815e-01 1.796339e-01 3.089245e-02
33129: 1.872000e+00 1.725714e+00 1.570286e+00 6.217143e-01 1.794286e-01 3.085714e-02
33129: 1.872146e+00 1.723744e+00 1.570776e+00 6.232877e-01 1.792237e-01 3.082192e-02
33129: 1.871152e+00 1.725200e+00 1.570125e+00 6.237172e-01 1.790194e-01 3.078677e-02
33129: 1.870159e+00 1.724374e+00 1.569476e+00 6.241458e-01 1.810934e-01 3.075171e-02
33129: 1.870307e+00 1.724687e+00 1.568828e+00 6.234357e-01 1.820250e-01 3.071672e-02
33129: 1.869318e+00 1.723864e+00 1.570455e+00 6.238636e-01 1.818182e-01 3.068182e-02
33129: 1.869467e+00 1.724177e+00 1.569807e+00 6.242906e-01 1.816118e-01 3.064699e-02
33129: 1.870748e+00 1.723356e+00 1.570295e+00 6.235828e-01 1.814059e-01 3.061224e-02
33129: 1.869762e+00 1.725934e+00 1.568516e+00 6.240091e-01 1.812005e-01 3.057758e-02
33129: 1.871041e+00 1.725113e+00 1.567873e+00 6.244344e-01 1.809955e-01 3.054299e-02
33129: 1.870056e+00 1.726554e+00 1.568362e+00 6.237288e-01 1.807910e-01 3.050847e-02
33129: 1.870203e+00 1.725734e+00 1.569977e+00 6.230248e-01 1.805869e-01 3.047404e-02
33129: 1.869222e+00 1.726043e+00 1.569335e+00 6.234498e-01 1.815107e-01 3.043968e-02
33129: 1.870495e+00 1.725225e+00 1.569820e+00 6.227477e-01 1.813063e-01 3.040541e-02
33129: 1.869516e+00 1.726659e+00 1.570304e+00 6.220472e-01 1.811024e-01 3.037120e-02
33129: 1.868539e+00 1.728090e+00 1.569663e+00 6.224719e-01 1.808989e-01 3.033708e-02
33129: 1.868687e+00 1.728395e+00 1.570146e+00 6.217733e-01 1.806958e-01 3.030303e-02
33129: 1.867713e+00 1.728700e+00 1.569507e+00 6.233184e-01 1.804933e-01 3.026906e-02
33129: 1.866741e+00 1.730123e+00 1.568869e+00 6.237402e-01 1.802912e-01 3.023516e-02
33129: 1.868009e+00 1.729306e+00 1.569351e+00 6.230425e-01 1.800895e-01 3.020134e-02
33129: 1.868156e+00 1.729609e+00 1.568715e+00 6.234637e-01 1.798883e-01 3.016760e-02
33129: 1.867188e+00 1.731027e+00 1.569196e+00 6.227679e-01 1.796875e-01 3.013393e-02
33129: 1.867336e+00 1.731327e+00 1.569677e+00 6.220736e-01 1.794872e-01 3.010033e-02
33129: 1.866370e+00 1.730512e+00 1.571269e+00 6.224944e-01 1.792873e-01 3.006682e-02
33129: 1.867631e+00 1.730812e+00 1.569522e+00 6.229143e-01 1.790879e-01 3.003337e-02
33129: 1.866667e+00 1.730000e+00 1.572222e+00 6.222222e-01 1.788889e-01 3.000000e-02
33129: 1.866815e+00 1.729190e+00 1.571587e+00 6.237514e-01 1.786903e-01 2.996670e-02
33129: 1.865854e+00 1.730599e+00 1.570953e+00 6.241685e-01 1.784922e-01 2.993348e-02
33129: 1.866002e+00 1.730897e+00 1.569214e+00 6.256921e-01 1.782946e-01 2.990033e-02
33129: 1.865044e+00 1.728982e+00 1.571903e+00 6.261062e-01 1.780973e-01 2.986726e-02
33129: 1.866298e+00 1.727072e+00 1.571271e+00 6.276243e-01 1.779006e-01 2.983425e-02
33129: 1.866446e+00 1.728477e+00 1.569536e+00 6.280353e-01 1.777042e-01 2.980132e-02
33129: 1.865491e+00 1.728776e+00 1.571114e+00 6.273429e-01 1.775083e-01 2.976847e-02
33129: 1.864537e+00 1.730176e+00 1.570485e+00 6.277533e-01 1.773128e-01 2.973568e-02
33129: 1.863586e+00 1.731573e+00 1.568757e+00 6.292629e-01 1.771177e-01 2.970297e-02
33129: 1.863736e+00 1.731868e+00 1.568132e+00 6.285714e-01 1.780220e-01 2.967033e-02
33129: 1.863886e+00 1.731065e+00 1.569704e+00 6.278814e-01 1.778266e-01 2.963776e-02
33129: 1.862939e+00 1.732456e+00 1.570175e+00 6.271930e-01 1.776316e-01 2.960526e-02
33129: 1.864184e+00 1.732749e+00 1.568456e+00 6.276013e-01 1.774370e-01 2.957284e-02
33129: 1.863239e+00 1.733042e+00 1.568928e+00 6.280088e-01 1.772429e-01 2.954048e-02
33129: 1.863388e+00 1.732240e+00 1.569399e+00 6.284153e-01 1.770492e-01 2.950820e-02
33129: 1.863537e+00 1.732533e+00 1.568777e+00 6.288210e-01 1.768559e-01 2.947598e-02
33129: 1.862595e+00 1.731734e+00 1.571429e+00 6.281352e-01 1.766630e-01 2.944384e-02
33129: 1.862745e+00 1.730937e+00 1.571895e+00 6.285403e-01 1.764706e-01 2.941176e-02
33129: 1.861806e+00 1.731230e+00 1.570185e+00 6.289445e-01 1.784548e-01 2.937976e-02
33129: 1.861957e+00 1.731522e+00 1.568478e+00 6.304348e-01 1.782609e-01 2.934783e-02
33129: 1.861021e+00 1.730727e+00 1.570033e+00 6.308360e-01 1.780673e-01 2.931596e-02
33129: 1.862256e+00 1.731020e+00 1.568330e+00 6.312364e-01 1.778742e-01 2.928416e-02
33129: 1.861322e+00 1.730228e+00 1.569881e+00 6.305525e-01 1.787649e-01 2.925244e-02
33129: 1.860390e+00 1.729437e+00 1.571429e+00 6.309524e-01 1.785714e-01 2.922078e-02
33129: 1.861622e+00 1.728649e+00 1.569730e+00 6.313514e-01 1.794595e-01 2.918919e-02
33129: 1.862851e+00 1.727862e+00 1.570194e+00 6.306695e-01 1.792657e-01 2.915767e-02
33129: 1.862999e+00 1.728155e+00 1.569579e+00 6.310680e-01 1.790723e-01 2.912621e-02
33129: 1.862069e+00 1.728448e+00 1.571121e+00 6.303879e-01 1.788793e-01 2.909483e-02
33129: 1.862217e+00 1.727664e+00 1.571582e+00 6.307858e-01 1.786868e-01 2.906351e-02
33129: 1.862366e+00 1.727957e+00 1.569892e+00 6.311828e-01 1.795699e-01 2.903226e-02
33129: 1.861439e+00 1.727175e+00 1.571429e+00 6.315789e-01 1.793770e-01 2.900107e-02
33129: 1.861588e+00 1.727468e+00 1.569742e+00 6.330472e-01 1.791845e-01 2.896996e-02
33129: 1.860665e+00 1.725616e+00 1.572347e+00 6.334405e-01 1.789925e-01 2.893891e-02
33129: 1.860814e+00 1.724839e+00 1.572805e+00 6.338330e-01 1.788009e-01 2.890792e-02
33129: 1.859893e+00 1.725134e+00 1.571123e+00 6.363636e-01 1.786096e-01 2.887701e-02
33129: 1.860043e+00 1.726496e+00 1.569444e+00 6.367521e-01 1.784188e-01 2.884615e-02
33129: 1.860192e+00 1.725720e+00 1.570971e+00 6.360726e-01 1.782284e-01 2.881537e-02
33129: 1.860341e+00 1.726013e+00 1.569296e+00 6.375267e-01 1.780384e-01 2.878465e-02
33129: 1.859425e+00 1.725240e+00 1.569755e+00 6.368477e-01 1.799787e-01 2.875399e-02
33129: 1.861702e+00 1.724468e+00 1.569149e+00 6.361702e-01 1.797872e-01 2.872340e-02
33129: 1.860786e+00 1.724761e+00 1.569607e+00 6.365569e-01 1.795962e-01 2.869288e-02
33129: 1.859873e+00 1.726115e+00 1.570064e+00 6.358811e-01 1.794055e-01 2.866242e-02
33129: 1.861082e+00 1.726405e+00 1.568399e+00 6.362672e-01 1.792153e-01 2.863203e-02
33129: 1.860169e+00 1.726695e+00 1.568856e+00 6.366525e-01 1.790254e-01 2.860169e-02
33129: 1.860317e+00 1.726984e+00 1.569312e+00 6.359788e-01 1.788360e-01 2.857143e-02
33129: 1.860465e+00 1.727273e+00 1.568710e+00 6.363636e-01 1.786469e-01 2.854123e-02
33129: 1.859556e+00 1.726505e+00 1.569166e+00 6.378036e-01 1.784583e-01 2.851109e-02
33129: 1.860759e+00 1.725738e+00 1.569620e+00 6.371308e-01 1.782700e-01 2.848101e-02
33129: 1.859852e+00 1.726027e+00 1.571128e+00 6.364594e-01 1.780822e-01 2.845100e-02
33129: 1.858947e+00 1.725263e+00 1.571579e+00 6.378947e-01 1.778947e-01 2.842105e-02
33129: 1.859096e+00 1.724501e+00 1.570978e+00 6.393270e-01 1.777077e-01 2.839117e-02
33129: 1.859244e+00 1.724790e+00 1.569328e+00 6.397059e-01 1.785714e-01 2.836134e-02
33129: 1.859391e+00 1.722980e+00 1.570829e+00 6.400839e-01 1.783841e-01 2.833158e-02
33129: 1.860587e+00 1.723270e+00 1.569182e+00 6.404612e-01 1.781971e-01 2.830189e-02
33129: 1.859686e+00 1.722513e+00 1.571728e+00 6.397906e-01 1.780105e-01 2.827225e-02
33129: 1.858787e+00 1.721757e+00 1.572176e+00 6.401674e-01 1.788703e-01 2.824268e-02
33129: 1.859979e+00 1.721003e+00 1.571578e+00 6.405434e-01 1.786834e-01 2.821317e-02
33129: 1.859081e+00 1.721294e+00 1.570981e+00 6.409186e-01 1.795407e-01 2.818372e-02
33129: 1.858186e+00 1.722628e+00 1.569343e+00 6.412930e-01 1.803962e-01 2.815433e-02
33129: 1.859375e+00 1.721875e+00 1.569792e+00 6.406250e-01 1.802083e-01 2.812500e-02
33129: 1.859521e+00 1.723205e+00 1.569199e+00 6.399584e-01 1.800208e-01 2.809573e-02
33129: 1.859667e+00 1.722453e+00 1.569647e+00 6.392931e-01 1.808732e-01 2.806653e-02
33129: 1.860852e+00 1.722741e+00 1.569055e+00 6.386293e-01 1.806854e-01 2.803738e-02
33129: 1.860996e+00 1.721992e+00 1.570539e+00 6.379668e-01 1.804979e-01 2.800830e-02
33129: 1.860104e+00 1.723316e+00 1.569948e+00 6.383420e-01 1.803109e-01 2.797927e-02
33129: 1.860248e+00 1.723602e+00 1.569358e+00 6.387164e-01 1.801242e-01 2.795031e-02
33129: 1.860393e+00 1.722854e+00 1.570838e+00 6.380558e-01 1.799380e-01 2.792141e-02
33129: 1.859504e+00 1.723140e+00 1.571281e+00 6.384298e-01 1.797521e-01 2.789256e-02
33129: 1.859649e+00 1.722394e+00 1.571723e+00 6.388029e-01 1.795666e-01 2.786378e-02
33129: 1.859794e+00 1.723711e+00 1.570103e+00 6.391753e-01 1.793814e-01 2.783505e-02
33129: 1.859938e+00 1.722966e+00 1.570546e+00 6.395469e-01 1.791967e-01 2.780639e-02
33129: 1.860082e+00 1.723251e+00 1.569959e+00 6.399177e-01 1.790123e-01 2.777778e-02
33129: 1.860226e+00 1.723535e+00 1.570401e+00 6.392600e-01 1.788284e-01 2.774923e-02
33129: 1.859343e+00 1.724846e+00 1.568789e+00 6.406571e-01 1.786448e-01 2.772074e-02
33129: 1.858462e+00 1.725128e+00 1.568205e+00 6.410256e-01 1.794872e-01 2.769231e-02
33129: 1.859631e+00 1.724385e+00 1.567623e+00 6.403689e-01 1.803279e-01 2.766393e-02
33129: 1.858751e+00 1.723644e+00 1.568066e+00 6.407369e-01 1.801433e-01 2.865916e-02
33129: 1.860941e+00 1.722904e+00 1.567485e+00 6.400818e-01 1.799591e-01 2.862986e-02
33129: 1.860061e+00 1.725230e+00 1.566905e+00 6.394280e-01 1.797753e-01 2.860061e-02
33129: 1.861224e+00 1.725510e+00 1.566327e+00 6.387755e-01 1.795918e-01 2.857143e-02
33129: 1.860347e+00 1.725790e+00 1.567788e+00 6.381244e-01 1.794088e-01 2.854230e-02
33129: 1.861507e+00 1.725051e+00 1.568228e+00 6.374745e-01 1.792261e-01 2.851324e-02
33129: 1.860631e+00 1.726348e+00 1.568667e+00 6.368260e-01 1.790437e-01 2.848423e-02
33129: 1.861789e+00 1.724593e+00 1.569106e+00 6.371951e-01 1.788618e-01 2.845528e-02
33129: 1.860914e+00 1.725888e+00 1.568528e+00 6.375635e-01 1.786802e-01 2.842640e-02
33129: 1.862069e+00 1.725152e+00 1.567951e+00 6.369168e-01 1.795132e-01 2.839757e-02
33129: 1.861196e+00 1.726444e+00 1.568389e+00 6.362715e-01 1.793313e-01 2.836879e-02
33129: 1.860324e+00 1.727733e+00 1.568826e+00 6.356275e-01 1.791498e-01 2.834008e-02
33129: 1.861476e+00 1.728008e+00 1.568251e+00 6.349848e-01 1.789687e-01 2.831143e-02
33129: 1.861616e+00 1.727273e+00 1.569697e+00 6.343434e-01 1.787879e-01 2.828283e-02
33129: 1.860747e+00 1.727548e+00 1.570131e+00 6.347124e-01 1.786075e-01 2.825429e-02
33129: 1.859879e+00 1.726815e+00 1.571573e+00 6.350806e-01 1.784274e-01 2.822581e-02
33129: 1.859013e+00 1.727090e+00 1.572004e+00 6.354481e-01 1.782477e-01 2.819738e-02
33129: 1.858149e+00 1.726358e+00 1.571429e+00 6.368209e-01 1.790744e-01 2.816901e-02
33129: 1.858291e+00 1.725628e+00 1.570854e+00 6.371859e-01 1.798995e-01 2.814070e-02
33129: 1.859438e+00 1.725904e+00 1.569277e+00 6.375502e-01 1.797189e-01 2.811245e-02
33129: 1.858576e+00 1.725176e+00 1.570712e+00 6.379137e-01 1.795386e-01 2.808425e-02
33129: 1.858717e+00 1.725451e+00 1.570140e+00 6.382766e-01 1.793587e-01 2.805611e-02
33129: 1.857858e+00 1.724725e+00 1.570571e+00 6.396396e-01 1.791792e-01 2.802803e-02
33129: Done!
Traceback (most recent call last):
  File "/lowest-unique-number/tournament0/elexunix.py", line 25, in <module>
    input()
EOFError: EOF when reading a line
