Forked 32757
Starting to reopen 0 and 1
Calling execv `tournament0/alex_dany` (pid 32757)
32757: Started!
32757: Number of players: 6, position: 0, number of turns: 1000
32757: Random seed: 1095813235
Strategy 0: first ans is 0
Forked 32758
Starting to reopen 0 and 1
Calling execv `tournament0/the_best_strategy.py` (pid 32758)
Strategy 1: first ans is 0
Forked 32759
Starting to reopen 0 and 1
Calling execv `tournament0/lounres.py` (pid 32759)
Strategy 2: first ans is 1
Forked 32760
Starting to reopen 0 and 1
Calling execv `tournament0/elexunix.py` (pid 32760)
Strategy 3: first ans is 2
Forked 32784
Starting to reopen 0 and 1
Calling execv `tournament0/pzakorko.py` (pid 32784)
Strategy 4: first ans is 0
Forked 32785
Starting to reopen 0 and 1
Calling execv `tournament0/fedro.py` (pid 32785)
Strategy 5: first ans is 0
32757: 4.000000e+00 1.000000e+00 1.000000e+00 0.000000e+00 0.000000e+00 0.000000e+00
32757: 3.500000e+00 1.500000e+00 5.000000e-01 0.000000e+00 5.000000e-01 0.000000e+00
32757: 3.333333e+00 1.666667e+00 6.666667e-01 0.000000e+00 3.333333e-01 0.000000e+00
32757: 3.250000e+00 1.500000e+00 1.000000e+00 0.000000e+00 2.500000e-01 0.000000e+00
32757: 3.000000e+00 1.600000e+00 8.000000e-01 4.000000e-01 2.000000e-01 0.000000e+00
32757: 2.833333e+00 1.500000e+00 1.000000e+00 5.000000e-01 1.666667e-01 0.000000e+00
32757: 2.857143e+00 1.571429e+00 8.571429e-01 4.285714e-01 1.428571e-01 1.428571e-01
32757: 2.750000e+00 1.375000e+00 1.250000e+00 3.750000e-01 1.250000e-01 1.250000e-01
32757: 2.777778e+00 1.444444e+00 1.222222e+00 3.333333e-01 1.111111e-01 1.111111e-01
32757: 2.800000e+00 1.400000e+00 1.300000e+00 3.000000e-01 1.000000e-01 1.000000e-01
32757: 2.727273e+00 1.454545e+00 1.181818e+00 2.727273e-01 2.727273e-01 9.090909e-02
32757: 2.750000e+00 1.500000e+00 1.166667e+00 2.500000e-01 2.500000e-01 8.333333e-02
32757: 2.692308e+00 1.461538e+00 1.230769e+00 3.076923e-01 2.307692e-01 7.692308e-02
32757: 2.714286e+00 1.571429e+00 1.142857e+00 2.857143e-01 2.142857e-01 7.142857e-02
32757: 2.666667e+00 1.533333e+00 1.200000e+00 3.333333e-01 2.000000e-01 6.666667e-02
32757: 2.625000e+00 1.687500e+00 1.125000e+00 3.125000e-01 1.875000e-01 6.250000e-02
32757: 2.588235e+00 1.647059e+00 1.176471e+00 3.529412e-01 1.764706e-01 5.882353e-02
32757: 2.555556e+00 1.611111e+00 1.222222e+00 3.888889e-01 1.666667e-01 5.555556e-02
32757: 2.578947e+00 1.578947e+00 1.210526e+00 4.210526e-01 1.578947e-01 5.263158e-02
32757: 2.600000e+00 1.550000e+00 1.200000e+00 4.000000e-01 2.000000e-01 5.000000e-02
32757: 2.619048e+00 1.571429e+00 1.142857e+00 3.809524e-01 2.380952e-01 4.761905e-02
32757: 2.636364e+00 1.545455e+00 1.181818e+00 3.636364e-01 2.272727e-01 4.545455e-02
32757: 2.608696e+00 1.565217e+00 1.173913e+00 3.913043e-01 2.173913e-01 4.347826e-02
32757: 2.625000e+00 1.541667e+00 1.208333e+00 3.750000e-01 2.083333e-01 4.166667e-02
32757: 2.640000e+00 1.600000e+00 1.160000e+00 3.600000e-01 2.000000e-01 4.000000e-02
32757: 2.615385e+00 1.538462e+00 1.230769e+00 3.461538e-01 2.307692e-01 3.846154e-02
32757: 2.592593e+00 1.555556e+00 1.222222e+00 3.703704e-01 2.222222e-01 3.703704e-02
32757: 2.571429e+00 1.535714e+00 1.214286e+00 4.285714e-01 2.142857e-01 3.571429e-02
32757: 2.586207e+00 1.586207e+00 1.172414e+00 4.137931e-01 2.068966e-01 3.448276e-02
32757: 2.566667e+00 1.566667e+00 1.200000e+00 4.000000e-01 2.333333e-01 3.333333e-02
32757: 2.548387e+00 1.612903e+00 1.161290e+00 3.870968e-01 2.258065e-01 6.451613e-02
32757: 2.562500e+00 1.562500e+00 1.218750e+00 3.750000e-01 2.187500e-01 6.250000e-02
32757: 2.545455e+00 1.636364e+00 1.181818e+00 3.636364e-01 2.121212e-01 6.060606e-02
32757: 2.529412e+00 1.617647e+00 1.205882e+00 3.823529e-01 2.058824e-01 5.882353e-02
32757: 2.542857e+00 1.628571e+00 1.200000e+00 3.714286e-01 2.000000e-01 5.714286e-02
32757: 2.527778e+00 1.583333e+00 1.250000e+00 3.888889e-01 1.944444e-01 5.555556e-02
32757: 2.540541e+00 1.567568e+00 1.270270e+00 3.783784e-01 1.891892e-01 5.405405e-02
32757: 2.552632e+00 1.605263e+00 1.236842e+00 3.684211e-01 1.842105e-01 5.263158e-02
32757: 2.589744e+00 1.564103e+00 1.256410e+00 3.589744e-01 1.794872e-01 5.128205e-02
32757: 2.600000e+00 1.575000e+00 1.250000e+00 3.500000e-01 1.750000e-01 5.000000e-02
32757: 2.609756e+00 1.536585e+00 1.292683e+00 3.414634e-01 1.707317e-01 4.878049e-02
32757: 2.571429e+00 1.595238e+00 1.285714e+00 3.333333e-01 1.666667e-01 4.761905e-02
32757: 2.558140e+00 1.627907e+00 1.279070e+00 3.255814e-01 1.627907e-01 4.651163e-02
32757: 2.545455e+00 1.590909e+00 1.318182e+00 3.181818e-01 1.818182e-01 4.545455e-02
32757: 2.533333e+00 1.577778e+00 1.333333e+00 3.333333e-01 1.777778e-01 4.444444e-02
32757: 2.521739e+00 1.565217e+00 1.369565e+00 3.260870e-01 1.739130e-01 4.347826e-02
32757: 2.531915e+00 1.595745e+00 1.340426e+00 3.191489e-01 1.702128e-01 4.255319e-02
32757: 2.500000e+00 1.562500e+00 1.395833e+00 3.333333e-01 1.666667e-01 4.166667e-02
32757: 2.510204e+00 1.571429e+00 1.367347e+00 3.265306e-01 1.836735e-01 4.081633e-02
32757: 2.480000e+00 1.560000e+00 1.420000e+00 3.200000e-01 1.800000e-01 4.000000e-02
32757: 2.490196e+00 1.588235e+00 1.392157e+00 3.137255e-01 1.764706e-01 3.921569e-02
32757: 2.480769e+00 1.576923e+00 1.403846e+00 3.076923e-01 1.730769e-01 5.769231e-02
32757: 2.452830e+00 1.566038e+00 1.452830e+00 3.018868e-01 1.698113e-01 5.660377e-02
32757: 2.444444e+00 1.574074e+00 1.444444e+00 3.148148e-01 1.666667e-01 5.555556e-02
32757: 2.418182e+00 1.600000e+00 1.454545e+00 3.090909e-01 1.636364e-01 5.454545e-02
32757: 2.410714e+00 1.571429e+00 1.464286e+00 3.392857e-01 1.607143e-01 5.357143e-02
32757: 2.403509e+00 1.561404e+00 1.473684e+00 3.508772e-01 1.578947e-01 5.263158e-02
32757: 2.396552e+00 1.568966e+00 1.465517e+00 3.448276e-01 1.724138e-01 5.172414e-02
32757: 2.372881e+00 1.593220e+00 1.474576e+00 3.389831e-01 1.694915e-01 5.084746e-02
32757: 2.366667e+00 1.566667e+00 1.500000e+00 3.500000e-01 1.666667e-01 5.000000e-02
32757: 2.377049e+00 1.573770e+00 1.491803e+00 3.442623e-01 1.639344e-01 4.918033e-02
32757: 2.354839e+00 1.580645e+00 1.516129e+00 3.387097e-01 1.612903e-01 4.838710e-02
32757: 2.349206e+00 1.571429e+00 1.523810e+00 3.492063e-01 1.587302e-01 4.761905e-02
32757: 2.343750e+00 1.593750e+00 1.515625e+00 3.437500e-01 1.562500e-01 4.687500e-02
32757: 2.353846e+00 1.584615e+00 1.523077e+00 3.384615e-01 1.538462e-01 4.615385e-02
32757: 2.333333e+00 1.590909e+00 1.545455e+00 3.333333e-01 1.515152e-01 4.545455e-02
32757: 2.343284e+00 1.567164e+00 1.552239e+00 3.283582e-01 1.641791e-01 4.477612e-02
32757: 2.338235e+00 1.573529e+00 1.558824e+00 3.235294e-01 1.617647e-01 4.411765e-02
32757: 2.333333e+00 1.550725e+00 1.579710e+00 3.333333e-01 1.594203e-01 4.347826e-02
32757: 2.314286e+00 1.571429e+00 1.571429e+00 3.428571e-01 1.571429e-01 4.285714e-02
32757: 2.323944e+00 1.563380e+00 1.563380e+00 3.521127e-01 1.549296e-01 4.225352e-02
32757: 2.305556e+00 1.597222e+00 1.541667e+00 3.611111e-01 1.527778e-01 4.166667e-02
32757: 2.301370e+00 1.589041e+00 1.534247e+00 3.698630e-01 1.643836e-01 4.109589e-02
32757: 2.283784e+00 1.581081e+00 1.567568e+00 3.648649e-01 1.621622e-01 4.054054e-02
32757: 2.280000e+00 1.573333e+00 1.586667e+00 3.600000e-01 1.600000e-01 4.000000e-02
32757: 2.263158e+00 1.592105e+00 1.578947e+00 3.684211e-01 1.578947e-01 3.947368e-02
32757: 2.259740e+00 1.571429e+00 1.584416e+00 3.896104e-01 1.558442e-01 3.896104e-02
32757: 2.256410e+00 1.564103e+00 1.576923e+00 3.974359e-01 1.666667e-01 3.846154e-02
32757: 2.253165e+00 1.569620e+00 1.569620e+00 4.050633e-01 1.645570e-01 3.797468e-02
32757: 2.250000e+00 1.575000e+00 1.575000e+00 4.000000e-01 1.625000e-01 3.750000e-02
32757: 2.234568e+00 1.567901e+00 1.567901e+00 4.320988e-01 1.604938e-01 3.703704e-02
32757: 2.231707e+00 1.585366e+00 1.548780e+00 4.390244e-01 1.585366e-01 3.658537e-02
32757: 2.228916e+00 1.578313e+00 1.566265e+00 4.337349e-01 1.566265e-01 3.614458e-02
32757: 2.214286e+00 1.583333e+00 1.583333e+00 4.285714e-01 1.547619e-01 3.571429e-02
32757: 2.211765e+00 1.576471e+00 1.588235e+00 4.352941e-01 1.529412e-01 3.529412e-02
32757: 2.197674e+00 1.593023e+00 1.569767e+00 4.418605e-01 1.627907e-01 3.488372e-02
32757: 2.218391e+00 1.586207e+00 1.563218e+00 4.367816e-01 1.609195e-01 3.448276e-02
32757: 2.215909e+00 1.579545e+00 1.579545e+00 4.318182e-01 1.590909e-01 3.409091e-02
32757: 2.213483e+00 1.584270e+00 1.561798e+00 4.382022e-01 1.685393e-01 3.370787e-02
32757: 2.200000e+00 1.588889e+00 1.577778e+00 4.333333e-01 1.666667e-01 3.333333e-02
32757: 2.208791e+00 1.582418e+00 1.571429e+00 4.395604e-01 1.648352e-01 3.296703e-02
32757: 2.195652e+00 1.586957e+00 1.576087e+00 4.456522e-01 1.630435e-01 3.260870e-02
32757: 2.193548e+00 1.591398e+00 1.559140e+00 4.623656e-01 1.612903e-01 3.225806e-02
32757: 2.191489e+00 1.585106e+00 1.574468e+00 4.574468e-01 1.595745e-01 3.191489e-02
32757: 2.178947e+00 1.578947e+00 1.578947e+00 4.736842e-01 1.578947e-01 3.157895e-02
32757: 2.197917e+00 1.562500e+00 1.572917e+00 4.791667e-01 1.562500e-01 3.125000e-02
32757: 2.195876e+00 1.577320e+00 1.556701e+00 4.742268e-01 1.649485e-01 3.092784e-02
32757: 2.183673e+00 1.561224e+00 1.581633e+00 4.795918e-01 1.632653e-01 3.061224e-02
32757: 2.191919e+00 1.565657e+00 1.575758e+00 4.747475e-01 1.616162e-01 3.030303e-02
32757: 2.180000e+00 1.570000e+00 1.590000e+00 4.700000e-01 1.600000e-01 3.000000e-02
32757: 2.178218e+00 1.554455e+00 1.584158e+00 4.752475e-01 1.782178e-01 2.970297e-02
32757: 2.166667e+00 1.558824e+00 1.598039e+00 4.705882e-01 1.764706e-01 2.941176e-02
32757: 2.165049e+00 1.582524e+00 1.582524e+00 4.660194e-01 1.747573e-01 2.912621e-02
32757: 2.163462e+00 1.567308e+00 1.596154e+00 4.711538e-01 1.730769e-01 2.884615e-02
32757: 2.152381e+00 1.580952e+00 1.600000e+00 4.666667e-01 1.714286e-01 2.857143e-02
32757: 2.160377e+00 1.575472e+00 1.584906e+00 4.811321e-01 1.698113e-01 2.830189e-02
32757: 2.158879e+00 1.579439e+00 1.570093e+00 4.859813e-01 1.682243e-01 3.738318e-02
32757: 2.148148e+00 1.574074e+00 1.574074e+00 5.000000e-01 1.666667e-01 3.703704e-02
32757: 2.146789e+00 1.559633e+00 1.577982e+00 5.045872e-01 1.743119e-01 3.669725e-02
32757: 2.145455e+00 1.563636e+00 1.572727e+00 5.090909e-01 1.727273e-01 3.636364e-02
32757: 2.144144e+00 1.567568e+00 1.567568e+00 5.135135e-01 1.711712e-01 3.603604e-02
32757: 2.133929e+00 1.562500e+00 1.571429e+00 5.178571e-01 1.785714e-01 3.571429e-02
32757: 2.141593e+00 1.566372e+00 1.557522e+00 5.132743e-01 1.769912e-01 4.424779e-02
32757: 2.131579e+00 1.561404e+00 1.578947e+00 5.087719e-01 1.754386e-01 4.385965e-02
32757: 2.139130e+00 1.556522e+00 1.582609e+00 5.043478e-01 1.739130e-01 4.347826e-02
32757: 2.137931e+00 1.568966e+00 1.577586e+00 5.000000e-01 1.724138e-01 4.310345e-02
32757: 2.128205e+00 1.572650e+00 1.581197e+00 5.042735e-01 1.709402e-01 4.273504e-02
32757: 2.135593e+00 1.567797e+00 1.567797e+00 5.169492e-01 1.694915e-01 4.237288e-02
32757: 2.134454e+00 1.579832e+00 1.563025e+00 5.126050e-01 1.680672e-01 4.201681e-02
32757: 2.125000e+00 1.566667e+00 1.583333e+00 5.083333e-01 1.750000e-01 4.166667e-02
32757: 2.123967e+00 1.578512e+00 1.578512e+00 5.041322e-01 1.735537e-01 4.132231e-02
32757: 2.122951e+00 1.581967e+00 1.573770e+00 5.081967e-01 1.721311e-01 4.098361e-02
32757: 2.113821e+00 1.577236e+00 1.585366e+00 5.121951e-01 1.707317e-01 4.065041e-02
32757: 2.112903e+00 1.572581e+00 1.580645e+00 5.241935e-01 1.693548e-01 4.032258e-02
32757: 2.120000e+00 1.576000e+00 1.568000e+00 5.280000e-01 1.680000e-01 4.000000e-02
32757: 2.111111e+00 1.563492e+00 1.587302e+00 5.317460e-01 1.666667e-01 3.968254e-02
32757: 2.110236e+00 1.574803e+00 1.582677e+00 5.275591e-01 1.653543e-01 3.937008e-02
32757: 2.101562e+00 1.578125e+00 1.578125e+00 5.390625e-01 1.640625e-01 3.906250e-02
32757: 2.100775e+00 1.589147e+00 1.565891e+00 5.426357e-01 1.627907e-01 3.875969e-02
32757: 2.092308e+00 1.576923e+00 1.584615e+00 5.461538e-01 1.615385e-01 3.846154e-02
32757: 2.091603e+00 1.572519e+00 1.587786e+00 5.496183e-01 1.603053e-01 3.816794e-02
32757: 2.090909e+00 1.575758e+00 1.575758e+00 5.606061e-01 1.590909e-01 3.787879e-02
32757: 2.090226e+00 1.563910e+00 1.578947e+00 5.714286e-01 1.578947e-01 3.759398e-02
32757: 2.082090e+00 1.574627e+00 1.574627e+00 5.746269e-01 1.567164e-01 3.731343e-02
32757: 2.081481e+00 1.577778e+00 1.562963e+00 5.777778e-01 1.629630e-01 3.703704e-02
32757: 2.073529e+00 1.573529e+00 1.580882e+00 5.735294e-01 1.617647e-01 3.676471e-02
32757: 2.080292e+00 1.569343e+00 1.569343e+00 5.766423e-01 1.678832e-01 3.649635e-02
32757: 2.072464e+00 1.572464e+00 1.579710e+00 5.724638e-01 1.666667e-01 3.623188e-02
32757: 2.071942e+00 1.575540e+00 1.575540e+00 5.755396e-01 1.654676e-01 3.597122e-02
32757: 2.071429e+00 1.578571e+00 1.571429e+00 5.785714e-01 1.642857e-01 3.571429e-02
32757: 2.063830e+00 1.567376e+00 1.574468e+00 5.886525e-01 1.702128e-01 3.546099e-02
32757: 2.070423e+00 1.563380e+00 1.577465e+00 5.845070e-01 1.690141e-01 3.521127e-02
32757: 2.062937e+00 1.580420e+00 1.566434e+00 5.874126e-01 1.678322e-01 3.496503e-02
32757: 2.076389e+00 1.576389e+00 1.562500e+00 5.833333e-01 1.666667e-01 3.472222e-02
32757: 2.068966e+00 1.586207e+00 1.558621e+00 5.862069e-01 1.655172e-01 3.448276e-02
32757: 2.068493e+00 1.582192e+00 1.568493e+00 5.821918e-01 1.643836e-01 3.424658e-02
32757: 2.061224e+00 1.578231e+00 1.585034e+00 5.782313e-01 1.632653e-01 3.401361e-02
32757: 2.060811e+00 1.581081e+00 1.581081e+00 5.810811e-01 1.621622e-01 3.378378e-02
32757: 2.053691e+00 1.577181e+00 1.583893e+00 5.838926e-01 1.677852e-01 3.355705e-02
32757: 2.060000e+00 1.573333e+00 1.580000e+00 5.866667e-01 1.666667e-01 3.333333e-02
32757: 2.052980e+00 1.582781e+00 1.576159e+00 5.894040e-01 1.655629e-01 3.311258e-02
32757: 2.052632e+00 1.578947e+00 1.572368e+00 5.921053e-01 1.644737e-01 3.947368e-02
32757: 2.052288e+00 1.581699e+00 1.562092e+00 6.013072e-01 1.633987e-01 3.921569e-02
32757: 2.051948e+00 1.584416e+00 1.564935e+00 5.974026e-01 1.623377e-01 3.896104e-02
32757: 2.045161e+00 1.587097e+00 1.561290e+00 6.064516e-01 1.612903e-01 3.870968e-02
32757: 2.044872e+00 1.583333e+00 1.564103e+00 6.089744e-01 1.602564e-01 3.846154e-02
32757: 2.044586e+00 1.585987e+00 1.560510e+00 6.114650e-01 1.592357e-01 3.821656e-02
32757: 2.037975e+00 1.588608e+00 1.563291e+00 6.075949e-01 1.582278e-01 4.430380e-02
32757: 2.037736e+00 1.578616e+00 1.572327e+00 6.037736e-01 1.635220e-01 4.402516e-02
32757: 2.037500e+00 1.575000e+00 1.575000e+00 6.062500e-01 1.625000e-01 4.375000e-02
32757: 2.037267e+00 1.571429e+00 1.577640e+00 6.086957e-01 1.614907e-01 4.347826e-02
32757: 2.030864e+00 1.567901e+00 1.580247e+00 6.111111e-01 1.666667e-01 4.320988e-02
32757: 2.030675e+00 1.570552e+00 1.576687e+00 6.073620e-01 1.717791e-01 4.294479e-02
32757: 2.024390e+00 1.567073e+00 1.585366e+00 6.097561e-01 1.707317e-01 4.268293e-02
32757: 2.018182e+00 1.569697e+00 1.593939e+00 6.060606e-01 1.696970e-01 4.242424e-02
32757: 2.018072e+00 1.578313e+00 1.590361e+00 6.024096e-01 1.686747e-01 4.216867e-02
32757: 2.023952e+00 1.568862e+00 1.592814e+00 6.047904e-01 1.676647e-01 4.191617e-02
32757: 2.017857e+00 1.577381e+00 1.595238e+00 6.011905e-01 1.666667e-01 4.166667e-02
32757: 2.017751e+00 1.568047e+00 1.603550e+00 6.035503e-01 1.656805e-01 4.142012e-02
32757: 2.011765e+00 1.582353e+00 1.600000e+00 6.000000e-01 1.647059e-01 4.117647e-02
32757: 2.011696e+00 1.578947e+00 1.596491e+00 6.023392e-01 1.637427e-01 4.678363e-02
32757: 2.005814e+00 1.581395e+00 1.593023e+00 6.104651e-01 1.627907e-01 4.651163e-02
32757: 2.005780e+00 1.583815e+00 1.589595e+00 6.127168e-01 1.618497e-01 4.624277e-02
32757: 2.005747e+00 1.580460e+00 1.586207e+00 6.149425e-01 1.609195e-01 5.172414e-02
32757: 2.005714e+00 1.582857e+00 1.577143e+00 6.228571e-01 1.600000e-01 5.142857e-02
32757: 2.000000e+00 1.579545e+00 1.573864e+00 6.306818e-01 1.647727e-01 5.113636e-02
32757: 2.000000e+00 1.576271e+00 1.570621e+00 6.327684e-01 1.694915e-01 5.084746e-02
32757: 1.994382e+00 1.578652e+00 1.567416e+00 6.348315e-01 1.741573e-01 5.056180e-02
32757: 2.000000e+00 1.575419e+00 1.569832e+00 6.312849e-01 1.731844e-01 5.027933e-02
32757: 1.994444e+00 1.572222e+00 1.577778e+00 6.277778e-01 1.777778e-01 5.000000e-02
32757: 2.000000e+00 1.563536e+00 1.574586e+00 6.353591e-01 1.767956e-01 4.972376e-02
32757: 2.000000e+00 1.571429e+00 1.571429e+00 6.318681e-01 1.758242e-01 4.945055e-02
32757: 1.994536e+00 1.562842e+00 1.579235e+00 6.338798e-01 1.803279e-01 4.918033e-02
32757: 1.994565e+00 1.570652e+00 1.576087e+00 6.304348e-01 1.793478e-01 4.891304e-02
32757: 1.989189e+00 1.567568e+00 1.572973e+00 6.432432e-01 1.783784e-01 4.864865e-02
32757: 1.994624e+00 1.569892e+00 1.564516e+00 6.397849e-01 1.827957e-01 4.838710e-02
32757: 1.989305e+00 1.566845e+00 1.577540e+00 6.363636e-01 1.818182e-01 4.812834e-02
32757: 1.994681e+00 1.569149e+00 1.569149e+00 6.329787e-01 1.861702e-01 4.787234e-02
32757: 1.989418e+00 1.571429e+00 1.571429e+00 6.296296e-01 1.851852e-01 5.291005e-02
32757: 1.994737e+00 1.573684e+00 1.563158e+00 6.315789e-01 1.842105e-01 5.263158e-02
32757: 1.989529e+00 1.570681e+00 1.570681e+00 6.335079e-01 1.832461e-01 5.235602e-02
32757: 1.994792e+00 1.567708e+00 1.567708e+00 6.354167e-01 1.822917e-01 5.208333e-02
32757: 1.989637e+00 1.580311e+00 1.564767e+00 6.321244e-01 1.813472e-01 5.181347e-02
32757: 1.984536e+00 1.582474e+00 1.567010e+00 6.288660e-01 1.855670e-01 5.154639e-02
32757: 1.989744e+00 1.584615e+00 1.564103e+00 6.256410e-01 1.846154e-01 5.128205e-02
32757: 1.984694e+00 1.576531e+00 1.581633e+00 6.224490e-01 1.836735e-01 5.102041e-02
32757: 1.989848e+00 1.573604e+00 1.578680e+00 6.243655e-01 1.827411e-01 5.076142e-02
32757: 1.984848e+00 1.580808e+00 1.570707e+00 6.313131e-01 1.818182e-01 5.050505e-02
32757: 1.984925e+00 1.582915e+00 1.567839e+00 6.331658e-01 1.809045e-01 5.025126e-02
32757: 1.985000e+00 1.580000e+00 1.575000e+00 6.300000e-01 1.800000e-01 5.000000e-02
32757: 1.980100e+00 1.577114e+00 1.572139e+00 6.318408e-01 1.890547e-01 4.975124e-02
32757: 1.975248e+00 1.579208e+00 1.574257e+00 6.336634e-01 1.881188e-01 4.950495e-02
32757: 1.980296e+00 1.576355e+00 1.571429e+00 6.354680e-01 1.871921e-01 4.926108e-02
32757: 1.985294e+00 1.578431e+00 1.563725e+00 6.372549e-01 1.862745e-01 4.901961e-02
32757: 1.985366e+00 1.570732e+00 1.570732e+00 6.390244e-01 1.853659e-01 4.878049e-02
32757: 1.985437e+00 1.577670e+00 1.563107e+00 6.407767e-01 1.844660e-01 4.854369e-02
32757: 1.980676e+00 1.574879e+00 1.574879e+00 6.376812e-01 1.835749e-01 4.830918e-02
32757: 1.980769e+00 1.576923e+00 1.567308e+00 6.442308e-01 1.826923e-01 4.807692e-02
32757: 1.985646e+00 1.569378e+00 1.574163e+00 6.411483e-01 1.818182e-01 4.784689e-02
32757: 1.985714e+00 1.571429e+00 1.576190e+00 6.380952e-01 1.809524e-01 4.761905e-02
32757: 1.985782e+00 1.563981e+00 1.573460e+00 6.445498e-01 1.848341e-01 4.739336e-02
32757: 1.990566e+00 1.570755e+00 1.566038e+00 6.415094e-01 1.839623e-01 4.716981e-02
32757: 1.985915e+00 1.577465e+00 1.568075e+00 6.384977e-01 1.830986e-01 4.694836e-02
32757: 1.985981e+00 1.574766e+00 1.574766e+00 6.355140e-01 1.822430e-01 4.672897e-02
32757: 1.981395e+00 1.572093e+00 1.576744e+00 6.372093e-01 1.860465e-01 4.651163e-02
32757: 1.976852e+00 1.574074e+00 1.574074e+00 6.435185e-01 1.851852e-01 4.629630e-02
32757: 1.981567e+00 1.566820e+00 1.571429e+00 6.497696e-01 1.843318e-01 4.608295e-02
32757: 1.981651e+00 1.577982e+00 1.564220e+00 6.467890e-01 1.834862e-01 4.587156e-02
32757: 1.986301e+00 1.570776e+00 1.570776e+00 6.438356e-01 1.826484e-01 4.566210e-02
32757: 1.986364e+00 1.568182e+00 1.572727e+00 6.454545e-01 1.818182e-01 4.545455e-02
32757: 1.986425e+00 1.570136e+00 1.574661e+00 6.425339e-01 1.809955e-01 4.524887e-02
32757: 1.986486e+00 1.563063e+00 1.572072e+00 6.531532e-01 1.801802e-01 4.504505e-02
32757: 1.986547e+00 1.573991e+00 1.565022e+00 6.502242e-01 1.793722e-01 4.484305e-02
32757: 1.982143e+00 1.575893e+00 1.571429e+00 6.473214e-01 1.785714e-01 4.464286e-02
32757: 1.986667e+00 1.568889e+00 1.568889e+00 6.533333e-01 1.777778e-01 4.444444e-02
32757: 1.982301e+00 1.579646e+00 1.561947e+00 6.504425e-01 1.769912e-01 4.867257e-02
32757: 1.977974e+00 1.585903e+00 1.559471e+00 6.475771e-01 1.806167e-01 4.845815e-02
32757: 1.978070e+00 1.587719e+00 1.561404e+00 6.447368e-01 1.798246e-01 4.824561e-02
32757: 1.978166e+00 1.589520e+00 1.558952e+00 6.462882e-01 1.790393e-01 4.803493e-02
32757: 1.978261e+00 1.586957e+00 1.560870e+00 6.434783e-01 1.826087e-01 4.782609e-02
32757: 1.974026e+00 1.593074e+00 1.558442e+00 6.406926e-01 1.861472e-01 4.761905e-02
32757: 1.982759e+00 1.586207e+00 1.560345e+00 6.379310e-01 1.853448e-01 4.741379e-02
32757: 1.978541e+00 1.587983e+00 1.566524e+00 6.351931e-01 1.845494e-01 4.721030e-02
32757: 1.974359e+00 1.594017e+00 1.564103e+00 6.367521e-01 1.837607e-01 4.700855e-02
32757: 1.974468e+00 1.591489e+00 1.561702e+00 6.425532e-01 1.829787e-01 4.680851e-02
32757: 1.966102e+00 1.601695e+00 1.559322e+00 6.398305e-01 1.864407e-01 4.661017e-02
32757: 1.962025e+00 1.607595e+00 1.561181e+00 6.371308e-01 1.856540e-01 4.641350e-02
32757: 1.962185e+00 1.613445e+00 1.558824e+00 6.344538e-01 1.848739e-01 4.621849e-02
32757: 1.958159e+00 1.606695e+00 1.569038e+00 6.317992e-01 1.841004e-01 5.020921e-02
32757: 1.958333e+00 1.608333e+00 1.570833e+00 6.291667e-01 1.833333e-01 5.000000e-02
32757: 1.958506e+00 1.605809e+00 1.568465e+00 6.348548e-01 1.825726e-01 4.979253e-02
32757: 1.958678e+00 1.607438e+00 1.570248e+00 6.322314e-01 1.818182e-01 4.958678e-02
32757: 1.958848e+00 1.604938e+00 1.567901e+00 6.378601e-01 1.810700e-01 4.938272e-02
32757: 1.963115e+00 1.606557e+00 1.565574e+00 6.352459e-01 1.803279e-01 4.918033e-02
32757: 1.959184e+00 1.604082e+00 1.567347e+00 6.367347e-01 1.795918e-01 5.306122e-02
32757: 1.959350e+00 1.605691e+00 1.565041e+00 6.382114e-01 1.788618e-01 5.284553e-02
32757: 1.955466e+00 1.611336e+00 1.566802e+00 6.356275e-01 1.781377e-01 5.263158e-02
32757: 1.959677e+00 1.612903e+00 1.564516e+00 6.330645e-01 1.774194e-01 5.241935e-02
32757: 1.963855e+00 1.610442e+00 1.566265e+00 6.305221e-01 1.767068e-01 5.220884e-02
32757: 1.964000e+00 1.608000e+00 1.568000e+00 6.320000e-01 1.760000e-01 5.200000e-02
32757: 1.964143e+00 1.609562e+00 1.569721e+00 6.294821e-01 1.752988e-01 5.179283e-02
32757: 1.964286e+00 1.607143e+00 1.571429e+00 6.309524e-01 1.746032e-01 5.158730e-02
32757: 1.960474e+00 1.612648e+00 1.569170e+00 6.324111e-01 1.739130e-01 5.138340e-02
32757: 1.964567e+00 1.610236e+00 1.570866e+00 6.299213e-01 1.732283e-01 5.118110e-02
32757: 1.960784e+00 1.611765e+00 1.572549e+00 6.313725e-01 1.725490e-01 5.098039e-02
32757: 1.964844e+00 1.609375e+00 1.566406e+00 6.367188e-01 1.718750e-01 5.078125e-02
32757: 1.964981e+00 1.610895e+00 1.564202e+00 6.381323e-01 1.712062e-01 5.058366e-02
32757: 1.961240e+00 1.608527e+00 1.569767e+00 6.395349e-01 1.705426e-01 5.038760e-02
32757: 1.961390e+00 1.606178e+00 1.575290e+00 6.370656e-01 1.698842e-01 5.019305e-02
32757: 1.957692e+00 1.607692e+00 1.573077e+00 6.423077e-01 1.692308e-01 5.000000e-02
32757: 1.954023e+00 1.605364e+00 1.578544e+00 6.436782e-01 1.685824e-01 4.980843e-02
32757: 1.950382e+00 1.603053e+00 1.583969e+00 6.450382e-01 1.679389e-01 4.961832e-02
32757: 1.950570e+00 1.604563e+00 1.577947e+00 6.501901e-01 1.673004e-01 4.942966e-02
32757: 1.950758e+00 1.598485e+00 1.579545e+00 6.515152e-01 1.704545e-01 4.924242e-02
32757: 1.950943e+00 1.603774e+00 1.573585e+00 6.528302e-01 1.698113e-01 4.905660e-02
32757: 1.951128e+00 1.597744e+00 1.575188e+00 6.578947e-01 1.691729e-01 4.887218e-02
32757: 1.947566e+00 1.599251e+00 1.573034e+00 6.591760e-01 1.722846e-01 4.868914e-02
32757: 1.951493e+00 1.593284e+00 1.574627e+00 6.604478e-01 1.716418e-01 4.850746e-02
32757: 1.947955e+00 1.594796e+00 1.572491e+00 6.617100e-01 1.747212e-01 4.832714e-02
32757: 1.951852e+00 1.596296e+00 1.566667e+00 6.629630e-01 1.740741e-01 4.814815e-02
32757: 1.948339e+00 1.594096e+00 1.568266e+00 6.678967e-01 1.734317e-01 4.797048e-02
32757: 1.955882e+00 1.591912e+00 1.566176e+00 6.654412e-01 1.727941e-01 4.779412e-02
32757: 1.952381e+00 1.593407e+00 1.564103e+00 6.630037e-01 1.794872e-01 4.761905e-02
32757: 1.952555e+00 1.594891e+00 1.562044e+00 6.605839e-01 1.788321e-01 5.109489e-02
32757: 1.952727e+00 1.592727e+00 1.567273e+00 6.581818e-01 1.781818e-01 5.090909e-02
32757: 1.949275e+00 1.594203e+00 1.568841e+00 6.594203e-01 1.775362e-01 5.072464e-02
32757: 1.949458e+00 1.595668e+00 1.570397e+00 6.570397e-01 1.768953e-01 5.054152e-02
32757: 1.946043e+00 1.593525e+00 1.568345e+00 6.618705e-01 1.798561e-01 5.035971e-02
32757: 1.946237e+00 1.587814e+00 1.573477e+00 6.630824e-01 1.792115e-01 5.017921e-02
32757: 1.950000e+00 1.589286e+00 1.567857e+00 6.642857e-01 1.785714e-01 5.000000e-02
32757: 1.950178e+00 1.587189e+00 1.569395e+00 6.654804e-01 1.779359e-01 4.982206e-02
32757: 1.946809e+00 1.588652e+00 1.570922e+00 6.631206e-01 1.808511e-01 4.964539e-02
32757: 1.954064e+00 1.586572e+00 1.565371e+00 6.643110e-01 1.802120e-01 4.946996e-02
32757: 1.950704e+00 1.588028e+00 1.566901e+00 6.654930e-01 1.795775e-01 4.929577e-02
32757: 1.947368e+00 1.592982e+00 1.568421e+00 6.631579e-01 1.789474e-01 4.912281e-02
32757: 1.951049e+00 1.590909e+00 1.569930e+00 6.608392e-01 1.783217e-01 4.895105e-02
32757: 1.951220e+00 1.592334e+00 1.571429e+00 6.585366e-01 1.777003e-01 4.878049e-02
32757: 1.947917e+00 1.593750e+00 1.569444e+00 6.631944e-01 1.770833e-01 4.861111e-02
32757: 1.948097e+00 1.591696e+00 1.567474e+00 6.643599e-01 1.799308e-01 4.844291e-02
32757: 1.944828e+00 1.596552e+00 1.568966e+00 6.620690e-01 1.793103e-01 4.827586e-02
32757: 1.945017e+00 1.597938e+00 1.570447e+00 6.597938e-01 1.786942e-01 4.810997e-02
32757: 1.941781e+00 1.595890e+00 1.568493e+00 6.678082e-01 1.780822e-01 4.794521e-02
32757: 1.945392e+00 1.597270e+00 1.566553e+00 6.655290e-01 1.774744e-01 4.778157e-02
32757: 1.945578e+00 1.595238e+00 1.571429e+00 6.632653e-01 1.768707e-01 4.761905e-02
32757: 1.945763e+00 1.593220e+00 1.569492e+00 6.644068e-01 1.796610e-01 4.745763e-02
32757: 1.942568e+00 1.601351e+00 1.567568e+00 6.621622e-01 1.790541e-01 4.729730e-02
32757: 1.942761e+00 1.602694e+00 1.565657e+00 6.599327e-01 1.818182e-01 4.713805e-02
32757: 1.942953e+00 1.600671e+00 1.567114e+00 6.610738e-01 1.812081e-01 4.697987e-02
32757: 1.943144e+00 1.602007e+00 1.565217e+00 6.588629e-01 1.839465e-01 4.682274e-02
32757: 1.943333e+00 1.600000e+00 1.570000e+00 6.566667e-01 1.833333e-01 4.666667e-02
32757: 1.940199e+00 1.601329e+00 1.571429e+00 6.578073e-01 1.827243e-01 4.651163e-02
32757: 1.940397e+00 1.599338e+00 1.569536e+00 6.589404e-01 1.854305e-01 4.635762e-02
32757: 1.940594e+00 1.597360e+00 1.574257e+00 6.567657e-01 1.848185e-01 4.620462e-02
32757: 1.940789e+00 1.595395e+00 1.575658e+00 6.578947e-01 1.842105e-01 4.605263e-02
32757: 1.940984e+00 1.596721e+00 1.573770e+00 6.590164e-01 1.836066e-01 4.590164e-02
32757: 1.941176e+00 1.594771e+00 1.571895e+00 6.601307e-01 1.862745e-01 4.575163e-02
32757: 1.938111e+00 1.596091e+00 1.570033e+00 6.612378e-01 1.889251e-01 4.560261e-02
32757: 1.938312e+00 1.597403e+00 1.568182e+00 6.623377e-01 1.883117e-01 4.545455e-02
32757: 1.935275e+00 1.598706e+00 1.569579e+00 6.601942e-01 1.909385e-01 4.530744e-02
32757: 1.935484e+00 1.596774e+00 1.570968e+00 6.580645e-01 1.935484e-01 4.516129e-02
32757: 1.932476e+00 1.594855e+00 1.575563e+00 6.591640e-01 1.929260e-01 4.501608e-02
32757: 1.932692e+00 1.596154e+00 1.570513e+00 6.602564e-01 1.955128e-01 4.487179e-02
32757: 1.929712e+00 1.594249e+00 1.571885e+00 6.613419e-01 1.980831e-01 4.472843e-02
32757: 1.929936e+00 1.595541e+00 1.570064e+00 6.624204e-01 1.974522e-01 4.458599e-02
32757: 1.926984e+00 1.596825e+00 1.568254e+00 6.666667e-01 1.968254e-01 4.444444e-02
32757: 1.927215e+00 1.598101e+00 1.569620e+00 6.645570e-01 1.962025e-01 4.430380e-02
32757: 1.924290e+00 1.596215e+00 1.570978e+00 6.656151e-01 1.987382e-01 4.416404e-02
32757: 1.924528e+00 1.594340e+00 1.569182e+00 6.666667e-01 2.012579e-01 4.402516e-02
32757: 1.921630e+00 1.595611e+00 1.570533e+00 6.677116e-01 2.006270e-01 4.388715e-02
32757: 1.921875e+00 1.593750e+00 1.571875e+00 6.687500e-01 2.000000e-01 4.375000e-02
32757: 1.919003e+00 1.598131e+00 1.570093e+00 6.697819e-01 1.993769e-01 4.361371e-02
32757: 1.922360e+00 1.596273e+00 1.568323e+00 6.708075e-01 1.987578e-01 4.347826e-02
32757: 1.922601e+00 1.597523e+00 1.566563e+00 6.687307e-01 2.012384e-01 4.334365e-02
32757: 1.922840e+00 1.595679e+00 1.567901e+00 6.697531e-01 2.006173e-01 4.320988e-02
32757: 1.923077e+00 1.596923e+00 1.569231e+00 6.676923e-01 2.000000e-01 4.307692e-02
32757: 1.920245e+00 1.598160e+00 1.567485e+00 6.717791e-01 1.993865e-01 4.294479e-02
32757: 1.923547e+00 1.599388e+00 1.565749e+00 6.697248e-01 1.987768e-01 4.281346e-02
32757: 1.923780e+00 1.597561e+00 1.570122e+00 6.676829e-01 1.981707e-01 4.268293e-02
32757: 1.924012e+00 1.598784e+00 1.565350e+00 6.717325e-01 1.975684e-01 4.255319e-02
32757: 1.924242e+00 1.596970e+00 1.566667e+00 6.727273e-01 1.969697e-01 4.242424e-02
32757: 1.927492e+00 1.598187e+00 1.564955e+00 6.706949e-01 1.963746e-01 4.229607e-02
32757: 1.924699e+00 1.596386e+00 1.569277e+00 6.716867e-01 1.957831e-01 4.216867e-02
32757: 1.924925e+00 1.594595e+00 1.570571e+00 6.726727e-01 1.951952e-01 4.204204e-02
32757: 1.922156e+00 1.595808e+00 1.571856e+00 6.736527e-01 1.946108e-01 4.191617e-02
32757: 1.922388e+00 1.594030e+00 1.570149e+00 6.776119e-01 1.940299e-01 4.179104e-02
32757: 1.922619e+00 1.595238e+00 1.568452e+00 6.785714e-01 1.934524e-01 4.166667e-02
32757: 1.919881e+00 1.596439e+00 1.572700e+00 6.765579e-01 1.928783e-01 4.154303e-02
32757: 1.923077e+00 1.591716e+00 1.571006e+00 6.775148e-01 1.952663e-01 4.142012e-02
32757: 1.920354e+00 1.598820e+00 1.566372e+00 6.784661e-01 1.946903e-01 4.129794e-02
32757: 1.920588e+00 1.597059e+00 1.570588e+00 6.764706e-01 1.941176e-01 4.117647e-02
32757: 1.920821e+00 1.595308e+00 1.568915e+00 6.803519e-01 1.935484e-01 4.105572e-02
32757: 1.918129e+00 1.599415e+00 1.567251e+00 6.783626e-01 1.959064e-01 4.093567e-02
32757: 1.918367e+00 1.594752e+00 1.574344e+00 6.763848e-01 1.953353e-01 4.081633e-02
32757: 1.915698e+00 1.595930e+00 1.572674e+00 6.773256e-01 1.976744e-01 4.069767e-02
32757: 1.915942e+00 1.597101e+00 1.571014e+00 6.782609e-01 1.971014e-01 4.057971e-02
32757: 1.913295e+00 1.598266e+00 1.569364e+00 6.820809e-01 1.965318e-01 4.046243e-02
32757: 1.913545e+00 1.599424e+00 1.570605e+00 6.801153e-01 1.959654e-01 4.034582e-02
32757: 1.913793e+00 1.594828e+00 1.571839e+00 6.839080e-01 1.954023e-01 4.022989e-02
32757: 1.911175e+00 1.595989e+00 1.570201e+00 6.848138e-01 1.977077e-01 4.011461e-02
32757: 1.911429e+00 1.597143e+00 1.565714e+00 6.857143e-01 2.000000e-01 4.000000e-02
32757: 1.908832e+00 1.595442e+00 1.572650e+00 6.837607e-01 1.994302e-01 3.988604e-02
32757: 1.909091e+00 1.593750e+00 1.573864e+00 6.846591e-01 1.988636e-01 3.977273e-02
32757: 1.909348e+00 1.592068e+00 1.575071e+00 6.855524e-01 1.983003e-01 3.966006e-02
32757: 1.909605e+00 1.596045e+00 1.570621e+00 6.864407e-01 1.977401e-01 3.954802e-02
32757: 1.907042e+00 1.597183e+00 1.571831e+00 6.873239e-01 1.971831e-01 3.943662e-02
32757: 1.910112e+00 1.592697e+00 1.570225e+00 6.910112e-01 1.966292e-01 3.932584e-02
32757: 1.913165e+00 1.593838e+00 1.565826e+00 6.918768e-01 1.960784e-01 3.921569e-02
32757: 1.913408e+00 1.592179e+00 1.569832e+00 6.899441e-01 1.955307e-01 3.910615e-02
32757: 1.913649e+00 1.590529e+00 1.573816e+00 6.880223e-01 1.949861e-01 3.899721e-02
32757: 1.913889e+00 1.591667e+00 1.572222e+00 6.888889e-01 1.944444e-01 3.888889e-02
32757: 1.911357e+00 1.592798e+00 1.573407e+00 6.897507e-01 1.939058e-01 3.878116e-02
32757: 1.914365e+00 1.591160e+00 1.569061e+00 6.933702e-01 1.933702e-01 3.867403e-02
32757: 1.911846e+00 1.592287e+00 1.570248e+00 6.942149e-01 1.928375e-01 3.856749e-02
32757: 1.914835e+00 1.590659e+00 1.568681e+00 6.950549e-01 1.923077e-01 3.846154e-02
32757: 1.912329e+00 1.589041e+00 1.572603e+00 6.958904e-01 1.917808e-01 3.835616e-02
32757: 1.912568e+00 1.590164e+00 1.571038e+00 6.967213e-01 1.912568e-01 3.825137e-02
32757: 1.910082e+00 1.588556e+00 1.572207e+00 7.002725e-01 1.907357e-01 3.814714e-02
32757: 1.910326e+00 1.586957e+00 1.570652e+00 7.038043e-01 1.902174e-01 3.804348e-02
32757: 1.907859e+00 1.590786e+00 1.566396e+00 7.073171e-01 1.897019e-01 3.794038e-02
32757: 1.908108e+00 1.594595e+00 1.564865e+00 7.054054e-01 1.891892e-01 3.783784e-02
32757: 1.905660e+00 1.590296e+00 1.568733e+00 7.061995e-01 1.913747e-01 3.773585e-02
32757: 1.908602e+00 1.588710e+00 1.569892e+00 7.043011e-01 1.908602e-01 3.763441e-02
32757: 1.908847e+00 1.587131e+00 1.573727e+00 7.024129e-01 1.903485e-01 3.753351e-02
32757: 1.906417e+00 1.590909e+00 1.572193e+00 7.032086e-01 1.898396e-01 3.743316e-02
32757: 1.909333e+00 1.589333e+00 1.570667e+00 7.040000e-01 1.893333e-01 3.733333e-02
32757: 1.906915e+00 1.587766e+00 1.569149e+00 7.074468e-01 1.914894e-01 3.723404e-02
32757: 1.904509e+00 1.586207e+00 1.572944e+00 7.082228e-01 1.909814e-01 3.713528e-02
32757: 1.904762e+00 1.587302e+00 1.568783e+00 7.089947e-01 1.931217e-01 3.703704e-02
32757: 1.907652e+00 1.585752e+00 1.569921e+00 7.071240e-01 1.926121e-01 3.693931e-02
32757: 1.910526e+00 1.586842e+00 1.568421e+00 7.052632e-01 1.921053e-01 3.684211e-02
32757: 1.908136e+00 1.585302e+00 1.574803e+00 7.034121e-01 1.916010e-01 3.674541e-02
32757: 1.908377e+00 1.586387e+00 1.573298e+00 7.041885e-01 1.910995e-01 3.664921e-02
32757: 1.906005e+00 1.582245e+00 1.577023e+00 7.075718e-01 1.906005e-01 3.655352e-02
32757: 1.906250e+00 1.578125e+00 1.578125e+00 7.109375e-01 1.901042e-01 3.645833e-02
32757: 1.903896e+00 1.576623e+00 1.579221e+00 7.142857e-01 1.896104e-01 3.636364e-02
32757: 1.901554e+00 1.577720e+00 1.577720e+00 7.150259e-01 1.917098e-01 3.626943e-02
32757: 1.904393e+00 1.576227e+00 1.576227e+00 7.157623e-01 1.912145e-01 3.617571e-02
32757: 1.902062e+00 1.577320e+00 1.577320e+00 7.164948e-01 1.907216e-01 3.608247e-02
32757: 1.899743e+00 1.573265e+00 1.580977e+00 7.197943e-01 1.902314e-01 3.598972e-02
32757: 1.902564e+00 1.571795e+00 1.579487e+00 7.205128e-01 1.897436e-01 3.589744e-02
32757: 1.900256e+00 1.572890e+00 1.580563e+00 7.212276e-01 1.892583e-01 3.580563e-02
32757: 1.900510e+00 1.571429e+00 1.579082e+00 7.219388e-01 1.913265e-01 3.571429e-02
32757: 1.898219e+00 1.572519e+00 1.580153e+00 7.226463e-01 1.908397e-01 3.562341e-02
32757: 1.898477e+00 1.576142e+00 1.576142e+00 7.233503e-01 1.903553e-01 3.553299e-02
32757: 1.901266e+00 1.572152e+00 1.577215e+00 7.240506e-01 1.898734e-01 3.544304e-02
32757: 1.901515e+00 1.573232e+00 1.575758e+00 7.247475e-01 1.893939e-01 3.535354e-02
32757: 1.899244e+00 1.574307e+00 1.574307e+00 7.279597e-01 1.889169e-01 3.526448e-02
32757: 1.899497e+00 1.572864e+00 1.572864e+00 7.311558e-01 1.884422e-01 3.517588e-02
32757: 1.897243e+00 1.573935e+00 1.571429e+00 7.318296e-01 1.904762e-01 3.508772e-02
32757: 1.897500e+00 1.570000e+00 1.572500e+00 7.350000e-01 1.900000e-01 3.500000e-02
32757: 1.897756e+00 1.568579e+00 1.573566e+00 7.356608e-01 1.895262e-01 3.491272e-02
32757: 1.895522e+00 1.569652e+00 1.574627e+00 7.363184e-01 1.890547e-01 3.482587e-02
32757: 1.893300e+00 1.573201e+00 1.575682e+00 7.344913e-01 1.885856e-01 3.473945e-02
32757: 1.893564e+00 1.569307e+00 1.574257e+00 7.376238e-01 1.905941e-01 3.465347e-02
32757: 1.893827e+00 1.572840e+00 1.572840e+00 7.358025e-01 1.901235e-01 3.456790e-02
32757: 1.896552e+00 1.571429e+00 1.571429e+00 7.364532e-01 1.896552e-01 3.448276e-02
32757: 1.896806e+00 1.572482e+00 1.570025e+00 7.371007e-01 1.891892e-01 3.439803e-02
32757: 1.894608e+00 1.571078e+00 1.573529e+00 7.377451e-01 1.887255e-01 3.431373e-02
32757: 1.892421e+00 1.569682e+00 1.577017e+00 7.383863e-01 1.882641e-01 3.422983e-02
32757: 1.895122e+00 1.570732e+00 1.575610e+00 7.365854e-01 1.878049e-01 3.414634e-02
32757: 1.895377e+00 1.569343e+00 1.574209e+00 7.396594e-01 1.873479e-01 3.406326e-02
32757: 1.890777e+00 1.575243e+00 1.572816e+00 7.402913e-01 1.868932e-01 3.398058e-02
32757: 1.888620e+00 1.576271e+00 1.571429e+00 7.409201e-01 1.888620e-01 3.389831e-02
32757: 1.891304e+00 1.574879e+00 1.570048e+00 7.415459e-01 1.884058e-01 3.381643e-02
32757: 1.889157e+00 1.578313e+00 1.568675e+00 7.421687e-01 1.879518e-01 3.373494e-02
32757: 1.889423e+00 1.579327e+00 1.569712e+00 7.403846e-01 1.875000e-01 3.365385e-02
32757: 1.887290e+00 1.577938e+00 1.570743e+00 7.410072e-01 1.894484e-01 3.357314e-02
32757: 1.885167e+00 1.576555e+00 1.569378e+00 7.440191e-01 1.913876e-01 3.349282e-02
32757: 1.885442e+00 1.575179e+00 1.570406e+00 7.446301e-01 1.909308e-01 3.341289e-02
32757: 1.885714e+00 1.576190e+00 1.566667e+00 7.452381e-01 1.928571e-01 3.333333e-02
32757: 1.885986e+00 1.577197e+00 1.567696e+00 7.434679e-01 1.923990e-01 3.325416e-02
32757: 1.886256e+00 1.575829e+00 1.566351e+00 7.440758e-01 1.943128e-01 3.317536e-02
32757: 1.884161e+00 1.576832e+00 1.567376e+00 7.446809e-01 1.938534e-01 3.309693e-02
32757: 1.884434e+00 1.577830e+00 1.568396e+00 7.429245e-01 1.933962e-01 3.301887e-02
32757: 1.882353e+00 1.576471e+00 1.567059e+00 7.458824e-01 1.952941e-01 3.294118e-02
32757: 1.884977e+00 1.575117e+00 1.565728e+00 7.464789e-01 1.948357e-01 3.286385e-02
32757: 1.882904e+00 1.578454e+00 1.564403e+00 7.470726e-01 1.943794e-01 3.278689e-02
32757: 1.885514e+00 1.574766e+00 1.567757e+00 7.453271e-01 1.939252e-01 3.271028e-02
32757: 1.885781e+00 1.573427e+00 1.568765e+00 7.459207e-01 1.934732e-01 3.263403e-02
32757: 1.883721e+00 1.574419e+00 1.569767e+00 7.465116e-01 1.930233e-01 3.255814e-02
32757: 1.883991e+00 1.573086e+00 1.570766e+00 7.470998e-01 1.925754e-01 3.248260e-02
32757: 1.884259e+00 1.574074e+00 1.567130e+00 7.500000e-01 1.921296e-01 3.240741e-02
32757: 1.884527e+00 1.572748e+00 1.568129e+00 7.505774e-01 1.916859e-01 3.233256e-02
32757: 1.884793e+00 1.573733e+00 1.569124e+00 7.488479e-01 1.912442e-01 3.225806e-02
32757: 1.885057e+00 1.572414e+00 1.570115e+00 7.494253e-01 1.908046e-01 3.218391e-02
32757: 1.883028e+00 1.573394e+00 1.566514e+00 7.500000e-01 1.949541e-01 3.211009e-02
32757: 1.885584e+00 1.572082e+00 1.565217e+00 7.505721e-01 1.945080e-01 3.203661e-02
32757: 1.883562e+00 1.575342e+00 1.566210e+00 7.488584e-01 1.940639e-01 3.196347e-02
32757: 1.883827e+00 1.576310e+00 1.564920e+00 7.471526e-01 1.958998e-01 3.189066e-02
32757: 1.881818e+00 1.575000e+00 1.565909e+00 7.477273e-01 1.977273e-01 3.181818e-02
32757: 1.884354e+00 1.573696e+00 1.566893e+00 7.460317e-01 1.972789e-01 3.174603e-02
32757: 1.882353e+00 1.572398e+00 1.572398e+00 7.443439e-01 1.968326e-01 3.167421e-02
32757: 1.882619e+00 1.575621e+00 1.568849e+00 7.449210e-01 1.963883e-01 3.160271e-02
32757: 1.880631e+00 1.576577e+00 1.569820e+00 7.432432e-01 1.981982e-01 3.153153e-02
32757: 1.880899e+00 1.579775e+00 1.568539e+00 7.415730e-01 1.977528e-01 3.146067e-02
32757: 1.878924e+00 1.578475e+00 1.573991e+00 7.399103e-01 1.973094e-01 3.139013e-02
32757: 1.883669e+00 1.574944e+00 1.572707e+00 7.404922e-01 1.968680e-01 3.131991e-02
32757: 1.881696e+00 1.575893e+00 1.573661e+00 7.410714e-01 1.964286e-01 3.125000e-02
32757: 1.884187e+00 1.574610e+00 1.572383e+00 7.416481e-01 1.959911e-01 3.118040e-02
32757: 1.884444e+00 1.575556e+00 1.568889e+00 7.444444e-01 1.955556e-01 3.111111e-02
32757: 1.882483e+00 1.572062e+00 1.574279e+00 7.427938e-01 1.973392e-01 3.104213e-02
32757: 1.880531e+00 1.575221e+00 1.570796e+00 7.455752e-01 1.969027e-01 3.097345e-02
32757: 1.880795e+00 1.573951e+00 1.571744e+00 7.461369e-01 1.964680e-01 3.090508e-02
32757: 1.878855e+00 1.577093e+00 1.568282e+00 7.488987e-01 1.960352e-01 3.083700e-02
32757: 1.883516e+00 1.575824e+00 1.567033e+00 7.472527e-01 1.956044e-01 3.076923e-02
32757: 1.881579e+00 1.576754e+00 1.567982e+00 7.478070e-01 1.951754e-01 3.070175e-02
32757: 1.881838e+00 1.577681e+00 1.568928e+00 7.461707e-01 1.947484e-01 3.063457e-02
32757: 1.879913e+00 1.576419e+00 1.569869e+00 7.467249e-01 1.965066e-01 3.056769e-02
32757: 1.880174e+00 1.575163e+00 1.570806e+00 7.450980e-01 1.982571e-01 3.050109e-02
32757: 1.882609e+00 1.576087e+00 1.567391e+00 7.456522e-01 1.978261e-01 3.043478e-02
32757: 1.880694e+00 1.572668e+00 1.570499e+00 7.462039e-01 1.973970e-01 3.253796e-02
32757: 1.880952e+00 1.573593e+00 1.569264e+00 7.467532e-01 1.969697e-01 3.246753e-02
32757: 1.879050e+00 1.572354e+00 1.572354e+00 7.473002e-01 1.965443e-01 3.239741e-02
32757: 1.879310e+00 1.575431e+00 1.568966e+00 7.478448e-01 1.961207e-01 3.232759e-02
32757: 1.879570e+00 1.574194e+00 1.572043e+00 7.462366e-01 1.956989e-01 3.225806e-02
32757: 1.877682e+00 1.575107e+00 1.570815e+00 7.489270e-01 1.952790e-01 3.218884e-02
32757: 1.877944e+00 1.573876e+00 1.567452e+00 7.516060e-01 1.970021e-01 3.211991e-02
32757: 1.878205e+00 1.574786e+00 1.568376e+00 7.500000e-01 1.965812e-01 3.205128e-02
32757: 1.876333e+00 1.573561e+00 1.571429e+00 7.505330e-01 1.961620e-01 3.198294e-02
32757: 1.874468e+00 1.574468e+00 1.570213e+00 7.531915e-01 1.957447e-01 3.191489e-02
32757: 1.874735e+00 1.573248e+00 1.571125e+00 7.537155e-01 1.953291e-01 3.184713e-02
32757: 1.872881e+00 1.578390e+00 1.567797e+00 7.542373e-01 1.949153e-01 3.177966e-02
32757: 1.875264e+00 1.577167e+00 1.566596e+00 7.547569e-01 1.945032e-01 3.171247e-02
32757: 1.875527e+00 1.578059e+00 1.565401e+00 7.531646e-01 1.940928e-01 3.375527e-02
32757: 1.875789e+00 1.576842e+00 1.568421e+00 7.515789e-01 1.936842e-01 3.368421e-02
32757: 1.876050e+00 1.579832e+00 1.567227e+00 7.500000e-01 1.932773e-01 3.361345e-02
32757: 1.876310e+00 1.576520e+00 1.572327e+00 7.484277e-01 1.928721e-01 3.354298e-02
32757: 1.874477e+00 1.577406e+00 1.569038e+00 7.510460e-01 1.945607e-01 3.347280e-02
32757: 1.874739e+00 1.574113e+00 1.574113e+00 7.494781e-01 1.941545e-01 3.340292e-02
32757: 1.875000e+00 1.572917e+00 1.575000e+00 7.500000e-01 1.937500e-01 3.333333e-02
32757: 1.873181e+00 1.575884e+00 1.573805e+00 7.505198e-01 1.933472e-01 3.326403e-02
32757: 1.875519e+00 1.576763e+00 1.570539e+00 7.510373e-01 1.929461e-01 3.319502e-02
32757: 1.875776e+00 1.573499e+00 1.573499e+00 7.515528e-01 1.925466e-01 3.312629e-02
32757: 1.878099e+00 1.572314e+00 1.572314e+00 7.520661e-01 1.921488e-01 3.305785e-02
32757: 1.876289e+00 1.575258e+00 1.569072e+00 7.525773e-01 1.938144e-01 3.298969e-02
32757: 1.876543e+00 1.574074e+00 1.572016e+00 7.510288e-01 1.934156e-01 3.292181e-02
32757: 1.876797e+00 1.574949e+00 1.568789e+00 7.535934e-01 1.930185e-01 3.285421e-02
32757: 1.875000e+00 1.573770e+00 1.573770e+00 7.520492e-01 1.926230e-01 3.278689e-02
32757: 1.875256e+00 1.574642e+00 1.570552e+00 7.525562e-01 1.942740e-01 3.271984e-02
32757: 1.873469e+00 1.573469e+00 1.573469e+00 7.530612e-01 1.938776e-01 3.265306e-02
32757: 1.871690e+00 1.576375e+00 1.572301e+00 7.535642e-01 1.934827e-01 3.258656e-02
32757: 1.871951e+00 1.577236e+00 1.569106e+00 7.560976e-01 1.930894e-01 3.252033e-02
32757: 1.874239e+00 1.576065e+00 1.569980e+00 7.545639e-01 1.926978e-01 3.245436e-02
32757: 1.874494e+00 1.574899e+00 1.572874e+00 7.530364e-01 1.923077e-01 3.238866e-02
32757: 1.872727e+00 1.573737e+00 1.573737e+00 7.555556e-01 1.919192e-01 3.232323e-02
32757: 1.870968e+00 1.572581e+00 1.574597e+00 7.560484e-01 1.935484e-01 3.225806e-02
32757: 1.871227e+00 1.575453e+00 1.571429e+00 7.565392e-01 1.931590e-01 3.219316e-02
32757: 1.869478e+00 1.572289e+00 1.574297e+00 7.590361e-01 1.927711e-01 3.212851e-02
32757: 1.871743e+00 1.569138e+00 1.573146e+00 7.615230e-01 1.923848e-01 3.206413e-02
32757: 1.870000e+00 1.572000e+00 1.574000e+00 7.600000e-01 1.920000e-01 3.200000e-02
32757: 1.870259e+00 1.574850e+00 1.570858e+00 7.604790e-01 1.916168e-01 3.193613e-02
32757: 1.870518e+00 1.575697e+00 1.569721e+00 7.609562e-01 1.912351e-01 3.187251e-02
32757: 1.868787e+00 1.576541e+00 1.570577e+00 7.614314e-01 1.908549e-01 3.180915e-02
32757: 1.867063e+00 1.579365e+00 1.569444e+00 7.619048e-01 1.904762e-01 3.174603e-02
32757: 1.867327e+00 1.578218e+00 1.570297e+00 7.623762e-01 1.900990e-01 3.168317e-02
32757: 1.865613e+00 1.579051e+00 1.571146e+00 7.628458e-01 1.897233e-01 3.162055e-02
32757: 1.869822e+00 1.575937e+00 1.570020e+00 7.633136e-01 1.893491e-01 3.155819e-02
32757: 1.868110e+00 1.578740e+00 1.568898e+00 7.637795e-01 1.889764e-01 3.149606e-02
32757: 1.866405e+00 1.581532e+00 1.569745e+00 7.622790e-01 1.886051e-01 3.143418e-02
32757: 1.866667e+00 1.580392e+00 1.572549e+00 7.607843e-01 1.882353e-01 3.137255e-02
32757: 1.866928e+00 1.581213e+00 1.571429e+00 7.612524e-01 1.878669e-01 3.131115e-02
32757: 1.867188e+00 1.578125e+00 1.574219e+00 7.617188e-01 1.875000e-01 3.125000e-02
32757: 1.865497e+00 1.578947e+00 1.571150e+00 7.660819e-01 1.871345e-01 3.118908e-02
32757: 1.867704e+00 1.579767e+00 1.568093e+00 7.665370e-01 1.867704e-01 3.112840e-02
32757: 1.867961e+00 1.578641e+00 1.568932e+00 7.650485e-01 1.883495e-01 3.106796e-02
32757: 1.866279e+00 1.577519e+00 1.571705e+00 7.655039e-01 1.879845e-01 3.100775e-02
32757: 1.866538e+00 1.576402e+00 1.570600e+00 7.678917e-01 1.876209e-01 3.094778e-02
32757: 1.866795e+00 1.577220e+00 1.567568e+00 7.683398e-01 1.891892e-01 3.088803e-02
32757: 1.865125e+00 1.578035e+00 1.570328e+00 7.668593e-01 1.888247e-01 3.082852e-02
32757: 1.867308e+00 1.576923e+00 1.569231e+00 7.673077e-01 1.884615e-01 3.076923e-02
32757: 1.865643e+00 1.575816e+00 1.571977e+00 7.677543e-01 1.880998e-01 3.071017e-02
32757: 1.863985e+00 1.574713e+00 1.572797e+00 7.701149e-01 1.877395e-01 3.065134e-02
32757: 1.864245e+00 1.573614e+00 1.571702e+00 7.705545e-01 1.892925e-01 3.059273e-02
32757: 1.864504e+00 1.572519e+00 1.572519e+00 7.709924e-01 1.889313e-01 3.053435e-02
32757: 1.864762e+00 1.571429e+00 1.571429e+00 7.733333e-01 1.885714e-01 3.047619e-02
32757: 1.863118e+00 1.570342e+00 1.572243e+00 7.737643e-01 1.901141e-01 3.041825e-02
32757: 1.863378e+00 1.569260e+00 1.573055e+00 7.741935e-01 1.897533e-01 3.036053e-02
32757: 1.861742e+00 1.570076e+00 1.573864e+00 7.746212e-01 1.893939e-01 3.030303e-02
32757: 1.862004e+00 1.570888e+00 1.570888e+00 7.769376e-01 1.890359e-01 3.024575e-02
32757: 1.860377e+00 1.571698e+00 1.569811e+00 7.792453e-01 1.886792e-01 3.018868e-02
32757: 1.860640e+00 1.570621e+00 1.570621e+00 7.796610e-01 1.883239e-01 3.013183e-02
32757: 1.860902e+00 1.571429e+00 1.567669e+00 7.819549e-01 1.879699e-01 3.007519e-02
32757: 1.859287e+00 1.574109e+00 1.568480e+00 7.804878e-01 1.876173e-01 3.001876e-02
32757: 1.861423e+00 1.573034e+00 1.569288e+00 7.790262e-01 1.872659e-01 2.996255e-02
32757: 1.859813e+00 1.575701e+00 1.570093e+00 7.775701e-01 1.869159e-01 2.990654e-02
32757: 1.861940e+00 1.574627e+00 1.569030e+00 7.779851e-01 1.865672e-01 2.985075e-02
32757: 1.862197e+00 1.573557e+00 1.571695e+00 7.765363e-01 1.862197e-01 2.979516e-02
32757: 1.860595e+00 1.574349e+00 1.572491e+00 7.769517e-01 1.858736e-01 2.973978e-02
32757: 1.858998e+00 1.576994e+00 1.571429e+00 7.773655e-01 1.855288e-01 2.968460e-02
32757: 1.859259e+00 1.575926e+00 1.570370e+00 7.796296e-01 1.851852e-01 2.962963e-02
32757: 1.857671e+00 1.576710e+00 1.569316e+00 7.818854e-01 1.848429e-01 2.957486e-02
32757: 1.857934e+00 1.575646e+00 1.570111e+00 7.804428e-01 1.863469e-01 2.952030e-02
32757: 1.856354e+00 1.580110e+00 1.567219e+00 7.808471e-01 1.860037e-01 2.946593e-02
32757: 1.858456e+00 1.579044e+00 1.568015e+00 7.794118e-01 1.856618e-01 2.941176e-02
32757: 1.858716e+00 1.581651e+00 1.566972e+00 7.779817e-01 1.853211e-01 2.935780e-02
32757: 1.857143e+00 1.578755e+00 1.573260e+00 7.765568e-01 1.849817e-01 2.930403e-02
32757: 1.857404e+00 1.579525e+00 1.570384e+00 7.769653e-01 1.864717e-01 2.925046e-02
32757: 1.855839e+00 1.580292e+00 1.571168e+00 7.773723e-01 1.861314e-01 2.919708e-02
32757: 1.854281e+00 1.579235e+00 1.573770e+00 7.777778e-01 1.857923e-01 2.914390e-02
32757: 1.856364e+00 1.580000e+00 1.570909e+00 7.781818e-01 1.854545e-01 2.909091e-02
32757: 1.856624e+00 1.577132e+00 1.571688e+00 7.803993e-01 1.851180e-01 2.903811e-02
32757: 1.856884e+00 1.576087e+00 1.572464e+00 7.807971e-01 1.847826e-01 2.898551e-02
32757: 1.857143e+00 1.576854e+00 1.569620e+00 7.811935e-01 1.862568e-01 2.893309e-02
32757: 1.857401e+00 1.575812e+00 1.572202e+00 7.797834e-01 1.859206e-01 2.888087e-02
32757: 1.857658e+00 1.576577e+00 1.569369e+00 7.801802e-01 1.855856e-01 3.063063e-02
32757: 1.857914e+00 1.575540e+00 1.570144e+00 7.805755e-01 1.852518e-01 3.057554e-02
32757: 1.856373e+00 1.574506e+00 1.570916e+00 7.827648e-01 1.849192e-01 3.052065e-02
32757: 1.854839e+00 1.575269e+00 1.571685e+00 7.831541e-01 1.845878e-01 3.046595e-02
32757: 1.855098e+00 1.576029e+00 1.568873e+00 7.835420e-01 1.860465e-01 3.041145e-02
32757: 1.853571e+00 1.575000e+00 1.571429e+00 7.839286e-01 1.857143e-01 3.035714e-02
32757: 1.853832e+00 1.573975e+00 1.570410e+00 7.843137e-01 1.871658e-01 3.030303e-02
32757: 1.852313e+00 1.578292e+00 1.567616e+00 7.846975e-01 1.868327e-01 3.024911e-02
32757: 1.852575e+00 1.577265e+00 1.570160e+00 7.833037e-01 1.865009e-01 3.019538e-02
32757: 1.851064e+00 1.578014e+00 1.570922e+00 7.836879e-01 1.861702e-01 3.014184e-02
32757: 1.849558e+00 1.580531e+00 1.569912e+00 7.840708e-01 1.858407e-01 3.008850e-02
32757: 1.851590e+00 1.581272e+00 1.568905e+00 7.826855e-01 1.855124e-01 3.003534e-02
32757: 1.850088e+00 1.580247e+00 1.571429e+00 7.813051e-01 1.869489e-01 2.998236e-02
32757: 1.848592e+00 1.580986e+00 1.568662e+00 7.834507e-01 1.883803e-01 2.992958e-02
32757: 1.848858e+00 1.583480e+00 1.567663e+00 7.820738e-01 1.880492e-01 2.987698e-02
32757: 1.847368e+00 1.582456e+00 1.570175e+00 7.807018e-01 1.894737e-01 2.982456e-02
32757: 1.847636e+00 1.581436e+00 1.567426e+00 7.845884e-01 1.891419e-01 2.977233e-02
32757: 1.846154e+00 1.583916e+00 1.566434e+00 7.832168e-01 1.888112e-01 3.146853e-02
32757: 1.846422e+00 1.584642e+00 1.567190e+00 7.818499e-01 1.884817e-01 3.141361e-02
32757: 1.846690e+00 1.583624e+00 1.567944e+00 7.822300e-01 1.881533e-01 3.135889e-02
32757: 1.846957e+00 1.584348e+00 1.568696e+00 7.808696e-01 1.878261e-01 3.130435e-02
32757: 1.845486e+00 1.585069e+00 1.567708e+00 7.829861e-01 1.875000e-01 3.125000e-02
32757: 1.849220e+00 1.584055e+00 1.566724e+00 7.816291e-01 1.871750e-01 3.119584e-02
32757: 1.847751e+00 1.584775e+00 1.567474e+00 7.802768e-01 1.885813e-01 3.114187e-02
32757: 1.846287e+00 1.585492e+00 1.568221e+00 7.806563e-01 1.882556e-01 3.108808e-02
32757: 1.846552e+00 1.584483e+00 1.568966e+00 7.793103e-01 1.896552e-01 3.103448e-02
32757: 1.846816e+00 1.583477e+00 1.571429e+00 7.779690e-01 1.893287e-01 3.098107e-02
32757: 1.847079e+00 1.582474e+00 1.570447e+00 7.800687e-01 1.890034e-01 3.092784e-02
32757: 1.845626e+00 1.581475e+00 1.572899e+00 7.804460e-01 1.886792e-01 3.087479e-02
32757: 1.845890e+00 1.582192e+00 1.571918e+00 7.808219e-01 1.883562e-01 3.082192e-02
32757: 1.844444e+00 1.581197e+00 1.574359e+00 7.811966e-01 1.880342e-01 3.076923e-02
32757: 1.846416e+00 1.580205e+00 1.573379e+00 7.815700e-01 1.877133e-01 3.071672e-02
32757: 1.844974e+00 1.580920e+00 1.570698e+00 7.819421e-01 1.908007e-01 3.066440e-02
32757: 1.845238e+00 1.581633e+00 1.569728e+00 7.823129e-01 1.904762e-01 3.061224e-02
32757: 1.843803e+00 1.582343e+00 1.572156e+00 7.809847e-01 1.901528e-01 3.056027e-02
32757: 1.844068e+00 1.583051e+00 1.571186e+00 7.813559e-01 1.898305e-01 3.050847e-02
32757: 1.844332e+00 1.583756e+00 1.570220e+00 7.817259e-01 1.895093e-01 3.045685e-02
32757: 1.846284e+00 1.582770e+00 1.569257e+00 7.820946e-01 1.891892e-01 3.040541e-02
32757: 1.844857e+00 1.585160e+00 1.569983e+00 7.807757e-01 1.888702e-01 3.035413e-02
32757: 1.845118e+00 1.584175e+00 1.570707e+00 7.811448e-01 1.885522e-01 3.030303e-02
32757: 1.845378e+00 1.584874e+00 1.569748e+00 7.815126e-01 1.882353e-01 3.025210e-02
32757: 1.843960e+00 1.585570e+00 1.570470e+00 7.818792e-01 1.879195e-01 3.020134e-02
32757: 1.842546e+00 1.587940e+00 1.569514e+00 7.822446e-01 1.876047e-01 3.015075e-02
32757: 1.842809e+00 1.586957e+00 1.570234e+00 7.809365e-01 1.872910e-01 3.177258e-02
32757: 1.843072e+00 1.587646e+00 1.567613e+00 7.829716e-01 1.869783e-01 3.171953e-02
32757: 1.841667e+00 1.586667e+00 1.570000e+00 7.833333e-01 1.866667e-01 3.166667e-02
32757: 1.840266e+00 1.585691e+00 1.570715e+00 7.853577e-01 1.863561e-01 3.161398e-02
32757: 1.840532e+00 1.584718e+00 1.569767e+00 7.857143e-01 1.877076e-01 3.156146e-02
32757: 1.840796e+00 1.585406e+00 1.568823e+00 7.860697e-01 1.873964e-01 3.150912e-02
32757: 1.839404e+00 1.586093e+00 1.571192e+00 7.847682e-01 1.870861e-01 3.145695e-02
32757: 1.839669e+00 1.588430e+00 1.568595e+00 7.851240e-01 1.867769e-01 3.140496e-02
32757: 1.838284e+00 1.587459e+00 1.570957e+00 7.854785e-01 1.864686e-01 3.135314e-02
32757: 1.838550e+00 1.588138e+00 1.568369e+00 7.874794e-01 1.861614e-01 3.130148e-02
32757: 1.838816e+00 1.588816e+00 1.569079e+00 7.861842e-01 1.858553e-01 3.125000e-02
32757: 1.837438e+00 1.587849e+00 1.571429e+00 7.865353e-01 1.855501e-01 3.119869e-02
32757: 1.839344e+00 1.588525e+00 1.568852e+00 7.868852e-01 1.852459e-01 3.114754e-02
32757: 1.837971e+00 1.587561e+00 1.569558e+00 7.872340e-01 1.865794e-01 3.109656e-02
32757: 1.838235e+00 1.588235e+00 1.570261e+00 7.859477e-01 1.862745e-01 3.104575e-02
32757: 1.838499e+00 1.587276e+00 1.567700e+00 7.895595e-01 1.859706e-01 3.099511e-02
32757: 1.837134e+00 1.589577e+00 1.566775e+00 7.899023e-01 1.856678e-01 3.094463e-02
32757: 1.835772e+00 1.590244e+00 1.567480e+00 7.902439e-01 1.853659e-01 3.089431e-02
32757: 1.836039e+00 1.590909e+00 1.568182e+00 7.889610e-01 1.850649e-01 3.084416e-02
32757: 1.834684e+00 1.589951e+00 1.568882e+00 7.893031e-01 1.863857e-01 3.079417e-02
32757: 1.834951e+00 1.590615e+00 1.569579e+00 7.880259e-01 1.860841e-01 3.074434e-02
32757: 1.833603e+00 1.589661e+00 1.571890e+00 7.883683e-01 1.857835e-01 3.069467e-02
32757: 1.832258e+00 1.593548e+00 1.569355e+00 7.887097e-01 1.854839e-01 3.064516e-02
32757: 1.832528e+00 1.592593e+00 1.570048e+00 7.890499e-01 1.851852e-01 3.059581e-02
32757: 1.831190e+00 1.594855e+00 1.567524e+00 7.893891e-01 1.864952e-01 3.054662e-02
32757: 1.833066e+00 1.593900e+00 1.568218e+00 7.881220e-01 1.861958e-01 3.049759e-02
32757: 1.831731e+00 1.594551e+00 1.568910e+00 7.884615e-01 1.858974e-01 3.044872e-02
32757: 1.830400e+00 1.595200e+00 1.568000e+00 7.888000e-01 1.872000e-01 3.040000e-02
32757: 1.832268e+00 1.594249e+00 1.567093e+00 7.891374e-01 1.869010e-01 3.035144e-02
32757: 1.832536e+00 1.594896e+00 1.566188e+00 7.878788e-01 1.866029e-01 3.189793e-02
32757: 1.831210e+00 1.593949e+00 1.568471e+00 7.882166e-01 1.863057e-01 3.184713e-02
32757: 1.829889e+00 1.594595e+00 1.570747e+00 7.869634e-01 1.860095e-01 3.179650e-02
32757: 1.831746e+00 1.592063e+00 1.571429e+00 7.873016e-01 1.857143e-01 3.174603e-02
32757: 1.832013e+00 1.592710e+00 1.570523e+00 7.876387e-01 1.854200e-01 3.169572e-02
32757: 1.830696e+00 1.593354e+00 1.571203e+00 7.879747e-01 1.851266e-01 3.164557e-02
32757: 1.829384e+00 1.595577e+00 1.570300e+00 7.883096e-01 1.848341e-01 3.159558e-02
32757: 1.829653e+00 1.597792e+00 1.567823e+00 7.886435e-01 1.845426e-01 3.154574e-02
32757: 1.828346e+00 1.600000e+00 1.568504e+00 7.874016e-01 1.842520e-01 3.149606e-02
32757: 1.828616e+00 1.602201e+00 1.567610e+00 7.861635e-01 1.839623e-01 3.144654e-02
32757: 1.828885e+00 1.602826e+00 1.568289e+00 7.849294e-01 1.836735e-01 3.139717e-02
32757: 1.829154e+00 1.601881e+00 1.568966e+00 7.852665e-01 1.833856e-01 3.134796e-02
32757: 1.827856e+00 1.602504e+00 1.568075e+00 7.856025e-01 1.846635e-01 3.129890e-02
32757: 1.829687e+00 1.603125e+00 1.567187e+00 7.843750e-01 1.843750e-01 3.125000e-02
32757: 1.828393e+00 1.602184e+00 1.570983e+00 7.831513e-01 1.840874e-01 3.120125e-02
32757: 1.827103e+00 1.604361e+00 1.570093e+00 7.834891e-01 1.838006e-01 3.115265e-02
32757: 1.827372e+00 1.604977e+00 1.567652e+00 7.838258e-01 1.850700e-01 3.110420e-02
32757: 1.826087e+00 1.605590e+00 1.569876e+00 7.826087e-01 1.847826e-01 3.105590e-02
32757: 1.826357e+00 1.603101e+00 1.570543e+00 7.813953e-01 1.875969e-01 3.100775e-02
32757: 1.825077e+00 1.602167e+00 1.571207e+00 7.832817e-01 1.873065e-01 3.095975e-02
32757: 1.825348e+00 1.601236e+00 1.570325e+00 7.836167e-01 1.885626e-01 3.091190e-02
32757: 1.824074e+00 1.603395e+00 1.569444e+00 7.839506e-01 1.882716e-01 3.086420e-02
32757: 1.825886e+00 1.602465e+00 1.568567e+00 7.827427e-01 1.895223e-01 3.081664e-02
32757: 1.826154e+00 1.604615e+00 1.567692e+00 7.815385e-01 1.892308e-01 3.076923e-02
32757: 1.824885e+00 1.602151e+00 1.569892e+00 7.834101e-01 1.889401e-01 3.072197e-02
32757: 1.825153e+00 1.602761e+00 1.569018e+00 7.822086e-01 1.901840e-01 3.067485e-02
32757: 1.825421e+00 1.601838e+00 1.569678e+00 7.825421e-01 1.898928e-01 3.062787e-02
32757: 1.825688e+00 1.600917e+00 1.570336e+00 7.828746e-01 1.896024e-01 3.058104e-02
32757: 1.825954e+00 1.603053e+00 1.567939e+00 7.832061e-01 1.893130e-01 3.053435e-02
32757: 1.827744e+00 1.602134e+00 1.568598e+00 7.820122e-01 1.890244e-01 3.048780e-02
32757: 1.826484e+00 1.602740e+00 1.570776e+00 7.808219e-01 1.887367e-01 3.044140e-02
32757: 1.825228e+00 1.603343e+00 1.568389e+00 7.826748e-01 1.899696e-01 3.039514e-02
32757: 1.825493e+00 1.602428e+00 1.569044e+00 7.830046e-01 1.896813e-01 3.034901e-02
32757: 1.824242e+00 1.603030e+00 1.569697e+00 7.833333e-01 1.893939e-01 3.030303e-02
32757: 1.826021e+00 1.602118e+00 1.570348e+00 7.821483e-01 1.891074e-01 3.025719e-02
32757: 1.824773e+00 1.602719e+00 1.569486e+00 7.824773e-01 1.888218e-01 3.172205e-02
32757: 1.825038e+00 1.603318e+00 1.568627e+00 7.812971e-01 1.885370e-01 3.318250e-02
32757: 1.823795e+00 1.603916e+00 1.570783e+00 7.801205e-01 1.882530e-01 3.313253e-02
32757: 1.825564e+00 1.601504e+00 1.569925e+00 7.804511e-01 1.894737e-01 3.308271e-02
32757: 1.827327e+00 1.602102e+00 1.569069e+00 7.792793e-01 1.891892e-01 3.303303e-02
32757: 1.829085e+00 1.601199e+00 1.569715e+00 7.781109e-01 1.889055e-01 3.298351e-02
32757: 1.827844e+00 1.603293e+00 1.570359e+00 7.769461e-01 1.886228e-01 3.293413e-02
32757: 1.828102e+00 1.600897e+00 1.571001e+00 7.772795e-01 1.898356e-01 3.288490e-02
32757: 1.826866e+00 1.601493e+00 1.571642e+00 7.776119e-01 1.895522e-01 3.283582e-02
32757: 1.827124e+00 1.602086e+00 1.569300e+00 7.794337e-01 1.892697e-01 3.278689e-02
32757: 1.825893e+00 1.601190e+00 1.572917e+00 7.782738e-01 1.889881e-01 3.273810e-02
32757: 1.824666e+00 1.603269e+00 1.572065e+00 7.786033e-01 1.887073e-01 3.268945e-02
32757: 1.826409e+00 1.602374e+00 1.571217e+00 7.789318e-01 1.884273e-01 3.264095e-02
32757: 1.828148e+00 1.602963e+00 1.568889e+00 7.792593e-01 1.881481e-01 3.259259e-02
32757: 1.828402e+00 1.603550e+00 1.569527e+00 7.781065e-01 1.878698e-01 3.254438e-02
32757: 1.828656e+00 1.602659e+00 1.570162e+00 7.784343e-01 1.875923e-01 3.249631e-02
32757: 1.827434e+00 1.603245e+00 1.567847e+00 7.802360e-01 1.887906e-01 3.244838e-02
32757: 1.829161e+00 1.603829e+00 1.567010e+00 7.790869e-01 1.885125e-01 3.240059e-02
32757: 1.827941e+00 1.604412e+00 1.569118e+00 7.779412e-01 1.882353e-01 3.235294e-02
32757: 1.826725e+00 1.604993e+00 1.571219e+00 7.767988e-01 1.879589e-01 3.230543e-02
32757: 1.826979e+00 1.602639e+00 1.571848e+00 7.785924e-01 1.876833e-01 3.225806e-02
32757: 1.825769e+00 1.606149e+00 1.569546e+00 7.789165e-01 1.874085e-01 3.221083e-02
32757: 1.827485e+00 1.605263e+00 1.568713e+00 7.792398e-01 1.871345e-01 3.216374e-02
32757: 1.827737e+00 1.607299e+00 1.567883e+00 7.781022e-01 1.868613e-01 3.211679e-02
32757: 1.827988e+00 1.604956e+00 1.569971e+00 7.769679e-01 1.865889e-01 3.352770e-02
32757: 1.826783e+00 1.605531e+00 1.572052e+00 7.758370e-01 1.863173e-01 3.347889e-02
32757: 1.828488e+00 1.604651e+00 1.571221e+00 7.761628e-01 1.860465e-01 3.343023e-02
32757: 1.827286e+00 1.605225e+00 1.568940e+00 7.764877e-01 1.886792e-01 3.338171e-02
32757: 1.828986e+00 1.604348e+00 1.569565e+00 7.753623e-01 1.884058e-01 3.333333e-02
32757: 1.829233e+00 1.606368e+00 1.568741e+00 7.742402e-01 1.881331e-01 3.328509e-02
32757: 1.828035e+00 1.605491e+00 1.570809e+00 7.731214e-01 1.893064e-01 3.323699e-02
32757: 1.826840e+00 1.606061e+00 1.569986e+00 7.734488e-01 1.904762e-01 3.318903e-02
32757: 1.828530e+00 1.603746e+00 1.572046e+00 7.723343e-01 1.902017e-01 3.314121e-02
32757: 1.827338e+00 1.604317e+00 1.572662e+00 7.726619e-01 1.899281e-01 3.309353e-02
32757: 1.827586e+00 1.602011e+00 1.573276e+00 7.744253e-01 1.896552e-01 3.304598e-02
32757: 1.827834e+00 1.602582e+00 1.571019e+00 7.747489e-01 1.908178e-01 3.299857e-02
32757: 1.829513e+00 1.601719e+00 1.570201e+00 7.750716e-01 1.905444e-01 3.295129e-02
32757: 1.829757e+00 1.602289e+00 1.567954e+00 7.768240e-01 1.902718e-01 3.290415e-02
32757: 1.830000e+00 1.602857e+00 1.568571e+00 7.757143e-01 1.900000e-01 3.285714e-02
32757: 1.828816e+00 1.600571e+00 1.570613e+00 7.760342e-01 1.897290e-01 3.423680e-02
32757: 1.829060e+00 1.599715e+00 1.571225e+00 7.763533e-01 1.894587e-01 3.418803e-02
32757: 1.827881e+00 1.603129e+00 1.568990e+00 7.766714e-01 1.891892e-01 3.413940e-02
32757: 1.828125e+00 1.602273e+00 1.569602e+00 7.755682e-01 1.903409e-01 3.409091e-02
32757: 1.826950e+00 1.604255e+00 1.568794e+00 7.758865e-01 1.900709e-01 3.404255e-02
32757: 1.827195e+00 1.603399e+00 1.569405e+00 7.762040e-01 1.898017e-01 3.399433e-02
32757: 1.828854e+00 1.603960e+00 1.568600e+00 7.751061e-01 1.895332e-01 3.394625e-02
32757: 1.829096e+00 1.603107e+00 1.569209e+00 7.754237e-01 1.892655e-01 3.389831e-02
32757: 1.827927e+00 1.605078e+00 1.569817e+00 7.743300e-01 1.889986e-01 3.385049e-02
32757: 1.826761e+00 1.605634e+00 1.571831e+00 7.732394e-01 1.887324e-01 3.380282e-02
32757: 1.827004e+00 1.604782e+00 1.571027e+00 7.749648e-01 1.884669e-01 3.375527e-02
32757: 1.825843e+00 1.606742e+00 1.570225e+00 7.752809e-01 1.882022e-01 3.370787e-02
32757: 1.824684e+00 1.608696e+00 1.568022e+00 7.755961e-01 1.893408e-01 3.366059e-02
32757: 1.826331e+00 1.607843e+00 1.568627e+00 7.745098e-01 1.890756e-01 3.361345e-02
32757: 1.825175e+00 1.608392e+00 1.570629e+00 7.734266e-01 1.888112e-01 3.356643e-02
32757: 1.824022e+00 1.610335e+00 1.569832e+00 7.737430e-01 1.885475e-01 3.351955e-02
32757: 1.825662e+00 1.609484e+00 1.570432e+00 7.726639e-01 1.882845e-01 3.347280e-02
32757: 1.827298e+00 1.610028e+00 1.568245e+00 7.729805e-01 1.880223e-01 3.342618e-02
32757: 1.827538e+00 1.610570e+00 1.568846e+00 7.719054e-01 1.877608e-01 3.337969e-02
32757: 1.827778e+00 1.609722e+00 1.568056e+00 7.722222e-01 1.875000e-01 3.472222e-02
32757: 1.826630e+00 1.610264e+00 1.570042e+00 7.711512e-01 1.872399e-01 3.467406e-02
32757: 1.828255e+00 1.608033e+00 1.570637e+00 7.714681e-01 1.869806e-01 3.462604e-02
32757: 1.827109e+00 1.609959e+00 1.569848e+00 7.717842e-01 1.867220e-01 3.457815e-02
32757: 1.827348e+00 1.609116e+00 1.571823e+00 7.707182e-01 1.864641e-01 3.453039e-02
32757: 1.827586e+00 1.609655e+00 1.571034e+00 7.710345e-01 1.862069e-01 3.448276e-02
32757: 1.826446e+00 1.610193e+00 1.571625e+00 7.713499e-01 1.859504e-01 3.443526e-02
32757: 1.825309e+00 1.612105e+00 1.570839e+00 7.716644e-01 1.856946e-01 3.438790e-02
32757: 1.826923e+00 1.609890e+00 1.570055e+00 7.733516e-01 1.854396e-01 3.434066e-02
32757: 1.828532e+00 1.609053e+00 1.569273e+00 7.736626e-01 1.851852e-01 3.429355e-02
32757: 1.827397e+00 1.609589e+00 1.569863e+00 7.739726e-01 1.849315e-01 3.424658e-02
32757: 1.826265e+00 1.607387e+00 1.573187e+00 7.742818e-01 1.846785e-01 3.419973e-02
32757: 1.826503e+00 1.607923e+00 1.572404e+00 7.745902e-01 1.844262e-01 3.415301e-02
32757: 1.826739e+00 1.607094e+00 1.572988e+00 7.748977e-01 1.841746e-01 3.410641e-02
32757: 1.828338e+00 1.606267e+00 1.572207e+00 7.752044e-01 1.839237e-01 3.405995e-02
32757: 1.827211e+00 1.608163e+00 1.570068e+00 7.768707e-01 1.836735e-01 3.401361e-02
32757: 1.827446e+00 1.608696e+00 1.567935e+00 7.771739e-01 1.847826e-01 3.396739e-02
32757: 1.826323e+00 1.609227e+00 1.568521e+00 7.774763e-01 1.845319e-01 3.392130e-02
32757: 1.825203e+00 1.611111e+00 1.567751e+00 7.777778e-01 1.842818e-01 3.387534e-02
32757: 1.826793e+00 1.610284e+00 1.566982e+00 7.767253e-01 1.853857e-01 3.382950e-02
32757: 1.825676e+00 1.610811e+00 1.567568e+00 7.770270e-01 1.851351e-01 3.378378e-02
32757: 1.825911e+00 1.611336e+00 1.566802e+00 7.759784e-01 1.848853e-01 3.508772e-02
32757: 1.824798e+00 1.610512e+00 1.567385e+00 7.762803e-01 1.846361e-01 3.638814e-02
32757: 1.826380e+00 1.609690e+00 1.566622e+00 7.765814e-01 1.843876e-01 3.633917e-02
32757: 1.826613e+00 1.608871e+00 1.568548e+00 7.755376e-01 1.841398e-01 3.629032e-02
32757: 1.826846e+00 1.609396e+00 1.567785e+00 7.758389e-01 1.838926e-01 3.624161e-02
32757: 1.825737e+00 1.609920e+00 1.568365e+00 7.761394e-01 1.836461e-01 3.619303e-02
32757: 1.825971e+00 1.610442e+00 1.567604e+00 7.751004e-01 1.847390e-01 3.614458e-02
32757: 1.824866e+00 1.609626e+00 1.569519e+00 7.754011e-01 1.844920e-01 3.609626e-02
32757: 1.825100e+00 1.607477e+00 1.572764e+00 7.743658e-01 1.842457e-01 3.604806e-02
32757: 1.824000e+00 1.609333e+00 1.570667e+00 7.760000e-01 1.840000e-01 3.600000e-02
32757: 1.826897e+00 1.608522e+00 1.568575e+00 7.762983e-01 1.837550e-01 3.595206e-02
32757: 1.825798e+00 1.610372e+00 1.569149e+00 7.752660e-01 1.835106e-01 3.590426e-02
32757: 1.826029e+00 1.610890e+00 1.569721e+00 7.742364e-01 1.832669e-01 3.585657e-02
32757: 1.824934e+00 1.611406e+00 1.568966e+00 7.758621e-01 1.830239e-01 3.580902e-02
32757: 1.825166e+00 1.610596e+00 1.569536e+00 7.748344e-01 1.841060e-01 3.576159e-02
32757: 1.824074e+00 1.611111e+00 1.570106e+00 7.738095e-01 1.851852e-01 3.571429e-02
32757: 1.824306e+00 1.612946e+00 1.568032e+00 7.741083e-01 1.849406e-01 3.566711e-02
32757: 1.823219e+00 1.612137e+00 1.569921e+00 7.744063e-01 1.846966e-01 3.562005e-02
32757: 1.823452e+00 1.612648e+00 1.570487e+00 7.733860e-01 1.844532e-01 3.557312e-02
32757: 1.822368e+00 1.613158e+00 1.568421e+00 7.750000e-01 1.855263e-01 3.552632e-02
32757: 1.822602e+00 1.612352e+00 1.570302e+00 7.739816e-01 1.852825e-01 3.547963e-02
32757: 1.821522e+00 1.612861e+00 1.569554e+00 7.755906e-01 1.850394e-01 3.543307e-02
32757: 1.820446e+00 1.614679e+00 1.568807e+00 7.745740e-01 1.861075e-01 3.538663e-02
32757: 1.819372e+00 1.615183e+00 1.568063e+00 7.748691e-01 1.858639e-01 3.664921e-02
32757: 1.822222e+00 1.614379e+00 1.567320e+00 7.738562e-01 1.856209e-01 3.660131e-02
32757: 1.821149e+00 1.616188e+00 1.567885e+00 7.728460e-01 1.853786e-01 3.655352e-02
32757: 1.822686e+00 1.616688e+00 1.567145e+00 7.718383e-01 1.851369e-01 3.650587e-02
32757: 1.821615e+00 1.615885e+00 1.567708e+00 7.734375e-01 1.848958e-01 3.645833e-02
32757: 1.821847e+00 1.615085e+00 1.568270e+00 7.724317e-01 1.859558e-01 3.641092e-02
32757: 1.822078e+00 1.616883e+00 1.567532e+00 7.714286e-01 1.857143e-01 3.636364e-02
32757: 1.821012e+00 1.614786e+00 1.570687e+00 7.717250e-01 1.854734e-01 3.631647e-02
32757: 1.821244e+00 1.615285e+00 1.568653e+00 7.733161e-01 1.852332e-01 3.626943e-02
32757: 1.821475e+00 1.614489e+00 1.570505e+00 7.723157e-01 1.849935e-01 3.622251e-02
32757: 1.820413e+00 1.616279e+00 1.569767e+00 7.726098e-01 1.847545e-01 3.617571e-02
32757: 1.820645e+00 1.615484e+00 1.571613e+00 7.716129e-01 1.845161e-01 3.612903e-02
32757: 1.819588e+00 1.614691e+00 1.573454e+00 7.719072e-01 1.842784e-01 3.608247e-02
32757: 1.821107e+00 1.613900e+00 1.572716e+00 7.722008e-01 1.840412e-01 3.603604e-02
32757: 1.821337e+00 1.614396e+00 1.571979e+00 7.724936e-01 1.838046e-01 3.598972e-02
32757: 1.820282e+00 1.616175e+00 1.571245e+00 7.727856e-01 1.835687e-01 3.594352e-02
32757: 1.819231e+00 1.617949e+00 1.570513e+00 7.730769e-01 1.833333e-01 3.589744e-02
32757: 1.820743e+00 1.618438e+00 1.568502e+00 7.733675e-01 1.830986e-01 3.585147e-02
32757: 1.819693e+00 1.618926e+00 1.570332e+00 7.723785e-01 1.828645e-01 3.580563e-02
32757: 1.819923e+00 1.619413e+00 1.569604e+00 7.726692e-01 1.826309e-01 3.575990e-02
32757: 1.818878e+00 1.618622e+00 1.571429e+00 7.729592e-01 1.823980e-01 3.571429e-02
32757: 1.819108e+00 1.617834e+00 1.571975e+00 7.732484e-01 1.821656e-01 3.566879e-02
32757: 1.818066e+00 1.618321e+00 1.571247e+00 7.735369e-01 1.832061e-01 3.562341e-02
32757: 1.817027e+00 1.618806e+00 1.571792e+00 7.738247e-01 1.829733e-01 3.557814e-02
32757: 1.817259e+00 1.618020e+00 1.572335e+00 7.741117e-01 1.827411e-01 3.553299e-02
32757: 1.816223e+00 1.618504e+00 1.570342e+00 7.756654e-01 1.837769e-01 3.548796e-02
32757: 1.815190e+00 1.617722e+00 1.570886e+00 7.772152e-01 1.835443e-01 3.544304e-02
32757: 1.815424e+00 1.616941e+00 1.570164e+00 7.774968e-01 1.845765e-01 3.539823e-02
32757: 1.815657e+00 1.617424e+00 1.569444e+00 7.777778e-01 1.843434e-01 3.535354e-02
32757: 1.814628e+00 1.617907e+00 1.571248e+00 7.767970e-01 1.841110e-01 3.530895e-02
32757: 1.816121e+00 1.618388e+00 1.569270e+00 7.770781e-01 1.838791e-01 3.526448e-02
32757: 1.815094e+00 1.618868e+00 1.569811e+00 7.773585e-01 1.836478e-01 3.522013e-02
32757: 1.814070e+00 1.618090e+00 1.571608e+00 7.776382e-01 1.834171e-01 3.517588e-02
32757: 1.814304e+00 1.616060e+00 1.572146e+00 7.791719e-01 1.831870e-01 3.513174e-02
32757: 1.814536e+00 1.616541e+00 1.570175e+00 7.807018e-01 1.829574e-01 3.508772e-02
32757: 1.813517e+00 1.618273e+00 1.569462e+00 7.809762e-01 1.827284e-01 3.504380e-02
32757: 1.813750e+00 1.617500e+00 1.568750e+00 7.812500e-01 1.837500e-01 3.500000e-02
32757: 1.812734e+00 1.619226e+00 1.568040e+00 7.802747e-01 1.847690e-01 3.495630e-02
32757: 1.812968e+00 1.618454e+00 1.568579e+00 7.805486e-01 1.845387e-01 3.491272e-02
32757: 1.813200e+00 1.618929e+00 1.569116e+00 7.795766e-01 1.843088e-01 3.486924e-02
32757: 1.812189e+00 1.619403e+00 1.569652e+00 7.798507e-01 1.840796e-01 3.482587e-02
32757: 1.812422e+00 1.617391e+00 1.571429e+00 7.801242e-01 1.838509e-01 3.478261e-02
32757: 1.812655e+00 1.617866e+00 1.569479e+00 7.816377e-01 1.836228e-01 3.473945e-02
32757: 1.811648e+00 1.618340e+00 1.570012e+00 7.806691e-01 1.846344e-01 3.469641e-02
32757: 1.811881e+00 1.618812e+00 1.569307e+00 7.809406e-01 1.844059e-01 3.465347e-02
32757: 1.810878e+00 1.619283e+00 1.571075e+00 7.799753e-01 1.841780e-01 3.461063e-02
32757: 1.811111e+00 1.619753e+00 1.570370e+00 7.802469e-01 1.839506e-01 3.456790e-02
32757: 1.810111e+00 1.620222e+00 1.569667e+00 7.817509e-01 1.837238e-01 3.452528e-02
32757: 1.810345e+00 1.618227e+00 1.572660e+00 7.807882e-01 1.834975e-01 3.448276e-02
32757: 1.809348e+00 1.618696e+00 1.573186e+00 7.810578e-01 1.832718e-01 3.444034e-02
32757: 1.808354e+00 1.619165e+00 1.572482e+00 7.825553e-01 1.830467e-01 3.439803e-02
32757: 1.809816e+00 1.617178e+00 1.573006e+00 7.828221e-01 1.828221e-01 3.435583e-02
32757: 1.810049e+00 1.617647e+00 1.571078e+00 7.830882e-01 1.838235e-01 3.431373e-02
32757: 1.810282e+00 1.616891e+00 1.570379e+00 7.833537e-01 1.848225e-01 3.427173e-02
32757: 1.810513e+00 1.617359e+00 1.569682e+00 7.836186e-01 1.845966e-01 3.422983e-02
32757: 1.809524e+00 1.617827e+00 1.570208e+00 7.838828e-01 1.843712e-01 3.418803e-02
32757: 1.808537e+00 1.619512e+00 1.568293e+00 7.853659e-01 1.841463e-01 3.414634e-02
32757: 1.808770e+00 1.619976e+00 1.567600e+00 7.856273e-01 1.839220e-01 3.410475e-02
32757: 1.807786e+00 1.621655e+00 1.568127e+00 7.846715e-01 1.836983e-01 3.406326e-02
32757: 1.808019e+00 1.622114e+00 1.567436e+00 7.849332e-01 1.834751e-01 3.402187e-02
32757: 1.807039e+00 1.621359e+00 1.570388e+00 7.839806e-01 1.832524e-01 3.398058e-02
32757: 1.807273e+00 1.621818e+00 1.569697e+00 7.842424e-01 1.830303e-01 3.393939e-02
32757: 1.806295e+00 1.621065e+00 1.571429e+00 7.832930e-01 1.840194e-01 3.389831e-02
32757: 1.806530e+00 1.619105e+00 1.573156e+00 7.835550e-01 1.837969e-01 3.385732e-02
32757: 1.805556e+00 1.619565e+00 1.573671e+00 7.838164e-01 1.835749e-01 3.381643e-02
32757: 1.805790e+00 1.620024e+00 1.572979e+00 7.840772e-01 1.833534e-01 3.377563e-02
32757: 1.804819e+00 1.618072e+00 1.574699e+00 7.843373e-01 1.843373e-01 3.373494e-02
32757: 1.805054e+00 1.618532e+00 1.572804e+00 7.845969e-01 1.853189e-01 3.369434e-02
32757: 1.804087e+00 1.617788e+00 1.574519e+00 7.848558e-01 1.850962e-01 3.365385e-02
32757: 1.803121e+00 1.617047e+00 1.573830e+00 7.863145e-01 1.860744e-01 3.361345e-02
32757: 1.803357e+00 1.616307e+00 1.573141e+00 7.877698e-01 1.858513e-01 3.357314e-02
32757: 1.803593e+00 1.616766e+00 1.571257e+00 7.880240e-01 1.868263e-01 3.353293e-02
32757: 1.802632e+00 1.616029e+00 1.571770e+00 7.882775e-01 1.877990e-01 3.349282e-02
32757: 1.804062e+00 1.615293e+00 1.571087e+00 7.885305e-01 1.875747e-01 3.345281e-02
32757: 1.803103e+00 1.615752e+00 1.570406e+00 7.887828e-01 1.885442e-01 3.341289e-02
32757: 1.802145e+00 1.617402e+00 1.569726e+00 7.890346e-01 1.883194e-01 3.337306e-02
32757: 1.802381e+00 1.617857e+00 1.569048e+00 7.880952e-01 1.892857e-01 3.333333e-02
32757: 1.802616e+00 1.618312e+00 1.569560e+00 7.871581e-01 1.890606e-01 3.329370e-02
32757: 1.801663e+00 1.617577e+00 1.570071e+00 7.885986e-01 1.888361e-01 3.325416e-02
32757: 1.801898e+00 1.619217e+00 1.568209e+00 7.888493e-01 1.886121e-01 3.321471e-02
32757: 1.800948e+00 1.618483e+00 1.571090e+00 7.879147e-01 1.883886e-01 3.317536e-02
32757: 1.802367e+00 1.616568e+00 1.571598e+00 7.881657e-01 1.881657e-01 3.313609e-02
32757: 1.802600e+00 1.617021e+00 1.570922e+00 7.884161e-01 1.879433e-01 3.309693e-02
32757: 1.802834e+00 1.616293e+00 1.571429e+00 7.886659e-01 1.877214e-01 3.305785e-02
32757: 1.803066e+00 1.617925e+00 1.569575e+00 7.889151e-01 1.875000e-01 3.301887e-02
32757: 1.802120e+00 1.618375e+00 1.570082e+00 7.879859e-01 1.872792e-01 3.415783e-02
32757: 1.801176e+00 1.618824e+00 1.570588e+00 7.882353e-01 1.870588e-01 3.411765e-02
32757: 1.802585e+00 1.618096e+00 1.569918e+00 7.884841e-01 1.868390e-01 3.407756e-02
32757: 1.801643e+00 1.618545e+00 1.571596e+00 7.875587e-01 1.866197e-01 3.403756e-02
32757: 1.800703e+00 1.617819e+00 1.572098e+00 7.889801e-01 1.864009e-01 3.399766e-02
32757: 1.800937e+00 1.617096e+00 1.571429e+00 7.903981e-01 1.861827e-01 3.395785e-02
32757: 1.801170e+00 1.617544e+00 1.570760e+00 7.906433e-01 1.859649e-01 3.391813e-02
32757: 1.802570e+00 1.616822e+00 1.570093e+00 7.908879e-01 1.857477e-01 3.387850e-02
32757: 1.801634e+00 1.617270e+00 1.570595e+00 7.911319e-01 1.855309e-01 3.383897e-02
32757: 1.800699e+00 1.616550e+00 1.571096e+00 7.925408e-01 1.853147e-01 3.379953e-02
32757: 1.800931e+00 1.615832e+00 1.570431e+00 7.939464e-01 1.850990e-01 3.376019e-02
32757: 1.800000e+00 1.617442e+00 1.568605e+00 7.953488e-01 1.848837e-01 3.372093e-02
32757: 1.800232e+00 1.616725e+00 1.570267e+00 7.944251e-01 1.846690e-01 3.368177e-02
32757: 1.799304e+00 1.618329e+00 1.568445e+00 7.946636e-01 1.856148e-01 3.364269e-02
32757: 1.800695e+00 1.618772e+00 1.567787e+00 7.937428e-01 1.853998e-01 3.360371e-02
32757: 1.799769e+00 1.618056e+00 1.570602e+00 7.928241e-01 1.851852e-01 3.356481e-02
32757: 1.800000e+00 1.619653e+00 1.568786e+00 7.930636e-01 1.849711e-01 3.352601e-02
32757: 1.800231e+00 1.618938e+00 1.570439e+00 7.921478e-01 1.847575e-01 3.348730e-02
32757: 1.799308e+00 1.620531e+00 1.569781e+00 7.923875e-01 1.845444e-01 3.344867e-02
32757: 1.799539e+00 1.619816e+00 1.569124e+00 7.926267e-01 1.854839e-01 3.341014e-02
32757: 1.799770e+00 1.620253e+00 1.569620e+00 7.917146e-01 1.852704e-01 3.337169e-02
32757: 1.800000e+00 1.619540e+00 1.568966e+00 7.919540e-01 1.862069e-01 3.333333e-02
32757: 1.799082e+00 1.621125e+00 1.569460e+00 7.910448e-01 1.859931e-01 3.329506e-02
32757: 1.799312e+00 1.620413e+00 1.571101e+00 7.901376e-01 1.857798e-01 3.325688e-02
32757: 1.798396e+00 1.621993e+00 1.570447e+00 7.903780e-01 1.855670e-01 3.321879e-02
32757: 1.798627e+00 1.621281e+00 1.568650e+00 7.929062e-01 1.853547e-01 3.318078e-02
32757: 1.798857e+00 1.621714e+00 1.568000e+00 7.931429e-01 1.851429e-01 3.314286e-02
32757: 1.797945e+00 1.619863e+00 1.570776e+00 7.933790e-01 1.849315e-01 3.310502e-02
32757: 1.799316e+00 1.619156e+00 1.570125e+00 7.936146e-01 1.847206e-01 3.306727e-02
32757: 1.798405e+00 1.619590e+00 1.569476e+00 7.949886e-01 1.845103e-01 3.302961e-02
32757: 1.798635e+00 1.617747e+00 1.571104e+00 7.940842e-01 1.854380e-01 3.299204e-02
32757: 1.798864e+00 1.618182e+00 1.570455e+00 7.943182e-01 1.852273e-01 3.295455e-02
32757: 1.797957e+00 1.617480e+00 1.569807e+00 7.945516e-01 1.861521e-01 3.405221e-02
32757: 1.799320e+00 1.616780e+00 1.570295e+00 7.936508e-01 1.859410e-01 3.401361e-02
32757: 1.799547e+00 1.618347e+00 1.568516e+00 7.938845e-01 1.857305e-01 3.397508e-02
32757: 1.799774e+00 1.618778e+00 1.569005e+00 7.929864e-01 1.855204e-01 3.393665e-02
32757: 1.800000e+00 1.619209e+00 1.568362e+00 7.932203e-01 1.853107e-01 3.389831e-02
32757: 1.800226e+00 1.617381e+00 1.569977e+00 7.934537e-01 1.851016e-01 3.386005e-02
32757: 1.800451e+00 1.617813e+00 1.570462e+00 7.925592e-01 1.848929e-01 3.382187e-02
32757: 1.800676e+00 1.615991e+00 1.569820e+00 7.939189e-01 1.858108e-01 3.378378e-02
32757: 1.800900e+00 1.617548e+00 1.569179e+00 7.930259e-01 1.856018e-01 3.374578e-02
32757: 1.801124e+00 1.616854e+00 1.570787e+00 7.921348e-01 1.853933e-01 3.370787e-02
32757: 1.801347e+00 1.617284e+00 1.570146e+00 7.923681e-01 1.851852e-01 3.367003e-02
32757: 1.801570e+00 1.616592e+00 1.569507e+00 7.926009e-01 1.860987e-01 3.363229e-02
32757: 1.800672e+00 1.615901e+00 1.571109e+00 7.928331e-01 1.858903e-01 3.359462e-02
32757: 1.800895e+00 1.615213e+00 1.570470e+00 7.930649e-01 1.856823e-01 3.467562e-02
32757: 1.801117e+00 1.615642e+00 1.568715e+00 7.932961e-01 1.865922e-01 3.463687e-02
32757: 1.801339e+00 1.614955e+00 1.570312e+00 7.924107e-01 1.863839e-01 3.459821e-02
32757: 1.800446e+00 1.615385e+00 1.569677e+00 7.937570e-01 1.861761e-01 3.455964e-02
32757: 1.800668e+00 1.615813e+00 1.570156e+00 7.928731e-01 1.859688e-01 3.452116e-02
32757: 1.799778e+00 1.616240e+00 1.569522e+00 7.942158e-01 1.857620e-01 3.448276e-02
32757: 1.800000e+00 1.616667e+00 1.568889e+00 7.944444e-01 1.855556e-01 3.444444e-02
32757: 1.800222e+00 1.617092e+00 1.569367e+00 7.935627e-01 1.853496e-01 3.440622e-02
32757: 1.799335e+00 1.616408e+00 1.569845e+00 7.949002e-01 1.851441e-01 3.436807e-02
32757: 1.798450e+00 1.617940e+00 1.570321e+00 7.940199e-01 1.849391e-01 3.433001e-02
32757: 1.800885e+00 1.617257e+00 1.568584e+00 7.942478e-01 1.847345e-01 3.429204e-02
32757: 1.801105e+00 1.616575e+00 1.570166e+00 7.933702e-01 1.845304e-01 3.425414e-02
32757: 1.800221e+00 1.618102e+00 1.569536e+00 7.935982e-01 1.843267e-01 3.421634e-02
32757: 1.800441e+00 1.617420e+00 1.570011e+00 7.927233e-01 1.852260e-01 3.417861e-02
32757: 1.799559e+00 1.617841e+00 1.568282e+00 7.929515e-01 1.861233e-01 3.524229e-02
32757: 1.798680e+00 1.619362e+00 1.567657e+00 7.920792e-01 1.870187e-01 3.520352e-02
32757: 1.798901e+00 1.619780e+00 1.567033e+00 7.912088e-01 1.879121e-01 3.516484e-02
32757: 1.798024e+00 1.620198e+00 1.567508e+00 7.903403e-01 1.877058e-01 3.622393e-02
32757: 1.797149e+00 1.621711e+00 1.567982e+00 7.894737e-01 1.875000e-01 3.618421e-02
32757: 1.797371e+00 1.623220e+00 1.567360e+00 7.886090e-01 1.872946e-01 3.614458e-02
32757: 1.798687e+00 1.621444e+00 1.568928e+00 7.877462e-01 1.870897e-01 3.610503e-02
32757: 1.797814e+00 1.621858e+00 1.570492e+00 7.868852e-01 1.868852e-01 3.606557e-02
32757: 1.799127e+00 1.622271e+00 1.568777e+00 7.871179e-01 1.866812e-01 3.602620e-02
32757: 1.798255e+00 1.621592e+00 1.569248e+00 7.873501e-01 1.875682e-01 3.598691e-02
32757: 1.798475e+00 1.622004e+00 1.568627e+00 7.875817e-01 1.873638e-01 3.594771e-02
32757: 1.797606e+00 1.620239e+00 1.571273e+00 7.867247e-01 1.882481e-01 3.590860e-02
32757: 1.797826e+00 1.619565e+00 1.571739e+00 7.869565e-01 1.880435e-01 3.586957e-02
32757: 1.796960e+00 1.619978e+00 1.571118e+00 7.882736e-01 1.878393e-01 3.583062e-02
32757: 1.796095e+00 1.621475e+00 1.569414e+00 7.885033e-01 1.887202e-01 3.579176e-02
32757: 1.796316e+00 1.619718e+00 1.572048e+00 7.876490e-01 1.885157e-01 3.575298e-02
32757: 1.795455e+00 1.620130e+00 1.572511e+00 7.878788e-01 1.883117e-01 3.571429e-02
32757: 1.795676e+00 1.619459e+00 1.571892e+00 7.891892e-01 1.881081e-01 3.567568e-02
32757: 1.795896e+00 1.619870e+00 1.571274e+00 7.894168e-01 1.879050e-01 3.563715e-02
32757: 1.795038e+00 1.619202e+00 1.571737e+00 7.896440e-01 1.887810e-01 3.559871e-02
32757: 1.795259e+00 1.619612e+00 1.571121e+00 7.898707e-01 1.885776e-01 3.556034e-02
32757: 1.795479e+00 1.618945e+00 1.571582e+00 7.900969e-01 1.883746e-01 3.552207e-02
32757: 1.795699e+00 1.619355e+00 1.570968e+00 7.903226e-01 1.881720e-01 3.548387e-02
32757: 1.794844e+00 1.618690e+00 1.572503e+00 7.905478e-01 1.879699e-01 3.544576e-02
32757: 1.796137e+00 1.618026e+00 1.571888e+00 7.907725e-01 1.877682e-01 3.540773e-02
32757: 1.796356e+00 1.618435e+00 1.570204e+00 7.909968e-01 1.886388e-01 3.536977e-02
32757: 1.797645e+00 1.617773e+00 1.569593e+00 7.912206e-01 1.884368e-01 3.533191e-02
32757: 1.797861e+00 1.618182e+00 1.568984e+00 7.914439e-01 1.882353e-01 3.529412e-02
32757: 1.798077e+00 1.617521e+00 1.570513e+00 7.905983e-01 1.880342e-01 3.525641e-02
32757: 1.798292e+00 1.617930e+00 1.569904e+00 7.908218e-01 1.878335e-01 3.521878e-02
32757: 1.798507e+00 1.616205e+00 1.571429e+00 7.910448e-01 1.876333e-01 3.518124e-02
32757: 1.798722e+00 1.617678e+00 1.569755e+00 7.912673e-01 1.874334e-01 3.514377e-02
32757: 1.798936e+00 1.617021e+00 1.571277e+00 7.904255e-01 1.872340e-01 3.510638e-02
32757: 1.798087e+00 1.618491e+00 1.569607e+00 7.906482e-01 1.880978e-01 3.506908e-02
32757: 1.799363e+00 1.617834e+00 1.570064e+00 7.898089e-01 1.878981e-01 3.503185e-02
32757: 1.798515e+00 1.618240e+00 1.569459e+00 7.910923e-01 1.876988e-01 3.499470e-02
32757: 1.797669e+00 1.619703e+00 1.568856e+00 7.913136e-01 1.875000e-01 3.495763e-02
32757: 1.797884e+00 1.620106e+00 1.568254e+00 7.915344e-01 1.873016e-01 3.492063e-02
32757: 1.797040e+00 1.620507e+00 1.568710e+00 7.917548e-01 1.871036e-01 3.488372e-02
32757: 1.796199e+00 1.620908e+00 1.569166e+00 7.919747e-01 1.869060e-01 3.484688e-02
32757: 1.797468e+00 1.620253e+00 1.569620e+00 7.911392e-01 1.867089e-01 3.481013e-02
32757: 1.796628e+00 1.620653e+00 1.569020e+00 7.913593e-01 1.875659e-01 3.477345e-02
32757: 1.796842e+00 1.621053e+00 1.568421e+00 7.915789e-01 1.873684e-01 3.473684e-02
32757: 1.798107e+00 1.619348e+00 1.568875e+00 7.917981e-01 1.871714e-01 3.470032e-02
32757: 1.797269e+00 1.619748e+00 1.568277e+00 7.930672e-01 1.869748e-01 3.466387e-02
32757: 1.798531e+00 1.618048e+00 1.568730e+00 7.932844e-01 1.867786e-01 3.462749e-02
32757: 1.797694e+00 1.618449e+00 1.569182e+00 7.924528e-01 1.876310e-01 3.459119e-02
32757: 1.797906e+00 1.618848e+00 1.568586e+00 7.916230e-01 1.884817e-01 3.455497e-02
32757: 1.797071e+00 1.620293e+00 1.569038e+00 7.907950e-01 1.882845e-01 3.451883e-02
32757: 1.797283e+00 1.619645e+00 1.569488e+00 7.910136e-01 1.880878e-01 3.448276e-02
32757: 1.797495e+00 1.620042e+00 1.569937e+00 7.901879e-01 1.878914e-01 3.444676e-02
32757: 1.796663e+00 1.619395e+00 1.571429e+00 7.904067e-01 1.876955e-01 3.441084e-02
32757: 1.797917e+00 1.617708e+00 1.570833e+00 7.916667e-01 1.875000e-01 3.437500e-02
32757: 1.798127e+00 1.619147e+00 1.569199e+00 7.918835e-01 1.873049e-01 3.433923e-02
32757: 1.798337e+00 1.618503e+00 1.570686e+00 7.910603e-01 1.871102e-01 3.430353e-02
32757: 1.798546e+00 1.619938e+00 1.569055e+00 7.912773e-01 1.869159e-01 3.426791e-02
32757: 1.798755e+00 1.619295e+00 1.570539e+00 7.904564e-01 1.867220e-01 3.423237e-02
32757: 1.800000e+00 1.619689e+00 1.568912e+00 7.906736e-01 1.865285e-01 3.419689e-02
32757: 1.799172e+00 1.619048e+00 1.570393e+00 7.908903e-01 1.863354e-01 3.416149e-02
32757: 1.798345e+00 1.619442e+00 1.570838e+00 7.911065e-01 1.861427e-01 3.412616e-02
32757: 1.798554e+00 1.620868e+00 1.569215e+00 7.913223e-01 1.859504e-01 3.409091e-02
32757: 1.798762e+00 1.619195e+00 1.571723e+00 7.905057e-01 1.857585e-01 3.405573e-02
32757: 1.798969e+00 1.618557e+00 1.571134e+00 7.907216e-01 1.865979e-01 3.402062e-02
32757: 1.799176e+00 1.618950e+00 1.570546e+00 7.909372e-01 1.864058e-01 3.398558e-02
32757: 1.799383e+00 1.619342e+00 1.569959e+00 7.911523e-01 1.862140e-01 3.395062e-02
32757: 1.799589e+00 1.618705e+00 1.571429e+00 7.903392e-01 1.860226e-01 3.391572e-02
32757: 1.799795e+00 1.620123e+00 1.569815e+00 7.905544e-01 1.858316e-01 3.388090e-02
32757: 1.800000e+00 1.619487e+00 1.570256e+00 7.897436e-01 1.866667e-01 3.384615e-02
32757: 1.800205e+00 1.619877e+00 1.568648e+00 7.899590e-01 1.875000e-01 3.381148e-02
32757: 1.799386e+00 1.620266e+00 1.569089e+00 7.901740e-01 1.873081e-01 3.377687e-02
32757: 1.798569e+00 1.620654e+00 1.570552e+00 7.893661e-01 1.871166e-01 3.374233e-02
32757: 1.798774e+00 1.620020e+00 1.569969e+00 7.906027e-01 1.869254e-01 3.370787e-02
32757: 1.797959e+00 1.620408e+00 1.570408e+00 7.897959e-01 1.867347e-01 3.469388e-02
32757: 1.798165e+00 1.619776e+00 1.570846e+00 7.900102e-01 1.865443e-01 3.465851e-02
32757: 1.797352e+00 1.620163e+00 1.570265e+00 7.912424e-01 1.863544e-01 3.462322e-02
32757: 1.798576e+00 1.619532e+00 1.569685e+00 7.914547e-01 1.861648e-01 3.458800e-02
32757: 1.798780e+00 1.619919e+00 1.570122e+00 7.906504e-01 1.859756e-01 3.455285e-02
32757: 1.797970e+00 1.618274e+00 1.571574e+00 7.918782e-01 1.857868e-01 3.451777e-02
32757: 1.798174e+00 1.618661e+00 1.569980e+00 7.931034e-01 1.855984e-01 3.448276e-02
32757: 1.797366e+00 1.619048e+00 1.571429e+00 7.922999e-01 1.854103e-01 3.444782e-02
32757: 1.797571e+00 1.618421e+00 1.571862e+00 7.925101e-01 1.852227e-01 3.441296e-02
32757: 1.797776e+00 1.617796e+00 1.571284e+00 7.937310e-01 1.850354e-01 3.437816e-02
32757: 1.796970e+00 1.618182e+00 1.569697e+00 7.939394e-01 1.868687e-01 3.434343e-02
32757: 1.798184e+00 1.617558e+00 1.570131e+00 7.931382e-01 1.866801e-01 3.430878e-02
32757: 1.797379e+00 1.617944e+00 1.570565e+00 7.933468e-01 1.864919e-01 3.427419e-02
32757: 1.798590e+00 1.618328e+00 1.568983e+00 7.935549e-01 1.863041e-01 3.423968e-02
32757: 1.797787e+00 1.617706e+00 1.570423e+00 7.927565e-01 1.871227e-01 3.420523e-02
32757: 1.796985e+00 1.617085e+00 1.570854e+00 7.929648e-01 1.879397e-01 3.417085e-02
32757: 1.797189e+00 1.617470e+00 1.570281e+00 7.931727e-01 1.877510e-01 3.413655e-02
32757: 1.796389e+00 1.618857e+00 1.569709e+00 7.933801e-01 1.875627e-01 3.410231e-02
32757: 1.795591e+00 1.619238e+00 1.570140e+00 7.935872e-01 1.873747e-01 3.406814e-02
32757: 1.794795e+00 1.620621e+00 1.568569e+00 7.937938e-01 1.881882e-01 3.403403e-02
32757: Done!
Traceback (most recent call last):
  File "/lowest-unique-number/tournament0/elexunix.py", line 25, in <module>
    input()
EOFError: EOF when reading a line
