Forked 29577
Starting to reopen 0 and 1
Calling execv `tournament0/alex_dany` (pid 29577)
29577: Started!
29577: Number of players: 6, position: 0, number of turns: 1000
29577: Random seed: 1249855099
Strategy 0: first ans is 0
Forked 29578
Starting to reopen 0 and 1
Calling execv `tournament0/lounres.py` (pid 29578)
Strategy 1: first ans is 1
Forked 29579
Starting to reopen 0 and 1
Calling execv `tournament0/fedro.py` (pid 29579)
Strategy 2: first ans is 0
Forked 29603
Starting to reopen 0 and 1
Calling execv `tournament0/pzakorko.py` (pid 29603)
Strategy 3: first ans is 0
Forked 29604
Starting to reopen 0 and 1
Calling execv `tournament0/the_best_strategy.py` (pid 29604)
Strategy 4: first ans is 0
Forked 29605
Starting to reopen 0 and 1
Calling execv `tournament0/elexunix.py` (pid 29605)
Strategy 5: first ans is 3
29577: 4.000000e+00 1.000000e+00 0.000000e+00 1.000000e+00 0.000000e+00 0.000000e+00
29577: 3.500000e+00 1.500000e+00 0.000000e+00 1.000000e+00 0.000000e+00 0.000000e+00
29577: 3.000000e+00 1.333333e+00 1.000000e+00 6.666667e-01 0.000000e+00 0.000000e+00
29577: 3.000000e+00 1.750000e+00 7.500000e-01 5.000000e-01 0.000000e+00 0.000000e+00
29577: 2.800000e+00 1.800000e+00 1.000000e+00 4.000000e-01 0.000000e+00 0.000000e+00
29577: 2.666667e+00 1.500000e+00 1.166667e+00 6.666667e-01 0.000000e+00 0.000000e+00
29577: 2.571429e+00 1.714286e+00 1.142857e+00 5.714286e-01 0.000000e+00 0.000000e+00
29577: 2.500000e+00 1.500000e+00 1.250000e+00 5.000000e-01 2.500000e-01 0.000000e+00
29577: 2.444444e+00 1.666667e+00 1.222222e+00 4.444444e-01 2.222222e-01 0.000000e+00
29577: 2.600000e+00 1.500000e+00 1.300000e+00 4.000000e-01 2.000000e-01 0.000000e+00
29577: 2.545455e+00 1.636364e+00 1.272727e+00 3.636364e-01 1.818182e-01 0.000000e+00
29577: 2.666667e+00 1.500000e+00 1.333333e+00 3.333333e-01 1.666667e-01 0.000000e+00
29577: 2.692308e+00 1.538462e+00 1.307692e+00 3.076923e-01 1.538462e-01 0.000000e+00
29577: 2.714286e+00 1.500000e+00 1.285714e+00 3.571429e-01 1.428571e-01 0.000000e+00
29577: 2.733333e+00 1.533333e+00 1.200000e+00 4.000000e-01 1.333333e-01 0.000000e+00
29577: 2.750000e+00 1.500000e+00 1.250000e+00 3.750000e-01 1.250000e-01 0.000000e+00
29577: 2.705882e+00 1.588235e+00 1.176471e+00 3.529412e-01 1.764706e-01 0.000000e+00
29577: 2.666667e+00 1.500000e+00 1.277778e+00 3.333333e-01 2.222222e-01 0.000000e+00
29577: 2.684211e+00 1.578947e+00 1.210526e+00 3.157895e-01 2.105263e-01 0.000000e+00
29577: 2.650000e+00 1.550000e+00 1.250000e+00 3.500000e-01 2.000000e-01 0.000000e+00
29577: 2.619048e+00 1.571429e+00 1.190476e+00 4.285714e-01 1.904762e-01 0.000000e+00
29577: 2.590909e+00 1.500000e+00 1.272727e+00 4.545455e-01 1.818182e-01 0.000000e+00
29577: 2.565217e+00 1.521739e+00 1.260870e+00 4.782609e-01 1.739130e-01 0.000000e+00
29577: 2.541667e+00 1.583333e+00 1.250000e+00 4.583333e-01 1.666667e-01 0.000000e+00
29577: 2.560000e+00 1.520000e+00 1.320000e+00 4.400000e-01 1.600000e-01 0.000000e+00
29577: 2.538462e+00 1.576923e+00 1.269231e+00 4.230769e-01 1.923077e-01 0.000000e+00
29577: 2.555556e+00 1.555556e+00 1.296296e+00 4.074074e-01 1.851852e-01 0.000000e+00
29577: 2.571429e+00 1.571429e+00 1.250000e+00 4.285714e-01 1.785714e-01 0.000000e+00
29577: 2.551724e+00 1.551724e+00 1.275862e+00 4.482759e-01 1.724138e-01 0.000000e+00
29577: 2.566667e+00 1.600000e+00 1.233333e+00 4.333333e-01 1.666667e-01 0.000000e+00
29577: 2.580645e+00 1.580645e+00 1.258065e+00 4.193548e-01 1.612903e-01 0.000000e+00
29577: 2.562500e+00 1.562500e+00 1.250000e+00 4.375000e-01 1.875000e-01 0.000000e+00
29577: 2.545455e+00 1.606061e+00 1.242424e+00 4.242424e-01 1.818182e-01 0.000000e+00
29577: 2.558824e+00 1.558824e+00 1.264706e+00 4.411765e-01 1.764706e-01 0.000000e+00
29577: 2.514286e+00 1.571429e+00 1.285714e+00 4.285714e-01 2.000000e-01 0.000000e+00
29577: 2.527778e+00 1.555556e+00 1.277778e+00 4.166667e-01 2.222222e-01 0.000000e+00
29577: 2.486486e+00 1.567568e+00 1.270270e+00 4.594595e-01 2.162162e-01 0.000000e+00
29577: 2.473684e+00 1.605263e+00 1.236842e+00 4.736842e-01 2.105263e-01 0.000000e+00
29577: 2.435897e+00 1.589744e+00 1.282051e+00 4.871795e-01 2.051282e-01 0.000000e+00
29577: 2.450000e+00 1.575000e+00 1.300000e+00 4.750000e-01 2.000000e-01 0.000000e+00
29577: 2.439024e+00 1.560976e+00 1.317073e+00 4.878049e-01 1.951220e-01 0.000000e+00
29577: 2.404762e+00 1.595238e+00 1.333333e+00 4.761905e-01 1.904762e-01 0.000000e+00
29577: 2.395349e+00 1.558140e+00 1.372093e+00 4.651163e-01 2.093023e-01 0.000000e+00
29577: 2.363636e+00 1.590909e+00 1.363636e+00 4.545455e-01 2.045455e-01 2.272727e-02
29577: 2.355556e+00 1.622222e+00 1.355556e+00 4.444444e-01 2.000000e-01 2.222222e-02
29577: 2.369565e+00 1.586957e+00 1.391304e+00 4.347826e-01 1.956522e-01 2.173913e-02
29577: 2.340426e+00 1.574468e+00 1.404255e+00 4.680851e-01 1.914894e-01 2.127660e-02
29577: 2.333333e+00 1.562500e+00 1.395833e+00 4.583333e-01 2.083333e-01 4.166667e-02
29577: 2.326531e+00 1.591837e+00 1.387755e+00 4.489796e-01 2.040816e-01 4.081633e-02
29577: 2.300000e+00 1.600000e+00 1.420000e+00 4.400000e-01 2.000000e-01 4.000000e-02
29577: 2.313725e+00 1.607843e+00 1.411765e+00 4.313725e-01 1.960784e-01 3.921569e-02
29577: 2.288462e+00 1.596154e+00 1.423077e+00 4.615385e-01 1.923077e-01 3.846154e-02
29577: 2.301887e+00 1.584906e+00 1.433962e+00 4.528302e-01 1.886792e-01 3.773585e-02
29577: 2.277778e+00 1.574074e+00 1.462963e+00 4.629630e-01 1.851852e-01 3.703704e-02
29577: 2.290909e+00 1.563636e+00 1.454545e+00 4.545455e-01 2.000000e-01 3.636364e-02
29577: 2.285714e+00 1.589286e+00 1.446429e+00 4.464286e-01 1.964286e-01 3.571429e-02
29577: 2.280702e+00 1.578947e+00 1.473684e+00 4.385965e-01 1.929825e-01 3.508772e-02
29577: 2.258621e+00 1.586207e+00 1.482759e+00 4.482759e-01 1.896552e-01 3.448276e-02
29577: 2.254237e+00 1.593220e+00 1.474576e+00 4.406780e-01 2.033898e-01 3.389831e-02
29577: 2.233333e+00 1.583333e+00 1.500000e+00 4.333333e-01 2.166667e-01 3.333333e-02
29577: 2.245902e+00 1.573770e+00 1.508197e+00 4.262295e-01 2.131148e-01 3.278689e-02
29577: 2.241935e+00 1.596774e+00 1.500000e+00 4.193548e-01 2.096774e-01 3.225806e-02
29577: 2.222222e+00 1.603175e+00 1.523810e+00 4.126984e-01 2.063492e-01 3.174603e-02
29577: 2.218750e+00 1.578125e+00 1.546875e+00 4.062500e-01 2.031250e-01 4.687500e-02
29577: 2.200000e+00 1.569231e+00 1.569231e+00 4.000000e-01 2.153846e-01 4.615385e-02
29577: 2.212121e+00 1.575758e+00 1.560606e+00 3.939394e-01 2.121212e-01 4.545455e-02
29577: 2.208955e+00 1.552239e+00 1.597015e+00 3.880597e-01 2.089552e-01 4.477612e-02
29577: 2.191176e+00 1.573529e+00 1.602941e+00 3.823529e-01 2.058824e-01 4.411765e-02
29577: 2.188406e+00 1.579710e+00 1.594203e+00 3.913043e-01 2.028986e-01 4.347826e-02
29577: 2.185714e+00 1.571429e+00 1.600000e+00 4.000000e-01 2.000000e-01 4.285714e-02
29577: 2.169014e+00 1.577465e+00 1.591549e+00 4.225352e-01 1.971831e-01 4.225352e-02
29577: 2.180556e+00 1.569444e+00 1.583333e+00 4.305556e-01 1.944444e-01 4.166667e-02
29577: 2.178082e+00 1.575342e+00 1.575342e+00 4.246575e-01 2.054795e-01 4.109589e-02
29577: 2.162162e+00 1.567568e+00 1.594595e+00 4.324324e-01 2.027027e-01 4.054054e-02
29577: 2.160000e+00 1.600000e+00 1.573333e+00 4.266667e-01 2.000000e-01 4.000000e-02
29577: 2.144737e+00 1.592105e+00 1.578947e+00 4.473684e-01 1.973684e-01 3.947368e-02
29577: 2.142857e+00 1.584416e+00 1.571429e+00 4.545455e-01 2.077922e-01 3.896104e-02
29577: 2.153846e+00 1.589744e+00 1.551282e+00 4.615385e-01 2.051282e-01 3.846154e-02
29577: 2.139241e+00 1.582278e+00 1.582278e+00 4.556962e-01 2.025316e-01 3.797468e-02
29577: 2.137500e+00 1.587500e+00 1.562500e+00 4.750000e-01 2.000000e-01 3.750000e-02
29577: 2.135802e+00 1.580247e+00 1.567901e+00 4.691358e-01 2.098765e-01 3.703704e-02
29577: 2.121951e+00 1.597561e+00 1.560976e+00 4.756098e-01 2.073171e-01 3.658537e-02
29577: 2.132530e+00 1.590361e+00 1.554217e+00 4.819277e-01 2.048193e-01 3.614458e-02
29577: 2.130952e+00 1.595238e+00 1.559524e+00 4.761905e-01 2.023810e-01 3.571429e-02
29577: 2.117647e+00 1.588235e+00 1.564706e+00 4.941176e-01 2.000000e-01 3.529412e-02
29577: 2.127907e+00 1.581395e+00 1.569767e+00 4.883721e-01 1.976744e-01 3.488372e-02
29577: 2.114943e+00 1.586207e+00 1.574713e+00 4.942529e-01 1.954023e-01 3.448276e-02
29577: 2.113636e+00 1.590909e+00 1.568182e+00 5.000000e-01 1.931818e-01 3.409091e-02
29577: 2.101124e+00 1.584270e+00 1.584270e+00 5.056180e-01 1.910112e-01 3.370787e-02
29577: 2.100000e+00 1.577778e+00 1.566667e+00 5.222222e-01 2.000000e-01 3.333333e-02
29577: 2.087912e+00 1.582418e+00 1.571429e+00 5.164835e-01 2.087912e-01 3.296703e-02
29577: 2.108696e+00 1.565217e+00 1.565217e+00 5.217391e-01 2.065217e-01 3.260870e-02
29577: 2.096774e+00 1.591398e+00 1.559140e+00 5.161290e-01 2.043011e-01 3.225806e-02
29577: 2.106383e+00 1.595745e+00 1.553191e+00 5.106383e-01 2.021277e-01 3.191489e-02
29577: 2.094737e+00 1.589474e+00 1.557895e+00 5.052632e-01 2.210526e-01 3.157895e-02
29577: 2.104167e+00 1.583333e+00 1.552083e+00 5.104167e-01 2.187500e-01 3.125000e-02
29577: 2.092784e+00 1.608247e+00 1.546392e+00 5.051546e-01 2.164948e-01 3.092784e-02
29577: 2.102041e+00 1.591837e+00 1.551020e+00 5.102041e-01 2.142857e-01 3.061224e-02
29577: 2.090909e+00 1.595960e+00 1.545455e+00 5.050505e-01 2.323232e-01 3.030303e-02
29577: 2.100000e+00 1.600000e+00 1.540000e+00 5.000000e-01 2.300000e-01 3.000000e-02
29577: 2.089109e+00 1.584158e+00 1.564356e+00 5.049505e-01 2.277228e-01 2.970297e-02
29577: 2.088235e+00 1.588235e+00 1.568627e+00 5.000000e-01 2.254902e-01 2.941176e-02
29577: 2.087379e+00 1.572816e+00 1.572816e+00 5.048544e-01 2.330097e-01 2.912621e-02
29577: 2.076923e+00 1.586538e+00 1.567308e+00 5.096154e-01 2.307692e-01 2.884615e-02
29577: 2.076190e+00 1.580952e+00 1.580952e+00 5.047619e-01 2.285714e-01 2.857143e-02
29577: 2.075472e+00 1.594340e+00 1.566038e+00 5.094340e-01 2.264151e-01 2.830189e-02
29577: 2.065421e+00 1.588785e+00 1.588785e+00 5.046729e-01 2.242991e-01 2.803738e-02
29577: 2.064815e+00 1.583333e+00 1.583333e+00 5.185185e-01 2.222222e-01 2.777778e-02
29577: 2.055046e+00 1.587156e+00 1.577982e+00 5.229358e-01 2.293578e-01 2.752294e-02
29577: 2.072727e+00 1.581818e+00 1.563636e+00 5.272727e-01 2.272727e-01 2.727273e-02
29577: 2.072072e+00 1.576577e+00 1.576577e+00 5.225225e-01 2.252252e-01 2.702703e-02
29577: 2.062500e+00 1.580357e+00 1.580357e+00 5.267857e-01 2.232143e-01 2.678571e-02
29577: 2.061947e+00 1.575221e+00 1.575221e+00 5.309735e-01 2.300885e-01 2.654867e-02
29577: 2.052632e+00 1.578947e+00 1.570175e+00 5.438596e-01 2.280702e-01 2.631579e-02
29577: 2.060870e+00 1.573913e+00 1.565217e+00 5.478261e-01 2.260870e-01 2.608696e-02
29577: 2.060345e+00 1.577586e+00 1.568966e+00 5.431034e-01 2.241379e-01 2.586207e-02
29577: 2.059829e+00 1.572650e+00 1.564103e+00 5.470085e-01 2.307692e-01 2.564103e-02
29577: 2.059322e+00 1.576271e+00 1.559322e+00 5.508475e-01 2.288136e-01 2.542373e-02
29577: 2.050420e+00 1.579832e+00 1.571429e+00 5.462185e-01 2.268908e-01 2.521008e-02
29577: 2.050000e+00 1.575000e+00 1.575000e+00 5.500000e-01 2.250000e-01 2.500000e-02
29577: 2.049587e+00 1.586777e+00 1.561983e+00 5.537190e-01 2.231405e-01 2.479339e-02
29577: 2.040984e+00 1.581967e+00 1.581967e+00 5.491803e-01 2.213115e-01 2.459016e-02
29577: 2.048780e+00 1.569106e+00 1.585366e+00 5.528455e-01 2.195122e-01 2.439024e-02
29577: 2.048387e+00 1.572581e+00 1.588710e+00 5.483871e-01 2.177419e-01 2.419355e-02
29577: 2.040000e+00 1.568000e+00 1.592000e+00 5.600000e-01 2.160000e-01 2.400000e-02
29577: 2.039683e+00 1.571429e+00 1.595238e+00 5.555556e-01 2.142857e-01 2.380952e-02
29577: 2.039370e+00 1.559055e+00 1.590551e+00 5.748031e-01 2.125984e-01 2.362205e-02
29577: 2.031250e+00 1.562500e+00 1.593750e+00 5.703125e-01 2.187500e-01 2.343750e-02
29577: 2.046512e+00 1.558140e+00 1.589147e+00 5.658915e-01 2.170543e-01 2.325581e-02
29577: 2.038462e+00 1.576923e+00 1.584615e+00 5.615385e-01 2.153846e-01 2.307692e-02
29577: 2.038168e+00 1.572519e+00 1.580153e+00 5.725191e-01 2.137405e-01 2.290076e-02
29577: 2.030303e+00 1.575758e+00 1.575758e+00 5.757576e-01 2.196970e-01 2.272727e-02
29577: 2.030075e+00 1.563910e+00 1.586466e+00 5.789474e-01 2.180451e-01 2.255639e-02
29577: 2.022388e+00 1.574627e+00 1.582090e+00 5.746269e-01 2.164179e-01 2.985075e-02
29577: 2.037037e+00 1.570370e+00 1.570370e+00 5.777778e-01 2.148148e-01 2.962963e-02
29577: 2.029412e+00 1.573529e+00 1.566176e+00 5.882353e-01 2.132353e-01 2.941176e-02
29577: 2.021898e+00 1.583942e+00 1.569343e+00 5.839416e-01 2.116788e-01 2.919708e-02
29577: 2.021739e+00 1.594203e+00 1.565217e+00 5.797101e-01 2.101449e-01 2.898551e-02
29577: 2.014388e+00 1.589928e+00 1.575540e+00 5.827338e-01 2.086331e-01 2.877698e-02
29577: 2.021429e+00 1.578571e+00 1.578571e+00 5.857143e-01 2.071429e-01 2.857143e-02
29577: 2.014184e+00 1.588652e+00 1.567376e+00 5.957447e-01 2.056738e-01 2.836879e-02
29577: 2.021127e+00 1.577465e+00 1.577465e+00 5.915493e-01 2.042254e-01 2.816901e-02
29577: 2.020979e+00 1.580420e+00 1.566434e+00 6.013986e-01 2.027972e-01 2.797203e-02
29577: 2.013889e+00 1.569444e+00 1.590278e+00 5.972222e-01 2.013889e-01 2.777778e-02
29577: 2.013793e+00 1.572414e+00 1.586207e+00 6.000000e-01 2.000000e-01 2.758621e-02
29577: 2.006849e+00 1.575342e+00 1.582192e+00 6.095890e-01 1.986301e-01 2.739726e-02
29577: 2.006803e+00 1.571429e+00 1.578231e+00 6.122449e-01 1.972789e-01 3.401361e-02
29577: 2.000000e+00 1.574324e+00 1.574324e+00 6.216216e-01 1.959459e-01 3.378378e-02
29577: 2.000000e+00 1.570470e+00 1.570470e+00 6.241611e-01 2.013423e-01 3.355705e-02
29577: 2.000000e+00 1.573333e+00 1.566667e+00 6.266667e-01 2.000000e-01 3.333333e-02
29577: 1.993377e+00 1.582781e+00 1.569536e+00 6.225166e-01 1.986755e-01 3.311258e-02
29577: 1.993421e+00 1.572368e+00 1.585526e+00 6.184211e-01 1.973684e-01 3.289474e-02
29577: 1.986928e+00 1.581699e+00 1.581699e+00 6.209150e-01 1.960784e-01 3.267974e-02
29577: 1.987013e+00 1.584416e+00 1.571429e+00 6.233766e-01 2.012987e-01 3.246753e-02
29577: 1.980645e+00 1.587097e+00 1.574194e+00 6.258065e-01 2.000000e-01 3.225806e-02
29577: 1.987179e+00 1.583333e+00 1.564103e+00 6.346154e-01 1.987179e-01 3.205128e-02
29577: 1.987261e+00 1.585987e+00 1.566879e+00 6.305732e-01 1.974522e-01 3.184713e-02
29577: 1.981013e+00 1.588608e+00 1.569620e+00 6.329114e-01 1.962025e-01 3.164557e-02
29577: 1.993711e+00 1.584906e+00 1.566038e+00 6.289308e-01 1.949686e-01 3.144654e-02
29577: 1.987500e+00 1.587500e+00 1.568750e+00 6.312500e-01 1.937500e-01 3.125000e-02
29577: 1.993789e+00 1.583851e+00 1.565217e+00 6.335404e-01 1.925466e-01 3.105590e-02
29577: 1.993827e+00 1.586420e+00 1.561728e+00 6.358025e-01 1.913580e-01 3.086420e-02
29577: 1.987730e+00 1.588957e+00 1.564417e+00 6.380368e-01 1.901840e-01 3.067485e-02
29577: 1.993902e+00 1.591463e+00 1.560976e+00 6.341463e-01 1.890244e-01 3.048780e-02
29577: 1.993939e+00 1.593939e+00 1.563636e+00 6.303030e-01 1.878788e-01 3.030303e-02
29577: 1.987952e+00 1.590361e+00 1.566265e+00 6.325301e-01 1.927711e-01 3.012048e-02
29577: 1.994012e+00 1.580838e+00 1.574850e+00 6.287425e-01 1.916168e-01 2.994012e-02
29577: 1.988095e+00 1.589286e+00 1.565476e+00 6.369048e-01 1.904762e-01 2.976190e-02
29577: 1.988166e+00 1.585799e+00 1.568047e+00 6.390533e-01 1.893491e-01 2.958580e-02
29577: 1.994118e+00 1.582353e+00 1.570588e+00 6.352941e-01 1.882353e-01 2.941176e-02
29577: 1.988304e+00 1.578947e+00 1.578947e+00 6.374269e-01 1.871345e-01 2.923977e-02
29577: 1.982558e+00 1.581395e+00 1.575581e+00 6.395349e-01 1.918605e-01 2.906977e-02
29577: 1.982659e+00 1.578035e+00 1.572254e+00 6.473988e-01 1.907514e-01 2.890173e-02
29577: 1.982759e+00 1.580460e+00 1.563218e+00 6.551724e-01 1.896552e-01 2.873563e-02
29577: 1.982857e+00 1.577143e+00 1.571429e+00 6.514286e-01 1.885714e-01 2.857143e-02
29577: 1.977273e+00 1.585227e+00 1.562500e+00 6.590909e-01 1.875000e-01 2.840909e-02
29577: 1.983051e+00 1.581921e+00 1.564972e+00 6.553672e-01 1.864407e-01 2.824859e-02
29577: 1.988764e+00 1.584270e+00 1.561798e+00 6.516854e-01 1.853933e-01 2.808989e-02
29577: 1.983240e+00 1.586592e+00 1.569832e+00 6.480447e-01 1.843575e-01 2.793296e-02
29577: 1.988889e+00 1.583333e+00 1.566667e+00 6.444444e-01 1.888889e-01 2.777778e-02
29577: 1.983425e+00 1.585635e+00 1.569061e+00 6.464088e-01 1.878453e-01 2.762431e-02
29577: 1.983516e+00 1.587912e+00 1.565934e+00 6.483516e-01 1.868132e-01 2.747253e-02
29577: 1.978142e+00 1.584699e+00 1.579235e+00 6.448087e-01 1.857923e-01 2.732240e-02
29577: 1.983696e+00 1.576087e+00 1.581522e+00 6.467391e-01 1.847826e-01 2.717391e-02
29577: 1.978378e+00 1.578378e+00 1.578378e+00 6.540541e-01 1.837838e-01 2.702703e-02
29577: 1.978495e+00 1.580645e+00 1.569892e+00 6.559140e-01 1.827957e-01 3.225806e-02
29577: 1.978610e+00 1.582888e+00 1.572193e+00 6.524064e-01 1.818182e-01 3.208556e-02
29577: 1.984043e+00 1.579787e+00 1.563830e+00 6.595745e-01 1.808511e-01 3.191489e-02
29577: 1.984127e+00 1.582011e+00 1.566138e+00 6.560847e-01 1.798942e-01 3.174603e-02
29577: 1.978947e+00 1.589474e+00 1.563158e+00 6.578947e-01 1.789474e-01 3.157895e-02
29577: 1.984293e+00 1.591623e+00 1.560209e+00 6.544503e-01 1.780105e-01 3.141361e-02
29577: 1.979167e+00 1.583333e+00 1.572917e+00 6.510417e-01 1.770833e-01 3.645833e-02
29577: 1.979275e+00 1.585492e+00 1.569948e+00 6.528497e-01 1.761658e-01 3.626943e-02
29577: 1.974227e+00 1.582474e+00 1.582474e+00 6.494845e-01 1.752577e-01 3.608247e-02
29577: 1.974359e+00 1.574359e+00 1.589744e+00 6.512821e-01 1.743590e-01 3.589744e-02
29577: 1.974490e+00 1.581633e+00 1.581633e+00 6.530612e-01 1.734694e-01 3.571429e-02
29577: 1.969543e+00 1.578680e+00 1.583756e+00 6.548223e-01 1.776650e-01 3.553299e-02
29577: 1.969697e+00 1.585859e+00 1.575758e+00 6.565657e-01 1.767677e-01 3.535354e-02
29577: 1.964824e+00 1.582915e+00 1.577889e+00 6.582915e-01 1.809045e-01 3.517588e-02
29577: 1.965000e+00 1.585000e+00 1.575000e+00 6.600000e-01 1.800000e-01 3.500000e-02
29577: 1.960199e+00 1.587065e+00 1.572139e+00 6.666667e-01 1.791045e-01 3.482587e-02
29577: 1.960396e+00 1.579208e+00 1.569307e+00 6.782178e-01 1.782178e-01 3.465347e-02
29577: 1.955665e+00 1.586207e+00 1.566502e+00 6.748768e-01 1.822660e-01 3.448276e-02
29577: 1.960784e+00 1.578431e+00 1.573529e+00 6.715686e-01 1.813725e-01 3.431373e-02
29577: 1.956098e+00 1.585366e+00 1.570732e+00 6.731707e-01 1.804878e-01 3.414634e-02
29577: 1.956311e+00 1.582524e+00 1.567961e+00 6.796117e-01 1.796117e-01 3.398058e-02
29577: 1.956522e+00 1.584541e+00 1.570048e+00 6.763285e-01 1.787440e-01 3.381643e-02
29577: 1.956731e+00 1.586538e+00 1.562500e+00 6.826923e-01 1.778846e-01 3.365385e-02
29577: 1.956938e+00 1.583732e+00 1.564593e+00 6.842105e-01 1.770335e-01 3.349282e-02
29577: 1.957143e+00 1.585714e+00 1.566667e+00 6.809524e-01 1.761905e-01 3.333333e-02
29577: 1.957346e+00 1.587678e+00 1.563981e+00 6.824645e-01 1.753555e-01 3.317536e-02
29577: 1.957547e+00 1.584906e+00 1.570755e+00 6.792453e-01 1.745283e-01 3.301887e-02
29577: 1.953052e+00 1.596244e+00 1.563380e+00 6.807512e-01 1.737089e-01 3.286385e-02
29577: 1.953271e+00 1.598131e+00 1.565421e+00 6.775701e-01 1.728972e-01 3.271028e-02
29577: 1.948837e+00 1.595349e+00 1.562791e+00 6.790698e-01 1.813953e-01 3.255814e-02
29577: 1.958333e+00 1.592593e+00 1.560185e+00 6.759259e-01 1.805556e-01 3.240741e-02
29577: 1.953917e+00 1.599078e+00 1.562212e+00 6.728111e-01 1.797235e-01 3.225806e-02
29577: 1.954128e+00 1.600917e+00 1.564220e+00 6.697248e-01 1.788991e-01 3.211009e-02
29577: 1.954338e+00 1.602740e+00 1.561644e+00 6.712329e-01 1.780822e-01 3.196347e-02
29577: 1.954545e+00 1.595455e+00 1.568182e+00 6.727273e-01 1.772727e-01 3.181818e-02
29577: 1.950226e+00 1.601810e+00 1.570136e+00 6.696833e-01 1.764706e-01 3.167421e-02
29577: 1.950450e+00 1.599099e+00 1.567568e+00 6.756757e-01 1.756757e-01 3.153153e-02
29577: 1.950673e+00 1.600897e+00 1.569507e+00 6.726457e-01 1.748879e-01 3.139013e-02
29577: 1.946429e+00 1.593750e+00 1.575893e+00 6.785714e-01 1.741071e-01 3.125000e-02
29577: 1.946667e+00 1.600000e+00 1.568889e+00 6.800000e-01 1.733333e-01 3.111111e-02
29577: 1.942478e+00 1.601770e+00 1.570796e+00 6.814159e-01 1.725664e-01 3.097345e-02
29577: 1.942731e+00 1.603524e+00 1.563877e+00 6.872247e-01 1.718062e-01 3.083700e-02
29577: 1.942982e+00 1.600877e+00 1.570175e+00 6.842105e-01 1.710526e-01 3.070175e-02
29577: 1.938865e+00 1.606987e+00 1.567686e+00 6.855895e-01 1.703057e-01 3.056769e-02
29577: 1.943478e+00 1.604348e+00 1.569565e+00 6.826087e-01 1.695652e-01 3.043478e-02
29577: 1.939394e+00 1.606061e+00 1.567100e+00 6.839827e-01 1.731602e-01 3.030303e-02
29577: 1.948276e+00 1.603448e+00 1.564655e+00 6.810345e-01 1.724138e-01 3.017241e-02
29577: 1.948498e+00 1.609442e+00 1.562232e+00 6.781116e-01 1.716738e-01 3.004292e-02
29577: 1.944444e+00 1.611111e+00 1.568376e+00 6.752137e-01 1.709402e-01 2.991453e-02
29577: 1.944681e+00 1.612766e+00 1.565957e+00 6.723404e-01 1.744681e-01 2.978723e-02
29577: 1.944915e+00 1.610169e+00 1.572034e+00 6.694915e-01 1.737288e-01 2.966102e-02
29577: 1.940928e+00 1.620253e+00 1.565401e+00 6.708861e-01 1.729958e-01 2.953586e-02
29577: 1.945378e+00 1.621849e+00 1.563025e+00 6.680672e-01 1.722689e-01 2.941176e-02
29577: 1.945607e+00 1.623431e+00 1.564854e+00 6.652720e-01 1.715481e-01 2.928870e-02
29577: 1.941667e+00 1.620833e+00 1.570833e+00 6.666667e-01 1.708333e-01 2.916667e-02
29577: 1.941909e+00 1.618257e+00 1.564315e+00 6.763485e-01 1.701245e-01 2.904564e-02
29577: 1.942149e+00 1.615702e+00 1.566116e+00 6.735537e-01 1.735537e-01 2.892562e-02
29577: 1.938272e+00 1.617284e+00 1.563786e+00 6.748971e-01 1.769547e-01 2.880658e-02
29577: 1.938525e+00 1.618852e+00 1.565574e+00 6.721311e-01 1.762295e-01 2.868852e-02
29577: 1.934694e+00 1.616327e+00 1.571429e+00 6.734694e-01 1.755102e-01 2.857143e-02
29577: 1.939024e+00 1.613821e+00 1.565041e+00 6.788618e-01 1.747967e-01 2.845528e-02
29577: 1.935223e+00 1.619433e+00 1.562753e+00 6.801619e-01 1.740891e-01 2.834008e-02
29577: 1.935484e+00 1.616935e+00 1.568548e+00 6.774194e-01 1.733871e-01 2.822581e-02
29577: 1.935743e+00 1.622490e+00 1.566265e+00 6.746988e-01 1.726908e-01 2.811245e-02
29577: 1.932000e+00 1.628000e+00 1.568000e+00 6.720000e-01 1.720000e-01 2.800000e-02
29577: 1.932271e+00 1.633466e+00 1.565737e+00 6.693227e-01 1.713147e-01 2.788845e-02
29577: 1.928571e+00 1.630952e+00 1.575397e+00 6.666667e-01 1.706349e-01 2.777778e-02
29577: 1.932806e+00 1.628458e+00 1.573123e+00 6.679842e-01 1.699605e-01 2.766798e-02
29577: 1.937008e+00 1.629921e+00 1.566929e+00 6.692913e-01 1.692913e-01 2.755906e-02
29577: 1.933333e+00 1.627451e+00 1.572549e+00 6.666667e-01 1.686275e-01 3.137255e-02
29577: 1.937500e+00 1.621094e+00 1.570312e+00 6.718750e-01 1.679688e-01 3.125000e-02
29577: 1.941634e+00 1.622568e+00 1.564202e+00 6.731518e-01 1.673152e-01 3.112840e-02
29577: 1.937984e+00 1.616279e+00 1.573643e+00 6.744186e-01 1.666667e-01 3.100775e-02
29577: 1.942085e+00 1.613900e+00 1.567568e+00 6.795367e-01 1.660232e-01 3.088803e-02
29577: 1.938462e+00 1.619231e+00 1.565385e+00 6.769231e-01 1.692308e-01 3.076923e-02
29577: 1.938697e+00 1.616858e+00 1.567050e+00 6.743295e-01 1.724138e-01 3.065134e-02
29577: 1.935115e+00 1.625954e+00 1.564885e+00 6.717557e-01 1.717557e-01 3.053435e-02
29577: 1.935361e+00 1.619772e+00 1.570342e+00 6.730038e-01 1.711027e-01 3.041825e-02
29577: 1.931818e+00 1.625000e+00 1.568182e+00 6.742424e-01 1.704545e-01 3.030303e-02
29577: 1.935849e+00 1.626415e+00 1.566038e+00 6.716981e-01 1.698113e-01 3.018868e-02
29577: 1.936090e+00 1.627820e+00 1.567669e+00 6.691729e-01 1.691729e-01 3.007519e-02
29577: 1.932584e+00 1.629213e+00 1.565543e+00 6.741573e-01 1.685393e-01 2.996255e-02
29577: 1.932836e+00 1.634328e+00 1.563433e+00 6.716418e-01 1.679104e-01 2.985075e-02
29577: 1.929368e+00 1.635688e+00 1.565056e+00 6.728625e-01 1.672862e-01 2.973978e-02
29577: 1.929630e+00 1.633333e+00 1.562963e+00 6.740741e-01 1.703704e-01 2.962963e-02
29577: 1.926199e+00 1.638376e+00 1.560886e+00 6.715867e-01 1.734317e-01 2.952030e-02
29577: 1.930147e+00 1.636029e+00 1.558824e+00 6.691176e-01 1.764706e-01 2.941176e-02
29577: 1.926740e+00 1.637363e+00 1.560440e+00 6.666667e-01 1.794872e-01 2.930403e-02
29577: 1.927007e+00 1.635036e+00 1.562044e+00 6.678832e-01 1.788321e-01 2.919708e-02
29577: 1.923636e+00 1.640000e+00 1.560000e+00 6.690909e-01 1.781818e-01 2.909091e-02
29577: 1.923913e+00 1.641304e+00 1.557971e+00 6.702899e-01 1.775362e-01 2.898551e-02
29577: 1.920578e+00 1.642599e+00 1.563177e+00 6.678700e-01 1.768953e-01 2.888087e-02
29577: 1.924460e+00 1.640288e+00 1.561151e+00 6.654676e-01 1.798561e-01 2.877698e-02
29577: 1.921147e+00 1.641577e+00 1.562724e+00 6.630824e-01 1.827957e-01 2.867384e-02
29577: 1.921429e+00 1.646429e+00 1.560714e+00 6.607143e-01 1.821429e-01 2.857143e-02
29577: 1.918149e+00 1.647687e+00 1.562278e+00 6.583630e-01 1.850534e-01 2.846975e-02
29577: 1.921986e+00 1.641844e+00 1.563830e+00 6.560284e-01 1.843972e-01 3.191489e-02
29577: 1.922261e+00 1.639576e+00 1.565371e+00 6.572438e-01 1.837456e-01 3.180212e-02
29577: 1.919014e+00 1.637324e+00 1.570423e+00 6.584507e-01 1.830986e-01 3.169014e-02
29577: 1.922807e+00 1.638596e+00 1.564912e+00 6.596491e-01 1.824561e-01 3.157895e-02
29577: 1.919580e+00 1.636364e+00 1.573427e+00 6.573427e-01 1.818182e-01 3.146853e-02
29577: 1.923345e+00 1.634146e+00 1.567944e+00 6.620209e-01 1.811847e-01 3.135889e-02
29577: 1.920139e+00 1.635417e+00 1.569444e+00 6.597222e-01 1.840278e-01 3.125000e-02
29577: 1.923875e+00 1.629758e+00 1.574394e+00 6.574394e-01 1.833910e-01 3.114187e-02
29577: 1.924138e+00 1.631034e+00 1.572414e+00 6.586207e-01 1.827586e-01 3.103448e-02
29577: 1.924399e+00 1.632302e+00 1.570447e+00 6.597938e-01 1.821306e-01 3.092784e-02
29577: 1.924658e+00 1.626712e+00 1.575342e+00 6.609589e-01 1.815068e-01 3.082192e-02
29577: 1.921502e+00 1.631399e+00 1.573379e+00 6.621160e-01 1.808874e-01 3.071672e-02
29577: 1.921769e+00 1.636054e+00 1.568027e+00 6.632653e-01 1.802721e-01 3.061224e-02
29577: 1.918644e+00 1.637288e+00 1.569492e+00 6.644068e-01 1.796610e-01 3.050847e-02
29577: 1.918919e+00 1.635135e+00 1.570946e+00 6.655405e-01 1.790541e-01 3.040541e-02
29577: 1.915825e+00 1.639731e+00 1.569024e+00 6.666667e-01 1.784512e-01 3.030303e-02
29577: 1.916107e+00 1.637584e+00 1.573826e+00 6.644295e-01 1.778523e-01 3.020134e-02
29577: 1.916388e+00 1.638796e+00 1.571906e+00 6.655518e-01 1.772575e-01 3.010033e-02
29577: 1.913333e+00 1.636667e+00 1.573333e+00 6.700000e-01 1.766667e-01 3.000000e-02
29577: 1.913621e+00 1.631229e+00 1.571429e+00 6.744186e-01 1.794020e-01 2.990033e-02
29577: 1.910596e+00 1.635762e+00 1.569536e+00 6.754967e-01 1.788079e-01 2.980132e-02
29577: 1.914191e+00 1.633663e+00 1.570957e+00 6.732673e-01 1.782178e-01 2.970297e-02
29577: 1.911184e+00 1.638158e+00 1.565789e+00 6.743421e-01 1.809211e-01 2.960526e-02
29577: 1.911475e+00 1.636066e+00 1.567213e+00 6.754098e-01 1.803279e-01 2.950820e-02
29577: 1.908497e+00 1.637255e+00 1.565359e+00 6.764706e-01 1.830065e-01 2.941176e-02
29577: 1.908795e+00 1.638436e+00 1.563518e+00 6.775244e-01 1.824104e-01 2.931596e-02
29577: 1.909091e+00 1.636364e+00 1.564935e+00 6.753247e-01 1.818182e-01 3.246753e-02
29577: 1.909385e+00 1.634304e+00 1.569579e+00 6.731392e-01 1.812298e-01 3.236246e-02
29577: 1.909677e+00 1.632258e+00 1.570968e+00 6.709677e-01 1.838710e-01 3.225806e-02
29577: 1.906752e+00 1.636656e+00 1.565916e+00 6.752412e-01 1.832797e-01 3.215434e-02
29577: 1.910256e+00 1.637821e+00 1.564103e+00 6.730769e-01 1.826923e-01 3.205128e-02
29577: 1.913738e+00 1.635783e+00 1.565495e+00 6.709265e-01 1.821086e-01 3.194888e-02
29577: 1.910828e+00 1.636943e+00 1.563694e+00 6.687898e-01 1.878981e-01 3.184713e-02
29577: 1.911111e+00 1.638095e+00 1.561905e+00 6.698413e-01 1.873016e-01 3.174603e-02
29577: 1.908228e+00 1.642405e+00 1.563291e+00 6.677215e-01 1.867089e-01 3.164557e-02
29577: 1.911672e+00 1.640379e+00 1.564669e+00 6.656151e-01 1.861199e-01 3.154574e-02
29577: 1.908805e+00 1.644654e+00 1.566038e+00 6.635220e-01 1.855346e-01 3.144654e-02
29577: 1.915361e+00 1.642633e+00 1.564263e+00 6.614420e-01 1.849530e-01 3.134796e-02
29577: 1.915625e+00 1.643750e+00 1.565625e+00 6.593750e-01 1.843750e-01 3.125000e-02
29577: 1.915888e+00 1.641745e+00 1.563863e+00 6.635514e-01 1.838006e-01 3.115265e-02
29577: 1.913043e+00 1.645963e+00 1.562112e+00 6.614907e-01 1.863354e-01 3.105590e-02
29577: 1.913313e+00 1.647059e+00 1.563467e+00 6.594427e-01 1.857585e-01 3.095975e-02
29577: 1.913580e+00 1.645062e+00 1.564815e+00 6.604938e-01 1.851852e-01 3.086420e-02
29577: 1.913846e+00 1.649231e+00 1.563077e+00 6.584615e-01 1.846154e-01 3.076923e-02
29577: 1.911043e+00 1.644172e+00 1.567485e+00 6.625767e-01 1.840491e-01 3.067485e-02
29577: 1.911315e+00 1.642202e+00 1.571865e+00 6.605505e-01 1.834862e-01 3.058104e-02
29577: 1.908537e+00 1.643293e+00 1.570122e+00 6.615854e-01 1.859756e-01 3.048780e-02
29577: 1.911854e+00 1.641337e+00 1.565350e+00 6.626140e-01 1.884498e-01 3.039514e-02
29577: 1.912121e+00 1.642424e+00 1.566667e+00 6.606061e-01 1.878788e-01 3.030303e-02
29577: 1.909366e+00 1.640483e+00 1.567976e+00 6.616314e-01 1.903323e-01 3.021148e-02
29577: 1.912651e+00 1.638554e+00 1.566265e+00 6.596386e-01 1.927711e-01 3.012048e-02
29577: 1.909910e+00 1.642643e+00 1.567568e+00 6.576577e-01 1.921922e-01 3.003003e-02
29577: 1.910180e+00 1.637725e+00 1.571856e+00 6.556886e-01 1.946108e-01 2.994012e-02
29577: 1.910448e+00 1.638806e+00 1.570149e+00 6.567164e-01 1.940299e-01 2.985075e-02
29577: 1.907738e+00 1.639881e+00 1.571429e+00 6.577381e-01 1.934524e-01 2.976190e-02
29577: 1.910979e+00 1.637982e+00 1.566766e+00 6.587537e-01 1.958457e-01 2.967359e-02
29577: 1.911243e+00 1.642012e+00 1.565089e+00 6.568047e-01 1.952663e-01 2.958580e-02
29577: 1.908555e+00 1.640118e+00 1.572271e+00 6.548673e-01 1.946903e-01 2.949853e-02
29577: 1.908824e+00 1.638235e+00 1.570588e+00 6.588235e-01 1.941176e-01 2.941176e-02
29577: 1.909091e+00 1.639296e+00 1.568915e+00 6.598240e-01 1.935484e-01 2.932551e-02
29577: 1.909357e+00 1.640351e+00 1.570175e+00 6.578947e-01 1.929825e-01 2.923977e-02
29577: 1.906706e+00 1.641399e+00 1.568513e+00 6.618076e-01 1.924198e-01 2.915452e-02
29577: 1.909884e+00 1.639535e+00 1.566860e+00 6.627907e-01 1.918605e-01 2.906977e-02
29577: 1.910145e+00 1.640580e+00 1.568116e+00 6.608696e-01 1.913043e-01 2.898551e-02
29577: 1.907514e+00 1.638728e+00 1.569364e+00 6.618497e-01 1.936416e-01 2.890173e-02
29577: 1.907781e+00 1.636888e+00 1.573487e+00 6.599424e-01 1.930836e-01 2.881844e-02
29577: 1.905172e+00 1.640805e+00 1.568966e+00 6.609195e-01 1.954023e-01 2.873563e-02
29577: 1.911175e+00 1.638968e+00 1.567335e+00 6.590258e-01 1.948424e-01 2.865330e-02
29577: 1.911429e+00 1.642857e+00 1.565714e+00 6.571429e-01 1.942857e-01 2.857143e-02
29577: 1.908832e+00 1.641026e+00 1.569801e+00 6.581197e-01 1.937322e-01 2.849003e-02
29577: 1.909091e+00 1.639205e+00 1.571023e+00 6.590909e-01 1.931818e-01 2.840909e-02
29577: 1.906516e+00 1.643059e+00 1.569405e+00 6.600567e-01 1.926346e-01 2.832861e-02
29577: 1.906780e+00 1.641243e+00 1.567797e+00 6.610169e-01 1.949153e-01 2.824859e-02
29577: 1.904225e+00 1.645070e+00 1.569014e+00 6.591549e-01 1.943662e-01 2.816901e-02
29577: 1.904494e+00 1.646067e+00 1.570225e+00 6.573034e-01 1.938202e-01 2.808989e-02
29577: 1.901961e+00 1.644258e+00 1.568627e+00 6.638655e-01 1.932773e-01 2.801120e-02
29577: 1.902235e+00 1.642458e+00 1.567039e+00 6.620112e-01 1.983240e-01 2.793296e-02
29577: 1.902507e+00 1.643454e+00 1.568245e+00 6.601671e-01 1.977716e-01 2.785515e-02
29577: 1.900000e+00 1.644444e+00 1.566667e+00 6.611111e-01 2.000000e-01 2.777778e-02
29577: 1.900277e+00 1.645429e+00 1.565097e+00 6.620499e-01 1.994460e-01 2.770083e-02
29577: 1.897790e+00 1.643646e+00 1.566298e+00 6.602210e-01 2.044199e-01 2.762431e-02
29577: 1.900826e+00 1.641873e+00 1.567493e+00 6.584022e-01 2.038567e-01 2.754821e-02
29577: 1.898352e+00 1.645604e+00 1.565934e+00 6.593407e-01 2.032967e-01 2.747253e-02
29577: 1.901370e+00 1.646575e+00 1.564384e+00 6.575342e-01 2.027397e-01 2.739726e-02
29577: 1.901639e+00 1.644809e+00 1.568306e+00 6.557377e-01 2.021858e-01 2.732240e-02
29577: 1.901907e+00 1.645777e+00 1.569482e+00 6.539510e-01 2.016349e-01 2.724796e-02
29577: 1.899457e+00 1.646739e+00 1.570652e+00 6.548913e-01 2.010870e-01 2.717391e-02
29577: 1.899729e+00 1.647696e+00 1.566396e+00 6.585366e-01 2.005420e-01 2.710027e-02
29577: 1.900000e+00 1.648649e+00 1.567568e+00 6.567568e-01 2.000000e-01 2.702703e-02
29577: 1.897574e+00 1.646900e+00 1.571429e+00 6.576819e-01 1.994609e-01 2.695418e-02
29577: 1.897849e+00 1.647849e+00 1.567204e+00 6.612903e-01 1.989247e-01 2.688172e-02
29577: 1.895442e+00 1.646113e+00 1.571046e+00 6.595174e-01 2.010724e-01 2.680965e-02
29577: 1.895722e+00 1.641711e+00 1.574866e+00 6.604278e-01 2.005348e-01 2.673797e-02
29577: 1.893333e+00 1.640000e+00 1.573333e+00 6.640000e-01 2.026667e-01 2.666667e-02
29577: 1.893617e+00 1.638298e+00 1.574468e+00 6.648936e-01 2.021277e-01 2.659574e-02
29577: 1.891247e+00 1.641910e+00 1.572944e+00 6.657825e-01 2.015915e-01 2.652520e-02
29577: 1.894180e+00 1.642857e+00 1.568783e+00 6.666667e-01 2.010582e-01 2.645503e-02
29577: 1.891821e+00 1.643799e+00 1.569921e+00 6.649077e-01 2.031662e-01 2.638522e-02
29577: 1.894737e+00 1.644737e+00 1.568421e+00 6.631579e-01 2.026316e-01 2.631579e-02
29577: 1.895013e+00 1.643045e+00 1.569554e+00 6.614173e-01 2.047244e-01 2.624672e-02
29577: 1.892670e+00 1.646597e+00 1.570681e+00 6.596859e-01 2.041885e-01 2.617801e-02
29577: 1.895561e+00 1.642298e+00 1.569191e+00 6.631854e-01 2.036554e-01 2.610966e-02
29577: 1.893229e+00 1.645833e+00 1.567708e+00 6.640625e-01 2.031250e-01 2.604167e-02
29577: 1.896104e+00 1.646753e+00 1.566234e+00 6.623377e-01 2.025974e-01 2.597403e-02
29577: 1.893782e+00 1.647668e+00 1.567358e+00 6.632124e-01 2.020725e-01 2.590674e-02
29577: 1.896641e+00 1.648579e+00 1.565891e+00 6.614987e-01 2.015504e-01 2.583979e-02
29577: 1.894330e+00 1.646907e+00 1.572165e+00 6.597938e-01 2.010309e-01 2.577320e-02
29577: 1.897172e+00 1.645244e+00 1.568123e+00 6.606684e-01 2.030848e-01 2.570694e-02
29577: 1.900000e+00 1.646154e+00 1.566667e+00 6.589744e-01 2.025641e-01 2.564103e-02
29577: 1.897698e+00 1.647059e+00 1.570332e+00 6.572890e-01 2.020460e-01 2.557545e-02
29577: 1.897959e+00 1.645408e+00 1.568878e+00 6.581633e-01 2.040816e-01 2.551020e-02
29577: 1.895674e+00 1.646310e+00 1.569975e+00 6.590331e-01 2.035623e-01 2.544529e-02
29577: 1.898477e+00 1.642132e+00 1.573604e+00 6.573604e-01 2.030457e-01 2.538071e-02
29577: 1.898734e+00 1.643038e+00 1.569620e+00 6.607595e-01 2.025316e-01 2.531646e-02
29577: 1.896465e+00 1.641414e+00 1.573232e+00 6.590909e-01 2.045455e-01 2.525253e-02
29577: 1.894207e+00 1.647355e+00 1.569270e+00 6.599496e-01 2.040302e-01 2.518892e-02
29577: 1.896985e+00 1.645729e+00 1.570352e+00 6.582915e-01 2.035176e-01 2.512563e-02
29577: 1.897243e+00 1.649123e+00 1.566416e+00 6.591479e-01 2.030075e-01 2.506266e-02
29577: 1.895000e+00 1.647500e+00 1.570000e+00 6.600000e-01 2.025000e-01 2.500000e-02
29577: 1.895262e+00 1.648379e+00 1.566085e+00 6.608479e-01 2.044888e-01 2.493766e-02
29577: 1.893035e+00 1.649254e+00 1.569652e+00 6.592040e-01 2.039801e-01 2.487562e-02
29577: 1.895782e+00 1.645161e+00 1.570720e+00 6.600496e-01 2.034739e-01 2.481390e-02
29577: 1.893564e+00 1.646040e+00 1.569307e+00 6.608911e-01 2.054455e-01 2.475248e-02
29577: 1.893827e+00 1.644444e+00 1.572840e+00 6.592593e-01 2.049383e-01 2.469136e-02
29577: 1.894089e+00 1.642857e+00 1.573892e+00 6.600985e-01 2.044335e-01 2.463054e-02
29577: 1.894349e+00 1.643735e+00 1.572482e+00 6.609337e-01 2.039312e-01 2.457002e-02
29577: 1.894608e+00 1.642157e+00 1.571078e+00 6.642157e-01 2.034314e-01 2.450980e-02
29577: 1.894866e+00 1.643032e+00 1.567237e+00 6.650367e-01 2.053790e-01 2.444988e-02
29577: 1.897561e+00 1.641463e+00 1.568293e+00 6.634146e-01 2.048780e-01 2.439024e-02
29577: 1.895377e+00 1.644769e+00 1.569343e+00 6.618005e-01 2.043796e-01 2.433090e-02
29577: 1.898058e+00 1.645631e+00 1.567961e+00 6.601942e-01 2.038835e-01 2.427184e-02
29577: 1.895884e+00 1.644068e+00 1.573850e+00 6.585956e-01 2.033898e-01 2.421308e-02
29577: 1.900966e+00 1.640097e+00 1.572464e+00 6.594203e-01 2.028986e-01 2.415459e-02
29577: 1.898795e+00 1.640964e+00 1.571084e+00 6.626506e-01 2.024096e-01 2.409639e-02
29577: 1.896635e+00 1.644231e+00 1.569712e+00 6.634615e-01 2.019231e-01 2.403846e-02
29577: 1.896882e+00 1.642686e+00 1.570743e+00 6.642686e-01 2.014388e-01 2.398082e-02
29577: 1.897129e+00 1.645933e+00 1.566986e+00 6.650718e-01 2.009569e-01 2.392344e-02
29577: 1.894988e+00 1.646778e+00 1.570406e+00 6.634845e-01 2.004773e-01 2.386635e-02
29577: 1.895238e+00 1.650000e+00 1.566667e+00 6.642857e-01 2.000000e-01 2.380952e-02
29577: 1.893112e+00 1.650831e+00 1.570071e+00 6.627078e-01 1.995249e-01 2.375297e-02
29577: 1.893365e+00 1.654028e+00 1.566351e+00 6.635071e-01 1.990521e-01 2.369668e-02
29577: 1.893617e+00 1.652482e+00 1.567376e+00 6.643026e-01 1.985816e-01 2.364066e-02
29577: 1.893868e+00 1.653302e+00 1.568396e+00 6.627358e-01 1.981132e-01 2.358491e-02
29577: 1.891765e+00 1.656471e+00 1.567059e+00 6.635294e-01 1.976471e-01 2.352941e-02
29577: 1.894366e+00 1.654930e+00 1.565728e+00 6.619718e-01 1.971831e-01 2.582160e-02
29577: 1.894614e+00 1.655738e+00 1.564403e+00 6.604215e-01 1.990632e-01 2.576112e-02
29577: 1.892523e+00 1.654206e+00 1.567757e+00 6.612150e-01 1.985981e-01 2.570093e-02
29577: 1.892774e+00 1.652681e+00 1.566434e+00 6.596737e-01 2.004662e-01 2.797203e-02
29577: 1.890698e+00 1.655814e+00 1.567442e+00 6.581395e-01 2.000000e-01 2.790698e-02
29577: 1.893271e+00 1.654292e+00 1.566125e+00 6.566125e-01 2.018561e-01 2.784223e-02
29577: 1.891204e+00 1.655093e+00 1.567130e+00 6.574074e-01 2.013889e-01 2.777778e-02
29577: 1.891455e+00 1.653580e+00 1.568129e+00 6.558891e-01 2.032333e-01 2.771363e-02
29577: 1.891705e+00 1.654378e+00 1.569124e+00 6.543779e-01 2.027650e-01 2.764977e-02
29577: 1.889655e+00 1.652874e+00 1.570115e+00 6.574713e-01 2.022989e-01 2.758621e-02
29577: 1.892202e+00 1.653670e+00 1.566514e+00 6.582569e-01 2.018349e-01 2.752294e-02
29577: 1.892449e+00 1.654462e+00 1.567506e+00 6.567506e-01 2.013730e-01 2.745995e-02
29577: 1.890411e+00 1.652968e+00 1.570776e+00 6.575342e-01 2.009132e-01 2.739726e-02
29577: 1.890661e+00 1.651481e+00 1.571754e+00 6.583144e-01 2.004556e-01 2.733485e-02
29577: 1.888636e+00 1.652273e+00 1.570455e+00 6.590909e-01 2.022727e-01 2.727273e-02
29577: 1.886621e+00 1.655329e+00 1.569161e+00 6.598639e-01 2.018141e-01 2.721088e-02
29577: 1.889140e+00 1.653846e+00 1.567873e+00 6.583710e-01 2.036199e-01 2.714932e-02
29577: 1.891648e+00 1.654628e+00 1.566591e+00 6.568849e-01 2.031603e-01 2.708804e-02
29577: 1.891892e+00 1.653153e+00 1.569820e+00 6.554054e-01 2.027027e-01 2.702703e-02
29577: 1.892135e+00 1.653933e+00 1.568539e+00 6.561798e-01 2.022472e-01 2.696629e-02
29577: 1.892377e+00 1.654709e+00 1.569507e+00 6.547085e-01 2.017937e-01 2.690583e-02
29577: 1.890380e+00 1.651007e+00 1.570470e+00 6.554810e-01 2.035794e-01 2.908277e-02
29577: 1.892857e+00 1.649554e+00 1.569196e+00 6.562500e-01 2.031250e-01 2.901786e-02
29577: 1.893096e+00 1.650334e+00 1.570156e+00 6.547884e-01 2.026726e-01 2.895323e-02
29577: 1.893333e+00 1.651111e+00 1.566667e+00 6.577778e-01 2.022222e-01 2.888889e-02
29577: 1.891353e+00 1.651885e+00 1.567627e+00 6.563193e-01 2.039911e-01 2.882483e-02
29577: 1.893805e+00 1.650442e+00 1.568584e+00 6.548673e-01 2.035398e-01 2.876106e-02
29577: 1.891832e+00 1.651214e+00 1.571744e+00 6.534216e-01 2.030905e-01 2.869757e-02
29577: 1.892070e+00 1.647577e+00 1.572687e+00 6.563877e-01 2.026432e-01 2.863436e-02
29577: 1.890110e+00 1.652747e+00 1.569231e+00 6.571429e-01 2.021978e-01 2.857143e-02
29577: 1.892544e+00 1.653509e+00 1.567982e+00 6.557018e-01 2.017544e-01 2.850877e-02
29577: 1.890591e+00 1.654267e+00 1.568928e+00 6.564551e-01 2.013129e-01 2.844639e-02
29577: 1.895197e+00 1.652838e+00 1.567686e+00 6.550218e-01 2.008734e-01 2.838428e-02
29577: 1.895425e+00 1.653595e+00 1.568627e+00 6.535948e-01 2.004357e-01 2.832244e-02
29577: 1.895652e+00 1.652174e+00 1.567391e+00 6.543478e-01 2.021739e-01 2.826087e-02
29577: 1.893709e+00 1.652928e+00 1.568330e+00 6.550976e-01 2.017354e-01 2.819957e-02
29577: 1.896104e+00 1.651515e+00 1.567100e+00 6.558442e-01 2.012987e-01 2.813853e-02
29577: 1.894168e+00 1.650108e+00 1.572354e+00 6.544276e-01 2.008639e-01 2.807775e-02
29577: 1.894397e+00 1.653017e+00 1.568966e+00 6.551724e-01 2.004310e-01 2.801724e-02
29577: 1.892473e+00 1.653763e+00 1.569892e+00 6.559140e-01 2.000000e-01 2.795699e-02
29577: 1.892704e+00 1.654506e+00 1.570815e+00 6.545064e-01 1.995708e-01 2.789700e-02
29577: 1.890792e+00 1.655246e+00 1.567452e+00 6.595289e-01 1.991435e-01 2.783726e-02
29577: 1.891026e+00 1.655983e+00 1.566239e+00 6.602564e-01 1.987179e-01 2.777778e-02
29577: 1.891258e+00 1.656716e+00 1.567164e+00 6.588486e-01 1.982942e-01 2.771855e-02
29577: 1.889362e+00 1.653191e+00 1.572340e+00 6.595745e-01 1.978723e-01 2.765957e-02
29577: 1.891720e+00 1.653928e+00 1.569002e+00 6.602972e-01 1.974522e-01 2.760085e-02
29577: 1.889831e+00 1.656780e+00 1.569915e+00 6.588983e-01 1.970339e-01 2.754237e-02
29577: 1.887949e+00 1.659619e+00 1.568710e+00 6.596195e-01 1.966173e-01 2.748414e-02
29577: 1.890295e+00 1.658228e+00 1.569620e+00 6.582278e-01 1.962025e-01 2.742616e-02
29577: 1.892632e+00 1.656842e+00 1.570526e+00 6.568421e-01 1.957895e-01 2.736842e-02
29577: 1.890756e+00 1.657563e+00 1.571429e+00 6.575630e-01 1.953782e-01 2.731092e-02
29577: 1.888889e+00 1.658281e+00 1.570231e+00 6.582809e-01 1.970650e-01 2.725367e-02
29577: 1.889121e+00 1.656904e+00 1.566946e+00 6.610879e-01 1.987448e-01 2.719665e-02
29577: 1.887265e+00 1.657620e+00 1.565762e+00 6.617954e-01 2.004175e-01 2.713987e-02
29577: 1.885417e+00 1.658333e+00 1.566667e+00 6.625000e-01 2.000000e-01 2.708333e-02
29577: 1.885655e+00 1.656965e+00 1.565489e+00 6.611227e-01 2.037422e-01 2.702703e-02
29577: 1.885892e+00 1.655602e+00 1.566390e+00 6.618257e-01 2.033195e-01 2.697095e-02
29577: 1.884058e+00 1.660455e+00 1.565217e+00 6.604555e-01 2.028986e-01 2.691511e-02
29577: 1.884298e+00 1.659091e+00 1.566116e+00 6.590909e-01 2.045455e-01 2.685950e-02
29577: 1.882474e+00 1.659794e+00 1.569072e+00 6.577320e-01 2.041237e-01 2.680412e-02
29577: 1.882716e+00 1.658436e+00 1.569959e+00 6.584362e-01 2.037037e-01 2.674897e-02
29577: 1.880903e+00 1.661191e+00 1.570842e+00 6.570842e-01 2.032854e-01 2.669405e-02
29577: 1.881148e+00 1.659836e+00 1.569672e+00 6.598361e-01 2.028689e-01 2.663934e-02
29577: 1.879346e+00 1.660532e+00 1.568507e+00 6.605317e-01 2.044990e-01 2.658487e-02
29577: 1.879592e+00 1.661224e+00 1.567347e+00 6.612245e-01 2.040816e-01 2.653061e-02
29577: 1.877800e+00 1.659878e+00 1.572301e+00 6.598778e-01 2.036660e-01 2.647658e-02
29577: 1.882114e+00 1.656504e+00 1.571138e+00 6.605691e-01 2.032520e-01 2.642276e-02
29577: 1.884381e+00 1.657201e+00 1.567951e+00 6.612576e-01 2.028398e-01 2.636917e-02
29577: 1.882591e+00 1.657895e+00 1.568826e+00 6.619433e-01 2.024291e-01 2.631579e-02
29577: 1.882828e+00 1.660606e+00 1.567677e+00 6.606061e-01 2.020202e-01 2.626263e-02
29577: 1.883065e+00 1.661290e+00 1.568548e+00 6.592742e-01 2.016129e-01 2.620968e-02
29577: 1.881288e+00 1.661972e+00 1.567404e+00 6.599598e-01 2.032193e-01 2.615694e-02
29577: 1.879518e+00 1.664659e+00 1.568273e+00 6.586345e-01 2.028112e-01 2.610442e-02
29577: 1.881764e+00 1.661323e+00 1.571142e+00 6.573146e-01 2.024048e-01 2.605210e-02
29577: 1.880000e+00 1.664000e+00 1.568000e+00 6.600000e-01 2.020000e-01 2.600000e-02
29577: 1.880240e+00 1.662675e+00 1.568862e+00 6.586826e-01 2.035928e-01 2.594810e-02
29577: 1.878486e+00 1.663347e+00 1.569721e+00 6.593625e-01 2.031873e-01 2.589641e-02
29577: 1.878728e+00 1.662028e+00 1.572565e+00 6.580517e-01 2.027833e-01 2.584493e-02
29577: 1.878968e+00 1.664683e+00 1.569444e+00 6.587302e-01 2.023810e-01 2.579365e-02
29577: 1.877228e+00 1.665347e+00 1.570297e+00 6.574257e-01 2.039604e-01 2.574257e-02
29577: 1.877470e+00 1.666008e+00 1.569170e+00 6.581028e-01 2.035573e-01 2.569170e-02
29577: 1.879684e+00 1.664694e+00 1.570020e+00 6.568047e-01 2.031558e-01 2.564103e-02
29577: 1.877953e+00 1.665354e+00 1.568898e+00 6.594488e-01 2.027559e-01 2.559055e-02
29577: 1.880157e+00 1.664047e+00 1.569745e+00 6.581532e-01 2.023576e-01 2.554028e-02
29577: 1.882353e+00 1.664706e+00 1.568627e+00 6.568627e-01 2.019608e-01 2.549020e-02
29577: 1.882583e+00 1.665362e+00 1.569472e+00 6.555773e-01 2.015656e-01 2.544031e-02
29577: 1.882812e+00 1.666016e+00 1.568359e+00 6.562500e-01 2.011719e-01 2.539062e-02
29577: 1.881092e+00 1.664717e+00 1.573099e+00 6.549708e-01 2.007797e-01 2.534113e-02
29577: 1.881323e+00 1.665370e+00 1.570039e+00 6.556420e-01 2.023346e-01 2.529183e-02
29577: 1.881553e+00 1.664078e+00 1.568932e+00 6.582524e-01 2.019417e-01 2.524272e-02
29577: 1.879845e+00 1.664729e+00 1.569767e+00 6.569767e-01 2.034884e-01 2.519380e-02
29577: 1.883946e+00 1.661509e+00 1.570600e+00 6.557060e-01 2.030948e-01 2.514507e-02
29577: 1.882239e+00 1.664093e+00 1.567568e+00 6.583012e-01 2.027027e-01 2.509653e-02
29577: 1.886320e+00 1.662813e+00 1.566474e+00 6.570328e-01 2.023121e-01 2.504817e-02
29577: 1.886538e+00 1.663462e+00 1.567308e+00 6.557692e-01 2.019231e-01 2.500000e-02
29577: 1.886756e+00 1.662188e+00 1.568138e+00 6.564299e-01 2.015355e-01 2.495202e-02
29577: 1.885057e+00 1.662835e+00 1.570881e+00 6.551724e-01 2.011494e-01 2.490421e-02
29577: 1.885277e+00 1.665392e+00 1.567878e+00 6.558317e-01 2.007648e-01 2.485660e-02
29577: 1.883588e+00 1.666031e+00 1.570611e+00 6.545802e-01 2.003817e-01 2.480916e-02
29577: 1.883810e+00 1.664762e+00 1.569524e+00 6.571429e-01 2.000000e-01 2.476190e-02
29577: 1.882129e+00 1.665399e+00 1.570342e+00 6.558935e-01 2.015209e-01 2.471483e-02
29577: 1.882353e+00 1.667932e+00 1.567362e+00 6.565465e-01 2.011385e-01 2.466793e-02
29577: 1.882576e+00 1.666667e+00 1.568182e+00 6.571970e-01 2.007576e-01 2.462121e-02
29577: 1.880907e+00 1.667297e+00 1.568998e+00 6.559546e-01 2.003781e-01 2.646503e-02
29577: 1.881132e+00 1.669811e+00 1.567925e+00 6.547170e-01 2.000000e-01 2.641509e-02
29577: 1.881356e+00 1.668550e+00 1.570621e+00 6.534840e-01 1.996234e-01 2.636535e-02
29577: 1.879699e+00 1.671053e+00 1.569549e+00 6.541353e-01 1.992481e-01 2.631579e-02
29577: 1.879925e+00 1.669794e+00 1.568480e+00 6.547842e-01 2.007505e-01 2.626642e-02
29577: 1.878277e+00 1.670412e+00 1.571161e+00 6.535581e-01 2.003745e-01 2.621723e-02
29577: 1.880374e+00 1.669159e+00 1.570093e+00 6.542056e-01 2.000000e-01 2.616822e-02
29577: 1.878731e+00 1.671642e+00 1.567164e+00 6.548507e-01 2.014925e-01 2.611940e-02
29577: 1.878957e+00 1.672253e+00 1.566108e+00 6.536313e-01 2.029795e-01 2.607076e-02
29577: 1.877323e+00 1.671004e+00 1.570632e+00 6.524164e-01 2.026022e-01 2.602230e-02
29577: 1.877551e+00 1.669759e+00 1.569573e+00 6.549165e-01 2.022263e-01 2.597403e-02
29577: 1.877778e+00 1.672222e+00 1.568519e+00 6.537037e-01 2.018519e-01 2.592593e-02
29577: 1.876155e+00 1.674677e+00 1.569316e+00 6.524954e-01 2.014787e-01 2.587800e-02
29577: 1.876384e+00 1.677122e+00 1.568266e+00 6.512915e-01 2.011070e-01 2.583026e-02
29577: 1.876611e+00 1.675875e+00 1.570902e+00 6.500921e-01 2.007366e-01 2.578269e-02
29577: 1.876838e+00 1.676471e+00 1.569853e+00 6.507353e-01 2.003676e-01 2.573529e-02
29577: 1.875229e+00 1.675229e+00 1.574312e+00 6.495413e-01 2.000000e-01 2.568807e-02
29577: 1.875458e+00 1.673993e+00 1.573260e+00 6.520147e-01 1.996337e-01 2.564103e-02
29577: 1.873857e+00 1.674589e+00 1.572212e+00 6.544790e-01 1.992687e-01 2.559415e-02
29577: 1.874088e+00 1.673358e+00 1.571168e+00 6.551095e-01 2.007299e-01 2.554745e-02
29577: 1.872495e+00 1.673953e+00 1.570128e+00 6.575592e-01 2.003643e-01 2.550091e-02
29577: 1.872727e+00 1.672727e+00 1.570909e+00 6.581818e-01 2.000000e-01 2.545455e-02
29577: 1.872958e+00 1.673321e+00 1.568058e+00 6.588022e-01 2.014519e-01 2.540835e-02
29577: 1.873188e+00 1.673913e+00 1.568841e+00 6.576087e-01 2.010870e-01 2.536232e-02
29577: 1.871609e+00 1.672694e+00 1.571429e+00 6.582278e-01 2.007233e-01 2.531646e-02
29577: 1.871841e+00 1.671480e+00 1.570397e+00 6.606498e-01 2.003610e-01 2.527076e-02
29577: 1.870270e+00 1.673874e+00 1.567568e+00 6.612613e-01 2.018018e-01 2.522523e-02
29577: 1.872302e+00 1.674460e+00 1.566547e+00 6.600719e-01 2.014388e-01 2.517986e-02
29577: 1.870736e+00 1.673250e+00 1.567325e+00 6.624776e-01 2.010772e-01 2.513465e-02
29577: 1.870968e+00 1.672043e+00 1.569892e+00 6.612903e-01 2.007168e-01 2.508961e-02
29577: 1.871199e+00 1.672630e+00 1.568873e+00 6.618962e-01 2.003578e-01 2.504472e-02
29577: 1.871429e+00 1.673214e+00 1.569643e+00 6.607143e-01 2.000000e-01 2.500000e-02
29577: 1.871658e+00 1.672014e+00 1.570410e+00 6.613191e-01 1.996435e-01 2.495544e-02
29577: 1.870107e+00 1.674377e+00 1.569395e+00 6.619217e-01 1.992883e-01 2.491103e-02
29577: 1.870337e+00 1.673179e+00 1.568384e+00 6.642984e-01 1.989343e-01 2.486679e-02
29577: 1.868794e+00 1.673759e+00 1.569149e+00 6.648936e-01 1.985816e-01 2.482270e-02
29577: 1.869027e+00 1.674336e+00 1.568142e+00 6.654867e-01 1.982301e-01 2.477876e-02
29577: 1.869258e+00 1.673145e+00 1.570671e+00 6.643110e-01 1.978799e-01 2.473498e-02
29577: 1.869489e+00 1.673721e+00 1.569665e+00 6.649030e-01 1.975309e-01 2.469136e-02
29577: 1.867958e+00 1.672535e+00 1.570423e+00 6.672535e-01 1.971831e-01 2.464789e-02
29577: 1.868190e+00 1.673111e+00 1.569420e+00 6.678383e-01 1.968366e-01 2.460457e-02
29577: 1.868421e+00 1.671930e+00 1.570175e+00 6.684211e-01 1.964912e-01 2.456140e-02
29577: 1.866900e+00 1.672504e+00 1.570928e+00 6.690018e-01 1.961471e-01 2.451839e-02
29577: 1.868881e+00 1.673077e+00 1.568182e+00 6.695804e-01 1.958042e-01 2.447552e-02
29577: 1.869110e+00 1.673647e+00 1.568935e+00 6.684119e-01 1.954625e-01 2.443281e-02
29577: 1.867596e+00 1.670732e+00 1.571429e+00 6.707317e-01 1.951220e-01 2.439024e-02
29577: 1.867826e+00 1.673043e+00 1.568696e+00 6.713043e-01 1.947826e-01 2.434783e-02
29577: 1.869792e+00 1.671875e+00 1.569444e+00 6.701389e-01 1.944444e-01 2.430556e-02
29577: 1.868284e+00 1.674177e+00 1.570191e+00 6.689775e-01 1.941075e-01 2.426343e-02
29577: 1.868512e+00 1.674740e+00 1.569204e+00 6.695502e-01 1.937716e-01 2.422145e-02
29577: 1.867012e+00 1.673575e+00 1.571675e+00 6.701209e-01 1.934370e-01 2.417962e-02
29577: 1.868966e+00 1.674138e+00 1.568966e+00 6.706897e-01 1.931034e-01 2.413793e-02
29577: 1.867470e+00 1.674699e+00 1.569707e+00 6.712565e-01 1.927711e-01 2.409639e-02
29577: 1.867698e+00 1.673540e+00 1.570447e+00 6.718213e-01 1.924399e-01 2.405498e-02
29577: 1.866209e+00 1.675815e+00 1.567753e+00 6.740995e-01 1.921098e-01 2.401372e-02
29577: 1.868151e+00 1.674658e+00 1.568493e+00 6.729452e-01 1.917808e-01 2.397260e-02
29577: 1.866667e+00 1.675214e+00 1.569231e+00 6.717949e-01 1.914530e-01 2.564103e-02
29577: 1.865188e+00 1.674061e+00 1.571672e+00 6.723549e-01 1.911263e-01 2.559727e-02
29577: 1.865417e+00 1.676320e+00 1.568995e+00 6.729131e-01 1.908007e-01 2.555366e-02
29577: 1.865646e+00 1.675170e+00 1.571429e+00 6.717687e-01 1.904762e-01 2.551020e-02
29577: 1.865874e+00 1.677419e+00 1.568761e+00 6.723260e-01 1.901528e-01 2.546689e-02
29577: 1.866102e+00 1.676271e+00 1.569492e+00 6.728814e-01 1.898305e-01 2.542373e-02
29577: 1.864636e+00 1.678511e+00 1.568528e+00 6.734349e-01 1.895093e-01 2.538071e-02
29577: 1.866554e+00 1.677365e+00 1.567568e+00 6.722973e-01 1.908784e-01 2.533784e-02
29577: 1.866779e+00 1.679595e+00 1.566610e+00 6.711636e-01 1.905565e-01 2.529511e-02
29577: 1.867003e+00 1.678451e+00 1.569024e+00 6.700337e-01 1.902357e-01 2.525253e-02
29577: 1.865546e+00 1.680672e+00 1.569748e+00 6.689076e-01 1.899160e-01 2.521008e-02
29577: 1.865772e+00 1.681208e+00 1.570470e+00 6.677852e-01 1.895973e-01 2.516779e-02
29577: 1.865997e+00 1.680067e+00 1.569514e+00 6.700168e-01 1.892797e-01 2.512563e-02
29577: 1.866221e+00 1.678930e+00 1.571906e+00 6.688963e-01 1.889632e-01 2.508361e-02
29577: 1.864775e+00 1.681135e+00 1.570952e+00 6.694491e-01 1.886477e-01 2.504174e-02
29577: 1.865000e+00 1.680000e+00 1.570000e+00 6.716667e-01 1.883333e-01 2.500000e-02
29577: 1.866889e+00 1.680532e+00 1.567388e+00 6.722130e-01 1.880200e-01 2.495840e-02
29577: 1.867110e+00 1.679402e+00 1.568106e+00 6.727575e-01 1.877076e-01 2.491694e-02
29577: 1.868988e+00 1.679934e+00 1.567164e+00 6.716418e-01 1.873964e-01 2.487562e-02
29577: 1.869205e+00 1.678808e+00 1.569536e+00 6.705298e-01 1.870861e-01 2.483444e-02
29577: 1.867769e+00 1.679339e+00 1.571901e+00 6.694215e-01 1.867769e-01 2.479339e-02
29577: 1.867987e+00 1.678218e+00 1.572607e+00 6.699670e-01 1.864686e-01 2.475248e-02
29577: 1.866557e+00 1.678748e+00 1.573311e+00 6.705107e-01 1.861614e-01 2.471170e-02
29577: 1.866776e+00 1.679276e+00 1.572368e+00 6.710526e-01 1.858553e-01 2.467105e-02
29577: 1.866995e+00 1.676519e+00 1.574713e+00 6.715928e-01 1.855501e-01 2.463054e-02
29577: 1.867213e+00 1.675410e+00 1.573770e+00 6.737705e-01 1.852459e-01 2.459016e-02
29577: 1.865794e+00 1.675941e+00 1.574468e+00 6.743044e-01 1.849427e-01 2.454992e-02
29577: 1.864379e+00 1.676471e+00 1.573529e+00 6.764706e-01 1.846405e-01 2.450980e-02
29577: 1.866232e+00 1.675367e+00 1.570962e+00 6.786297e-01 1.843393e-01 2.446982e-02
29577: 1.864821e+00 1.675896e+00 1.571661e+00 6.791531e-01 1.840391e-01 2.442997e-02
29577: 1.863415e+00 1.678049e+00 1.569106e+00 6.813008e-01 1.837398e-01 2.439024e-02
29577: 1.863636e+00 1.676948e+00 1.569805e+00 6.818182e-01 1.834416e-01 2.435065e-02
29577: 1.862237e+00 1.679092e+00 1.568882e+00 6.807131e-01 1.847650e-01 2.431118e-02
29577: 1.862460e+00 1.676375e+00 1.572816e+00 6.796117e-01 1.844660e-01 2.427184e-02
29577: 1.861066e+00 1.676898e+00 1.570275e+00 6.817447e-01 1.857835e-01 2.423263e-02
29577: 1.862903e+00 1.675806e+00 1.569355e+00 6.822581e-01 1.854839e-01 2.419355e-02
29577: 1.861514e+00 1.674718e+00 1.571659e+00 6.827697e-01 1.851852e-01 2.415459e-02
29577: 1.860129e+00 1.675241e+00 1.570740e+00 6.848875e-01 1.848875e-01 2.411576e-02
29577: 1.861958e+00 1.674157e+00 1.569823e+00 6.853933e-01 1.845907e-01 2.407705e-02
29577: 1.860577e+00 1.674679e+00 1.572115e+00 6.842949e-01 1.842949e-01 2.403846e-02
29577: 1.859200e+00 1.673600e+00 1.572800e+00 6.864000e-01 1.840000e-01 2.400000e-02
29577: 1.859425e+00 1.675719e+00 1.570288e+00 6.869010e-01 1.837061e-01 2.396166e-02
29577: 1.858054e+00 1.676236e+00 1.569378e+00 6.889952e-01 1.834131e-01 2.392344e-02
29577: 1.858280e+00 1.678344e+00 1.568471e+00 6.878981e-01 1.831210e-01 2.388535e-02
29577: 1.856916e+00 1.677266e+00 1.570747e+00 6.883943e-01 1.828299e-01 2.384738e-02
29577: 1.858730e+00 1.677778e+00 1.568254e+00 6.888889e-01 1.825397e-01 2.380952e-02
29577: 1.858954e+00 1.676704e+00 1.570523e+00 6.877971e-01 1.822504e-01 2.377179e-02
29577: 1.859177e+00 1.675633e+00 1.569620e+00 6.898734e-01 1.819620e-01 2.373418e-02
29577: 1.859400e+00 1.676145e+00 1.570300e+00 6.887836e-01 1.816746e-01 2.369668e-02
29577: 1.858044e+00 1.676656e+00 1.569401e+00 6.908517e-01 1.813880e-01 2.365931e-02
29577: 1.856693e+00 1.678740e+00 1.570079e+00 6.897638e-01 1.811024e-01 2.362205e-02
29577: 1.856918e+00 1.677673e+00 1.569182e+00 6.902516e-01 1.823899e-01 2.358491e-02
29577: 1.855573e+00 1.678179e+00 1.569859e+00 6.907378e-01 1.821036e-01 2.354788e-02
29577: 1.857367e+00 1.677116e+00 1.570533e+00 6.896552e-01 1.818182e-01 2.351097e-02
29577: 1.857590e+00 1.677621e+00 1.568075e+00 6.901408e-01 1.830986e-01 2.347418e-02
29577: 1.856250e+00 1.676562e+00 1.570312e+00 6.890625e-01 1.843750e-01 2.343750e-02
29577: 1.856474e+00 1.677067e+00 1.569423e+00 6.895476e-01 1.840874e-01 2.340094e-02
29577: 1.856698e+00 1.674455e+00 1.571651e+00 6.884735e-01 1.853583e-01 2.336449e-02
29577: 1.855365e+00 1.676516e+00 1.570762e+00 6.889580e-01 1.850700e-01 2.332815e-02
29577: 1.857143e+00 1.677019e+00 1.568323e+00 6.894410e-01 1.847826e-01 2.329193e-02
29577: 1.857364e+00 1.674419e+00 1.570543e+00 6.883721e-01 1.860465e-01 2.325581e-02
29577: 1.856037e+00 1.674923e+00 1.568111e+00 6.919505e-01 1.857585e-01 2.321981e-02
29577: 1.856260e+00 1.673879e+00 1.570325e+00 6.908810e-01 1.854714e-01 2.318393e-02
29577: 1.856481e+00 1.674383e+00 1.569444e+00 6.913580e-01 1.851852e-01 2.314815e-02
29577: 1.856703e+00 1.674884e+00 1.570108e+00 6.902928e-01 1.848998e-01 2.311248e-02
29577: 1.855385e+00 1.673846e+00 1.570769e+00 6.923077e-01 1.846154e-01 2.307692e-02
29577: 1.854071e+00 1.675883e+00 1.569892e+00 6.927803e-01 1.843318e-01 2.304147e-02
29577: 1.855828e+00 1.674847e+00 1.569018e+00 6.932515e-01 1.840491e-01 2.300613e-02
29577: 1.854518e+00 1.675345e+00 1.569678e+00 6.921899e-01 1.852986e-01 2.297090e-02
29577: 1.854740e+00 1.674312e+00 1.568807e+00 6.941896e-01 1.850153e-01 2.293578e-02
29577: 1.853435e+00 1.677863e+00 1.567939e+00 6.931298e-01 1.847328e-01 2.290076e-02
29577: 1.855183e+00 1.678354e+00 1.567073e+00 6.920732e-01 1.844512e-01 2.286585e-02
29577: 1.853881e+00 1.677321e+00 1.569254e+00 6.925419e-01 1.841705e-01 2.283105e-02
29577: 1.855623e+00 1.677812e+00 1.568389e+00 6.914894e-01 1.838906e-01 2.279635e-02
29577: 1.854325e+00 1.676783e+00 1.570561e+00 6.919575e-01 1.836115e-01 2.276176e-02
29577: 1.854545e+00 1.677273e+00 1.568182e+00 6.924242e-01 1.848485e-01 2.272727e-02
29577: 1.854766e+00 1.676248e+00 1.570348e+00 6.913767e-01 1.845688e-01 2.269289e-02
29577: 1.856495e+00 1.676737e+00 1.567976e+00 6.918429e-01 1.842900e-01 2.265861e-02
29577: 1.855204e+00 1.675716e+00 1.570136e+00 6.907994e-01 1.855204e-01 2.262443e-02
29577: 1.855422e+00 1.676205e+00 1.569277e+00 6.912651e-01 1.852410e-01 2.259036e-02
29577: 1.857143e+00 1.673684e+00 1.571429e+00 6.902256e-01 1.849624e-01 2.255639e-02
29577: 1.857357e+00 1.674174e+00 1.570571e+00 6.906907e-01 1.846847e-01 2.252252e-02
29577: 1.857571e+00 1.674663e+00 1.569715e+00 6.911544e-01 1.844078e-01 2.248876e-02
29577: 1.856287e+00 1.673653e+00 1.573353e+00 6.901198e-01 1.841317e-01 2.245509e-02
29577: 1.855007e+00 1.672646e+00 1.572496e+00 6.920777e-01 1.838565e-01 2.391629e-02
29577: 1.858209e+00 1.671642e+00 1.570149e+00 6.925373e-01 1.835821e-01 2.388060e-02
29577: 1.859911e+00 1.672131e+00 1.567809e+00 6.929955e-01 1.833085e-01 2.384501e-02
29577: 1.860119e+00 1.671131e+00 1.569940e+00 6.919643e-01 1.830357e-01 2.380952e-02
29577: 1.858841e+00 1.673105e+00 1.570579e+00 6.909361e-01 1.827637e-01 2.377415e-02
29577: 1.859050e+00 1.673591e+00 1.568249e+00 6.913947e-01 1.839763e-01 2.373887e-02
29577: 1.857778e+00 1.674074e+00 1.568889e+00 6.918519e-01 1.837037e-01 2.370370e-02
29577: 1.857988e+00 1.674556e+00 1.569527e+00 6.908284e-01 1.834320e-01 2.366864e-02
29577: 1.856721e+00 1.676514e+00 1.568685e+00 6.912851e-01 1.831610e-01 2.363368e-02
29577: 1.858407e+00 1.675516e+00 1.569322e+00 6.902655e-01 1.828909e-01 2.359882e-02
29577: 1.858616e+00 1.674521e+00 1.571429e+00 6.892489e-01 1.826215e-01 2.356406e-02
29577: 1.858824e+00 1.675000e+00 1.570588e+00 6.897059e-01 1.823529e-01 2.352941e-02
29577: 1.859031e+00 1.675477e+00 1.569750e+00 6.901615e-01 1.820852e-01 2.349486e-02
29577: 1.859238e+00 1.675953e+00 1.570381e+00 6.891496e-01 1.818182e-01 2.346041e-02
29577: 1.857980e+00 1.676428e+00 1.568082e+00 6.925329e-01 1.815520e-01 2.342606e-02
29577: 1.859649e+00 1.675439e+00 1.568713e+00 6.915205e-01 1.812865e-01 2.339181e-02
29577: 1.858394e+00 1.675912e+00 1.569343e+00 6.905109e-01 1.824818e-01 2.335766e-02
29577: 1.858601e+00 1.673469e+00 1.571429e+00 6.895044e-01 1.836735e-01 2.332362e-02
29577: 1.857351e+00 1.673945e+00 1.570597e+00 6.914119e-01 1.834061e-01 2.328967e-02
29577: 1.856105e+00 1.672965e+00 1.569767e+00 6.947674e-01 1.831395e-01 2.325581e-02
29577: 1.856313e+00 1.673440e+00 1.570392e+00 6.937591e-01 1.828737e-01 2.322206e-02
29577: 1.856522e+00 1.673913e+00 1.568116e+00 6.956522e-01 1.826087e-01 2.318841e-02
29577: 1.858177e+00 1.671491e+00 1.570188e+00 6.946454e-01 1.823444e-01 2.315485e-02
29577: 1.858382e+00 1.670520e+00 1.569364e+00 6.965318e-01 1.820809e-01 2.312139e-02
29577: 1.857143e+00 1.672439e+00 1.568543e+00 6.955267e-01 1.832612e-01 2.308802e-02
29577: 1.858790e+00 1.672911e+00 1.567723e+00 6.945245e-01 1.829971e-01 2.305476e-02
29577: 1.857554e+00 1.673381e+00 1.568345e+00 6.935252e-01 1.841727e-01 2.302158e-02
29577: 1.856322e+00 1.673851e+00 1.568966e+00 6.925287e-01 1.853448e-01 2.298851e-02
29577: 1.856528e+00 1.672884e+00 1.569584e+00 6.929699e-01 1.850789e-01 2.295552e-02
29577: 1.855301e+00 1.673352e+00 1.571633e+00 6.919771e-01 1.848138e-01 2.292264e-02
29577: 1.854077e+00 1.672389e+00 1.573677e+00 6.924177e-01 1.845494e-01 2.288984e-02
29577: 1.854286e+00 1.670000e+00 1.574286e+00 6.928571e-01 1.842857e-01 2.428571e-02
29577: 1.854494e+00 1.671897e+00 1.572040e+00 6.932953e-01 1.840228e-01 2.425107e-02
29577: 1.853276e+00 1.672365e+00 1.572650e+00 6.937322e-01 1.837607e-01 2.421652e-02
29577: 1.852063e+00 1.672831e+00 1.571835e+00 6.955903e-01 1.834993e-01 2.418208e-02
29577: 1.852273e+00 1.671875e+00 1.571023e+00 6.974432e-01 1.832386e-01 2.414773e-02
29577: 1.852482e+00 1.672340e+00 1.570213e+00 6.978723e-01 1.829787e-01 2.411348e-02
29577: 1.852691e+00 1.672805e+00 1.569405e+00 6.983003e-01 1.827195e-01 2.407932e-02
29577: 1.852900e+00 1.671853e+00 1.570014e+00 6.987270e-01 1.824611e-01 2.404526e-02
29577: 1.851695e+00 1.673729e+00 1.567797e+00 7.005650e-01 1.822034e-01 2.401130e-02
29577: 1.853315e+00 1.672779e+00 1.568406e+00 6.995769e-01 1.819464e-01 2.397743e-02
29577: 1.852113e+00 1.673239e+00 1.570423e+00 6.985915e-01 1.816901e-01 2.394366e-02
29577: 1.850914e+00 1.675105e+00 1.569620e+00 6.990155e-01 1.814346e-01 2.390999e-02
29577: 1.851124e+00 1.675562e+00 1.568820e+00 6.994382e-01 1.811798e-01 2.387640e-02
29577: 1.851332e+00 1.674614e+00 1.569425e+00 6.984572e-01 1.823282e-01 2.384292e-02
29577: 1.850140e+00 1.676471e+00 1.570028e+00 6.974790e-01 1.820728e-01 2.380952e-02
29577: 1.850350e+00 1.675524e+00 1.569231e+00 6.993007e-01 1.818182e-01 2.377622e-02
29577: 1.849162e+00 1.674581e+00 1.572626e+00 6.983240e-01 1.815642e-01 2.374302e-02
29577: 1.852162e+00 1.673640e+00 1.570432e+00 6.987448e-01 1.813110e-01 2.370990e-02
29577: 1.853760e+00 1.672702e+00 1.569638e+00 6.991643e-01 1.810585e-01 2.367688e-02
29577: 1.855355e+00 1.673157e+00 1.568846e+00 6.981919e-01 1.808067e-01 2.364395e-02
29577: 1.854167e+00 1.673611e+00 1.570833e+00 6.972222e-01 1.805556e-01 2.361111e-02
29577: 1.854369e+00 1.674064e+00 1.570042e+00 6.976422e-01 1.803051e-01 2.357836e-02
29577: 1.854571e+00 1.673130e+00 1.570637e+00 6.980609e-01 1.800554e-01 2.354571e-02
29577: 1.854772e+00 1.673582e+00 1.569848e+00 6.984786e-01 1.798064e-01 2.351314e-02
29577: 1.853591e+00 1.674033e+00 1.571823e+00 6.975138e-01 1.795580e-01 2.348066e-02
29577: 1.853793e+00 1.673103e+00 1.572414e+00 6.979310e-01 1.793103e-01 2.344828e-02
29577: 1.853994e+00 1.674931e+00 1.570248e+00 6.983471e-01 1.790634e-01 2.341598e-02
29577: 1.852820e+00 1.674003e+00 1.569464e+00 7.015131e-01 1.788171e-01 2.338377e-02
29577: 1.853022e+00 1.673077e+00 1.571429e+00 7.005495e-01 1.785714e-01 2.335165e-02
29577: 1.851852e+00 1.673525e+00 1.570645e+00 7.023320e-01 1.783265e-01 2.331962e-02
29577: 1.852055e+00 1.673973e+00 1.569863e+00 7.027397e-01 1.780822e-01 2.328767e-02
29577: 1.852257e+00 1.674419e+00 1.570451e+00 7.017784e-01 1.778386e-01 2.325581e-02
29577: 1.852459e+00 1.673497e+00 1.569672e+00 7.035519e-01 1.775956e-01 2.322404e-02
29577: 1.851296e+00 1.673943e+00 1.571623e+00 7.025921e-01 1.773533e-01 2.319236e-02
29577: 1.852861e+00 1.673025e+00 1.569482e+00 7.043597e-01 1.771117e-01 2.316076e-02
29577: 1.851701e+00 1.673469e+00 1.571429e+00 7.034014e-01 1.768707e-01 2.312925e-02
29577: 1.850543e+00 1.673913e+00 1.572011e+00 7.038043e-01 1.766304e-01 2.309783e-02
29577: 1.850746e+00 1.672999e+00 1.571235e+00 7.055631e-01 1.763908e-01 2.306649e-02
29577: 1.849593e+00 1.674797e+00 1.569106e+00 7.073171e-01 1.761518e-01 2.303523e-02
29577: 1.849797e+00 1.673884e+00 1.569689e+00 7.077131e-01 1.759134e-01 2.300406e-02
29577: 1.848649e+00 1.674324e+00 1.570270e+00 7.081081e-01 1.756757e-01 2.297297e-02
29577: 1.847503e+00 1.673414e+00 1.572200e+00 7.085020e-01 1.754386e-01 2.294197e-02
29577: 1.847709e+00 1.673854e+00 1.570081e+00 7.088949e-01 1.765499e-01 2.291105e-02
29577: 1.846568e+00 1.674293e+00 1.569314e+00 7.092867e-01 1.776581e-01 2.288022e-02
29577: 1.848118e+00 1.674731e+00 1.568548e+00 7.083333e-01 1.774194e-01 2.284946e-02
29577: 1.846980e+00 1.676510e+00 1.569128e+00 7.073826e-01 1.771812e-01 2.281879e-02
29577: 1.847185e+00 1.676944e+00 1.569705e+00 7.064343e-01 1.769437e-01 2.278820e-02
29577: 1.846051e+00 1.676037e+00 1.570281e+00 7.068273e-01 1.780455e-01 2.275770e-02
29577: 1.846257e+00 1.676471e+00 1.568182e+00 7.085561e-01 1.778075e-01 2.272727e-02
29577: 1.846462e+00 1.674232e+00 1.570093e+00 7.089453e-01 1.775701e-01 2.269693e-02
29577: 1.845333e+00 1.676000e+00 1.569333e+00 7.093333e-01 1.773333e-01 2.266667e-02
29577: 1.845539e+00 1.675100e+00 1.569907e+00 7.083888e-01 1.770972e-01 2.396804e-02
29577: 1.845745e+00 1.676862e+00 1.569149e+00 7.074468e-01 1.768617e-01 2.393617e-02
29577: 1.847278e+00 1.675963e+00 1.569721e+00 7.065073e-01 1.766268e-01 2.390438e-02
29577: 1.846154e+00 1.676393e+00 1.570292e+00 7.068966e-01 1.763926e-01 2.387268e-02
29577: 1.847682e+00 1.675497e+00 1.569536e+00 7.072848e-01 1.761589e-01 2.384106e-02
29577: 1.846561e+00 1.675926e+00 1.571429e+00 7.063492e-01 1.759259e-01 2.380952e-02
29577: 1.845443e+00 1.675033e+00 1.570674e+00 7.080581e-01 1.770145e-01 2.377807e-02
29577: 1.845646e+00 1.675462e+00 1.568602e+00 7.097625e-01 1.767810e-01 2.374670e-02
29577: 1.845850e+00 1.674572e+00 1.570487e+00 7.088274e-01 1.765481e-01 2.371542e-02
29577: 1.846053e+00 1.675000e+00 1.569737e+00 7.092105e-01 1.763158e-01 2.368421e-02
29577: 1.844941e+00 1.676741e+00 1.570302e+00 7.082786e-01 1.760841e-01 2.365309e-02
29577: 1.845144e+00 1.677165e+00 1.569554e+00 7.086614e-01 1.758530e-01 2.362205e-02
29577: 1.844037e+00 1.674967e+00 1.571429e+00 7.090433e-01 1.769332e-01 2.359109e-02
29577: 1.845550e+00 1.675393e+00 1.569372e+00 7.094241e-01 1.767016e-01 2.356021e-02
29577: 1.845752e+00 1.674510e+00 1.571242e+00 7.084967e-01 1.764706e-01 2.352941e-02
29577: 1.845953e+00 1.676240e+00 1.569191e+00 7.088773e-01 1.762402e-01 2.349869e-02
29577: 1.844850e+00 1.675359e+00 1.571056e+00 7.092568e-01 1.760104e-01 2.346806e-02
29577: 1.845052e+00 1.675781e+00 1.569010e+00 7.109375e-01 1.757812e-01 2.343750e-02
29577: 1.845254e+00 1.674902e+00 1.570871e+00 7.100130e-01 1.755527e-01 2.340702e-02
29577: 1.844156e+00 1.675325e+00 1.570130e+00 7.116883e-01 1.753247e-01 2.337662e-02
29577: 1.845655e+00 1.674449e+00 1.568093e+00 7.120623e-01 1.763943e-01 2.334630e-02
29577: 1.844560e+00 1.676166e+00 1.568653e+00 7.111399e-01 1.761658e-01 2.331606e-02
29577: 1.843467e+00 1.675291e+00 1.570505e+00 7.115136e-01 1.759379e-01 2.328590e-02
29577: 1.843669e+00 1.675711e+00 1.568475e+00 7.131783e-01 1.757106e-01 2.325581e-02
29577: 1.842581e+00 1.676129e+00 1.569032e+00 7.135484e-01 1.754839e-01 2.322581e-02
29577: 1.842784e+00 1.675258e+00 1.570876e+00 7.126289e-01 1.752577e-01 2.319588e-02
29577: 1.841699e+00 1.675676e+00 1.570142e+00 7.129987e-01 1.763192e-01 2.316602e-02
29577: 1.840617e+00 1.673522e+00 1.571979e+00 7.133676e-01 1.773779e-01 2.313625e-02
29577: 1.842105e+00 1.673941e+00 1.569961e+00 7.137356e-01 1.771502e-01 2.310655e-02
29577: 1.842308e+00 1.673077e+00 1.570513e+00 7.141026e-01 1.769231e-01 2.307692e-02
29577: 1.842510e+00 1.673496e+00 1.568502e+00 7.157490e-01 1.766965e-01 2.304738e-02
29577: 1.841432e+00 1.673913e+00 1.569054e+00 7.148338e-01 1.777494e-01 2.301790e-02
29577: 1.841635e+00 1.673052e+00 1.569604e+00 7.139208e-01 1.787995e-01 2.298851e-02
29577: 1.840561e+00 1.672194e+00 1.570153e+00 7.130102e-01 1.811224e-01 2.295918e-02
29577: 1.840764e+00 1.670064e+00 1.570701e+00 7.146497e-01 1.808917e-01 2.292994e-02
29577: 1.839695e+00 1.669211e+00 1.571247e+00 7.162850e-01 1.806616e-01 2.290076e-02
29577: 1.841169e+00 1.668361e+00 1.570521e+00 7.166455e-01 1.804320e-01 2.287166e-02
29577: 1.841371e+00 1.668782e+00 1.568528e+00 7.182741e-01 1.802030e-01 2.284264e-02
29577: 1.840304e+00 1.667934e+00 1.570342e+00 7.186312e-01 1.799747e-01 2.281369e-02
29577: 1.839241e+00 1.668354e+00 1.570886e+00 7.189873e-01 1.797468e-01 2.278481e-02
29577: 1.840708e+00 1.667509e+00 1.568900e+00 7.206068e-01 1.795196e-01 2.275601e-02
29577: 1.840909e+00 1.667929e+00 1.568182e+00 7.209596e-01 1.792929e-01 2.272727e-02
29577: 1.841110e+00 1.667087e+00 1.569987e+00 7.200504e-01 1.790668e-01 2.269861e-02
29577: 1.841310e+00 1.667506e+00 1.570529e+00 7.191436e-01 1.788413e-01 2.267003e-02
29577: 1.840252e+00 1.666667e+00 1.569811e+00 7.220126e-01 1.786164e-01 2.264151e-02
29577: 1.839196e+00 1.667085e+00 1.570352e+00 7.211055e-01 1.796482e-01 2.261307e-02
29577: 1.839398e+00 1.664994e+00 1.569636e+00 7.227102e-01 1.806775e-01 2.258469e-02
29577: 1.838346e+00 1.665414e+00 1.570175e+00 7.218045e-01 1.817043e-01 2.255639e-02
29577: 1.838548e+00 1.665832e+00 1.568210e+00 7.221527e-01 1.827284e-01 2.252816e-02
29577: 1.837500e+00 1.666250e+00 1.568750e+00 7.212500e-01 1.837500e-01 2.250000e-02
29577: 1.838951e+00 1.665418e+00 1.568040e+00 7.203496e-01 1.835206e-01 2.372035e-02
29577: 1.837905e+00 1.667082e+00 1.567332e+00 7.206983e-01 1.832918e-01 2.369077e-02
29577: 1.836862e+00 1.667497e+00 1.567870e+00 7.210461e-01 1.830635e-01 2.366127e-02
29577: 1.837065e+00 1.667910e+00 1.568408e+00 7.201493e-01 1.828358e-01 2.363184e-02
29577: 1.837267e+00 1.665839e+00 1.570186e+00 7.204969e-01 1.826087e-01 2.360248e-02
29577: 1.836228e+00 1.666253e+00 1.569479e+00 7.220844e-01 1.823821e-01 2.357320e-02
29577: 1.836431e+00 1.666667e+00 1.570012e+00 7.211896e-01 1.821561e-01 2.354399e-02
29577: 1.835396e+00 1.665842e+00 1.568069e+00 7.240099e-01 1.831683e-01 2.351485e-02
29577: 1.835600e+00 1.665019e+00 1.568603e+00 7.243511e-01 1.829419e-01 2.348578e-02
29577: 1.835802e+00 1.666667e+00 1.567901e+00 7.234568e-01 1.827160e-01 2.345679e-02
29577: 1.834772e+00 1.665845e+00 1.570900e+00 7.225647e-01 1.824908e-01 2.342787e-02
29577: 1.834975e+00 1.665025e+00 1.570197e+00 7.229064e-01 1.822660e-01 2.463054e-02
29577: 1.833948e+00 1.665437e+00 1.568266e+00 7.244772e-01 1.832718e-01 2.460025e-02
29577: 1.834152e+00 1.667076e+00 1.567568e+00 7.235872e-01 1.830467e-01 2.457002e-02
29577: 1.834356e+00 1.665031e+00 1.569325e+00 7.239264e-01 1.828221e-01 2.453988e-02
29577: 1.834559e+00 1.665441e+00 1.568627e+00 7.242647e-01 1.825980e-01 2.450980e-02
29577: 1.833537e+00 1.663403e+00 1.571603e+00 7.246022e-01 1.823745e-01 2.447980e-02
29577: 1.833741e+00 1.662592e+00 1.570905e+00 7.261614e-01 1.821516e-01 2.444988e-02
29577: 1.833944e+00 1.663004e+00 1.570208e+00 7.264957e-01 1.819292e-01 2.442002e-02
29577: 1.832927e+00 1.663415e+00 1.569512e+00 7.268293e-01 1.829268e-01 2.439024e-02
29577: 1.831912e+00 1.663825e+00 1.568819e+00 7.259440e-01 1.851401e-01 2.436054e-02
29577: 1.834550e+00 1.663017e+00 1.568127e+00 7.250608e-01 1.849148e-01 2.433090e-02
29577: 1.833536e+00 1.663426e+00 1.567436e+00 7.266100e-01 1.846902e-01 2.430134e-02
29577: 1.832524e+00 1.663835e+00 1.569175e+00 7.257282e-01 1.844660e-01 2.427184e-02
29577: 1.833939e+00 1.663030e+00 1.568485e+00 7.248485e-01 1.854545e-01 2.424242e-02
29577: 1.835351e+00 1.663438e+00 1.567797e+00 7.239709e-01 1.852300e-01 2.421308e-02
29577: 1.835550e+00 1.662636e+00 1.568319e+00 7.230955e-01 1.862152e-01 2.418380e-02
29577: 1.835749e+00 1.663043e+00 1.568841e+00 7.222222e-01 1.859903e-01 2.415459e-02
29577: 1.834741e+00 1.662244e+00 1.569361e+00 7.237636e-01 1.857660e-01 2.412545e-02
29577: 1.836145e+00 1.661446e+00 1.569880e+00 7.228916e-01 1.855422e-01 2.409639e-02
29577: 1.835138e+00 1.663057e+00 1.570397e+00 7.220217e-01 1.853189e-01 2.406739e-02
29577: 1.835337e+00 1.662260e+00 1.569712e+00 7.223558e-01 1.862981e-01 2.403846e-02
29577: 1.834334e+00 1.662665e+00 1.571429e+00 7.214886e-01 1.860744e-01 2.400960e-02
29577: 1.833333e+00 1.663070e+00 1.571942e+00 7.218225e-01 1.858513e-01 2.398082e-02
29577: 1.834731e+00 1.661078e+00 1.572455e+00 7.221557e-01 1.856287e-01 2.395210e-02
29577: 1.833732e+00 1.660287e+00 1.572967e+00 7.236842e-01 1.854067e-01 2.392344e-02
29577: 1.832736e+00 1.661888e+00 1.572282e+00 7.240143e-01 1.851852e-01 2.389486e-02
29577: 1.832936e+00 1.661098e+00 1.570406e+00 7.255370e-01 1.861575e-01 2.386635e-02
29577: 1.831943e+00 1.663886e+00 1.568534e+00 7.258641e-01 1.859356e-01 2.383790e-02
29577: 1.832143e+00 1.663095e+00 1.569048e+00 7.261905e-01 1.857143e-01 2.380952e-02
29577: 1.832342e+00 1.663496e+00 1.569560e+00 7.253270e-01 1.854935e-01 2.378121e-02
29577: 1.831354e+00 1.662708e+00 1.571259e+00 7.256532e-01 1.852732e-01 2.375297e-02
29577: 1.832740e+00 1.661922e+00 1.570581e+00 7.259786e-01 1.850534e-01 2.372479e-02
29577: 1.831754e+00 1.663507e+00 1.569905e+00 7.263033e-01 1.848341e-01 2.369668e-02
29577: 1.831953e+00 1.662722e+00 1.570414e+00 7.266272e-01 1.846154e-01 2.366864e-02
29577: 1.830969e+00 1.664303e+00 1.568558e+00 7.281324e-01 1.843972e-01 2.364066e-02
29577: 1.832349e+00 1.664699e+00 1.567887e+00 7.272727e-01 1.841795e-01 2.361275e-02
29577: 1.831368e+00 1.666274e+00 1.568396e+00 7.264151e-01 1.839623e-01 2.358491e-02
29577: 1.831567e+00 1.667845e+00 1.567727e+00 7.255595e-01 1.837456e-01 2.355713e-02
29577: 1.830588e+00 1.667059e+00 1.570588e+00 7.247059e-01 1.835294e-01 2.352941e-02
29577: 1.831962e+00 1.665100e+00 1.569918e+00 7.250294e-01 1.844888e-01 2.350176e-02
29577: 1.830986e+00 1.665493e+00 1.569249e+00 7.253521e-01 1.854460e-01 2.347418e-02
29577: 1.831184e+00 1.664713e+00 1.569754e+00 7.256741e-01 1.852286e-01 2.344666e-02
29577: 1.830211e+00 1.667447e+00 1.569087e+00 7.248244e-01 1.850117e-01 2.341920e-02
29577: 1.831579e+00 1.667836e+00 1.568421e+00 7.239766e-01 1.847953e-01 2.339181e-02
29577: 1.830607e+00 1.667056e+00 1.568925e+00 7.231308e-01 1.857477e-01 2.453271e-02
29577: 1.830805e+00 1.666278e+00 1.570595e+00 7.222870e-01 1.855309e-01 2.450408e-02
29577: 1.829837e+00 1.667832e+00 1.569930e+00 7.226107e-01 1.853147e-01 2.447552e-02
29577: 1.828871e+00 1.668219e+00 1.571595e+00 7.217695e-01 1.850990e-01 2.444703e-02
29577: 1.827907e+00 1.668605e+00 1.570930e+00 7.232558e-01 1.848837e-01 2.441860e-02
29577: 1.829268e+00 1.666667e+00 1.571429e+00 7.235772e-01 1.846690e-01 2.439024e-02
29577: 1.828306e+00 1.667053e+00 1.570766e+00 7.250580e-01 1.844548e-01 2.436195e-02
29577: 1.828505e+00 1.667439e+00 1.570104e+00 7.253766e-01 1.842410e-01 2.433372e-02
29577: 1.827546e+00 1.666667e+00 1.570602e+00 7.256944e-01 1.851852e-01 2.430556e-02
29577: 1.827746e+00 1.667052e+00 1.569942e+00 7.260116e-01 1.849711e-01 2.427746e-02
29577: 1.826790e+00 1.668591e+00 1.570439e+00 7.251732e-01 1.847575e-01 2.424942e-02
29577: 1.828143e+00 1.667820e+00 1.569781e+00 7.254902e-01 1.845444e-01 2.422145e-02
29577: 1.828341e+00 1.669355e+00 1.569124e+00 7.246544e-01 1.843318e-01 2.419355e-02
29577: 1.828539e+00 1.668585e+00 1.569620e+00 7.249712e-01 1.841197e-01 2.416571e-02
29577: 1.829885e+00 1.668966e+00 1.568966e+00 7.241379e-01 1.839080e-01 2.413793e-02
29577: 1.828932e+00 1.670494e+00 1.569460e+00 7.233065e-01 1.836969e-01 2.411022e-02
29577: 1.827982e+00 1.670872e+00 1.569954e+00 7.236239e-01 1.834862e-01 2.408257e-02
29577: 1.829324e+00 1.670103e+00 1.570447e+00 7.227950e-01 1.832761e-01 2.405498e-02
29577: 1.829519e+00 1.671625e+00 1.568650e+00 7.231121e-01 1.830664e-01 2.402746e-02
29577: 1.828571e+00 1.670857e+00 1.569143e+00 7.245714e-01 1.828571e-01 2.400000e-02
29577: 1.828767e+00 1.672374e+00 1.568493e+00 7.237443e-01 1.826484e-01 2.397260e-02
29577: 1.827822e+00 1.671608e+00 1.570125e+00 7.229190e-01 1.835804e-01 2.394527e-02
29577: 1.826879e+00 1.671982e+00 1.569476e+00 7.232346e-01 1.845103e-01 2.391800e-02
29577: 1.827076e+00 1.671217e+00 1.571104e+00 7.224118e-01 1.843003e-01 2.389078e-02
29577: 1.827273e+00 1.671591e+00 1.570455e+00 7.227273e-01 1.840909e-01 2.386364e-02
29577: 1.826334e+00 1.670829e+00 1.569807e+00 7.253121e-01 1.838820e-01 2.383655e-02
29577: 1.825397e+00 1.671202e+00 1.571429e+00 7.244898e-01 1.836735e-01 2.380952e-02
29577: 1.824462e+00 1.672707e+00 1.570781e+00 7.248018e-01 1.834655e-01 2.378256e-02
29577: 1.823529e+00 1.673077e+00 1.570136e+00 7.262443e-01 1.832579e-01 2.375566e-02
29577: 1.823729e+00 1.673446e+00 1.569492e+00 7.265537e-01 1.830508e-01 2.372881e-02
29577: 1.823928e+00 1.672686e+00 1.571106e+00 7.257336e-01 1.828442e-01 2.370203e-02
29577: 1.824126e+00 1.673055e+00 1.569335e+00 7.271702e-01 1.826381e-01 2.367531e-02
29577: 1.823198e+00 1.672297e+00 1.570946e+00 7.274775e-01 1.824324e-01 2.364865e-02
29577: 1.824522e+00 1.671541e+00 1.570304e+00 7.277840e-01 1.822272e-01 2.362205e-02
29577: 1.824719e+00 1.671910e+00 1.569663e+00 7.280899e-01 1.820225e-01 2.359551e-02
29577: 1.824916e+00 1.671156e+00 1.571268e+00 7.272727e-01 1.818182e-01 2.356902e-02
29577: 1.825112e+00 1.671525e+00 1.569507e+00 7.286996e-01 1.816143e-01 2.354260e-02
29577: 1.824188e+00 1.671892e+00 1.569989e+00 7.278835e-01 1.825308e-01 2.351624e-02
29577: 1.824385e+00 1.671141e+00 1.571588e+00 7.270694e-01 1.823266e-01 2.348993e-02
29577: 1.823464e+00 1.672626e+00 1.569832e+00 7.284916e-01 1.821229e-01 2.346369e-02
29577: 1.822545e+00 1.672991e+00 1.570312e+00 7.287946e-01 1.819196e-01 2.343750e-02
29577: 1.823857e+00 1.671126e+00 1.570792e+00 7.290970e-01 1.817168e-01 2.341137e-02
29577: 1.822940e+00 1.671492e+00 1.571269e+00 7.293987e-01 1.815145e-01 2.338530e-02
29577: 1.823137e+00 1.671858e+00 1.570634e+00 7.296997e-01 1.813126e-01 2.335929e-02
29577: 1.823333e+00 1.671111e+00 1.571111e+00 7.300000e-01 1.811111e-01 2.333333e-02
29577: 1.822420e+00 1.670366e+00 1.571587e+00 7.314095e-01 1.809101e-01 2.330744e-02
29577: 1.822616e+00 1.668514e+00 1.572062e+00 7.328160e-01 1.807095e-01 2.328160e-02
29577: 1.822813e+00 1.669989e+00 1.570321e+00 7.331118e-01 1.805094e-01 2.325581e-02
29577: 1.821903e+00 1.670354e+00 1.569690e+00 7.334071e-01 1.814159e-01 2.323009e-02
29577: 1.822099e+00 1.670718e+00 1.570166e+00 7.325967e-01 1.812155e-01 2.320442e-02
29577: 1.821192e+00 1.671082e+00 1.568433e+00 7.350993e-01 1.810155e-01 2.317881e-02
29577: 1.820287e+00 1.670342e+00 1.570011e+00 7.342889e-01 1.819184e-01 2.315325e-02
29577: 1.820485e+00 1.669604e+00 1.570485e+00 7.345815e-01 1.817181e-01 2.312775e-02
29577: 1.820682e+00 1.671067e+00 1.568757e+00 7.348735e-01 1.815182e-01 2.310231e-02
29577: 1.819780e+00 1.671429e+00 1.570330e+00 7.340659e-01 1.813187e-01 2.307692e-02
29577: 1.819978e+00 1.671789e+00 1.569704e+00 7.343578e-01 1.811196e-01 2.305159e-02
29577: 1.819079e+00 1.671053e+00 1.571272e+00 7.346491e-01 1.809211e-01 2.302632e-02
29577: 1.818182e+00 1.671413e+00 1.570646e+00 7.349398e-01 1.818182e-01 2.300110e-02
29577: 1.817287e+00 1.673961e+00 1.568928e+00 7.352298e-01 1.816193e-01 2.297593e-02
29577: 1.817486e+00 1.673224e+00 1.570492e+00 7.344262e-01 1.814208e-01 2.295082e-02
29577: 1.816594e+00 1.673581e+00 1.568777e+00 7.358079e-01 1.812227e-01 2.401747e-02
29577: 1.817884e+00 1.672846e+00 1.569248e+00 7.350055e-01 1.810251e-01 2.399128e-02
29577: 1.818083e+00 1.673203e+00 1.568627e+00 7.352941e-01 1.808279e-01 2.396514e-02
29577: 1.817193e+00 1.673558e+00 1.569097e+00 7.344940e-01 1.817193e-01 2.393906e-02
29577: 1.816304e+00 1.675000e+00 1.569565e+00 7.336957e-01 1.815217e-01 2.391304e-02
29577: 1.817590e+00 1.674267e+00 1.570033e+00 7.328990e-01 1.813246e-01 2.388708e-02
29577: 1.817787e+00 1.674620e+00 1.568330e+00 7.331887e-01 1.822126e-01 2.386117e-02
29577: 1.816901e+00 1.673889e+00 1.569881e+00 7.334778e-01 1.820152e-01 2.383532e-02
29577: 1.817100e+00 1.674242e+00 1.570346e+00 7.326840e-01 1.818182e-01 2.380952e-02
29577: 1.816216e+00 1.674595e+00 1.569730e+00 7.340541e-01 1.816216e-01 2.378378e-02
29577: 1.815335e+00 1.676026e+00 1.569114e+00 7.332613e-01 1.825054e-01 2.375810e-02
29577: 1.815534e+00 1.675297e+00 1.570658e+00 7.324703e-01 1.823085e-01 2.373247e-02
29577: 1.814655e+00 1.676724e+00 1.570043e+00 7.327586e-01 1.821121e-01 2.370690e-02
29577: 1.814855e+00 1.677072e+00 1.568353e+00 7.330463e-01 1.829925e-01 2.368138e-02
29577: 1.815054e+00 1.676344e+00 1.568817e+00 7.333333e-01 1.827957e-01 2.365591e-02
29577: 1.814178e+00 1.676692e+00 1.569280e+00 7.325456e-01 1.836735e-01 2.363050e-02
29577: 1.815451e+00 1.677039e+00 1.568670e+00 7.317597e-01 1.834764e-01 2.360515e-02
29577: 1.814577e+00 1.676313e+00 1.570204e+00 7.309753e-01 1.843516e-01 2.357985e-02
29577: 1.814775e+00 1.676660e+00 1.569593e+00 7.312634e-01 1.841542e-01 2.355460e-02
29577: 1.814973e+00 1.675936e+00 1.571123e+00 7.304813e-01 1.839572e-01 2.352941e-02
29577: 1.816239e+00 1.676282e+00 1.569444e+00 7.307692e-01 1.837607e-01 2.350427e-02
29577: 1.817503e+00 1.675560e+00 1.569904e+00 7.299893e-01 1.835646e-01 2.347919e-02
29577: 1.816631e+00 1.674840e+00 1.571429e+00 7.292111e-01 1.844350e-01 2.345416e-02
29577: 1.816826e+00 1.675186e+00 1.570820e+00 7.294995e-01 1.842386e-01 2.342918e-02
29577: 1.817021e+00 1.674468e+00 1.571277e+00 7.297872e-01 1.840426e-01 2.340426e-02
29577: 1.816153e+00 1.676939e+00 1.569607e+00 7.300744e-01 1.838470e-01 2.337938e-02
29577: 1.816348e+00 1.676221e+00 1.570064e+00 7.303609e-01 1.836518e-01 2.335456e-02
29577: 1.815483e+00 1.676564e+00 1.569459e+00 7.317073e-01 1.834571e-01 2.332980e-02
29577: 1.816737e+00 1.676907e+00 1.568856e+00 7.309322e-01 1.832627e-01 2.330508e-02
29577: 1.815873e+00 1.677249e+00 1.569312e+00 7.301587e-01 1.841270e-01 2.328042e-02
29577: 1.816068e+00 1.678647e+00 1.568710e+00 7.293869e-01 1.839323e-01 2.325581e-02
29577: 1.815206e+00 1.678986e+00 1.570222e+00 7.286167e-01 1.837381e-01 2.323126e-02
29577: 1.815401e+00 1.679325e+00 1.568565e+00 7.289030e-01 1.835443e-01 2.426160e-02
29577: 1.814542e+00 1.680717e+00 1.569020e+00 7.281349e-01 1.833509e-01 2.423604e-02
29577: 1.813684e+00 1.682105e+00 1.569474e+00 7.273684e-01 1.831579e-01 2.421053e-02
29577: 1.814932e+00 1.682440e+00 1.568875e+00 7.266036e-01 1.829653e-01 2.418507e-02
29577: 1.814076e+00 1.682773e+00 1.570378e+00 7.258403e-01 1.827731e-01 2.415966e-02
29577: 1.814271e+00 1.682057e+00 1.570829e+00 7.261280e-01 1.825813e-01 2.413431e-02
29577: 1.814465e+00 1.682390e+00 1.569182e+00 7.274633e-01 1.823899e-01 2.410901e-02
29577: 1.814660e+00 1.681675e+00 1.569634e+00 7.267016e-01 1.832461e-01 2.408377e-02
29577: 1.814854e+00 1.683054e+00 1.569038e+00 7.259414e-01 1.830544e-01 2.405858e-02
29577: 1.814002e+00 1.682341e+00 1.570533e+00 7.262278e-01 1.828631e-01 2.403344e-02
29577: 1.815240e+00 1.681628e+00 1.568894e+00 7.265136e-01 1.837161e-01 2.400835e-02
29577: 1.816475e+00 1.680918e+00 1.569343e+00 7.257560e-01 1.835245e-01 2.398332e-02
29577: 1.816667e+00 1.681250e+00 1.568750e+00 7.250000e-01 1.843750e-01 2.395833e-02
29577: 1.815817e+00 1.680541e+00 1.570239e+00 7.242456e-01 1.852237e-01 2.393340e-02
29577: 1.814969e+00 1.679834e+00 1.570686e+00 7.255717e-01 1.850312e-01 2.390852e-02
29577: 1.814123e+00 1.680166e+00 1.570093e+00 7.268951e-01 1.848390e-01 2.388370e-02
29577: 1.814315e+00 1.679461e+00 1.569502e+00 7.271784e-01 1.856846e-01 2.385892e-02
29577: 1.814508e+00 1.679793e+00 1.568912e+00 7.274611e-01 1.854922e-01 2.383420e-02
29577: 1.813665e+00 1.680124e+00 1.570393e+00 7.267081e-01 1.853002e-01 2.380952e-02
29577: 1.813857e+00 1.680455e+00 1.569804e+00 7.269907e-01 1.851086e-01 2.378490e-02
29577: 1.814050e+00 1.680785e+00 1.570248e+00 7.262397e-01 1.849174e-01 2.376033e-02
29577: 1.814241e+00 1.680083e+00 1.569659e+00 7.275542e-01 1.847265e-01 2.373581e-02
29577: 1.813402e+00 1.679381e+00 1.572165e+00 7.268041e-01 1.845361e-01 2.371134e-02
29577: 1.812564e+00 1.680742e+00 1.571576e+00 7.270855e-01 1.843460e-01 2.368692e-02
29577: 1.812757e+00 1.680041e+00 1.570988e+00 7.273663e-01 1.851852e-01 2.366255e-02
29577: 1.813977e+00 1.680370e+00 1.569373e+00 7.276465e-01 1.849949e-01 2.363823e-02
29577: 1.815195e+00 1.679671e+00 1.569815e+00 7.268994e-01 1.848049e-01 2.361396e-02
29577: 1.815385e+00 1.680000e+00 1.569231e+00 7.271795e-01 1.846154e-01 2.358974e-02
29577: 1.814549e+00 1.680328e+00 1.569672e+00 7.264344e-01 1.854508e-01 2.356557e-02
29577: 1.813715e+00 1.680655e+00 1.570113e+00 7.267144e-01 1.852610e-01 2.354145e-02
29577: 1.814928e+00 1.679959e+00 1.569530e+00 7.269939e-01 1.850716e-01 2.351738e-02
29577: 1.815117e+00 1.680286e+00 1.569969e+00 7.262513e-01 1.848825e-01 2.349336e-02
29577: 1.814286e+00 1.681633e+00 1.569388e+00 7.265306e-01 1.846939e-01 2.346939e-02
29577: 1.814475e+00 1.680938e+00 1.569827e+00 7.257900e-01 1.855250e-01 2.344546e-02
29577: 1.814664e+00 1.681263e+00 1.569246e+00 7.260692e-01 1.853360e-01 2.342159e-02
29577: 1.813835e+00 1.681587e+00 1.570702e+00 7.253306e-01 1.851475e-01 2.339776e-02
29577: 1.813008e+00 1.681911e+00 1.570122e+00 7.266260e-01 1.849593e-01 2.337398e-02
29577: 1.813198e+00 1.681218e+00 1.569543e+00 7.269036e-01 1.857868e-01 2.335025e-02
29577: 1.813387e+00 1.681542e+00 1.568966e+00 7.271805e-01 1.855984e-01 2.332657e-02
29577: 1.813576e+00 1.680851e+00 1.569402e+00 7.274569e-01 1.854103e-01 2.330294e-02
29577: 1.813765e+00 1.681174e+00 1.569838e+00 7.267206e-01 1.852227e-01 2.327935e-02
29577: 1.812942e+00 1.679474e+00 1.571284e+00 7.269970e-01 1.860465e-01 2.325581e-02
29577: 1.814141e+00 1.678788e+00 1.570707e+00 7.272727e-01 1.858586e-01 2.323232e-02
29577: 1.813320e+00 1.681130e+00 1.569122e+00 7.275479e-01 1.856710e-01 2.320888e-02
29577: 1.814516e+00 1.680444e+00 1.568548e+00 7.278226e-01 1.854839e-01 2.318548e-02
29577: 1.813696e+00 1.681772e+00 1.567976e+00 7.270896e-01 1.863041e-01 2.316213e-02
29577: 1.814889e+00 1.681087e+00 1.568410e+00 7.263581e-01 1.861167e-01 2.313883e-02
29577: 1.814070e+00 1.681407e+00 1.568844e+00 7.266332e-01 1.859296e-01 2.311558e-02
29577: 1.813253e+00 1.682731e+00 1.569277e+00 7.259036e-01 1.857430e-01 2.309237e-02
29577: 1.813440e+00 1.683049e+00 1.568706e+00 7.261785e-01 1.855567e-01 2.306921e-02
29577: 1.813627e+00 1.682365e+00 1.569138e+00 7.254509e-01 1.863727e-01 2.304609e-02
29577: 1.813814e+00 1.682683e+00 1.569570e+00 7.247247e-01 1.861862e-01 2.302302e-02
29577: Done!
Traceback (most recent call last):
  File "/lowest-unique-number/tournament0/elexunix.py", line 25, in <module>
    input()
EOFError: EOF when reading a line
