Forked 36579
Starting to reopen 0 and 1
Calling execv `tournament0/alex_dany` (pid 36579)
36579: Started!
36579: Number of players: 5, position: 0, number of turns: 1000
36579: Random seed: 1364672283
Strategy 0: first ans is 1
Forked 36580
Starting to reopen 0 and 1
Calling execv `tournament0/pzakorko.py` (pid 36580)
Strategy 1: first ans is 0
Forked 36581
Starting to reopen 0 and 1
Calling execv `tournament0/fedro.py` (pid 36581)
Strategy 2: first ans is 0
Forked 36605
Starting to reopen 0 and 1
Calling execv `tournament0/elexunix.py` (pid 36605)
Strategy 3: first ans is 2
Forked 36629
Starting to reopen 0 and 1
Calling execv `tournament0/the_best_strategy.py` (pid 36629)
Strategy 4: first ans is 0
36579: 3.000000e+00 1.000000e+00 1.000000e+00 0.000000e+00 0.000000e+00
36579: 2.500000e+00 1.000000e+00 1.000000e+00 5.000000e-01 0.000000e+00
36579: 2.666667e+00 1.000000e+00 1.000000e+00 3.333333e-01 0.000000e+00
36579: 2.750000e+00 1.250000e+00 7.500000e-01 2.500000e-01 0.000000e+00
36579: 2.600000e+00 1.200000e+00 1.000000e+00 2.000000e-01 0.000000e+00
36579: 2.666667e+00 1.333333e+00 8.333333e-01 1.666667e-01 0.000000e+00
36579: 2.571429e+00 1.285714e+00 8.571429e-01 2.857143e-01 0.000000e+00
36579: 2.500000e+00 1.250000e+00 1.000000e+00 2.500000e-01 0.000000e+00
36579: 2.666667e+00 1.222222e+00 8.888889e-01 2.222222e-01 0.000000e+00
36579: 2.600000e+00 1.300000e+00 9.000000e-01 2.000000e-01 0.000000e+00
36579: 2.545455e+00 1.363636e+00 9.090909e-01 1.818182e-01 0.000000e+00
36579: 2.583333e+00 1.333333e+00 8.333333e-01 1.666667e-01 8.333333e-02
36579: 2.615385e+00 1.384615e+00 7.692308e-01 1.538462e-01 7.692308e-02
36579: 2.571429e+00 1.428571e+00 7.857143e-01 1.428571e-01 7.142857e-02
36579: 2.533333e+00 1.400000e+00 8.666667e-01 1.333333e-01 6.666667e-02
36579: 2.500000e+00 1.375000e+00 8.750000e-01 1.875000e-01 6.250000e-02
36579: 2.470588e+00 1.411765e+00 8.823529e-01 1.764706e-01 5.882353e-02
36579: 2.500000e+00 1.388889e+00 8.888889e-01 1.666667e-01 5.555556e-02
36579: 2.473684e+00 1.368421e+00 8.947368e-01 1.578947e-01 1.052632e-01
36579: 2.500000e+00 1.400000e+00 8.500000e-01 1.500000e-01 1.000000e-01
36579: 2.476190e+00 1.476190e+00 8.095238e-01 1.428571e-01 9.523810e-02
36579: 2.454545e+00 1.500000e+00 8.181818e-01 1.363636e-01 9.090909e-02
36579: 2.434783e+00 1.521739e+00 8.260870e-01 1.304348e-01 8.695652e-02
36579: 2.416667e+00 1.541667e+00 7.916667e-01 1.666667e-01 8.333333e-02
36579: 2.440000e+00 1.560000e+00 7.600000e-01 1.600000e-01 8.000000e-02
36579: 2.423077e+00 1.538462e+00 7.692308e-01 1.923077e-01 7.692308e-02
36579: 2.407407e+00 1.555556e+00 7.777778e-01 1.851852e-01 7.407407e-02
36579: 2.428571e+00 1.535714e+00 7.500000e-01 1.785714e-01 1.071429e-01
36579: 2.413793e+00 1.586207e+00 7.241379e-01 1.724138e-01 1.034483e-01
36579: 2.400000e+00 1.600000e+00 7.333333e-01 1.666667e-01 1.000000e-01
36579: 2.387097e+00 1.580645e+00 7.741935e-01 1.612903e-01 9.677419e-02
36579: 2.375000e+00 1.562500e+00 8.125000e-01 1.562500e-01 9.375000e-02
36579: 2.363636e+00 1.545455e+00 8.181818e-01 1.818182e-01 9.090909e-02
36579: 2.352941e+00 1.558824e+00 8.235294e-01 1.764706e-01 8.823529e-02
36579: 2.371429e+00 1.542857e+00 8.285714e-01 1.714286e-01 8.571429e-02
36579: 2.361111e+00 1.527778e+00 8.333333e-01 1.944444e-01 8.333333e-02
36579: 2.351351e+00 1.540541e+00 8.108108e-01 1.891892e-01 1.081081e-01
36579: 2.368421e+00 1.526316e+00 7.894737e-01 2.105263e-01 1.052632e-01
36579: 2.358974e+00 1.538462e+00 7.948718e-01 2.051282e-01 1.025641e-01
36579: 2.350000e+00 1.525000e+00 8.000000e-01 2.250000e-01 1.000000e-01
36579: 2.341463e+00 1.512195e+00 8.292683e-01 2.195122e-01 9.756098e-02
36579: 2.333333e+00 1.523810e+00 8.333333e-01 2.142857e-01 9.523810e-02
36579: 2.372093e+00 1.511628e+00 8.139535e-01 2.093023e-01 9.302326e-02
36579: 2.409091e+00 1.500000e+00 7.954545e-01 2.045455e-01 9.090909e-02
36579: 2.422222e+00 1.488889e+00 7.777778e-01 2.222222e-01 8.888889e-02
36579: 2.413043e+00 1.478261e+00 8.043478e-01 2.173913e-01 8.695652e-02
36579: 2.404255e+00 1.489362e+00 8.085106e-01 2.127660e-01 8.510638e-02
36579: 2.395833e+00 1.500000e+00 7.916667e-01 2.083333e-01 1.041667e-01
36579: 2.387755e+00 1.510204e+00 7.959184e-01 2.040816e-01 1.020408e-01
36579: 2.380000e+00 1.540000e+00 7.800000e-01 2.000000e-01 1.000000e-01
36579: 2.372549e+00 1.529412e+00 7.843137e-01 2.156863e-01 9.803922e-02
36579: 2.365385e+00 1.538462e+00 7.692308e-01 2.307692e-01 9.615385e-02
36579: 2.358491e+00 1.547170e+00 7.735849e-01 2.264151e-01 9.433962e-02
36579: 2.370370e+00 1.537037e+00 7.777778e-01 2.222222e-01 9.259259e-02
36579: 2.363636e+00 1.545455e+00 7.636364e-01 2.363636e-01 9.090909e-02
36579: 2.375000e+00 1.535714e+00 7.500000e-01 2.500000e-01 8.928571e-02
36579: 2.385965e+00 1.543860e+00 7.368421e-01 2.456140e-01 8.771930e-02
36579: 2.396552e+00 1.534483e+00 7.413793e-01 2.413793e-01 8.620690e-02
36579: 2.389831e+00 1.525424e+00 7.627119e-01 2.372881e-01 8.474576e-02
36579: 2.400000e+00 1.516667e+00 7.500000e-01 2.500000e-01 8.333333e-02
36579: 2.409836e+00 1.508197e+00 7.540984e-01 2.459016e-01 8.196721e-02
36579: 2.419355e+00 1.500000e+00 7.580645e-01 2.419355e-01 8.064516e-02
36579: 2.412698e+00 1.507937e+00 7.619048e-01 2.380952e-01 7.936508e-02
36579: 2.406250e+00 1.515625e+00 7.656250e-01 2.343750e-01 7.812500e-02
36579: 2.400000e+00 1.523077e+00 7.692308e-01 2.307692e-01 7.692308e-02
36579: 2.409091e+00 1.530303e+00 7.575758e-01 2.272727e-01 7.575758e-02
36579: 2.402985e+00 1.552239e+00 7.462687e-01 2.238806e-01 7.462687e-02
36579: 2.397059e+00 1.573529e+00 7.352941e-01 2.205882e-01 7.352941e-02
36579: 2.405797e+00 1.550725e+00 7.536232e-01 2.173913e-01 7.246377e-02
36579: 2.400000e+00 1.542857e+00 7.571429e-01 2.285714e-01 7.142857e-02
36579: 2.408451e+00 1.549296e+00 7.464789e-01 2.253521e-01 7.042254e-02
36579: 2.402778e+00 1.555556e+00 7.500000e-01 2.222222e-01 6.944444e-02
36579: 2.397260e+00 1.547945e+00 7.534247e-01 2.191781e-01 8.219178e-02
36579: 2.405405e+00 1.540541e+00 7.432432e-01 2.297297e-01 8.108108e-02
36579: 2.413333e+00 1.533333e+00 7.333333e-01 2.400000e-01 8.000000e-02
36579: 2.421053e+00 1.539474e+00 7.236842e-01 2.368421e-01 7.894737e-02
36579: 2.402597e+00 1.532468e+00 7.402597e-01 2.467532e-01 7.792208e-02
36579: 2.410256e+00 1.525641e+00 7.435897e-01 2.435897e-01 7.692308e-02
36579: 2.392405e+00 1.531646e+00 7.594937e-01 2.405063e-01 7.594937e-02
36579: 2.400000e+00 1.525000e+00 7.625000e-01 2.375000e-01 7.500000e-02
36579: 2.395062e+00 1.518519e+00 7.777778e-01 2.345679e-01 7.407407e-02
36579: 2.390244e+00 1.512195e+00 7.926829e-01 2.317073e-01 7.317073e-02
36579: 2.385542e+00 1.506024e+00 7.951807e-01 2.409639e-01 7.228916e-02
36579: 2.369048e+00 1.511905e+00 8.095238e-01 2.380952e-01 7.142857e-02
36579: 2.352941e+00 1.505882e+00 8.235294e-01 2.470588e-01 7.058824e-02
36579: 2.337209e+00 1.511628e+00 8.139535e-01 2.558140e-01 8.139535e-02
36579: 2.333333e+00 1.505747e+00 8.275862e-01 2.528736e-01 8.045977e-02
36579: 2.329545e+00 1.511364e+00 8.295455e-01 2.500000e-01 7.954545e-02
36579: 2.337079e+00 1.505618e+00 8.314607e-01 2.471910e-01 7.865169e-02
36579: 2.322222e+00 1.522222e+00 8.333333e-01 2.444444e-01 7.777778e-02
36579: 2.318681e+00 1.527473e+00 8.351648e-01 2.417582e-01 7.692308e-02
36579: 2.315217e+00 1.521739e+00 8.369565e-01 2.500000e-01 7.608696e-02
36579: 2.301075e+00 1.516129e+00 8.494624e-01 2.580645e-01 7.526882e-02
36579: 2.297872e+00 1.510638e+00 8.510638e-01 2.553191e-01 8.510638e-02
36579: 2.305263e+00 1.505263e+00 8.526316e-01 2.526316e-01 8.421053e-02
36579: 2.302083e+00 1.500000e+00 8.645833e-01 2.500000e-01 8.333333e-02
36579: 2.288660e+00 1.505155e+00 8.659794e-01 2.577320e-01 8.247423e-02
36579: 2.285714e+00 1.500000e+00 8.673469e-01 2.653061e-01 8.163265e-02
36579: 2.272727e+00 1.494949e+00 8.787879e-01 2.727273e-01 8.080808e-02
36579: 2.280000e+00 1.490000e+00 8.800000e-01 2.700000e-01 8.000000e-02
36579: 2.267327e+00 1.504950e+00 8.811881e-01 2.673267e-01 7.920792e-02
36579: 2.264706e+00 1.500000e+00 8.921569e-01 2.647059e-01 7.843137e-02
36579: 2.252427e+00 1.495146e+00 9.126214e-01 2.621359e-01 7.766990e-02
36579: 2.240385e+00 1.490385e+00 9.326923e-01 2.596154e-01 7.692308e-02
36579: 2.228571e+00 1.504762e+00 9.333333e-01 2.571429e-01 7.619048e-02
36579: 2.216981e+00 1.509434e+00 9.433962e-01 2.547170e-01 7.547170e-02
36579: 2.214953e+00 1.504673e+00 9.532710e-01 2.523364e-01 7.476636e-02
36579: 2.212963e+00 1.509259e+00 9.537037e-01 2.500000e-01 7.407407e-02
36579: 2.220183e+00 1.504587e+00 9.541284e-01 2.477064e-01 7.339450e-02
36579: 2.218182e+00 1.509091e+00 9.545455e-01 2.454545e-01 7.272727e-02
36579: 2.216216e+00 1.504505e+00 9.639640e-01 2.432432e-01 7.207207e-02
36579: 2.205357e+00 1.517857e+00 9.642857e-01 2.410714e-01 7.142857e-02
36579: 2.194690e+00 1.513274e+00 9.734513e-01 2.389381e-01 7.964602e-02
36579: 2.184211e+00 1.517544e+00 9.824561e-01 2.368421e-01 7.894737e-02
36579: 2.182609e+00 1.513043e+00 9.913043e-01 2.347826e-01 7.826087e-02
36579: 2.172414e+00 1.517241e+00 1.000000e+00 2.327586e-01 7.758621e-02
36579: 2.162393e+00 1.521368e+00 1.000000e+00 2.393162e-01 7.692308e-02
36579: 2.161017e+00 1.525424e+00 1.000000e+00 2.372881e-01 7.627119e-02
36579: 2.151261e+00 1.537815e+00 1.000000e+00 2.352941e-01 7.563025e-02
36579: 2.141667e+00 1.533333e+00 1.008333e+00 2.333333e-01 8.333333e-02
36579: 2.140496e+00 1.528926e+00 1.008264e+00 2.396694e-01 8.264463e-02
36579: 2.131148e+00 1.532787e+00 1.016393e+00 2.377049e-01 8.196721e-02
36579: 2.121951e+00 1.528455e+00 1.024390e+00 2.439024e-01 8.130081e-02
36579: 2.112903e+00 1.532258e+00 1.032258e+00 2.419355e-01 8.064516e-02
36579: 2.104000e+00 1.536000e+00 1.040000e+00 2.400000e-01 8.000000e-02
36579: 2.095238e+00 1.531746e+00 1.047619e+00 2.460317e-01 7.936508e-02
36579: 2.094488e+00 1.535433e+00 1.047244e+00 2.440945e-01 7.874016e-02
36579: 2.085938e+00 1.539062e+00 1.046875e+00 2.500000e-01 7.812500e-02
36579: 2.085271e+00 1.534884e+00 1.054264e+00 2.480620e-01 7.751938e-02
36579: 2.084615e+00 1.538462e+00 1.053846e+00 2.461538e-01 7.692308e-02
36579: 2.076336e+00 1.534351e+00 1.061069e+00 2.442748e-01 8.396947e-02
36579: 2.075758e+00 1.537879e+00 1.060606e+00 2.424242e-01 8.333333e-02
36579: 2.075188e+00 1.533835e+00 1.060150e+00 2.481203e-01 8.270677e-02
36579: 2.067164e+00 1.537313e+00 1.067164e+00 2.462687e-01 8.208955e-02
36579: 2.059259e+00 1.540741e+00 1.066667e+00 2.518519e-01 8.148148e-02
36579: 2.058824e+00 1.536765e+00 1.066176e+00 2.573529e-01 8.088235e-02
36579: 2.051095e+00 1.532847e+00 1.080292e+00 2.554745e-01 8.029197e-02
36579: 2.050725e+00 1.528986e+00 1.079710e+00 2.536232e-01 8.695652e-02
36579: 2.043165e+00 1.532374e+00 1.086331e+00 2.517986e-01 8.633094e-02
36579: 2.035714e+00 1.542857e+00 1.085714e+00 2.500000e-01 8.571429e-02
36579: 2.028369e+00 1.539007e+00 1.092199e+00 2.553191e-01 8.510638e-02
36579: 2.021127e+00 1.542254e+00 1.091549e+00 2.535211e-01 9.154930e-02
36579: 2.020979e+00 1.538462e+00 1.090909e+00 2.517483e-01 9.790210e-02
36579: 2.013889e+00 1.541667e+00 1.097222e+00 2.500000e-01 9.722222e-02
36579: 2.013793e+00 1.537931e+00 1.096552e+00 2.482759e-01 1.034483e-01
36579: 2.006849e+00 1.541096e+00 1.095890e+00 2.465753e-01 1.095890e-01
36579: 2.000000e+00 1.551020e+00 1.095238e+00 2.448980e-01 1.088435e-01
36579: 1.993243e+00 1.554054e+00 1.101351e+00 2.432432e-01 1.081081e-01
36579: 1.993289e+00 1.550336e+00 1.100671e+00 2.483221e-01 1.073826e-01
36579: 1.993333e+00 1.553333e+00 1.100000e+00 2.466667e-01 1.066667e-01
36579: 2.000000e+00 1.549669e+00 1.099338e+00 2.450331e-01 1.059603e-01
36579: 1.993421e+00 1.546053e+00 1.098684e+00 2.565789e-01 1.052632e-01
36579: 1.993464e+00 1.542484e+00 1.098039e+00 2.614379e-01 1.045752e-01
36579: 1.987013e+00 1.545455e+00 1.103896e+00 2.597403e-01 1.038961e-01
36579: 1.987097e+00 1.541935e+00 1.109677e+00 2.580645e-01 1.032258e-01
36579: 1.980769e+00 1.544872e+00 1.108974e+00 2.564103e-01 1.089744e-01
36579: 1.974522e+00 1.547771e+00 1.114650e+00 2.547771e-01 1.082803e-01
36579: 1.968354e+00 1.544304e+00 1.126582e+00 2.531646e-01 1.075949e-01
36579: 1.968553e+00 1.540881e+00 1.132075e+00 2.515723e-01 1.069182e-01
36579: 1.975000e+00 1.537500e+00 1.131250e+00 2.500000e-01 1.062500e-01
36579: 1.968944e+00 1.534161e+00 1.130435e+00 2.608696e-01 1.055901e-01
36579: 1.962963e+00 1.543210e+00 1.129630e+00 2.592593e-01 1.049383e-01
36579: 1.963190e+00 1.539877e+00 1.128834e+00 2.638037e-01 1.042945e-01
36579: 1.957317e+00 1.542683e+00 1.134146e+00 2.621951e-01 1.036585e-01
36579: 1.951515e+00 1.539394e+00 1.145455e+00 2.606061e-01 1.030303e-01
36579: 1.951807e+00 1.536145e+00 1.150602e+00 2.590361e-01 1.024096e-01
36579: 1.952096e+00 1.532934e+00 1.155689e+00 2.574850e-01 1.017964e-01
36579: 1.946429e+00 1.541667e+00 1.154762e+00 2.559524e-01 1.011905e-01
36579: 1.946746e+00 1.550296e+00 1.147929e+00 2.544379e-01 1.005917e-01
36579: 1.941176e+00 1.552941e+00 1.152941e+00 2.529412e-01 1.000000e-01
36579: 1.941520e+00 1.555556e+00 1.152047e+00 2.514620e-01 9.941520e-02
36579: 1.947674e+00 1.552326e+00 1.151163e+00 2.500000e-01 9.883721e-02
36579: 1.942197e+00 1.560694e+00 1.150289e+00 2.485549e-01 9.826590e-02
36579: 1.936782e+00 1.563218e+00 1.149425e+00 2.528736e-01 9.770115e-02
36579: 1.942857e+00 1.560000e+00 1.148571e+00 2.514286e-01 9.714286e-02
36579: 1.948864e+00 1.556818e+00 1.147727e+00 2.500000e-01 9.659091e-02
36579: 1.943503e+00 1.553672e+00 1.152542e+00 2.542373e-01 9.604520e-02
36579: 1.949438e+00 1.550562e+00 1.151685e+00 2.528090e-01 9.550562e-02
36579: 1.949721e+00 1.553073e+00 1.150838e+00 2.513966e-01 9.497207e-02
36579: 1.950000e+00 1.550000e+00 1.155556e+00 2.500000e-01 9.444444e-02
36579: 1.944751e+00 1.552486e+00 1.154696e+00 2.541436e-01 9.392265e-02
36579: 1.939560e+00 1.554945e+00 1.153846e+00 2.527473e-01 9.890110e-02
36579: 1.939891e+00 1.557377e+00 1.153005e+00 2.513661e-01 9.836066e-02
36579: 1.940217e+00 1.554348e+00 1.157609e+00 2.500000e-01 9.782609e-02
36579: 1.945946e+00 1.551351e+00 1.156757e+00 2.486486e-01 9.729730e-02
36579: 1.940860e+00 1.553763e+00 1.161290e+00 2.473118e-01 9.677419e-02
36579: 1.935829e+00 1.561497e+00 1.160428e+00 2.459893e-01 9.625668e-02
36579: 1.936170e+00 1.569149e+00 1.154255e+00 2.446809e-01 9.574468e-02
36579: 1.936508e+00 1.566138e+00 1.158730e+00 2.433862e-01 9.523810e-02
36579: 1.936842e+00 1.563158e+00 1.157895e+00 2.473684e-01 9.473684e-02
36579: 1.931937e+00 1.570681e+00 1.157068e+00 2.460733e-01 9.424084e-02
36579: 1.927083e+00 1.567708e+00 1.166667e+00 2.447917e-01 9.375000e-02
36579: 1.922280e+00 1.569948e+00 1.170984e+00 2.435233e-01 9.326425e-02
36579: 1.917526e+00 1.567010e+00 1.175258e+00 2.422680e-01 9.793814e-02
36579: 1.917949e+00 1.564103e+00 1.174359e+00 2.461538e-01 9.743590e-02
36579: 1.923469e+00 1.561224e+00 1.173469e+00 2.448980e-01 9.693878e-02
36579: 1.918782e+00 1.563452e+00 1.177665e+00 2.436548e-01 9.644670e-02
36579: 1.919192e+00 1.565657e+00 1.176768e+00 2.424242e-01 9.595960e-02
36579: 1.919598e+00 1.567839e+00 1.170854e+00 2.462312e-01 9.547739e-02
36579: 1.920000e+00 1.565000e+00 1.175000e+00 2.450000e-01 9.500000e-02
36579: 1.915423e+00 1.567164e+00 1.174129e+00 2.487562e-01 9.452736e-02
36579: 1.910891e+00 1.569307e+00 1.173267e+00 2.475248e-01 9.900990e-02
36579: 1.916256e+00 1.566502e+00 1.172414e+00 2.463054e-01 9.852217e-02
36579: 1.911765e+00 1.563725e+00 1.171569e+00 2.549020e-01 9.803922e-02
36579: 1.907317e+00 1.575610e+00 1.165854e+00 2.536585e-01 9.756098e-02
36579: 1.902913e+00 1.567961e+00 1.174757e+00 2.524272e-01 1.019417e-01
36579: 1.903382e+00 1.565217e+00 1.178744e+00 2.512077e-01 1.014493e-01
36579: 1.903846e+00 1.562500e+00 1.177885e+00 2.548077e-01 1.009615e-01
36579: 1.899522e+00 1.564593e+00 1.177033e+00 2.583732e-01 1.004785e-01
36579: 1.895238e+00 1.561905e+00 1.180952e+00 2.619048e-01 1.000000e-01
36579: 1.890995e+00 1.559242e+00 1.189573e+00 2.606635e-01 9.952607e-02
36579: 1.886792e+00 1.561321e+00 1.188679e+00 2.641509e-01 9.905660e-02
36579: 1.882629e+00 1.558685e+00 1.187793e+00 2.676056e-01 1.032864e-01
36579: 1.878505e+00 1.556075e+00 1.191589e+00 2.663551e-01 1.074766e-01
36579: 1.879070e+00 1.553488e+00 1.195349e+00 2.651163e-01 1.069767e-01
36579: 1.875000e+00 1.550926e+00 1.199074e+00 2.638889e-01 1.111111e-01
36579: 1.870968e+00 1.557604e+00 1.198157e+00 2.626728e-01 1.105991e-01
36579: 1.871560e+00 1.555046e+00 1.201835e+00 2.614679e-01 1.100917e-01
36579: 1.872146e+00 1.557078e+00 1.200913e+00 2.602740e-01 1.095890e-01
36579: 1.868182e+00 1.563636e+00 1.200000e+00 2.590909e-01 1.090909e-01
36579: 1.864253e+00 1.565611e+00 1.199095e+00 2.624434e-01 1.085973e-01
36579: 1.864865e+00 1.567568e+00 1.198198e+00 2.612613e-01 1.081081e-01
36579: 1.865471e+00 1.565022e+00 1.201794e+00 2.600897e-01 1.076233e-01
36579: 1.866071e+00 1.562500e+00 1.205357e+00 2.589286e-01 1.071429e-01
36579: 1.866667e+00 1.560000e+00 1.208889e+00 2.577778e-01 1.066667e-01
36579: 1.862832e+00 1.557522e+00 1.212389e+00 2.610619e-01 1.061947e-01
36579: 1.863436e+00 1.555066e+00 1.211454e+00 2.599119e-01 1.101322e-01
36579: 1.864035e+00 1.552632e+00 1.214912e+00 2.587719e-01 1.096491e-01
36579: 1.860262e+00 1.550218e+00 1.218341e+00 2.620087e-01 1.091703e-01
36579: 1.856522e+00 1.547826e+00 1.221739e+00 2.608696e-01 1.130435e-01
36579: 1.852814e+00 1.549784e+00 1.220779e+00 2.640693e-01 1.125541e-01
36579: 1.849138e+00 1.556034e+00 1.219828e+00 2.629310e-01 1.120690e-01
36579: 1.854077e+00 1.557940e+00 1.214592e+00 2.618026e-01 1.115880e-01
36579: 1.854701e+00 1.555556e+00 1.217949e+00 2.606838e-01 1.111111e-01
36579: 1.859574e+00 1.553191e+00 1.217021e+00 2.595745e-01 1.106383e-01
36579: 1.855932e+00 1.550847e+00 1.224576e+00 2.584746e-01 1.101695e-01
36579: 1.856540e+00 1.548523e+00 1.223629e+00 2.573840e-01 1.139241e-01
36579: 1.852941e+00 1.546218e+00 1.226891e+00 2.563025e-01 1.176471e-01
36579: 1.849372e+00 1.543933e+00 1.234310e+00 2.552301e-01 1.171548e-01
36579: 1.845833e+00 1.545833e+00 1.237500e+00 2.541667e-01 1.166667e-01
36579: 1.846473e+00 1.543568e+00 1.236515e+00 2.572614e-01 1.161826e-01
36579: 1.842975e+00 1.541322e+00 1.239669e+00 2.603306e-01 1.157025e-01
36579: 1.839506e+00 1.543210e+00 1.238683e+00 2.633745e-01 1.152263e-01
36579: 1.840164e+00 1.540984e+00 1.237705e+00 2.622951e-01 1.188525e-01
36579: 1.840816e+00 1.538776e+00 1.236735e+00 2.653061e-01 1.183673e-01
36579: 1.841463e+00 1.536585e+00 1.235772e+00 2.682927e-01 1.178862e-01
36579: 1.838057e+00 1.538462e+00 1.238866e+00 2.672065e-01 1.174089e-01
36579: 1.834677e+00 1.544355e+00 1.237903e+00 2.661290e-01 1.169355e-01
36579: 1.831325e+00 1.542169e+00 1.244980e+00 2.650602e-01 1.164659e-01
36579: 1.828000e+00 1.548000e+00 1.244000e+00 2.640000e-01 1.160000e-01
36579: 1.824701e+00 1.549801e+00 1.243028e+00 2.629482e-01 1.195219e-01
36579: 1.821429e+00 1.555556e+00 1.242063e+00 2.619048e-01 1.190476e-01
36579: 1.818182e+00 1.557312e+00 1.245059e+00 2.608696e-01 1.185771e-01
36579: 1.814961e+00 1.562992e+00 1.244094e+00 2.598425e-01 1.181102e-01
36579: 1.811765e+00 1.560784e+00 1.247059e+00 2.627451e-01 1.176471e-01
36579: 1.812500e+00 1.558594e+00 1.246094e+00 2.656250e-01 1.171875e-01
36579: 1.809339e+00 1.560311e+00 1.249027e+00 2.645914e-01 1.167315e-01
36579: 1.810078e+00 1.558140e+00 1.248062e+00 2.674419e-01 1.162791e-01
36579: 1.806950e+00 1.555985e+00 1.254826e+00 2.664093e-01 1.158301e-01
36579: 1.803846e+00 1.553846e+00 1.253846e+00 2.692308e-01 1.192308e-01
36579: 1.800766e+00 1.555556e+00 1.252874e+00 2.720307e-01 1.187739e-01
36579: 1.801527e+00 1.553435e+00 1.255725e+00 2.709924e-01 1.183206e-01
36579: 1.802281e+00 1.555133e+00 1.254753e+00 2.699620e-01 1.178707e-01
36579: 1.799242e+00 1.553030e+00 1.257576e+00 2.689394e-01 1.212121e-01
36579: 1.796226e+00 1.554717e+00 1.256604e+00 2.716981e-01 1.207547e-01
36579: 1.793233e+00 1.552632e+00 1.259398e+00 2.744361e-01 1.203008e-01
36579: 1.794007e+00 1.554307e+00 1.258427e+00 2.734082e-01 1.198502e-01
36579: 1.791045e+00 1.555970e+00 1.261194e+00 2.723881e-01 1.194030e-01
36579: 1.791822e+00 1.557621e+00 1.260223e+00 2.713755e-01 1.189591e-01
36579: 1.788889e+00 1.555556e+00 1.262963e+00 2.740741e-01 1.185185e-01
36579: 1.785978e+00 1.553506e+00 1.265683e+00 2.767528e-01 1.180812e-01
36579: 1.790441e+00 1.551471e+00 1.264706e+00 2.757353e-01 1.176471e-01
36579: 1.787546e+00 1.553114e+00 1.267399e+00 2.747253e-01 1.172161e-01
36579: 1.788321e+00 1.551095e+00 1.270073e+00 2.737226e-01 1.167883e-01
36579: 1.785455e+00 1.549091e+00 1.272727e+00 2.727273e-01 1.200000e-01
36579: 1.786232e+00 1.547101e+00 1.275362e+00 2.717391e-01 1.195652e-01
36579: 1.783394e+00 1.545126e+00 1.277978e+00 2.743682e-01 1.191336e-01
36579: 1.780576e+00 1.543165e+00 1.284173e+00 2.733813e-01 1.187050e-01
36579: 1.781362e+00 1.544803e+00 1.283154e+00 2.724014e-01 1.182796e-01
36579: 1.782143e+00 1.546429e+00 1.282143e+00 2.714286e-01 1.178571e-01
36579: 1.779359e+00 1.548043e+00 1.281139e+00 2.740214e-01 1.174377e-01
36579: 1.783688e+00 1.546099e+00 1.280142e+00 2.730496e-01 1.170213e-01
36579: 1.784452e+00 1.544170e+00 1.282686e+00 2.720848e-01 1.166078e-01
36579: 1.781690e+00 1.545775e+00 1.285211e+00 2.711268e-01 1.161972e-01
36579: 1.782456e+00 1.543860e+00 1.287719e+00 2.701754e-01 1.157895e-01
36579: 1.783217e+00 1.541958e+00 1.290210e+00 2.692308e-01 1.153846e-01
36579: 1.783972e+00 1.543554e+00 1.289199e+00 2.682927e-01 1.149826e-01
36579: 1.788194e+00 1.541667e+00 1.288194e+00 2.673611e-01 1.145833e-01
36579: 1.785467e+00 1.543253e+00 1.290657e+00 2.664360e-01 1.141869e-01
36579: 1.782759e+00 1.544828e+00 1.289655e+00 2.655172e-01 1.172414e-01
36579: 1.780069e+00 1.542955e+00 1.292096e+00 2.646048e-01 1.202749e-01
36579: 1.780822e+00 1.541096e+00 1.291096e+00 2.671233e-01 1.198630e-01
36579: 1.778157e+00 1.539249e+00 1.290102e+00 2.696246e-01 1.228669e-01
36579: 1.782313e+00 1.537415e+00 1.289116e+00 2.687075e-01 1.224490e-01
36579: 1.783051e+00 1.538983e+00 1.288136e+00 2.677966e-01 1.220339e-01
36579: 1.783784e+00 1.540541e+00 1.287162e+00 2.668919e-01 1.216216e-01
36579: 1.781145e+00 1.542088e+00 1.289562e+00 2.659933e-01 1.212121e-01
36579: 1.781879e+00 1.540268e+00 1.291946e+00 2.651007e-01 1.208054e-01
36579: 1.782609e+00 1.541806e+00 1.290970e+00 2.642140e-01 1.204013e-01
36579: 1.780000e+00 1.543333e+00 1.290000e+00 2.666667e-01 1.200000e-01
36579: 1.777409e+00 1.541528e+00 1.292359e+00 2.691030e-01 1.196013e-01
36579: 1.774834e+00 1.543046e+00 1.294702e+00 2.682119e-01 1.192053e-01
36579: 1.775578e+00 1.541254e+00 1.297030e+00 2.673267e-01 1.188119e-01
36579: 1.773026e+00 1.542763e+00 1.299342e+00 2.664474e-01 1.184211e-01
36579: 1.770492e+00 1.547541e+00 1.295082e+00 2.655738e-01 1.213115e-01
36579: 1.771242e+00 1.549020e+00 1.294118e+00 2.647059e-01 1.209150e-01
36579: 1.768730e+00 1.550489e+00 1.296417e+00 2.638436e-01 1.205212e-01
36579: 1.766234e+00 1.555195e+00 1.295455e+00 2.629870e-01 1.201299e-01
36579: 1.763754e+00 1.553398e+00 1.300971e+00 2.621359e-01 1.197411e-01
36579: 1.761290e+00 1.554839e+00 1.303226e+00 2.612903e-01 1.193548e-01
36579: 1.758842e+00 1.553055e+00 1.308682e+00 2.604502e-01 1.189711e-01
36579: 1.756410e+00 1.551282e+00 1.310897e+00 2.628205e-01 1.185897e-01
36579: 1.753994e+00 1.552716e+00 1.309904e+00 2.651757e-01 1.182109e-01
36579: 1.754777e+00 1.550955e+00 1.308917e+00 2.643312e-01 1.210191e-01
36579: 1.755556e+00 1.552381e+00 1.307937e+00 2.634921e-01 1.206349e-01
36579: 1.759494e+00 1.550633e+00 1.306962e+00 2.626582e-01 1.202532e-01
36579: 1.760252e+00 1.552050e+00 1.305994e+00 2.618297e-01 1.198738e-01
36579: 1.757862e+00 1.553459e+00 1.305031e+00 2.610063e-01 1.226415e-01
36579: 1.755486e+00 1.557994e+00 1.304075e+00 2.601881e-01 1.222571e-01
36579: 1.759375e+00 1.556250e+00 1.303125e+00 2.593750e-01 1.218750e-01
36579: 1.760125e+00 1.554517e+00 1.305296e+00 2.585670e-01 1.214953e-01
36579: 1.757764e+00 1.555901e+00 1.307453e+00 2.577640e-01 1.211180e-01
36579: 1.755418e+00 1.557276e+00 1.309598e+00 2.569659e-01 1.207430e-01
36579: 1.753086e+00 1.555556e+00 1.311728e+00 2.592593e-01 1.203704e-01
36579: 1.753846e+00 1.553846e+00 1.313846e+00 2.584615e-01 1.200000e-01
36579: 1.754601e+00 1.552147e+00 1.315951e+00 2.576687e-01 1.196319e-01
36579: 1.755352e+00 1.553517e+00 1.314985e+00 2.568807e-01 1.192661e-01
36579: 1.753049e+00 1.551829e+00 1.317073e+00 2.560976e-01 1.219512e-01
36579: 1.753799e+00 1.553191e+00 1.316109e+00 2.553191e-01 1.215805e-01
36579: 1.751515e+00 1.557576e+00 1.315152e+00 2.545455e-01 1.212121e-01
36579: 1.752266e+00 1.555891e+00 1.317221e+00 2.537764e-01 1.208459e-01
36579: 1.753012e+00 1.554217e+00 1.316265e+00 2.530120e-01 1.234940e-01
36579: 1.750751e+00 1.552553e+00 1.315315e+00 2.582583e-01 1.231231e-01
36579: 1.754491e+00 1.550898e+00 1.314371e+00 2.574850e-01 1.227545e-01
36579: 1.752239e+00 1.552239e+00 1.316418e+00 2.567164e-01 1.223881e-01
36579: 1.750000e+00 1.550595e+00 1.318452e+00 2.589286e-01 1.220238e-01
36579: 1.747774e+00 1.551929e+00 1.320475e+00 2.581602e-01 1.216617e-01
36579: 1.745562e+00 1.553254e+00 1.319527e+00 2.603550e-01 1.213018e-01
36579: 1.743363e+00 1.551622e+00 1.324484e+00 2.595870e-01 1.209440e-01
36579: 1.741176e+00 1.552941e+00 1.326471e+00 2.588235e-01 1.205882e-01
36579: 1.741935e+00 1.554252e+00 1.325513e+00 2.580645e-01 1.202346e-01
36579: 1.739766e+00 1.555556e+00 1.324561e+00 2.602339e-01 1.198830e-01
36579: 1.740525e+00 1.553936e+00 1.326531e+00 2.594752e-01 1.195335e-01
36579: 1.738372e+00 1.552326e+00 1.325581e+00 2.616279e-01 1.220930e-01
36579: 1.736232e+00 1.556522e+00 1.324638e+00 2.608696e-01 1.217391e-01
36579: 1.734104e+00 1.554913e+00 1.326590e+00 2.630058e-01 1.213873e-01
36579: 1.731988e+00 1.556196e+00 1.325648e+00 2.651297e-01 1.210375e-01
36579: 1.729885e+00 1.557471e+00 1.324713e+00 2.672414e-01 1.206897e-01
36579: 1.727794e+00 1.555874e+00 1.326648e+00 2.664756e-01 1.232092e-01
36579: 1.728571e+00 1.554286e+00 1.325714e+00 2.685714e-01 1.228571e-01
36579: 1.726496e+00 1.552707e+00 1.327635e+00 2.706553e-01 1.225071e-01
36579: 1.727273e+00 1.553977e+00 1.326705e+00 2.698864e-01 1.221591e-01
36579: 1.730878e+00 1.552408e+00 1.325779e+00 2.691218e-01 1.218130e-01
36579: 1.731638e+00 1.550847e+00 1.324859e+00 2.711864e-01 1.214689e-01
36579: 1.732394e+00 1.549296e+00 1.326761e+00 2.704225e-01 1.211268e-01
36579: 1.733146e+00 1.547753e+00 1.328652e+00 2.696629e-01 1.207865e-01
36579: 1.733894e+00 1.546218e+00 1.330532e+00 2.689076e-01 1.204482e-01
36579: 1.731844e+00 1.544693e+00 1.332402e+00 2.709497e-01 1.201117e-01
36579: 1.732591e+00 1.543175e+00 1.334262e+00 2.701950e-01 1.197772e-01
36579: 1.730556e+00 1.541667e+00 1.336111e+00 2.722222e-01 1.194444e-01
36579: 1.728532e+00 1.545706e+00 1.335180e+00 2.714681e-01 1.191136e-01
36579: 1.726519e+00 1.544199e+00 1.337017e+00 2.734807e-01 1.187845e-01
36579: 1.730028e+00 1.542700e+00 1.336088e+00 2.727273e-01 1.184573e-01
36579: 1.730769e+00 1.541209e+00 1.335165e+00 2.719780e-01 1.208791e-01
36579: 1.734247e+00 1.539726e+00 1.334247e+00 2.712329e-01 1.205479e-01
36579: 1.734973e+00 1.540984e+00 1.333333e+00 2.704918e-01 1.202186e-01
36579: 1.735695e+00 1.539510e+00 1.335150e+00 2.697548e-01 1.198910e-01
36579: 1.733696e+00 1.538043e+00 1.336957e+00 2.717391e-01 1.195652e-01
36579: 1.731707e+00 1.536585e+00 1.338753e+00 2.737127e-01 1.192412e-01
36579: 1.729730e+00 1.540541e+00 1.337838e+00 2.729730e-01 1.189189e-01
36579: 1.730458e+00 1.539084e+00 1.339623e+00 2.722372e-01 1.185984e-01
36579: 1.731183e+00 1.537634e+00 1.341398e+00 2.715054e-01 1.182796e-01
36579: 1.734584e+00 1.536193e+00 1.340483e+00 2.707775e-01 1.179625e-01
36579: 1.732620e+00 1.534759e+00 1.342246e+00 2.727273e-01 1.176471e-01
36579: 1.730667e+00 1.533333e+00 1.341333e+00 2.773333e-01 1.173333e-01
36579: 1.731383e+00 1.531915e+00 1.343085e+00 2.765957e-01 1.170213e-01
36579: 1.729443e+00 1.530504e+00 1.344828e+00 2.785146e-01 1.167109e-01
36579: 1.730159e+00 1.531746e+00 1.343915e+00 2.777778e-01 1.164021e-01
36579: 1.730871e+00 1.530343e+00 1.345646e+00 2.770449e-01 1.160950e-01
36579: 1.728947e+00 1.531579e+00 1.344737e+00 2.789474e-01 1.157895e-01
36579: 1.727034e+00 1.532808e+00 1.343832e+00 2.782152e-01 1.181102e-01
36579: 1.727749e+00 1.531414e+00 1.342932e+00 2.801047e-01 1.178010e-01
36579: 1.728460e+00 1.530026e+00 1.344648e+00 2.793734e-01 1.174935e-01
36579: 1.729167e+00 1.528646e+00 1.343750e+00 2.812500e-01 1.171875e-01
36579: 1.727273e+00 1.529870e+00 1.345455e+00 2.805195e-01 1.168831e-01
36579: 1.727979e+00 1.528497e+00 1.344560e+00 2.823834e-01 1.165803e-01
36579: 1.726098e+00 1.529716e+00 1.346253e+00 2.816537e-01 1.162791e-01
36579: 1.726804e+00 1.528351e+00 1.347938e+00 2.809278e-01 1.159794e-01
36579: 1.724936e+00 1.529563e+00 1.349614e+00 2.802057e-01 1.156812e-01
36579: 1.728205e+00 1.528205e+00 1.348718e+00 2.794872e-01 1.153846e-01
36579: 1.726343e+00 1.526854e+00 1.350384e+00 2.813299e-01 1.150895e-01
36579: 1.724490e+00 1.525510e+00 1.349490e+00 2.831633e-01 1.173469e-01
36579: 1.722646e+00 1.526718e+00 1.348601e+00 2.849873e-01 1.170483e-01
36579: 1.723350e+00 1.525381e+00 1.350254e+00 2.842640e-01 1.167513e-01
36579: 1.721519e+00 1.526582e+00 1.349367e+00 2.835443e-01 1.189873e-01
36579: 1.724747e+00 1.525253e+00 1.348485e+00 2.828283e-01 1.186869e-01
36579: 1.725441e+00 1.523929e+00 1.350126e+00 2.821159e-01 1.183879e-01
36579: 1.723618e+00 1.525126e+00 1.351759e+00 2.814070e-01 1.180905e-01
36579: 1.721805e+00 1.523810e+00 1.353383e+00 2.832080e-01 1.177945e-01
36579: 1.722500e+00 1.522500e+00 1.352500e+00 2.825000e-01 1.200000e-01
36579: 1.723192e+00 1.521197e+00 1.354115e+00 2.817955e-01 1.197007e-01
36579: 1.726368e+00 1.519900e+00 1.353234e+00 2.810945e-01 1.194030e-01
36579: 1.724566e+00 1.518610e+00 1.354839e+00 2.803970e-01 1.215881e-01
36579: 1.725248e+00 1.517327e+00 1.353960e+00 2.821782e-01 1.212871e-01
36579: 1.723457e+00 1.516049e+00 1.355556e+00 2.839506e-01 1.209877e-01
36579: 1.721675e+00 1.514778e+00 1.357143e+00 2.857143e-01 1.206897e-01
36579: 1.719902e+00 1.515971e+00 1.358722e+00 2.850123e-01 1.203931e-01
36579: 1.720588e+00 1.514706e+00 1.360294e+00 2.843137e-01 1.200980e-01
36579: 1.718826e+00 1.515892e+00 1.361858e+00 2.836186e-01 1.198044e-01
36579: 1.717073e+00 1.517073e+00 1.363415e+00 2.829268e-01 1.195122e-01
36579: 1.715328e+00 1.518248e+00 1.364964e+00 2.822384e-01 1.192214e-01
36579: 1.713592e+00 1.516990e+00 1.366505e+00 2.815534e-01 1.213592e-01
36579: 1.711864e+00 1.518160e+00 1.368039e+00 2.808717e-01 1.210654e-01
36579: 1.710145e+00 1.519324e+00 1.369565e+00 2.801932e-01 1.207729e-01
36579: 1.708434e+00 1.520482e+00 1.368675e+00 2.819277e-01 1.204819e-01
36579: 1.709135e+00 1.521635e+00 1.367788e+00 2.812500e-01 1.201923e-01
36579: 1.707434e+00 1.520384e+00 1.369305e+00 2.829736e-01 1.199041e-01
36579: 1.710526e+00 1.519139e+00 1.368421e+00 2.822967e-01 1.196172e-01
36579: 1.711217e+00 1.517900e+00 1.367542e+00 2.840095e-01 1.193317e-01
36579: 1.711905e+00 1.519048e+00 1.366667e+00 2.833333e-01 1.190476e-01
36579: 1.710214e+00 1.520190e+00 1.368171e+00 2.826603e-01 1.187648e-01
36579: 1.710900e+00 1.518957e+00 1.369668e+00 2.819905e-01 1.184834e-01
36579: 1.709220e+00 1.520095e+00 1.368794e+00 2.836879e-01 1.182033e-01
36579: 1.712264e+00 1.518868e+00 1.367925e+00 2.830189e-01 1.179245e-01
36579: 1.710588e+00 1.517647e+00 1.369412e+00 2.823529e-01 1.200000e-01
36579: 1.711268e+00 1.518779e+00 1.368545e+00 2.816901e-01 1.197183e-01
36579: 1.711944e+00 1.517564e+00 1.370023e+00 2.810304e-01 1.194379e-01
36579: 1.712617e+00 1.518692e+00 1.369159e+00 2.803738e-01 1.191589e-01
36579: 1.710956e+00 1.517483e+00 1.370629e+00 2.797203e-01 1.212121e-01
36579: 1.713953e+00 1.516279e+00 1.369767e+00 2.790698e-01 1.209302e-01
36579: 1.714617e+00 1.515081e+00 1.371230e+00 2.784223e-01 1.206497e-01
36579: 1.715278e+00 1.513889e+00 1.372685e+00 2.777778e-01 1.203704e-01
36579: 1.713626e+00 1.512702e+00 1.374134e+00 2.794457e-01 1.200924e-01
36579: 1.714286e+00 1.513825e+00 1.373272e+00 2.788018e-01 1.198157e-01
36579: 1.714943e+00 1.512644e+00 1.374713e+00 2.781609e-01 1.195402e-01
36579: 1.715596e+00 1.511468e+00 1.376147e+00 2.775229e-01 1.192661e-01
36579: 1.713959e+00 1.512586e+00 1.375286e+00 2.768879e-01 1.212815e-01
36579: 1.712329e+00 1.515982e+00 1.374429e+00 2.762557e-01 1.210046e-01
36579: 1.712984e+00 1.514806e+00 1.373576e+00 2.779043e-01 1.207289e-01
36579: 1.713636e+00 1.513636e+00 1.372727e+00 2.795455e-01 1.204545e-01
36579: 1.714286e+00 1.512472e+00 1.374150e+00 2.789116e-01 1.201814e-01
36579: 1.712670e+00 1.513575e+00 1.375566e+00 2.782805e-01 1.199095e-01
36579: 1.713318e+00 1.512415e+00 1.374718e+00 2.776524e-01 1.218962e-01
36579: 1.711712e+00 1.515766e+00 1.373874e+00 2.770270e-01 1.216216e-01
36579: 1.712360e+00 1.514607e+00 1.373034e+00 2.764045e-01 1.235955e-01
36579: 1.713004e+00 1.515695e+00 1.372197e+00 2.757848e-01 1.233184e-01
36579: 1.711409e+00 1.516779e+00 1.373602e+00 2.751678e-01 1.230425e-01
36579: 1.712054e+00 1.515625e+00 1.372768e+00 2.745536e-01 1.250000e-01
36579: 1.710468e+00 1.514477e+00 1.376392e+00 2.739421e-01 1.247216e-01
36579: 1.711111e+00 1.513333e+00 1.377778e+00 2.733333e-01 1.244444e-01
36579: 1.711752e+00 1.512195e+00 1.376940e+00 2.749446e-01 1.241685e-01
36579: 1.710177e+00 1.511062e+00 1.378319e+00 2.765487e-01 1.238938e-01
36579: 1.708609e+00 1.512141e+00 1.377483e+00 2.759382e-01 1.258278e-01
36579: 1.707048e+00 1.511013e+00 1.381057e+00 2.753304e-01 1.255507e-01
36579: 1.705495e+00 1.512088e+00 1.380220e+00 2.769231e-01 1.252747e-01
36579: 1.703947e+00 1.515351e+00 1.379386e+00 2.763158e-01 1.250000e-01
36579: 1.702407e+00 1.514223e+00 1.380744e+00 2.778993e-01 1.247265e-01
36579: 1.703057e+00 1.513100e+00 1.382096e+00 2.772926e-01 1.244541e-01
36579: 1.701525e+00 1.511983e+00 1.381264e+00 2.810458e-01 1.241830e-01
36579: 1.702174e+00 1.510870e+00 1.380435e+00 2.826087e-01 1.239130e-01
36579: 1.700651e+00 1.509761e+00 1.383948e+00 2.819957e-01 1.236443e-01
36579: 1.699134e+00 1.510823e+00 1.383117e+00 2.835498e-01 1.233766e-01
36579: 1.697624e+00 1.511879e+00 1.382289e+00 2.850972e-01 1.231102e-01
36579: 1.698276e+00 1.512931e+00 1.381466e+00 2.844828e-01 1.228448e-01
36579: 1.696774e+00 1.513978e+00 1.382796e+00 2.838710e-01 1.225806e-01
36579: 1.699571e+00 1.512876e+00 1.381974e+00 2.832618e-01 1.223176e-01
36579: 1.700214e+00 1.511777e+00 1.383298e+00 2.826552e-01 1.220557e-01
36579: 1.700855e+00 1.510684e+00 1.384615e+00 2.820513e-01 1.217949e-01
36579: 1.701493e+00 1.509595e+00 1.383795e+00 2.835821e-01 1.215352e-01
36579: 1.702128e+00 1.508511e+00 1.382979e+00 2.851064e-01 1.212766e-01
36579: 1.700637e+00 1.507431e+00 1.386412e+00 2.845011e-01 1.210191e-01
36579: 1.699153e+00 1.506356e+00 1.389831e+00 2.838983e-01 1.207627e-01
36579: 1.699789e+00 1.507400e+00 1.389006e+00 2.832981e-01 1.205074e-01
36579: 1.698312e+00 1.508439e+00 1.390295e+00 2.827004e-01 1.202532e-01
36579: 1.696842e+00 1.509474e+00 1.389474e+00 2.821053e-01 1.221053e-01
36579: 1.697479e+00 1.510504e+00 1.388655e+00 2.815126e-01 1.218487e-01
36579: 1.696017e+00 1.511530e+00 1.387841e+00 2.809224e-01 1.236897e-01
36579: 1.696653e+00 1.510460e+00 1.387029e+00 2.824268e-01 1.234310e-01
36579: 1.695198e+00 1.511482e+00 1.386221e+00 2.818372e-01 1.252610e-01
36579: 1.693750e+00 1.512500e+00 1.385417e+00 2.833333e-01 1.250000e-01
36579: 1.692308e+00 1.515593e+00 1.384615e+00 2.827443e-01 1.247401e-01
36579: 1.690871e+00 1.516598e+00 1.383817e+00 2.821577e-01 1.265560e-01
36579: 1.689441e+00 1.517598e+00 1.385093e+00 2.815735e-01 1.262940e-01
36579: 1.690083e+00 1.516529e+00 1.384298e+00 2.830579e-01 1.260331e-01
36579: 1.688660e+00 1.517526e+00 1.385567e+00 2.824742e-01 1.257732e-01
36579: 1.689300e+00 1.516461e+00 1.384774e+00 2.818930e-01 1.275720e-01
36579: 1.687885e+00 1.517454e+00 1.383984e+00 2.833676e-01 1.273101e-01
36579: 1.686475e+00 1.516393e+00 1.385246e+00 2.848361e-01 1.270492e-01
36579: 1.689162e+00 1.515337e+00 1.384458e+00 2.842536e-01 1.267894e-01
36579: 1.689796e+00 1.514286e+00 1.383673e+00 2.857143e-01 1.265306e-01
36579: 1.688391e+00 1.517312e+00 1.382892e+00 2.851324e-01 1.262729e-01
36579: 1.686992e+00 1.518293e+00 1.382114e+00 2.845528e-01 1.280488e-01
36579: 1.685598e+00 1.517241e+00 1.385396e+00 2.839757e-01 1.277890e-01
36579: 1.684211e+00 1.516194e+00 1.386640e+00 2.834008e-01 1.295547e-01
36579: 1.682828e+00 1.515152e+00 1.387879e+00 2.828283e-01 1.313131e-01
36579: 1.683468e+00 1.514113e+00 1.389113e+00 2.822581e-01 1.310484e-01
36579: 1.684105e+00 1.513078e+00 1.390342e+00 2.816901e-01 1.307847e-01
36579: 1.682731e+00 1.514056e+00 1.389558e+00 2.831325e-01 1.305221e-01
36579: 1.681363e+00 1.513026e+00 1.392786e+00 2.825651e-01 1.302605e-01
36579: 1.682000e+00 1.514000e+00 1.392000e+00 2.820000e-01 1.300000e-01
36579: 1.682635e+00 1.512974e+00 1.391218e+00 2.834331e-01 1.297405e-01
36579: 1.683267e+00 1.511952e+00 1.392430e+00 2.828685e-01 1.294821e-01
36579: 1.683897e+00 1.512922e+00 1.391650e+00 2.823062e-01 1.292247e-01
36579: 1.684524e+00 1.511905e+00 1.392857e+00 2.817460e-01 1.289683e-01
36579: 1.685149e+00 1.512871e+00 1.392079e+00 2.811881e-01 1.287129e-01
36579: 1.685771e+00 1.511858e+00 1.391304e+00 2.826087e-01 1.284585e-01
36579: 1.686391e+00 1.510848e+00 1.392505e+00 2.820513e-01 1.282051e-01
36579: 1.687008e+00 1.511811e+00 1.391732e+00 2.814961e-01 1.279528e-01
36579: 1.685658e+00 1.514735e+00 1.390963e+00 2.809430e-01 1.277014e-01
36579: 1.684314e+00 1.513725e+00 1.390196e+00 2.823529e-01 1.294118e-01
36579: 1.684932e+00 1.512720e+00 1.391389e+00 2.818004e-01 1.291585e-01
36579: 1.683594e+00 1.513672e+00 1.392578e+00 2.812500e-01 1.289062e-01
36579: 1.682261e+00 1.516569e+00 1.391813e+00 2.807018e-01 1.286550e-01
36579: 1.680934e+00 1.517510e+00 1.391051e+00 2.821012e-01 1.284047e-01
36579: 1.679612e+00 1.518447e+00 1.390291e+00 2.834951e-01 1.281553e-01
36579: 1.680233e+00 1.517442e+00 1.391473e+00 2.829457e-01 1.279070e-01
36579: 1.678917e+00 1.518375e+00 1.392650e+00 2.823985e-01 1.276596e-01
36579: 1.677606e+00 1.521236e+00 1.391892e+00 2.818533e-01 1.274131e-01
36579: 1.678227e+00 1.522158e+00 1.391137e+00 2.813102e-01 1.271676e-01
36579: 1.678846e+00 1.521154e+00 1.390385e+00 2.807692e-01 1.288462e-01
36579: 1.677543e+00 1.522073e+00 1.391555e+00 2.802303e-01 1.285988e-01
36579: 1.678161e+00 1.522989e+00 1.390805e+00 2.796935e-01 1.283525e-01
36579: 1.676864e+00 1.521989e+00 1.393881e+00 2.791587e-01 1.281071e-01
36579: 1.677481e+00 1.520992e+00 1.395038e+00 2.786260e-01 1.278626e-01
36579: 1.678095e+00 1.521905e+00 1.394286e+00 2.780952e-01 1.276190e-01
36579: 1.678707e+00 1.520913e+00 1.393536e+00 2.794677e-01 1.273764e-01
36579: 1.677419e+00 1.521822e+00 1.392789e+00 2.789374e-01 1.290323e-01
36579: 1.678030e+00 1.520833e+00 1.392045e+00 2.784091e-01 1.306818e-01
36579: 1.678639e+00 1.521739e+00 1.391304e+00 2.778828e-01 1.304348e-01
36579: 1.677358e+00 1.526415e+00 1.388679e+00 2.773585e-01 1.301887e-01
36579: 1.676083e+00 1.527307e+00 1.389831e+00 2.768362e-01 1.299435e-01
36579: 1.674812e+00 1.528195e+00 1.389098e+00 2.781955e-01 1.296992e-01
36579: 1.675422e+00 1.527205e+00 1.390244e+00 2.776735e-01 1.294559e-01
36579: 1.674157e+00 1.526217e+00 1.391386e+00 2.790262e-01 1.292135e-01
36579: 1.672897e+00 1.527103e+00 1.390654e+00 2.803738e-01 1.289720e-01
36579: 1.673507e+00 1.526119e+00 1.389925e+00 2.817164e-01 1.287313e-01
36579: 1.674115e+00 1.525140e+00 1.389199e+00 2.811918e-01 1.303538e-01
36579: 1.672862e+00 1.524164e+00 1.392193e+00 2.806691e-01 1.301115e-01
36579: 1.671614e+00 1.523191e+00 1.393321e+00 2.820037e-01 1.298701e-01
36579: 1.672222e+00 1.522222e+00 1.394444e+00 2.814815e-01 1.296296e-01
36579: 1.674677e+00 1.521257e+00 1.393715e+00 2.809612e-01 1.293900e-01
36579: 1.675277e+00 1.520295e+00 1.394834e+00 2.804428e-01 1.291513e-01
36579: 1.674033e+00 1.521179e+00 1.394107e+00 2.799263e-01 1.307551e-01
36579: 1.672794e+00 1.520221e+00 1.395221e+00 2.794118e-01 1.323529e-01
36579: 1.671560e+00 1.522936e+00 1.394495e+00 2.788991e-01 1.321101e-01
36579: 1.670330e+00 1.521978e+00 1.395604e+00 2.783883e-01 1.336996e-01
36579: 1.670932e+00 1.521024e+00 1.396709e+00 2.778793e-01 1.334552e-01
36579: 1.669708e+00 1.520073e+00 1.397810e+00 2.791971e-01 1.332117e-01
36579: 1.668488e+00 1.519126e+00 1.398907e+00 2.805100e-01 1.329690e-01
36579: 1.669091e+00 1.518182e+00 1.398182e+00 2.800000e-01 1.345455e-01
36579: 1.667877e+00 1.520871e+00 1.397459e+00 2.794918e-01 1.343013e-01
36579: 1.668478e+00 1.519928e+00 1.398551e+00 2.789855e-01 1.340580e-01
36579: 1.669078e+00 1.520796e+00 1.397830e+00 2.784810e-01 1.338156e-01
36579: 1.669675e+00 1.519856e+00 1.397112e+00 2.797834e-01 1.335740e-01
36579: 1.670270e+00 1.518919e+00 1.398198e+00 2.792793e-01 1.333333e-01
36579: 1.672662e+00 1.517986e+00 1.397482e+00 2.787770e-01 1.330935e-01
36579: 1.671454e+00 1.518851e+00 1.398564e+00 2.782765e-01 1.328546e-01
36579: 1.670251e+00 1.519713e+00 1.397849e+00 2.795699e-01 1.326165e-01
36579: 1.669052e+00 1.522361e+00 1.397138e+00 2.790698e-01 1.323792e-01
36579: 1.669643e+00 1.521429e+00 1.396429e+00 2.785714e-01 1.339286e-01
36579: 1.668449e+00 1.520499e+00 1.397504e+00 2.798574e-01 1.336898e-01
36579: 1.669039e+00 1.521352e+00 1.396797e+00 2.793594e-01 1.334520e-01
36579: 1.669627e+00 1.522202e+00 1.396092e+00 2.788632e-01 1.332149e-01
36579: 1.670213e+00 1.523050e+00 1.395390e+00 2.783688e-01 1.329787e-01
36579: 1.669027e+00 1.523894e+00 1.396460e+00 2.778761e-01 1.327434e-01
36579: 1.671378e+00 1.522968e+00 1.395760e+00 2.773852e-01 1.325088e-01
36579: 1.670194e+00 1.522046e+00 1.395062e+00 2.804233e-01 1.322751e-01
36579: 1.669014e+00 1.522887e+00 1.396127e+00 2.799296e-01 1.320423e-01
36579: 1.667838e+00 1.523726e+00 1.397188e+00 2.794376e-01 1.318102e-01
36579: 1.668421e+00 1.522807e+00 1.398246e+00 2.789474e-01 1.315789e-01
36579: 1.669002e+00 1.521891e+00 1.399299e+00 2.784588e-01 1.313485e-01
36579: 1.669580e+00 1.520979e+00 1.398601e+00 2.797203e-01 1.311189e-01
36579: 1.668412e+00 1.520070e+00 1.399651e+00 2.809773e-01 1.308901e-01
36579: 1.667247e+00 1.522648e+00 1.398955e+00 2.804878e-01 1.306620e-01
36579: 1.666087e+00 1.521739e+00 1.400000e+00 2.817391e-01 1.304348e-01
36579: 1.664931e+00 1.520833e+00 1.401042e+00 2.829861e-01 1.302083e-01
36579: 1.665511e+00 1.521664e+00 1.400347e+00 2.824957e-01 1.299827e-01
36579: 1.667820e+00 1.520761e+00 1.399654e+00 2.820069e-01 1.297578e-01
36579: 1.666667e+00 1.521589e+00 1.398964e+00 2.815199e-01 1.312608e-01
36579: 1.667241e+00 1.520690e+00 1.398276e+00 2.827586e-01 1.310345e-01
36579: 1.667814e+00 1.521515e+00 1.397590e+00 2.822719e-01 1.308090e-01
36579: 1.666667e+00 1.522337e+00 1.396907e+00 2.835052e-01 1.305842e-01
36579: 1.665523e+00 1.521441e+00 1.397942e+00 2.830189e-01 1.320755e-01
36579: 1.664384e+00 1.522260e+00 1.398973e+00 2.825342e-01 1.318493e-01
36579: 1.663248e+00 1.521368e+00 1.401709e+00 2.820513e-01 1.316239e-01
36579: 1.663823e+00 1.520478e+00 1.402730e+00 2.815700e-01 1.313993e-01
36579: 1.662692e+00 1.519591e+00 1.403748e+00 2.827939e-01 1.311755e-01
36579: 1.661565e+00 1.522109e+00 1.403061e+00 2.823129e-01 1.309524e-01
36579: 1.662139e+00 1.521222e+00 1.402377e+00 2.818336e-01 1.324278e-01
36579: 1.661017e+00 1.522034e+00 1.403390e+00 2.813559e-01 1.322034e-01
36579: 1.661591e+00 1.521151e+00 1.402707e+00 2.825719e-01 1.319797e-01
36579: 1.660473e+00 1.521959e+00 1.403716e+00 2.820946e-01 1.317568e-01
36579: 1.661046e+00 1.521079e+00 1.403035e+00 2.816189e-01 1.332209e-01
36579: 1.659933e+00 1.520202e+00 1.404040e+00 2.828283e-01 1.329966e-01
36579: 1.658824e+00 1.521008e+00 1.405042e+00 2.823529e-01 1.327731e-01
36579: 1.659396e+00 1.520134e+00 1.406040e+00 2.818792e-01 1.325503e-01
36579: 1.658291e+00 1.519263e+00 1.405360e+00 2.847571e-01 1.323283e-01
36579: 1.658863e+00 1.518395e+00 1.406355e+00 2.842809e-01 1.321070e-01
36579: 1.657763e+00 1.519199e+00 1.407346e+00 2.838063e-01 1.318865e-01
36579: 1.656667e+00 1.520000e+00 1.408333e+00 2.833333e-01 1.316667e-01
36579: 1.655574e+00 1.520799e+00 1.407654e+00 2.828619e-01 1.331115e-01
36579: 1.656146e+00 1.521595e+00 1.406977e+00 2.823920e-01 1.328904e-01
36579: 1.656716e+00 1.520730e+00 1.406302e+00 2.835821e-01 1.326700e-01
36579: 1.657285e+00 1.519868e+00 1.405629e+00 2.847682e-01 1.324503e-01
36579: 1.657851e+00 1.519008e+00 1.406612e+00 2.842975e-01 1.322314e-01
36579: 1.660066e+00 1.518152e+00 1.405941e+00 2.838284e-01 1.320132e-01
36579: 1.660626e+00 1.518946e+00 1.405272e+00 2.833608e-01 1.317957e-01
36579: 1.659539e+00 1.518092e+00 1.406250e+00 2.845395e-01 1.315789e-01
36579: 1.660099e+00 1.517241e+00 1.407225e+00 2.840722e-01 1.313629e-01
36579: 1.659016e+00 1.518033e+00 1.408197e+00 2.836066e-01 1.311475e-01
36579: 1.659574e+00 1.517185e+00 1.409165e+00 2.831424e-01 1.309329e-01
36579: 1.658497e+00 1.517974e+00 1.410131e+00 2.826797e-01 1.307190e-01
36579: 1.657423e+00 1.518760e+00 1.409462e+00 2.822186e-01 1.321370e-01
36579: 1.656352e+00 1.519544e+00 1.410423e+00 2.817590e-01 1.319218e-01
36579: 1.655285e+00 1.518699e+00 1.409756e+00 2.829268e-01 1.333333e-01
36579: 1.657468e+00 1.517857e+00 1.409091e+00 2.824675e-01 1.331169e-01
36579: 1.658023e+00 1.517018e+00 1.410049e+00 2.820097e-01 1.329011e-01
36579: 1.656958e+00 1.517799e+00 1.409385e+00 2.831715e-01 1.326861e-01
36579: 1.655897e+00 1.516963e+00 1.408724e+00 2.843296e-01 1.340872e-01
36579: 1.656452e+00 1.516129e+00 1.409677e+00 2.838710e-01 1.338710e-01
36579: 1.655395e+00 1.516908e+00 1.409018e+00 2.850242e-01 1.336554e-01
36579: 1.654341e+00 1.516077e+00 1.411576e+00 2.845659e-01 1.334405e-01
36579: 1.653291e+00 1.515249e+00 1.412520e+00 2.857143e-01 1.332263e-01
36579: 1.655449e+00 1.514423e+00 1.411859e+00 2.852564e-01 1.330128e-01
36579: 1.656000e+00 1.515200e+00 1.411200e+00 2.848000e-01 1.328000e-01
36579: 1.654952e+00 1.517572e+00 1.410543e+00 2.843450e-01 1.325879e-01
36579: 1.655502e+00 1.518341e+00 1.409888e+00 2.838915e-01 1.323764e-01
36579: 1.657643e+00 1.517516e+00 1.409236e+00 2.834395e-01 1.321656e-01
36579: 1.658188e+00 1.516693e+00 1.410175e+00 2.829889e-01 1.319555e-01
36579: 1.658730e+00 1.515873e+00 1.409524e+00 2.841270e-01 1.317460e-01
36579: 1.657686e+00 1.516640e+00 1.408875e+00 2.836767e-01 1.331220e-01
36579: 1.659810e+00 1.515823e+00 1.408228e+00 2.832278e-01 1.329114e-01
36579: 1.660348e+00 1.515008e+00 1.407583e+00 2.843602e-01 1.327014e-01
36579: 1.660883e+00 1.514196e+00 1.406940e+00 2.854890e-01 1.324921e-01
36579: 1.661417e+00 1.513386e+00 1.407874e+00 2.850394e-01 1.322835e-01
36579: 1.661950e+00 1.512579e+00 1.408805e+00 2.845912e-01 1.320755e-01
36579: 1.660911e+00 1.511774e+00 1.408163e+00 2.857143e-01 1.334380e-01
36579: 1.659875e+00 1.512539e+00 1.407524e+00 2.852665e-01 1.347962e-01
36579: 1.660407e+00 1.513302e+00 1.406886e+00 2.848200e-01 1.345853e-01
36579: 1.659375e+00 1.514063e+00 1.407812e+00 2.843750e-01 1.343750e-01
36579: 1.658346e+00 1.514821e+00 1.407176e+00 2.854914e-01 1.341654e-01
36579: 1.657321e+00 1.514019e+00 1.406542e+00 2.881620e-01 1.339564e-01
36579: 1.659409e+00 1.513219e+00 1.405910e+00 2.877138e-01 1.337481e-01
36579: 1.659938e+00 1.513975e+00 1.405280e+00 2.872671e-01 1.335404e-01
36579: 1.658915e+00 1.514729e+00 1.406202e+00 2.868217e-01 1.333333e-01
36579: 1.659443e+00 1.513932e+00 1.407121e+00 2.863777e-01 1.331269e-01
36579: 1.659969e+00 1.513138e+00 1.408037e+00 2.859351e-01 1.329212e-01
36579: 1.660494e+00 1.513889e+00 1.407407e+00 2.854938e-01 1.327160e-01
36579: 1.659476e+00 1.513097e+00 1.408320e+00 2.850539e-01 1.340524e-01
36579: 1.660000e+00 1.512308e+00 1.407692e+00 2.846154e-01 1.353846e-01
36579: 1.658986e+00 1.513057e+00 1.407066e+00 2.841782e-01 1.367127e-01
36579: 1.657975e+00 1.512270e+00 1.409509e+00 2.837423e-01 1.365031e-01
36579: 1.658499e+00 1.513017e+00 1.408882e+00 2.833078e-01 1.362940e-01
36579: 1.657492e+00 1.513761e+00 1.409786e+00 2.828746e-01 1.360856e-01
36579: 1.656489e+00 1.514504e+00 1.410687e+00 2.824427e-01 1.358779e-01
36579: 1.655488e+00 1.513720e+00 1.413110e+00 2.820122e-01 1.356707e-01
36579: 1.654490e+00 1.514460e+00 1.410959e+00 2.846271e-01 1.354642e-01
36579: 1.655015e+00 1.515198e+00 1.410334e+00 2.841945e-01 1.352584e-01
36579: 1.654021e+00 1.514416e+00 1.411229e+00 2.852807e-01 1.350531e-01
36579: 1.653030e+00 1.515152e+00 1.410606e+00 2.848485e-01 1.363636e-01
36579: 1.653555e+00 1.514372e+00 1.411498e+00 2.844175e-01 1.361573e-01
36579: 1.652568e+00 1.513595e+00 1.413897e+00 2.839879e-01 1.359517e-01
36579: 1.654600e+00 1.512821e+00 1.413273e+00 2.835596e-01 1.357466e-01
36579: 1.653614e+00 1.513554e+00 1.414157e+00 2.831325e-01 1.355422e-01
36579: 1.652632e+00 1.512782e+00 1.416541e+00 2.827068e-01 1.353383e-01
36579: 1.651652e+00 1.513514e+00 1.417417e+00 2.822823e-01 1.351351e-01
36579: 1.650675e+00 1.514243e+00 1.418291e+00 2.818591e-01 1.349325e-01
36579: 1.649701e+00 1.513473e+00 1.420659e+00 2.814371e-01 1.347305e-01
36579: 1.648729e+00 1.515695e+00 1.420030e+00 2.810164e-01 1.345291e-01
36579: 1.650746e+00 1.514925e+00 1.419403e+00 2.805970e-01 1.343284e-01
36579: 1.652757e+00 1.514158e+00 1.418778e+00 2.801788e-01 1.341282e-01
36579: 1.653274e+00 1.513393e+00 1.419643e+00 2.797619e-01 1.339286e-01
36579: 1.653789e+00 1.514116e+00 1.419019e+00 2.793462e-01 1.337296e-01
36579: 1.654303e+00 1.513353e+00 1.418398e+00 2.804154e-01 1.335312e-01
36579: 1.654815e+00 1.512593e+00 1.417778e+00 2.814815e-01 1.333333e-01
36579: 1.653846e+00 1.513314e+00 1.418639e+00 2.810651e-01 1.331361e-01
36579: 1.652880e+00 1.512555e+00 1.419498e+00 2.821270e-01 1.329394e-01
36579: 1.651917e+00 1.511799e+00 1.421829e+00 2.817109e-01 1.327434e-01
36579: 1.650957e+00 1.511046e+00 1.421208e+00 2.827688e-01 1.340206e-01
36579: 1.651471e+00 1.510294e+00 1.422059e+00 2.823529e-01 1.338235e-01
36579: 1.650514e+00 1.509545e+00 1.422907e+00 2.819383e-01 1.350954e-01
36579: 1.651026e+00 1.510264e+00 1.422287e+00 2.815249e-01 1.348974e-01
36579: 1.651537e+00 1.509517e+00 1.423133e+00 2.811127e-01 1.346999e-01
36579: 1.650585e+00 1.508772e+00 1.423977e+00 2.821637e-01 1.345029e-01
36579: 1.651095e+00 1.508029e+00 1.424818e+00 2.817518e-01 1.343066e-01
36579: 1.651603e+00 1.507289e+00 1.425656e+00 2.813411e-01 1.341108e-01
36579: 1.650655e+00 1.508006e+00 1.426492e+00 2.809316e-01 1.339156e-01
36579: 1.649709e+00 1.507267e+00 1.427326e+00 2.805233e-01 1.351744e-01
36579: 1.648766e+00 1.506531e+00 1.428157e+00 2.815675e-01 1.349782e-01
36579: 1.650725e+00 1.505797e+00 1.427536e+00 2.811594e-01 1.347826e-01
36579: 1.651230e+00 1.506512e+00 1.426918e+00 2.807525e-01 1.345876e-01
36579: 1.650289e+00 1.507225e+00 1.426301e+00 2.817919e-01 1.343931e-01
36579: 1.650794e+00 1.506494e+00 1.427128e+00 2.813853e-01 1.341991e-01
36579: 1.651297e+00 1.505764e+00 1.427954e+00 2.809798e-01 1.340058e-01
36579: 1.651799e+00 1.506475e+00 1.427338e+00 2.805755e-01 1.338129e-01
36579: 1.652299e+00 1.505747e+00 1.426724e+00 2.801724e-01 1.350575e-01
36579: 1.652798e+00 1.507891e+00 1.424677e+00 2.797704e-01 1.348637e-01
36579: 1.651862e+00 1.507163e+00 1.426934e+00 2.793696e-01 1.346705e-01
36579: 1.650930e+00 1.506438e+00 1.429185e+00 2.789700e-01 1.344778e-01
36579: 1.650000e+00 1.505714e+00 1.428571e+00 2.800000e-01 1.357143e-01
36579: 1.649073e+00 1.504993e+00 1.427960e+00 2.824536e-01 1.355207e-01
36579: 1.648148e+00 1.505698e+00 1.427350e+00 2.820513e-01 1.367521e-01
36579: 1.648649e+00 1.504979e+00 1.428165e+00 2.816501e-01 1.365576e-01
36579: 1.649148e+00 1.505682e+00 1.427557e+00 2.812500e-01 1.363636e-01
36579: 1.648227e+00 1.504965e+00 1.429787e+00 2.808511e-01 1.361702e-01
36579: 1.648725e+00 1.504249e+00 1.429178e+00 2.804533e-01 1.373938e-01
36579: 1.649222e+00 1.504950e+00 1.428571e+00 2.800566e-01 1.371994e-01
36579: 1.648305e+00 1.505650e+00 1.427966e+00 2.796610e-01 1.384181e-01
36579: 1.648801e+00 1.504937e+00 1.428773e+00 2.792666e-01 1.382228e-01
36579: 1.647887e+00 1.504225e+00 1.430986e+00 2.788732e-01 1.380282e-01
36579: 1.646976e+00 1.504923e+00 1.430380e+00 2.784810e-01 1.392405e-01
36579: 1.646067e+00 1.505618e+00 1.429775e+00 2.794944e-01 1.390449e-01
36579: 1.645161e+00 1.504909e+00 1.430575e+00 2.805049e-01 1.388499e-01
36579: 1.644258e+00 1.505602e+00 1.431373e+00 2.801120e-01 1.386555e-01
36579: 1.646154e+00 1.504895e+00 1.430769e+00 2.797203e-01 1.384615e-01
36579: 1.646648e+00 1.504190e+00 1.431564e+00 2.793296e-01 1.382682e-01
36579: 1.645746e+00 1.504881e+00 1.430962e+00 2.789400e-01 1.394700e-01
36579: 1.644847e+00 1.506964e+00 1.430362e+00 2.785515e-01 1.392758e-01
36579: 1.643950e+00 1.507650e+00 1.431154e+00 2.781641e-01 1.390821e-01
36579: 1.643056e+00 1.506944e+00 1.430556e+00 2.805556e-01 1.388889e-01
36579: 1.642164e+00 1.506241e+00 1.429958e+00 2.815534e-01 1.400832e-01
36579: 1.642659e+00 1.505540e+00 1.430748e+00 2.811634e-01 1.398892e-01
36579: 1.643154e+00 1.506224e+00 1.430152e+00 2.807746e-01 1.396957e-01
36579: 1.642265e+00 1.506906e+00 1.430939e+00 2.803867e-01 1.395028e-01
36579: 1.642759e+00 1.506207e+00 1.431724e+00 2.800000e-01 1.393103e-01
36579: 1.641873e+00 1.505510e+00 1.432507e+00 2.809917e-01 1.391185e-01
36579: 1.642366e+00 1.504814e+00 1.433287e+00 2.806052e-01 1.389271e-01
36579: 1.641484e+00 1.505495e+00 1.434066e+00 2.802198e-01 1.387363e-01
36579: 1.641975e+00 1.504801e+00 1.433471e+00 2.812071e-01 1.385460e-01
36579: 1.641096e+00 1.504110e+00 1.434247e+00 2.808219e-01 1.397260e-01
36579: 1.640219e+00 1.504788e+00 1.433653e+00 2.804378e-01 1.409029e-01
36579: 1.639344e+00 1.505464e+00 1.433060e+00 2.814208e-01 1.407104e-01
36579: 1.639836e+00 1.504775e+00 1.432469e+00 2.824011e-01 1.405184e-01
36579: 1.638965e+00 1.504087e+00 1.434605e+00 2.820163e-01 1.403270e-01
36579: 1.638095e+00 1.504762e+00 1.435374e+00 2.816327e-01 1.401361e-01
36579: 1.638587e+00 1.504076e+00 1.434783e+00 2.826087e-01 1.399457e-01
36579: 1.637720e+00 1.504749e+00 1.435550e+00 2.822252e-01 1.397558e-01
36579: 1.636856e+00 1.504065e+00 1.434959e+00 2.845528e-01 1.395664e-01
36579: 1.637348e+00 1.504736e+00 1.434371e+00 2.841678e-01 1.393775e-01
36579: 1.636486e+00 1.504054e+00 1.433784e+00 2.851351e-01 1.405405e-01
36579: 1.635628e+00 1.503374e+00 1.434548e+00 2.847503e-01 1.417004e-01
36579: 1.636119e+00 1.502695e+00 1.435310e+00 2.843666e-01 1.415094e-01
36579: 1.636608e+00 1.502019e+00 1.436070e+00 2.839838e-01 1.413190e-01
36579: 1.635753e+00 1.502688e+00 1.436828e+00 2.836022e-01 1.411290e-01
36579: 1.636242e+00 1.503356e+00 1.436242e+00 2.832215e-01 1.409396e-01
36579: 1.635389e+00 1.502681e+00 1.435657e+00 2.841823e-01 1.420912e-01
36579: 1.634538e+00 1.503347e+00 1.436412e+00 2.838019e-01 1.419009e-01
36579: 1.633690e+00 1.502674e+00 1.435829e+00 2.860963e-01 1.417112e-01
36579: 1.634179e+00 1.503338e+00 1.435247e+00 2.857143e-01 1.415220e-01
36579: 1.634667e+00 1.504000e+00 1.434667e+00 2.853333e-01 1.413333e-01
36579: 1.635153e+00 1.503329e+00 1.435419e+00 2.849534e-01 1.411451e-01
36579: 1.634309e+00 1.502660e+00 1.436170e+00 2.859043e-01 1.409574e-01
36579: 1.634794e+00 1.503320e+00 1.435591e+00 2.855246e-01 1.407703e-01
36579: 1.635279e+00 1.502653e+00 1.436340e+00 2.851459e-01 1.405836e-01
36579: 1.634437e+00 1.501987e+00 1.437086e+00 2.860927e-01 1.403974e-01
36579: 1.634921e+00 1.502646e+00 1.436508e+00 2.857143e-01 1.402116e-01
36579: 1.635403e+00 1.501982e+00 1.437252e+00 2.853369e-01 1.400264e-01
36579: 1.634565e+00 1.502639e+00 1.437995e+00 2.849604e-01 1.398417e-01
36579: 1.636364e+00 1.501976e+00 1.437418e+00 2.845850e-01 1.396574e-01
36579: 1.635526e+00 1.502632e+00 1.438158e+00 2.842105e-01 1.394737e-01
36579: 1.636005e+00 1.503285e+00 1.437582e+00 2.838371e-01 1.392904e-01
36579: 1.635171e+00 1.502625e+00 1.439633e+00 2.834646e-01 1.391076e-01
36579: 1.634338e+00 1.503277e+00 1.439056e+00 2.844037e-01 1.389253e-01
36579: 1.633508e+00 1.502618e+00 1.441099e+00 2.840314e-01 1.387435e-01
36579: 1.633987e+00 1.503268e+00 1.440523e+00 2.836601e-01 1.385621e-01
36579: 1.634465e+00 1.503916e+00 1.439948e+00 2.832898e-01 1.383812e-01
36579: 1.633638e+00 1.504563e+00 1.439374e+00 2.842243e-01 1.382008e-01
36579: 1.634115e+00 1.503906e+00 1.440104e+00 2.838542e-01 1.380208e-01
36579: 1.633290e+00 1.504551e+00 1.440832e+00 2.834850e-01 1.378414e-01
36579: 1.633766e+00 1.503896e+00 1.441558e+00 2.831169e-01 1.376623e-01
36579: 1.634241e+00 1.504540e+00 1.440986e+00 2.827497e-01 1.374838e-01
36579: 1.634715e+00 1.505181e+00 1.440415e+00 2.823834e-01 1.373057e-01
36579: 1.635188e+00 1.504528e+00 1.439845e+00 2.833118e-01 1.371281e-01
36579: 1.634367e+00 1.503876e+00 1.440568e+00 2.829457e-01 1.382429e-01
36579: 1.633548e+00 1.504516e+00 1.440000e+00 2.838710e-01 1.380645e-01
36579: 1.632732e+00 1.503866e+00 1.439433e+00 2.860825e-01 1.378866e-01
36579: 1.631918e+00 1.504505e+00 1.440154e+00 2.857143e-01 1.377091e-01
36579: 1.631105e+00 1.503856e+00 1.440874e+00 2.866324e-01 1.375321e-01
36579: 1.631579e+00 1.503209e+00 1.440308e+00 2.875481e-01 1.373556e-01
36579: 1.632051e+00 1.502564e+00 1.441026e+00 2.871795e-01 1.371795e-01
36579: 1.631242e+00 1.501921e+00 1.441741e+00 2.880922e-01 1.370038e-01
36579: 1.630435e+00 1.501279e+00 1.442455e+00 2.877238e-01 1.381074e-01
36579: 1.632184e+00 1.500639e+00 1.441890e+00 2.873563e-01 1.379310e-01
36579: 1.632653e+00 1.502551e+00 1.440051e+00 2.869898e-01 1.377551e-01
36579: 1.633121e+00 1.501911e+00 1.440764e+00 2.866242e-01 1.375796e-01
36579: 1.633588e+00 1.501272e+00 1.441476e+00 2.862595e-01 1.374046e-01
36579: 1.632783e+00 1.501906e+00 1.440915e+00 2.871665e-01 1.372300e-01
36579: 1.631980e+00 1.501269e+00 1.442893e+00 2.868020e-01 1.370558e-01
36579: 1.633714e+00 1.500634e+00 1.442332e+00 2.864385e-01 1.368821e-01
36579: 1.634177e+00 1.500000e+00 1.443038e+00 2.860759e-01 1.367089e-01
36579: 1.633375e+00 1.499368e+00 1.445006e+00 2.857143e-01 1.365360e-01
36579: 1.632576e+00 1.500000e+00 1.444444e+00 2.853535e-01 1.376263e-01
36579: 1.631778e+00 1.499369e+00 1.445145e+00 2.862547e-01 1.374527e-01
36579: 1.632242e+00 1.498741e+00 1.444584e+00 2.871537e-01 1.372796e-01
36579: 1.631447e+00 1.499371e+00 1.444025e+00 2.867925e-01 1.383648e-01
36579: 1.630653e+00 1.498744e+00 1.443467e+00 2.889447e-01 1.381910e-01
36579: 1.631117e+00 1.499373e+00 1.442911e+00 2.885822e-01 1.380176e-01
36579: 1.631579e+00 1.500000e+00 1.442356e+00 2.882206e-01 1.378446e-01
36579: 1.630788e+00 1.501877e+00 1.441802e+00 2.878598e-01 1.376721e-01
36579: 1.631250e+00 1.501250e+00 1.441250e+00 2.887500e-01 1.375000e-01
36579: 1.630462e+00 1.503121e+00 1.440699e+00 2.883895e-01 1.373283e-01
36579: 1.630923e+00 1.502494e+00 1.441397e+00 2.880299e-01 1.371571e-01
36579: 1.631382e+00 1.501868e+00 1.442092e+00 2.876712e-01 1.369863e-01
36579: 1.630597e+00 1.501244e+00 1.444030e+00 2.873134e-01 1.368159e-01
36579: 1.632298e+00 1.500621e+00 1.443478e+00 2.869565e-01 1.366460e-01
36579: 1.631514e+00 1.501241e+00 1.442928e+00 2.866005e-01 1.377171e-01
36579: 1.631970e+00 1.500620e+00 1.442379e+00 2.874845e-01 1.375465e-01
36579: 1.633663e+00 1.500000e+00 1.441832e+00 2.871287e-01 1.373762e-01
36579: 1.634116e+00 1.499382e+00 1.442522e+00 2.867738e-01 1.372064e-01
36579: 1.633333e+00 1.498765e+00 1.443210e+00 2.864198e-01 1.382716e-01
36579: 1.633785e+00 1.499383e+00 1.442663e+00 2.860666e-01 1.381011e-01
36579: 1.634236e+00 1.498768e+00 1.442118e+00 2.869458e-01 1.379310e-01
36579: 1.633456e+00 1.499385e+00 1.441574e+00 2.878229e-01 1.377614e-01
36579: 1.633907e+00 1.498771e+00 1.441032e+00 2.886978e-01 1.375921e-01
36579: 1.634356e+00 1.498160e+00 1.440491e+00 2.883436e-01 1.386503e-01
36579: 1.634804e+00 1.497549e+00 1.439951e+00 2.879902e-01 1.397059e-01
36579: 1.634027e+00 1.498164e+00 1.439412e+00 2.876377e-01 1.407589e-01
36579: 1.634474e+00 1.498778e+00 1.438875e+00 2.872861e-01 1.405868e-01
36579: 1.633700e+00 1.498168e+00 1.439560e+00 2.881563e-01 1.404151e-01
36579: 1.632927e+00 1.498780e+00 1.439024e+00 2.878049e-01 1.414634e-01
36579: 1.632156e+00 1.498173e+00 1.439708e+00 2.886724e-01 1.412911e-01
36579: 1.631387e+00 1.498783e+00 1.440389e+00 2.883212e-01 1.411192e-01
36579: 1.631835e+00 1.498177e+00 1.441069e+00 2.879708e-01 1.409478e-01
36579: 1.631068e+00 1.497573e+00 1.441748e+00 2.888350e-01 1.407767e-01
36579: 1.631515e+00 1.496970e+00 1.441212e+00 2.896970e-01 1.406061e-01
36579: 1.630751e+00 1.496368e+00 1.441889e+00 2.905569e-01 1.404358e-01
36579: 1.631197e+00 1.496977e+00 1.441354e+00 2.902056e-01 1.402660e-01
36579: 1.631643e+00 1.496377e+00 1.442029e+00 2.898551e-01 1.400966e-01
36579: 1.630881e+00 1.496984e+00 1.441496e+00 2.907117e-01 1.399276e-01
36579: 1.630120e+00 1.498795e+00 1.440964e+00 2.903614e-01 1.397590e-01
36579: 1.629362e+00 1.498195e+00 1.441637e+00 2.900120e-01 1.407942e-01
36579: 1.628606e+00 1.497596e+00 1.441106e+00 2.920673e-01 1.406250e-01
36579: 1.629052e+00 1.498199e+00 1.440576e+00 2.917167e-01 1.404562e-01
36579: 1.628297e+00 1.500000e+00 1.440048e+00 2.913669e-01 1.402878e-01
36579: 1.627545e+00 1.499401e+00 1.440719e+00 2.922156e-01 1.401198e-01
36579: 1.627990e+00 1.498804e+00 1.441388e+00 2.918660e-01 1.399522e-01
36579: 1.627240e+00 1.498208e+00 1.440860e+00 2.927121e-01 1.409797e-01
36579: 1.626492e+00 1.498807e+00 1.440334e+00 2.935561e-01 1.408115e-01
36579: 1.626937e+00 1.498212e+00 1.441001e+00 2.932062e-01 1.406436e-01
36579: 1.626190e+00 1.498810e+00 1.441667e+00 2.928571e-01 1.404762e-01
36579: 1.626635e+00 1.498216e+00 1.442331e+00 2.925089e-01 1.403092e-01
36579: 1.627078e+00 1.497625e+00 1.441805e+00 2.933492e-01 1.401425e-01
36579: 1.627521e+00 1.498221e+00 1.441281e+00 2.930012e-01 1.399763e-01
36579: 1.629147e+00 1.497630e+00 1.440758e+00 2.926540e-01 1.398104e-01
36579: 1.628402e+00 1.497041e+00 1.440237e+00 2.946746e-01 1.396450e-01
36579: 1.627660e+00 1.498818e+00 1.439716e+00 2.943262e-01 1.394799e-01
36579: 1.628099e+00 1.499410e+00 1.439197e+00 2.939787e-01 1.393152e-01
36579: 1.627358e+00 1.498821e+00 1.438679e+00 2.948113e-01 1.403302e-01
36579: 1.627797e+00 1.500589e+00 1.436985e+00 2.944641e-01 1.401649e-01
36579: 1.628235e+00 1.500000e+00 1.437647e+00 2.941176e-01 1.400000e-01
36579: 1.627497e+00 1.500588e+00 1.438308e+00 2.937720e-01 1.398355e-01
36579: 1.626761e+00 1.500000e+00 1.440141e+00 2.934272e-01 1.396714e-01
36579: 1.626026e+00 1.499414e+00 1.441970e+00 2.930832e-01 1.395076e-01
36579: 1.625293e+00 1.500000e+00 1.442623e+00 2.927400e-01 1.393443e-01
36579: 1.624561e+00 1.500585e+00 1.443275e+00 2.923977e-01 1.391813e-01
36579: 1.625000e+00 1.500000e+00 1.442757e+00 2.932243e-01 1.390187e-01
36579: 1.625438e+00 1.499417e+00 1.442240e+00 2.940490e-01 1.388565e-01
36579: 1.624709e+00 1.500000e+00 1.441725e+00 2.948718e-01 1.386946e-01
36579: 1.625146e+00 1.499418e+00 1.441211e+00 2.956927e-01 1.385332e-01
36579: 1.624419e+00 1.500000e+00 1.440698e+00 2.965116e-01 1.383721e-01
36579: 1.624855e+00 1.499419e+00 1.441347e+00 2.961672e-01 1.382114e-01
36579: 1.624130e+00 1.500000e+00 1.440835e+00 2.969838e-01 1.380510e-01
36579: 1.624565e+00 1.500579e+00 1.440324e+00 2.966396e-01 1.378911e-01
36579: 1.625000e+00 1.500000e+00 1.439815e+00 2.974537e-01 1.377315e-01
36579: 1.625434e+00 1.499422e+00 1.440462e+00 2.971098e-01 1.375723e-01
36579: 1.624711e+00 1.498845e+00 1.439954e+00 2.967667e-01 1.397229e-01
36579: 1.626298e+00 1.498270e+00 1.439446e+00 2.964245e-01 1.395617e-01
36579: 1.626728e+00 1.497696e+00 1.440092e+00 2.960829e-01 1.394009e-01
36579: 1.628308e+00 1.497123e+00 1.439586e+00 2.957422e-01 1.392405e-01
36579: 1.627586e+00 1.497701e+00 1.439080e+00 2.965517e-01 1.390805e-01
36579: 1.626866e+00 1.498278e+00 1.439724e+00 2.962113e-01 1.389208e-01
36579: 1.627294e+00 1.497706e+00 1.439220e+00 2.958716e-01 1.399083e-01
36579: 1.626575e+00 1.498282e+00 1.439863e+00 2.955326e-01 1.397480e-01
36579: 1.627002e+00 1.497712e+00 1.439359e+00 2.963387e-01 1.395881e-01
36579: 1.627429e+00 1.497143e+00 1.440000e+00 2.960000e-01 1.394286e-01
36579: 1.626712e+00 1.497717e+00 1.439498e+00 2.968037e-01 1.392694e-01
36579: 1.625998e+00 1.498290e+00 1.440137e+00 2.964652e-01 1.391106e-01
36579: 1.625285e+00 1.497722e+00 1.439636e+00 2.984055e-01 1.389522e-01
36579: 1.625711e+00 1.497156e+00 1.440273e+00 2.980660e-01 1.387941e-01
36579: 1.626136e+00 1.496591e+00 1.439773e+00 2.977273e-01 1.397727e-01
36579: 1.625426e+00 1.496027e+00 1.440409e+00 2.985244e-01 1.396141e-01
36579: 1.624717e+00 1.495465e+00 1.442177e+00 2.981859e-01 1.394558e-01
36579: 1.624009e+00 1.496036e+00 1.441676e+00 2.989807e-01 1.392978e-01
36579: 1.624434e+00 1.496606e+00 1.441176e+00 2.986425e-01 1.391403e-01
36579: 1.624859e+00 1.497175e+00 1.440678e+00 2.983051e-01 1.389831e-01
36579: 1.624153e+00 1.497743e+00 1.440181e+00 2.979684e-01 1.399549e-01
36579: 1.624577e+00 1.497182e+00 1.439684e+00 2.976325e-01 1.409245e-01
36579: 1.623874e+00 1.497748e+00 1.439189e+00 2.984234e-01 1.407658e-01
36579: 1.624297e+00 1.498313e+00 1.438695e+00 2.980877e-01 1.406074e-01
36579: 1.624719e+00 1.498876e+00 1.438202e+00 2.977528e-01 1.404494e-01
36579: 1.624018e+00 1.498316e+00 1.439955e+00 2.974186e-01 1.402918e-01
36579: 1.624439e+00 1.497758e+00 1.440583e+00 2.970852e-01 1.401345e-01
36579: 1.624860e+00 1.497200e+00 1.441209e+00 2.967525e-01 1.399776e-01
36579: 1.624161e+00 1.498881e+00 1.439597e+00 2.964206e-01 1.409396e-01
36579: 1.624581e+00 1.499441e+00 1.439106e+00 2.960894e-01 1.407821e-01
36579: 1.625000e+00 1.498884e+00 1.439732e+00 2.957589e-01 1.406250e-01
36579: 1.625418e+00 1.498328e+00 1.439242e+00 2.954292e-01 1.415831e-01
36579: 1.624722e+00 1.498886e+00 1.438753e+00 2.962138e-01 1.414254e-01
36579: 1.624027e+00 1.498331e+00 1.438265e+00 2.969967e-01 1.423804e-01
36579: 1.623333e+00 1.497778e+00 1.437778e+00 2.966667e-01 1.444444e-01
36579: 1.622642e+00 1.497225e+00 1.437292e+00 2.974473e-01 1.453940e-01
36579: 1.623060e+00 1.497783e+00 1.436807e+00 2.971175e-01 1.452328e-01
36579: 1.622370e+00 1.499446e+00 1.436323e+00 2.967885e-01 1.450720e-01
36579: 1.621681e+00 1.500000e+00 1.436947e+00 2.964602e-01 1.449115e-01
36579: 1.623204e+00 1.499448e+00 1.436464e+00 2.961326e-01 1.447514e-01
36579: 1.623620e+00 1.500000e+00 1.435982e+00 2.958057e-01 1.445916e-01
36579: 1.624035e+00 1.499449e+00 1.436604e+00 2.954796e-01 1.444322e-01
36579: 1.623348e+00 1.500000e+00 1.436123e+00 2.951542e-01 1.453744e-01
36579: 1.623762e+00 1.499450e+00 1.436744e+00 2.948295e-01 1.452145e-01
36579: 1.625275e+00 1.498901e+00 1.436264e+00 2.945055e-01 1.450549e-01
36579: 1.624588e+00 1.498353e+00 1.436883e+00 2.952799e-01 1.448957e-01
36579: 1.625000e+00 1.497807e+00 1.436404e+00 2.960526e-01 1.447368e-01
36579: 1.626506e+00 1.497262e+00 1.435926e+00 2.957284e-01 1.445783e-01
36579: 1.628009e+00 1.496718e+00 1.435449e+00 2.954048e-01 1.444201e-01
36579: 1.628415e+00 1.496175e+00 1.436066e+00 2.950820e-01 1.442623e-01
36579: 1.628821e+00 1.495633e+00 1.436681e+00 2.947598e-01 1.441048e-01
36579: 1.629226e+00 1.495093e+00 1.437296e+00 2.944384e-01 1.439477e-01
36579: 1.629630e+00 1.494553e+00 1.437908e+00 2.941176e-01 1.437908e-01
36579: 1.628945e+00 1.495103e+00 1.437432e+00 2.948857e-01 1.436344e-01
36579: 1.628261e+00 1.494565e+00 1.438043e+00 2.956522e-01 1.434783e-01
36579: 1.628664e+00 1.494028e+00 1.438654e+00 2.953312e-01 1.433225e-01
36579: 1.627983e+00 1.493492e+00 1.439262e+00 2.960954e-01 1.431670e-01
36579: 1.627302e+00 1.492958e+00 1.440953e+00 2.957746e-01 1.430119e-01
36579: 1.626623e+00 1.493506e+00 1.441558e+00 2.954545e-01 1.428571e-01
36579: 1.627027e+00 1.494054e+00 1.441081e+00 2.951351e-01 1.427027e-01
36579: 1.626350e+00 1.494600e+00 1.441685e+00 2.948164e-01 1.425486e-01
36579: 1.626753e+00 1.495146e+00 1.441208e+00 2.944984e-01 1.423948e-01
36579: 1.626078e+00 1.496767e+00 1.440733e+00 2.941810e-01 1.422414e-01
36579: 1.625404e+00 1.496233e+00 1.442411e+00 2.938644e-01 1.420883e-01
36579: 1.624731e+00 1.496774e+00 1.443011e+00 2.935484e-01 1.419355e-01
36579: 1.625134e+00 1.497315e+00 1.442535e+00 2.932331e-01 1.417830e-01
36579: 1.625536e+00 1.496781e+00 1.442060e+00 2.929185e-01 1.427039e-01
36579: 1.627010e+00 1.496249e+00 1.441586e+00 2.926045e-01 1.425509e-01
36579: 1.626338e+00 1.495717e+00 1.442184e+00 2.933619e-01 1.423983e-01
36579: 1.625668e+00 1.495187e+00 1.442781e+00 2.941176e-01 1.422460e-01
36579: 1.626068e+00 1.494658e+00 1.443376e+00 2.938034e-01 1.420940e-01
36579: 1.625400e+00 1.494130e+00 1.445037e+00 2.934899e-01 1.419424e-01
36579: 1.624733e+00 1.494670e+00 1.445629e+00 2.931770e-01 1.417910e-01
36579: 1.625133e+00 1.494143e+00 1.445154e+00 2.939297e-01 1.416400e-01
36579: 1.625532e+00 1.494681e+00 1.444681e+00 2.936170e-01 1.414894e-01
36579: 1.624867e+00 1.495218e+00 1.445271e+00 2.933050e-01 1.413390e-01
36579: 1.624204e+00 1.494692e+00 1.446921e+00 2.929936e-01 1.411890e-01
36579: 1.623542e+00 1.495228e+00 1.446448e+00 2.937434e-01 1.410392e-01
36579: 1.622881e+00 1.496822e+00 1.445975e+00 2.934322e-01 1.408898e-01
36579: 1.622222e+00 1.497354e+00 1.445503e+00 2.941799e-01 1.407407e-01
36579: 1.621564e+00 1.497886e+00 1.446089e+00 2.938689e-01 1.405920e-01
36579: 1.620908e+00 1.498416e+00 1.446674e+00 2.935586e-01 1.404435e-01
36579: 1.620253e+00 1.497890e+00 1.448312e+00 2.932489e-01 1.402954e-01
36579: 1.620653e+00 1.497366e+00 1.448894e+00 2.929399e-01 1.401475e-01
36579: 1.621053e+00 1.496842e+00 1.449474e+00 2.926316e-01 1.400000e-01
36579: 1.620400e+00 1.496320e+00 1.450053e+00 2.933754e-01 1.398528e-01
36579: 1.619748e+00 1.495798e+00 1.450630e+00 2.930672e-01 1.407563e-01
36579: 1.619098e+00 1.495278e+00 1.451207e+00 2.938090e-01 1.406086e-01
36579: 1.619497e+00 1.494759e+00 1.451782e+00 2.935010e-01 1.404612e-01
36579: 1.619895e+00 1.494241e+00 1.452356e+00 2.931937e-01 1.403141e-01
36579: 1.619247e+00 1.493724e+00 1.452929e+00 2.939331e-01 1.401674e-01
36579: 1.619645e+00 1.494253e+00 1.452456e+00 2.936259e-01 1.400209e-01
36579: 1.618998e+00 1.494781e+00 1.451983e+00 2.933194e-01 1.409186e-01
36579: 1.620438e+00 1.494265e+00 1.451512e+00 2.930136e-01 1.407716e-01
36579: 1.620833e+00 1.493750e+00 1.451042e+00 2.927083e-01 1.416667e-01
36579: 1.620187e+00 1.495317e+00 1.450572e+00 2.924037e-01 1.415193e-01
36579: 1.620582e+00 1.494802e+00 1.450104e+00 2.920998e-01 1.424116e-01
36579: 1.619938e+00 1.494289e+00 1.449637e+00 2.938733e-01 1.422638e-01
36579: 1.619295e+00 1.493776e+00 1.450207e+00 2.946058e-01 1.421162e-01
36579: 1.619689e+00 1.493264e+00 1.450777e+00 2.943005e-01 1.419689e-01
36579: 1.619048e+00 1.493789e+00 1.450311e+00 2.950311e-01 1.418219e-01
36579: 1.618407e+00 1.493278e+00 1.451913e+00 2.947260e-01 1.416753e-01
36579: 1.618802e+00 1.493802e+00 1.451446e+00 2.944215e-01 1.415289e-01
36579: 1.619195e+00 1.493292e+00 1.452012e+00 2.941176e-01 1.413829e-01
36579: 1.619588e+00 1.492784e+00 1.452577e+00 2.938144e-01 1.412371e-01
36579: 1.618950e+00 1.493306e+00 1.453141e+00 2.935118e-01 1.410917e-01
36579: 1.619342e+00 1.492798e+00 1.452675e+00 2.942387e-01 1.409465e-01
36579: 1.618705e+00 1.492292e+00 1.453237e+00 2.949640e-01 1.408016e-01
36579: 1.618070e+00 1.492813e+00 1.452772e+00 2.946612e-01 1.416838e-01
36579: 1.618462e+00 1.492308e+00 1.453333e+00 2.943590e-01 1.415385e-01
36579: 1.618852e+00 1.492828e+00 1.452869e+00 2.940574e-01 1.413934e-01
36579: 1.618219e+00 1.493347e+00 1.453429e+00 2.937564e-01 1.412487e-01
36579: 1.618609e+00 1.492843e+00 1.452965e+00 2.944785e-01 1.411043e-01
36579: 1.617978e+00 1.492339e+00 1.454545e+00 2.941777e-01 1.409602e-01
36579: 1.617347e+00 1.492857e+00 1.455102e+00 2.938776e-01 1.408163e-01
36579: 1.616718e+00 1.493374e+00 1.455657e+00 2.935780e-01 1.406728e-01
36579: 1.617108e+00 1.492872e+00 1.456212e+00 2.932790e-01 1.405295e-01
36579: 1.616480e+00 1.492370e+00 1.456765e+00 2.929807e-01 1.414039e-01
36579: 1.616870e+00 1.491870e+00 1.457317e+00 2.926829e-01 1.412602e-01
36579: 1.616244e+00 1.491371e+00 1.457868e+00 2.934010e-01 1.411168e-01
36579: 1.615619e+00 1.490872e+00 1.458418e+00 2.931034e-01 1.419878e-01
36579: 1.614995e+00 1.491388e+00 1.458967e+00 2.928065e-01 1.418440e-01
36579: 1.615385e+00 1.490891e+00 1.459514e+00 2.925101e-01 1.417004e-01
36579: 1.614762e+00 1.491405e+00 1.460061e+00 2.922144e-01 1.415571e-01
36579: 1.614141e+00 1.491919e+00 1.459596e+00 2.929293e-01 1.414141e-01
36579: 1.613522e+00 1.492432e+00 1.460141e+00 2.926337e-01 1.412714e-01
36579: 1.612903e+00 1.492944e+00 1.459677e+00 2.933468e-01 1.411290e-01
36579: 1.612286e+00 1.492447e+00 1.459215e+00 2.940584e-01 1.419940e-01
36579: 1.611670e+00 1.491952e+00 1.459759e+00 2.947686e-01 1.418511e-01
36579: 1.611055e+00 1.493467e+00 1.459296e+00 2.944724e-01 1.417085e-01
36579: 1.611446e+00 1.492972e+00 1.459839e+00 2.941767e-01 1.415663e-01
36579: 1.610832e+00 1.493480e+00 1.459378e+00 2.938816e-01 1.424273e-01
36579: 1.610220e+00 1.492986e+00 1.459920e+00 2.945892e-01 1.422846e-01
36579: 1.611612e+00 1.492492e+00 1.459459e+00 2.942943e-01 1.421421e-01
36579: Done!
Traceback (most recent call last):
  File "/lowest-unique-number/tournament0/elexunix.py", line 25, in <module>
    input()
EOFError: EOF when reading a line
