Forked 31538
Starting to reopen 0 and 1
Calling execv `tournament0/elexunix.py` (pid 31538)
Strategy 0: first ans is 2
Forked 31562
Starting to reopen 0 and 1
Calling execv `tournament0/fedro.py` (pid 31562)
Strategy 1: first ans is 0
Forked 31586
Starting to reopen 0 and 1
Calling execv `tournament0/alex_dany` (pid 31586)
31586: Started!
31586: Number of players: 6, position: 2, number of turns: 1000
31586: Random seed: 1718077633
Strategy 2: first ans is 0
Forked 31587
Starting to reopen 0 and 1
Calling execv `tournament0/lounres.py` (pid 31587)
Strategy 3: first ans is 1
Forked 31588
Starting to reopen 0 and 1
Calling execv `tournament0/pzakorko.py` (pid 31588)
Strategy 4: first ans is 0
Forked 31589
Starting to reopen 0 and 1
Calling execv `tournament0/the_best_strategy.py` (pid 31589)
Strategy 5: first ans is 0
31586: 4.000000e+00 1.000000e+00 1.000000e+00 0.000000e+00 0.000000e+00 0.000000e+00
31586: 3.500000e+00 1.500000e+00 5.000000e-01 5.000000e-01 0.000000e+00 0.000000e+00
31586: 3.333333e+00 1.333333e+00 6.666667e-01 3.333333e-01 3.333333e-01 0.000000e+00
31586: 3.000000e+00 1.750000e+00 7.500000e-01 2.500000e-01 2.500000e-01 0.000000e+00
31586: 2.800000e+00 1.800000e+00 1.000000e+00 2.000000e-01 2.000000e-01 0.000000e+00
31586: 2.666667e+00 1.500000e+00 1.166667e+00 5.000000e-01 1.666667e-01 0.000000e+00
31586: 2.714286e+00 1.571429e+00 1.142857e+00 4.285714e-01 1.428571e-01 0.000000e+00
31586: 2.625000e+00 1.625000e+00 1.250000e+00 3.750000e-01 1.250000e-01 0.000000e+00
31586: 2.666667e+00 1.444444e+00 1.222222e+00 4.444444e-01 2.222222e-01 0.000000e+00
31586: 2.600000e+00 1.600000e+00 1.200000e+00 4.000000e-01 2.000000e-01 0.000000e+00
31586: 2.636364e+00 1.454545e+00 1.363636e+00 3.636364e-01 1.818182e-01 0.000000e+00
31586: 2.583333e+00 1.500000e+00 1.333333e+00 3.333333e-01 2.500000e-01 0.000000e+00
31586: 2.615385e+00 1.461538e+00 1.307692e+00 3.076923e-01 3.076923e-01 0.000000e+00
31586: 2.571429e+00 1.500000e+00 1.357143e+00 2.857143e-01 2.857143e-01 0.000000e+00
31586: 2.600000e+00 1.466667e+00 1.333333e+00 3.333333e-01 2.666667e-01 0.000000e+00
31586: 2.562500e+00 1.500000e+00 1.375000e+00 3.125000e-01 2.500000e-01 0.000000e+00
31586: 2.529412e+00 1.470588e+00 1.352941e+00 3.529412e-01 2.941176e-01 0.000000e+00
31586: 2.500000e+00 1.555556e+00 1.333333e+00 3.333333e-01 2.777778e-01 0.000000e+00
31586: 2.473684e+00 1.578947e+00 1.315789e+00 3.157895e-01 2.631579e-01 5.263158e-02
31586: 2.450000e+00 1.500000e+00 1.400000e+00 3.000000e-01 3.000000e-01 5.000000e-02
31586: 2.428571e+00 1.523810e+00 1.333333e+00 3.333333e-01 3.333333e-01 4.761905e-02
31586: 2.454545e+00 1.545455e+00 1.318182e+00 3.181818e-01 3.181818e-01 4.545455e-02
31586: 2.434783e+00 1.565217e+00 1.347826e+00 3.043478e-01 3.043478e-01 4.347826e-02
31586: 2.416667e+00 1.541667e+00 1.333333e+00 3.750000e-01 2.916667e-01 4.166667e-02
31586: 2.400000e+00 1.560000e+00 1.320000e+00 4.000000e-01 2.800000e-01 4.000000e-02
31586: 2.384615e+00 1.576923e+00 1.307692e+00 3.846154e-01 3.076923e-01 3.846154e-02
31586: 2.407407e+00 1.518519e+00 1.370370e+00 3.703704e-01 2.962963e-01 3.703704e-02
31586: 2.428571e+00 1.535714e+00 1.357143e+00 3.571429e-01 2.857143e-01 3.571429e-02
31586: 2.413793e+00 1.517241e+00 1.379310e+00 3.793103e-01 2.758621e-01 3.448276e-02
31586: 2.400000e+00 1.533333e+00 1.366667e+00 4.000000e-01 2.666667e-01 3.333333e-02
31586: 2.419355e+00 1.548387e+00 1.354839e+00 3.870968e-01 2.580645e-01 3.225806e-02
31586: 2.406250e+00 1.562500e+00 1.343750e+00 4.062500e-01 2.500000e-01 3.125000e-02
31586: 2.424242e+00 1.545455e+00 1.363636e+00 3.939394e-01 2.424242e-01 3.030303e-02
31586: 2.441176e+00 1.558824e+00 1.352941e+00 3.823529e-01 2.352941e-01 2.941176e-02
31586: 2.428571e+00 1.542857e+00 1.400000e+00 3.714286e-01 2.285714e-01 2.857143e-02
31586: 2.444444e+00 1.555556e+00 1.361111e+00 3.611111e-01 2.500000e-01 2.777778e-02
31586: 2.459459e+00 1.540541e+00 1.378378e+00 3.513514e-01 2.432432e-01 2.702703e-02
31586: 2.473684e+00 1.552632e+00 1.342105e+00 3.684211e-01 2.368421e-01 2.631579e-02
31586: 2.461538e+00 1.564103e+00 1.333333e+00 3.846154e-01 2.307692e-01 2.564103e-02
31586: 2.475000e+00 1.550000e+00 1.350000e+00 3.750000e-01 2.250000e-01 2.500000e-02
31586: 2.487805e+00 1.585366e+00 1.317073e+00 3.658537e-01 2.195122e-01 2.439024e-02
31586: 2.476190e+00 1.547619e+00 1.357143e+00 3.809524e-01 2.142857e-01 2.380952e-02
31586: 2.511628e+00 1.558140e+00 1.325581e+00 3.720930e-01 2.093023e-01 2.325581e-02
31586: 2.500000e+00 1.568182e+00 1.318182e+00 3.863636e-01 2.045455e-01 2.272727e-02
31586: 2.488889e+00 1.577778e+00 1.311111e+00 4.000000e-01 2.000000e-01 2.222222e-02
31586: 2.521739e+00 1.543478e+00 1.326087e+00 3.913043e-01 1.956522e-01 2.173913e-02
31586: 2.510638e+00 1.595745e+00 1.297872e+00 3.829787e-01 1.914894e-01 2.127660e-02
31586: 2.520833e+00 1.562500e+00 1.312500e+00 3.750000e-01 2.083333e-01 2.083333e-02
31586: 2.489796e+00 1.591837e+00 1.326531e+00 3.673469e-01 2.040816e-01 2.040816e-02
31586: 2.500000e+00 1.560000e+00 1.340000e+00 3.800000e-01 2.000000e-01 2.000000e-02
31586: 2.509804e+00 1.568627e+00 1.333333e+00 3.725490e-01 1.960784e-01 1.960784e-02
31586: 2.480769e+00 1.596154e+00 1.326923e+00 3.846154e-01 1.923077e-01 1.923077e-02
31586: 2.471698e+00 1.584906e+00 1.320755e+00 3.962264e-01 2.075472e-01 1.886792e-02
31586: 2.444444e+00 1.574074e+00 1.351852e+00 4.074074e-01 2.037037e-01 1.851852e-02
31586: 2.436364e+00 1.545455e+00 1.363636e+00 4.181818e-01 2.000000e-01 3.636364e-02
31586: 2.428571e+00 1.571429e+00 1.339286e+00 4.285714e-01 1.964286e-01 3.571429e-02
31586: 2.403509e+00 1.578947e+00 1.368421e+00 4.210526e-01 1.929825e-01 3.508772e-02
31586: 2.431034e+00 1.551724e+00 1.379310e+00 4.137931e-01 1.896552e-01 3.448276e-02
31586: 2.406780e+00 1.576271e+00 1.355932e+00 4.406780e-01 1.864407e-01 3.389831e-02
31586: 2.400000e+00 1.566667e+00 1.366667e+00 4.500000e-01 1.833333e-01 3.333333e-02
31586: 2.377049e+00 1.573770e+00 1.360656e+00 4.426230e-01 1.967213e-01 4.918033e-02
31586: 2.370968e+00 1.580645e+00 1.370968e+00 4.354839e-01 1.935484e-01 4.838710e-02
31586: 2.349206e+00 1.571429e+00 1.380952e+00 4.444444e-01 2.063492e-01 4.761905e-02
31586: 2.375000e+00 1.546875e+00 1.390625e+00 4.375000e-01 2.031250e-01 4.687500e-02
31586: 2.369231e+00 1.569231e+00 1.369231e+00 4.461538e-01 2.000000e-01 4.615385e-02
31586: 2.348485e+00 1.560606e+00 1.409091e+00 4.393939e-01 1.969697e-01 4.545455e-02
31586: 2.343284e+00 1.567164e+00 1.417910e+00 4.328358e-01 1.940299e-01 4.477612e-02
31586: 2.338235e+00 1.573529e+00 1.411765e+00 4.411765e-01 1.911765e-01 4.411765e-02
31586: 2.347826e+00 1.550725e+00 1.434783e+00 4.347826e-01 1.884058e-01 4.347826e-02
31586: 2.328571e+00 1.557143e+00 1.428571e+00 4.428571e-01 1.857143e-01 5.714286e-02
31586: 2.323944e+00 1.563380e+00 1.422535e+00 4.366197e-01 1.971831e-01 5.633803e-02
31586: 2.319444e+00 1.583333e+00 1.416667e+00 4.305556e-01 1.944444e-01 5.555556e-02
31586: 2.301370e+00 1.561644e+00 1.452055e+00 4.246575e-01 2.054795e-01 5.479452e-02
31586: 2.297297e+00 1.554054e+00 1.459459e+00 4.189189e-01 2.162162e-01 5.405405e-02
31586: 2.293333e+00 1.560000e+00 1.453333e+00 4.133333e-01 2.266667e-01 5.333333e-02
31586: 2.276316e+00 1.578947e+00 1.460526e+00 4.078947e-01 2.236842e-01 5.263158e-02
31586: 2.285714e+00 1.584416e+00 1.454545e+00 4.025974e-01 2.207792e-01 5.194805e-02
31586: 2.282051e+00 1.589744e+00 1.461538e+00 3.974359e-01 2.179487e-01 5.128205e-02
31586: 2.278481e+00 1.594937e+00 1.455696e+00 4.050633e-01 2.151899e-01 5.063291e-02
31586: 2.262500e+00 1.600000e+00 1.462500e+00 4.000000e-01 2.250000e-01 5.000000e-02
31586: 2.271605e+00 1.604938e+00 1.456790e+00 3.950617e-01 2.222222e-01 4.938272e-02
31586: 2.268293e+00 1.597561e+00 1.475610e+00 3.902439e-01 2.195122e-01 4.878049e-02
31586: 2.253012e+00 1.602410e+00 1.493976e+00 3.855422e-01 2.168675e-01 4.819277e-02
31586: 2.273810e+00 1.595238e+00 1.488095e+00 3.809524e-01 2.142857e-01 4.761905e-02
31586: 2.270588e+00 1.600000e+00 1.482353e+00 3.882353e-01 2.117647e-01 4.705882e-02
31586: 2.255814e+00 1.593023e+00 1.500000e+00 3.953488e-01 2.093023e-01 4.651163e-02
31586: 2.264368e+00 1.597701e+00 1.494253e+00 3.908046e-01 2.068966e-01 4.597701e-02
31586: 2.250000e+00 1.602273e+00 1.511364e+00 3.863636e-01 2.045455e-01 4.545455e-02
31586: 2.258427e+00 1.584270e+00 1.528090e+00 3.820225e-01 2.022472e-01 4.494382e-02
31586: 2.244444e+00 1.588889e+00 1.544444e+00 3.777778e-01 2.000000e-01 4.444444e-02
31586: 2.252747e+00 1.582418e+00 1.538462e+00 3.736264e-01 1.978022e-01 5.494505e-02
31586: 2.250000e+00 1.586957e+00 1.532609e+00 3.695652e-01 1.956522e-01 6.521739e-02
31586: 2.236559e+00 1.580645e+00 1.548387e+00 3.763441e-01 1.935484e-01 6.451613e-02
31586: 2.234043e+00 1.563830e+00 1.563830e+00 3.723404e-01 2.021277e-01 6.382979e-02
31586: 2.242105e+00 1.578947e+00 1.547368e+00 3.684211e-01 2.000000e-01 6.315789e-02
31586: 2.229167e+00 1.572917e+00 1.562500e+00 3.645833e-01 2.083333e-01 6.250000e-02
31586: 2.226804e+00 1.556701e+00 1.587629e+00 3.608247e-01 2.061856e-01 6.185567e-02
31586: 2.214286e+00 1.581633e+00 1.571429e+00 3.571429e-01 2.142857e-01 6.122449e-02
31586: 2.212121e+00 1.595960e+00 1.555556e+00 3.636364e-01 2.121212e-01 6.060606e-02
31586: 2.200000e+00 1.590000e+00 1.570000e+00 3.600000e-01 2.200000e-01 6.000000e-02
31586: 2.207921e+00 1.574257e+00 1.564356e+00 3.663366e-01 2.277228e-01 5.940594e-02
31586: 2.196078e+00 1.578431e+00 1.568627e+00 3.725490e-01 2.254902e-01 5.882353e-02
31586: 2.213592e+00 1.572816e+00 1.563107e+00 3.689320e-01 2.233010e-01 5.825243e-02
31586: 2.201923e+00 1.586538e+00 1.567308e+00 3.653846e-01 2.211538e-01 5.769231e-02
31586: 2.200000e+00 1.580952e+00 1.571429e+00 3.619048e-01 2.190476e-01 6.666667e-02
31586: 2.188679e+00 1.575472e+00 1.575472e+00 3.679245e-01 2.264151e-01 6.603774e-02
31586: 2.196262e+00 1.579439e+00 1.560748e+00 3.738318e-01 2.242991e-01 6.542056e-02
31586: 2.185185e+00 1.574074e+00 1.564815e+00 3.796296e-01 2.314815e-01 6.481481e-02
31586: 2.183486e+00 1.577982e+00 1.568807e+00 3.761468e-01 2.293578e-01 6.422018e-02
31586: 2.172727e+00 1.590909e+00 1.563636e+00 3.818182e-01 2.272727e-01 6.363636e-02
31586: 2.171171e+00 1.585586e+00 1.567568e+00 3.783784e-01 2.252252e-01 7.207207e-02
31586: 2.160714e+00 1.580357e+00 1.571429e+00 3.839286e-01 2.321429e-01 7.142857e-02
31586: 2.159292e+00 1.584071e+00 1.566372e+00 3.893805e-01 2.300885e-01 7.079646e-02
31586: 2.149123e+00 1.578947e+00 1.587719e+00 3.859649e-01 2.280702e-01 7.017544e-02
31586: 2.147826e+00 1.573913e+00 1.573913e+00 4.000000e-01 2.347826e-01 6.956522e-02
31586: 2.146552e+00 1.568966e+00 1.577586e+00 4.051724e-01 2.327586e-01 6.896552e-02
31586: 2.145299e+00 1.581197e+00 1.572650e+00 4.017094e-01 2.307692e-01 6.837607e-02
31586: 2.135593e+00 1.576271e+00 1.584746e+00 4.067797e-01 2.288136e-01 6.779661e-02
31586: 2.134454e+00 1.563025e+00 1.588235e+00 4.201681e-01 2.268908e-01 6.722689e-02
31586: 2.125000e+00 1.583333e+00 1.583333e+00 4.166667e-01 2.250000e-01 6.666667e-02
31586: 2.140496e+00 1.578512e+00 1.570248e+00 4.214876e-01 2.231405e-01 6.611570e-02
31586: 2.139344e+00 1.590164e+00 1.557377e+00 4.262295e-01 2.213115e-01 6.557377e-02
31586: 2.130081e+00 1.601626e+00 1.560976e+00 4.227642e-01 2.195122e-01 6.504065e-02
31586: 2.129032e+00 1.596774e+00 1.572581e+00 4.193548e-01 2.177419e-01 6.451613e-02
31586: 2.120000e+00 1.592000e+00 1.576000e+00 4.320000e-01 2.160000e-01 6.400000e-02
31586: 2.119048e+00 1.587302e+00 1.571429e+00 4.444444e-01 2.142857e-01 6.349206e-02
31586: 2.118110e+00 1.590551e+00 1.559055e+00 4.566929e-01 2.125984e-01 6.299213e-02
31586: 2.125000e+00 1.585938e+00 1.562500e+00 4.531250e-01 2.109375e-01 6.250000e-02
31586: 2.124031e+00 1.589147e+00 1.558140e+00 4.573643e-01 2.093023e-01 6.201550e-02
31586: 2.123077e+00 1.584615e+00 1.561538e+00 4.615385e-01 2.076923e-01 6.153846e-02
31586: 2.114504e+00 1.595420e+00 1.557252e+00 4.656489e-01 2.061069e-01 6.106870e-02
31586: 2.121212e+00 1.590909e+00 1.560606e+00 4.621212e-01 2.045455e-01 6.060606e-02
31586: 2.112782e+00 1.601504e+00 1.563910e+00 4.586466e-01 2.030075e-01 6.015038e-02
31586: 2.126866e+00 1.589552e+00 1.567164e+00 4.552239e-01 2.014925e-01 5.970149e-02
31586: 2.118519e+00 1.607407e+00 1.562963e+00 4.518519e-01 2.000000e-01 5.925926e-02
31586: 2.117647e+00 1.602941e+00 1.566176e+00 4.558824e-01 1.985294e-01 5.882353e-02
31586: 2.109489e+00 1.613139e+00 1.562044e+00 4.598540e-01 1.970803e-01 5.839416e-02
31586: 2.108696e+00 1.615942e+00 1.557971e+00 4.565217e-01 2.028986e-01 5.797101e-02
31586: 2.107914e+00 1.611511e+00 1.568345e+00 4.532374e-01 2.014388e-01 5.755396e-02
31586: 2.100000e+00 1.614286e+00 1.564286e+00 4.571429e-01 2.071429e-01 5.714286e-02
31586: 2.099291e+00 1.609929e+00 1.560284e+00 4.609929e-01 2.127660e-01 5.673759e-02
31586: 2.098592e+00 1.612676e+00 1.563380e+00 4.577465e-01 2.112676e-01 5.633803e-02
31586: 2.090909e+00 1.615385e+00 1.559441e+00 4.685315e-01 2.097902e-01 5.594406e-02
31586: 2.090278e+00 1.611111e+00 1.562500e+00 4.652778e-01 2.152778e-01 5.555556e-02
31586: 2.082759e+00 1.613793e+00 1.565517e+00 4.620690e-01 2.206897e-01 5.517241e-02
31586: 2.082192e+00 1.609589e+00 1.568493e+00 4.657534e-01 2.191781e-01 5.479452e-02
31586: 2.074830e+00 1.619048e+00 1.564626e+00 4.693878e-01 2.176871e-01 5.442177e-02
31586: 2.074324e+00 1.621622e+00 1.567568e+00 4.662162e-01 2.162162e-01 5.405405e-02
31586: 2.067114e+00 1.617450e+00 1.570470e+00 4.765101e-01 2.147651e-01 5.369128e-02
31586: 2.080000e+00 1.606667e+00 1.566667e+00 4.800000e-01 2.133333e-01 5.333333e-02
31586: 2.079470e+00 1.609272e+00 1.562914e+00 4.834437e-01 2.119205e-01 5.298013e-02
31586: 2.072368e+00 1.598684e+00 1.585526e+00 4.802632e-01 2.105263e-01 5.263158e-02
31586: 2.071895e+00 1.588235e+00 1.588235e+00 4.901961e-01 2.091503e-01 5.228758e-02
31586: 2.064935e+00 1.597403e+00 1.577922e+00 5.000000e-01 2.077922e-01 5.194805e-02
31586: 2.064516e+00 1.600000e+00 1.567742e+00 5.096774e-01 2.064516e-01 5.161290e-02
31586: 2.057692e+00 1.596154e+00 1.583333e+00 5.064103e-01 2.051282e-01 5.128205e-02
31586: 2.070064e+00 1.592357e+00 1.573248e+00 5.095541e-01 2.038217e-01 5.095541e-02
31586: 2.063291e+00 1.601266e+00 1.569620e+00 5.126582e-01 2.025316e-01 5.063291e-02
31586: 2.069182e+00 1.597484e+00 1.572327e+00 5.094340e-01 2.012579e-01 5.031447e-02
31586: 2.068750e+00 1.606250e+00 1.562500e+00 5.125000e-01 2.000000e-01 5.000000e-02
31586: 2.062112e+00 1.608696e+00 1.571429e+00 5.093168e-01 1.987578e-01 4.968944e-02
31586: 2.061728e+00 1.604938e+00 1.567901e+00 5.185185e-01 1.975309e-01 4.938272e-02
31586: 2.061350e+00 1.607362e+00 1.570552e+00 5.153374e-01 1.963190e-01 4.907975e-02
31586: 2.060976e+00 1.603659e+00 1.567073e+00 5.243902e-01 1.951220e-01 4.878049e-02
31586: 2.060606e+00 1.612121e+00 1.563636e+00 5.212121e-01 1.939394e-01 4.848485e-02
31586: 2.054217e+00 1.608434e+00 1.572289e+00 5.180723e-01 1.987952e-01 4.819277e-02
31586: 2.053892e+00 1.610778e+00 1.568862e+00 5.209581e-01 1.976048e-01 4.790419e-02
31586: 2.053571e+00 1.607143e+00 1.577381e+00 5.178571e-01 1.964286e-01 4.761905e-02
31586: 2.053254e+00 1.615385e+00 1.568047e+00 5.207101e-01 1.952663e-01 4.733728e-02
31586: 2.047059e+00 1.611765e+00 1.570588e+00 5.235294e-01 2.000000e-01 4.705882e-02
31586: 2.046784e+00 1.608187e+00 1.567251e+00 5.321637e-01 1.988304e-01 4.678363e-02
31586: 2.052326e+00 1.610465e+00 1.563953e+00 5.290698e-01 1.976744e-01 4.651163e-02
31586: 2.052023e+00 1.612717e+00 1.566474e+00 5.260116e-01 1.965318e-01 4.624277e-02
31586: 2.045977e+00 1.614943e+00 1.568966e+00 5.287356e-01 1.954023e-01 4.597701e-02
31586: 2.045714e+00 1.605714e+00 1.577143e+00 5.257143e-01 2.000000e-01 4.571429e-02
31586: 2.045455e+00 1.613636e+00 1.568182e+00 5.284091e-01 1.988636e-01 4.545455e-02
31586: 2.045198e+00 1.610169e+00 1.570621e+00 5.310734e-01 1.977401e-01 4.519774e-02
31586: 2.039326e+00 1.612360e+00 1.573034e+00 5.337079e-01 1.966292e-01 4.494382e-02
31586: 2.039106e+00 1.620112e+00 1.564246e+00 5.363128e-01 1.955307e-01 4.469274e-02
31586: 2.038889e+00 1.622222e+00 1.566667e+00 5.333333e-01 1.944444e-01 4.444444e-02
31586: 2.038674e+00 1.613260e+00 1.569061e+00 5.359116e-01 1.988950e-01 4.419890e-02
31586: 2.032967e+00 1.620879e+00 1.565934e+00 5.329670e-01 1.978022e-01 4.945055e-02
31586: 2.038251e+00 1.617486e+00 1.568306e+00 5.300546e-01 1.967213e-01 4.918033e-02
31586: 2.032609e+00 1.625000e+00 1.570652e+00 5.271739e-01 1.956522e-01 4.891304e-02
31586: 2.037838e+00 1.621622e+00 1.567568e+00 5.297297e-01 1.945946e-01 4.864865e-02
31586: 2.037634e+00 1.629032e+00 1.564516e+00 5.268817e-01 1.935484e-01 4.838710e-02
31586: 2.032086e+00 1.620321e+00 1.582888e+00 5.240642e-01 1.925134e-01 4.812834e-02
31586: 2.037234e+00 1.617021e+00 1.574468e+00 5.319149e-01 1.914894e-01 4.787234e-02
31586: 2.037037e+00 1.619048e+00 1.571429e+00 5.343915e-01 1.904762e-01 4.761905e-02
31586: 2.031579e+00 1.621053e+00 1.573684e+00 5.368421e-01 1.894737e-01 4.736842e-02
31586: 2.036649e+00 1.617801e+00 1.570681e+00 5.392670e-01 1.884817e-01 4.712042e-02
31586: 2.041667e+00 1.619792e+00 1.562500e+00 5.416667e-01 1.875000e-01 4.687500e-02
31586: 2.041451e+00 1.616580e+00 1.569948e+00 5.388601e-01 1.865285e-01 4.663212e-02
31586: 2.036082e+00 1.618557e+00 1.567010e+00 5.463918e-01 1.855670e-01 4.639175e-02
31586: 2.035897e+00 1.620513e+00 1.569231e+00 5.435897e-01 1.846154e-01 4.615385e-02
31586: 2.040816e+00 1.612245e+00 1.571429e+00 5.459184e-01 1.836735e-01 4.591837e-02
31586: 2.035533e+00 1.619289e+00 1.563452e+00 5.532995e-01 1.827411e-01 4.568528e-02
31586: 2.035354e+00 1.616162e+00 1.565657e+00 5.555556e-01 1.818182e-01 4.545455e-02
31586: 2.030151e+00 1.618090e+00 1.567839e+00 5.577889e-01 1.809045e-01 4.522613e-02
31586: 2.025000e+00 1.625000e+00 1.565000e+00 5.550000e-01 1.850000e-01 4.500000e-02
31586: 2.024876e+00 1.626866e+00 1.562189e+00 5.522388e-01 1.890547e-01 4.477612e-02
31586: 2.019802e+00 1.623762e+00 1.569307e+00 5.544554e-01 1.881188e-01 4.455446e-02
31586: 2.019704e+00 1.620690e+00 1.576355e+00 5.517241e-01 1.871921e-01 4.433498e-02
31586: 2.014706e+00 1.622549e+00 1.568627e+00 5.588235e-01 1.862745e-01 4.901961e-02
31586: 2.019512e+00 1.614634e+00 1.575610e+00 5.560976e-01 1.853659e-01 4.878049e-02
31586: 2.014563e+00 1.616505e+00 1.577670e+00 5.582524e-01 1.844660e-01 4.854369e-02
31586: 2.014493e+00 1.623188e+00 1.570048e+00 5.603865e-01 1.835749e-01 4.830918e-02
31586: 2.014423e+00 1.625000e+00 1.567308e+00 5.625000e-01 1.826923e-01 4.807692e-02
31586: 2.014354e+00 1.617225e+00 1.578947e+00 5.598086e-01 1.818182e-01 4.784689e-02
31586: 2.014286e+00 1.614286e+00 1.580952e+00 5.619048e-01 1.809524e-01 4.761905e-02
31586: 2.009479e+00 1.611374e+00 1.587678e+00 5.639810e-01 1.800948e-01 4.739336e-02
31586: 2.009434e+00 1.613208e+00 1.580189e+00 5.707547e-01 1.792453e-01 4.716981e-02
31586: 2.009390e+00 1.605634e+00 1.586854e+00 5.727700e-01 1.784038e-01 4.694836e-02
31586: 2.004673e+00 1.607477e+00 1.579439e+00 5.794393e-01 1.822430e-01 4.672897e-02
31586: 2.004651e+00 1.604651e+00 1.581395e+00 5.813953e-01 1.813953e-01 4.651163e-02
31586: 2.004630e+00 1.606481e+00 1.578704e+00 5.833333e-01 1.805556e-01 4.629630e-02
31586: 2.000000e+00 1.612903e+00 1.576037e+00 5.852535e-01 1.797235e-01 4.608295e-02
31586: 2.004587e+00 1.610092e+00 1.568807e+00 5.917431e-01 1.788991e-01 4.587156e-02
31586: 2.004566e+00 1.616438e+00 1.566210e+00 5.890411e-01 1.780822e-01 4.566210e-02
31586: 2.000000e+00 1.618182e+00 1.568182e+00 5.909091e-01 1.772727e-01 4.545455e-02
31586: 2.000000e+00 1.615385e+00 1.570136e+00 5.882353e-01 1.809955e-01 4.524887e-02
31586: 1.995495e+00 1.617117e+00 1.567568e+00 5.945946e-01 1.801802e-01 4.504505e-02
31586: 1.995516e+00 1.614350e+00 1.573991e+00 5.919283e-01 1.793722e-01 4.484305e-02
31586: 1.995536e+00 1.616071e+00 1.571429e+00 5.937500e-01 1.785714e-01 4.464286e-02
31586: 1.995556e+00 1.617778e+00 1.568889e+00 5.955556e-01 1.777778e-01 4.444444e-02
31586: 1.991150e+00 1.615044e+00 1.575221e+00 5.929204e-01 1.814159e-01 4.424779e-02
31586: 1.995595e+00 1.612335e+00 1.572687e+00 5.947137e-01 1.806167e-01 4.405286e-02
31586: 1.991228e+00 1.609649e+00 1.574561e+00 6.008772e-01 1.798246e-01 4.385965e-02
31586: 1.995633e+00 1.611354e+00 1.567686e+00 6.026201e-01 1.790393e-01 4.366812e-02
31586: 1.995652e+00 1.613043e+00 1.569565e+00 6.000000e-01 1.782609e-01 4.347826e-02
31586: 1.991342e+00 1.606061e+00 1.571429e+00 6.017316e-01 1.861472e-01 4.329004e-02
31586: 1.991379e+00 1.607759e+00 1.568966e+00 6.034483e-01 1.853448e-01 4.310345e-02
31586: 1.991416e+00 1.605150e+00 1.570815e+00 6.051502e-01 1.845494e-01 4.291845e-02
31586: 1.987179e+00 1.606838e+00 1.572650e+00 6.068376e-01 1.837607e-01 4.273504e-02
31586: 1.987234e+00 1.600000e+00 1.578723e+00 6.085106e-01 1.829787e-01 4.255319e-02
31586: 1.983051e+00 1.601695e+00 1.576271e+00 6.144068e-01 1.822034e-01 4.237288e-02
31586: 1.991561e+00 1.599156e+00 1.569620e+00 6.160338e-01 1.814346e-01 4.219409e-02
31586: 1.987395e+00 1.596639e+00 1.575630e+00 6.176471e-01 1.806723e-01 4.201681e-02
31586: 1.983264e+00 1.594142e+00 1.573222e+00 6.234310e-01 1.799163e-01 4.602510e-02
31586: 1.983333e+00 1.600000e+00 1.566667e+00 6.250000e-01 1.791667e-01 4.583333e-02
31586: 1.987552e+00 1.597510e+00 1.568465e+00 6.224066e-01 1.784232e-01 4.564315e-02
31586: 1.987603e+00 1.599174e+00 1.570248e+00 6.198347e-01 1.776860e-01 4.545455e-02
31586: 1.983539e+00 1.600823e+00 1.567901e+00 6.255144e-01 1.769547e-01 4.526749e-02
31586: 1.983607e+00 1.598361e+00 1.565574e+00 6.270492e-01 1.803279e-01 4.508197e-02
31586: 1.979592e+00 1.604082e+00 1.563265e+00 6.285714e-01 1.795918e-01 4.489796e-02
31586: 1.983740e+00 1.605691e+00 1.560976e+00 6.260163e-01 1.788618e-01 4.471545e-02
31586: 1.983806e+00 1.599190e+00 1.566802e+00 6.234818e-01 1.821862e-01 4.453441e-02
31586: 1.979839e+00 1.600806e+00 1.572581e+00 6.209677e-01 1.814516e-01 4.435484e-02
31586: 1.979920e+00 1.606426e+00 1.566265e+00 6.224900e-01 1.807229e-01 4.417671e-02
31586: 1.976000e+00 1.608000e+00 1.568000e+00 6.200000e-01 1.840000e-01 4.400000e-02
31586: 1.980080e+00 1.609562e+00 1.565737e+00 6.175299e-01 1.832669e-01 4.382470e-02
31586: 1.976190e+00 1.611111e+00 1.571429e+00 6.150794e-01 1.825397e-01 4.365079e-02
31586: 1.972332e+00 1.616601e+00 1.569170e+00 6.166008e-01 1.818182e-01 4.347826e-02
31586: 1.976378e+00 1.614173e+00 1.570866e+00 6.141732e-01 1.811024e-01 4.330709e-02
31586: 1.972549e+00 1.615686e+00 1.564706e+00 6.196078e-01 1.843137e-01 4.313725e-02
31586: 1.976562e+00 1.617188e+00 1.562500e+00 6.171875e-01 1.835938e-01 4.296875e-02
31586: 1.972763e+00 1.614786e+00 1.568093e+00 6.186770e-01 1.828794e-01 4.280156e-02
31586: 1.968992e+00 1.616279e+00 1.569767e+00 6.201550e-01 1.821705e-01 4.263566e-02
31586: 1.969112e+00 1.621622e+00 1.567568e+00 6.177606e-01 1.814672e-01 4.247104e-02
31586: 1.965385e+00 1.619231e+00 1.576923e+00 6.153846e-01 1.807692e-01 4.230769e-02
31586: 1.969349e+00 1.613027e+00 1.578544e+00 6.168582e-01 1.800766e-01 4.214559e-02
31586: 1.965649e+00 1.614504e+00 1.576336e+00 6.183206e-01 1.832061e-01 4.198473e-02
31586: 1.965779e+00 1.612167e+00 1.577947e+00 6.197719e-01 1.825095e-01 4.182510e-02
31586: 1.962121e+00 1.617424e+00 1.571970e+00 6.212121e-01 1.818182e-01 4.545455e-02
31586: 1.962264e+00 1.622642e+00 1.566038e+00 6.226415e-01 1.811321e-01 4.528302e-02
31586: 1.962406e+00 1.620301e+00 1.571429e+00 6.203008e-01 1.804511e-01 4.511278e-02
31586: 1.958801e+00 1.625468e+00 1.569288e+00 6.217228e-01 1.797753e-01 4.494382e-02
31586: 1.958955e+00 1.619403e+00 1.574627e+00 6.194030e-01 1.828358e-01 4.477612e-02
31586: 1.955390e+00 1.624535e+00 1.572491e+00 6.208178e-01 1.821561e-01 4.460967e-02
31586: 1.959259e+00 1.622222e+00 1.570370e+00 6.222222e-01 1.814815e-01 4.444444e-02
31586: 1.955720e+00 1.619926e+00 1.568266e+00 6.273063e-01 1.845018e-01 4.428044e-02
31586: 1.952206e+00 1.617647e+00 1.569853e+00 6.323529e-01 1.838235e-01 4.411765e-02
31586: 1.956044e+00 1.611722e+00 1.571429e+00 6.336996e-01 1.831502e-01 4.395604e-02
31586: 1.956204e+00 1.613139e+00 1.565693e+00 6.386861e-01 1.824818e-01 4.379562e-02
31586: 1.960000e+00 1.610909e+00 1.567273e+00 6.363636e-01 1.818182e-01 4.363636e-02
31586: 1.956522e+00 1.615942e+00 1.568841e+00 6.340580e-01 1.811594e-01 4.347826e-02
31586: 1.960289e+00 1.610108e+00 1.574007e+00 6.317690e-01 1.805054e-01 4.332130e-02
31586: 1.960432e+00 1.611511e+00 1.568345e+00 6.366906e-01 1.798561e-01 4.316547e-02
31586: 1.960573e+00 1.612903e+00 1.569892e+00 6.344086e-01 1.792115e-01 4.301075e-02
31586: 1.960714e+00 1.610714e+00 1.567857e+00 6.357143e-01 1.821429e-01 4.285714e-02
31586: 1.960854e+00 1.615658e+00 1.565836e+00 6.334520e-01 1.814947e-01 4.270463e-02
31586: 1.960993e+00 1.617021e+00 1.567376e+00 6.312057e-01 1.808511e-01 4.255319e-02
31586: 1.961131e+00 1.614841e+00 1.568905e+00 6.325088e-01 1.802120e-01 4.240283e-02
31586: 1.957746e+00 1.623239e+00 1.566901e+00 6.302817e-01 1.795775e-01 4.225352e-02
31586: 1.957895e+00 1.628070e+00 1.564912e+00 6.280702e-01 1.789474e-01 4.210526e-02
31586: 1.958042e+00 1.625874e+00 1.569930e+00 6.258741e-01 1.783217e-01 4.195804e-02
31586: 1.954704e+00 1.623693e+00 1.574913e+00 6.236934e-01 1.811847e-01 4.181185e-02
31586: 1.958333e+00 1.621528e+00 1.572917e+00 6.250000e-01 1.805556e-01 4.166667e-02
31586: 1.958478e+00 1.622837e+00 1.570934e+00 6.262976e-01 1.799308e-01 4.152249e-02
31586: 1.955172e+00 1.617241e+00 1.575862e+00 6.310345e-01 1.793103e-01 4.137931e-02
31586: 1.955326e+00 1.611684e+00 1.577320e+00 6.357388e-01 1.786942e-01 4.123711e-02
31586: 1.955479e+00 1.616438e+00 1.571918e+00 6.369863e-01 1.780822e-01 4.109589e-02
31586: 1.952218e+00 1.617747e+00 1.573379e+00 6.382253e-01 1.774744e-01 4.095563e-02
31586: 1.952381e+00 1.615646e+00 1.574830e+00 6.394558e-01 1.768707e-01 4.081633e-02
31586: 1.955932e+00 1.616949e+00 1.569492e+00 6.406780e-01 1.762712e-01 4.067797e-02
31586: 1.952703e+00 1.614865e+00 1.577703e+00 6.385135e-01 1.756757e-01 4.054054e-02
31586: 1.949495e+00 1.616162e+00 1.575758e+00 6.430976e-01 1.750842e-01 4.040404e-02
31586: 1.956376e+00 1.614094e+00 1.570470e+00 6.442953e-01 1.744966e-01 4.026846e-02
31586: 1.956522e+00 1.615385e+00 1.568562e+00 6.454849e-01 1.739130e-01 4.013378e-02
31586: 1.953333e+00 1.616667e+00 1.573333e+00 6.433333e-01 1.733333e-01 4.000000e-02
31586: 1.956811e+00 1.617940e+00 1.568106e+00 6.445183e-01 1.727575e-01 3.986711e-02
31586: 1.953642e+00 1.615894e+00 1.569536e+00 6.456954e-01 1.754967e-01 3.973510e-02
31586: 1.957096e+00 1.617162e+00 1.567657e+00 6.435644e-01 1.749175e-01 3.960396e-02
31586: 1.953947e+00 1.611842e+00 1.575658e+00 6.414474e-01 1.776316e-01 3.947368e-02
31586: 1.954098e+00 1.606557e+00 1.573770e+00 6.459016e-01 1.803279e-01 3.934426e-02
31586: 1.950980e+00 1.611111e+00 1.571895e+00 6.470588e-01 1.797386e-01 3.921569e-02
31586: 1.951140e+00 1.609121e+00 1.570033e+00 6.514658e-01 1.791531e-01 3.908795e-02
31586: 1.951299e+00 1.610390e+00 1.568182e+00 6.525974e-01 1.785714e-01 3.896104e-02
31586: 1.951456e+00 1.611650e+00 1.569579e+00 6.504854e-01 1.779935e-01 3.883495e-02
31586: 1.951613e+00 1.612903e+00 1.567742e+00 6.516129e-01 1.774194e-01 3.870968e-02
31586: 1.954984e+00 1.610932e+00 1.569132e+00 6.495177e-01 1.768489e-01 3.858521e-02
31586: 1.951923e+00 1.608974e+00 1.573718e+00 6.474359e-01 1.794872e-01 3.846154e-02
31586: 1.952077e+00 1.610224e+00 1.568690e+00 6.485623e-01 1.821086e-01 3.833866e-02
31586: 1.949045e+00 1.608280e+00 1.573248e+00 6.496815e-01 1.815287e-01 3.821656e-02
31586: 1.946032e+00 1.609524e+00 1.571429e+00 6.507937e-01 1.841270e-01 3.809524e-02
31586: 1.946203e+00 1.607595e+00 1.569620e+00 6.550633e-01 1.835443e-01 3.797468e-02
31586: 1.943218e+00 1.611987e+00 1.567823e+00 6.561514e-01 1.829653e-01 3.785489e-02
31586: 1.943396e+00 1.613208e+00 1.569182e+00 6.540881e-01 1.823899e-01 3.773585e-02
31586: 1.943574e+00 1.611285e+00 1.570533e+00 6.551724e-01 1.818182e-01 3.761755e-02
31586: 1.943750e+00 1.612500e+00 1.568750e+00 6.562500e-01 1.812500e-01 3.750000e-02
31586: 1.940810e+00 1.607477e+00 1.579439e+00 6.542056e-01 1.806854e-01 3.738318e-02
31586: 1.940994e+00 1.605590e+00 1.577640e+00 6.552795e-01 1.832298e-01 3.726708e-02
31586: 1.941176e+00 1.609907e+00 1.572755e+00 6.563467e-01 1.826625e-01 3.715170e-02
31586: 1.938272e+00 1.608025e+00 1.574074e+00 6.574074e-01 1.851852e-01 3.703704e-02
31586: 1.938462e+00 1.606154e+00 1.572308e+00 6.615385e-01 1.846154e-01 3.692308e-02
31586: 1.941718e+00 1.607362e+00 1.567485e+00 6.625767e-01 1.840491e-01 3.680982e-02
31586: 1.938838e+00 1.611621e+00 1.568807e+00 6.605505e-01 1.834862e-01 3.669725e-02
31586: 1.942073e+00 1.609756e+00 1.570122e+00 6.585366e-01 1.829268e-01 3.658537e-02
31586: 1.939210e+00 1.610942e+00 1.571429e+00 6.595745e-01 1.823708e-01 3.647416e-02
31586: 1.942424e+00 1.606061e+00 1.572727e+00 6.606061e-01 1.818182e-01 3.636364e-02
31586: 1.939577e+00 1.607251e+00 1.574018e+00 6.616314e-01 1.812689e-01 3.625378e-02
31586: 1.942771e+00 1.605422e+00 1.569277e+00 6.626506e-01 1.837349e-01 3.614458e-02
31586: 1.939940e+00 1.606607e+00 1.570571e+00 6.606607e-01 1.831832e-01 3.903904e-02
31586: 1.937126e+00 1.607784e+00 1.565868e+00 6.616766e-01 1.886228e-01 3.892216e-02
31586: 1.937313e+00 1.605970e+00 1.567164e+00 6.597015e-01 1.910448e-01 3.880597e-02
31586: 1.934524e+00 1.607143e+00 1.571429e+00 6.577381e-01 1.904762e-01 3.869048e-02
31586: 1.940653e+00 1.605341e+00 1.566766e+00 6.587537e-01 1.899110e-01 3.857567e-02
31586: 1.940828e+00 1.606509e+00 1.568047e+00 6.568047e-01 1.893491e-01 3.846154e-02
31586: 1.938053e+00 1.604720e+00 1.569322e+00 6.578171e-01 1.887906e-01 4.129794e-02
31586: 1.935294e+00 1.608824e+00 1.567647e+00 6.588235e-01 1.882353e-01 4.117647e-02
31586: 1.935484e+00 1.609971e+00 1.568915e+00 6.568915e-01 1.876833e-01 4.105572e-02
31586: 1.935673e+00 1.611111e+00 1.567251e+00 6.578947e-01 1.871345e-01 4.093567e-02
31586: 1.932945e+00 1.612245e+00 1.571429e+00 6.559767e-01 1.865889e-01 4.081633e-02
31586: 1.936047e+00 1.610465e+00 1.569767e+00 6.569767e-01 1.860465e-01 4.069767e-02
31586: 1.936232e+00 1.608696e+00 1.571014e+00 6.579710e-01 1.855072e-01 4.057971e-02
31586: 1.939306e+00 1.606936e+00 1.569364e+00 6.589595e-01 1.849711e-01 4.046243e-02
31586: 1.939481e+00 1.610951e+00 1.567723e+00 6.570605e-01 1.844380e-01 4.034582e-02
31586: 1.939655e+00 1.606322e+00 1.571839e+00 6.551724e-01 1.867816e-01 4.022989e-02
31586: 1.936963e+00 1.607450e+00 1.570201e+00 6.590258e-01 1.862464e-01 4.011461e-02
31586: 1.940000e+00 1.605714e+00 1.565714e+00 6.628571e-01 1.857143e-01 4.000000e-02
31586: 1.937322e+00 1.606838e+00 1.566952e+00 6.638177e-01 1.851852e-01 3.988604e-02
31586: 1.934659e+00 1.613636e+00 1.565341e+00 6.619318e-01 1.846591e-01 3.977273e-02
31586: 1.934844e+00 1.614731e+00 1.566572e+00 6.600567e-01 1.841360e-01 3.966006e-02
31586: 1.932203e+00 1.618644e+00 1.564972e+00 6.610169e-01 1.836158e-01 3.954802e-02
31586: 1.932394e+00 1.619718e+00 1.566197e+00 6.591549e-01 1.830986e-01 3.943662e-02
31586: 1.932584e+00 1.617978e+00 1.567416e+00 6.601124e-01 1.825843e-01 3.932584e-02
31586: 1.932773e+00 1.619048e+00 1.568627e+00 6.582633e-01 1.820728e-01 3.921569e-02
31586: 1.930168e+00 1.617318e+00 1.569832e+00 6.620112e-01 1.815642e-01 3.910615e-02
31586: 1.933148e+00 1.615599e+00 1.571031e+00 6.601671e-01 1.810585e-01 3.899721e-02
31586: 1.936111e+00 1.616667e+00 1.566667e+00 6.611111e-01 1.805556e-01 3.888889e-02
31586: 1.936288e+00 1.612188e+00 1.573407e+00 6.592798e-01 1.800554e-01 3.878116e-02
31586: 1.933702e+00 1.613260e+00 1.569061e+00 6.629834e-01 1.823204e-01 3.867403e-02
31586: 1.936639e+00 1.611570e+00 1.570248e+00 6.611570e-01 1.818182e-01 3.856749e-02
31586: 1.934066e+00 1.612637e+00 1.568681e+00 6.648352e-01 1.813187e-01 3.846154e-02
31586: 1.931507e+00 1.613699e+00 1.569863e+00 6.630137e-01 1.835616e-01 3.835616e-02
31586: 1.931694e+00 1.612022e+00 1.568306e+00 6.639344e-01 1.857923e-01 3.825137e-02
31586: 1.929155e+00 1.618529e+00 1.566757e+00 6.621253e-01 1.852861e-01 3.814714e-02
31586: 1.929348e+00 1.616848e+00 1.567935e+00 6.603261e-01 1.875000e-01 3.804348e-02
31586: 1.926829e+00 1.615176e+00 1.569106e+00 6.639566e-01 1.869919e-01 3.794038e-02
31586: 1.927027e+00 1.618919e+00 1.567568e+00 6.621622e-01 1.864865e-01 3.783784e-02
31586: 1.924528e+00 1.619946e+00 1.568733e+00 6.603774e-01 1.886792e-01 3.773585e-02
31586: 1.927419e+00 1.615591e+00 1.572581e+00 6.586022e-01 1.881720e-01 3.763441e-02
31586: 1.927614e+00 1.619303e+00 1.568365e+00 6.595174e-01 1.876676e-01 3.753351e-02
31586: 1.925134e+00 1.617647e+00 1.572193e+00 6.577540e-01 1.898396e-01 3.743316e-02
31586: 1.925333e+00 1.613333e+00 1.573333e+00 6.613333e-01 1.893333e-01 3.733333e-02
31586: 1.922872e+00 1.617021e+00 1.571809e+00 6.622340e-01 1.888298e-01 3.723404e-02
31586: 1.923077e+00 1.615385e+00 1.570292e+00 6.657825e-01 1.883289e-01 3.713528e-02
31586: 1.920635e+00 1.616402e+00 1.568783e+00 6.666667e-01 1.904762e-01 3.703704e-02
31586: 1.920844e+00 1.620053e+00 1.567282e+00 6.649077e-01 1.899736e-01 3.693931e-02
31586: 1.918421e+00 1.618421e+00 1.571053e+00 6.657895e-01 1.894737e-01 3.684211e-02
31586: 1.921260e+00 1.616798e+00 1.569554e+00 6.666667e-01 1.889764e-01 3.674541e-02
31586: 1.924084e+00 1.617801e+00 1.568063e+00 6.649215e-01 1.884817e-01 3.664921e-02
31586: 1.924282e+00 1.616188e+00 1.569191e+00 6.657963e-01 1.879896e-01 3.655352e-02
31586: 1.924479e+00 1.617188e+00 1.570312e+00 6.640625e-01 1.875000e-01 3.645833e-02
31586: 1.924675e+00 1.618182e+00 1.566234e+00 6.675325e-01 1.870130e-01 3.636364e-02
31586: 1.924870e+00 1.616580e+00 1.569948e+00 6.658031e-01 1.865285e-01 3.626943e-02
31586: 1.922481e+00 1.614987e+00 1.576227e+00 6.640827e-01 1.860465e-01 3.617571e-02
31586: 1.920103e+00 1.618557e+00 1.572165e+00 6.675258e-01 1.855670e-01 3.608247e-02
31586: 1.920308e+00 1.619537e+00 1.570694e+00 6.683805e-01 1.850900e-01 3.598972e-02
31586: 1.920513e+00 1.617949e+00 1.571795e+00 6.692308e-01 1.846154e-01 3.589744e-02
31586: 1.923274e+00 1.618926e+00 1.567775e+00 6.700767e-01 1.841432e-01 3.580563e-02
31586: 1.923469e+00 1.614796e+00 1.573980e+00 6.683673e-01 1.836735e-01 3.571429e-02
31586: 1.921120e+00 1.620865e+00 1.569975e+00 6.692112e-01 1.832061e-01 3.562341e-02
31586: 1.923858e+00 1.619289e+00 1.571066e+00 6.675127e-01 1.827411e-01 3.553299e-02
31586: 1.921519e+00 1.620253e+00 1.569620e+00 6.708861e-01 1.822785e-01 3.544304e-02
31586: 1.919192e+00 1.623737e+00 1.570707e+00 6.691919e-01 1.818182e-01 3.535354e-02
31586: 1.921914e+00 1.622166e+00 1.569270e+00 6.700252e-01 1.813602e-01 3.526448e-02
31586: 1.922111e+00 1.625628e+00 1.567839e+00 6.683417e-01 1.809045e-01 3.517588e-02
31586: 1.924812e+00 1.624060e+00 1.568922e+00 6.666667e-01 1.804511e-01 3.508772e-02
31586: 1.925000e+00 1.625000e+00 1.570000e+00 6.650000e-01 1.800000e-01 3.500000e-02
31586: 1.922693e+00 1.628429e+00 1.566085e+00 6.683292e-01 1.795511e-01 3.491272e-02
31586: 1.922886e+00 1.626866e+00 1.564677e+00 6.691542e-01 1.815920e-01 3.482587e-02
31586: 1.920596e+00 1.627792e+00 1.563275e+00 6.699752e-01 1.836228e-01 3.473945e-02
31586: 1.920792e+00 1.628713e+00 1.564356e+00 6.683168e-01 1.831683e-01 3.465347e-02
31586: 1.920988e+00 1.627160e+00 1.562963e+00 6.716049e-01 1.827160e-01 3.456790e-02
31586: 1.918719e+00 1.630542e+00 1.561576e+00 6.699507e-01 1.847291e-01 3.448276e-02
31586: 1.921376e+00 1.628993e+00 1.560197e+00 6.707617e-01 1.842752e-01 3.439803e-02
31586: 1.919118e+00 1.629902e+00 1.558824e+00 6.715686e-01 1.862745e-01 3.431373e-02
31586: 1.919315e+00 1.630807e+00 1.559902e+00 6.699267e-01 1.858191e-01 3.422983e-02
31586: 1.917073e+00 1.631707e+00 1.560976e+00 6.707317e-01 1.853659e-01 3.414634e-02
31586: 1.919708e+00 1.630170e+00 1.562044e+00 6.690998e-01 1.849148e-01 3.406326e-02
31586: 1.917476e+00 1.633495e+00 1.563107e+00 6.674757e-01 1.844660e-01 3.398058e-02
31586: 1.917676e+00 1.631961e+00 1.561743e+00 6.682809e-01 1.864407e-01 3.389831e-02
31586: 1.915459e+00 1.632850e+00 1.560386e+00 6.690821e-01 1.884058e-01 3.381643e-02
31586: 1.915663e+00 1.631325e+00 1.561446e+00 6.698795e-01 1.879518e-01 3.373494e-02
31586: 1.913462e+00 1.637019e+00 1.560096e+00 6.682692e-01 1.875000e-01 3.365385e-02
31586: 1.913669e+00 1.640288e+00 1.558753e+00 6.666667e-01 1.870504e-01 3.357314e-02
31586: 1.913876e+00 1.636364e+00 1.564593e+00 6.650718e-01 1.866029e-01 3.349282e-02
31586: 1.914081e+00 1.637232e+00 1.565632e+00 6.634845e-01 1.861575e-01 3.341289e-02
31586: 1.911905e+00 1.635714e+00 1.569048e+00 6.642857e-01 1.857143e-01 3.333333e-02
31586: 1.912114e+00 1.636580e+00 1.570071e+00 6.627078e-01 1.852732e-01 3.325416e-02
31586: 1.912322e+00 1.635071e+00 1.568720e+00 6.658768e-01 1.848341e-01 3.317536e-02
31586: 1.912530e+00 1.638298e+00 1.567376e+00 6.643026e-01 1.843972e-01 3.309693e-02
31586: 1.912736e+00 1.634434e+00 1.570755e+00 6.650943e-01 1.839623e-01 3.301887e-02
31586: 1.912941e+00 1.635294e+00 1.567059e+00 6.658824e-01 1.858824e-01 3.294118e-02
31586: 1.910798e+00 1.636150e+00 1.568075e+00 6.643192e-01 1.877934e-01 3.286385e-02
31586: 1.913349e+00 1.634660e+00 1.569087e+00 6.627635e-01 1.873536e-01 3.278689e-02
31586: 1.911215e+00 1.635514e+00 1.570093e+00 6.635514e-01 1.869159e-01 3.271028e-02
31586: 1.911422e+00 1.634033e+00 1.568765e+00 6.666667e-01 1.864802e-01 3.263403e-02
31586: 1.911628e+00 1.634884e+00 1.569767e+00 6.651163e-01 1.860465e-01 3.255814e-02
31586: 1.909513e+00 1.638051e+00 1.568445e+00 6.658933e-01 1.856148e-01 3.248260e-02
31586: 1.912037e+00 1.638889e+00 1.567130e+00 6.643519e-01 1.851852e-01 3.240741e-02
31586: 1.912240e+00 1.639723e+00 1.568129e+00 6.628176e-01 1.847575e-01 3.233256e-02
31586: 1.910138e+00 1.638249e+00 1.569124e+00 6.658986e-01 1.843318e-01 3.225806e-02
31586: 1.912644e+00 1.639080e+00 1.567816e+00 6.643678e-01 1.839080e-01 3.218391e-02
31586: 1.910550e+00 1.639908e+00 1.568807e+00 6.651376e-01 1.834862e-01 3.211009e-02
31586: 1.910755e+00 1.640732e+00 1.569794e+00 6.636156e-01 1.830664e-01 3.203661e-02
31586: 1.908676e+00 1.639269e+00 1.573059e+00 6.643836e-01 1.826484e-01 3.196347e-02
31586: 1.908884e+00 1.637813e+00 1.571754e+00 6.674260e-01 1.822323e-01 3.189066e-02
31586: 1.909091e+00 1.638636e+00 1.570455e+00 6.681818e-01 1.818182e-01 3.181818e-02
31586: 1.909297e+00 1.639456e+00 1.569161e+00 6.689342e-01 1.814059e-01 3.174603e-02
31586: 1.907240e+00 1.640271e+00 1.572398e+00 6.674208e-01 1.809955e-01 3.167421e-02
31586: 1.907449e+00 1.638826e+00 1.571106e+00 6.681716e-01 1.828442e-01 3.160271e-02
31586: 1.907658e+00 1.641892e+00 1.567568e+00 6.689189e-01 1.824324e-01 3.153153e-02
31586: 1.907865e+00 1.640449e+00 1.570787e+00 6.674157e-01 1.820225e-01 3.146067e-02
31586: 1.905830e+00 1.639013e+00 1.573991e+00 6.681614e-01 1.816143e-01 3.139013e-02
31586: 1.903803e+00 1.635347e+00 1.577181e+00 6.711409e-01 1.812081e-01 3.131991e-02
31586: 1.906250e+00 1.633929e+00 1.575893e+00 6.718750e-01 1.808036e-01 3.125000e-02
31586: 1.906459e+00 1.634744e+00 1.574610e+00 6.726058e-01 1.804009e-01 3.118040e-02
31586: 1.904444e+00 1.633333e+00 1.575556e+00 6.733333e-01 1.822222e-01 3.111111e-02
31586: 1.904656e+00 1.634146e+00 1.572062e+00 6.762749e-01 1.818182e-01 3.104213e-02
31586: 1.902655e+00 1.632743e+00 1.575221e+00 6.769912e-01 1.814159e-01 3.097345e-02
31586: 1.905077e+00 1.633554e+00 1.571744e+00 6.777042e-01 1.810155e-01 3.090508e-02
31586: 1.903084e+00 1.632159e+00 1.570485e+00 6.806167e-01 1.828194e-01 3.083700e-02
31586: 1.903297e+00 1.635165e+00 1.567033e+00 6.813187e-01 1.824176e-01 3.076923e-02
31586: 1.901316e+00 1.633772e+00 1.570175e+00 6.820175e-01 1.820175e-01 3.070175e-02
31586: 1.901532e+00 1.634573e+00 1.566740e+00 6.849015e-01 1.816193e-01 3.063457e-02
31586: 1.901747e+00 1.633188e+00 1.569869e+00 6.834061e-01 1.812227e-01 3.056769e-02
31586: 1.899782e+00 1.636166e+00 1.568627e+00 6.840959e-01 1.808279e-01 3.050109e-02
31586: 1.900000e+00 1.634783e+00 1.569565e+00 6.826087e-01 1.826087e-01 3.043478e-02
31586: 1.900217e+00 1.633406e+00 1.570499e+00 6.832972e-01 1.822126e-01 3.036876e-02
31586: 1.902597e+00 1.634199e+00 1.567100e+00 6.839827e-01 1.818182e-01 3.030303e-02
31586: 1.900648e+00 1.634989e+00 1.568035e+00 6.825054e-01 1.814255e-01 3.239741e-02
31586: 1.903017e+00 1.633621e+00 1.566810e+00 6.810345e-01 1.810345e-01 3.448276e-02
31586: 1.903226e+00 1.636559e+00 1.565591e+00 6.795699e-01 1.806452e-01 3.440860e-02
31586: 1.903433e+00 1.635193e+00 1.568670e+00 6.781116e-01 1.802575e-01 3.433476e-02
31586: 1.901499e+00 1.638116e+00 1.569593e+00 6.766595e-01 1.798715e-01 3.426124e-02
31586: 1.903846e+00 1.636752e+00 1.568376e+00 6.752137e-01 1.816239e-01 3.418803e-02
31586: 1.904051e+00 1.637527e+00 1.569296e+00 6.737740e-01 1.812367e-01 3.411514e-02
31586: 1.902128e+00 1.636170e+00 1.570213e+00 6.765957e-01 1.808511e-01 3.404255e-02
31586: 1.904459e+00 1.634820e+00 1.566879e+00 6.794055e-01 1.804671e-01 3.397028e-02
31586: 1.904661e+00 1.635593e+00 1.565678e+00 6.800847e-01 1.800847e-01 3.389831e-02
31586: 1.902748e+00 1.634249e+00 1.566596e+00 6.828753e-01 1.797040e-01 3.382664e-02
31586: 1.905063e+00 1.632911e+00 1.565401e+00 6.814346e-01 1.814346e-01 3.375527e-02
31586: 1.905263e+00 1.633684e+00 1.564211e+00 6.800000e-01 1.831579e-01 3.368421e-02
31586: 1.903361e+00 1.636555e+00 1.565126e+00 6.785714e-01 1.827731e-01 3.361345e-02
31586: 1.903564e+00 1.635220e+00 1.566038e+00 6.792453e-01 1.823899e-01 3.354298e-02
31586: 1.903766e+00 1.635983e+00 1.566946e+00 6.778243e-01 1.820084e-01 3.347280e-02
31586: 1.903967e+00 1.632568e+00 1.567850e+00 6.805846e-01 1.816284e-01 3.340292e-02
31586: 1.902083e+00 1.633333e+00 1.568750e+00 6.812500e-01 1.812500e-01 3.333333e-02
31586: 1.902287e+00 1.636175e+00 1.567568e+00 6.798337e-01 1.808732e-01 3.326403e-02
31586: 1.902490e+00 1.636929e+00 1.568465e+00 6.784232e-01 1.804979e-01 3.319502e-02
31586: 1.902692e+00 1.633540e+00 1.571429e+00 6.790890e-01 1.801242e-01 3.312629e-02
31586: 1.900826e+00 1.636364e+00 1.568182e+00 6.797521e-01 1.818182e-01 3.305785e-02
31586: 1.901031e+00 1.637113e+00 1.569072e+00 6.783505e-01 1.814433e-01 3.298969e-02
31586: 1.901235e+00 1.637860e+00 1.567901e+00 6.790123e-01 1.810700e-01 3.292181e-02
31586: 1.901437e+00 1.636550e+00 1.568789e+00 6.796715e-01 1.806982e-01 3.285421e-02
31586: 1.899590e+00 1.637295e+00 1.567623e+00 6.803279e-01 1.823770e-01 3.278689e-02
31586: 1.899796e+00 1.635992e+00 1.568507e+00 6.809816e-01 1.820041e-01 3.271984e-02
31586: 1.900000e+00 1.638776e+00 1.567347e+00 6.795918e-01 1.816327e-01 3.265306e-02
31586: 1.898167e+00 1.637475e+00 1.570265e+00 6.802444e-01 1.812627e-01 3.258656e-02
31586: 1.898374e+00 1.636179e+00 1.569106e+00 6.808943e-01 1.829268e-01 3.252033e-02
31586: 1.896552e+00 1.638945e+00 1.567951e+00 6.815416e-01 1.825558e-01 3.245436e-02
31586: 1.898785e+00 1.637652e+00 1.568826e+00 6.801619e-01 1.821862e-01 3.238866e-02
31586: 1.896970e+00 1.640404e+00 1.567677e+00 6.787879e-01 1.838384e-01 3.232323e-02
31586: 1.897177e+00 1.641129e+00 1.568548e+00 6.774194e-01 1.834677e-01 3.225806e-02
31586: 1.895372e+00 1.639839e+00 1.569416e+00 6.780684e-01 1.830986e-01 3.420523e-02
31586: 1.895582e+00 1.638554e+00 1.570281e+00 6.787149e-01 1.827309e-01 3.413655e-02
31586: 1.895792e+00 1.641283e+00 1.567134e+00 6.793587e-01 1.823647e-01 3.406814e-02
31586: 1.894000e+00 1.640000e+00 1.570000e+00 6.800000e-01 1.820000e-01 3.400000e-02
31586: 1.896208e+00 1.640719e+00 1.566866e+00 6.806387e-01 1.816367e-01 3.393214e-02
31586: 1.896414e+00 1.641434e+00 1.567729e+00 6.792829e-01 1.812749e-01 3.386454e-02
31586: 1.894632e+00 1.642147e+00 1.566600e+00 6.819085e-01 1.809145e-01 3.379722e-02
31586: 1.898810e+00 1.640873e+00 1.565476e+00 6.805556e-01 1.805556e-01 3.373016e-02
31586: 1.897030e+00 1.639604e+00 1.568317e+00 6.811881e-01 1.801980e-01 3.366337e-02
31586: 1.897233e+00 1.642292e+00 1.567194e+00 6.798419e-01 1.798419e-01 3.359684e-02
31586: 1.895464e+00 1.639053e+00 1.573964e+00 6.785010e-01 1.794872e-01 3.353057e-02
31586: 1.897638e+00 1.639764e+00 1.570866e+00 6.791339e-01 1.791339e-01 3.346457e-02
31586: 1.895874e+00 1.636542e+00 1.571709e+00 6.817289e-01 1.807466e-01 3.339882e-02
31586: 1.900000e+00 1.635294e+00 1.568627e+00 6.823529e-01 1.803922e-01 3.333333e-02
31586: 1.900196e+00 1.637965e+00 1.567515e+00 6.810176e-01 1.800391e-01 3.326810e-02
31586: 1.898438e+00 1.638672e+00 1.568359e+00 6.816406e-01 1.796875e-01 3.320312e-02
31586: 1.900585e+00 1.637427e+00 1.567251e+00 6.803119e-01 1.812865e-01 3.313840e-02
31586: 1.898833e+00 1.640078e+00 1.566148e+00 6.789883e-01 1.828794e-01 3.307393e-02
31586: 1.899029e+00 1.640777e+00 1.565049e+00 6.776699e-01 1.844660e-01 3.300971e-02
31586: 1.897287e+00 1.643411e+00 1.565891e+00 6.763566e-01 1.841085e-01 3.294574e-02
31586: 1.897485e+00 1.642166e+00 1.566731e+00 6.769826e-01 1.837524e-01 3.288201e-02
31586: 1.895753e+00 1.642857e+00 1.569498e+00 6.756757e-01 1.833977e-01 3.281853e-02
31586: 1.895954e+00 1.641618e+00 1.572254e+00 6.743738e-01 1.830443e-01 3.275530e-02
31586: 1.894231e+00 1.642308e+00 1.569231e+00 6.750000e-01 1.865385e-01 3.269231e-02
31586: 1.894434e+00 1.642994e+00 1.568138e+00 6.756238e-01 1.861804e-01 3.262956e-02
31586: 1.894636e+00 1.641762e+00 1.570881e+00 6.743295e-01 1.858238e-01 3.256705e-02
31586: 1.892925e+00 1.644359e+00 1.569790e+00 6.749522e-01 1.854685e-01 3.250478e-02
31586: 1.893130e+00 1.645038e+00 1.570611e+00 6.736641e-01 1.851145e-01 3.244275e-02
31586: 1.893333e+00 1.643810e+00 1.567619e+00 6.780952e-01 1.847619e-01 3.238095e-02
31586: 1.891635e+00 1.646388e+00 1.568441e+00 6.768061e-01 1.844106e-01 3.231939e-02
31586: 1.891841e+00 1.645161e+00 1.569260e+00 6.774194e-01 1.840607e-01 3.225806e-02
31586: 1.892045e+00 1.645833e+00 1.570076e+00 6.761364e-01 1.837121e-01 3.219697e-02
31586: 1.890359e+00 1.642722e+00 1.572779e+00 6.786389e-01 1.833648e-01 3.213611e-02
31586: 1.890566e+00 1.641509e+00 1.569811e+00 6.830189e-01 1.830189e-01 3.207547e-02
31586: 1.890772e+00 1.644068e+00 1.568738e+00 6.817326e-01 1.826742e-01 3.201507e-02
31586: 1.890977e+00 1.642857e+00 1.569549e+00 6.823308e-01 1.823308e-01 3.195489e-02
31586: 1.889306e+00 1.645403e+00 1.570356e+00 6.810507e-01 1.819887e-01 3.189493e-02
31586: 1.891386e+00 1.644195e+00 1.567416e+00 6.816479e-01 1.835206e-01 3.183521e-02
31586: 1.893458e+00 1.644860e+00 1.566355e+00 6.803738e-01 1.831776e-01 3.177570e-02
31586: 1.893657e+00 1.643657e+00 1.567164e+00 6.809701e-01 1.828358e-01 3.171642e-02
31586: 1.893855e+00 1.646182e+00 1.566108e+00 6.797020e-01 1.824953e-01 3.165736e-02
31586: 1.892193e+00 1.644981e+00 1.568773e+00 6.802974e-01 1.821561e-01 3.159851e-02
31586: 1.892393e+00 1.645640e+00 1.569573e+00 6.790353e-01 1.818182e-01 3.153989e-02
31586: 1.890741e+00 1.646296e+00 1.568519e+00 6.814815e-01 1.814815e-01 3.148148e-02
31586: 1.890943e+00 1.646950e+00 1.569316e+00 6.802218e-01 1.811460e-01 3.142329e-02
31586: 1.889299e+00 1.647601e+00 1.568266e+00 6.826568e-01 1.808118e-01 3.136531e-02
31586: 1.893186e+00 1.646409e+00 1.567219e+00 6.813996e-01 1.804788e-01 3.130755e-02
31586: 1.891544e+00 1.645221e+00 1.569853e+00 6.801471e-01 1.819853e-01 3.125000e-02
31586: 1.891743e+00 1.644037e+00 1.570642e+00 6.807339e-01 1.816514e-01 3.119266e-02
31586: 1.891941e+00 1.644689e+00 1.567766e+00 6.831502e-01 1.813187e-01 3.113553e-02
31586: 1.892139e+00 1.645338e+00 1.568556e+00 6.819013e-01 1.809872e-01 3.107861e-02
31586: 1.892336e+00 1.644161e+00 1.567518e+00 6.843066e-01 1.806569e-01 3.102190e-02
31586: 1.890710e+00 1.644809e+00 1.570128e+00 6.830601e-01 1.803279e-01 3.096539e-02
31586: 1.890909e+00 1.641818e+00 1.570909e+00 6.836364e-01 1.818182e-01 3.090909e-02
31586: 1.891107e+00 1.644283e+00 1.568058e+00 6.842105e-01 1.814882e-01 3.085299e-02
31586: 1.891304e+00 1.643116e+00 1.568841e+00 6.829710e-01 1.829710e-01 3.079710e-02
31586: 1.889693e+00 1.645570e+00 1.567812e+00 6.835443e-01 1.826401e-01 3.074141e-02
31586: 1.889892e+00 1.644404e+00 1.568592e+00 6.841155e-01 1.823105e-01 3.068592e-02
31586: 1.888288e+00 1.645045e+00 1.569369e+00 6.846847e-01 1.819820e-01 3.063063e-02
31586: 1.890288e+00 1.645683e+00 1.568345e+00 6.834532e-01 1.816547e-01 3.057554e-02
31586: 1.890485e+00 1.646320e+00 1.569120e+00 6.822262e-01 1.813285e-01 3.052065e-02
31586: 1.888889e+00 1.648746e+00 1.568100e+00 6.827957e-01 1.810036e-01 3.046595e-02
31586: 1.890877e+00 1.647585e+00 1.567084e+00 6.815742e-01 1.824687e-01 3.041145e-02
31586: 1.889286e+00 1.648214e+00 1.569643e+00 6.803571e-01 1.821429e-01 3.035714e-02
31586: 1.889483e+00 1.648841e+00 1.568627e+00 6.809269e-01 1.818182e-01 3.030303e-02
31586: 1.887900e+00 1.647687e+00 1.569395e+00 6.814947e-01 1.832740e-01 3.024911e-02
31586: 1.889876e+00 1.646536e+00 1.570160e+00 6.802842e-01 1.829485e-01 3.019538e-02
31586: 1.890071e+00 1.645390e+00 1.570922e+00 6.808511e-01 1.826241e-01 3.014184e-02
31586: 1.890265e+00 1.646018e+00 1.569912e+00 6.814159e-01 1.823009e-01 3.008850e-02
31586: 1.888693e+00 1.644876e+00 1.572438e+00 6.819788e-01 1.819788e-01 3.003534e-02
31586: 1.888889e+00 1.643739e+00 1.573192e+00 6.825397e-01 1.816578e-01 2.998236e-02
31586: 1.887324e+00 1.646127e+00 1.570423e+00 6.830986e-01 1.830986e-01 2.992958e-02
31586: 1.887522e+00 1.644991e+00 1.569420e+00 6.836555e-01 1.845343e-01 2.987698e-02
31586: 1.885965e+00 1.645614e+00 1.570175e+00 6.842105e-01 1.842105e-01 2.982456e-02
31586: 1.889667e+00 1.644483e+00 1.567426e+00 6.847636e-01 1.838879e-01 2.977233e-02
31586: 1.889860e+00 1.645105e+00 1.568182e+00 6.835664e-01 1.835664e-01 2.972028e-02
31586: 1.888307e+00 1.643979e+00 1.567190e+00 6.876091e-01 1.832461e-01 2.966841e-02
31586: 1.888502e+00 1.646341e+00 1.566202e+00 6.864111e-01 1.829268e-01 2.961672e-02
31586: 1.886957e+00 1.646957e+00 1.568696e+00 6.852174e-01 1.826087e-01 2.956522e-02
31586: 1.887153e+00 1.645833e+00 1.571181e+00 6.840278e-01 1.822917e-01 2.951389e-02
31586: 1.887348e+00 1.646447e+00 1.570191e+00 6.845754e-01 1.819757e-01 2.946274e-02
31586: 1.887543e+00 1.643599e+00 1.570934e+00 6.868512e-01 1.816609e-01 2.941176e-02
31586: 1.886010e+00 1.647668e+00 1.568221e+00 6.873921e-01 1.813472e-01 2.936097e-02
31586: 1.886207e+00 1.646552e+00 1.568966e+00 6.879310e-01 1.810345e-01 2.931034e-02
31586: 1.886403e+00 1.645439e+00 1.569707e+00 6.884682e-01 1.807229e-01 2.925990e-02
31586: 1.884880e+00 1.647766e+00 1.570447e+00 6.872852e-01 1.804124e-01 2.920962e-02
31586: 1.885077e+00 1.648370e+00 1.569468e+00 6.878216e-01 1.801029e-01 2.915952e-02
31586: 1.883562e+00 1.647260e+00 1.571918e+00 6.883562e-01 1.797945e-01 2.910959e-02
31586: 1.883761e+00 1.647863e+00 1.569231e+00 6.905983e-01 1.794872e-01 2.905983e-02
31586: 1.882253e+00 1.646758e+00 1.571672e+00 6.911263e-01 1.791809e-01 2.901024e-02
31586: 1.884157e+00 1.647359e+00 1.568995e+00 6.916525e-01 1.788756e-01 2.896082e-02
31586: 1.886054e+00 1.646259e+00 1.569728e+00 6.904762e-01 1.785714e-01 2.891156e-02
31586: 1.884550e+00 1.645161e+00 1.572156e+00 6.893039e-01 1.799660e-01 2.886248e-02
31586: 1.883051e+00 1.642373e+00 1.574576e+00 6.915254e-01 1.796610e-01 2.881356e-02
31586: 1.884941e+00 1.641286e+00 1.571912e+00 6.937394e-01 1.793570e-01 2.876481e-02
31586: 1.885135e+00 1.641892e+00 1.570946e+00 6.942568e-01 1.790541e-01 2.871622e-02
31586: 1.883642e+00 1.639123e+00 1.573356e+00 6.964587e-01 1.787521e-01 2.866779e-02
31586: 1.883838e+00 1.639731e+00 1.570707e+00 6.969697e-01 1.801347e-01 2.861953e-02
31586: 1.882353e+00 1.640336e+00 1.569748e+00 6.991597e-01 1.798319e-01 2.857143e-02
31586: 1.882550e+00 1.640940e+00 1.568792e+00 6.979866e-01 1.812081e-01 2.852349e-02
31586: 1.884422e+00 1.639866e+00 1.569514e+00 6.968174e-01 1.809045e-01 2.847571e-02
31586: 1.884615e+00 1.640468e+00 1.570234e+00 6.956522e-01 1.806020e-01 2.842809e-02
31586: 1.883139e+00 1.639399e+00 1.569282e+00 6.994992e-01 1.803005e-01 2.838063e-02
31586: 1.883333e+00 1.638333e+00 1.570000e+00 7.000000e-01 1.800000e-01 2.833333e-02
31586: 1.881864e+00 1.640599e+00 1.569052e+00 7.004992e-01 1.797005e-01 2.828619e-02
31586: 1.882060e+00 1.639535e+00 1.569767e+00 6.993355e-01 1.810631e-01 2.823920e-02
31586: 1.880597e+00 1.641791e+00 1.568823e+00 6.981758e-01 1.824212e-01 2.819237e-02
31586: 1.884106e+00 1.639073e+00 1.569536e+00 6.970199e-01 1.821192e-01 2.814570e-02
31586: 1.882645e+00 1.639669e+00 1.571901e+00 6.958678e-01 1.818182e-01 2.809917e-02
31586: 1.881188e+00 1.638614e+00 1.572607e+00 6.980198e-01 1.815182e-01 2.805281e-02
31586: 1.881384e+00 1.639209e+00 1.570016e+00 7.001647e-01 1.812191e-01 2.800659e-02
31586: 1.881579e+00 1.639803e+00 1.569079e+00 7.006579e-01 1.809211e-01 2.796053e-02
31586: 1.881773e+00 1.638752e+00 1.569787e+00 7.011494e-01 1.806240e-01 2.791461e-02
31586: 1.880328e+00 1.639344e+00 1.570492e+00 7.000000e-01 1.819672e-01 2.786885e-02
31586: 1.878887e+00 1.639935e+00 1.569558e+00 7.021277e-01 1.816694e-01 2.782324e-02
31586: 1.880719e+00 1.638889e+00 1.570261e+00 7.009804e-01 1.813725e-01 2.777778e-02
31586: 1.879282e+00 1.641109e+00 1.567700e+00 7.014682e-01 1.827080e-01 2.773246e-02
31586: 1.877850e+00 1.641694e+00 1.570033e+00 7.003257e-01 1.824104e-01 2.768730e-02
31586: 1.878049e+00 1.640650e+00 1.570732e+00 7.008130e-01 1.821138e-01 2.764228e-02
31586: 1.876623e+00 1.641234e+00 1.569805e+00 7.029221e-01 1.818182e-01 2.759740e-02
31586: 1.875203e+00 1.643436e+00 1.568882e+00 7.034036e-01 1.815235e-01 2.755267e-02
31586: 1.875405e+00 1.642395e+00 1.567961e+00 7.022654e-01 1.844660e-01 2.750809e-02
31586: 1.875606e+00 1.642973e+00 1.568659e+00 7.011309e-01 1.841680e-01 2.746365e-02
31586: 1.874194e+00 1.641935e+00 1.569355e+00 7.016129e-01 1.854839e-01 2.741935e-02
31586: 1.876006e+00 1.640902e+00 1.568438e+00 7.004831e-01 1.867955e-01 2.737520e-02
31586: 1.874598e+00 1.643087e+00 1.567524e+00 7.009646e-01 1.864952e-01 2.733119e-02
31586: 1.878010e+00 1.642055e+00 1.566613e+00 6.998395e-01 1.861958e-01 2.728732e-02
31586: 1.876603e+00 1.642628e+00 1.567308e+00 7.003205e-01 1.858974e-01 2.724359e-02
31586: 1.876800e+00 1.643200e+00 1.566400e+00 7.008000e-01 1.856000e-01 2.720000e-02
31586: 1.876997e+00 1.642173e+00 1.568690e+00 6.996805e-01 1.853035e-01 2.715655e-02
31586: 1.877193e+00 1.642743e+00 1.567783e+00 7.001595e-01 1.850080e-01 2.711324e-02
31586: 1.875796e+00 1.641720e+00 1.570064e+00 7.006369e-01 1.847134e-01 2.707006e-02
31586: 1.875994e+00 1.642289e+00 1.567568e+00 7.027027e-01 1.844197e-01 2.702703e-02
31586: 1.876190e+00 1.642857e+00 1.568254e+00 7.015873e-01 1.841270e-01 2.698413e-02
31586: 1.876387e+00 1.641838e+00 1.567353e+00 7.020602e-01 1.854200e-01 2.694136e-02
31586: 1.876582e+00 1.642405e+00 1.568038e+00 7.009494e-01 1.851266e-01 2.689873e-02
31586: 1.876777e+00 1.642970e+00 1.567141e+00 7.014218e-01 1.848341e-01 2.685624e-02
31586: 1.875394e+00 1.641956e+00 1.569401e+00 7.018927e-01 1.845426e-01 2.681388e-02
31586: 1.874016e+00 1.642520e+00 1.570079e+00 7.023622e-01 1.842520e-01 2.677165e-02
31586: 1.875786e+00 1.641509e+00 1.567610e+00 7.028302e-01 1.855346e-01 2.672956e-02
31586: 1.874411e+00 1.643642e+00 1.566719e+00 7.017268e-01 1.868132e-01 2.668760e-02
31586: 1.876176e+00 1.642633e+00 1.565831e+00 7.021944e-01 1.865204e-01 2.664577e-02
31586: 1.876369e+00 1.644757e+00 1.564945e+00 7.010955e-01 1.862285e-01 2.660407e-02
31586: 1.875000e+00 1.645312e+00 1.565625e+00 7.000000e-01 1.875000e-01 2.656250e-02
31586: 1.876755e+00 1.644306e+00 1.566303e+00 6.989080e-01 1.872075e-01 2.652106e-02
31586: 1.875389e+00 1.646417e+00 1.565421e+00 6.978193e-01 1.884735e-01 2.647975e-02
31586: 1.874028e+00 1.646967e+00 1.566096e+00 6.967341e-01 1.897356e-01 2.643857e-02
31586: 1.875776e+00 1.645963e+00 1.565217e+00 6.956522e-01 1.909938e-01 2.639752e-02
31586: 1.877519e+00 1.646512e+00 1.564341e+00 6.945736e-01 1.906977e-01 2.635659e-02
31586: 1.876161e+00 1.648607e+00 1.565015e+00 6.934985e-01 1.904025e-01 2.631579e-02
31586: 1.876352e+00 1.649150e+00 1.565688e+00 6.924266e-01 1.901082e-01 2.627512e-02
31586: 1.875000e+00 1.648148e+00 1.566358e+00 6.929012e-01 1.913580e-01 2.623457e-02
31586: 1.875193e+00 1.648690e+00 1.567026e+00 6.918336e-01 1.910632e-01 2.619414e-02
31586: 1.873846e+00 1.649231e+00 1.566154e+00 6.923077e-01 1.923077e-01 2.615385e-02
31586: 1.875576e+00 1.649770e+00 1.565284e+00 6.912442e-01 1.920123e-01 2.611367e-02
31586: 1.874233e+00 1.648773e+00 1.565951e+00 6.917178e-01 1.932515e-01 2.607362e-02
31586: 1.872894e+00 1.649311e+00 1.566616e+00 6.906585e-01 1.944870e-01 2.603369e-02
31586: 1.873089e+00 1.649847e+00 1.567278e+00 6.896024e-01 1.941896e-01 2.599388e-02
31586: 1.871756e+00 1.648855e+00 1.566412e+00 6.931298e-01 1.938931e-01 2.595420e-02
31586: 1.873476e+00 1.647866e+00 1.565549e+00 6.935976e-01 1.935976e-01 2.591463e-02
31586: 1.872146e+00 1.651446e+00 1.564688e+00 6.925419e-01 1.933029e-01 2.587519e-02
31586: 1.873860e+00 1.651976e+00 1.563830e+00 6.914894e-01 1.930091e-01 2.583587e-02
31586: 1.874052e+00 1.650986e+00 1.566009e+00 6.904401e-01 1.927162e-01 2.579666e-02
31586: 1.874242e+00 1.650000e+00 1.566667e+00 6.893939e-01 1.939394e-01 2.575758e-02
31586: 1.872920e+00 1.652042e+00 1.567322e+00 6.883510e-01 1.936460e-01 2.571861e-02
31586: 1.873112e+00 1.651057e+00 1.567976e+00 6.888218e-01 1.933535e-01 2.567976e-02
31586: 1.873303e+00 1.651584e+00 1.568627e+00 6.877828e-01 1.930618e-01 2.564103e-02
31586: 1.871988e+00 1.650602e+00 1.567771e+00 6.912651e-01 1.927711e-01 2.560241e-02
31586: 1.873684e+00 1.648120e+00 1.569925e+00 6.902256e-01 1.924812e-01 2.556391e-02
31586: 1.875375e+00 1.648649e+00 1.569069e+00 6.891892e-01 1.921922e-01 2.552553e-02
31586: 1.877061e+00 1.646177e+00 1.571214e+00 6.881559e-01 1.919040e-01 2.548726e-02
31586: 1.877246e+00 1.648204e+00 1.568862e+00 6.886228e-01 1.916168e-01 2.544910e-02
31586: 1.875934e+00 1.648729e+00 1.571001e+00 6.875934e-01 1.913303e-01 2.541106e-02
31586: 1.877612e+00 1.647761e+00 1.568657e+00 6.895522e-01 1.910448e-01 2.537313e-02
31586: 1.876304e+00 1.649776e+00 1.569300e+00 6.885246e-01 1.907601e-01 2.533532e-02
31586: 1.876488e+00 1.648810e+00 1.571429e+00 6.875000e-01 1.904762e-01 2.529762e-02
31586: 1.875186e+00 1.650817e+00 1.569094e+00 6.894502e-01 1.901932e-01 2.526003e-02
31586: 1.876855e+00 1.651335e+00 1.568249e+00 6.884273e-01 1.899110e-01 2.522255e-02
31586: 1.877037e+00 1.650370e+00 1.570370e+00 6.874074e-01 1.896296e-01 2.518519e-02
31586: 1.877219e+00 1.649408e+00 1.571006e+00 6.878698e-01 1.893491e-01 2.514793e-02
31586: 1.877400e+00 1.649926e+00 1.570162e+00 6.883309e-01 1.890694e-01 2.511078e-02
31586: 1.876106e+00 1.650442e+00 1.569322e+00 6.887906e-01 1.887906e-01 2.654867e-02
31586: 1.876289e+00 1.649485e+00 1.569956e+00 6.892489e-01 1.885125e-01 2.650957e-02
31586: 1.877941e+00 1.648529e+00 1.570588e+00 6.882353e-01 1.882353e-01 2.647059e-02
31586: 1.876652e+00 1.650514e+00 1.568282e+00 6.886931e-01 1.894273e-01 2.643172e-02
31586: 1.878299e+00 1.651026e+00 1.567449e+00 6.876833e-01 1.891496e-01 2.639296e-02
31586: 1.878477e+00 1.651537e+00 1.568082e+00 6.866764e-01 1.888726e-01 2.635432e-02
31586: 1.877193e+00 1.652047e+00 1.568713e+00 6.871345e-01 1.885965e-01 2.631579e-02
31586: 1.878832e+00 1.651095e+00 1.569343e+00 6.861314e-01 1.883212e-01 2.627737e-02
31586: 1.877551e+00 1.653061e+00 1.569971e+00 6.851312e-01 1.880466e-01 2.623907e-02
31586: 1.876274e+00 1.655022e+00 1.570597e+00 6.841339e-01 1.877729e-01 2.620087e-02
31586: 1.876453e+00 1.652616e+00 1.572674e+00 6.845930e-01 1.875000e-01 2.616279e-02
31586: 1.875181e+00 1.653120e+00 1.573295e+00 6.850508e-01 1.872279e-01 2.612482e-02
31586: 1.875362e+00 1.655072e+00 1.571014e+00 6.855072e-01 1.869565e-01 2.608696e-02
31586: 1.875543e+00 1.654124e+00 1.570188e+00 6.859624e-01 1.881331e-01 2.604920e-02
31586: 1.877168e+00 1.654624e+00 1.567919e+00 6.864162e-01 1.878613e-01 2.601156e-02
31586: 1.877345e+00 1.655123e+00 1.568543e+00 6.854257e-01 1.875902e-01 2.597403e-02
31586: 1.877522e+00 1.655620e+00 1.567723e+00 6.858790e-01 1.873199e-01 2.593660e-02
31586: 1.877698e+00 1.653237e+00 1.571223e+00 6.848921e-01 1.870504e-01 2.589928e-02
31586: 1.876437e+00 1.655172e+00 1.568966e+00 6.867816e-01 1.867816e-01 2.586207e-02
31586: 1.875179e+00 1.657102e+00 1.569584e+00 6.857963e-01 1.865136e-01 2.582496e-02
31586: 1.875358e+00 1.656160e+00 1.568768e+00 6.862464e-01 1.876791e-01 2.578797e-02
31586: 1.874106e+00 1.658083e+00 1.567954e+00 6.852647e-01 1.888412e-01 2.575107e-02
31586: 1.874286e+00 1.655714e+00 1.570000e+00 6.857143e-01 1.885714e-01 2.571429e-02
31586: 1.873039e+00 1.659058e+00 1.567760e+00 6.861626e-01 1.883024e-01 2.567760e-02
31586: 1.874644e+00 1.658120e+00 1.568376e+00 6.851852e-01 1.880342e-01 2.564103e-02
31586: 1.873400e+00 1.657183e+00 1.570413e+00 6.842105e-01 1.891892e-01 2.560455e-02
31586: 1.872159e+00 1.657670e+00 1.571023e+00 6.846591e-01 1.889205e-01 2.556818e-02
31586: 1.873759e+00 1.656738e+00 1.568794e+00 6.851064e-01 1.900709e-01 2.553191e-02
31586: 1.872521e+00 1.658640e+00 1.567989e+00 6.855524e-01 1.898017e-01 2.549575e-02
31586: 1.872702e+00 1.659123e+00 1.567185e+00 6.859972e-01 1.895332e-01 2.545969e-02
31586: 1.872881e+00 1.658192e+00 1.569209e+00 6.850282e-01 1.892655e-01 2.542373e-02
31586: 1.871650e+00 1.658674e+00 1.571227e+00 6.840621e-01 1.889986e-01 2.538787e-02
31586: 1.873239e+00 1.656338e+00 1.570423e+00 6.845070e-01 1.901408e-01 2.535211e-02
31586: 1.873418e+00 1.656821e+00 1.569620e+00 6.849508e-01 1.898734e-01 2.531646e-02
31586: 1.873596e+00 1.655899e+00 1.570225e+00 6.853933e-01 1.896067e-01 2.528090e-02
31586: 1.873773e+00 1.656381e+00 1.568022e+00 6.872370e-01 1.893408e-01 2.524544e-02
31586: 1.872549e+00 1.655462e+00 1.571429e+00 6.862745e-01 1.890756e-01 2.521008e-02
31586: 1.871329e+00 1.654545e+00 1.572028e+00 6.867133e-01 1.902098e-01 2.517483e-02
31586: 1.871508e+00 1.653631e+00 1.569832e+00 6.885475e-01 1.913408e-01 2.513966e-02
31586: 1.873082e+00 1.654114e+00 1.569038e+00 6.875872e-01 1.910739e-01 2.510460e-02
31586: 1.873259e+00 1.653203e+00 1.571031e+00 6.866295e-01 1.908078e-01 2.506964e-02
31586: 1.873435e+00 1.653686e+00 1.568846e+00 6.884562e-01 1.905424e-01 2.503477e-02
31586: 1.873611e+00 1.654167e+00 1.569444e+00 6.875000e-01 1.902778e-01 2.500000e-02
31586: 1.872399e+00 1.653259e+00 1.571429e+00 6.879334e-01 1.900139e-01 2.496533e-02
31586: 1.871191e+00 1.653740e+00 1.569252e+00 6.897507e-01 1.911357e-01 2.493075e-02
31586: 1.871369e+00 1.654219e+00 1.569848e+00 6.887967e-01 1.908714e-01 2.489627e-02
31586: 1.870166e+00 1.653315e+00 1.571823e+00 6.892265e-01 1.906077e-01 2.486188e-02
31586: 1.870345e+00 1.653793e+00 1.571034e+00 6.896552e-01 1.903448e-01 2.482759e-02
31586: 1.869146e+00 1.652893e+00 1.573003e+00 6.900826e-01 1.900826e-01 2.479339e-02
31586: 1.867950e+00 1.651994e+00 1.574966e+00 6.905089e-01 1.898212e-01 2.475928e-02
31586: 1.868132e+00 1.651099e+00 1.572802e+00 6.923077e-01 1.909341e-01 2.472527e-02
31586: 1.866941e+00 1.652949e+00 1.572016e+00 6.927298e-01 1.906722e-01 2.469136e-02
31586: 1.869863e+00 1.650685e+00 1.571233e+00 6.931507e-01 1.904110e-01 2.465753e-02
31586: 1.871409e+00 1.651163e+00 1.569083e+00 6.935705e-01 1.901505e-01 2.462380e-02
31586: 1.871585e+00 1.651639e+00 1.569672e+00 6.926230e-01 1.898907e-01 2.459016e-02
31586: 1.870396e+00 1.652115e+00 1.570259e+00 6.930423e-01 1.896317e-01 2.455662e-02
31586: 1.871935e+00 1.652589e+00 1.568120e+00 6.934605e-01 1.893733e-01 2.452316e-02
31586: 1.870748e+00 1.653061e+00 1.570068e+00 6.925170e-01 1.891156e-01 2.448980e-02
31586: 1.870924e+00 1.652174e+00 1.569293e+00 6.929348e-01 1.888587e-01 2.581522e-02
31586: 1.869742e+00 1.652646e+00 1.569878e+00 6.933514e-01 1.886024e-01 2.578019e-02
31586: 1.868564e+00 1.651762e+00 1.573171e+00 6.924119e-01 1.883469e-01 2.574526e-02
31586: 1.870095e+00 1.650880e+00 1.571042e+00 6.941813e-01 1.880920e-01 2.571042e-02
31586: 1.870270e+00 1.652703e+00 1.568919e+00 6.945946e-01 1.878378e-01 2.567568e-02
31586: 1.870445e+00 1.653171e+00 1.569501e+00 6.936572e-01 1.875843e-01 2.564103e-02
31586: 1.869272e+00 1.652291e+00 1.568733e+00 6.967655e-01 1.873315e-01 2.560647e-02
31586: 1.869448e+00 1.651413e+00 1.567968e+00 6.971736e-01 1.884253e-01 2.557201e-02
31586: 1.869624e+00 1.651882e+00 1.567204e+00 6.975806e-01 1.881720e-01 2.553763e-02
31586: 1.868456e+00 1.652349e+00 1.567785e+00 6.966443e-01 1.892617e-01 2.550336e-02
31586: 1.869973e+00 1.650134e+00 1.569705e+00 6.957105e-01 1.890080e-01 2.546917e-02
31586: 1.868809e+00 1.650602e+00 1.571620e+00 6.947791e-01 1.887550e-01 2.543507e-02
31586: 1.868984e+00 1.649733e+00 1.570856e+00 6.965241e-01 1.885027e-01 2.540107e-02
31586: 1.869159e+00 1.650200e+00 1.570093e+00 6.969292e-01 1.882510e-01 2.536716e-02
31586: 1.868000e+00 1.649333e+00 1.572000e+00 6.973333e-01 1.880000e-01 2.533333e-02
31586: 1.869507e+00 1.647137e+00 1.571238e+00 6.990679e-01 1.877497e-01 2.529960e-02
31586: 1.871011e+00 1.646277e+00 1.570479e+00 6.994681e-01 1.875000e-01 2.526596e-02
31586: 1.871182e+00 1.648074e+00 1.568393e+00 6.998672e-01 1.872510e-01 2.523240e-02
31586: 1.871353e+00 1.647215e+00 1.570292e+00 6.989390e-01 1.870027e-01 2.519894e-02
31586: 1.871523e+00 1.647682e+00 1.569536e+00 6.993377e-01 1.867550e-01 2.516556e-02
31586: 1.870370e+00 1.649471e+00 1.570106e+00 6.984127e-01 1.865079e-01 2.513228e-02
31586: 1.870542e+00 1.648613e+00 1.569353e+00 6.988111e-01 1.875826e-01 2.509908e-02
31586: 1.869393e+00 1.650396e+00 1.568602e+00 6.992084e-01 1.873351e-01 2.506596e-02
31586: 1.868248e+00 1.652174e+00 1.567852e+00 6.996047e-01 1.870883e-01 2.503294e-02
31586: 1.869737e+00 1.651316e+00 1.568421e+00 6.986842e-01 1.868421e-01 2.500000e-02
31586: 1.868594e+00 1.651774e+00 1.570302e+00 6.977661e-01 1.865966e-01 2.496715e-02
31586: 1.868766e+00 1.653543e+00 1.568241e+00 6.981627e-01 1.863517e-01 2.493438e-02
31586: 1.867628e+00 1.653997e+00 1.568807e+00 6.985583e-01 1.861075e-01 2.490170e-02
31586: 1.867801e+00 1.653141e+00 1.570681e+00 6.976440e-01 1.858639e-01 2.486911e-02
31586: 1.867974e+00 1.652288e+00 1.571242e+00 6.980392e-01 1.856209e-01 2.483660e-02
31586: 1.866841e+00 1.651436e+00 1.571802e+00 6.997389e-01 1.853786e-01 2.480418e-02
31586: 1.865711e+00 1.653194e+00 1.571056e+00 7.001304e-01 1.851369e-01 2.477184e-02
31586: 1.865885e+00 1.653646e+00 1.569010e+00 7.005208e-01 1.861979e-01 2.473958e-02
31586: 1.864759e+00 1.652796e+00 1.569571e+00 6.996099e-01 1.885566e-01 2.470741e-02
31586: 1.866234e+00 1.651948e+00 1.570130e+00 6.987013e-01 1.883117e-01 2.467532e-02
31586: 1.865110e+00 1.652399e+00 1.570687e+00 6.990921e-01 1.880674e-01 2.464332e-02
31586: 1.865285e+00 1.651554e+00 1.571244e+00 6.994819e-01 1.878238e-01 2.461140e-02
31586: 1.864166e+00 1.652005e+00 1.571798e+00 6.998706e-01 1.875809e-01 2.457956e-02
31586: 1.864341e+00 1.652455e+00 1.571059e+00 7.002584e-01 1.873385e-01 2.454780e-02
31586: 1.863226e+00 1.652903e+00 1.571613e+00 7.006452e-01 1.870968e-01 2.451613e-02
31586: 1.862113e+00 1.652062e+00 1.570876e+00 7.023196e-01 1.881443e-01 2.448454e-02
31586: 1.862291e+00 1.651223e+00 1.571429e+00 7.027027e-01 1.879022e-01 2.445302e-02
31586: 1.862468e+00 1.651671e+00 1.569409e+00 7.030848e-01 1.889460e-01 2.442159e-02
31586: 1.861361e+00 1.650834e+00 1.571245e+00 7.021823e-01 1.899872e-01 2.439024e-02
31586: 1.860256e+00 1.652564e+00 1.569231e+00 7.025641e-01 1.897436e-01 2.564103e-02
31586: 1.861716e+00 1.651729e+00 1.569782e+00 7.016645e-01 1.895006e-01 2.560819e-02
31586: 1.860614e+00 1.653453e+00 1.570332e+00 7.007673e-01 1.892583e-01 2.557545e-02
31586: 1.859515e+00 1.655172e+00 1.568327e+00 7.011494e-01 1.902937e-01 2.554278e-02
31586: 1.859694e+00 1.654337e+00 1.567602e+00 7.002551e-01 1.926020e-01 2.551020e-02
31586: 1.859873e+00 1.656051e+00 1.566879e+00 6.993631e-01 1.923567e-01 2.547771e-02
31586: 1.860051e+00 1.655216e+00 1.568702e+00 6.984733e-01 1.921120e-01 2.544529e-02
31586: 1.860229e+00 1.655654e+00 1.569250e+00 6.975858e-01 1.918679e-01 2.541296e-02
31586: 1.861675e+00 1.654822e+00 1.568528e+00 6.979695e-01 1.916244e-01 2.538071e-02
31586: 1.863118e+00 1.655260e+00 1.567807e+00 6.970849e-01 1.913815e-01 2.534854e-02
31586: 1.864557e+00 1.654430e+00 1.568354e+00 6.962025e-01 1.911392e-01 2.531646e-02
31586: 1.864728e+00 1.654867e+00 1.567636e+00 6.953224e-01 1.908976e-01 2.654867e-02
31586: 1.863636e+00 1.654040e+00 1.569444e+00 6.957071e-01 1.906566e-01 2.651515e-02
31586: 1.862547e+00 1.655738e+00 1.568726e+00 6.960908e-01 1.904161e-01 2.648172e-02
31586: 1.865239e+00 1.654912e+00 1.568010e+00 6.952141e-01 1.901763e-01 2.644836e-02
31586: 1.865409e+00 1.656604e+00 1.567296e+00 6.943396e-01 1.899371e-01 2.641509e-02
31586: 1.865578e+00 1.655779e+00 1.569095e+00 6.934673e-01 1.896985e-01 2.638191e-02
31586: 1.864492e+00 1.657465e+00 1.568381e+00 6.925972e-01 1.907152e-01 2.634881e-02
31586: 1.863409e+00 1.657895e+00 1.567669e+00 6.942356e-01 1.904762e-01 2.631579e-02
31586: 1.866083e+00 1.657071e+00 1.566959e+00 6.933667e-01 1.902378e-01 2.628285e-02
31586: 1.866250e+00 1.657500e+00 1.566250e+00 6.937500e-01 1.900000e-01 2.625000e-02
31586: 1.865169e+00 1.656679e+00 1.569288e+00 6.928839e-01 1.897628e-01 2.621723e-02
31586: 1.867830e+00 1.655860e+00 1.568579e+00 6.920200e-01 1.895262e-01 2.618454e-02
31586: 1.869240e+00 1.656289e+00 1.567870e+00 6.911582e-01 1.892902e-01 2.615193e-02
31586: 1.868159e+00 1.655473e+00 1.568408e+00 6.927861e-01 1.890547e-01 2.611940e-02
31586: 1.869565e+00 1.655901e+00 1.567702e+00 6.919255e-01 1.888199e-01 2.608696e-02
31586: 1.869727e+00 1.656328e+00 1.568238e+00 6.910670e-01 1.885856e-01 2.605459e-02
31586: 1.869888e+00 1.655514e+00 1.568773e+00 6.914498e-01 1.883519e-01 2.602230e-02
31586: 1.868812e+00 1.655941e+00 1.570545e+00 6.905941e-01 1.881188e-01 2.599010e-02
31586: 1.868974e+00 1.656366e+00 1.569839e+00 6.909765e-01 1.878863e-01 2.595797e-02
31586: 1.867901e+00 1.656790e+00 1.570370e+00 6.913580e-01 1.876543e-01 2.592593e-02
31586: 1.866831e+00 1.659679e+00 1.568434e+00 6.917386e-01 1.874229e-01 2.589396e-02
31586: 1.866995e+00 1.658867e+00 1.570197e+00 6.908867e-01 1.871921e-01 2.586207e-02
31586: 1.867159e+00 1.659287e+00 1.569496e+00 6.912669e-01 1.869619e-01 2.583026e-02
31586: 1.867322e+00 1.659705e+00 1.570025e+00 6.904177e-01 1.867322e-01 2.579853e-02
31586: 1.866258e+00 1.660123e+00 1.569325e+00 6.920245e-01 1.865031e-01 2.576687e-02
31586: 1.867647e+00 1.658088e+00 1.571078e+00 6.911765e-01 1.862745e-01 2.573529e-02
31586: 1.866585e+00 1.659731e+00 1.570379e+00 6.915545e-01 1.860465e-01 2.570379e-02
31586: 1.865526e+00 1.661369e+00 1.568460e+00 6.931540e-01 1.858191e-01 2.567237e-02
31586: 1.865690e+00 1.661783e+00 1.567766e+00 6.935287e-01 1.855922e-01 2.564103e-02
31586: 1.864634e+00 1.662195e+00 1.569512e+00 6.926829e-01 1.853659e-01 2.560976e-02
31586: 1.863581e+00 1.663825e+00 1.570037e+00 6.918392e-01 1.851401e-01 2.557856e-02
31586: 1.863747e+00 1.664234e+00 1.569343e+00 6.922141e-01 1.849148e-01 2.554745e-02
31586: 1.862697e+00 1.663426e+00 1.571081e+00 6.913730e-01 1.859052e-01 2.551640e-02
31586: 1.861650e+00 1.663835e+00 1.570388e+00 6.929612e-01 1.856796e-01 2.548544e-02
31586: 1.861818e+00 1.663030e+00 1.568485e+00 6.945455e-01 1.866667e-01 2.545455e-02
31586: 1.861985e+00 1.664649e+00 1.567797e+00 6.937046e-01 1.864407e-01 2.542373e-02
31586: 1.862152e+00 1.663845e+00 1.568319e+00 6.940750e-01 1.862152e-01 2.539299e-02
31586: 1.861111e+00 1.665459e+00 1.568841e+00 6.932367e-01 1.859903e-01 2.536232e-02
31586: 1.861279e+00 1.664656e+00 1.570567e+00 6.924005e-01 1.857660e-01 2.533172e-02
31586: 1.861446e+00 1.666265e+00 1.568675e+00 6.927711e-01 1.855422e-01 2.530120e-02
31586: 1.861613e+00 1.665463e+00 1.570397e+00 6.919374e-01 1.853189e-01 2.527076e-02
31586: 1.861779e+00 1.667067e+00 1.568510e+00 6.923077e-01 1.850962e-01 2.524038e-02
31586: 1.860744e+00 1.666267e+00 1.571429e+00 6.914766e-01 1.848739e-01 2.521008e-02
31586: 1.859712e+00 1.664269e+00 1.573141e+00 6.918465e-01 1.858513e-01 2.517986e-02
31586: 1.859880e+00 1.663473e+00 1.571257e+00 6.934132e-01 1.856287e-01 2.634731e-02
31586: 1.858852e+00 1.663876e+00 1.571770e+00 6.937799e-01 1.854067e-01 2.631579e-02
31586: 1.860215e+00 1.663082e+00 1.571087e+00 6.941458e-01 1.851852e-01 2.628435e-02
31586: 1.859189e+00 1.663484e+00 1.571599e+00 6.945107e-01 1.849642e-01 2.625298e-02
31586: 1.858164e+00 1.662694e+00 1.570918e+00 6.948749e-01 1.859356e-01 2.741359e-02
31586: 1.859524e+00 1.660714e+00 1.571429e+00 6.952381e-01 1.857143e-01 2.738095e-02
31586: 1.858502e+00 1.661118e+00 1.570749e+00 6.956005e-01 1.866825e-01 2.734839e-02
31586: 1.857482e+00 1.661520e+00 1.571259e+00 6.959620e-01 1.864608e-01 2.731591e-02
31586: 1.857651e+00 1.659549e+00 1.571767e+00 6.963227e-01 1.874259e-01 2.728351e-02
31586: 1.856635e+00 1.659953e+00 1.572275e+00 6.966825e-01 1.872038e-01 2.725118e-02
31586: 1.856805e+00 1.660355e+00 1.571598e+00 6.970414e-01 1.869822e-01 2.721893e-02
31586: 1.855792e+00 1.658392e+00 1.573286e+00 6.985816e-01 1.867612e-01 2.718676e-02
31586: 1.855962e+00 1.657615e+00 1.573790e+00 6.989374e-01 1.865407e-01 2.715466e-02
31586: 1.854953e+00 1.658019e+00 1.574292e+00 6.992925e-01 1.863208e-01 2.712264e-02
31586: 1.853946e+00 1.659600e+00 1.572438e+00 7.008245e-01 1.861013e-01 2.709069e-02
31586: 1.854118e+00 1.661176e+00 1.570588e+00 7.011765e-01 1.858824e-01 2.705882e-02
31586: 1.853114e+00 1.661575e+00 1.569918e+00 7.015276e-01 1.868390e-01 2.702703e-02
31586: 1.852113e+00 1.661972e+00 1.569249e+00 7.007042e-01 1.889671e-01 2.699531e-02
31586: 1.852286e+00 1.662368e+00 1.568581e+00 7.010551e-01 1.887456e-01 2.696366e-02
31586: 1.851288e+00 1.662763e+00 1.570258e+00 7.002342e-01 1.885246e-01 2.693208e-02
31586: 1.853801e+00 1.660819e+00 1.569591e+00 7.005848e-01 1.883041e-01 2.690058e-02
31586: 1.852804e+00 1.661215e+00 1.570093e+00 6.997664e-01 1.892523e-01 2.686916e-02
31586: 1.851809e+00 1.660443e+00 1.570595e+00 7.012835e-01 1.890315e-01 2.683781e-02
31586: 1.853147e+00 1.660839e+00 1.568765e+00 7.016317e-01 1.888112e-01 2.680653e-02
31586: 1.852154e+00 1.658906e+00 1.570431e+00 7.031432e-01 1.885914e-01 2.677532e-02
31586: 1.852326e+00 1.658140e+00 1.569767e+00 7.046512e-01 1.883721e-01 2.674419e-02
31586: 1.853659e+00 1.658537e+00 1.569106e+00 7.038328e-01 1.881533e-01 2.671312e-02
31586: 1.852668e+00 1.658933e+00 1.570766e+00 7.030162e-01 1.879350e-01 2.668213e-02
31586: 1.851680e+00 1.660487e+00 1.570104e+00 7.033604e-01 1.877173e-01 2.665122e-02
31586: 1.853009e+00 1.659722e+00 1.569444e+00 7.037037e-01 1.875000e-01 2.662037e-02
31586: 1.852023e+00 1.660116e+00 1.569942e+00 7.028902e-01 1.884393e-01 2.658960e-02
31586: 1.851039e+00 1.659353e+00 1.572748e+00 7.020785e-01 1.882217e-01 2.655889e-02
31586: 1.851211e+00 1.658593e+00 1.572088e+00 7.035755e-01 1.880046e-01 2.652826e-02
31586: 1.851382e+00 1.658986e+00 1.571429e+00 7.039171e-01 1.877880e-01 2.649770e-02
31586: 1.850403e+00 1.658228e+00 1.570771e+00 7.065593e-01 1.875719e-01 2.646720e-02
31586: 1.850575e+00 1.658621e+00 1.570115e+00 7.068966e-01 1.873563e-01 2.643678e-02
31586: 1.850746e+00 1.657865e+00 1.569460e+00 7.072331e-01 1.871412e-01 2.755454e-02
31586: 1.850917e+00 1.659404e+00 1.568807e+00 7.064220e-01 1.869266e-01 2.752294e-02
31586: 1.851088e+00 1.658648e+00 1.570447e+00 7.056128e-01 1.867125e-01 2.749141e-02
31586: 1.851259e+00 1.659039e+00 1.568650e+00 7.059497e-01 1.864989e-01 2.860412e-02
31586: 1.850286e+00 1.659429e+00 1.569143e+00 7.051429e-01 1.874286e-01 2.857143e-02
31586: 1.849315e+00 1.659817e+00 1.570776e+00 7.043379e-01 1.872146e-01 2.853881e-02
31586: 1.849487e+00 1.659065e+00 1.570125e+00 7.046750e-01 1.881414e-01 2.850627e-02
31586: 1.849658e+00 1.660592e+00 1.568337e+00 7.050114e-01 1.879271e-01 2.847380e-02
31586: 1.848692e+00 1.660978e+00 1.568828e+00 7.053470e-01 1.877133e-01 2.844141e-02
31586: 1.848864e+00 1.661364e+00 1.568182e+00 7.045455e-01 1.886364e-01 2.840909e-02
31586: 1.849035e+00 1.660613e+00 1.568672e+00 7.048808e-01 1.884222e-01 2.837684e-02
31586: 1.848073e+00 1.662132e+00 1.569161e+00 7.040816e-01 1.882086e-01 2.834467e-02
31586: 1.849377e+00 1.661382e+00 1.568516e+00 7.032843e-01 1.879955e-01 2.944507e-02
31586: 1.848416e+00 1.661765e+00 1.569005e+00 7.036199e-01 1.877828e-01 2.941176e-02
31586: 1.849718e+00 1.659887e+00 1.569492e+00 7.028249e-01 1.887006e-01 2.937853e-02
31586: 1.851016e+00 1.660271e+00 1.568849e+00 7.020316e-01 1.884876e-01 2.934537e-02
31586: 1.851184e+00 1.659526e+00 1.569335e+00 7.012401e-01 1.894025e-01 2.931229e-02
31586: 1.850225e+00 1.659910e+00 1.570946e+00 7.004505e-01 1.891892e-01 2.927928e-02
31586: 1.849269e+00 1.660292e+00 1.570304e+00 7.007874e-01 1.901012e-01 2.924634e-02
31586: 1.849438e+00 1.659551e+00 1.569663e+00 7.022472e-01 1.898876e-01 2.921348e-02
31586: 1.849607e+00 1.659933e+00 1.570146e+00 7.014590e-01 1.896745e-01 2.918070e-02
31586: 1.849776e+00 1.660314e+00 1.568386e+00 7.029148e-01 1.894619e-01 2.914798e-02
31586: 1.848824e+00 1.659574e+00 1.569989e+00 7.021277e-01 1.892497e-01 3.023516e-02
31586: 1.850112e+00 1.659955e+00 1.569351e+00 7.013423e-01 1.890380e-01 3.020134e-02
31586: 1.850279e+00 1.659218e+00 1.570950e+00 7.005587e-01 1.888268e-01 3.016760e-02
31586: 1.849330e+00 1.659598e+00 1.570312e+00 7.008929e-01 1.897321e-01 3.013393e-02
31586: 1.850613e+00 1.658863e+00 1.569677e+00 7.012263e-01 1.895206e-01 3.010033e-02
31586: 1.849666e+00 1.661470e+00 1.569042e+00 7.004454e-01 1.893096e-01 3.006682e-02
31586: 1.849833e+00 1.660734e+00 1.568409e+00 7.007786e-01 1.902113e-01 3.003337e-02
31586: 1.848889e+00 1.661111e+00 1.568889e+00 7.000000e-01 1.900000e-01 3.111111e-02
31586: 1.847947e+00 1.661487e+00 1.569367e+00 7.003330e-01 1.897891e-01 3.107658e-02
31586: 1.849224e+00 1.660754e+00 1.569845e+00 6.995565e-01 1.895787e-01 3.104213e-02
31586: 1.849391e+00 1.661130e+00 1.570321e+00 6.987818e-01 1.893688e-01 3.100775e-02
31586: 1.848451e+00 1.661504e+00 1.569690e+00 7.002212e-01 1.891593e-01 3.097345e-02
31586: 1.848619e+00 1.661878e+00 1.570166e+00 6.994475e-01 1.889503e-01 3.093923e-02
31586: 1.848786e+00 1.661148e+00 1.568433e+00 7.008830e-01 1.898455e-01 3.090508e-02
31586: 1.847850e+00 1.661521e+00 1.568908e+00 7.012128e-01 1.896362e-01 3.087100e-02
31586: 1.849119e+00 1.660793e+00 1.569383e+00 7.004405e-01 1.894273e-01 3.083700e-02
31586: 1.849285e+00 1.661166e+00 1.569857e+00 6.996700e-01 1.892189e-01 3.080308e-02
31586: 1.849451e+00 1.661538e+00 1.569231e+00 7.000000e-01 1.890110e-01 3.076923e-02
31586: 1.850714e+00 1.660812e+00 1.569704e+00 6.992316e-01 1.888035e-01 3.073546e-02
31586: 1.851974e+00 1.661184e+00 1.569079e+00 6.984649e-01 1.885965e-01 3.070175e-02
31586: 1.852136e+00 1.660460e+00 1.569551e+00 6.987952e-01 1.883899e-01 3.066813e-02
31586: 1.851204e+00 1.661926e+00 1.570022e+00 6.980306e-01 1.881838e-01 3.063457e-02
31586: 1.850273e+00 1.661202e+00 1.571585e+00 6.983607e-01 1.879781e-01 3.060109e-02
31586: 1.852620e+00 1.660480e+00 1.569869e+00 6.986900e-01 1.877729e-01 3.056769e-02
31586: 1.851690e+00 1.660851e+00 1.570338e+00 6.990185e-01 1.875682e-01 3.053435e-02
31586: 1.850763e+00 1.660131e+00 1.570806e+00 7.004357e-01 1.873638e-01 3.050109e-02
31586: 1.850925e+00 1.661589e+00 1.569097e+00 7.007617e-01 1.871600e-01 3.046790e-02
31586: 1.850000e+00 1.660870e+00 1.570652e+00 7.000000e-01 1.880435e-01 3.043478e-02
31586: 1.849077e+00 1.662324e+00 1.568947e+00 7.003257e-01 1.889251e-01 3.040174e-02
31586: 1.851410e+00 1.661605e+00 1.568330e+00 6.995662e-01 1.887202e-01 3.036876e-02
31586: 1.851571e+00 1.663055e+00 1.567714e+00 6.988082e-01 1.885157e-01 3.033586e-02
31586: 1.850649e+00 1.663420e+00 1.569264e+00 6.980519e-01 1.883117e-01 3.030303e-02
31586: 1.849730e+00 1.664865e+00 1.568649e+00 6.983784e-01 1.881081e-01 3.027027e-02
31586: 1.848812e+00 1.665227e+00 1.570194e+00 6.976242e-01 1.879050e-01 3.023758e-02
31586: 1.848975e+00 1.664509e+00 1.569579e+00 6.979504e-01 1.887810e-01 3.020496e-02
31586: 1.848060e+00 1.667026e+00 1.568966e+00 6.971983e-01 1.885776e-01 3.017241e-02
31586: 1.849300e+00 1.666308e+00 1.569429e+00 6.964478e-01 1.883746e-01 3.013994e-02
31586: 1.850538e+00 1.665591e+00 1.569892e+00 6.956989e-01 1.881720e-01 3.010753e-02
31586: 1.849624e+00 1.667025e+00 1.570354e+00 6.949517e-01 1.879699e-01 3.007519e-02
31586: 1.848712e+00 1.667382e+00 1.570815e+00 6.952790e-01 1.877682e-01 3.004292e-02
31586: 1.848875e+00 1.667738e+00 1.569132e+00 6.966774e-01 1.875670e-01 3.001072e-02
31586: 1.849036e+00 1.668094e+00 1.569593e+00 6.959315e-01 1.873662e-01 2.997859e-02
31586: 1.848128e+00 1.667380e+00 1.571123e+00 6.962567e-01 1.871658e-01 2.994652e-02
31586: 1.848291e+00 1.667735e+00 1.569444e+00 6.965812e-01 1.880342e-01 2.991453e-02
31586: 1.848453e+00 1.667022e+00 1.569904e+00 6.969050e-01 1.878335e-01 2.988260e-02
31586: 1.847548e+00 1.667377e+00 1.570362e+00 6.961620e-01 1.876333e-01 3.091684e-02
31586: 1.846645e+00 1.666667e+00 1.569755e+00 6.975506e-01 1.884984e-01 3.088392e-02
31586: 1.847872e+00 1.665957e+00 1.569149e+00 6.978723e-01 1.882979e-01 3.085106e-02
31586: 1.846971e+00 1.667375e+00 1.568544e+00 6.981934e-01 1.880978e-01 3.081828e-02
31586: 1.847134e+00 1.666667e+00 1.567941e+00 6.995754e-01 1.878981e-01 3.078556e-02
31586: 1.846235e+00 1.667020e+00 1.568399e+00 6.998940e-01 1.876988e-01 3.075292e-02
31586: 1.847458e+00 1.667373e+00 1.567797e+00 6.991525e-01 1.875000e-01 3.072034e-02
31586: 1.848677e+00 1.666667e+00 1.568254e+00 6.984127e-01 1.873016e-01 3.068783e-02
31586: 1.847780e+00 1.667019e+00 1.568710e+00 6.976744e-01 1.881607e-01 3.065539e-02
31586: 1.847941e+00 1.666315e+00 1.570222e+00 6.969377e-01 1.879620e-01 3.062302e-02
31586: 1.848101e+00 1.666667e+00 1.569620e+00 6.972574e-01 1.877637e-01 3.059072e-02
31586: 1.848261e+00 1.665964e+00 1.570074e+00 6.975764e-01 1.875659e-01 3.055848e-02
31586: 1.847368e+00 1.668421e+00 1.568421e+00 6.978947e-01 1.873684e-01 3.052632e-02
31586: 1.848580e+00 1.668770e+00 1.567823e+00 6.971609e-01 1.871714e-01 3.049422e-02
31586: 1.847689e+00 1.668067e+00 1.569328e+00 6.964286e-01 1.869748e-01 3.151261e-02
31586: 1.846800e+00 1.667366e+00 1.569780e+00 6.967471e-01 1.878279e-01 3.147954e-02
31586: 1.846960e+00 1.666667e+00 1.570231e+00 6.970650e-01 1.876310e-01 3.144654e-02
31586: 1.846073e+00 1.668063e+00 1.569634e+00 6.973822e-01 1.874346e-01 3.141361e-02
31586: 1.846234e+00 1.668410e+00 1.569038e+00 6.966527e-01 1.882845e-01 3.138075e-02
31586: 1.846395e+00 1.667712e+00 1.570533e+00 6.959248e-01 1.880878e-01 3.134796e-02
31586: 1.845511e+00 1.668058e+00 1.568894e+00 6.983299e-01 1.878914e-01 3.131524e-02
31586: 1.846715e+00 1.667362e+00 1.568300e+00 6.986444e-01 1.876955e-01 3.128259e-02
31586: 1.845833e+00 1.668750e+00 1.567708e+00 6.989583e-01 1.875000e-01 3.125000e-02
31586: 1.847034e+00 1.668054e+00 1.568158e+00 6.982310e-01 1.873049e-01 3.121748e-02
31586: 1.846154e+00 1.669439e+00 1.568607e+00 6.975052e-01 1.871102e-01 3.118503e-02
31586: 1.846314e+00 1.670820e+00 1.568017e+00 6.967809e-01 1.869159e-01 3.115265e-02
31586: 1.845436e+00 1.670124e+00 1.568465e+00 6.981328e-01 1.867220e-01 3.112033e-02
31586: 1.845596e+00 1.669430e+00 1.568912e+00 6.984456e-01 1.865285e-01 3.108808e-02
31586: 1.844720e+00 1.669772e+00 1.568323e+00 6.987578e-01 1.873706e-01 3.105590e-02
31586: 1.844881e+00 1.669080e+00 1.568769e+00 6.990693e-01 1.871768e-01 3.102378e-02
31586: 1.845041e+00 1.669421e+00 1.569215e+00 6.983471e-01 1.869835e-01 3.099174e-02
31586: 1.844169e+00 1.668731e+00 1.568627e+00 6.986584e-01 1.888545e-01 3.095975e-02
31586: 1.844330e+00 1.669072e+00 1.569072e+00 6.979381e-01 1.886598e-01 3.092784e-02
31586: 1.844490e+00 1.668383e+00 1.568486e+00 6.992791e-01 1.884655e-01 3.089598e-02
31586: 1.844650e+00 1.668724e+00 1.568930e+00 6.985597e-01 1.882716e-01 3.086420e-02
31586: 1.844810e+00 1.667009e+00 1.570401e+00 6.988695e-01 1.880781e-01 3.083248e-02
31586: 1.844969e+00 1.667351e+00 1.569815e+00 6.991786e-01 1.878850e-01 3.080082e-02
31586: 1.844103e+00 1.666667e+00 1.572308e+00 6.984615e-01 1.876923e-01 3.076923e-02
31586: 1.845287e+00 1.665984e+00 1.570697e+00 6.997951e-01 1.875000e-01 3.073770e-02
31586: 1.845445e+00 1.667349e+00 1.569089e+00 7.001024e-01 1.873081e-01 3.070624e-02
31586: 1.844581e+00 1.667689e+00 1.569530e+00 6.993865e-01 1.881391e-01 3.067485e-02
31586: 1.844740e+00 1.668029e+00 1.568948e+00 6.986721e-01 1.879469e-01 3.166496e-02
31586: 1.843878e+00 1.667347e+00 1.570408e+00 6.979592e-01 1.887755e-01 3.163265e-02
31586: 1.845056e+00 1.666667e+00 1.568807e+00 6.992864e-01 1.885831e-01 3.160041e-02
31586: 1.844196e+00 1.667006e+00 1.570265e+00 6.985743e-01 1.883910e-01 3.156823e-02
31586: 1.845371e+00 1.667345e+00 1.568667e+00 6.988810e-01 1.881994e-01 3.153611e-02
31586: 1.845528e+00 1.667683e+00 1.569106e+00 6.981707e-01 1.880081e-01 3.150407e-02
31586: 1.844670e+00 1.665990e+00 1.570558e+00 6.984772e-01 1.888325e-01 3.147208e-02
31586: 1.845842e+00 1.665314e+00 1.569980e+00 6.987830e-01 1.886410e-01 3.144016e-02
31586: 1.845998e+00 1.665653e+00 1.570415e+00 6.980750e-01 1.884498e-01 3.140831e-02
31586: 1.845142e+00 1.664980e+00 1.568826e+00 7.014170e-01 1.882591e-01 3.137652e-02
31586: 1.847321e+00 1.664307e+00 1.568251e+00 7.007078e-01 1.880688e-01 3.134479e-02
31586: 1.846465e+00 1.663636e+00 1.569697e+00 7.010101e-01 1.878788e-01 3.131313e-02
31586: 1.846620e+00 1.662967e+00 1.570131e+00 7.003027e-01 1.886983e-01 3.128153e-02
31586: 1.845766e+00 1.663306e+00 1.570565e+00 7.006048e-01 1.885081e-01 3.125000e-02
31586: 1.845921e+00 1.663646e+00 1.569990e+00 7.009063e-01 1.883182e-01 3.121853e-02
31586: 1.845070e+00 1.664990e+00 1.570423e+00 7.002012e-01 1.881288e-01 3.118712e-02
31586: 1.846231e+00 1.664322e+00 1.569849e+00 7.005025e-01 1.879397e-01 3.115578e-02
31586: 1.845382e+00 1.665663e+00 1.569277e+00 7.008032e-01 1.877510e-01 3.112450e-02
31586: 1.845537e+00 1.665998e+00 1.569709e+00 7.001003e-01 1.875627e-01 3.109328e-02
31586: 1.844689e+00 1.666333e+00 1.570140e+00 7.004008e-01 1.873747e-01 3.106212e-02
31586: 1.844845e+00 1.666667e+00 1.569570e+00 7.007007e-01 1.871872e-01 3.103103e-02
31586: Done!
Traceback (most recent call last):
  File "/lowest-unique-number/tournament0/elexunix.py", line 25, in <module>
    input()
EOFError: EOF when reading a line
