Forked 38073
Starting to reopen 0 and 1
Calling execv `tournament0/elexunix.py` (pid 38073)
Strategy 0: first ans is 2
Forked 38097
Starting to reopen 0 and 1
Calling execv `tournament0/pzakorko.py` (pid 38097)
Strategy 1: first ans is 0
Forked 38098
Starting to reopen 0 and 1
Calling execv `tournament0/alex_dany` (pid 38098)
38098: Started!
38098: Number of players: 4, position: 2, number of turns: 1000
38098: Random seed: 305949746
Strategy 2: first ans is 1
Forked 38099
Starting to reopen 0 and 1
Calling execv `tournament0/the_best_strategy.py` (pid 38099)
Strategy 3: first ans is 0
38098: 2.000000e+00 1.000000e+00 1.000000e+00 0.000000e+00
38098: 2.000000e+00 1.500000e+00 5.000000e-01 0.000000e+00
38098: 2.000000e+00 1.333333e+00 6.666667e-01 0.000000e+00
38098: 2.000000e+00 1.250000e+00 7.500000e-01 0.000000e+00
38098: 2.200000e+00 1.200000e+00 6.000000e-01 0.000000e+00
38098: 2.000000e+00 1.166667e+00 8.333333e-01 0.000000e+00
38098: 2.142857e+00 1.142857e+00 7.142857e-01 0.000000e+00
38098: 2.125000e+00 1.125000e+00 7.500000e-01 0.000000e+00
38098: 2.111111e+00 1.111111e+00 7.777778e-01 0.000000e+00
38098: 2.100000e+00 1.100000e+00 8.000000e-01 0.000000e+00
38098: 2.000000e+00 1.090909e+00 9.090909e-01 0.000000e+00
38098: 2.000000e+00 1.083333e+00 9.166667e-01 0.000000e+00
38098: 1.923077e+00 1.153846e+00 9.230769e-01 0.000000e+00
38098: 1.928571e+00 1.142857e+00 9.285714e-01 0.000000e+00
38098: 1.866667e+00 1.133333e+00 1.000000e+00 0.000000e+00
38098: 1.875000e+00 1.187500e+00 9.375000e-01 0.000000e+00
38098: 1.882353e+00 1.176471e+00 9.411765e-01 0.000000e+00
38098: 1.888889e+00 1.222222e+00 8.888889e-01 0.000000e+00
38098: 1.894737e+00 1.210526e+00 8.421053e-01 5.263158e-02
38098: 1.900000e+00 1.200000e+00 8.500000e-01 5.000000e-02
38098: 1.952381e+00 1.190476e+00 8.095238e-01 4.761905e-02
38098: 1.954545e+00 1.181818e+00 8.181818e-01 4.545455e-02
38098: 1.913043e+00 1.173913e+00 8.695652e-01 4.347826e-02
38098: 1.916667e+00 1.166667e+00 8.750000e-01 4.166667e-02
38098: 1.920000e+00 1.160000e+00 8.800000e-01 4.000000e-02
38098: 1.961538e+00 1.153846e+00 8.461538e-01 3.846154e-02
38098: 1.962963e+00 1.148148e+00 8.518519e-01 3.703704e-02
38098: 1.928571e+00 1.178571e+00 8.214286e-01 7.142857e-02
38098: 1.896552e+00 1.206897e+00 8.275862e-01 6.896552e-02
38098: 1.900000e+00 1.200000e+00 8.333333e-01 6.666667e-02
38098: 1.903226e+00 1.193548e+00 8.387097e-01 6.451613e-02
38098: 1.875000e+00 1.218750e+00 8.437500e-01 6.250000e-02
38098: 1.878788e+00 1.242424e+00 8.181818e-01 6.060606e-02
38098: 1.911765e+00 1.235294e+00 7.941176e-01 5.882353e-02
38098: 1.914286e+00 1.257143e+00 7.714286e-01 5.714286e-02
38098: 1.916667e+00 1.250000e+00 7.500000e-01 8.333333e-02
38098: 1.891892e+00 1.243243e+00 7.837838e-01 8.108108e-02
38098: 1.894737e+00 1.236842e+00 7.894737e-01 7.894737e-02
38098: 1.871795e+00 1.256410e+00 7.948718e-01 7.692308e-02
38098: 1.875000e+00 1.275000e+00 7.750000e-01 7.500000e-02
38098: 1.853659e+00 1.292683e+00 7.804878e-01 7.317073e-02
38098: 1.857143e+00 1.285714e+00 7.619048e-01 9.523810e-02
38098: 1.837209e+00 1.302326e+00 7.441860e-01 1.162791e-01
38098: 1.818182e+00 1.340909e+00 7.272727e-01 1.136364e-01
38098: 1.800000e+00 1.355556e+00 7.333333e-01 1.111111e-01
38098: 1.826087e+00 1.347826e+00 7.173913e-01 1.086957e-01
38098: 1.829787e+00 1.361702e+00 7.021277e-01 1.063830e-01
38098: 1.833333e+00 1.354167e+00 7.083333e-01 1.041667e-01
38098: 1.836735e+00 1.367347e+00 6.938776e-01 1.020408e-01
38098: 1.860000e+00 1.360000e+00 6.800000e-01 1.000000e-01
38098: 1.882353e+00 1.352941e+00 6.666667e-01 9.803922e-02
38098: 1.903846e+00 1.346154e+00 6.538462e-01 9.615385e-02
38098: 1.886792e+00 1.339623e+00 6.792453e-01 9.433962e-02
38098: 1.907407e+00 1.333333e+00 6.666667e-01 9.259259e-02
38098: 1.909091e+00 1.327273e+00 6.727273e-01 9.090909e-02
38098: 1.910714e+00 1.339286e+00 6.607143e-01 8.928571e-02
38098: 1.912281e+00 1.350877e+00 6.491228e-01 8.771930e-02
38098: 1.913793e+00 1.362069e+00 6.379310e-01 8.620690e-02
38098: 1.915254e+00 1.372881e+00 6.271186e-01 8.474576e-02
38098: 1.916667e+00 1.366667e+00 6.333333e-01 8.333333e-02
38098: 1.918033e+00 1.360656e+00 6.393443e-01 8.196721e-02
38098: 1.903226e+00 1.354839e+00 6.451613e-01 9.677419e-02
38098: 1.888889e+00 1.365079e+00 6.507937e-01 9.523810e-02
38098: 1.906250e+00 1.359375e+00 6.406250e-01 9.375000e-02
38098: 1.892308e+00 1.369231e+00 6.461538e-01 9.230769e-02
38098: 1.878788e+00 1.378788e+00 6.515152e-01 9.090909e-02
38098: 1.880597e+00 1.373134e+00 6.417910e-01 1.044776e-01
38098: 1.897059e+00 1.367647e+00 6.323529e-01 1.029412e-01
38098: 1.884058e+00 1.376812e+00 6.376812e-01 1.014493e-01
38098: 1.871429e+00 1.371429e+00 6.571429e-01 1.000000e-01
38098: 1.859155e+00 1.366197e+00 6.619718e-01 1.126761e-01
38098: 1.861111e+00 1.361111e+00 6.666667e-01 1.111111e-01
38098: 1.849315e+00 1.356164e+00 6.712329e-01 1.232877e-01
38098: 1.837838e+00 1.378378e+00 6.621622e-01 1.216216e-01
38098: 1.826667e+00 1.386667e+00 6.666667e-01 1.200000e-01
38098: 1.815789e+00 1.381579e+00 6.710526e-01 1.315789e-01
38098: 1.805195e+00 1.376623e+00 6.753247e-01 1.428571e-01
38098: 1.807692e+00 1.371795e+00 6.794872e-01 1.410256e-01
38098: 1.797468e+00 1.367089e+00 6.962025e-01 1.392405e-01
38098: 1.800000e+00 1.362500e+00 7.000000e-01 1.375000e-01
38098: 1.802469e+00 1.358025e+00 7.037037e-01 1.358025e-01
38098: 1.804878e+00 1.353659e+00 6.951220e-01 1.463415e-01
38098: 1.807229e+00 1.349398e+00 6.867470e-01 1.566265e-01
38098: 1.821429e+00 1.345238e+00 6.785714e-01 1.547619e-01
38098: 1.823529e+00 1.352941e+00 6.705882e-01 1.529412e-01
38098: 1.813953e+00 1.348837e+00 6.744186e-01 1.627907e-01
38098: 1.816092e+00 1.344828e+00 6.781609e-01 1.609195e-01
38098: 1.818182e+00 1.340909e+00 6.818182e-01 1.590909e-01
38098: 1.808989e+00 1.337079e+00 6.853933e-01 1.685393e-01
38098: 1.800000e+00 1.333333e+00 7.000000e-01 1.666667e-01
38098: 1.802198e+00 1.329670e+00 7.032967e-01 1.648352e-01
38098: 1.793478e+00 1.336957e+00 7.065217e-01 1.630435e-01
38098: 1.784946e+00 1.333333e+00 7.204301e-01 1.612903e-01
38098: 1.797872e+00 1.329787e+00 7.127660e-01 1.595745e-01
38098: 1.800000e+00 1.336842e+00 7.052632e-01 1.578947e-01
38098: 1.791667e+00 1.343750e+00 7.083333e-01 1.562500e-01
38098: 1.793814e+00 1.340206e+00 7.113402e-01 1.546392e-01
38098: 1.795918e+00 1.336735e+00 7.040816e-01 1.632653e-01
38098: 1.787879e+00 1.333333e+00 7.171717e-01 1.616162e-01
38098: 1.790000e+00 1.330000e+00 7.200000e-01 1.600000e-01
38098: 1.801980e+00 1.326733e+00 7.128713e-01 1.584158e-01
38098: 1.794118e+00 1.343137e+00 7.058824e-01 1.568627e-01
38098: 1.796117e+00 1.339806e+00 7.087379e-01 1.553398e-01
38098: 1.807692e+00 1.336538e+00 7.019231e-01 1.538462e-01
38098: 1.809524e+00 1.333333e+00 7.047619e-01 1.523810e-01
38098: 1.820755e+00 1.330189e+00 6.981132e-01 1.509434e-01
38098: 1.822430e+00 1.327103e+00 6.915888e-01 1.588785e-01
38098: 1.833333e+00 1.324074e+00 6.851852e-01 1.574074e-01
38098: 1.834862e+00 1.330275e+00 6.788991e-01 1.559633e-01
38098: 1.836364e+00 1.327273e+00 6.818182e-01 1.545455e-01
38098: 1.828829e+00 1.324324e+00 6.936937e-01 1.531532e-01
38098: 1.821429e+00 1.321429e+00 7.053571e-01 1.517857e-01
38098: 1.831858e+00 1.318584e+00 6.991150e-01 1.504425e-01
38098: 1.842105e+00 1.315789e+00 6.929825e-01 1.491228e-01
38098: 1.843478e+00 1.313043e+00 6.956522e-01 1.478261e-01
38098: 1.844828e+00 1.310345e+00 6.982759e-01 1.465517e-01
38098: 1.846154e+00 1.316239e+00 6.923077e-01 1.452991e-01
38098: 1.855932e+00 1.313559e+00 6.864407e-01 1.440678e-01
38098: 1.848739e+00 1.319328e+00 6.890756e-01 1.428571e-01
38098: 1.850000e+00 1.325000e+00 6.833333e-01 1.416667e-01
38098: 1.851240e+00 1.322314e+00 6.859504e-01 1.404959e-01
38098: 1.852459e+00 1.319672e+00 6.803279e-01 1.475410e-01
38098: 1.853659e+00 1.325203e+00 6.747967e-01 1.463415e-01
38098: 1.846774e+00 1.338710e+00 6.693548e-01 1.451613e-01
38098: 1.840000e+00 1.336000e+00 6.800000e-01 1.440000e-01
38098: 1.833333e+00 1.333333e+00 6.904762e-01 1.428571e-01
38098: 1.842520e+00 1.330709e+00 6.850394e-01 1.417323e-01
38098: 1.843750e+00 1.328125e+00 6.875000e-01 1.406250e-01
38098: 1.844961e+00 1.333333e+00 6.821705e-01 1.395349e-01
38098: 1.853846e+00 1.330769e+00 6.769231e-01 1.384615e-01
38098: 1.854962e+00 1.335878e+00 6.717557e-01 1.374046e-01
38098: 1.856061e+00 1.340909e+00 6.666667e-01 1.363636e-01
38098: 1.849624e+00 1.338346e+00 6.766917e-01 1.353383e-01
38098: 1.850746e+00 1.343284e+00 6.716418e-01 1.343284e-01
38098: 1.844444e+00 1.348148e+00 6.740741e-01 1.333333e-01
38098: 1.845588e+00 1.352941e+00 6.691176e-01 1.323529e-01
38098: 1.846715e+00 1.350365e+00 6.715328e-01 1.313869e-01
38098: 1.847826e+00 1.355072e+00 6.666667e-01 1.304348e-01
38098: 1.848921e+00 1.359712e+00 6.618705e-01 1.294964e-01
38098: 1.850000e+00 1.357143e+00 6.642857e-01 1.285714e-01
38098: 1.843972e+00 1.368794e+00 6.595745e-01 1.276596e-01
38098: 1.852113e+00 1.366197e+00 6.549296e-01 1.267606e-01
38098: 1.846154e+00 1.370629e+00 6.573427e-01 1.258741e-01
38098: 1.847222e+00 1.368056e+00 6.597222e-01 1.250000e-01
38098: 1.855172e+00 1.365517e+00 6.551724e-01 1.241379e-01
38098: 1.849315e+00 1.369863e+00 6.575342e-01 1.232877e-01
38098: 1.843537e+00 1.367347e+00 6.666667e-01 1.224490e-01
38098: 1.837838e+00 1.371622e+00 6.689189e-01 1.216216e-01
38098: 1.832215e+00 1.382550e+00 6.644295e-01 1.208054e-01
38098: 1.826667e+00 1.380000e+00 6.733333e-01 1.200000e-01
38098: 1.821192e+00 1.384106e+00 6.754967e-01 1.192053e-01
38098: 1.828947e+00 1.381579e+00 6.710526e-01 1.184211e-01
38098: 1.823529e+00 1.379085e+00 6.797386e-01 1.176471e-01
38098: 1.824675e+00 1.376623e+00 6.818182e-01 1.168831e-01
38098: 1.832258e+00 1.374194e+00 6.774194e-01 1.161290e-01
38098: 1.833333e+00 1.378205e+00 6.730769e-01 1.153846e-01
38098: 1.834395e+00 1.382166e+00 6.687898e-01 1.146497e-01
38098: 1.829114e+00 1.392405e+00 6.645570e-01 1.139241e-01
38098: 1.830189e+00 1.396226e+00 6.603774e-01 1.132075e-01
38098: 1.831250e+00 1.400000e+00 6.562500e-01 1.125000e-01
38098: 1.826087e+00 1.403727e+00 6.583851e-01 1.118012e-01
38098: 1.820988e+00 1.401235e+00 6.666667e-01 1.111111e-01
38098: 1.822086e+00 1.404908e+00 6.625767e-01 1.104294e-01
38098: 1.829268e+00 1.402439e+00 6.585366e-01 1.097561e-01
38098: 1.830303e+00 1.406061e+00 6.545455e-01 1.090909e-01
38098: 1.825301e+00 1.409639e+00 6.506024e-01 1.144578e-01
38098: 1.820359e+00 1.413174e+00 6.526946e-01 1.137725e-01
38098: 1.827381e+00 1.410714e+00 6.488095e-01 1.130952e-01
38098: 1.822485e+00 1.414201e+00 6.508876e-01 1.124260e-01
38098: 1.823529e+00 1.411765e+00 6.529412e-01 1.117647e-01
38098: 1.818713e+00 1.421053e+00 6.491228e-01 1.111111e-01
38098: 1.813953e+00 1.418605e+00 6.511628e-01 1.162791e-01
38098: 1.815029e+00 1.416185e+00 6.531792e-01 1.156069e-01
38098: 1.821839e+00 1.413793e+00 6.494253e-01 1.149425e-01
38098: 1.817143e+00 1.411429e+00 6.571429e-01 1.142857e-01
38098: 1.812500e+00 1.414773e+00 6.534091e-01 1.193182e-01
38098: 1.813559e+00 1.412429e+00 6.553672e-01 1.186441e-01
38098: 1.808989e+00 1.410112e+00 6.573034e-01 1.235955e-01
38098: 1.810056e+00 1.407821e+00 6.592179e-01 1.229050e-01
38098: 1.811111e+00 1.411111e+00 6.555556e-01 1.222222e-01
38098: 1.812155e+00 1.408840e+00 6.519337e-01 1.270718e-01
38098: 1.813187e+00 1.412088e+00 6.483516e-01 1.263736e-01
38098: 1.808743e+00 1.415301e+00 6.502732e-01 1.256831e-01
38098: 1.809783e+00 1.413043e+00 6.521739e-01 1.250000e-01
38098: 1.805405e+00 1.410811e+00 6.594595e-01 1.243243e-01
38098: 1.811828e+00 1.408602e+00 6.559140e-01 1.236559e-01
38098: 1.812834e+00 1.406417e+00 6.577540e-01 1.229947e-01
38098: 1.813830e+00 1.409574e+00 6.542553e-01 1.223404e-01
38098: 1.809524e+00 1.412698e+00 6.507937e-01 1.269841e-01
38098: 1.815789e+00 1.410526e+00 6.473684e-01 1.263158e-01
38098: 1.811518e+00 1.413613e+00 6.492147e-01 1.256545e-01
38098: 1.807292e+00 1.411458e+00 6.562500e-01 1.250000e-01
38098: 1.808290e+00 1.409326e+00 6.580311e-01 1.243523e-01
38098: 1.809278e+00 1.407216e+00 6.597938e-01 1.237113e-01
38098: 1.805128e+00 1.410256e+00 6.564103e-01 1.282051e-01
38098: 1.801020e+00 1.408163e+00 6.581633e-01 1.326531e-01
38098: 1.802030e+00 1.406091e+00 6.548223e-01 1.370558e-01
38098: 1.797980e+00 1.404040e+00 6.616162e-01 1.363636e-01
38098: 1.793970e+00 1.407035e+00 6.633166e-01 1.356784e-01
38098: 1.790000e+00 1.415000e+00 6.600000e-01 1.350000e-01
38098: 1.796020e+00 1.412935e+00 6.567164e-01 1.343284e-01
38098: 1.792079e+00 1.415842e+00 6.584158e-01 1.336634e-01
38098: 1.788177e+00 1.418719e+00 6.600985e-01 1.330049e-01
38098: 1.784314e+00 1.416667e+00 6.666667e-01 1.323529e-01
38098: 1.790244e+00 1.414634e+00 6.634146e-01 1.317073e-01
38098: 1.791262e+00 1.417476e+00 6.601942e-01 1.310680e-01
38098: 1.792271e+00 1.415459e+00 6.618357e-01 1.304348e-01
38098: 1.793269e+00 1.413462e+00 6.634615e-01 1.298077e-01
38098: 1.789474e+00 1.411483e+00 6.698565e-01 1.291866e-01
38098: 1.785714e+00 1.409524e+00 6.714286e-01 1.333333e-01
38098: 1.786730e+00 1.412322e+00 6.682464e-01 1.327014e-01
38098: 1.792453e+00 1.410377e+00 6.650943e-01 1.320755e-01
38098: 1.793427e+00 1.413146e+00 6.619718e-01 1.314554e-01
38098: 1.794393e+00 1.415888e+00 6.588785e-01 1.308411e-01
38098: 1.790698e+00 1.423256e+00 6.558140e-01 1.302326e-01
38098: 1.791667e+00 1.421296e+00 6.574074e-01 1.296296e-01
38098: 1.792627e+00 1.423963e+00 6.543779e-01 1.290323e-01
38098: 1.793578e+00 1.426606e+00 6.513761e-01 1.284404e-01
38098: 1.794521e+00 1.429224e+00 6.484018e-01 1.278539e-01
38098: 1.795455e+00 1.431818e+00 6.454545e-01 1.272727e-01
38098: 1.791855e+00 1.429864e+00 6.470588e-01 1.312217e-01
38098: 1.788288e+00 1.432432e+00 6.486486e-01 1.306306e-01
38098: 1.784753e+00 1.434978e+00 6.457399e-01 1.345291e-01
38098: 1.781250e+00 1.441964e+00 6.428571e-01 1.339286e-01
38098: 1.782222e+00 1.440000e+00 6.444444e-01 1.333333e-01
38098: 1.778761e+00 1.438053e+00 6.504425e-01 1.327434e-01
38098: 1.779736e+00 1.436123e+00 6.519824e-01 1.321586e-01
38098: 1.780702e+00 1.434211e+00 6.535088e-01 1.315789e-01
38098: 1.781659e+00 1.432314e+00 6.550218e-01 1.310044e-01
38098: 1.782609e+00 1.434783e+00 6.521739e-01 1.304348e-01
38098: 1.783550e+00 1.437229e+00 6.493506e-01 1.298701e-01
38098: 1.784483e+00 1.435345e+00 6.508621e-01 1.293103e-01
38098: 1.785408e+00 1.433476e+00 6.523605e-01 1.287554e-01
38098: 1.786325e+00 1.431624e+00 6.495726e-01 1.324786e-01
38098: 1.791489e+00 1.429787e+00 6.468085e-01 1.319149e-01
38098: 1.788136e+00 1.432203e+00 6.440678e-01 1.355932e-01
38098: 1.793249e+00 1.430380e+00 6.413502e-01 1.350211e-01
38098: 1.794118e+00 1.432773e+00 6.386555e-01 1.344538e-01
38098: 1.799163e+00 1.430962e+00 6.359833e-01 1.338912e-01
38098: 1.800000e+00 1.433333e+00 6.333333e-01 1.333333e-01
38098: 1.800830e+00 1.431535e+00 6.348548e-01 1.327801e-01
38098: 1.797521e+00 1.429752e+00 6.363636e-01 1.363636e-01
38098: 1.802469e+00 1.427984e+00 6.337449e-01 1.358025e-01
38098: 1.807377e+00 1.426230e+00 6.311475e-01 1.352459e-01
38098: 1.808163e+00 1.424490e+00 6.326531e-01 1.346939e-01
38098: 1.804878e+00 1.426829e+00 6.341463e-01 1.341463e-01
38098: 1.801619e+00 1.429150e+00 6.356275e-01 1.336032e-01
38098: 1.798387e+00 1.431452e+00 6.370968e-01 1.330645e-01
38098: 1.799197e+00 1.433735e+00 6.345382e-01 1.325301e-01
38098: 1.800000e+00 1.432000e+00 6.320000e-01 1.360000e-01
38098: 1.800797e+00 1.434263e+00 6.294821e-01 1.354582e-01
38098: 1.801587e+00 1.432540e+00 6.309524e-01 1.349206e-01
38098: 1.802372e+00 1.430830e+00 6.324111e-01 1.343874e-01
38098: 1.803150e+00 1.429134e+00 6.338583e-01 1.338583e-01
38098: 1.800000e+00 1.435294e+00 6.313725e-01 1.333333e-01
38098: 1.800781e+00 1.433594e+00 6.328125e-01 1.328125e-01
38098: 1.801556e+00 1.435798e+00 6.303502e-01 1.322957e-01
38098: 1.802326e+00 1.434109e+00 6.317829e-01 1.317829e-01
38098: 1.799228e+00 1.432432e+00 6.370656e-01 1.312741e-01
38098: 1.800000e+00 1.434615e+00 6.346154e-01 1.307692e-01
38098: 1.796935e+00 1.432950e+00 6.398467e-01 1.302682e-01
38098: 1.797710e+00 1.435115e+00 6.374046e-01 1.297710e-01
38098: 1.798479e+00 1.433460e+00 6.349810e-01 1.330798e-01
38098: 1.799242e+00 1.431818e+00 6.363636e-01 1.325758e-01
38098: 1.796226e+00 1.430189e+00 6.377358e-01 1.358491e-01
38098: 1.796992e+00 1.432331e+00 6.353383e-01 1.353383e-01
38098: 1.797753e+00 1.430712e+00 6.367041e-01 1.348315e-01
38098: 1.794776e+00 1.429104e+00 6.417910e-01 1.343284e-01
38098: 1.791822e+00 1.434944e+00 6.394052e-01 1.338290e-01
38098: 1.792593e+00 1.433333e+00 6.407407e-01 1.333333e-01
38098: 1.793358e+00 1.431734e+00 6.383764e-01 1.365314e-01
38098: 1.794118e+00 1.430147e+00 6.397059e-01 1.360294e-01
38098: 1.794872e+00 1.432234e+00 6.373626e-01 1.355311e-01
38098: 1.795620e+00 1.430657e+00 6.386861e-01 1.350365e-01
38098: 1.800000e+00 1.429091e+00 6.363636e-01 1.345455e-01
38098: 1.797101e+00 1.427536e+00 6.413043e-01 1.340580e-01
38098: 1.797834e+00 1.425993e+00 6.425993e-01 1.335740e-01
38098: 1.798561e+00 1.424460e+00 6.438849e-01 1.330935e-01
38098: 1.795699e+00 1.422939e+00 6.487455e-01 1.326165e-01
38098: 1.792857e+00 1.421429e+00 6.535714e-01 1.321429e-01
38098: 1.790036e+00 1.419929e+00 6.583630e-01 1.316726e-01
38098: 1.790780e+00 1.421986e+00 6.560284e-01 1.312057e-01
38098: 1.787986e+00 1.424028e+00 6.572438e-01 1.307420e-01
38098: 1.792254e+00 1.422535e+00 6.549296e-01 1.302817e-01
38098: 1.789474e+00 1.421053e+00 6.561404e-01 1.333333e-01
38098: 1.786713e+00 1.423077e+00 6.573427e-01 1.328671e-01
38098: 1.783972e+00 1.421603e+00 6.585366e-01 1.358885e-01
38098: 1.784722e+00 1.420139e+00 6.597222e-01 1.354167e-01
38098: 1.785467e+00 1.422145e+00 6.574394e-01 1.349481e-01
38098: 1.782759e+00 1.420690e+00 6.620690e-01 1.344828e-01
38098: 1.780069e+00 1.426117e+00 6.597938e-01 1.340206e-01
38098: 1.780822e+00 1.424658e+00 6.609589e-01 1.335616e-01
38098: 1.781570e+00 1.423208e+00 6.621160e-01 1.331058e-01
38098: 1.782313e+00 1.421769e+00 6.632653e-01 1.326531e-01
38098: 1.779661e+00 1.420339e+00 6.644068e-01 1.355932e-01
38098: 1.780405e+00 1.418919e+00 6.621622e-01 1.385135e-01
38098: 1.781145e+00 1.417508e+00 6.632997e-01 1.380471e-01
38098: 1.778523e+00 1.416107e+00 6.677852e-01 1.375839e-01
38098: 1.779264e+00 1.418060e+00 6.655518e-01 1.371237e-01
38098: 1.776667e+00 1.423333e+00 6.633333e-01 1.366667e-01
38098: 1.777409e+00 1.421927e+00 6.644518e-01 1.362126e-01
38098: 1.778146e+00 1.420530e+00 6.655629e-01 1.357616e-01
38098: 1.775578e+00 1.419142e+00 6.699670e-01 1.353135e-01
38098: 1.776316e+00 1.421053e+00 6.677632e-01 1.348684e-01
38098: 1.777049e+00 1.422951e+00 6.655738e-01 1.344262e-01
38098: 1.777778e+00 1.424837e+00 6.633987e-01 1.339869e-01
38098: 1.775244e+00 1.426710e+00 6.612378e-01 1.368078e-01
38098: 1.772727e+00 1.428571e+00 6.623377e-01 1.363636e-01
38098: 1.770227e+00 1.430421e+00 6.634304e-01 1.359223e-01
38098: 1.767742e+00 1.429032e+00 6.677419e-01 1.354839e-01
38098: 1.768489e+00 1.427653e+00 6.688103e-01 1.350482e-01
38098: 1.766026e+00 1.426282e+00 6.730769e-01 1.346154e-01
38098: 1.763578e+00 1.428115e+00 6.741214e-01 1.341853e-01
38098: 1.764331e+00 1.429936e+00 6.719745e-01 1.337580e-01
38098: 1.765079e+00 1.431746e+00 6.698413e-01 1.333333e-01
38098: 1.762658e+00 1.436709e+00 6.677215e-01 1.329114e-01
38098: 1.763407e+00 1.435331e+00 6.687697e-01 1.324921e-01
38098: 1.764151e+00 1.433962e+00 6.698113e-01 1.320755e-01
38098: 1.768025e+00 1.432602e+00 6.677116e-01 1.316614e-01
38098: 1.765625e+00 1.431250e+00 6.718750e-01 1.312500e-01
38098: 1.766355e+00 1.433022e+00 6.697819e-01 1.308411e-01
38098: 1.767081e+00 1.434783e+00 6.677019e-01 1.304348e-01
38098: 1.767802e+00 1.433437e+00 6.687307e-01 1.300310e-01
38098: 1.765432e+00 1.432099e+00 6.728395e-01 1.296296e-01
38098: 1.763077e+00 1.433846e+00 6.738462e-01 1.292308e-01
38098: 1.760736e+00 1.438650e+00 6.717791e-01 1.288344e-01
38098: 1.761468e+00 1.440367e+00 6.697248e-01 1.284404e-01
38098: 1.759146e+00 1.442073e+00 6.707317e-01 1.280488e-01
38098: 1.756839e+00 1.443769e+00 6.717325e-01 1.276596e-01
38098: 1.754545e+00 1.445455e+00 6.727273e-01 1.272727e-01
38098: 1.752266e+00 1.444109e+00 6.767372e-01 1.268882e-01
38098: 1.753012e+00 1.442771e+00 6.777108e-01 1.265060e-01
38098: 1.753754e+00 1.441441e+00 6.786787e-01 1.261261e-01
38098: 1.751497e+00 1.443114e+00 6.766467e-01 1.287425e-01
38098: 1.749254e+00 1.447761e+00 6.746269e-01 1.283582e-01
38098: 1.752976e+00 1.446429e+00 6.726190e-01 1.279762e-01
38098: 1.750742e+00 1.451039e+00 6.706231e-01 1.275964e-01
38098: 1.751479e+00 1.449704e+00 6.686391e-01 1.301775e-01
38098: 1.749263e+00 1.448378e+00 6.696165e-01 1.327434e-01
38098: 1.747059e+00 1.447059e+00 6.735294e-01 1.323529e-01
38098: 1.744868e+00 1.448680e+00 6.744868e-01 1.319648e-01
38098: 1.742690e+00 1.450292e+00 6.754386e-01 1.315789e-01
38098: 1.743440e+00 1.448980e+00 6.763848e-01 1.311953e-01
38098: 1.744186e+00 1.447674e+00 6.773256e-01 1.308140e-01
38098: 1.742029e+00 1.449275e+00 6.753623e-01 1.333333e-01
38098: 1.745665e+00 1.447977e+00 6.734104e-01 1.329480e-01
38098: 1.743516e+00 1.449568e+00 6.743516e-01 1.325648e-01
38098: 1.744253e+00 1.448276e+00 6.752874e-01 1.321839e-01
38098: 1.742120e+00 1.452722e+00 6.733524e-01 1.318052e-01
38098: 1.740000e+00 1.451429e+00 6.742857e-01 1.342857e-01
38098: 1.737892e+00 1.452991e+00 6.723647e-01 1.367521e-01
38098: 1.741477e+00 1.451705e+00 6.704545e-01 1.363636e-01
38098: 1.739377e+00 1.450425e+00 6.742210e-01 1.359773e-01
38098: 1.737288e+00 1.449153e+00 6.779661e-01 1.355932e-01
38098: 1.738028e+00 1.447887e+00 6.788732e-01 1.352113e-01
38098: 1.735955e+00 1.446629e+00 6.825843e-01 1.348315e-01
38098: 1.733894e+00 1.445378e+00 6.862745e-01 1.344538e-01
38098: 1.737430e+00 1.444134e+00 6.843575e-01 1.340782e-01
38098: 1.735376e+00 1.442897e+00 6.852368e-01 1.364903e-01
38098: 1.733333e+00 1.441667e+00 6.888889e-01 1.361111e-01
38098: 1.731302e+00 1.440443e+00 6.925208e-01 1.357341e-01
38098: 1.732044e+00 1.441989e+00 6.906077e-01 1.353591e-01
38098: 1.732782e+00 1.440771e+00 6.887052e-01 1.377410e-01
38098: 1.733516e+00 1.439560e+00 6.868132e-01 1.401099e-01
38098: 1.734247e+00 1.438356e+00 6.876712e-01 1.397260e-01
38098: 1.734973e+00 1.437158e+00 6.857923e-01 1.420765e-01
38098: 1.732970e+00 1.438692e+00 6.839237e-01 1.444142e-01
38098: 1.730978e+00 1.440217e+00 6.847826e-01 1.440217e-01
38098: 1.731707e+00 1.439024e+00 6.856369e-01 1.436314e-01
38098: 1.732432e+00 1.437838e+00 6.864865e-01 1.432432e-01
38098: 1.730458e+00 1.439353e+00 6.873315e-01 1.428571e-01
38098: 1.731183e+00 1.438172e+00 6.881720e-01 1.424731e-01
38098: 1.731903e+00 1.436997e+00 6.890080e-01 1.420912e-01
38098: 1.729947e+00 1.435829e+00 6.925134e-01 1.417112e-01
38098: 1.733333e+00 1.434667e+00 6.906667e-01 1.413333e-01
38098: 1.731383e+00 1.433511e+00 6.914894e-01 1.436170e-01
38098: 1.729443e+00 1.432361e+00 6.949602e-01 1.432361e-01
38098: 1.727513e+00 1.431217e+00 6.984127e-01 1.428571e-01
38098: 1.728232e+00 1.432718e+00 6.965699e-01 1.424802e-01
38098: 1.728947e+00 1.431579e+00 6.947368e-01 1.447368e-01
38098: 1.729659e+00 1.433071e+00 6.929134e-01 1.443570e-01
38098: 1.730366e+00 1.434555e+00 6.910995e-01 1.439791e-01
38098: 1.733681e+00 1.433420e+00 6.892950e-01 1.436031e-01
38098: 1.734375e+00 1.432292e+00 6.901042e-01 1.432292e-01
38098: 1.732468e+00 1.433766e+00 6.909091e-01 1.428571e-01
38098: 1.730570e+00 1.435233e+00 6.917098e-01 1.424870e-01
38098: 1.728682e+00 1.436693e+00 6.925065e-01 1.421189e-01
38098: 1.729381e+00 1.435567e+00 6.907216e-01 1.443299e-01
38098: 1.730077e+00 1.434447e+00 6.915167e-01 1.439589e-01
38098: 1.733333e+00 1.433333e+00 6.897436e-01 1.435897e-01
38098: 1.731458e+00 1.434783e+00 6.905371e-01 1.432225e-01
38098: 1.729592e+00 1.433673e+00 6.938776e-01 1.428571e-01
38098: 1.727735e+00 1.432570e+00 6.946565e-01 1.450382e-01
38098: 1.730964e+00 1.431472e+00 6.928934e-01 1.446701e-01
38098: 1.731646e+00 1.430380e+00 6.936709e-01 1.443038e-01
38098: 1.732323e+00 1.429293e+00 6.944444e-01 1.439394e-01
38098: 1.730479e+00 1.430730e+00 6.952141e-01 1.435768e-01
38098: 1.733668e+00 1.429648e+00 6.934673e-01 1.432161e-01
38098: 1.734336e+00 1.428571e+00 6.942356e-01 1.428571e-01
38098: 1.735000e+00 1.430000e+00 6.925000e-01 1.425000e-01
38098: 1.735661e+00 1.428928e+00 6.932668e-01 1.421446e-01
38098: 1.736318e+00 1.427861e+00 6.915423e-01 1.442786e-01
38098: 1.739454e+00 1.426799e+00 6.898263e-01 1.439206e-01
38098: 1.740099e+00 1.428218e+00 6.881188e-01 1.435644e-01
38098: 1.738272e+00 1.427160e+00 6.888889e-01 1.456790e-01
38098: 1.738916e+00 1.426108e+00 6.896552e-01 1.453202e-01
38098: 1.739558e+00 1.425061e+00 6.904177e-01 1.449631e-01
38098: 1.740196e+00 1.424020e+00 6.911765e-01 1.446078e-01
38098: 1.738386e+00 1.425428e+00 6.919315e-01 1.442543e-01
38098: 1.736585e+00 1.426829e+00 6.926829e-01 1.439024e-01
38098: 1.734793e+00 1.428224e+00 6.934307e-01 1.435523e-01
38098: 1.735437e+00 1.429612e+00 6.917476e-01 1.432039e-01
38098: 1.733656e+00 1.433414e+00 6.900726e-01 1.428571e-01
38098: 1.731884e+00 1.432367e+00 6.932367e-01 1.425121e-01
38098: 1.730120e+00 1.433735e+00 6.939759e-01 1.421687e-01
38098: 1.733173e+00 1.432692e+00 6.923077e-01 1.418269e-01
38098: 1.736211e+00 1.431655e+00 6.906475e-01 1.414868e-01
38098: 1.736842e+00 1.433014e+00 6.889952e-01 1.411483e-01
38098: 1.737470e+00 1.434368e+00 6.873508e-01 1.408115e-01
38098: 1.735714e+00 1.433333e+00 6.880952e-01 1.428571e-01
38098: 1.736342e+00 1.432304e+00 6.888361e-01 1.425178e-01
38098: 1.734597e+00 1.433649e+00 6.895735e-01 1.421801e-01
38098: 1.732861e+00 1.434988e+00 6.903073e-01 1.418440e-01
38098: 1.731132e+00 1.433962e+00 6.910377e-01 1.438679e-01
38098: 1.731765e+00 1.432941e+00 6.894118e-01 1.458824e-01
38098: 1.732394e+00 1.431925e+00 6.877934e-01 1.478873e-01
38098: 1.735363e+00 1.430913e+00 6.861827e-01 1.475410e-01
38098: 1.733645e+00 1.432243e+00 6.869159e-01 1.471963e-01
38098: 1.736597e+00 1.431235e+00 6.853147e-01 1.468531e-01
38098: 1.737209e+00 1.432558e+00 6.837209e-01 1.465116e-01
38098: 1.737819e+00 1.433875e+00 6.821346e-01 1.461717e-01
38098: 1.738426e+00 1.435185e+00 6.805556e-01 1.458333e-01
38098: 1.736721e+00 1.434180e+00 6.812933e-01 1.478060e-01
38098: 1.737327e+00 1.435484e+00 6.797235e-01 1.474654e-01
38098: 1.737931e+00 1.436782e+00 6.781609e-01 1.471264e-01
38098: 1.736239e+00 1.435780e+00 6.811927e-01 1.467890e-01
38098: 1.734554e+00 1.434783e+00 6.842105e-01 1.464531e-01
38098: 1.732877e+00 1.433790e+00 6.849315e-01 1.484018e-01
38098: 1.735763e+00 1.432802e+00 6.833713e-01 1.480638e-01
38098: 1.738636e+00 1.431818e+00 6.818182e-01 1.477273e-01
38098: 1.739229e+00 1.430839e+00 6.825397e-01 1.473923e-01
38098: 1.739819e+00 1.432127e+00 6.809955e-01 1.470588e-01
38098: 1.742664e+00 1.431151e+00 6.794582e-01 1.467269e-01
38098: 1.740991e+00 1.430180e+00 6.801802e-01 1.486486e-01
38098: 1.739326e+00 1.431461e+00 6.808989e-01 1.483146e-01
38098: 1.739910e+00 1.430493e+00 6.816143e-01 1.479821e-01
38098: 1.738255e+00 1.431767e+00 6.823266e-01 1.476510e-01
38098: 1.736607e+00 1.430804e+00 6.852679e-01 1.473214e-01
38098: 1.734967e+00 1.432071e+00 6.837416e-01 1.492205e-01
38098: 1.735556e+00 1.431111e+00 6.844444e-01 1.488889e-01
38098: 1.733925e+00 1.432373e+00 6.851441e-01 1.485588e-01
38098: 1.732301e+00 1.431416e+00 6.858407e-01 1.504425e-01
38098: 1.732892e+00 1.430464e+00 6.865342e-01 1.501104e-01
38098: 1.733480e+00 1.429515e+00 6.872247e-01 1.497797e-01
38098: 1.734066e+00 1.428571e+00 6.879121e-01 1.494505e-01
38098: 1.734649e+00 1.427632e+00 6.864035e-01 1.513158e-01
38098: 1.733042e+00 1.428884e+00 6.870897e-01 1.509847e-01
38098: 1.731441e+00 1.427948e+00 6.899563e-01 1.506550e-01
38098: 1.732026e+00 1.429194e+00 6.884532e-01 1.503268e-01
38098: 1.734783e+00 1.428261e+00 6.869565e-01 1.500000e-01
38098: 1.737527e+00 1.427332e+00 6.854664e-01 1.496746e-01
38098: 1.738095e+00 1.428571e+00 6.839827e-01 1.493506e-01
38098: 1.736501e+00 1.429806e+00 6.846652e-01 1.490281e-01
38098: 1.734914e+00 1.431034e+00 6.853448e-01 1.487069e-01
38098: 1.733333e+00 1.432258e+00 6.838710e-01 1.505376e-01
38098: 1.736052e+00 1.431330e+00 6.824034e-01 1.502146e-01
38098: 1.734475e+00 1.434690e+00 6.809422e-01 1.498929e-01
38098: 1.735043e+00 1.435897e+00 6.794872e-01 1.495726e-01
38098: 1.735608e+00 1.437100e+00 6.780384e-01 1.492537e-01
38098: 1.738298e+00 1.436170e+00 6.765957e-01 1.489362e-01
38098: 1.738854e+00 1.435244e+00 6.772824e-01 1.486200e-01
38098: 1.739407e+00 1.434322e+00 6.779661e-01 1.483051e-01
38098: 1.739958e+00 1.435518e+00 6.765328e-01 1.479915e-01
38098: 1.742616e+00 1.434599e+00 6.751055e-01 1.476793e-01
38098: 1.745263e+00 1.433684e+00 6.736842e-01 1.473684e-01
38098: 1.743697e+00 1.436975e+00 6.722689e-01 1.470588e-01
38098: 1.744235e+00 1.436059e+00 6.729560e-01 1.467505e-01
38098: 1.746862e+00 1.435146e+00 6.715481e-01 1.464435e-01
38098: 1.747390e+00 1.436326e+00 6.701461e-01 1.461378e-01
38098: 1.745833e+00 1.437500e+00 6.708333e-01 1.458333e-01
38098: 1.744283e+00 1.436590e+00 6.735967e-01 1.455301e-01
38098: 1.744813e+00 1.435685e+00 6.742739e-01 1.452282e-01
38098: 1.745342e+00 1.436853e+00 6.728778e-01 1.449275e-01
38098: 1.745868e+00 1.438017e+00 6.714876e-01 1.446281e-01
38098: 1.744330e+00 1.439175e+00 6.721649e-01 1.443299e-01
38098: 1.744856e+00 1.440329e+00 6.707819e-01 1.440329e-01
38098: 1.745380e+00 1.439425e+00 6.714579e-01 1.437372e-01
38098: 1.745902e+00 1.440574e+00 6.700820e-01 1.434426e-01
38098: 1.746421e+00 1.439673e+00 6.707566e-01 1.431493e-01
38098: 1.746939e+00 1.438776e+00 6.714286e-01 1.428571e-01
38098: 1.749491e+00 1.437882e+00 6.700611e-01 1.425662e-01
38098: 1.747967e+00 1.441057e+00 6.686992e-01 1.422764e-01
38098: 1.748479e+00 1.440162e+00 6.693712e-01 1.419878e-01
38098: 1.748988e+00 1.439271e+00 6.700405e-01 1.417004e-01
38098: 1.749495e+00 1.438384e+00 6.707071e-01 1.414141e-01
38098: 1.750000e+00 1.437500e+00 6.693548e-01 1.431452e-01
38098: 1.750503e+00 1.436620e+00 6.700201e-01 1.428571e-01
38098: 1.751004e+00 1.435743e+00 6.706827e-01 1.425703e-01
38098: 1.753507e+00 1.434870e+00 6.693387e-01 1.422846e-01
38098: 1.754000e+00 1.436000e+00 6.680000e-01 1.420000e-01
38098: 1.754491e+00 1.437126e+00 6.666667e-01 1.417166e-01
38098: 1.754980e+00 1.436255e+00 6.673307e-01 1.414343e-01
38098: 1.755467e+00 1.437376e+00 6.660040e-01 1.411531e-01
38098: 1.757937e+00 1.436508e+00 6.646825e-01 1.408730e-01
38098: 1.758416e+00 1.437624e+00 6.633663e-01 1.405941e-01
38098: 1.758893e+00 1.436759e+00 6.640316e-01 1.403162e-01
38098: 1.759369e+00 1.437870e+00 6.627219e-01 1.400394e-01
38098: 1.757874e+00 1.438976e+00 6.633858e-01 1.397638e-01
38098: 1.756385e+00 1.440079e+00 6.620825e-01 1.414538e-01
38098: 1.756863e+00 1.441176e+00 6.607843e-01 1.411765e-01
38098: 1.757339e+00 1.442270e+00 6.594912e-01 1.409002e-01
38098: 1.755859e+00 1.441406e+00 6.621094e-01 1.406250e-01
38098: 1.754386e+00 1.440546e+00 6.647173e-01 1.403509e-01
38098: 1.754864e+00 1.441634e+00 6.634241e-01 1.400778e-01
38098: 1.755340e+00 1.442718e+00 6.621359e-01 1.398058e-01
38098: 1.753876e+00 1.441860e+00 6.647287e-01 1.395349e-01
38098: 1.752418e+00 1.444874e+00 6.634429e-01 1.392650e-01
38098: 1.750965e+00 1.445946e+00 6.640927e-01 1.389961e-01
38098: 1.749518e+00 1.445087e+00 6.647399e-01 1.406551e-01
38098: 1.748077e+00 1.444231e+00 6.673077e-01 1.403846e-01
38098: 1.750480e+00 1.443378e+00 6.660269e-01 1.401152e-01
38098: 1.749042e+00 1.446360e+00 6.647510e-01 1.398467e-01
38098: 1.749522e+00 1.447419e+00 6.634799e-01 1.395793e-01
38098: 1.748092e+00 1.446565e+00 6.660305e-01 1.393130e-01
38098: 1.748571e+00 1.447619e+00 6.647619e-01 1.390476e-01
38098: 1.749049e+00 1.446768e+00 6.653992e-01 1.387833e-01
38098: 1.749526e+00 1.447818e+00 6.641366e-01 1.385199e-01
38098: 1.750000e+00 1.446970e+00 6.647727e-01 1.382576e-01
38098: 1.750473e+00 1.446125e+00 6.654064e-01 1.379962e-01
38098: 1.750943e+00 1.445283e+00 6.660377e-01 1.377358e-01
38098: 1.753296e+00 1.444444e+00 6.647834e-01 1.374765e-01
38098: 1.753759e+00 1.443609e+00 6.654135e-01 1.372180e-01
38098: 1.754221e+00 1.442777e+00 6.641651e-01 1.388368e-01
38098: 1.754682e+00 1.441948e+00 6.647940e-01 1.385768e-01
38098: 1.753271e+00 1.444860e+00 6.635514e-01 1.383178e-01
38098: 1.751866e+00 1.444030e+00 6.660448e-01 1.380597e-01
38098: 1.754190e+00 1.443203e+00 6.648045e-01 1.378026e-01
38098: 1.754647e+00 1.442379e+00 6.654275e-01 1.375465e-01
38098: 1.755102e+00 1.441558e+00 6.660482e-01 1.372913e-01
38098: 1.753704e+00 1.442593e+00 6.666667e-01 1.370370e-01
38098: 1.754159e+00 1.441774e+00 6.672828e-01 1.367837e-01
38098: 1.754613e+00 1.440959e+00 6.678967e-01 1.365314e-01
38098: 1.756906e+00 1.440147e+00 6.666667e-01 1.362799e-01
38098: 1.757353e+00 1.441176e+00 6.654412e-01 1.360294e-01
38098: 1.757798e+00 1.440367e+00 6.660550e-01 1.357798e-01
38098: 1.758242e+00 1.439560e+00 6.666667e-01 1.355311e-01
38098: 1.758684e+00 1.438757e+00 6.672761e-01 1.352834e-01
38098: 1.757299e+00 1.437956e+00 6.697080e-01 1.350365e-01
38098: 1.759563e+00 1.437158e+00 6.684882e-01 1.347905e-01
38098: 1.760000e+00 1.438182e+00 6.672727e-01 1.345455e-01
38098: 1.760436e+00 1.439201e+00 6.660617e-01 1.343013e-01
38098: 1.760870e+00 1.438406e+00 6.666667e-01 1.340580e-01
38098: 1.761302e+00 1.439421e+00 6.654611e-01 1.338156e-01
38098: 1.759928e+00 1.440433e+00 6.660650e-01 1.335740e-01
38098: 1.760360e+00 1.439640e+00 6.648649e-01 1.351351e-01
38098: 1.758993e+00 1.440647e+00 6.636691e-01 1.366906e-01
38098: 1.757630e+00 1.441652e+00 6.642729e-01 1.364452e-01
38098: 1.758065e+00 1.440860e+00 6.630824e-01 1.379928e-01
38098: 1.758497e+00 1.440072e+00 6.636852e-01 1.377460e-01
38098: 1.757143e+00 1.441071e+00 6.642857e-01 1.375000e-01
38098: 1.759358e+00 1.440285e+00 6.631016e-01 1.372549e-01
38098: 1.758007e+00 1.441281e+00 6.637011e-01 1.370107e-01
38098: 1.756661e+00 1.440497e+00 6.642984e-01 1.385435e-01
38098: 1.757092e+00 1.439716e+00 6.648936e-01 1.382979e-01
38098: 1.757522e+00 1.438938e+00 6.654867e-01 1.380531e-01
38098: 1.756184e+00 1.438163e+00 6.678445e-01 1.378092e-01
38098: 1.754850e+00 1.437390e+00 6.684303e-01 1.393298e-01
38098: 1.753521e+00 1.436620e+00 6.707746e-01 1.390845e-01
38098: 1.753954e+00 1.435852e+00 6.695958e-01 1.405975e-01
38098: 1.754386e+00 1.435088e+00 6.701754e-01 1.403509e-01
38098: 1.754816e+00 1.434326e+00 6.707531e-01 1.401051e-01
38098: 1.755245e+00 1.433566e+00 6.695804e-01 1.416084e-01
38098: 1.755672e+00 1.432810e+00 6.701571e-01 1.413613e-01
38098: 1.756098e+00 1.432056e+00 6.707317e-01 1.411150e-01
38098: 1.756522e+00 1.433043e+00 6.695652e-01 1.408696e-01
38098: 1.756944e+00 1.434028e+00 6.684028e-01 1.406250e-01
38098: 1.755633e+00 1.435009e+00 6.689775e-01 1.403813e-01
38098: 1.756055e+00 1.435986e+00 6.678201e-01 1.401384e-01
38098: 1.756477e+00 1.435233e+00 6.683938e-01 1.398964e-01
38098: 1.756897e+00 1.436207e+00 6.672414e-01 1.396552e-01
38098: 1.755594e+00 1.435456e+00 6.695353e-01 1.394148e-01
38098: 1.754296e+00 1.434708e+00 6.701031e-01 1.408935e-01
38098: 1.754717e+00 1.433962e+00 6.706690e-01 1.406518e-01
38098: 1.753425e+00 1.433219e+00 6.729452e-01 1.404110e-01
38098: 1.752137e+00 1.432479e+00 6.735043e-01 1.418803e-01
38098: 1.752560e+00 1.431741e+00 6.740614e-01 1.416382e-01
38098: 1.752981e+00 1.431005e+00 6.746167e-01 1.413969e-01
38098: 1.751701e+00 1.431973e+00 6.751701e-01 1.411565e-01
38098: 1.750424e+00 1.431239e+00 6.774194e-01 1.409168e-01
38098: 1.750847e+00 1.430508e+00 6.779661e-01 1.406780e-01
38098: 1.749577e+00 1.429780e+00 6.785110e-01 1.421320e-01
38098: 1.748311e+00 1.430743e+00 6.790541e-01 1.418919e-01
38098: 1.748735e+00 1.431703e+00 6.779089e-01 1.416526e-01
38098: 1.747475e+00 1.430976e+00 6.784512e-01 1.430976e-01
38098: 1.747899e+00 1.431933e+00 6.773109e-01 1.428571e-01
38098: 1.746644e+00 1.432886e+00 6.778523e-01 1.426174e-01
38098: 1.747069e+00 1.432161e+00 6.783920e-01 1.423786e-01
38098: 1.747492e+00 1.431438e+00 6.789298e-01 1.421405e-01
38098: 1.746244e+00 1.432387e+00 6.794658e-01 1.419032e-01
38098: 1.745000e+00 1.431667e+00 6.800000e-01 1.433333e-01
38098: 1.743760e+00 1.430948e+00 6.821963e-01 1.430948e-01
38098: 1.742525e+00 1.430233e+00 6.827243e-01 1.445183e-01
38098: 1.744610e+00 1.429519e+00 6.815920e-01 1.442786e-01
38098: 1.745033e+00 1.430464e+00 6.804636e-01 1.440397e-01
38098: 1.745455e+00 1.429752e+00 6.809917e-01 1.438017e-01
38098: 1.744224e+00 1.429043e+00 6.831683e-01 1.435644e-01
38098: 1.744646e+00 1.428336e+00 6.836903e-01 1.433278e-01
38098: 1.745066e+00 1.427632e+00 6.842105e-01 1.430921e-01
38098: 1.745484e+00 1.426929e+00 6.847291e-01 1.428571e-01
38098: 1.744262e+00 1.426230e+00 6.868852e-01 1.426230e-01
38098: 1.743044e+00 1.428805e+00 6.857610e-01 1.423895e-01
38098: 1.741830e+00 1.428105e+00 6.879085e-01 1.421569e-01
38098: 1.740620e+00 1.429038e+00 6.884176e-01 1.419250e-01
38098: 1.742671e+00 1.428339e+00 6.872964e-01 1.416938e-01
38098: 1.743089e+00 1.427642e+00 6.878049e-01 1.414634e-01
38098: 1.743506e+00 1.426948e+00 6.883117e-01 1.412338e-01
38098: 1.745543e+00 1.426256e+00 6.871961e-01 1.410049e-01
38098: 1.744337e+00 1.425566e+00 6.877023e-01 1.423948e-01
38098: 1.743134e+00 1.426494e+00 6.882068e-01 1.421648e-01
38098: 1.741935e+00 1.427419e+00 6.887097e-01 1.419355e-01
38098: 1.740741e+00 1.428341e+00 6.876006e-01 1.433172e-01
38098: 1.741158e+00 1.427653e+00 6.864952e-01 1.446945e-01
38098: 1.739968e+00 1.426966e+00 6.886035e-01 1.444623e-01
38098: 1.741987e+00 1.426282e+00 6.875000e-01 1.442308e-01
38098: 1.742400e+00 1.427200e+00 6.864000e-01 1.440000e-01
38098: 1.741214e+00 1.428115e+00 6.869010e-01 1.437700e-01
38098: 1.740032e+00 1.427432e+00 6.874003e-01 1.451356e-01
38098: 1.738854e+00 1.428344e+00 6.878981e-01 1.449045e-01
38098: 1.739269e+00 1.429253e+00 6.868045e-01 1.446741e-01
38098: 1.738095e+00 1.430159e+00 6.857143e-01 1.460317e-01
38098: 1.738510e+00 1.431062e+00 6.846276e-01 1.458003e-01
38098: 1.738924e+00 1.431962e+00 6.835443e-01 1.455696e-01
38098: 1.739336e+00 1.431280e+00 6.840442e-01 1.453397e-01
38098: 1.739748e+00 1.430599e+00 6.845426e-01 1.451104e-01
38098: 1.741732e+00 1.429921e+00 6.834646e-01 1.448819e-01
38098: 1.740566e+00 1.429245e+00 6.855346e-01 1.446541e-01
38098: 1.740973e+00 1.430141e+00 6.844584e-01 1.444270e-01
38098: 1.739812e+00 1.431034e+00 6.849530e-01 1.442006e-01
38098: 1.740219e+00 1.431925e+00 6.838811e-01 1.439750e-01
38098: 1.739062e+00 1.434375e+00 6.828125e-01 1.437500e-01
38098: 1.739470e+00 1.433697e+00 6.833073e-01 1.435257e-01
38098: 1.739875e+00 1.434579e+00 6.822430e-01 1.433022e-01
38098: 1.738725e+00 1.435459e+00 6.827372e-01 1.430793e-01
38098: 1.740683e+00 1.434783e+00 6.816770e-01 1.428571e-01
38098: 1.741085e+00 1.435659e+00 6.806202e-01 1.426357e-01
38098: 1.741486e+00 1.434985e+00 6.811146e-01 1.424149e-01
38098: 1.740340e+00 1.434312e+00 6.831530e-01 1.421947e-01
38098: 1.742284e+00 1.433642e+00 6.820988e-01 1.419753e-01
38098: 1.742681e+00 1.434515e+00 6.810478e-01 1.417565e-01
38098: 1.741538e+00 1.433846e+00 6.830769e-01 1.415385e-01
38098: 1.740399e+00 1.434716e+00 6.835637e-01 1.413210e-01
38098: 1.740798e+00 1.435583e+00 6.825153e-01 1.411043e-01
38098: 1.739663e+00 1.434916e+00 6.830015e-01 1.424196e-01
38098: 1.738532e+00 1.435780e+00 6.834862e-01 1.422018e-01
38098: 1.737405e+00 1.436641e+00 6.824427e-01 1.435115e-01
38098: 1.737805e+00 1.435976e+00 6.829268e-01 1.432927e-01
38098: 1.736682e+00 1.438356e+00 6.818874e-01 1.430746e-01
38098: 1.735562e+00 1.439210e+00 6.823708e-01 1.428571e-01
38098: 1.737481e+00 1.438543e+00 6.813354e-01 1.426404e-01
38098: 1.736364e+00 1.437879e+00 6.833333e-01 1.424242e-01
38098: 1.738275e+00 1.437216e+00 6.822995e-01 1.422088e-01
38098: 1.738671e+00 1.436556e+00 6.812689e-01 1.435045e-01
38098: 1.737557e+00 1.437406e+00 6.817496e-01 1.432881e-01
38098: 1.737952e+00 1.438253e+00 6.807229e-01 1.430723e-01
38098: 1.738346e+00 1.437594e+00 6.812030e-01 1.428571e-01
38098: 1.738739e+00 1.438438e+00 6.801802e-01 1.426426e-01
38098: 1.737631e+00 1.439280e+00 6.806597e-01 1.424288e-01
38098: 1.738024e+00 1.438623e+00 6.796407e-01 1.437126e-01
38098: 1.736921e+00 1.437967e+00 6.801196e-01 1.449925e-01
38098: 1.737313e+00 1.438806e+00 6.791045e-01 1.447761e-01
38098: 1.737705e+00 1.439642e+00 6.780924e-01 1.445604e-01
38098: 1.736607e+00 1.440476e+00 6.785714e-01 1.443452e-01
38098: 1.736999e+00 1.439822e+00 6.790490e-01 1.441308e-01
38098: 1.735905e+00 1.440653e+00 6.795252e-01 1.439169e-01
38098: 1.734815e+00 1.441481e+00 6.800000e-01 1.437037e-01
38098: 1.735207e+00 1.442308e+00 6.789941e-01 1.434911e-01
38098: 1.734121e+00 1.443131e+00 6.794682e-01 1.432792e-01
38098: 1.734513e+00 1.442478e+00 6.799410e-01 1.430678e-01
38098: 1.734904e+00 1.441826e+00 6.804124e-01 1.428571e-01
38098: 1.735294e+00 1.441176e+00 6.808824e-01 1.426471e-01
38098: 1.737151e+00 1.440529e+00 6.798825e-01 1.424376e-01
38098: 1.736070e+00 1.439883e+00 6.818182e-01 1.422287e-01
38098: 1.736457e+00 1.440703e+00 6.808199e-01 1.420205e-01
38098: 1.735380e+00 1.441520e+00 6.812865e-01 1.418129e-01
38098: 1.734307e+00 1.442336e+00 6.817518e-01 1.416058e-01
38098: 1.733236e+00 1.441691e+00 6.836735e-01 1.413994e-01
38098: 1.735080e+00 1.441048e+00 6.826783e-01 1.411936e-01
38098: 1.734012e+00 1.443314e+00 6.816860e-01 1.409884e-01
38098: 1.734398e+00 1.442671e+00 6.821480e-01 1.407837e-01
38098: 1.734783e+00 1.443478e+00 6.811594e-01 1.405797e-01
38098: 1.736614e+00 1.442836e+00 6.801737e-01 1.403763e-01
38098: 1.736994e+00 1.442197e+00 6.806358e-01 1.401734e-01
38098: 1.735931e+00 1.443001e+00 6.810967e-01 1.399711e-01
38098: 1.734870e+00 1.442363e+00 6.815562e-01 1.412104e-01
38098: 1.733813e+00 1.441727e+00 6.834532e-01 1.410072e-01
38098: 1.732759e+00 1.441092e+00 6.853448e-01 1.408046e-01
38098: 1.731707e+00 1.443329e+00 6.843615e-01 1.406026e-01
38098: 1.732092e+00 1.444126e+00 6.833811e-01 1.404011e-01
38098: 1.732475e+00 1.443491e+00 6.838340e-01 1.402003e-01
38098: 1.731429e+00 1.444286e+00 6.842857e-01 1.400000e-01
38098: 1.731812e+00 1.445078e+00 6.833096e-01 1.398003e-01
38098: 1.732194e+00 1.444444e+00 6.837607e-01 1.396011e-01
38098: 1.732575e+00 1.443812e+00 6.842105e-01 1.394026e-01
38098: 1.732955e+00 1.443182e+00 6.846591e-01 1.392045e-01
38098: 1.731915e+00 1.442553e+00 6.851064e-01 1.404255e-01
38098: 1.733711e+00 1.441926e+00 6.841360e-01 1.402266e-01
38098: 1.734088e+00 1.441301e+00 6.845827e-01 1.400283e-01
38098: 1.734463e+00 1.442090e+00 6.836158e-01 1.398305e-01
38098: 1.734838e+00 1.441467e+00 6.840621e-01 1.396333e-01
38098: 1.735211e+00 1.442254e+00 6.830986e-01 1.394366e-01
38098: 1.735584e+00 1.443038e+00 6.821378e-01 1.392405e-01
38098: 1.735955e+00 1.442416e+00 6.825843e-01 1.390449e-01
38098: 1.736325e+00 1.441795e+00 6.830295e-01 1.388499e-01
38098: 1.736695e+00 1.441176e+00 6.834734e-01 1.386555e-01
38098: 1.737063e+00 1.440559e+00 6.825175e-01 1.398601e-01
38098: 1.736034e+00 1.439944e+00 6.843575e-01 1.396648e-01
38098: 1.736402e+00 1.439331e+00 6.847978e-01 1.394700e-01
38098: 1.736769e+00 1.438719e+00 6.852368e-01 1.392758e-01
38098: 1.735744e+00 1.440890e+00 6.842837e-01 1.390821e-01
38098: 1.736111e+00 1.440278e+00 6.847222e-01 1.388889e-01
38098: 1.735090e+00 1.441054e+00 6.851595e-01 1.386963e-01
38098: 1.734072e+00 1.441828e+00 6.855956e-01 1.385042e-01
38098: 1.733057e+00 1.441217e+00 6.860304e-01 1.396957e-01
38098: 1.732044e+00 1.440608e+00 6.864641e-01 1.408840e-01
38098: 1.732414e+00 1.440000e+00 6.868966e-01 1.406897e-01
38098: 1.731405e+00 1.439394e+00 6.887052e-01 1.404959e-01
38098: 1.730399e+00 1.438790e+00 6.891334e-01 1.416781e-01
38098: 1.732143e+00 1.438187e+00 6.881868e-01 1.414835e-01
38098: 1.731139e+00 1.438957e+00 6.886145e-01 1.412894e-01
38098: 1.730137e+00 1.438356e+00 6.890411e-01 1.424658e-01
38098: 1.729138e+00 1.439124e+00 6.894665e-01 1.422709e-01
38098: 1.729508e+00 1.438525e+00 6.885246e-01 1.434426e-01
38098: 1.731241e+00 1.437926e+00 6.875853e-01 1.432469e-01
38098: 1.731608e+00 1.438692e+00 6.866485e-01 1.430518e-01
38098: 1.731973e+00 1.438095e+00 6.870748e-01 1.428571e-01
38098: 1.730978e+00 1.440217e+00 6.861413e-01 1.426630e-01
38098: 1.729986e+00 1.440977e+00 6.865672e-01 1.424695e-01
38098: 1.730352e+00 1.440379e+00 6.856369e-01 1.436314e-01
38098: 1.730717e+00 1.439783e+00 6.860622e-01 1.434371e-01
38098: 1.731081e+00 1.439189e+00 6.864865e-01 1.432432e-01
38098: 1.731444e+00 1.438596e+00 6.869096e-01 1.430499e-01
38098: 1.731806e+00 1.439353e+00 6.859838e-01 1.428571e-01
38098: 1.732167e+00 1.438762e+00 6.864065e-01 1.426649e-01
38098: 1.731183e+00 1.440860e+00 6.854839e-01 1.424731e-01
38098: 1.731544e+00 1.441611e+00 6.845638e-01 1.422819e-01
38098: 1.730563e+00 1.443700e+00 6.836461e-01 1.420912e-01
38098: 1.729585e+00 1.443106e+00 6.854083e-01 1.419009e-01
38098: 1.728610e+00 1.445187e+00 6.844920e-01 1.417112e-01
38098: 1.728972e+00 1.444593e+00 6.849132e-01 1.415220e-01
38098: 1.729333e+00 1.445333e+00 6.840000e-01 1.413333e-01
38098: 1.729694e+00 1.444740e+00 6.844208e-01 1.411451e-01
38098: 1.728723e+00 1.444149e+00 6.861702e-01 1.409574e-01
38098: 1.729084e+00 1.443559e+00 6.865870e-01 1.407703e-01
38098: 1.729443e+00 1.442971e+00 6.870027e-01 1.405836e-01
38098: 1.728477e+00 1.443709e+00 6.874172e-01 1.403974e-01
38098: 1.728836e+00 1.443122e+00 6.878307e-01 1.402116e-01
38098: 1.729194e+00 1.442536e+00 6.869221e-01 1.413474e-01
38098: 1.730871e+00 1.441953e+00 6.860158e-01 1.411609e-01
38098: 1.731225e+00 1.442688e+00 6.851120e-01 1.409750e-01
38098: 1.731579e+00 1.442105e+00 6.855263e-01 1.407895e-01
38098: 1.731932e+00 1.441524e+00 6.859396e-01 1.406045e-01
38098: 1.730971e+00 1.440945e+00 6.863517e-01 1.417323e-01
38098: 1.731324e+00 1.440367e+00 6.854522e-01 1.428571e-01
38098: 1.732984e+00 1.439791e+00 6.845550e-01 1.426702e-01
38098: 1.733333e+00 1.440523e+00 6.836601e-01 1.424837e-01
38098: 1.732376e+00 1.441253e+00 6.840731e-01 1.422977e-01
38098: 1.731421e+00 1.440678e+00 6.857888e-01 1.421121e-01
38098: 1.731771e+00 1.441406e+00 6.848958e-01 1.419271e-01
38098: 1.730819e+00 1.440832e+00 6.866060e-01 1.417425e-01
38098: 1.731169e+00 1.440260e+00 6.857143e-01 1.428571e-01
38098: 1.731518e+00 1.440986e+00 6.848249e-01 1.426719e-01
38098: 1.731865e+00 1.440415e+00 6.852332e-01 1.424870e-01
38098: 1.732212e+00 1.441138e+00 6.843467e-01 1.423027e-01
38098: 1.731266e+00 1.440568e+00 6.860465e-01 1.421189e-01
38098: 1.730323e+00 1.440000e+00 6.877419e-01 1.419355e-01
38098: 1.729381e+00 1.442010e+00 6.868557e-01 1.417526e-01
38098: 1.728443e+00 1.442728e+00 6.872587e-01 1.415701e-01
38098: 1.728792e+00 1.442159e+00 6.863753e-01 1.426735e-01
38098: 1.727856e+00 1.441592e+00 6.867779e-01 1.437741e-01
38098: 1.726923e+00 1.443590e+00 6.858974e-01 1.435897e-01
38098: 1.728553e+00 1.443022e+00 6.850192e-01 1.434059e-01
38098: 1.728900e+00 1.442455e+00 6.854220e-01 1.432225e-01
38098: 1.727969e+00 1.443167e+00 6.858238e-01 1.430396e-01
38098: 1.728316e+00 1.442602e+00 6.849490e-01 1.441327e-01
38098: 1.729936e+00 1.442038e+00 6.840764e-01 1.439490e-01
38098: 1.729008e+00 1.441476e+00 6.857506e-01 1.437659e-01
38098: 1.729352e+00 1.440915e+00 6.861499e-01 1.435832e-01
38098: 1.730964e+00 1.440355e+00 6.852792e-01 1.434010e-01
38098: 1.731305e+00 1.441065e+00 6.844106e-01 1.432193e-01
38098: 1.730380e+00 1.441772e+00 6.848101e-01 1.430380e-01
38098: 1.729456e+00 1.441214e+00 6.864728e-01 1.428571e-01
38098: 1.728535e+00 1.440657e+00 6.881313e-01 1.426768e-01
38098: 1.727617e+00 1.440101e+00 6.897856e-01 1.424968e-01
38098: 1.726700e+00 1.442065e+00 6.889169e-01 1.423174e-01
38098: 1.725786e+00 1.442767e+00 6.893082e-01 1.421384e-01
38098: 1.726131e+00 1.442211e+00 6.896985e-01 1.419598e-01
38098: 1.726474e+00 1.441656e+00 6.900878e-01 1.417817e-01
38098: 1.725564e+00 1.442356e+00 6.904762e-01 1.416040e-01
38098: 1.724656e+00 1.443054e+00 6.908636e-01 1.414268e-01
38098: 1.723750e+00 1.443750e+00 6.912500e-01 1.412500e-01
38098: 1.725343e+00 1.443196e+00 6.903870e-01 1.410737e-01
38098: 1.725686e+00 1.443890e+00 6.895262e-01 1.408978e-01
38098: 1.727273e+00 1.443337e+00 6.886675e-01 1.407223e-01
38098: 1.726368e+00 1.444030e+00 6.890547e-01 1.405473e-01
38098: 1.725466e+00 1.443478e+00 6.906832e-01 1.403727e-01
38098: 1.727047e+00 1.442928e+00 6.898263e-01 1.401985e-01
38098: 1.727385e+00 1.442379e+00 6.902107e-01 1.400248e-01
38098: 1.726485e+00 1.443069e+00 6.905941e-01 1.398515e-01
38098: 1.728059e+00 1.442522e+00 6.897404e-01 1.396786e-01
38098: 1.727160e+00 1.443210e+00 6.901235e-01 1.395062e-01
38098: 1.727497e+00 1.443896e+00 6.892725e-01 1.393342e-01
38098: 1.727833e+00 1.443350e+00 6.896552e-01 1.391626e-01
38098: 1.726937e+00 1.444034e+00 6.900369e-01 1.389914e-01
38098: 1.727273e+00 1.443489e+00 6.904177e-01 1.388206e-01
38098: 1.726380e+00 1.442945e+00 6.920245e-01 1.386503e-01
38098: 1.726716e+00 1.443627e+00 6.911765e-01 1.384804e-01
38098: 1.725826e+00 1.444308e+00 6.915545e-01 1.383109e-01
38098: 1.724939e+00 1.443765e+00 6.919315e-01 1.393643e-01
38098: 1.724054e+00 1.444444e+00 6.923077e-01 1.391941e-01
38098: 1.725610e+00 1.443902e+00 6.914634e-01 1.390244e-01
38098: 1.725944e+00 1.444580e+00 6.906212e-01 1.388551e-01
38098: 1.727494e+00 1.444039e+00 6.897810e-01 1.386861e-01
38098: 1.727825e+00 1.443499e+00 6.889429e-01 1.397327e-01
38098: 1.728155e+00 1.444175e+00 6.881068e-01 1.395631e-01
38098: 1.727273e+00 1.444848e+00 6.884848e-01 1.393939e-01
38098: 1.727603e+00 1.445521e+00 6.876513e-01 1.392252e-01
38098: 1.726723e+00 1.446191e+00 6.880290e-01 1.390568e-01
38098: 1.725845e+00 1.446860e+00 6.884058e-01 1.388889e-01
38098: 1.724970e+00 1.447527e+00 6.887817e-01 1.387214e-01
38098: 1.724096e+00 1.448193e+00 6.891566e-01 1.385542e-01
38098: 1.725632e+00 1.447653e+00 6.883273e-01 1.383875e-01
38098: 1.724760e+00 1.447115e+00 6.899038e-01 1.382212e-01
38098: 1.723890e+00 1.446579e+00 6.902761e-01 1.392557e-01
38098: 1.723022e+00 1.447242e+00 6.906475e-01 1.390887e-01
38098: 1.722156e+00 1.446707e+00 6.910180e-01 1.401198e-01
38098: 1.722488e+00 1.447368e+00 6.901914e-01 1.399522e-01
38098: 1.722820e+00 1.446834e+00 6.905615e-01 1.397849e-01
38098: 1.721957e+00 1.446301e+00 6.921241e-01 1.396181e-01
38098: 1.721097e+00 1.445769e+00 6.936830e-01 1.394517e-01
38098: 1.721429e+00 1.445238e+00 6.928571e-01 1.404762e-01
38098: 1.721760e+00 1.445898e+00 6.920333e-01 1.403092e-01
38098: 1.722090e+00 1.445368e+00 6.923990e-01 1.401425e-01
38098: 1.721234e+00 1.446026e+00 6.915777e-01 1.411625e-01
38098: 1.721564e+00 1.446682e+00 6.907583e-01 1.409953e-01
38098: 1.721893e+00 1.447337e+00 6.899408e-01 1.408284e-01
38098: 1.721040e+00 1.447991e+00 6.903073e-01 1.406619e-01
38098: 1.722550e+00 1.447462e+00 6.894923e-01 1.404959e-01
38098: 1.722877e+00 1.446934e+00 6.886792e-01 1.415094e-01
38098: 1.723204e+00 1.446408e+00 6.890459e-01 1.413428e-01
38098: 1.723529e+00 1.445882e+00 6.894118e-01 1.411765e-01
38098: 1.722679e+00 1.447709e+00 6.886016e-01 1.410106e-01
38098: 1.721831e+00 1.447183e+00 6.889671e-01 1.420188e-01
38098: 1.722157e+00 1.446659e+00 6.893318e-01 1.418523e-01
38098: 1.722482e+00 1.447307e+00 6.885246e-01 1.416862e-01
38098: 1.722807e+00 1.446784e+00 6.888889e-01 1.415205e-01
38098: 1.721963e+00 1.447430e+00 6.892523e-01 1.413551e-01
38098: 1.723454e+00 1.446908e+00 6.884481e-01 1.411902e-01
38098: 1.723776e+00 1.446387e+00 6.888112e-01 1.410256e-01
38098: 1.724098e+00 1.447031e+00 6.880093e-01 1.408615e-01
38098: 1.724419e+00 1.446512e+00 6.883721e-01 1.406977e-01
38098: 1.725900e+00 1.445993e+00 6.875726e-01 1.405343e-01
38098: 1.725058e+00 1.445476e+00 6.879350e-01 1.415313e-01
38098: 1.725377e+00 1.446118e+00 6.871379e-01 1.413673e-01
38098: 1.724537e+00 1.445602e+00 6.875000e-01 1.423611e-01
38098: 1.726012e+00 1.445087e+00 6.867052e-01 1.421965e-01
38098: 1.726328e+00 1.444573e+00 6.870670e-01 1.420323e-01
38098: 1.726644e+00 1.444060e+00 6.874279e-01 1.418685e-01
38098: 1.726959e+00 1.444700e+00 6.866359e-01 1.417051e-01
38098: 1.727273e+00 1.445339e+00 6.858458e-01 1.415420e-01
38098: 1.727586e+00 1.444828e+00 6.862069e-01 1.413793e-01
38098: 1.729047e+00 1.444317e+00 6.854191e-01 1.412170e-01
38098: 1.729358e+00 1.443807e+00 6.846330e-01 1.422018e-01
38098: 1.729668e+00 1.443299e+00 6.849943e-01 1.420389e-01
38098: 1.729977e+00 1.443936e+00 6.842105e-01 1.418764e-01
38098: 1.731429e+00 1.443429e+00 6.834286e-01 1.417143e-01
38098: 1.731735e+00 1.442922e+00 6.837900e-01 1.415525e-01
38098: 1.730901e+00 1.443558e+00 6.841505e-01 1.413911e-01
38098: 1.732346e+00 1.443052e+00 6.833713e-01 1.412301e-01
38098: 1.732651e+00 1.442548e+00 6.837315e-01 1.410694e-01
38098: 1.731818e+00 1.442045e+00 6.852273e-01 1.409091e-01
38098: 1.730988e+00 1.442679e+00 6.855846e-01 1.407491e-01
38098: 1.732426e+00 1.442177e+00 6.848073e-01 1.405896e-01
38098: 1.732729e+00 1.441676e+00 6.851642e-01 1.404304e-01
38098: 1.731900e+00 1.441176e+00 6.866516e-01 1.402715e-01
38098: 1.733333e+00 1.440678e+00 6.858757e-01 1.401130e-01
38098: 1.732506e+00 1.441309e+00 6.862302e-01 1.399549e-01
38098: 1.732807e+00 1.441939e+00 6.854566e-01 1.397971e-01
38098: 1.734234e+00 1.441441e+00 6.846847e-01 1.396396e-01
38098: 1.733408e+00 1.440945e+00 6.850394e-01 1.406074e-01
38098: 1.732584e+00 1.441573e+00 6.853933e-01 1.404494e-01
38098: 1.731762e+00 1.442200e+00 6.857464e-01 1.402918e-01
38098: 1.730942e+00 1.442825e+00 6.849776e-01 1.412556e-01
38098: 1.731243e+00 1.442329e+00 6.842105e-01 1.422172e-01
38098: 1.731544e+00 1.441834e+00 6.845638e-01 1.420582e-01
38098: 1.731844e+00 1.441341e+00 6.849162e-01 1.418994e-01
38098: 1.732143e+00 1.440848e+00 6.852679e-01 1.417411e-01
38098: 1.731327e+00 1.440357e+00 6.856187e-01 1.426979e-01
38098: 1.731626e+00 1.439866e+00 6.859688e-01 1.425390e-01
38098: 1.730812e+00 1.440489e+00 6.852058e-01 1.434928e-01
38098: 1.731111e+00 1.440000e+00 6.855556e-01 1.433333e-01
38098: 1.731410e+00 1.440622e+00 6.847947e-01 1.431743e-01
38098: 1.730599e+00 1.441242e+00 6.851441e-01 1.430155e-01
38098: 1.730897e+00 1.440753e+00 6.854928e-01 1.428571e-01
38098: 1.732301e+00 1.440265e+00 6.847345e-01 1.426991e-01
38098: 1.733702e+00 1.439779e+00 6.839779e-01 1.425414e-01
38098: 1.732892e+00 1.440397e+00 6.843267e-01 1.423841e-01
38098: 1.733186e+00 1.439912e+00 6.846748e-01 1.422271e-01
38098: 1.734581e+00 1.439427e+00 6.839207e-01 1.420705e-01
38098: 1.734873e+00 1.440044e+00 6.831683e-01 1.419142e-01
38098: 1.735165e+00 1.440659e+00 6.824176e-01 1.417582e-01
38098: 1.735456e+00 1.441273e+00 6.816685e-01 1.416026e-01
38098: 1.736842e+00 1.440789e+00 6.809211e-01 1.414474e-01
38098: 1.737130e+00 1.440307e+00 6.812705e-01 1.412924e-01
38098: 1.738512e+00 1.439825e+00 6.805252e-01 1.411379e-01
38098: 1.737705e+00 1.440437e+00 6.797814e-01 1.420765e-01
38098: 1.736900e+00 1.441048e+00 6.801310e-01 1.419214e-01
38098: 1.736096e+00 1.441658e+00 6.804798e-01 1.417666e-01
38098: 1.737473e+00 1.441176e+00 6.797386e-01 1.416122e-01
38098: 1.736670e+00 1.442873e+00 6.789989e-01 1.414581e-01
38098: 1.735870e+00 1.443478e+00 6.793478e-01 1.413043e-01
38098: 1.737242e+00 1.442997e+00 6.786102e-01 1.411509e-01
38098: 1.737527e+00 1.442516e+00 6.789588e-01 1.409978e-01
38098: 1.736728e+00 1.442037e+00 6.803900e-01 1.408451e-01
38098: 1.735931e+00 1.442641e+00 6.807359e-01 1.406926e-01
38098: 1.736216e+00 1.442162e+00 6.810811e-01 1.405405e-01
38098: 1.735421e+00 1.441685e+00 6.825054e-01 1.403888e-01
38098: 1.735707e+00 1.441208e+00 6.828479e-01 1.402373e-01
38098: 1.735991e+00 1.440733e+00 6.831897e-01 1.400862e-01
38098: 1.736276e+00 1.440258e+00 6.835307e-01 1.399354e-01
38098: 1.736559e+00 1.439785e+00 6.827957e-01 1.408602e-01
38098: 1.736842e+00 1.440387e+00 6.820623e-01 1.407089e-01
38098: 1.736052e+00 1.439914e+00 6.834764e-01 1.405579e-01
38098: 1.735263e+00 1.439443e+00 6.848875e-01 1.404073e-01
38098: 1.735546e+00 1.438972e+00 6.852248e-01 1.402570e-01
38098: 1.735829e+00 1.438503e+00 6.855615e-01 1.401070e-01
38098: 1.735043e+00 1.439103e+00 6.848291e-01 1.410256e-01
38098: 1.734258e+00 1.439701e+00 6.851654e-01 1.408751e-01
38098: 1.734542e+00 1.440299e+00 6.844350e-01 1.407249e-01
38098: 1.735889e+00 1.439830e+00 6.837061e-01 1.405751e-01
38098: 1.736170e+00 1.439362e+00 6.829787e-01 1.414894e-01
38098: 1.735388e+00 1.438895e+00 6.833156e-01 1.424017e-01
38098: 1.735669e+00 1.438429e+00 6.836518e-01 1.422505e-01
38098: 1.735949e+00 1.437964e+00 6.839873e-01 1.420997e-01
38098: 1.735169e+00 1.438559e+00 6.843220e-01 1.419492e-01
38098: 1.734392e+00 1.439153e+00 6.846561e-01 1.417989e-01
38098: 1.733615e+00 1.438689e+00 6.860465e-01 1.416490e-01
38098: 1.733897e+00 1.439282e+00 6.853221e-01 1.414995e-01
38098: 1.735232e+00 1.438819e+00 6.845992e-01 1.413502e-01
38098: 1.735511e+00 1.438356e+00 6.849315e-01 1.412013e-01
38098: 1.735789e+00 1.437895e+00 6.852632e-01 1.410526e-01
38098: 1.735016e+00 1.438486e+00 6.855941e-01 1.409043e-01
38098: 1.734244e+00 1.438025e+00 6.859244e-01 1.418067e-01
38098: 1.734523e+00 1.437566e+00 6.862539e-01 1.416579e-01
38098: 1.734801e+00 1.437107e+00 6.855346e-01 1.425577e-01
38098: 1.734031e+00 1.436649e+00 6.869110e-01 1.424084e-01
38098: 1.734310e+00 1.437238e+00 6.861925e-01 1.422594e-01
38098: 1.734587e+00 1.436782e+00 6.865204e-01 1.421108e-01
38098: 1.734864e+00 1.436326e+00 6.868476e-01 1.419624e-01
38098: 1.734098e+00 1.436913e+00 6.871741e-01 1.418144e-01
38098: 1.734375e+00 1.436458e+00 6.864583e-01 1.427083e-01
38098: 1.733611e+00 1.436004e+00 6.878252e-01 1.425598e-01
38098: 1.733888e+00 1.435551e+00 6.881497e-01 1.424116e-01
38098: 1.734164e+00 1.435099e+00 6.884735e-01 1.422638e-01
38098: 1.734440e+00 1.435685e+00 6.877593e-01 1.421162e-01
38098: 1.735751e+00 1.435233e+00 6.870466e-01 1.419689e-01
38098: 1.736025e+00 1.434783e+00 6.873706e-01 1.418219e-01
38098: 1.735264e+00 1.435367e+00 6.876939e-01 1.416753e-01
38098: 1.735537e+00 1.434917e+00 6.880165e-01 1.415289e-01
38098: 1.735810e+00 1.434469e+00 6.883385e-01 1.413829e-01
38098: 1.735052e+00 1.434021e+00 6.896907e-01 1.412371e-01
38098: 1.735324e+00 1.433574e+00 6.900103e-01 1.410917e-01
38098: 1.734568e+00 1.433128e+00 6.903292e-01 1.419753e-01
38098: 1.733813e+00 1.433710e+00 6.906475e-01 1.418294e-01
38098: 1.735113e+00 1.433265e+00 6.899384e-01 1.416838e-01
38098: 1.735385e+00 1.432821e+00 6.892308e-01 1.425641e-01
38098: 1.735656e+00 1.432377e+00 6.895492e-01 1.424180e-01
38098: 1.735926e+00 1.431934e+00 6.898669e-01 1.422723e-01
38098: 1.736196e+00 1.432515e+00 6.891616e-01 1.421268e-01
38098: 1.735444e+00 1.433095e+00 6.894791e-01 1.419816e-01
38098: 1.735714e+00 1.432653e+00 6.897959e-01 1.418367e-01
38098: 1.735984e+00 1.432212e+00 6.901121e-01 1.416922e-01
38098: 1.736253e+00 1.431772e+00 6.904277e-01 1.415479e-01
38098: 1.736521e+00 1.432350e+00 6.897253e-01 1.414039e-01
38098: 1.736789e+00 1.432927e+00 6.890244e-01 1.412602e-01
38098: 1.736041e+00 1.433503e+00 6.893401e-01 1.411168e-01
38098: 1.735294e+00 1.434077e+00 6.896552e-01 1.409736e-01
38098: 1.736575e+00 1.433637e+00 6.889564e-01 1.408308e-01
38098: 1.737854e+00 1.433198e+00 6.882591e-01 1.406883e-01
38098: 1.739130e+00 1.432760e+00 6.875632e-01 1.405460e-01
38098: 1.738384e+00 1.432323e+00 6.888889e-01 1.404040e-01
38098: 1.737639e+00 1.432896e+00 6.892028e-01 1.402624e-01
38098: 1.736895e+00 1.432460e+00 6.895161e-01 1.411290e-01
38098: 1.736153e+00 1.433031e+00 6.898288e-01 1.409869e-01
38098: 1.737425e+00 1.432596e+00 6.891348e-01 1.408451e-01
38098: 1.737688e+00 1.433166e+00 6.884422e-01 1.407035e-01
38098: 1.737952e+00 1.433735e+00 6.877510e-01 1.405622e-01
38098: 1.737212e+00 1.433300e+00 6.890672e-01 1.404213e-01
38098: 1.736473e+00 1.434870e+00 6.883768e-01 1.402806e-01
38098: 1.736737e+00 1.435435e+00 6.876877e-01 1.401401e-01
38098: Done!
Traceback (most recent call last):
  File "/lowest-unique-number/tournament0/elexunix.py", line 25, in <module>
    input()
EOFError: EOF when reading a line
