Forked 38371
Starting to reopen 0 and 1
Calling execv `tournament0/fedro.py` (pid 38371)
Strategy 0: first ans is 0
Forked 38395
Starting to reopen 0 and 1
Calling execv `tournament0/elexunix.py` (pid 38395)
Strategy 1: first ans is 2
Forked 38419
Starting to reopen 0 and 1
Calling execv `tournament0/alex_dany` (pid 38419)
38419: Started!
38419: Number of players: 4, position: 2, number of turns: 1000
38419: Random seed: 3377745490
Strategy 2: first ans is 1
Forked 38420
Starting to reopen 0 and 1
Calling execv `tournament0/the_best_strategy.py` (pid 38420)
Strategy 3: first ans is 0
38419: 2.000000e+00 1.000000e+00 1.000000e+00 0.000000e+00
38419: 2.000000e+00 1.500000e+00 5.000000e-01 0.000000e+00
38419: 2.000000e+00 1.666667e+00 3.333333e-01 0.000000e+00
38419: 2.000000e+00 1.500000e+00 5.000000e-01 0.000000e+00
38419: 2.000000e+00 1.400000e+00 6.000000e-01 0.000000e+00
38419: 2.000000e+00 1.500000e+00 5.000000e-01 0.000000e+00
38419: 2.000000e+00 1.428571e+00 4.285714e-01 1.428571e-01
38419: 2.125000e+00 1.375000e+00 3.750000e-01 1.250000e-01
38419: 2.111111e+00 1.333333e+00 4.444444e-01 1.111111e-01
38419: 2.200000e+00 1.300000e+00 4.000000e-01 1.000000e-01
38419: 2.272727e+00 1.272727e+00 3.636364e-01 9.090909e-02
38419: 2.250000e+00 1.333333e+00 3.333333e-01 8.333333e-02
38419: 2.230769e+00 1.307692e+00 3.076923e-01 1.538462e-01
38419: 2.285714e+00 1.285714e+00 2.857143e-01 1.428571e-01
38419: 2.266667e+00 1.333333e+00 2.666667e-01 1.333333e-01
38419: 2.250000e+00 1.375000e+00 2.500000e-01 1.250000e-01
38419: 2.235294e+00 1.352941e+00 2.941176e-01 1.176471e-01
38419: 2.277778e+00 1.333333e+00 2.777778e-01 1.111111e-01
38419: 2.315789e+00 1.315789e+00 2.631579e-01 1.052632e-01
38419: 2.350000e+00 1.300000e+00 2.500000e-01 1.000000e-01
38419: 2.333333e+00 1.285714e+00 2.857143e-01 9.523810e-02
38419: 2.318182e+00 1.318182e+00 2.727273e-01 9.090909e-02
38419: 2.304348e+00 1.304348e+00 3.043478e-01 8.695652e-02
38419: 2.291667e+00 1.291667e+00 3.333333e-01 8.333333e-02
38419: 2.320000e+00 1.280000e+00 3.200000e-01 8.000000e-02
38419: 2.307692e+00 1.307692e+00 3.076923e-01 7.692308e-02
38419: 2.296296e+00 1.296296e+00 3.333333e-01 7.407407e-02
38419: 2.321429e+00 1.285714e+00 3.214286e-01 7.142857e-02
38419: 2.310345e+00 1.275862e+00 3.103448e-01 1.034483e-01
38419: 2.300000e+00 1.300000e+00 3.000000e-01 1.000000e-01
38419: 2.322581e+00 1.290323e+00 2.903226e-01 9.677419e-02
38419: 2.312500e+00 1.281250e+00 3.125000e-01 9.375000e-02
38419: 2.333333e+00 1.272727e+00 3.030303e-01 9.090909e-02
38419: 2.352941e+00 1.264706e+00 2.941176e-01 8.823529e-02
38419: 2.342857e+00 1.257143e+00 3.142857e-01 8.571429e-02
38419: 2.361111e+00 1.250000e+00 3.055556e-01 8.333333e-02
38419: 2.351351e+00 1.243243e+00 3.243243e-01 8.108108e-02
38419: 2.368421e+00 1.236842e+00 3.157895e-01 7.894737e-02
38419: 2.384615e+00 1.230769e+00 3.076923e-01 7.692308e-02
38419: 2.400000e+00 1.225000e+00 3.000000e-01 7.500000e-02
38419: 2.414634e+00 1.219512e+00 2.926829e-01 7.317073e-02
38419: 2.428571e+00 1.214286e+00 2.857143e-01 7.142857e-02
38419: 2.418605e+00 1.232558e+00 2.790698e-01 6.976744e-02
38419: 2.409091e+00 1.250000e+00 2.727273e-01 6.818182e-02
38419: 2.400000e+00 1.266667e+00 2.666667e-01 6.666667e-02
38419: 2.391304e+00 1.260870e+00 2.826087e-01 6.521739e-02
38419: 2.404255e+00 1.255319e+00 2.765957e-01 6.382979e-02
38419: 2.416667e+00 1.250000e+00 2.708333e-01 6.250000e-02
38419: 2.408163e+00 1.244898e+00 2.857143e-01 6.122449e-02
38419: 2.400000e+00 1.260000e+00 2.800000e-01 6.000000e-02
38419: 2.392157e+00 1.254902e+00 2.941176e-01 5.882353e-02
38419: 2.403846e+00 1.250000e+00 2.884615e-01 5.769231e-02
38419: 2.396226e+00 1.264151e+00 2.830189e-01 5.660377e-02
38419: 2.388889e+00 1.277778e+00 2.777778e-01 5.555556e-02
38419: 2.381818e+00 1.272727e+00 2.909091e-01 5.454545e-02
38419: 2.375000e+00 1.285714e+00 2.857143e-01 5.357143e-02
38419: 2.385965e+00 1.280702e+00 2.807018e-01 5.263158e-02
38419: 2.379310e+00 1.275862e+00 2.758621e-01 6.896552e-02
38419: 2.389831e+00 1.271186e+00 2.711864e-01 6.779661e-02
38419: 2.383333e+00 1.266667e+00 2.833333e-01 6.666667e-02
38419: 2.393443e+00 1.262295e+00 2.786885e-01 6.557377e-02
38419: 2.403226e+00 1.258065e+00 2.741935e-01 6.451613e-02
38419: 2.396825e+00 1.269841e+00 2.698413e-01 6.349206e-02
38419: 2.390625e+00 1.281250e+00 2.656250e-01 6.250000e-02
38419: 2.384615e+00 1.276923e+00 2.615385e-01 7.692308e-02
38419: 2.378788e+00 1.272727e+00 2.727273e-01 7.575758e-02
38419: 2.373134e+00 1.283582e+00 2.686567e-01 7.462687e-02
38419: 2.382353e+00 1.279412e+00 2.647059e-01 7.352941e-02
38419: 2.391304e+00 1.275362e+00 2.608696e-01 7.246377e-02
38419: 2.400000e+00 1.271429e+00 2.571429e-01 7.142857e-02
38419: 2.394366e+00 1.267606e+00 2.676056e-01 7.042254e-02
38419: 2.388889e+00 1.277778e+00 2.638889e-01 6.944444e-02
38419: 2.383562e+00 1.273973e+00 2.602740e-01 8.219178e-02
38419: 2.378378e+00 1.270270e+00 2.567568e-01 9.459459e-02
38419: 2.373333e+00 1.266667e+00 2.533333e-01 1.066667e-01
38419: 2.368421e+00 1.263158e+00 2.500000e-01 1.184211e-01
38419: 2.376623e+00 1.259740e+00 2.467532e-01 1.168831e-01
38419: 2.371795e+00 1.256410e+00 2.564103e-01 1.153846e-01
38419: 2.367089e+00 1.265823e+00 2.531646e-01 1.139241e-01
38419: 2.362500e+00 1.275000e+00 2.500000e-01 1.125000e-01
38419: 2.358025e+00 1.283951e+00 2.469136e-01 1.111111e-01
38419: 2.353659e+00 1.292683e+00 2.439024e-01 1.097561e-01
38419: 2.349398e+00 1.289157e+00 2.409639e-01 1.204819e-01
38419: 2.345238e+00 1.297619e+00 2.380952e-01 1.190476e-01
38419: 2.341176e+00 1.294118e+00 2.352941e-01 1.294118e-01
38419: 2.337209e+00 1.290698e+00 2.441860e-01 1.279070e-01
38419: 2.333333e+00 1.298851e+00 2.413793e-01 1.264368e-01
38419: 2.329545e+00 1.295455e+00 2.500000e-01 1.250000e-01
38419: 2.325843e+00 1.292135e+00 2.471910e-01 1.348315e-01
38419: 2.333333e+00 1.288889e+00 2.444444e-01 1.333333e-01
38419: 2.340659e+00 1.285714e+00 2.417582e-01 1.318681e-01
38419: 2.336957e+00 1.282609e+00 2.391304e-01 1.413043e-01
38419: 2.333333e+00 1.290323e+00 2.365591e-01 1.397849e-01
38419: 2.329787e+00 1.287234e+00 2.446809e-01 1.382979e-01
38419: 2.326316e+00 1.284211e+00 2.526316e-01 1.368421e-01
38419: 2.322917e+00 1.291667e+00 2.500000e-01 1.354167e-01
38419: 2.329897e+00 1.288660e+00 2.474227e-01 1.340206e-01
38419: 2.326531e+00 1.285714e+00 2.448980e-01 1.428571e-01
38419: 2.323232e+00 1.292929e+00 2.424242e-01 1.414141e-01
38419: 2.330000e+00 1.290000e+00 2.400000e-01 1.400000e-01
38419: 2.336634e+00 1.287129e+00 2.376238e-01 1.386139e-01
38419: 2.333333e+00 1.294118e+00 2.352941e-01 1.372549e-01
38419: 2.330097e+00 1.300971e+00 2.330097e-01 1.359223e-01
38419: 2.336538e+00 1.298077e+00 2.307692e-01 1.346154e-01
38419: 2.342857e+00 1.295238e+00 2.285714e-01 1.333333e-01
38419: 2.349057e+00 1.292453e+00 2.264151e-01 1.320755e-01
38419: 2.345794e+00 1.289720e+00 2.336449e-01 1.308411e-01
38419: 2.342593e+00 1.287037e+00 2.314815e-01 1.388889e-01
38419: 2.339450e+00 1.293578e+00 2.293578e-01 1.376147e-01
38419: 2.336364e+00 1.300000e+00 2.272727e-01 1.363636e-01
38419: 2.333333e+00 1.297297e+00 2.342342e-01 1.351351e-01
38419: 2.330357e+00 1.303571e+00 2.321429e-01 1.339286e-01
38419: 2.327434e+00 1.309735e+00 2.300885e-01 1.327434e-01
38419: 2.324561e+00 1.307018e+00 2.368421e-01 1.315789e-01
38419: 2.330435e+00 1.304348e+00 2.347826e-01 1.304348e-01
38419: 2.327586e+00 1.310345e+00 2.327586e-01 1.293103e-01
38419: 2.324786e+00 1.307692e+00 2.393162e-01 1.282051e-01
38419: 2.322034e+00 1.305085e+00 2.457627e-01 1.271186e-01
38419: 2.327731e+00 1.302521e+00 2.436975e-01 1.260504e-01
38419: 2.325000e+00 1.308333e+00 2.416667e-01 1.250000e-01
38419: 2.330579e+00 1.305785e+00 2.396694e-01 1.239669e-01
38419: 2.327869e+00 1.303279e+00 2.459016e-01 1.229508e-01
38419: 2.325203e+00 1.300813e+00 2.520325e-01 1.219512e-01
38419: 2.322581e+00 1.306452e+00 2.500000e-01 1.209677e-01
38419: 2.320000e+00 1.312000e+00 2.480000e-01 1.200000e-01
38419: 2.317460e+00 1.317460e+00 2.460317e-01 1.190476e-01
38419: 2.322835e+00 1.314961e+00 2.440945e-01 1.181102e-01
38419: 2.320312e+00 1.312500e+00 2.500000e-01 1.171875e-01
38419: 2.325581e+00 1.310078e+00 2.480620e-01 1.162791e-01
38419: 2.323077e+00 1.307692e+00 2.461538e-01 1.230769e-01
38419: 2.320611e+00 1.305344e+00 2.519084e-01 1.221374e-01
38419: 2.318182e+00 1.303030e+00 2.500000e-01 1.287879e-01
38419: 2.315789e+00 1.300752e+00 2.556391e-01 1.278195e-01
38419: 2.313433e+00 1.305970e+00 2.537313e-01 1.268657e-01
38419: 2.318519e+00 1.303704e+00 2.518519e-01 1.259259e-01
38419: 2.323529e+00 1.301471e+00 2.500000e-01 1.250000e-01
38419: 2.321168e+00 1.299270e+00 2.554745e-01 1.240876e-01
38419: 2.326087e+00 1.297101e+00 2.536232e-01 1.231884e-01
38419: 2.323741e+00 1.294964e+00 2.589928e-01 1.223022e-01
38419: 2.321429e+00 1.300000e+00 2.571429e-01 1.214286e-01
38419: 2.319149e+00 1.297872e+00 2.553191e-01 1.276596e-01
38419: 2.316901e+00 1.295775e+00 2.605634e-01 1.267606e-01
38419: 2.314685e+00 1.300699e+00 2.587413e-01 1.258741e-01
38419: 2.312500e+00 1.298611e+00 2.638889e-01 1.250000e-01
38419: 2.310345e+00 1.296552e+00 2.620690e-01 1.310345e-01
38419: 2.308219e+00 1.294521e+00 2.602740e-01 1.369863e-01
38419: 2.312925e+00 1.292517e+00 2.585034e-01 1.360544e-01
38419: 2.310811e+00 1.290541e+00 2.635135e-01 1.351351e-01
38419: 2.308725e+00 1.295302e+00 2.617450e-01 1.342282e-01
38419: 2.313333e+00 1.293333e+00 2.600000e-01 1.333333e-01
38419: 2.311258e+00 1.291391e+00 2.649007e-01 1.324503e-01
38419: 2.309211e+00 1.289474e+00 2.631579e-01 1.381579e-01
38419: 2.307190e+00 1.287582e+00 2.614379e-01 1.437908e-01
38419: 2.311688e+00 1.285714e+00 2.597403e-01 1.428571e-01
38419: 2.316129e+00 1.283871e+00 2.580645e-01 1.419355e-01
38419: 2.320513e+00 1.282051e+00 2.564103e-01 1.410256e-01
38419: 2.324841e+00 1.280255e+00 2.547771e-01 1.401274e-01
38419: 2.322785e+00 1.284810e+00 2.531646e-01 1.392405e-01
38419: 2.320755e+00 1.283019e+00 2.578616e-01 1.383648e-01
38419: 2.318750e+00 1.281250e+00 2.625000e-01 1.375000e-01
38419: 2.322981e+00 1.279503e+00 2.608696e-01 1.366460e-01
38419: 2.327160e+00 1.277778e+00 2.592593e-01 1.358025e-01
38419: 2.325153e+00 1.276074e+00 2.638037e-01 1.349693e-01
38419: 2.329268e+00 1.274390e+00 2.621951e-01 1.341463e-01
38419: 2.333333e+00 1.272727e+00 2.606061e-01 1.333333e-01
38419: 2.337349e+00 1.271084e+00 2.590361e-01 1.325301e-01
38419: 2.341317e+00 1.269461e+00 2.574850e-01 1.317365e-01
38419: 2.339286e+00 1.267857e+00 2.619048e-01 1.309524e-01
38419: 2.337278e+00 1.272189e+00 2.603550e-01 1.301775e-01
38419: 2.335294e+00 1.276471e+00 2.588235e-01 1.294118e-01
38419: 2.327485e+00 1.280702e+00 2.631579e-01 1.286550e-01
38419: 2.325581e+00 1.284884e+00 2.616279e-01 1.279070e-01
38419: 2.329480e+00 1.283237e+00 2.601156e-01 1.271676e-01
38419: 2.321839e+00 1.287356e+00 2.643678e-01 1.264368e-01
38419: 2.325714e+00 1.285714e+00 2.628571e-01 1.257143e-01
38419: 2.318182e+00 1.289773e+00 2.613636e-01 1.306818e-01
38419: 2.322034e+00 1.288136e+00 2.598870e-01 1.299435e-01
38419: 2.325843e+00 1.286517e+00 2.584270e-01 1.292135e-01
38419: 2.318436e+00 1.290503e+00 2.625698e-01 1.284916e-01
38419: 2.316667e+00 1.294444e+00 2.611111e-01 1.277778e-01
38419: 2.320442e+00 1.292818e+00 2.596685e-01 1.270718e-01
38419: 2.313187e+00 1.302198e+00 2.582418e-01 1.263736e-01
38419: 2.311475e+00 1.300546e+00 2.622951e-01 1.256831e-01
38419: 2.304348e+00 1.304348e+00 2.663043e-01 1.250000e-01
38419: 2.302703e+00 1.308108e+00 2.648649e-01 1.243243e-01
38419: 2.301075e+00 1.311828e+00 2.634409e-01 1.236559e-01
38419: 2.294118e+00 1.315508e+00 2.620321e-01 1.283422e-01
38419: 2.297872e+00 1.313830e+00 2.606383e-01 1.276596e-01
38419: 2.296296e+00 1.317460e+00 2.592593e-01 1.269841e-01
38419: 2.294737e+00 1.315789e+00 2.578947e-01 1.315789e-01
38419: 2.293194e+00 1.314136e+00 2.565445e-01 1.361257e-01
38419: 2.296875e+00 1.312500e+00 2.552083e-01 1.354167e-01
38419: 2.300518e+00 1.310881e+00 2.538860e-01 1.347150e-01
38419: 2.298969e+00 1.309278e+00 2.525773e-01 1.391753e-01
38419: 2.297436e+00 1.307692e+00 2.564103e-01 1.384615e-01
38419: 2.295918e+00 1.306122e+00 2.602041e-01 1.377551e-01
38419: 2.294416e+00 1.304569e+00 2.588832e-01 1.421320e-01
38419: 2.287879e+00 1.308081e+00 2.626263e-01 1.414141e-01
38419: 2.286432e+00 1.306533e+00 2.613065e-01 1.457286e-01
38419: 2.280000e+00 1.310000e+00 2.650000e-01 1.450000e-01
38419: 2.283582e+00 1.308458e+00 2.636816e-01 1.442786e-01
38419: 2.287129e+00 1.306931e+00 2.623762e-01 1.435644e-01
38419: 2.290640e+00 1.305419e+00 2.610837e-01 1.428571e-01
38419: 2.289216e+00 1.303922e+00 2.598039e-01 1.470588e-01
38419: 2.287805e+00 1.307317e+00 2.585366e-01 1.463415e-01
38419: 2.286408e+00 1.305825e+00 2.621359e-01 1.456311e-01
38419: 2.285024e+00 1.304348e+00 2.657005e-01 1.449275e-01
38419: 2.283654e+00 1.302885e+00 2.692308e-01 1.442308e-01
38419: 2.287081e+00 1.301435e+00 2.679426e-01 1.435407e-01
38419: 2.285714e+00 1.300000e+00 2.714286e-01 1.428571e-01
38419: 2.289100e+00 1.298578e+00 2.701422e-01 1.421801e-01
38419: 2.292453e+00 1.297170e+00 2.688679e-01 1.415094e-01
38419: 2.295775e+00 1.295775e+00 2.676056e-01 1.408451e-01
38419: 2.299065e+00 1.294393e+00 2.663551e-01 1.401869e-01
38419: 2.297674e+00 1.297674e+00 2.651163e-01 1.395349e-01
38419: 2.296296e+00 1.296296e+00 2.685185e-01 1.388889e-01
38419: 2.299539e+00 1.294931e+00 2.672811e-01 1.382488e-01
38419: 2.298165e+00 1.293578e+00 2.706422e-01 1.376147e-01
38419: 2.296804e+00 1.292237e+00 2.739726e-01 1.369863e-01
38419: 2.300000e+00 1.290909e+00 2.727273e-01 1.363636e-01
38419: 2.298643e+00 1.294118e+00 2.714932e-01 1.357466e-01
38419: 2.297297e+00 1.292793e+00 2.702703e-01 1.396396e-01
38419: 2.295964e+00 1.295964e+00 2.690583e-01 1.390135e-01
38419: 2.299107e+00 1.294643e+00 2.678571e-01 1.383929e-01
38419: 2.302222e+00 1.293333e+00 2.666667e-01 1.377778e-01
38419: 2.305310e+00 1.292035e+00 2.654867e-01 1.371681e-01
38419: 2.308370e+00 1.290749e+00 2.643172e-01 1.365639e-01
38419: 2.307018e+00 1.289474e+00 2.675439e-01 1.359649e-01
38419: 2.305677e+00 1.288210e+00 2.707424e-01 1.353712e-01
38419: 2.300000e+00 1.291304e+00 2.695652e-01 1.391304e-01
38419: 2.298701e+00 1.294372e+00 2.683983e-01 1.385281e-01
38419: 2.297414e+00 1.297414e+00 2.672414e-01 1.379310e-01
38419: 2.300429e+00 1.296137e+00 2.660944e-01 1.373391e-01
38419: 2.294872e+00 1.299145e+00 2.649573e-01 1.410256e-01
38419: 2.293617e+00 1.297872e+00 2.680851e-01 1.404255e-01
38419: 2.288136e+00 1.300847e+00 2.669492e-01 1.440678e-01
38419: 2.286920e+00 1.299578e+00 2.658228e-01 1.476793e-01
38419: 2.281513e+00 1.302521e+00 2.689076e-01 1.470588e-01
38419: 2.280335e+00 1.305439e+00 2.677824e-01 1.464435e-01
38419: 2.279167e+00 1.304167e+00 2.708333e-01 1.458333e-01
38419: 2.273859e+00 1.311203e+00 2.697095e-01 1.452282e-01
38419: 2.276860e+00 1.309917e+00 2.685950e-01 1.446281e-01
38419: 2.275720e+00 1.312757e+00 2.674897e-01 1.440329e-01
38419: 2.274590e+00 1.311475e+00 2.704918e-01 1.434426e-01
38419: 2.273469e+00 1.314286e+00 2.693878e-01 1.428571e-01
38419: 2.272358e+00 1.317073e+00 2.682927e-01 1.422764e-01
38419: 2.275304e+00 1.315789e+00 2.672065e-01 1.417004e-01
38419: 2.278226e+00 1.314516e+00 2.661290e-01 1.411290e-01
38419: 2.281124e+00 1.313253e+00 2.650602e-01 1.405622e-01
38419: 2.284000e+00 1.312000e+00 2.640000e-01 1.400000e-01
38419: 2.282869e+00 1.314741e+00 2.629482e-01 1.394422e-01
38419: 2.285714e+00 1.313492e+00 2.619048e-01 1.388889e-01
38419: 2.284585e+00 1.312253e+00 2.648221e-01 1.383399e-01
38419: 2.283465e+00 1.314961e+00 2.637795e-01 1.377953e-01
38419: 2.286275e+00 1.313725e+00 2.627451e-01 1.372549e-01
38419: 2.285156e+00 1.316406e+00 2.617188e-01 1.367188e-01
38419: 2.284047e+00 1.319066e+00 2.607004e-01 1.361868e-01
38419: 2.286822e+00 1.317829e+00 2.596899e-01 1.356589e-01
38419: 2.281853e+00 1.320463e+00 2.625483e-01 1.351351e-01
38419: 2.280769e+00 1.323077e+00 2.615385e-01 1.346154e-01
38419: 2.279693e+00 1.325670e+00 2.605364e-01 1.340996e-01
38419: 2.278626e+00 1.328244e+00 2.595420e-01 1.335878e-01
38419: 2.277567e+00 1.330798e+00 2.585551e-01 1.330798e-01
38419: 2.276515e+00 1.329545e+00 2.613636e-01 1.325758e-01
38419: 2.275472e+00 1.328302e+00 2.641509e-01 1.320755e-01
38419: 2.274436e+00 1.330827e+00 2.631579e-01 1.315789e-01
38419: 2.273408e+00 1.333333e+00 2.621723e-01 1.310861e-01
38419: 2.272388e+00 1.332090e+00 2.611940e-01 1.343284e-01
38419: 2.275093e+00 1.330855e+00 2.602230e-01 1.338290e-01
38419: 2.270370e+00 1.337037e+00 2.592593e-01 1.333333e-01
38419: 2.269373e+00 1.335793e+00 2.583026e-01 1.365314e-01
38419: 2.268382e+00 1.334559e+00 2.610294e-01 1.360294e-01
38419: 2.267399e+00 1.333333e+00 2.600733e-01 1.391941e-01
38419: 2.266423e+00 1.335766e+00 2.591241e-01 1.386861e-01
38419: 2.261818e+00 1.338182e+00 2.618182e-01 1.381818e-01
38419: 2.264493e+00 1.336957e+00 2.608696e-01 1.376812e-01
38419: 2.263538e+00 1.339350e+00 2.599278e-01 1.371841e-01
38419: 2.262590e+00 1.341727e+00 2.589928e-01 1.366906e-01
38419: 2.261649e+00 1.340502e+00 2.616487e-01 1.362007e-01
38419: 2.260714e+00 1.342857e+00 2.607143e-01 1.357143e-01
38419: 2.263345e+00 1.341637e+00 2.597865e-01 1.352313e-01
38419: 2.258865e+00 1.343972e+00 2.624113e-01 1.347518e-01
38419: 2.261484e+00 1.342756e+00 2.614841e-01 1.342756e-01
38419: 2.260563e+00 1.341549e+00 2.605634e-01 1.373239e-01
38419: 2.259649e+00 1.343860e+00 2.596491e-01 1.368421e-01
38419: 2.262238e+00 1.342657e+00 2.587413e-01 1.363636e-01
38419: 2.261324e+00 1.344948e+00 2.578397e-01 1.358885e-01
38419: 2.263889e+00 1.343750e+00 2.569444e-01 1.354167e-01
38419: 2.262976e+00 1.342561e+00 2.595156e-01 1.349481e-01
38419: 2.265517e+00 1.341379e+00 2.586207e-01 1.344828e-01
38419: 2.268041e+00 1.340206e+00 2.577320e-01 1.340206e-01
38419: 2.270548e+00 1.339041e+00 2.568493e-01 1.335616e-01
38419: 2.269625e+00 1.337884e+00 2.593857e-01 1.331058e-01
38419: 2.268707e+00 1.336735e+00 2.619048e-01 1.326531e-01
38419: 2.267797e+00 1.338983e+00 2.610169e-01 1.322034e-01
38419: 2.263514e+00 1.341216e+00 2.635135e-01 1.317568e-01
38419: 2.265993e+00 1.340067e+00 2.626263e-01 1.313131e-01
38419: 2.265101e+00 1.342282e+00 2.617450e-01 1.308725e-01
38419: 2.264214e+00 1.344482e+00 2.608696e-01 1.304348e-01
38419: 2.266667e+00 1.343333e+00 2.600000e-01 1.300000e-01
38419: 2.265781e+00 1.345515e+00 2.591362e-01 1.295681e-01
38419: 2.264901e+00 1.344371e+00 2.615894e-01 1.291391e-01
38419: 2.264026e+00 1.346535e+00 2.607261e-01 1.287129e-01
38419: 2.263158e+00 1.348684e+00 2.598684e-01 1.282895e-01
38419: 2.259016e+00 1.350820e+00 2.622951e-01 1.278689e-01
38419: 2.258170e+00 1.349673e+00 2.614379e-01 1.307190e-01
38419: 2.257329e+00 1.351792e+00 2.605863e-01 1.302932e-01
38419: 2.256494e+00 1.350649e+00 2.629870e-01 1.298701e-01
38419: 2.255663e+00 1.349515e+00 2.653722e-01 1.294498e-01
38419: 2.254839e+00 1.348387e+00 2.677419e-01 1.290323e-01
38419: 2.254019e+00 1.347267e+00 2.700965e-01 1.286174e-01
38419: 2.256410e+00 1.346154e+00 2.692308e-01 1.282051e-01
38419: 2.255591e+00 1.345048e+00 2.715655e-01 1.277955e-01
38419: 2.254777e+00 1.343949e+00 2.707006e-01 1.305732e-01
38419: 2.253968e+00 1.342857e+00 2.730159e-01 1.301587e-01
38419: 2.253165e+00 1.341772e+00 2.753165e-01 1.297468e-01
38419: 2.252366e+00 1.340694e+00 2.744479e-01 1.324921e-01
38419: 2.251572e+00 1.342767e+00 2.735849e-01 1.320755e-01
38419: 2.253918e+00 1.341693e+00 2.727273e-01 1.316614e-01
38419: 2.253125e+00 1.340625e+00 2.718750e-01 1.343750e-01
38419: 2.255452e+00 1.339564e+00 2.710280e-01 1.339564e-01
38419: 2.254658e+00 1.341615e+00 2.701863e-01 1.335404e-01
38419: 2.253870e+00 1.343653e+00 2.693498e-01 1.331269e-01
38419: 2.256173e+00 1.342593e+00 2.685185e-01 1.327160e-01
38419: 2.255385e+00 1.341538e+00 2.707692e-01 1.323077e-01
38419: 2.254601e+00 1.343558e+00 2.699387e-01 1.319018e-01
38419: 2.253823e+00 1.342508e+00 2.721713e-01 1.314985e-01
38419: 2.253049e+00 1.341463e+00 2.743902e-01 1.310976e-01
38419: 2.252280e+00 1.343465e+00 2.735562e-01 1.306991e-01
38419: 2.251515e+00 1.342424e+00 2.757576e-01 1.303030e-01
38419: 2.250755e+00 1.341390e+00 2.779456e-01 1.299094e-01
38419: 2.250000e+00 1.343373e+00 2.771084e-01 1.295181e-01
38419: 2.252252e+00 1.342342e+00 2.762763e-01 1.291291e-01
38419: 2.251497e+00 1.344311e+00 2.754491e-01 1.287425e-01
38419: 2.250746e+00 1.346269e+00 2.746269e-01 1.283582e-01
38419: 2.252976e+00 1.345238e+00 2.738095e-01 1.279762e-01
38419: 2.252226e+00 1.344214e+00 2.759644e-01 1.275964e-01
38419: 2.254438e+00 1.343195e+00 2.751479e-01 1.272189e-01
38419: 2.253687e+00 1.345133e+00 2.743363e-01 1.268437e-01
38419: 2.255882e+00 1.344118e+00 2.735294e-01 1.264706e-01
38419: 2.255132e+00 1.343109e+00 2.727273e-01 1.290323e-01
38419: 2.254386e+00 1.345029e+00 2.719298e-01 1.286550e-01
38419: 2.256560e+00 1.344023e+00 2.711370e-01 1.282799e-01
38419: 2.255814e+00 1.345930e+00 2.703488e-01 1.279070e-01
38419: 2.255072e+00 1.344928e+00 2.695652e-01 1.304348e-01
38419: 2.254335e+00 1.346821e+00 2.687861e-01 1.300578e-01
38419: 2.253602e+00 1.345821e+00 2.708934e-01 1.296830e-01
38419: 2.252874e+00 1.347701e+00 2.701149e-01 1.293103e-01
38419: 2.255014e+00 1.346705e+00 2.693410e-01 1.289398e-01
38419: 2.254286e+00 1.345714e+00 2.685714e-01 1.314286e-01
38419: 2.256410e+00 1.344729e+00 2.678063e-01 1.310541e-01
38419: 2.258523e+00 1.343750e+00 2.670455e-01 1.306818e-01
38419: 2.257790e+00 1.342776e+00 2.691218e-01 1.303116e-01
38419: 2.257062e+00 1.341808e+00 2.711864e-01 1.299435e-01
38419: 2.256338e+00 1.340845e+00 2.732394e-01 1.295775e-01
38419: 2.258427e+00 1.339888e+00 2.724719e-01 1.292135e-01
38419: 2.257703e+00 1.338936e+00 2.745098e-01 1.288515e-01
38419: 2.259777e+00 1.337989e+00 2.737430e-01 1.284916e-01
38419: 2.261838e+00 1.337047e+00 2.729805e-01 1.281337e-01
38419: 2.261111e+00 1.338889e+00 2.722222e-01 1.277778e-01
38419: 2.263158e+00 1.337950e+00 2.714681e-01 1.274238e-01
38419: 2.265193e+00 1.337017e+00 2.707182e-01 1.270718e-01
38419: 2.264463e+00 1.336088e+00 2.727273e-01 1.267218e-01
38419: 2.263736e+00 1.335165e+00 2.719780e-01 1.291209e-01
38419: 2.263014e+00 1.336986e+00 2.712329e-01 1.287671e-01
38419: 2.259563e+00 1.341530e+00 2.704918e-01 1.284153e-01
38419: 2.258856e+00 1.340599e+00 2.697548e-01 1.307902e-01
38419: 2.260870e+00 1.339674e+00 2.690217e-01 1.304348e-01
38419: 2.260163e+00 1.341463e+00 2.682927e-01 1.300813e-01
38419: 2.262162e+00 1.340541e+00 2.675676e-01 1.297297e-01
38419: 2.261456e+00 1.342318e+00 2.668464e-01 1.293801e-01
38419: 2.260753e+00 1.341398e+00 2.688172e-01 1.290323e-01
38419: 2.262735e+00 1.340483e+00 2.680965e-01 1.286863e-01
38419: 2.264706e+00 1.339572e+00 2.673797e-01 1.283422e-01
38419: 2.264000e+00 1.341333e+00 2.666667e-01 1.280000e-01
38419: 2.263298e+00 1.340426e+00 2.659574e-01 1.303191e-01
38419: 2.262599e+00 1.339523e+00 2.679045e-01 1.299735e-01
38419: 2.261905e+00 1.341270e+00 2.671958e-01 1.296296e-01
38419: 2.261214e+00 1.340369e+00 2.664908e-01 1.319261e-01
38419: 2.257895e+00 1.342105e+00 2.684211e-01 1.315789e-01
38419: 2.257218e+00 1.343832e+00 2.677165e-01 1.312336e-01
38419: 2.256545e+00 1.345550e+00 2.670157e-01 1.308901e-01
38419: 2.253264e+00 1.349869e+00 2.663185e-01 1.305483e-01
38419: 2.252604e+00 1.348958e+00 2.682292e-01 1.302083e-01
38419: 2.251948e+00 1.350649e+00 2.675325e-01 1.298701e-01
38419: 2.251295e+00 1.349741e+00 2.668394e-01 1.321244e-01
38419: 2.250646e+00 1.351421e+00 2.661499e-01 1.317829e-01
38419: 2.252577e+00 1.350515e+00 2.654639e-01 1.314433e-01
38419: 2.254499e+00 1.349614e+00 2.647815e-01 1.311054e-01
38419: 2.253846e+00 1.351282e+00 2.641026e-01 1.307692e-01
38419: 2.253197e+00 1.350384e+00 2.659847e-01 1.304348e-01
38419: 2.252551e+00 1.349490e+00 2.678571e-01 1.301020e-01
38419: 2.251908e+00 1.348601e+00 2.697201e-01 1.297710e-01
38419: 2.251269e+00 1.347716e+00 2.690355e-01 1.319797e-01
38419: 2.253165e+00 1.346835e+00 2.683544e-01 1.316456e-01
38419: 2.252525e+00 1.345960e+00 2.676768e-01 1.338384e-01
38419: 2.251889e+00 1.345088e+00 2.695214e-01 1.335013e-01
38419: 2.251256e+00 1.346734e+00 2.688442e-01 1.331658e-01
38419: 2.250627e+00 1.345865e+00 2.706767e-01 1.328321e-01
38419: 2.250000e+00 1.345000e+00 2.725000e-01 1.325000e-01
38419: 2.249377e+00 1.344140e+00 2.743142e-01 1.321696e-01
38419: 2.248756e+00 1.345771e+00 2.736318e-01 1.318408e-01
38419: 2.250620e+00 1.344913e+00 2.729529e-01 1.315136e-01
38419: 2.252475e+00 1.344059e+00 2.722772e-01 1.311881e-01
38419: 2.251852e+00 1.343210e+00 2.740741e-01 1.308642e-01
38419: 2.251232e+00 1.344828e+00 2.733990e-01 1.305419e-01
38419: 2.250614e+00 1.346437e+00 2.727273e-01 1.302211e-01
38419: 2.250000e+00 1.345588e+00 2.745098e-01 1.299020e-01
38419: 2.251834e+00 1.344743e+00 2.738386e-01 1.295844e-01
38419: 2.253659e+00 1.343902e+00 2.731707e-01 1.292683e-01
38419: 2.253041e+00 1.345499e+00 2.725061e-01 1.289538e-01
38419: 2.252427e+00 1.344660e+00 2.718447e-01 1.310680e-01
38419: 2.251816e+00 1.343826e+00 2.736077e-01 1.307506e-01
38419: 2.251208e+00 1.345411e+00 2.729469e-01 1.304348e-01
38419: 2.250602e+00 1.344578e+00 2.746988e-01 1.301205e-01
38419: 2.250000e+00 1.346154e+00 2.740385e-01 1.298077e-01
38419: 2.251799e+00 1.345324e+00 2.733813e-01 1.294964e-01
38419: 2.251196e+00 1.344498e+00 2.727273e-01 1.315789e-01
38419: 2.250597e+00 1.346062e+00 2.720764e-01 1.312649e-01
38419: 2.250000e+00 1.345238e+00 2.738095e-01 1.309524e-01
38419: 2.249406e+00 1.346793e+00 2.731591e-01 1.306413e-01
38419: 2.248815e+00 1.345972e+00 2.748815e-01 1.303318e-01
38419: 2.250591e+00 1.345154e+00 2.742317e-01 1.300236e-01
38419: 2.250000e+00 1.346698e+00 2.735849e-01 1.297170e-01
38419: 2.249412e+00 1.345882e+00 2.752941e-01 1.294118e-01
38419: 2.248826e+00 1.347418e+00 2.746479e-01 1.291080e-01
38419: 2.248244e+00 1.348946e+00 2.740047e-01 1.288056e-01
38419: 2.247664e+00 1.350467e+00 2.733645e-01 1.285047e-01
38419: 2.247086e+00 1.351981e+00 2.727273e-01 1.282051e-01
38419: 2.246512e+00 1.353488e+00 2.720930e-01 1.279070e-01
38419: 2.245940e+00 1.354988e+00 2.714617e-01 1.276102e-01
38419: 2.245370e+00 1.354167e+00 2.731481e-01 1.273148e-01
38419: 2.244804e+00 1.353349e+00 2.725173e-01 1.293303e-01
38419: 2.246544e+00 1.352535e+00 2.718894e-01 1.290323e-01
38419: 2.245977e+00 1.354023e+00 2.712644e-01 1.287356e-01
38419: 2.245413e+00 1.353211e+00 2.706422e-01 1.307339e-01
38419: 2.244851e+00 1.352403e+00 2.723112e-01 1.304348e-01
38419: 2.246575e+00 1.351598e+00 2.716895e-01 1.301370e-01
38419: 2.248292e+00 1.350797e+00 2.710706e-01 1.298405e-01
38419: 2.250000e+00 1.350000e+00 2.704545e-01 1.295455e-01
38419: 2.251701e+00 1.349206e+00 2.698413e-01 1.292517e-01
38419: 2.253394e+00 1.348416e+00 2.692308e-01 1.289593e-01
38419: 2.255079e+00 1.347630e+00 2.686230e-01 1.286682e-01
38419: 2.254505e+00 1.346847e+00 2.702703e-01 1.283784e-01
38419: 2.253933e+00 1.346067e+00 2.696629e-01 1.303371e-01
38419: 2.253363e+00 1.345291e+00 2.690583e-01 1.322870e-01
38419: 2.252796e+00 1.346756e+00 2.684564e-01 1.319911e-01
38419: 2.252232e+00 1.348214e+00 2.678571e-01 1.316964e-01
38419: 2.251670e+00 1.349666e+00 2.672606e-01 1.314031e-01
38419: 2.251111e+00 1.351111e+00 2.666667e-01 1.311111e-01
38419: 2.250554e+00 1.352550e+00 2.660754e-01 1.308204e-01
38419: 2.250000e+00 1.351770e+00 2.654867e-01 1.327434e-01
38419: 2.251656e+00 1.350993e+00 2.649007e-01 1.324503e-01
38419: 2.251101e+00 1.352423e+00 2.643172e-01 1.321586e-01
38419: 2.250549e+00 1.351648e+00 2.659341e-01 1.318681e-01
38419: 2.250000e+00 1.350877e+00 2.675439e-01 1.315789e-01
38419: 2.251641e+00 1.350109e+00 2.669584e-01 1.312910e-01
38419: 2.251092e+00 1.349345e+00 2.663755e-01 1.331878e-01
38419: 2.250545e+00 1.348584e+00 2.679739e-01 1.328976e-01
38419: 2.250000e+00 1.347826e+00 2.695652e-01 1.326087e-01
38419: 2.249458e+00 1.347072e+00 2.711497e-01 1.323210e-01
38419: 2.248918e+00 1.348485e+00 2.705628e-01 1.320346e-01
38419: 2.248380e+00 1.347732e+00 2.721382e-01 1.317495e-01
38419: 2.250000e+00 1.346983e+00 2.715517e-01 1.314655e-01
38419: 2.251613e+00 1.346237e+00 2.709677e-01 1.311828e-01
38419: 2.253219e+00 1.345494e+00 2.703863e-01 1.309013e-01
38419: 2.252677e+00 1.344754e+00 2.698073e-01 1.327623e-01
38419: 2.254274e+00 1.344017e+00 2.692308e-01 1.324786e-01
38419: 2.255864e+00 1.343284e+00 2.686567e-01 1.321962e-01
38419: 2.257447e+00 1.342553e+00 2.680851e-01 1.319149e-01
38419: 2.256900e+00 1.341826e+00 2.696391e-01 1.316348e-01
38419: 2.256356e+00 1.343220e+00 2.690678e-01 1.313559e-01
38419: 2.257928e+00 1.342495e+00 2.684989e-01 1.310782e-01
38419: 2.255274e+00 1.343882e+00 2.700422e-01 1.308017e-01
38419: 2.254737e+00 1.343158e+00 2.694737e-01 1.326316e-01
38419: 2.256303e+00 1.342437e+00 2.689076e-01 1.323529e-01
38419: 2.255765e+00 1.343816e+00 2.683438e-01 1.320755e-01
38419: 2.255230e+00 1.345188e+00 2.677824e-01 1.317992e-01
38419: 2.254697e+00 1.346555e+00 2.672234e-01 1.315240e-01
38419: 2.254167e+00 1.347917e+00 2.666667e-01 1.312500e-01
38419: 2.253638e+00 1.349272e+00 2.661123e-01 1.309771e-01
38419: 2.255187e+00 1.348548e+00 2.655602e-01 1.307054e-01
38419: 2.256729e+00 1.347826e+00 2.650104e-01 1.304348e-01
38419: 2.256198e+00 1.349174e+00 2.644628e-01 1.301653e-01
38419: 2.257732e+00 1.348454e+00 2.639175e-01 1.298969e-01
38419: 2.257202e+00 1.347737e+00 2.654321e-01 1.296296e-01
38419: 2.258727e+00 1.347023e+00 2.648871e-01 1.293634e-01
38419: 2.258197e+00 1.348361e+00 2.643443e-01 1.290984e-01
38419: 2.259714e+00 1.347648e+00 2.638037e-01 1.288344e-01
38419: 2.259184e+00 1.348980e+00 2.632653e-01 1.285714e-01
38419: 2.260692e+00 1.348269e+00 2.627291e-01 1.283096e-01
38419: 2.260163e+00 1.347561e+00 2.642276e-01 1.280488e-01
38419: 2.259635e+00 1.348884e+00 2.636917e-01 1.277890e-01
38419: 2.261134e+00 1.348178e+00 2.631579e-01 1.275304e-01
38419: 2.260606e+00 1.349495e+00 2.626263e-01 1.272727e-01
38419: 2.260081e+00 1.350806e+00 2.620968e-01 1.270161e-01
38419: 2.261569e+00 1.350101e+00 2.615694e-01 1.267606e-01
38419: 2.261044e+00 1.351406e+00 2.610442e-01 1.265060e-01
38419: 2.262525e+00 1.350701e+00 2.605210e-01 1.262525e-01
38419: 2.262000e+00 1.350000e+00 2.600000e-01 1.280000e-01
38419: 2.261477e+00 1.349301e+00 2.594810e-01 1.297405e-01
38419: 2.260956e+00 1.350598e+00 2.589641e-01 1.294821e-01
38419: 2.260437e+00 1.349901e+00 2.604374e-01 1.292247e-01
38419: 2.259921e+00 1.349206e+00 2.619048e-01 1.289683e-01
38419: 2.261386e+00 1.348515e+00 2.613861e-01 1.287129e-01
38419: 2.258893e+00 1.349802e+00 2.628458e-01 1.284585e-01
38419: 2.258383e+00 1.351085e+00 2.623274e-01 1.282051e-01
38419: 2.259843e+00 1.350394e+00 2.618110e-01 1.279528e-01
38419: 2.261297e+00 1.349705e+00 2.612967e-01 1.277014e-01
38419: 2.262745e+00 1.349020e+00 2.607843e-01 1.274510e-01
38419: 2.264188e+00 1.348337e+00 2.602740e-01 1.272016e-01
38419: 2.263672e+00 1.349609e+00 2.597656e-01 1.269531e-01
38419: 2.263158e+00 1.350877e+00 2.592593e-01 1.267057e-01
38419: 2.262646e+00 1.352140e+00 2.587549e-01 1.264591e-01
38419: 2.262136e+00 1.351456e+00 2.601942e-01 1.262136e-01
38419: 2.261628e+00 1.350775e+00 2.596899e-01 1.279070e-01
38419: 2.263056e+00 1.350097e+00 2.591876e-01 1.276596e-01
38419: 2.260618e+00 1.351351e+00 2.606178e-01 1.274131e-01
38419: 2.260116e+00 1.352601e+00 2.601156e-01 1.271676e-01
38419: 2.259615e+00 1.353846e+00 2.596154e-01 1.269231e-01
38419: 2.259117e+00 1.355086e+00 2.591171e-01 1.266795e-01
38419: 2.260536e+00 1.354406e+00 2.586207e-01 1.264368e-01
38419: 2.261950e+00 1.353728e+00 2.581262e-01 1.261950e-01
38419: 2.261450e+00 1.353053e+00 2.595420e-01 1.259542e-01
38419: 2.262857e+00 1.352381e+00 2.590476e-01 1.257143e-01
38419: 2.262357e+00 1.351711e+00 2.604563e-01 1.254753e-01
38419: 2.261860e+00 1.352941e+00 2.599620e-01 1.252372e-01
38419: 2.261364e+00 1.352273e+00 2.594697e-01 1.268939e-01
38419: 2.260870e+00 1.351607e+00 2.608696e-01 1.266541e-01
38419: 2.260377e+00 1.350943e+00 2.603774e-01 1.283019e-01
38419: 2.259887e+00 1.352166e+00 2.598870e-01 1.280603e-01
38419: 2.259398e+00 1.353383e+00 2.593985e-01 1.278195e-01
38419: 2.258912e+00 1.354597e+00 2.589118e-01 1.275797e-01
38419: 2.260300e+00 1.353933e+00 2.584270e-01 1.273408e-01
38419: 2.259813e+00 1.355140e+00 2.579439e-01 1.271028e-01
38419: 2.261194e+00 1.354478e+00 2.574627e-01 1.268657e-01
38419: 2.260708e+00 1.355680e+00 2.569832e-01 1.266294e-01
38419: 2.260223e+00 1.355019e+00 2.583643e-01 1.263941e-01
38419: 2.261596e+00 1.354360e+00 2.578850e-01 1.261596e-01
38419: 2.261111e+00 1.353704e+00 2.574074e-01 1.277778e-01
38419: 2.260628e+00 1.354898e+00 2.569316e-01 1.275416e-01
38419: 2.260148e+00 1.356089e+00 2.564576e-01 1.273063e-01
38419: 2.261510e+00 1.355433e+00 2.559853e-01 1.270718e-01
38419: 2.261029e+00 1.354779e+00 2.573529e-01 1.268382e-01
38419: 2.260550e+00 1.355963e+00 2.568807e-01 1.266055e-01
38419: 2.260073e+00 1.357143e+00 2.564103e-01 1.263736e-01
38419: 2.259598e+00 1.356490e+00 2.577697e-01 1.261426e-01
38419: 2.259124e+00 1.355839e+00 2.591241e-01 1.259124e-01
38419: 2.260474e+00 1.355191e+00 2.586521e-01 1.256831e-01
38419: 2.260000e+00 1.356364e+00 2.581818e-01 1.254545e-01
38419: 2.261343e+00 1.355717e+00 2.577132e-01 1.252269e-01
38419: 2.262681e+00 1.355072e+00 2.572464e-01 1.250000e-01
38419: 2.262206e+00 1.354430e+00 2.585895e-01 1.247740e-01
38419: 2.261733e+00 1.353791e+00 2.599278e-01 1.245487e-01
38419: 2.261261e+00 1.353153e+00 2.594595e-01 1.261261e-01
38419: 2.260791e+00 1.354317e+00 2.589928e-01 1.258993e-01
38419: 2.260323e+00 1.355476e+00 2.585278e-01 1.256732e-01
38419: 2.259857e+00 1.354839e+00 2.598566e-01 1.254480e-01
38419: 2.259392e+00 1.354204e+00 2.611807e-01 1.252236e-01
38419: 2.260714e+00 1.353571e+00 2.607143e-01 1.250000e-01
38419: 2.260250e+00 1.354724e+00 2.602496e-01 1.247772e-01
38419: 2.261566e+00 1.354093e+00 2.597865e-01 1.245552e-01
38419: 2.261101e+00 1.355240e+00 2.593250e-01 1.243339e-01
38419: 2.262411e+00 1.354610e+00 2.588652e-01 1.241135e-01
38419: 2.261947e+00 1.353982e+00 2.584071e-01 1.256637e-01
38419: 2.263251e+00 1.353357e+00 2.579505e-01 1.254417e-01
38419: 2.262787e+00 1.354497e+00 2.574956e-01 1.252205e-01
38419: 2.262324e+00 1.353873e+00 2.570423e-01 1.267606e-01
38419: 2.263620e+00 1.353251e+00 2.565905e-01 1.265378e-01
38419: 2.263158e+00 1.352632e+00 2.578947e-01 1.263158e-01
38419: 2.262697e+00 1.352014e+00 2.591944e-01 1.260946e-01
38419: 2.263986e+00 1.351399e+00 2.587413e-01 1.258741e-01
38419: 2.263525e+00 1.352531e+00 2.582897e-01 1.256545e-01
38419: 2.263066e+00 1.351916e+00 2.595819e-01 1.254355e-01
38419: 2.264348e+00 1.351304e+00 2.591304e-01 1.252174e-01
38419: 2.263889e+00 1.350694e+00 2.586806e-01 1.267361e-01
38419: 2.263432e+00 1.351820e+00 2.582322e-01 1.265165e-01
38419: 2.262976e+00 1.351211e+00 2.595156e-01 1.262976e-01
38419: 2.264249e+00 1.350604e+00 2.590674e-01 1.260794e-01
38419: 2.263793e+00 1.351724e+00 2.586207e-01 1.258621e-01
38419: 2.265060e+00 1.351119e+00 2.581756e-01 1.256454e-01
38419: 2.264605e+00 1.350515e+00 2.577320e-01 1.271478e-01
38419: 2.264151e+00 1.349914e+00 2.590051e-01 1.269297e-01
38419: 2.263699e+00 1.351027e+00 2.585616e-01 1.267123e-01
38419: 2.263248e+00 1.350427e+00 2.581197e-01 1.282051e-01
38419: 2.264505e+00 1.349829e+00 2.576792e-01 1.279863e-01
38419: 2.264055e+00 1.349233e+00 2.589438e-01 1.277683e-01
38419: 2.265306e+00 1.348639e+00 2.585034e-01 1.275510e-01
38419: 2.264856e+00 1.348048e+00 2.597623e-01 1.273345e-01
38419: 2.264407e+00 1.347458e+00 2.593220e-01 1.288136e-01
38419: 2.263959e+00 1.346870e+00 2.605753e-01 1.285956e-01
38419: 2.263514e+00 1.346284e+00 2.618243e-01 1.283784e-01
38419: 2.263069e+00 1.345700e+00 2.630691e-01 1.281619e-01
38419: 2.264310e+00 1.345118e+00 2.626263e-01 1.279461e-01
38419: 2.263866e+00 1.344538e+00 2.638655e-01 1.277311e-01
38419: 2.265101e+00 1.343960e+00 2.634228e-01 1.275168e-01
38419: 2.264657e+00 1.343384e+00 2.629816e-01 1.289782e-01
38419: 2.265886e+00 1.342809e+00 2.625418e-01 1.287625e-01
38419: 2.267112e+00 1.342237e+00 2.621035e-01 1.285476e-01
38419: 2.268333e+00 1.341667e+00 2.616667e-01 1.283333e-01
38419: 2.269551e+00 1.341098e+00 2.612313e-01 1.281198e-01
38419: 2.269103e+00 1.340532e+00 2.607973e-01 1.295681e-01
38419: 2.270315e+00 1.339967e+00 2.603648e-01 1.293532e-01
38419: 2.271523e+00 1.339404e+00 2.599338e-01 1.291391e-01
38419: 2.272727e+00 1.338843e+00 2.595041e-01 1.289256e-01
38419: 2.272277e+00 1.338284e+00 2.607261e-01 1.287129e-01
38419: 2.273476e+00 1.337727e+00 2.602965e-01 1.285008e-01
38419: 2.273026e+00 1.337171e+00 2.615132e-01 1.282895e-01
38419: 2.272578e+00 1.338259e+00 2.610837e-01 1.280788e-01
38419: 2.272131e+00 1.339344e+00 2.606557e-01 1.278689e-01
38419: 2.271686e+00 1.340426e+00 2.602291e-01 1.276596e-01
38419: 2.271242e+00 1.341503e+00 2.598039e-01 1.274510e-01
38419: 2.269168e+00 1.342577e+00 2.610114e-01 1.272431e-01
38419: 2.268730e+00 1.343648e+00 2.605863e-01 1.270358e-01
38419: 2.266667e+00 1.344715e+00 2.601626e-01 1.284553e-01
38419: 2.266234e+00 1.345779e+00 2.597403e-01 1.282468e-01
38419: 2.264182e+00 1.348460e+00 2.593193e-01 1.280389e-01
38419: 2.263754e+00 1.349515e+00 2.588997e-01 1.278317e-01
38419: 2.261712e+00 1.350565e+00 2.600969e-01 1.276252e-01
38419: 2.261290e+00 1.351613e+00 2.596774e-01 1.274194e-01
38419: 2.259259e+00 1.354267e+00 2.592593e-01 1.272142e-01
38419: 2.258842e+00 1.353698e+00 2.604502e-01 1.270096e-01
38419: 2.258427e+00 1.354735e+00 2.600321e-01 1.268058e-01
38419: 2.258013e+00 1.354167e+00 2.612179e-01 1.266026e-01
38419: 2.256000e+00 1.356800e+00 2.608000e-01 1.264000e-01
38419: 2.255591e+00 1.357827e+00 2.603834e-01 1.261981e-01
38419: 2.255183e+00 1.358852e+00 2.599681e-01 1.259968e-01
38419: 2.254777e+00 1.358280e+00 2.611465e-01 1.257962e-01
38419: 2.254372e+00 1.357711e+00 2.607313e-01 1.271860e-01
38419: 2.253968e+00 1.358730e+00 2.603175e-01 1.269841e-01
38419: 2.253566e+00 1.359746e+00 2.599049e-01 1.267829e-01
38419: 2.253165e+00 1.359177e+00 2.610759e-01 1.265823e-01
38419: 2.254344e+00 1.358610e+00 2.606635e-01 1.263823e-01
38419: 2.253943e+00 1.359621e+00 2.602524e-01 1.261830e-01
38419: 2.253543e+00 1.360630e+00 2.598425e-01 1.259843e-01
38419: 2.253145e+00 1.361635e+00 2.594340e-01 1.257862e-01
38419: 2.252747e+00 1.362637e+00 2.590267e-01 1.255887e-01
38419: 2.253918e+00 1.362069e+00 2.586207e-01 1.253918e-01
38419: 2.253521e+00 1.361502e+00 2.582160e-01 1.267606e-01
38419: 2.254688e+00 1.360937e+00 2.578125e-01 1.265625e-01
38419: 2.254290e+00 1.361934e+00 2.574103e-01 1.263651e-01
38419: 2.253894e+00 1.362928e+00 2.570093e-01 1.261682e-01
38419: 2.253499e+00 1.363919e+00 2.566096e-01 1.259720e-01
38419: 2.253106e+00 1.363354e+00 2.577640e-01 1.257764e-01
38419: 2.252713e+00 1.364341e+00 2.573643e-01 1.255814e-01
38419: 2.253870e+00 1.363777e+00 2.569659e-01 1.253870e-01
38419: 2.253478e+00 1.364760e+00 2.565688e-01 1.251932e-01
38419: 2.253086e+00 1.365741e+00 2.561728e-01 1.250000e-01
38419: 2.252696e+00 1.366718e+00 2.557781e-01 1.248074e-01
38419: 2.252308e+00 1.366154e+00 2.569231e-01 1.246154e-01
38419: 2.251920e+00 1.367127e+00 2.565284e-01 1.244240e-01
38419: 2.253067e+00 1.366564e+00 2.561350e-01 1.242331e-01
38419: 2.252680e+00 1.366003e+00 2.557427e-01 1.255743e-01
38419: 2.252294e+00 1.365443e+00 2.568807e-01 1.253823e-01
38419: 2.253435e+00 1.364885e+00 2.564885e-01 1.251908e-01
38419: 2.253049e+00 1.364329e+00 2.560976e-01 1.265244e-01
38419: 2.254186e+00 1.363775e+00 2.557078e-01 1.263318e-01
38419: 2.253799e+00 1.363222e+00 2.553191e-01 1.276596e-01
38419: 2.254932e+00 1.362671e+00 2.549317e-01 1.274659e-01
38419: 2.256061e+00 1.362121e+00 2.545455e-01 1.272727e-01
38419: 2.255673e+00 1.361573e+00 2.541604e-01 1.285930e-01
38419: 2.255287e+00 1.362538e+00 2.537764e-01 1.283988e-01
38419: 2.254902e+00 1.361991e+00 2.533937e-01 1.297134e-01
38419: 2.256024e+00 1.361446e+00 2.530120e-01 1.295181e-01
38419: 2.257143e+00 1.360902e+00 2.526316e-01 1.293233e-01
38419: 2.256757e+00 1.361862e+00 2.522523e-01 1.291291e-01
38419: 2.257871e+00 1.361319e+00 2.518741e-01 1.289355e-01
38419: 2.258982e+00 1.360778e+00 2.514970e-01 1.287425e-01
38419: 2.260090e+00 1.360239e+00 2.511211e-01 1.285501e-01
38419: 2.259701e+00 1.361194e+00 2.507463e-01 1.283582e-01
38419: 2.260805e+00 1.360656e+00 2.503726e-01 1.281669e-01
38419: 2.260417e+00 1.361607e+00 2.500000e-01 1.279762e-01
38419: 2.260030e+00 1.361070e+00 2.511144e-01 1.277860e-01
38419: 2.259644e+00 1.360534e+00 2.507418e-01 1.290801e-01
38419: 2.259259e+00 1.360000e+00 2.518519e-01 1.288889e-01
38419: 2.258876e+00 1.360947e+00 2.514793e-01 1.286982e-01
38419: 2.259970e+00 1.360414e+00 2.511078e-01 1.285081e-01
38419: 2.261062e+00 1.359882e+00 2.507375e-01 1.283186e-01
38419: 2.260677e+00 1.359352e+00 2.518409e-01 1.281296e-01
38419: 2.260294e+00 1.360294e+00 2.514706e-01 1.279412e-01
38419: 2.261380e+00 1.359765e+00 2.511013e-01 1.277533e-01
38419: 2.260997e+00 1.360704e+00 2.507331e-01 1.275660e-01
38419: 2.262079e+00 1.360176e+00 2.503660e-01 1.273792e-01
38419: 2.263158e+00 1.359649e+00 2.500000e-01 1.271930e-01
38419: 2.264234e+00 1.359124e+00 2.496350e-01 1.270073e-01
38419: 2.262391e+00 1.360058e+00 2.507289e-01 1.268222e-01
38419: 2.263464e+00 1.359534e+00 2.503639e-01 1.266376e-01
38419: 2.261628e+00 1.360465e+00 2.514535e-01 1.264535e-01
38419: 2.261248e+00 1.361393e+00 2.510885e-01 1.262700e-01
38419: 2.259420e+00 1.363768e+00 2.507246e-01 1.260870e-01
38419: 2.260492e+00 1.363242e+00 2.503618e-01 1.259045e-01
38419: 2.258671e+00 1.365607e+00 2.500000e-01 1.257225e-01
38419: 2.258297e+00 1.366522e+00 2.496392e-01 1.255411e-01
38419: 2.256484e+00 1.367435e+00 2.507205e-01 1.253602e-01
38419: 2.257554e+00 1.366906e+00 2.503597e-01 1.251799e-01
38419: 2.255747e+00 1.369253e+00 2.500000e-01 1.250000e-01
38419: 2.255380e+00 1.368723e+00 2.510760e-01 1.248207e-01
38419: 2.253582e+00 1.369628e+00 2.521490e-01 1.246418e-01
38419: 2.253219e+00 1.370529e+00 2.517883e-01 1.244635e-01
38419: 2.252857e+00 1.371429e+00 2.514286e-01 1.242857e-01
38419: 2.252496e+00 1.372325e+00 2.510699e-01 1.241084e-01
38419: 2.252137e+00 1.373219e+00 2.507123e-01 1.239316e-01
38419: 2.253201e+00 1.372688e+00 2.503556e-01 1.237553e-01
38419: 2.251420e+00 1.373580e+00 2.500000e-01 1.250000e-01
38419: 2.252482e+00 1.373050e+00 2.496454e-01 1.248227e-01
38419: 2.252125e+00 1.372521e+00 2.492918e-01 1.260623e-01
38419: 2.251768e+00 1.371994e+00 2.503536e-01 1.258840e-01
38419: 2.250000e+00 1.374294e+00 2.500000e-01 1.257062e-01
38419: 2.251058e+00 1.373766e+00 2.496474e-01 1.255289e-01
38419: 2.250704e+00 1.374648e+00 2.492958e-01 1.253521e-01
38419: 2.250352e+00 1.374121e+00 2.489451e-01 1.265823e-01
38419: 2.248596e+00 1.376404e+00 2.485955e-01 1.264045e-01
38419: 2.248247e+00 1.377279e+00 2.482468e-01 1.262272e-01
38419: 2.247899e+00 1.376751e+00 2.492997e-01 1.260504e-01
38419: 2.247552e+00 1.376224e+00 2.503497e-01 1.258741e-01
38419: 2.245810e+00 1.378492e+00 2.500000e-01 1.256983e-01
38419: 2.246862e+00 1.377964e+00 2.496513e-01 1.255230e-01
38419: 2.245125e+00 1.378830e+00 2.506964e-01 1.253482e-01
38419: 2.244784e+00 1.379694e+00 2.503477e-01 1.251739e-01
38419: 2.244444e+00 1.379167e+00 2.500000e-01 1.263889e-01
38419: 2.244105e+00 1.380028e+00 2.496533e-01 1.262136e-01
38419: 2.245152e+00 1.379501e+00 2.493075e-01 1.260388e-01
38419: 2.244813e+00 1.380360e+00 2.489627e-01 1.258645e-01
38419: 2.245856e+00 1.379834e+00 2.486188e-01 1.256906e-01
38419: 2.244138e+00 1.380690e+00 2.482759e-01 1.268966e-01
38419: 2.245179e+00 1.380165e+00 2.479339e-01 1.267218e-01
38419: 2.244842e+00 1.381018e+00 2.475928e-01 1.265475e-01
38419: 2.244505e+00 1.381868e+00 2.472527e-01 1.263736e-01
38419: 2.244170e+00 1.382716e+00 2.469136e-01 1.262003e-01
38419: 2.243836e+00 1.383562e+00 2.465753e-01 1.260274e-01
38419: 2.243502e+00 1.384405e+00 2.462380e-01 1.258550e-01
38419: 2.243169e+00 1.383880e+00 2.472678e-01 1.256831e-01
38419: 2.242838e+00 1.383356e+00 2.469304e-01 1.268759e-01
38419: 2.243869e+00 1.382834e+00 2.465940e-01 1.267030e-01
38419: 2.243537e+00 1.383673e+00 2.462585e-01 1.265306e-01
38419: 2.243207e+00 1.383152e+00 2.472826e-01 1.263587e-01
38419: 2.242877e+00 1.382632e+00 2.483039e-01 1.261872e-01
38419: 2.242547e+00 1.382114e+00 2.493225e-01 1.260163e-01
38419: 2.240866e+00 1.382950e+00 2.503383e-01 1.258457e-01
38419: 2.240541e+00 1.382432e+00 2.500000e-01 1.270270e-01
38419: 2.240216e+00 1.383266e+00 2.496626e-01 1.268556e-01
38419: 2.239892e+00 1.384097e+00 2.493261e-01 1.266846e-01
38419: 2.240915e+00 1.383580e+00 2.489906e-01 1.265141e-01
38419: 2.240591e+00 1.383065e+00 2.500000e-01 1.263441e-01
38419: 2.240268e+00 1.383893e+00 2.496644e-01 1.261745e-01
38419: 2.241287e+00 1.383378e+00 2.493298e-01 1.260054e-01
38419: 2.239625e+00 1.384203e+00 2.503347e-01 1.258367e-01
38419: 2.240642e+00 1.383690e+00 2.500000e-01 1.256684e-01
38419: 2.240320e+00 1.383178e+00 2.496662e-01 1.268358e-01
38419: 2.240000e+00 1.384000e+00 2.493333e-01 1.266667e-01
38419: 2.239680e+00 1.384820e+00 2.490013e-01 1.264980e-01
38419: 2.239362e+00 1.384309e+00 2.486702e-01 1.276596e-01
38419: 2.240372e+00 1.383798e+00 2.483400e-01 1.274900e-01
38419: 2.240053e+00 1.383289e+00 2.480106e-01 1.286472e-01
38419: 2.239735e+00 1.382781e+00 2.490066e-01 1.284768e-01
38419: 2.240741e+00 1.382275e+00 2.486772e-01 1.283069e-01
38419: 2.241744e+00 1.381770e+00 2.483487e-01 1.281374e-01
38419: 2.242744e+00 1.381266e+00 2.480211e-01 1.279683e-01
38419: 2.242424e+00 1.382082e+00 2.476943e-01 1.277997e-01
38419: 2.242105e+00 1.382895e+00 2.473684e-01 1.276316e-01
38419: 2.241787e+00 1.382392e+00 2.470434e-01 1.287779e-01
38419: 2.242782e+00 1.381890e+00 2.467192e-01 1.286089e-01
38419: 2.242464e+00 1.382700e+00 2.463958e-01 1.284404e-01
38419: 2.243455e+00 1.382199e+00 2.460733e-01 1.282723e-01
38419: 2.244444e+00 1.381699e+00 2.457516e-01 1.281046e-01
38419: 2.244125e+00 1.382507e+00 2.454308e-01 1.279373e-01
38419: 2.245111e+00 1.382008e+00 2.451108e-01 1.277705e-01
38419: 2.246094e+00 1.381510e+00 2.447917e-01 1.276042e-01
38419: 2.245774e+00 1.381014e+00 2.457737e-01 1.274382e-01
38419: 2.246753e+00 1.380519e+00 2.454545e-01 1.272727e-01
38419: 2.246433e+00 1.380026e+00 2.464332e-01 1.271077e-01
38419: 2.244819e+00 1.382124e+00 2.461140e-01 1.269430e-01
38419: 2.244502e+00 1.381630e+00 2.470893e-01 1.267788e-01
38419: 2.245478e+00 1.381137e+00 2.467700e-01 1.266150e-01
38419: 2.245161e+00 1.381935e+00 2.464516e-01 1.264516e-01
38419: 2.244845e+00 1.382732e+00 2.461340e-01 1.262887e-01
38419: 2.245817e+00 1.382239e+00 2.458172e-01 1.261261e-01
38419: 2.246787e+00 1.381748e+00 2.455013e-01 1.259640e-01
38419: 2.247754e+00 1.381258e+00 2.451861e-01 1.258023e-01
38419: 2.246154e+00 1.382051e+00 2.461538e-01 1.256410e-01
38419: 2.245839e+00 1.381562e+00 2.471191e-01 1.254802e-01
38419: 2.246803e+00 1.381074e+00 2.468031e-01 1.253197e-01
38419: 2.246488e+00 1.380587e+00 2.477650e-01 1.251596e-01
38419: 2.244898e+00 1.381378e+00 2.487245e-01 1.250000e-01
38419: 2.244586e+00 1.380892e+00 2.496815e-01 1.248408e-01
38419: 2.245547e+00 1.380407e+00 2.493639e-01 1.246819e-01
38419: 2.246506e+00 1.379924e+00 2.490470e-01 1.245235e-01
38419: 2.244924e+00 1.381980e+00 2.487310e-01 1.243655e-01
38419: 2.244613e+00 1.381496e+00 2.496831e-01 1.242079e-01
38419: 2.244304e+00 1.381013e+00 2.506329e-01 1.240506e-01
38419: 2.243995e+00 1.381795e+00 2.503161e-01 1.238938e-01
38419: 2.242424e+00 1.382576e+00 2.512626e-01 1.237374e-01
38419: 2.240858e+00 1.383354e+00 2.509458e-01 1.248424e-01
38419: 2.241814e+00 1.382872e+00 2.506297e-01 1.246851e-01
38419: 2.242767e+00 1.382390e+00 2.503145e-01 1.245283e-01
38419: 2.242462e+00 1.383166e+00 2.500000e-01 1.243719e-01
38419: 2.240903e+00 1.385194e+00 2.496863e-01 1.242158e-01
38419: 2.241855e+00 1.384712e+00 2.493734e-01 1.240602e-01
38419: 2.241552e+00 1.385482e+00 2.490613e-01 1.239049e-01
38419: 2.241250e+00 1.386250e+00 2.487500e-01 1.237500e-01
38419: 2.239700e+00 1.387016e+00 2.496879e-01 1.235955e-01
38419: 2.239401e+00 1.387781e+00 2.493766e-01 1.234414e-01
38419: 2.239103e+00 1.388543e+00 2.490660e-01 1.232877e-01
38419: 2.238806e+00 1.389303e+00 2.487562e-01 1.231343e-01
38419: 2.239752e+00 1.388820e+00 2.484472e-01 1.229814e-01
38419: 2.239454e+00 1.389578e+00 2.481390e-01 1.228288e-01
38419: 2.240397e+00 1.389095e+00 2.478315e-01 1.226766e-01
38419: 2.240099e+00 1.389851e+00 2.475248e-01 1.225248e-01
38419: 2.239802e+00 1.389370e+00 2.484549e-01 1.223733e-01
38419: 2.240741e+00 1.388889e+00 2.481481e-01 1.222222e-01
38419: 2.240444e+00 1.388409e+00 2.490752e-01 1.220715e-01
38419: 2.241379e+00 1.387931e+00 2.487685e-01 1.219212e-01
38419: 2.241082e+00 1.387454e+00 2.496925e-01 1.217712e-01
38419: 2.240786e+00 1.386978e+00 2.493857e-01 1.228501e-01
38419: 2.240491e+00 1.387730e+00 2.490798e-01 1.226994e-01
38419: 2.241422e+00 1.387255e+00 2.487745e-01 1.225490e-01
38419: 2.241126e+00 1.386781e+00 2.496940e-01 1.223990e-01
38419: 2.240831e+00 1.387531e+00 2.493888e-01 1.222494e-01
38419: 2.240537e+00 1.387057e+00 2.503053e-01 1.221001e-01
38419: 2.239024e+00 1.387805e+00 2.500000e-01 1.231707e-01
38419: 2.238733e+00 1.388551e+00 2.496955e-01 1.230207e-01
38419: 2.238443e+00 1.389294e+00 2.493917e-01 1.228710e-01
38419: 2.239368e+00 1.388821e+00 2.490887e-01 1.227217e-01
38419: 2.239078e+00 1.388350e+00 2.500000e-01 1.225728e-01
38419: 2.238788e+00 1.389091e+00 2.496970e-01 1.224242e-01
38419: 2.239709e+00 1.388620e+00 2.493947e-01 1.222760e-01
38419: 2.239420e+00 1.388150e+00 2.503023e-01 1.221282e-01
38419: 2.240338e+00 1.387681e+00 2.500000e-01 1.219807e-01
38419: 2.241255e+00 1.387214e+00 2.496984e-01 1.218335e-01
38419: 2.240964e+00 1.386747e+00 2.506024e-01 1.216867e-01
38419: 2.240674e+00 1.387485e+00 2.503008e-01 1.215403e-01
38419: 2.241587e+00 1.387019e+00 2.500000e-01 1.213942e-01
38419: 2.241297e+00 1.386555e+00 2.509004e-01 1.212485e-01
38419: 2.242206e+00 1.386091e+00 2.505995e-01 1.211031e-01
38419: 2.241916e+00 1.385629e+00 2.502994e-01 1.221557e-01
38419: 2.241627e+00 1.385167e+00 2.511962e-01 1.220096e-01
38419: 2.241338e+00 1.385902e+00 2.508961e-01 1.218638e-01
38419: 2.241050e+00 1.385442e+00 2.517900e-01 1.217184e-01
38419: 2.239571e+00 1.387366e+00 2.514899e-01 1.215733e-01
38419: 2.240476e+00 1.386905e+00 2.511905e-01 1.214286e-01
38419: 2.240190e+00 1.387634e+00 2.508918e-01 1.212842e-01
38419: 2.239905e+00 1.387173e+00 2.517815e-01 1.211401e-01
38419: 2.239620e+00 1.387900e+00 2.514828e-01 1.209964e-01
38419: 2.239336e+00 1.388626e+00 2.511848e-01 1.208531e-01
38419: 2.237870e+00 1.389349e+00 2.508876e-01 1.218935e-01
38419: 2.238771e+00 1.388889e+00 2.505910e-01 1.217494e-01
38419: 2.238489e+00 1.388430e+00 2.514758e-01 1.216057e-01
38419: 2.238208e+00 1.387972e+00 2.523585e-01 1.214623e-01
38419: 2.237927e+00 1.387515e+00 2.520612e-01 1.224971e-01
38419: 2.237647e+00 1.388235e+00 2.517647e-01 1.223529e-01
38419: 2.237368e+00 1.387779e+00 2.526439e-01 1.222092e-01
38419: 2.237089e+00 1.387324e+00 2.535211e-01 1.220657e-01
38419: 2.236811e+00 1.388042e+00 2.532239e-01 1.219226e-01
38419: 2.236534e+00 1.388759e+00 2.529274e-01 1.217799e-01
38419: 2.237427e+00 1.388304e+00 2.526316e-01 1.216374e-01
38419: 2.238318e+00 1.387850e+00 2.523364e-01 1.214953e-01
38419: 2.239207e+00 1.387398e+00 2.520420e-01 1.213536e-01
38419: 2.238928e+00 1.386946e+00 2.517483e-01 1.223776e-01
38419: 2.239814e+00 1.386496e+00 2.514552e-01 1.222352e-01
38419: 2.239535e+00 1.386047e+00 2.523256e-01 1.220930e-01
38419: 2.239257e+00 1.385598e+00 2.531940e-01 1.219512e-01
38419: 2.240139e+00 1.385151e+00 2.529002e-01 1.218097e-01
38419: 2.239861e+00 1.384705e+00 2.537659e-01 1.216686e-01
38419: 2.239583e+00 1.385417e+00 2.534722e-01 1.215278e-01
38419: 2.239306e+00 1.384971e+00 2.543353e-01 1.213873e-01
38419: 2.239030e+00 1.384527e+00 2.540416e-01 1.224018e-01
38419: 2.238754e+00 1.385236e+00 2.537486e-01 1.222607e-01
38419: 2.238479e+00 1.385945e+00 2.534562e-01 1.221198e-01
38419: 2.239356e+00 1.385501e+00 2.531646e-01 1.219793e-01
38419: 2.240230e+00 1.385057e+00 2.528736e-01 1.218391e-01
38419: 2.241102e+00 1.384615e+00 2.525832e-01 1.216992e-01
38419: 2.240826e+00 1.385321e+00 2.522936e-01 1.215596e-01
38419: 2.240550e+00 1.386025e+00 2.520046e-01 1.214204e-01
38419: 2.241419e+00 1.385584e+00 2.517162e-01 1.212815e-01
38419: 2.241143e+00 1.385143e+00 2.525714e-01 1.211429e-01
38419: 2.240868e+00 1.385845e+00 2.522831e-01 1.210046e-01
38419: 2.241733e+00 1.385405e+00 2.519954e-01 1.208666e-01
38419: 2.241458e+00 1.384966e+00 2.517084e-01 1.218679e-01
38419: 2.242321e+00 1.384528e+00 2.514221e-01 1.217292e-01
38419: 2.243182e+00 1.384091e+00 2.511364e-01 1.215909e-01
38419: 2.242906e+00 1.383655e+00 2.519864e-01 1.214529e-01
38419: 2.243764e+00 1.383220e+00 2.517007e-01 1.213152e-01
38419: 2.243488e+00 1.383918e+00 2.514156e-01 1.211778e-01
38419: 2.243213e+00 1.384615e+00 2.511312e-01 1.210407e-01
38419: 2.242938e+00 1.385311e+00 2.508475e-01 1.209040e-01
38419: 2.242664e+00 1.386005e+00 2.505643e-01 1.207675e-01
38419: 2.242390e+00 1.385569e+00 2.514092e-01 1.206313e-01
38419: 2.243243e+00 1.385135e+00 2.511261e-01 1.204955e-01
38419: 2.244094e+00 1.384702e+00 2.508436e-01 1.203600e-01
38419: 2.243820e+00 1.384270e+00 2.516854e-01 1.202247e-01
38419: 2.243547e+00 1.383838e+00 2.514029e-01 1.212121e-01
38419: 2.243274e+00 1.383408e+00 2.511211e-01 1.221973e-01
38419: 2.241881e+00 1.385218e+00 2.508399e-01 1.220605e-01
38419: 2.241611e+00 1.385906e+00 2.505593e-01 1.219239e-01
38419: 2.241341e+00 1.386592e+00 2.502793e-01 1.217877e-01
38419: 2.241071e+00 1.386161e+00 2.511161e-01 1.216518e-01
38419: 2.240803e+00 1.385730e+00 2.508361e-01 1.226310e-01
38419: 2.240535e+00 1.386414e+00 2.505568e-01 1.224944e-01
38419: 2.240267e+00 1.387097e+00 2.502781e-01 1.223582e-01
38419: 2.241111e+00 1.386667e+00 2.500000e-01 1.222222e-01
38419: 2.241953e+00 1.386238e+00 2.497225e-01 1.220866e-01
38419: 2.241685e+00 1.385809e+00 2.494457e-01 1.230599e-01
38419: 2.242525e+00 1.385382e+00 2.491694e-01 1.229236e-01
38419: 2.242257e+00 1.386062e+00 2.488938e-01 1.227876e-01
38419: 2.243094e+00 1.385635e+00 2.486188e-01 1.226519e-01
38419: 2.243929e+00 1.385210e+00 2.483444e-01 1.225166e-01
38419: 2.243660e+00 1.384785e+00 2.480706e-01 1.234840e-01
38419: 2.243392e+00 1.385463e+00 2.477974e-01 1.233480e-01
38419: 2.243124e+00 1.386139e+00 2.475248e-01 1.232123e-01
38419: 2.243956e+00 1.385714e+00 2.472527e-01 1.230769e-01
38419: 2.244786e+00 1.385291e+00 2.469813e-01 1.229418e-01
38419: 2.244518e+00 1.384868e+00 2.478070e-01 1.228070e-01
38419: 2.244250e+00 1.384447e+00 2.486309e-01 1.226725e-01
38419: 2.243982e+00 1.385120e+00 2.483589e-01 1.225383e-01
38419: 2.243716e+00 1.385792e+00 2.480874e-01 1.224044e-01
38419: 2.242358e+00 1.386463e+00 2.489083e-01 1.222707e-01
38419: 2.242094e+00 1.386041e+00 2.497274e-01 1.221374e-01
38419: 2.241830e+00 1.386710e+00 2.494553e-01 1.220044e-01
38419: 2.241567e+00 1.387378e+00 2.491839e-01 1.218716e-01
38419: 2.240217e+00 1.388043e+00 2.489130e-01 1.228261e-01
38419: 2.241042e+00 1.387622e+00 2.486428e-01 1.226927e-01
38419: 2.241866e+00 1.387202e+00 2.483731e-01 1.225597e-01
38419: 2.242687e+00 1.386782e+00 2.481040e-01 1.224269e-01
38419: 2.242424e+00 1.387446e+00 2.478355e-01 1.222944e-01
38419: 2.242162e+00 1.388108e+00 2.475676e-01 1.221622e-01
38419: 2.241901e+00 1.388769e+00 2.473002e-01 1.220302e-01
38419: 2.242718e+00 1.388350e+00 2.470334e-01 1.218986e-01
38419: 2.242457e+00 1.387931e+00 2.467672e-01 1.228448e-01
38419: 2.243272e+00 1.387513e+00 2.465016e-01 1.227126e-01
38419: 2.243011e+00 1.387097e+00 2.462366e-01 1.236559e-01
38419: 2.243824e+00 1.386681e+00 2.459721e-01 1.235231e-01
38419: 2.243562e+00 1.386266e+00 2.467811e-01 1.233906e-01
38419: 2.243301e+00 1.386924e+00 2.465166e-01 1.232583e-01
38419: 2.243041e+00 1.387580e+00 2.462527e-01 1.231263e-01
38419: 2.241711e+00 1.388235e+00 2.470588e-01 1.229947e-01
38419: 2.242521e+00 1.387821e+00 2.467949e-01 1.228632e-01
38419: 2.243330e+00 1.387407e+00 2.465315e-01 1.227321e-01
38419: 2.243070e+00 1.388060e+00 2.462687e-01 1.226013e-01
38419: 2.242812e+00 1.388711e+00 2.460064e-01 1.224707e-01
38419: 2.242553e+00 1.388298e+00 2.468085e-01 1.223404e-01
38419: 2.242295e+00 1.388948e+00 2.465462e-01 1.222104e-01
38419: 2.242038e+00 1.388535e+00 2.473461e-01 1.220807e-01
38419: 2.241782e+00 1.389183e+00 2.470838e-01 1.219512e-01
38419: 2.241525e+00 1.388771e+00 2.478814e-01 1.218220e-01
38419: 2.241270e+00 1.388360e+00 2.476190e-01 1.227513e-01
38419: 2.242072e+00 1.387949e+00 2.473573e-01 1.226216e-01
38419: 2.242872e+00 1.387540e+00 2.470961e-01 1.224921e-01
38419: 2.242616e+00 1.388186e+00 2.468354e-01 1.223629e-01
38419: 2.242360e+00 1.388830e+00 2.465753e-01 1.222339e-01
38419: 2.243158e+00 1.388421e+00 2.463158e-01 1.221053e-01
38419: 2.242902e+00 1.389064e+00 2.460568e-01 1.219769e-01
38419: 2.242647e+00 1.388655e+00 2.457983e-01 1.228992e-01
38419: 2.242392e+00 1.389297e+00 2.455404e-01 1.227702e-01
38419: 2.242138e+00 1.388889e+00 2.463312e-01 1.226415e-01
38419: 2.241885e+00 1.388482e+00 2.471204e-01 1.225131e-01
38419: 2.242678e+00 1.388075e+00 2.468619e-01 1.223849e-01
38419: 2.242424e+00 1.388715e+00 2.466040e-01 1.222571e-01
38419: 2.242171e+00 1.388309e+00 2.473904e-01 1.221294e-01
38419: 2.242961e+00 1.387904e+00 2.471324e-01 1.220021e-01
38419: 2.243750e+00 1.387500e+00 2.468750e-01 1.218750e-01
38419: 2.243496e+00 1.387097e+00 2.476587e-01 1.217482e-01
38419: 2.243243e+00 1.386694e+00 2.484407e-01 1.216216e-01
38419: 2.244029e+00 1.386293e+00 2.481828e-01 1.214953e-01
38419: 2.243776e+00 1.386929e+00 2.479253e-01 1.213693e-01
38419: 2.244560e+00 1.386528e+00 2.476684e-01 1.212435e-01
38419: 2.244306e+00 1.386128e+00 2.474120e-01 1.221532e-01
38419: 2.244054e+00 1.385729e+00 2.481903e-01 1.220269e-01
38419: 2.243802e+00 1.386364e+00 2.479339e-01 1.219008e-01
38419: 2.244582e+00 1.385965e+00 2.476780e-01 1.217750e-01
38419: 2.245361e+00 1.385567e+00 2.474227e-01 1.216495e-01
38419: 2.245108e+00 1.386200e+00 2.471679e-01 1.215242e-01
38419: 2.244856e+00 1.386831e+00 2.469136e-01 1.213992e-01
38419: 2.245632e+00 1.386434e+00 2.466598e-01 1.212744e-01
38419: 2.245380e+00 1.386037e+00 2.474333e-01 1.211499e-01
38419: 2.246154e+00 1.385641e+00 2.471795e-01 1.210256e-01
38419: 2.246926e+00 1.385246e+00 2.469262e-01 1.209016e-01
38419: 2.246673e+00 1.385875e+00 2.466735e-01 1.207779e-01
38419: 2.246421e+00 1.386503e+00 2.464213e-01 1.206544e-01
38419: 2.246170e+00 1.386108e+00 2.471910e-01 1.205312e-01
38419: 2.246939e+00 1.385714e+00 2.469388e-01 1.204082e-01
38419: 2.246687e+00 1.385321e+00 2.466871e-01 1.213048e-01
38419: 2.246436e+00 1.384929e+00 2.474542e-01 1.211813e-01
38419: 2.246185e+00 1.385554e+00 2.472024e-01 1.210580e-01
38419: 2.245935e+00 1.386179e+00 2.469512e-01 1.209350e-01
38419: 2.244670e+00 1.387817e+00 2.467005e-01 1.208122e-01
38419: 2.244422e+00 1.387424e+00 2.474645e-01 1.206897e-01
38419: 2.244174e+00 1.387031e+00 2.472138e-01 1.215805e-01
38419: 2.244939e+00 1.386640e+00 2.469636e-01 1.214575e-01
38419: 2.244692e+00 1.386249e+00 2.477250e-01 1.213347e-01
38419: 2.245455e+00 1.385859e+00 2.474747e-01 1.212121e-01
38419: 2.246216e+00 1.385469e+00 2.472250e-01 1.210898e-01
38419: 2.246976e+00 1.385081e+00 2.469758e-01 1.209677e-01
38419: 2.247734e+00 1.384693e+00 2.467271e-01 1.208459e-01
38419: 2.247485e+00 1.384306e+00 2.474849e-01 1.207243e-01
38419: 2.248241e+00 1.383920e+00 2.472362e-01 1.206030e-01
38419: 2.247992e+00 1.383534e+00 2.479920e-01 1.204819e-01
38419: 2.247743e+00 1.383149e+00 2.477432e-01 1.213641e-01
38419: 2.247495e+00 1.382766e+00 2.484970e-01 1.212425e-01
38419: 2.247247e+00 1.383383e+00 2.482482e-01 1.211211e-01
Traceback (most recent call last):
  File "/lowest-unique-number/tournament0/elexunix.py", line 25, in <module>
38419: Done!
    input()
EOFError: EOF when reading a line
