Forked 30160
Starting to reopen 0 and 1
Calling execv `tournament0/fedro.py` (pid 30160)
Strategy 0: first ans is 0
Forked 30184
Starting to reopen 0 and 1
Calling execv `tournament0/the_best_strategy.py` (pid 30184)
Strategy 1: first ans is 0
Forked 30185
Starting to reopen 0 and 1
Calling execv `tournament0/pzakorko.py` (pid 30185)
Strategy 2: first ans is 0
Forked 30186
Starting to reopen 0 and 1
Calling execv `tournament0/lounres.py` (pid 30186)
Strategy 3: first ans is 1
Forked 30187
Starting to reopen 0 and 1
Calling execv `tournament0/elexunix.py` (pid 30187)
Strategy 4: first ans is 1
Forked 30211
Starting to reopen 0 and 1
Calling execv `tournament0/alex_dany` (pid 30211)
30211: Started!
30211: Number of players: 6, position: 5, number of turns: 1000
30211: Random seed: 349418302
Strategy 5: first ans is 1
30211: 3.000000e+00 3.000000e+00 0.000000e+00 0.000000e+00 0.000000e+00 0.000000e+00
30211: 2.500000e+00 2.000000e+00 1.500000e+00 0.000000e+00 0.000000e+00 0.000000e+00
30211: 2.333333e+00 2.333333e+00 1.333333e+00 0.000000e+00 0.000000e+00 0.000000e+00
30211: 2.250000e+00 1.750000e+00 2.000000e+00 0.000000e+00 0.000000e+00 0.000000e+00
30211: 2.200000e+00 1.600000e+00 1.600000e+00 6.000000e-01 0.000000e+00 0.000000e+00
30211: 2.166667e+00 1.666667e+00 1.333333e+00 6.666667e-01 1.666667e-01 0.000000e+00
30211: 2.142857e+00 1.571429e+00 1.428571e+00 7.142857e-01 1.428571e-01 0.000000e+00
30211: 2.125000e+00 1.500000e+00 1.500000e+00 6.250000e-01 2.500000e-01 0.000000e+00
30211: 2.111111e+00 1.555556e+00 1.444444e+00 6.666667e-01 2.222222e-01 0.000000e+00
30211: 2.300000e+00 1.500000e+00 1.400000e+00 6.000000e-01 2.000000e-01 0.000000e+00
30211: 2.272727e+00 1.545455e+00 1.363636e+00 5.454545e-01 2.727273e-01 0.000000e+00
30211: 2.333333e+00 1.500000e+00 1.416667e+00 5.000000e-01 2.500000e-01 0.000000e+00
30211: 2.307692e+00 1.538462e+00 1.307692e+00 5.384615e-01 2.307692e-01 7.692308e-02
30211: 2.357143e+00 1.500000e+00 1.285714e+00 5.000000e-01 2.857143e-01 7.142857e-02
30211: 2.400000e+00 1.600000e+00 1.200000e+00 4.666667e-01 2.666667e-01 6.666667e-02
30211: 2.375000e+00 1.500000e+00 1.250000e+00 5.000000e-01 3.125000e-01 6.250000e-02
30211: 2.352941e+00 1.529412e+00 1.235294e+00 5.294118e-01 2.941176e-01 5.882353e-02
30211: 2.333333e+00 1.555556e+00 1.277778e+00 5.000000e-01 2.777778e-01 5.555556e-02
30211: 2.315789e+00 1.578947e+00 1.210526e+00 5.789474e-01 2.631579e-01 5.263158e-02
30211: 2.300000e+00 1.600000e+00 1.250000e+00 5.500000e-01 2.500000e-01 5.000000e-02
30211: 2.333333e+00 1.571429e+00 1.238095e+00 5.714286e-01 2.380952e-01 4.761905e-02
30211: 2.318182e+00 1.590909e+00 1.272727e+00 5.454545e-01 2.272727e-01 4.545455e-02
30211: 2.347826e+00 1.521739e+00 1.260870e+00 6.086957e-01 2.173913e-01 4.347826e-02
30211: 2.375000e+00 1.541667e+00 1.208333e+00 5.833333e-01 2.500000e-01 4.166667e-02
30211: 2.360000e+00 1.520000e+00 1.240000e+00 6.000000e-01 2.400000e-01 4.000000e-02
30211: 2.346154e+00 1.538462e+00 1.230769e+00 6.153846e-01 2.307692e-01 3.846154e-02
30211: 2.333333e+00 1.555556e+00 1.222222e+00 6.296296e-01 2.222222e-01 3.703704e-02
30211: 2.357143e+00 1.535714e+00 1.250000e+00 6.071429e-01 2.142857e-01 3.571429e-02
30211: 2.379310e+00 1.586207e+00 1.206897e+00 5.862069e-01 2.068966e-01 3.448276e-02
30211: 2.400000e+00 1.533333e+00 1.266667e+00 5.666667e-01 2.000000e-01 3.333333e-02
30211: 2.387097e+00 1.580645e+00 1.225806e+00 5.806452e-01 1.935484e-01 3.225806e-02
30211: 2.375000e+00 1.562500e+00 1.250000e+00 5.625000e-01 2.187500e-01 3.125000e-02
30211: 2.393939e+00 1.606061e+00 1.212121e+00 5.454545e-01 2.121212e-01 3.030303e-02
30211: 2.411765e+00 1.588235e+00 1.235294e+00 5.294118e-01 2.058824e-01 2.941176e-02
30211: 2.428571e+00 1.600000e+00 1.228571e+00 5.142857e-01 2.000000e-01 2.857143e-02
30211: 2.444444e+00 1.555556e+00 1.250000e+00 5.277778e-01 1.944444e-01 2.777778e-02
30211: 2.459459e+00 1.567568e+00 1.243243e+00 5.135135e-01 1.891892e-01 2.702703e-02
30211: 2.473684e+00 1.552632e+00 1.263158e+00 5.000000e-01 1.842105e-01 2.631579e-02
30211: 2.461538e+00 1.589744e+00 1.230769e+00 5.128205e-01 1.794872e-01 2.564103e-02
30211: 2.475000e+00 1.550000e+00 1.250000e+00 5.000000e-01 2.000000e-01 2.500000e-02
30211: 2.463415e+00 1.609756e+00 1.219512e+00 4.878049e-01 1.951220e-01 2.439024e-02
30211: 2.452381e+00 1.619048e+00 1.238095e+00 4.761905e-01 1.904762e-01 2.380952e-02
30211: 2.465116e+00 1.581395e+00 1.232558e+00 4.883721e-01 2.093023e-01 2.325581e-02
30211: 2.454545e+00 1.590909e+00 1.227273e+00 5.000000e-01 2.045455e-01 2.272727e-02
30211: 2.422222e+00 1.577778e+00 1.244444e+00 5.111111e-01 2.222222e-01 2.222222e-02
30211: 2.413043e+00 1.565217e+00 1.260870e+00 5.217391e-01 2.173913e-01 2.173913e-02
30211: 2.382979e+00 1.595745e+00 1.255319e+00 5.319149e-01 2.127660e-01 2.127660e-02
30211: 2.375000e+00 1.604167e+00 1.270833e+00 5.208333e-01 2.083333e-01 2.083333e-02
30211: 2.346939e+00 1.612245e+00 1.265306e+00 5.510204e-01 2.040816e-01 2.040816e-02
30211: 2.360000e+00 1.580000e+00 1.280000e+00 5.400000e-01 2.200000e-01 2.000000e-02
30211: 2.333333e+00 1.607843e+00 1.294118e+00 5.294118e-01 2.156863e-01 1.960784e-02
30211: 2.326923e+00 1.576923e+00 1.346154e+00 5.192308e-01 2.115385e-01 1.923077e-02
30211: 2.301887e+00 1.566038e+00 1.358491e+00 5.471698e-01 2.075472e-01 1.886792e-02
30211: 2.314815e+00 1.574074e+00 1.351852e+00 5.370370e-01 2.037037e-01 1.851852e-02
30211: 2.290909e+00 1.545455e+00 1.400000e+00 5.454545e-01 2.000000e-01 1.818182e-02
30211: 2.285714e+00 1.553571e+00 1.392857e+00 5.357143e-01 2.142857e-01 1.785714e-02
30211: 2.280702e+00 1.543860e+00 1.421053e+00 5.263158e-01 2.105263e-01 1.754386e-02
30211: 2.275862e+00 1.568966e+00 1.396552e+00 5.172414e-01 2.068966e-01 3.448276e-02
30211: 2.288136e+00 1.576271e+00 1.389831e+00 5.084746e-01 2.033898e-01 3.389831e-02
30211: 2.266667e+00 1.550000e+00 1.433333e+00 5.000000e-01 2.166667e-01 3.333333e-02
30211: 2.262295e+00 1.557377e+00 1.426230e+00 4.918033e-01 2.295082e-01 3.278689e-02
30211: 2.241935e+00 1.596774e+00 1.419355e+00 4.838710e-01 2.258065e-01 3.225806e-02
30211: 2.238095e+00 1.619048e+00 1.412698e+00 4.761905e-01 2.222222e-01 3.174603e-02
30211: 2.250000e+00 1.593750e+00 1.437500e+00 4.687500e-01 2.187500e-01 3.125000e-02
30211: 2.246154e+00 1.600000e+00 1.430769e+00 4.769231e-01 2.153846e-01 3.076923e-02
30211: 2.227273e+00 1.590909e+00 1.454545e+00 4.696970e-01 2.272727e-01 3.030303e-02
30211: 2.223881e+00 1.582090e+00 1.447761e+00 4.776119e-01 2.388060e-01 2.985075e-02
30211: 2.220588e+00 1.588235e+00 1.455882e+00 4.705882e-01 2.352941e-01 2.941176e-02
30211: 2.217391e+00 1.579710e+00 1.449275e+00 4.927536e-01 2.318841e-01 2.898551e-02
30211: 2.200000e+00 1.600000e+00 1.457143e+00 4.857143e-01 2.285714e-01 2.857143e-02
30211: 2.211268e+00 1.591549e+00 1.450704e+00 4.929577e-01 2.253521e-01 2.816901e-02
30211: 2.194444e+00 1.597222e+00 1.444444e+00 5.138889e-01 2.222222e-01 2.777778e-02
30211: 2.205479e+00 1.589041e+00 1.438356e+00 5.205479e-01 2.191781e-01 2.739726e-02
30211: 2.202703e+00 1.581081e+00 1.445946e+00 5.270270e-01 2.162162e-01 2.702703e-02
30211: 2.186667e+00 1.600000e+00 1.440000e+00 5.200000e-01 2.266667e-01 2.666667e-02
30211: 2.197368e+00 1.592105e+00 1.447368e+00 5.131579e-01 2.236842e-01 2.631579e-02
30211: 2.181818e+00 1.610390e+00 1.454545e+00 5.064935e-01 2.207792e-01 2.597403e-02
30211: 2.179487e+00 1.628205e+00 1.448718e+00 5.000000e-01 2.179487e-01 2.564103e-02
30211: 2.164557e+00 1.632911e+00 1.468354e+00 4.936709e-01 2.151899e-01 2.531646e-02
30211: 2.175000e+00 1.637500e+00 1.462500e+00 4.875000e-01 2.125000e-01 2.500000e-02
30211: 2.160494e+00 1.629630e+00 1.481481e+00 4.814815e-01 2.222222e-01 2.469136e-02
30211: 2.170732e+00 1.621951e+00 1.487805e+00 4.756098e-01 2.195122e-01 2.439024e-02
30211: 2.168675e+00 1.626506e+00 1.493976e+00 4.698795e-01 2.168675e-01 2.409639e-02
30211: 2.166667e+00 1.619048e+00 1.500000e+00 4.761905e-01 2.142857e-01 2.380952e-02
30211: 2.152941e+00 1.647059e+00 1.494118e+00 4.705882e-01 2.117647e-01 2.352941e-02
30211: 2.151163e+00 1.639535e+00 1.500000e+00 4.767442e-01 2.093023e-01 2.325581e-02
30211: 2.149425e+00 1.643678e+00 1.505747e+00 4.712644e-01 2.068966e-01 2.298851e-02
30211: 2.136364e+00 1.636364e+00 1.511364e+00 4.886364e-01 2.045455e-01 2.272727e-02
30211: 2.134831e+00 1.640449e+00 1.516854e+00 4.831461e-01 2.022472e-01 2.247191e-02
30211: 2.122222e+00 1.633333e+00 1.511111e+00 5.000000e-01 2.111111e-01 2.222222e-02
30211: 2.120879e+00 1.615385e+00 1.527473e+00 4.945055e-01 2.197802e-01 2.197802e-02
30211: 2.119565e+00 1.630435e+00 1.521739e+00 4.891304e-01 2.173913e-01 2.173913e-02
30211: 2.107527e+00 1.634409e+00 1.537634e+00 4.838710e-01 2.150538e-01 2.150538e-02
30211: 2.106383e+00 1.638298e+00 1.531915e+00 4.893617e-01 2.127660e-01 2.127660e-02
30211: 2.094737e+00 1.621053e+00 1.547368e+00 4.947368e-01 2.210526e-01 2.105263e-02
30211: 2.093750e+00 1.625000e+00 1.552083e+00 4.895833e-01 2.187500e-01 2.083333e-02
30211: 2.082474e+00 1.618557e+00 1.556701e+00 5.051546e-01 2.164948e-01 2.061856e-02
30211: 2.091837e+00 1.612245e+00 1.551020e+00 5.102041e-01 2.142857e-01 2.040816e-02
30211: 2.080808e+00 1.616162e+00 1.565657e+00 5.050505e-01 2.121212e-01 2.020202e-02
30211: 2.080000e+00 1.600000e+00 1.580000e+00 5.000000e-01 2.200000e-01 2.000000e-02
30211: 2.089109e+00 1.594059e+00 1.574257e+00 5.049505e-01 2.178218e-01 1.980198e-02
30211: 2.078431e+00 1.607843e+00 1.558824e+00 5.196078e-01 2.156863e-01 1.960784e-02
30211: 2.077670e+00 1.621359e+00 1.553398e+00 5.145631e-01 2.135922e-01 1.941748e-02
30211: 2.067308e+00 1.615385e+00 1.576923e+00 5.096154e-01 2.115385e-01 1.923077e-02
30211: 2.085714e+00 1.609524e+00 1.561905e+00 5.142857e-01 2.095238e-01 1.904762e-02
30211: 2.075472e+00 1.622642e+00 1.566038e+00 5.094340e-01 2.075472e-01 1.886792e-02
30211: 2.074766e+00 1.616822e+00 1.570093e+00 5.140187e-01 2.056075e-01 1.869159e-02
30211: 2.074074e+00 1.611111e+00 1.574074e+00 5.185185e-01 2.037037e-01 1.851852e-02
30211: 2.073394e+00 1.614679e+00 1.559633e+00 5.321101e-01 2.018349e-01 1.834862e-02
30211: 2.063636e+00 1.609091e+00 1.572727e+00 5.272727e-01 2.090909e-01 1.818182e-02
30211: 2.072072e+00 1.594595e+00 1.576577e+00 5.315315e-01 2.072072e-01 1.801802e-02
30211: 2.062500e+00 1.607143e+00 1.571429e+00 5.357143e-01 2.053571e-01 1.785714e-02
30211: 2.070796e+00 1.601770e+00 1.557522e+00 5.398230e-01 2.123894e-01 1.769912e-02
30211: 2.070175e+00 1.605263e+00 1.561404e+00 5.350877e-01 2.105263e-01 1.754386e-02
30211: 2.069565e+00 1.591304e+00 1.565217e+00 5.391304e-01 2.173913e-01 1.739130e-02
30211: 2.060345e+00 1.603448e+00 1.568966e+00 5.344828e-01 2.155172e-01 1.724138e-02
30211: 2.059829e+00 1.598291e+00 1.581197e+00 5.299145e-01 2.136752e-01 1.709402e-02
30211: 2.059322e+00 1.601695e+00 1.576271e+00 5.338983e-01 2.118644e-01 1.694915e-02
30211: 2.050420e+00 1.596639e+00 1.579832e+00 5.462185e-01 2.100840e-01 1.680672e-02
30211: 2.058333e+00 1.591667e+00 1.575000e+00 5.500000e-01 2.083333e-01 1.666667e-02
30211: 2.049587e+00 1.595041e+00 1.578512e+00 5.537190e-01 2.066116e-01 1.652893e-02
30211: 2.049180e+00 1.598361e+00 1.565574e+00 5.655738e-01 2.049180e-01 1.639344e-02
30211: 2.048780e+00 1.585366e+00 1.577236e+00 5.609756e-01 2.032520e-01 2.439024e-02
30211: 2.040323e+00 1.588710e+00 1.572581e+00 5.725806e-01 2.016129e-01 2.419355e-02
30211: 2.040000e+00 1.600000e+00 1.560000e+00 5.760000e-01 2.000000e-01 2.400000e-02
30211: 2.031746e+00 1.603175e+00 1.571429e+00 5.714286e-01 1.984127e-01 2.380952e-02
30211: 2.031496e+00 1.606299e+00 1.559055e+00 5.748031e-01 2.047244e-01 2.362205e-02
30211: 2.031250e+00 1.601562e+00 1.562500e+00 5.781250e-01 2.031250e-01 2.343750e-02
30211: 2.023256e+00 1.612403e+00 1.565891e+00 5.736434e-01 2.015504e-01 2.325581e-02
30211: 2.038462e+00 1.607692e+00 1.561538e+00 5.692308e-01 2.000000e-01 2.307692e-02
30211: 2.030534e+00 1.610687e+00 1.557252e+00 5.725191e-01 2.061069e-01 2.290076e-02
30211: 2.030303e+00 1.613636e+00 1.553030e+00 5.757576e-01 2.045455e-01 2.272727e-02
30211: 2.022556e+00 1.624060e+00 1.556391e+00 5.714286e-01 2.030075e-01 2.255639e-02
30211: 2.029851e+00 1.626866e+00 1.552239e+00 5.671642e-01 2.014925e-01 2.238806e-02
30211: 2.022222e+00 1.629630e+00 1.562963e+00 5.629630e-01 2.000000e-01 2.222222e-02
30211: 2.029412e+00 1.625000e+00 1.566176e+00 5.588235e-01 1.985294e-01 2.205882e-02
30211: 2.021898e+00 1.627737e+00 1.569343e+00 5.547445e-01 1.970803e-01 2.919708e-02
30211: 2.028986e+00 1.630435e+00 1.565217e+00 5.507246e-01 1.956522e-01 2.898551e-02
30211: 2.028777e+00 1.625899e+00 1.568345e+00 5.539568e-01 1.942446e-01 2.877698e-02
30211: 2.028571e+00 1.621429e+00 1.571429e+00 5.500000e-01 2.000000e-01 2.857143e-02
30211: 2.021277e+00 1.631206e+00 1.560284e+00 5.531915e-01 2.056738e-01 2.836879e-02
30211: 2.028169e+00 1.626761e+00 1.556338e+00 5.492958e-01 2.112676e-01 2.816901e-02
30211: 2.027972e+00 1.629371e+00 1.552448e+00 5.524476e-01 2.097902e-01 2.797203e-02
30211: 2.027778e+00 1.631944e+00 1.555556e+00 5.486111e-01 2.083333e-01 2.777778e-02
30211: 2.020690e+00 1.641379e+00 1.551724e+00 5.517241e-01 2.068966e-01 2.758621e-02
30211: 2.027397e+00 1.630137e+00 1.554795e+00 5.547945e-01 2.054795e-01 2.739726e-02
30211: 2.027211e+00 1.639456e+00 1.551020e+00 5.510204e-01 2.040816e-01 2.721088e-02
30211: 2.027027e+00 1.635135e+00 1.554054e+00 5.472973e-01 2.094595e-01 2.702703e-02
30211: 2.020134e+00 1.637584e+00 1.557047e+00 5.503356e-01 2.080537e-01 2.684564e-02
30211: 2.020000e+00 1.640000e+00 1.560000e+00 5.466667e-01 2.066667e-01 2.666667e-02
30211: 2.013245e+00 1.635762e+00 1.556291e+00 5.562914e-01 2.119205e-01 2.649007e-02
30211: 2.013158e+00 1.625000e+00 1.565789e+00 5.526316e-01 2.105263e-01 3.289474e-02
30211: 2.006536e+00 1.633987e+00 1.568627e+00 5.490196e-01 2.091503e-01 3.267974e-02
30211: 2.006494e+00 1.636364e+00 1.571429e+00 5.454545e-01 2.077922e-01 3.246753e-02
30211: 2.000000e+00 1.632258e+00 1.574194e+00 5.548387e-01 2.064516e-01 3.225806e-02
30211: 2.006410e+00 1.628205e+00 1.570513e+00 5.576923e-01 2.051282e-01 3.205128e-02
30211: 2.000000e+00 1.630573e+00 1.573248e+00 5.605096e-01 2.038217e-01 3.184713e-02
30211: 2.006329e+00 1.620253e+00 1.569620e+00 5.696203e-01 2.025316e-01 3.164557e-02
30211: 2.006289e+00 1.622642e+00 1.572327e+00 5.660377e-01 2.012579e-01 3.144654e-02
30211: 2.000000e+00 1.625000e+00 1.562500e+00 5.812500e-01 2.000000e-01 3.125000e-02
30211: 2.000000e+00 1.633540e+00 1.559006e+00 5.776398e-01 1.987578e-01 3.105590e-02
30211: 1.993827e+00 1.629630e+00 1.574074e+00 5.740741e-01 1.975309e-01 3.086420e-02
30211: 1.993865e+00 1.625767e+00 1.570552e+00 5.828221e-01 1.963190e-01 3.067485e-02
30211: 1.987805e+00 1.634146e+00 1.567073e+00 5.853659e-01 1.951220e-01 3.048780e-02
30211: 1.987879e+00 1.636364e+00 1.563636e+00 5.818182e-01 1.939394e-01 3.636364e-02
30211: 1.981928e+00 1.644578e+00 1.566265e+00 5.783133e-01 1.927711e-01 3.614458e-02
30211: 1.982036e+00 1.640719e+00 1.562874e+00 5.808383e-01 1.976048e-01 3.592814e-02
30211: 1.976190e+00 1.648810e+00 1.559524e+00 5.833333e-01 1.964286e-01 3.571429e-02
30211: 1.976331e+00 1.644970e+00 1.562130e+00 5.857988e-01 1.952663e-01 3.550296e-02
30211: 1.970588e+00 1.652941e+00 1.564706e+00 5.823529e-01 1.941176e-01 3.529412e-02
30211: 1.976608e+00 1.654971e+00 1.561404e+00 5.789474e-01 1.929825e-01 3.508772e-02
30211: 1.982558e+00 1.651163e+00 1.563953e+00 5.755814e-01 1.918605e-01 3.488372e-02
30211: 1.982659e+00 1.653179e+00 1.566474e+00 5.722543e-01 1.907514e-01 3.468208e-02
30211: 1.988506e+00 1.649425e+00 1.563218e+00 5.747126e-01 1.896552e-01 3.448276e-02
30211: 1.982857e+00 1.657143e+00 1.565714e+00 5.714286e-01 1.885714e-01 3.428571e-02
30211: 1.988636e+00 1.659091e+00 1.562500e+00 5.681818e-01 1.875000e-01 3.409091e-02
30211: 1.988701e+00 1.655367e+00 1.564972e+00 5.706215e-01 1.864407e-01 3.389831e-02
30211: 1.983146e+00 1.657303e+00 1.561798e+00 5.786517e-01 1.853933e-01 3.370787e-02
30211: 1.994413e+00 1.653631e+00 1.558659e+00 5.754190e-01 1.843575e-01 3.351955e-02
30211: 1.988889e+00 1.661111e+00 1.561111e+00 5.722222e-01 1.833333e-01 3.333333e-02
30211: 1.988950e+00 1.657459e+00 1.558011e+00 5.745856e-01 1.878453e-01 3.314917e-02
30211: 1.983516e+00 1.664835e+00 1.554945e+00 5.769231e-01 1.868132e-01 3.296703e-02
30211: 1.983607e+00 1.666667e+00 1.551913e+00 5.792350e-01 1.857923e-01 3.278689e-02
30211: 1.983696e+00 1.663043e+00 1.554348e+00 5.760870e-01 1.902174e-01 3.260870e-02
30211: 1.983784e+00 1.664865e+00 1.551351e+00 5.783784e-01 1.891892e-01 3.243243e-02
30211: 1.978495e+00 1.661290e+00 1.559140e+00 5.806452e-01 1.881720e-01 3.225806e-02
30211: 1.978610e+00 1.657754e+00 1.561497e+00 5.828877e-01 1.871658e-01 3.208556e-02
30211: 1.978723e+00 1.659574e+00 1.563830e+00 5.797872e-01 1.861702e-01 3.191489e-02
30211: 1.973545e+00 1.661376e+00 1.560847e+00 5.873016e-01 1.851852e-01 3.174603e-02
30211: 1.973684e+00 1.652632e+00 1.568421e+00 5.842105e-01 1.894737e-01 3.157895e-02
30211: 1.973822e+00 1.654450e+00 1.570681e+00 5.811518e-01 1.884817e-01 3.141361e-02
30211: 1.973958e+00 1.645833e+00 1.567708e+00 5.937500e-01 1.875000e-01 3.125000e-02
30211: 1.968912e+00 1.647668e+00 1.569948e+00 5.958549e-01 1.865285e-01 3.108808e-02
30211: 1.974227e+00 1.644330e+00 1.572165e+00 5.927835e-01 1.855670e-01 3.092784e-02
30211: 1.969231e+00 1.646154e+00 1.569231e+00 5.948718e-01 1.897436e-01 3.076923e-02
30211: 1.974490e+00 1.642857e+00 1.571429e+00 5.918367e-01 1.887755e-01 3.061224e-02
30211: 1.969543e+00 1.644670e+00 1.568528e+00 5.989848e-01 1.878173e-01 3.045685e-02
30211: 1.974747e+00 1.636364e+00 1.570707e+00 5.959596e-01 1.919192e-01 3.030303e-02
30211: 1.969849e+00 1.633166e+00 1.567839e+00 5.979899e-01 1.959799e-01 3.517588e-02
30211: 1.975000e+00 1.630000e+00 1.565000e+00 6.000000e-01 1.950000e-01 3.500000e-02
30211: 1.975124e+00 1.631841e+00 1.567164e+00 5.970149e-01 1.940299e-01 3.482587e-02
30211: 1.970297e+00 1.633663e+00 1.564356e+00 6.039604e-01 1.930693e-01 3.465347e-02
30211: 1.970443e+00 1.630542e+00 1.566502e+00 6.009852e-01 1.970443e-01 3.448276e-02
30211: 1.965686e+00 1.632353e+00 1.568627e+00 5.980392e-01 2.009804e-01 3.431373e-02
30211: 1.965854e+00 1.634146e+00 1.570732e+00 5.951220e-01 2.000000e-01 3.414634e-02
30211: 1.966019e+00 1.631068e+00 1.563107e+00 6.067961e-01 1.990291e-01 3.398058e-02
30211: 1.966184e+00 1.632850e+00 1.565217e+00 6.038647e-01 1.980676e-01 3.381643e-02
30211: 1.966346e+00 1.629808e+00 1.562500e+00 6.105769e-01 1.971154e-01 3.365385e-02
30211: 1.961722e+00 1.626794e+00 1.569378e+00 6.076555e-01 2.009569e-01 3.349282e-02
30211: 1.961905e+00 1.628571e+00 1.571429e+00 6.047619e-01 2.000000e-01 3.333333e-02
30211: 1.957346e+00 1.625592e+00 1.568720e+00 6.113744e-01 2.037915e-01 3.317536e-02
30211: 1.962264e+00 1.622642e+00 1.566038e+00 6.084906e-01 2.028302e-01 3.773585e-02
30211: 1.962441e+00 1.624413e+00 1.563380e+00 6.103286e-01 2.018779e-01 3.755869e-02
30211: 1.957944e+00 1.626168e+00 1.565421e+00 6.074766e-01 2.056075e-01 3.738318e-02
30211: 1.958140e+00 1.623256e+00 1.572093e+00 6.046512e-01 2.046512e-01 3.720930e-02
30211: 1.953704e+00 1.625000e+00 1.569444e+00 6.111111e-01 2.037037e-01 3.703704e-02
30211: 1.953917e+00 1.626728e+00 1.566820e+00 6.082949e-01 2.027650e-01 4.147465e-02
30211: 1.949541e+00 1.628440e+00 1.573394e+00 6.055046e-01 2.018349e-01 4.128440e-02
30211: 1.958904e+00 1.625571e+00 1.566210e+00 6.073059e-01 2.009132e-01 4.109589e-02
30211: 1.954545e+00 1.627273e+00 1.572727e+00 6.045455e-01 2.000000e-01 4.090909e-02
30211: 1.959276e+00 1.624434e+00 1.570136e+00 6.063348e-01 1.990950e-01 4.072398e-02
30211: 1.954955e+00 1.630631e+00 1.563063e+00 6.126126e-01 1.981982e-01 4.054054e-02
30211: 1.959641e+00 1.627803e+00 1.565022e+00 6.098655e-01 1.973094e-01 4.035874e-02
30211: 1.955357e+00 1.633929e+00 1.562500e+00 6.071429e-01 2.008929e-01 4.017857e-02
30211: 1.955556e+00 1.631111e+00 1.564444e+00 6.088889e-01 2.000000e-01 4.000000e-02
30211: 1.951327e+00 1.632743e+00 1.566372e+00 6.106195e-01 1.991150e-01 3.982301e-02
30211: 1.951542e+00 1.629956e+00 1.563877e+00 6.123348e-01 2.026432e-01 3.964758e-02
30211: 1.947368e+00 1.635965e+00 1.561404e+00 6.096491e-01 2.061404e-01 3.947368e-02
30211: 1.947598e+00 1.633188e+00 1.563319e+00 6.113537e-01 2.052402e-01 3.930131e-02
30211: 1.947826e+00 1.639130e+00 1.560870e+00 6.086957e-01 2.043478e-01 3.913043e-02
30211: 1.948052e+00 1.636364e+00 1.567100e+00 6.060606e-01 2.034632e-01 3.896104e-02
30211: 1.948276e+00 1.637931e+00 1.568966e+00 6.034483e-01 2.025862e-01 3.879310e-02
30211: 1.944206e+00 1.630901e+00 1.579399e+00 6.051502e-01 2.017167e-01 3.862661e-02
30211: 1.944444e+00 1.628205e+00 1.576923e+00 6.068376e-01 2.008547e-01 4.273504e-02
30211: 1.940426e+00 1.629787e+00 1.574468e+00 6.085106e-01 2.042553e-01 4.255319e-02
30211: 1.940678e+00 1.627119e+00 1.567797e+00 6.144068e-01 2.076271e-01 4.237288e-02
30211: 1.936709e+00 1.632911e+00 1.569620e+00 6.118143e-01 2.067511e-01 4.219409e-02
30211: 1.936975e+00 1.630252e+00 1.567227e+00 6.134454e-01 2.100840e-01 4.201681e-02
30211: 1.937238e+00 1.631799e+00 1.569038e+00 6.108787e-01 2.092050e-01 4.184100e-02
30211: 1.933333e+00 1.629167e+00 1.570833e+00 6.166667e-01 2.083333e-01 4.166667e-02
30211: 1.937759e+00 1.626556e+00 1.568465e+00 6.182573e-01 2.074689e-01 4.149378e-02
30211: 1.942149e+00 1.628099e+00 1.566116e+00 6.157025e-01 2.066116e-01 4.132231e-02
30211: 1.942387e+00 1.629630e+00 1.567901e+00 6.131687e-01 2.057613e-01 4.115226e-02
30211: 1.938525e+00 1.627049e+00 1.569672e+00 6.147541e-01 2.090164e-01 4.098361e-02
30211: 1.942857e+00 1.624490e+00 1.571429e+00 6.122449e-01 2.081633e-01 4.081633e-02
30211: 1.939024e+00 1.626016e+00 1.569106e+00 6.138211e-01 2.113821e-01 4.065041e-02
30211: 1.935223e+00 1.627530e+00 1.570850e+00 6.153846e-01 2.105263e-01 4.048583e-02
30211: 1.939516e+00 1.625000e+00 1.568548e+00 6.169355e-01 2.096774e-01 4.032258e-02
30211: 1.935743e+00 1.634538e+00 1.566265e+00 6.144578e-01 2.088353e-01 4.016064e-02
30211: 1.940000e+00 1.632000e+00 1.568000e+00 6.120000e-01 2.080000e-01 4.000000e-02
30211: 1.936255e+00 1.633466e+00 1.569721e+00 6.135458e-01 2.071713e-01 3.984064e-02
30211: 1.936508e+00 1.630952e+00 1.567460e+00 6.150794e-01 2.103175e-01 3.968254e-02
30211: 1.932806e+00 1.632411e+00 1.569170e+00 6.166008e-01 2.094862e-01 3.952569e-02
30211: 1.937008e+00 1.633858e+00 1.566929e+00 6.141732e-01 2.086614e-01 3.937008e-02
30211: 1.933333e+00 1.635294e+00 1.572549e+00 6.117647e-01 2.078431e-01 3.921569e-02
30211: 1.933594e+00 1.636719e+00 1.570312e+00 6.132812e-01 2.070312e-01 3.906250e-02
30211: 1.933852e+00 1.634241e+00 1.568093e+00 6.186770e-01 2.062257e-01 3.891051e-02
30211: 1.930233e+00 1.635659e+00 1.569767e+00 6.201550e-01 2.054264e-01 3.875969e-02
30211: 1.934363e+00 1.633205e+00 1.571429e+00 6.177606e-01 2.046332e-01 3.861004e-02
30211: 1.934615e+00 1.634615e+00 1.565385e+00 6.192308e-01 2.076923e-01 3.846154e-02
30211: 1.934866e+00 1.636015e+00 1.567050e+00 6.168582e-01 2.068966e-01 3.831418e-02
30211: 1.935115e+00 1.633588e+00 1.564885e+00 6.221374e-01 2.061069e-01 3.816794e-02
30211: 1.935361e+00 1.638783e+00 1.562738e+00 6.197719e-01 2.053232e-01 3.802281e-02
30211: 1.935606e+00 1.636364e+00 1.568182e+00 6.174242e-01 2.045455e-01 3.787879e-02
30211: 1.935849e+00 1.637736e+00 1.566038e+00 6.188679e-01 2.037736e-01 3.773585e-02
30211: 1.932331e+00 1.639098e+00 1.567669e+00 6.165414e-01 2.067669e-01 3.759398e-02
30211: 1.932584e+00 1.644195e+00 1.565543e+00 6.142322e-01 2.059925e-01 3.745318e-02
30211: 1.929104e+00 1.649254e+00 1.567164e+00 6.119403e-01 2.052239e-01 3.731343e-02
30211: 1.933086e+00 1.646840e+00 1.568773e+00 6.096654e-01 2.044610e-01 3.717472e-02
30211: 1.929630e+00 1.655556e+00 1.566667e+00 6.074074e-01 2.037037e-01 3.703704e-02
30211: 1.929889e+00 1.660517e+00 1.564576e+00 6.051661e-01 2.029520e-01 3.690037e-02
30211: 1.926471e+00 1.658088e+00 1.573529e+00 6.029412e-01 2.022059e-01 3.676471e-02
30211: 1.926740e+00 1.655678e+00 1.571429e+00 6.043956e-01 2.051282e-01 3.663004e-02
30211: 1.927007e+00 1.656934e+00 1.565693e+00 6.058394e-01 2.080292e-01 3.649635e-02
30211: 1.927273e+00 1.658182e+00 1.567273e+00 6.036364e-01 2.072727e-01 3.636364e-02
30211: 1.927536e+00 1.655797e+00 1.568841e+00 6.050725e-01 2.065217e-01 3.623188e-02
30211: 1.931408e+00 1.657040e+00 1.566787e+00 6.028881e-01 2.057762e-01 3.610108e-02
30211: 1.931655e+00 1.654676e+00 1.571942e+00 6.007194e-01 2.050360e-01 3.597122e-02
30211: 1.928315e+00 1.655914e+00 1.573477e+00 6.021505e-01 2.043011e-01 3.584229e-02
30211: 1.932143e+00 1.650000e+00 1.571429e+00 6.071429e-01 2.035714e-01 3.571429e-02
30211: 1.928826e+00 1.654804e+00 1.565836e+00 6.120996e-01 2.028470e-01 3.558719e-02
30211: 1.929078e+00 1.652482e+00 1.570922e+00 6.099291e-01 2.021277e-01 3.546099e-02
30211: 1.925795e+00 1.657244e+00 1.565371e+00 6.113074e-01 2.049470e-01 3.533569e-02
30211: 1.929577e+00 1.654930e+00 1.563380e+00 6.091549e-01 2.077465e-01 3.521127e-02
30211: 1.929825e+00 1.659649e+00 1.561404e+00 6.070175e-01 2.070175e-01 3.508772e-02
30211: 1.933566e+00 1.657343e+00 1.562937e+00 6.048951e-01 2.062937e-01 3.496503e-02
30211: 1.930314e+00 1.658537e+00 1.564460e+00 6.062718e-01 2.055749e-01 3.484321e-02
30211: 1.930556e+00 1.656250e+00 1.562500e+00 6.111111e-01 2.048611e-01 3.472222e-02
30211: 1.927336e+00 1.657439e+00 1.564014e+00 6.089965e-01 2.076125e-01 3.460208e-02
30211: 1.931034e+00 1.655172e+00 1.562069e+00 6.068966e-01 2.103448e-01 3.448276e-02
30211: 1.931271e+00 1.656357e+00 1.560137e+00 6.082474e-01 2.096220e-01 3.436426e-02
30211: 1.928082e+00 1.654110e+00 1.565068e+00 6.095890e-01 2.089041e-01 3.424658e-02
30211: 1.935154e+00 1.651877e+00 1.563140e+00 6.075085e-01 2.081911e-01 3.412969e-02
30211: 1.935374e+00 1.656463e+00 1.561224e+00 6.054422e-01 2.074830e-01 3.401361e-02
30211: 1.935593e+00 1.654237e+00 1.566102e+00 6.033898e-01 2.067797e-01 3.389831e-02
30211: 1.935811e+00 1.655405e+00 1.567568e+00 6.013514e-01 2.060811e-01 3.378378e-02
30211: 1.936027e+00 1.649832e+00 1.572391e+00 6.026936e-01 2.053872e-01 3.367003e-02
30211: 1.932886e+00 1.647651e+00 1.573826e+00 6.073826e-01 2.046980e-01 3.355705e-02
30211: 1.939799e+00 1.645485e+00 1.568562e+00 6.086957e-01 2.040134e-01 3.344482e-02
30211: 1.936667e+00 1.646667e+00 1.566667e+00 6.133333e-01 2.033333e-01 3.333333e-02
30211: 1.936877e+00 1.647841e+00 1.564784e+00 6.112957e-01 2.059801e-01 3.322259e-02
30211: 1.933775e+00 1.642384e+00 1.572848e+00 6.125828e-01 2.052980e-01 3.311258e-02
30211: 1.933993e+00 1.643564e+00 1.570957e+00 6.138614e-01 2.046205e-01 3.300330e-02
30211: 1.934211e+00 1.641447e+00 1.569079e+00 6.184211e-01 2.039474e-01 3.289474e-02
30211: 1.934426e+00 1.645902e+00 1.567213e+00 6.163934e-01 2.032787e-01 3.278689e-02
30211: 1.931373e+00 1.643791e+00 1.575163e+00 6.143791e-01 2.026144e-01 3.267974e-02
30211: 1.931596e+00 1.638436e+00 1.576547e+00 6.188925e-01 2.019544e-01 3.257329e-02
30211: 1.928571e+00 1.646104e+00 1.571429e+00 6.201299e-01 2.012987e-01 3.246753e-02
30211: 1.928803e+00 1.644013e+00 1.569579e+00 6.245955e-01 2.006472e-01 3.236246e-02
30211: 1.925806e+00 1.645161e+00 1.567742e+00 6.225806e-01 2.064516e-01 3.225806e-02
30211: 1.922830e+00 1.649518e+00 1.565916e+00 6.205788e-01 2.090032e-01 3.215434e-02
30211: 1.926282e+00 1.647436e+00 1.567308e+00 6.185897e-01 2.083333e-01 3.205128e-02
30211: 1.923323e+00 1.648562e+00 1.565495e+00 6.230032e-01 2.076677e-01 3.194888e-02
30211: 1.920382e+00 1.656051e+00 1.563694e+00 6.210191e-01 2.070064e-01 3.184713e-02
30211: 1.926984e+00 1.653968e+00 1.561905e+00 6.190476e-01 2.063492e-01 3.174603e-02
30211: 1.924051e+00 1.658228e+00 1.563291e+00 6.170886e-01 2.056962e-01 3.164557e-02
30211: 1.924290e+00 1.662461e+00 1.561514e+00 6.151420e-01 2.050473e-01 3.154574e-02
30211: 1.921384e+00 1.663522e+00 1.566038e+00 6.132075e-01 2.044025e-01 3.144654e-02
30211: 1.918495e+00 1.667712e+00 1.564263e+00 6.144201e-01 2.037618e-01 3.134796e-02
30211: 1.921875e+00 1.665625e+00 1.562500e+00 6.125000e-01 2.031250e-01 3.437500e-02
30211: 1.919003e+00 1.666667e+00 1.560748e+00 6.168224e-01 2.024922e-01 3.426791e-02
30211: 1.916149e+00 1.667702e+00 1.565217e+00 6.149068e-01 2.018634e-01 3.416149e-02
30211: 1.916409e+00 1.665635e+00 1.566563e+00 6.160991e-01 2.012384e-01 3.405573e-02
30211: 1.913580e+00 1.666667e+00 1.564815e+00 6.141975e-01 2.037037e-01 3.703704e-02
30211: 1.913846e+00 1.667692e+00 1.563077e+00 6.153846e-01 2.030769e-01 3.692308e-02
30211: 1.911043e+00 1.668712e+00 1.567485e+00 6.134969e-01 2.024540e-01 3.680982e-02
30211: 1.914373e+00 1.669725e+00 1.565749e+00 6.116208e-01 2.018349e-01 3.669725e-02
30211: 1.911585e+00 1.673780e+00 1.567073e+00 6.097561e-01 2.012195e-01 3.658537e-02
30211: 1.911854e+00 1.671733e+00 1.568389e+00 6.109422e-01 2.006079e-01 3.647416e-02
30211: 1.909091e+00 1.675758e+00 1.566667e+00 6.121212e-01 2.000000e-01 3.636364e-02
30211: 1.909366e+00 1.673716e+00 1.570997e+00 6.102719e-01 1.993958e-01 3.625378e-02
30211: 1.909639e+00 1.674699e+00 1.566265e+00 6.144578e-01 1.987952e-01 3.614458e-02
30211: 1.909910e+00 1.672673e+00 1.570571e+00 6.126126e-01 1.981982e-01 3.603604e-02
30211: 1.910180e+00 1.673653e+00 1.565868e+00 6.137725e-01 2.005988e-01 3.592814e-02
30211: 1.910448e+00 1.674627e+00 1.567164e+00 6.119403e-01 2.000000e-01 3.582090e-02
30211: 1.907738e+00 1.675595e+00 1.568452e+00 6.130952e-01 1.994048e-01 3.571429e-02
30211: 1.913947e+00 1.673591e+00 1.566766e+00 6.112760e-01 1.988131e-01 3.560831e-02
30211: 1.911243e+00 1.674556e+00 1.568047e+00 6.094675e-01 2.011834e-01 3.550296e-02
30211: 1.914454e+00 1.675516e+00 1.566372e+00 6.076696e-01 2.005900e-01 3.539823e-02
30211: 1.914706e+00 1.673529e+00 1.567647e+00 6.058824e-01 2.029412e-01 3.529412e-02
30211: 1.912023e+00 1.677419e+00 1.568915e+00 6.041056e-01 2.023460e-01 3.519062e-02
30211: 1.912281e+00 1.675439e+00 1.573099e+00 6.023392e-01 2.017544e-01 3.508772e-02
30211: 1.912536e+00 1.676385e+00 1.568513e+00 6.064140e-01 2.011662e-01 3.498542e-02
30211: 1.912791e+00 1.674419e+00 1.572674e+00 6.046512e-01 2.005814e-01 3.488372e-02
30211: 1.913043e+00 1.678261e+00 1.568116e+00 6.057971e-01 2.000000e-01 3.478261e-02
30211: 1.913295e+00 1.676301e+00 1.569364e+00 6.069364e-01 1.994220e-01 3.468208e-02
30211: 1.913545e+00 1.677233e+00 1.570605e+00 6.051873e-01 1.988473e-01 3.458213e-02
30211: 1.910920e+00 1.681034e+00 1.566092e+00 6.091954e-01 1.982759e-01 3.448276e-02
30211: 1.911175e+00 1.681948e+00 1.564470e+00 6.103152e-01 1.977077e-01 3.438395e-02
30211: 1.908571e+00 1.682857e+00 1.565714e+00 6.085714e-01 2.000000e-01 3.428571e-02
30211: 1.914530e+00 1.680912e+00 1.564103e+00 6.068376e-01 1.994302e-01 3.418803e-02
30211: 1.914773e+00 1.681818e+00 1.562500e+00 6.051136e-01 2.017045e-01 3.409091e-02
30211: 1.915014e+00 1.679887e+00 1.566572e+00 6.033994e-01 2.011331e-01 3.399433e-02
30211: 1.915254e+00 1.680791e+00 1.567797e+00 6.016949e-01 2.005650e-01 3.389831e-02
30211: 1.912676e+00 1.684507e+00 1.566197e+00 6.028169e-01 2.000000e-01 3.380282e-02
30211: 1.915730e+00 1.685393e+00 1.564607e+00 6.011236e-01 1.994382e-01 3.370787e-02
30211: 1.913165e+00 1.686275e+00 1.565826e+00 6.022409e-01 1.988796e-01 3.361345e-02
30211: 1.916201e+00 1.684358e+00 1.567039e+00 6.005587e-01 1.983240e-01 3.351955e-02
30211: 1.916435e+00 1.688022e+00 1.565460e+00 5.988858e-01 1.977716e-01 3.342618e-02
30211: 1.913889e+00 1.688889e+00 1.569444e+00 5.972222e-01 1.972222e-01 3.333333e-02
30211: 1.916898e+00 1.686981e+00 1.567867e+00 5.955679e-01 1.994460e-01 3.324100e-02
30211: 1.914365e+00 1.690608e+00 1.566298e+00 5.966851e-01 1.988950e-01 3.314917e-02
30211: 1.917355e+00 1.688705e+00 1.567493e+00 5.950413e-01 1.983471e-01 3.305785e-02
30211: 1.914835e+00 1.692308e+00 1.565934e+00 5.961538e-01 1.978022e-01 3.296703e-02
30211: 1.920548e+00 1.690411e+00 1.564384e+00 5.945205e-01 1.972603e-01 3.287671e-02
30211: 1.918033e+00 1.693989e+00 1.562842e+00 5.956284e-01 1.967213e-01 3.278689e-02
30211: 1.920981e+00 1.694823e+00 1.561308e+00 5.940054e-01 1.961853e-01 3.269755e-02
30211: 1.918478e+00 1.695652e+00 1.562500e+00 5.923913e-01 1.983696e-01 3.260870e-02
30211: 1.918699e+00 1.693767e+00 1.563686e+00 5.907859e-01 2.005420e-01 3.252033e-02
30211: 1.916216e+00 1.697297e+00 1.564865e+00 5.891892e-01 2.000000e-01 3.243243e-02
30211: 1.916442e+00 1.698113e+00 1.566038e+00 5.876011e-01 1.994609e-01 3.234501e-02
30211: 1.913978e+00 1.696237e+00 1.564516e+00 5.913978e-01 2.016129e-01 3.225806e-02
30211: 1.916890e+00 1.694370e+00 1.563003e+00 5.924933e-01 2.010724e-01 3.217158e-02
30211: 1.917112e+00 1.697861e+00 1.561497e+00 5.909091e-01 2.005348e-01 3.208556e-02
30211: 1.914667e+00 1.696000e+00 1.568000e+00 5.893333e-01 2.000000e-01 3.200000e-02
30211: 1.914894e+00 1.694149e+00 1.566489e+00 5.930851e-01 1.994681e-01 3.191489e-02
30211: 1.917772e+00 1.692308e+00 1.567639e+00 5.915119e-01 1.989390e-01 3.183024e-02
30211: 1.915344e+00 1.695767e+00 1.568783e+00 5.899471e-01 1.984127e-01 3.174603e-02
30211: 1.915567e+00 1.693931e+00 1.572559e+00 5.883905e-01 1.978892e-01 3.166227e-02
30211: 1.915789e+00 1.697368e+00 1.568421e+00 5.894737e-01 1.973684e-01 3.157895e-02
30211: 1.916010e+00 1.695538e+00 1.572178e+00 5.879265e-01 1.968504e-01 3.149606e-02
30211: 1.913613e+00 1.698953e+00 1.570681e+00 5.890052e-01 1.963351e-01 3.141361e-02
30211: 1.913838e+00 1.697128e+00 1.569191e+00 5.900783e-01 1.984334e-01 3.133159e-02
30211: 1.911458e+00 1.700521e+00 1.567708e+00 5.911458e-01 1.979167e-01 3.125000e-02
30211: 1.914286e+00 1.698701e+00 1.568831e+00 5.896104e-01 1.974026e-01 3.116883e-02
30211: 1.911917e+00 1.699482e+00 1.569948e+00 5.880829e-01 1.994819e-01 3.108808e-02
30211: 1.912145e+00 1.697674e+00 1.571059e+00 5.865633e-01 2.015504e-01 3.100775e-02
30211: 1.909794e+00 1.698454e+00 1.569588e+00 5.902062e-01 2.010309e-01 3.092784e-02
30211: 1.910026e+00 1.699229e+00 1.568123e+00 5.912596e-01 2.005141e-01 3.084833e-02
30211: 1.907692e+00 1.697436e+00 1.571795e+00 5.923077e-01 2.000000e-01 3.076923e-02
30211: 1.910486e+00 1.695652e+00 1.567775e+00 5.959079e-01 1.994885e-01 3.069054e-02
30211: 1.910714e+00 1.698980e+00 1.566327e+00 5.943878e-01 1.989796e-01 3.061224e-02
30211: 1.910941e+00 1.697201e+00 1.567430e+00 5.928753e-01 1.984733e-01 3.307888e-02
30211: 1.911168e+00 1.695431e+00 1.571066e+00 5.913706e-01 1.979695e-01 3.299492e-02
30211: 1.908861e+00 1.701266e+00 1.567089e+00 5.924051e-01 1.974684e-01 3.291139e-02
30211: 1.909091e+00 1.699495e+00 1.568182e+00 5.934343e-01 1.969697e-01 3.282828e-02
30211: 1.909320e+00 1.700252e+00 1.566751e+00 5.919395e-01 1.964736e-01 3.526448e-02
30211: 1.907035e+00 1.698492e+00 1.570352e+00 5.904523e-01 1.984925e-01 3.517588e-02
30211: 1.907268e+00 1.696742e+00 1.568922e+00 5.914787e-01 2.005013e-01 3.508772e-02
30211: 1.907500e+00 1.697500e+00 1.567500e+00 5.925000e-01 2.000000e-01 3.500000e-02
30211: 1.907731e+00 1.695761e+00 1.571072e+00 5.910224e-01 1.995012e-01 3.491272e-02
30211: 1.907960e+00 1.696517e+00 1.569652e+00 5.920398e-01 1.990050e-01 3.482587e-02
30211: 1.908189e+00 1.694789e+00 1.573201e+00 5.905707e-01 1.985112e-01 3.473945e-02
30211: 1.908416e+00 1.695545e+00 1.571782e+00 5.915842e-01 1.980198e-01 3.465347e-02
30211: 1.906173e+00 1.693827e+00 1.572840e+00 5.925926e-01 2.000000e-01 3.456790e-02
30211: 1.906404e+00 1.692118e+00 1.568966e+00 5.960591e-01 1.995074e-01 3.694581e-02
30211: 1.904177e+00 1.690418e+00 1.572482e+00 5.970516e-01 1.990172e-01 3.685504e-02
30211: 1.906863e+00 1.686275e+00 1.571078e+00 6.004902e-01 1.985294e-01 3.676471e-02
30211: 1.904645e+00 1.684597e+00 1.572127e+00 6.039120e-01 1.980440e-01 3.667482e-02
30211: 1.907317e+00 1.682927e+00 1.570732e+00 6.048780e-01 1.975610e-01 3.658537e-02
30211: 1.907543e+00 1.686131e+00 1.566910e+00 6.058394e-01 1.970803e-01 3.649635e-02
30211: 1.907767e+00 1.684466e+00 1.570388e+00 6.043689e-01 1.966019e-01 3.640777e-02
30211: 1.905569e+00 1.687651e+00 1.566586e+00 6.053269e-01 1.985472e-01 3.631961e-02
30211: 1.908213e+00 1.688406e+00 1.565217e+00 6.038647e-01 1.980676e-01 3.623188e-02
30211: 1.906024e+00 1.689157e+00 1.568675e+00 6.024096e-01 1.975904e-01 3.614458e-02
30211: 1.908654e+00 1.689904e+00 1.567308e+00 6.009615e-01 1.971154e-01 3.605769e-02
30211: 1.906475e+00 1.690647e+00 1.570743e+00 5.995204e-01 1.966427e-01 3.597122e-02
30211: 1.909091e+00 1.688995e+00 1.569378e+00 6.004785e-01 1.961722e-01 3.588517e-02
30211: 1.906921e+00 1.687351e+00 1.570406e+00 5.990453e-01 2.004773e-01 3.579952e-02
30211: 1.907143e+00 1.685714e+00 1.569048e+00 6.023810e-01 2.000000e-01 3.571429e-02
30211: 1.907363e+00 1.686461e+00 1.567696e+00 6.033254e-01 1.995249e-01 3.562945e-02
30211: 1.905213e+00 1.687204e+00 1.571090e+00 6.018957e-01 1.990521e-01 3.554502e-02
30211: 1.905437e+00 1.685579e+00 1.572104e+00 6.028369e-01 1.985816e-01 3.546099e-02
30211: 1.903302e+00 1.688679e+00 1.568396e+00 6.061321e-01 1.981132e-01 3.537736e-02
30211: 1.903529e+00 1.689412e+00 1.567059e+00 6.070588e-01 1.976471e-01 3.529412e-02
30211: 1.903756e+00 1.690141e+00 1.568075e+00 6.056338e-01 1.971831e-01 3.521127e-02
30211: 1.901639e+00 1.690867e+00 1.569087e+00 6.065574e-01 1.967213e-01 3.512881e-02
30211: 1.901869e+00 1.689252e+00 1.570093e+00 6.051402e-01 1.985981e-01 3.504673e-02
30211: 1.902098e+00 1.689977e+00 1.568765e+00 6.060606e-01 1.981352e-01 3.496503e-02
30211: 1.904651e+00 1.688372e+00 1.569767e+00 6.046512e-01 1.976744e-01 3.488372e-02
30211: 1.904872e+00 1.686775e+00 1.573086e+00 6.032483e-01 1.972158e-01 3.480278e-02
30211: 1.905093e+00 1.687500e+00 1.571759e+00 6.041667e-01 1.967593e-01 3.472222e-02
30211: 1.905312e+00 1.685912e+00 1.572748e+00 6.050808e-01 1.963048e-01 3.464203e-02
30211: 1.903226e+00 1.688940e+00 1.571429e+00 6.059908e-01 1.958525e-01 3.456221e-02
30211: 1.903448e+00 1.689655e+00 1.567816e+00 6.091954e-01 1.954023e-01 3.448276e-02
30211: 1.901376e+00 1.688073e+00 1.571101e+00 6.100917e-01 1.949541e-01 3.440367e-02
30211: 1.906178e+00 1.686499e+00 1.567506e+00 6.109840e-01 1.945080e-01 3.432494e-02
30211: 1.904110e+00 1.684932e+00 1.570776e+00 6.118721e-01 1.940639e-01 3.424658e-02
30211: 1.902050e+00 1.683371e+00 1.571754e+00 6.127563e-01 1.958998e-01 3.416856e-02
30211: 1.902273e+00 1.686364e+00 1.568182e+00 6.136364e-01 1.954545e-01 3.409091e-02
30211: 1.900227e+00 1.687075e+00 1.571429e+00 6.122449e-01 1.950113e-01 3.401361e-02
30211: 1.900452e+00 1.685520e+00 1.572398e+00 6.131222e-01 1.945701e-01 3.393665e-02
30211: 1.900677e+00 1.686230e+00 1.571106e+00 6.139955e-01 1.941309e-01 3.386005e-02
30211: 1.903153e+00 1.684685e+00 1.569820e+00 6.148649e-01 1.936937e-01 3.378378e-02
30211: 1.903371e+00 1.687640e+00 1.568539e+00 6.134831e-01 1.932584e-01 3.370787e-02
30211: 1.901345e+00 1.686099e+00 1.569507e+00 6.143498e-01 1.950673e-01 3.363229e-02
30211: 1.901566e+00 1.686801e+00 1.568233e+00 6.152125e-01 1.946309e-01 3.355705e-02
30211: 1.899554e+00 1.687500e+00 1.569196e+00 6.160714e-01 1.941964e-01 3.348214e-02
30211: 1.899777e+00 1.685969e+00 1.570156e+00 6.169265e-01 1.937639e-01 3.340757e-02
30211: 1.897778e+00 1.688889e+00 1.566667e+00 6.200000e-01 1.933333e-01 3.333333e-02
30211: 1.898004e+00 1.687361e+00 1.567627e+00 6.208426e-01 1.929047e-01 3.325942e-02
30211: 1.896018e+00 1.690265e+00 1.568584e+00 6.194690e-01 1.924779e-01 3.318584e-02
30211: 1.896247e+00 1.688742e+00 1.569536e+00 6.181015e-01 1.942605e-01 3.311258e-02
30211: 1.894273e+00 1.691630e+00 1.570485e+00 6.167401e-01 1.938326e-01 3.303965e-02
30211: 1.894505e+00 1.692308e+00 1.569231e+00 6.175824e-01 1.934066e-01 3.296703e-02
30211: 1.892544e+00 1.688596e+00 1.574561e+00 6.184211e-01 1.929825e-01 3.289474e-02
30211: 1.892779e+00 1.687090e+00 1.573304e+00 6.192560e-01 1.947484e-01 3.282276e-02
30211: 1.893013e+00 1.689956e+00 1.569869e+00 6.200873e-01 1.943231e-01 3.275109e-02
30211: 1.891068e+00 1.690632e+00 1.570806e+00 6.209150e-01 1.938998e-01 3.267974e-02
30211: 1.891304e+00 1.689130e+00 1.571739e+00 6.217391e-01 1.934783e-01 3.260870e-02
30211: 1.889371e+00 1.691974e+00 1.570499e+00 6.225597e-01 1.930586e-01 3.253796e-02
30211: 1.891775e+00 1.690476e+00 1.567100e+00 6.255411e-01 1.926407e-01 3.246753e-02
30211: 1.889849e+00 1.691145e+00 1.568035e+00 6.263499e-01 1.922246e-01 3.239741e-02
30211: 1.890086e+00 1.689655e+00 1.571121e+00 6.250000e-01 1.918103e-01 3.232759e-02
30211: 1.890323e+00 1.690323e+00 1.569892e+00 6.258065e-01 1.913978e-01 3.225806e-02
30211: 1.888412e+00 1.688841e+00 1.572961e+00 6.266094e-01 1.909871e-01 3.218884e-02
30211: 1.890792e+00 1.689507e+00 1.569593e+00 6.274090e-01 1.905782e-01 3.211991e-02
30211: 1.891026e+00 1.688034e+00 1.570513e+00 6.282051e-01 1.901709e-01 3.205128e-02
30211: 1.889126e+00 1.688699e+00 1.569296e+00 6.289979e-01 1.918977e-01 3.198294e-02
30211: 1.889362e+00 1.691489e+00 1.568085e+00 6.276596e-01 1.914894e-01 3.191489e-02
30211: 1.889597e+00 1.692144e+00 1.569002e+00 6.263270e-01 1.910828e-01 3.184713e-02
30211: 1.887712e+00 1.692797e+00 1.567797e+00 6.292373e-01 1.906780e-01 3.177966e-02
30211: 1.887949e+00 1.691332e+00 1.566596e+00 6.300211e-01 1.923890e-01 3.171247e-02
30211: 1.886076e+00 1.694093e+00 1.567511e+00 6.286920e-01 1.919831e-01 3.164557e-02
30211: 1.886316e+00 1.694737e+00 1.568421e+00 6.273684e-01 1.915789e-01 3.157895e-02
30211: 1.884454e+00 1.695378e+00 1.569328e+00 6.281513e-01 1.911765e-01 3.151261e-02
30211: 1.886792e+00 1.691824e+00 1.572327e+00 6.268344e-01 1.907757e-01 3.144654e-02
30211: 1.887029e+00 1.692469e+00 1.571130e+00 6.276151e-01 1.903766e-01 3.138075e-02
30211: 1.887265e+00 1.691023e+00 1.569937e+00 6.304802e-01 1.899791e-01 3.131524e-02
30211: 1.887500e+00 1.691667e+00 1.568750e+00 6.312500e-01 1.895833e-01 3.125000e-02
30211: 1.885655e+00 1.688150e+00 1.573805e+00 6.299376e-01 1.912682e-01 3.118503e-02
30211: 1.885892e+00 1.688797e+00 1.572614e+00 6.307054e-01 1.908714e-01 3.112033e-02
30211: 1.884058e+00 1.689441e+00 1.571429e+00 6.335404e-01 1.904762e-01 3.105590e-02
30211: 1.884298e+00 1.690083e+00 1.570248e+00 6.342975e-01 1.900826e-01 3.099174e-02
30211: 1.882474e+00 1.690722e+00 1.569072e+00 6.371134e-01 1.896907e-01 3.092784e-02
30211: 1.882716e+00 1.691358e+00 1.567901e+00 6.358025e-01 1.913580e-01 3.086420e-02
30211: 1.882957e+00 1.691992e+00 1.568789e+00 6.344969e-01 1.909651e-01 3.080082e-02
30211: 1.881148e+00 1.690574e+00 1.567623e+00 6.393443e-01 1.905738e-01 3.073770e-02
30211: 1.883436e+00 1.689162e+00 1.566462e+00 6.400818e-01 1.901840e-01 3.067485e-02
30211: 1.881633e+00 1.691837e+00 1.567347e+00 6.387755e-01 1.897959e-01 3.061224e-02
30211: 1.881874e+00 1.690428e+00 1.566191e+00 6.395112e-01 1.914460e-01 3.054990e-02
30211: 1.880081e+00 1.691057e+00 1.569106e+00 6.382114e-01 1.910569e-01 3.048780e-02
30211: 1.882353e+00 1.689655e+00 1.567951e+00 6.389452e-01 1.906694e-01 3.042596e-02
30211: 1.880567e+00 1.690283e+00 1.570850e+00 6.376518e-01 1.902834e-01 3.036437e-02
30211: 1.880808e+00 1.686869e+00 1.569697e+00 6.404040e-01 1.919192e-01 3.030303e-02
30211: 1.883065e+00 1.687500e+00 1.568548e+00 6.391129e-01 1.915323e-01 3.024194e-02
30211: 1.883300e+00 1.686117e+00 1.569416e+00 6.398390e-01 1.911469e-01 3.018109e-02
30211: 1.883534e+00 1.686747e+00 1.568273e+00 6.385542e-01 1.907631e-01 3.212851e-02
30211: 1.881764e+00 1.687375e+00 1.571142e+00 6.372745e-01 1.903808e-01 3.206413e-02
30211: 1.886000e+00 1.686000e+00 1.568000e+00 6.380000e-01 1.900000e-01 3.200000e-02
30211: 1.884232e+00 1.686627e+00 1.566866e+00 6.407186e-01 1.896208e-01 3.193613e-02
30211: 1.884462e+00 1.685259e+00 1.567729e+00 6.414343e-01 1.892430e-01 3.187251e-02
30211: 1.884692e+00 1.685885e+00 1.566600e+00 6.421471e-01 1.888668e-01 3.180915e-02
30211: 1.884921e+00 1.684524e+00 1.567460e+00 6.428571e-01 1.884921e-01 3.174603e-02
30211: 1.883168e+00 1.685149e+00 1.566337e+00 6.435644e-01 1.900990e-01 3.168317e-02
30211: 1.883399e+00 1.687747e+00 1.565217e+00 6.422925e-01 1.897233e-01 3.162055e-02
30211: 1.881657e+00 1.688363e+00 1.568047e+00 6.410256e-01 1.893491e-01 3.155819e-02
30211: 1.881890e+00 1.687008e+00 1.570866e+00 6.397638e-01 1.889764e-01 3.149606e-02
30211: 1.880157e+00 1.687623e+00 1.569745e+00 6.404715e-01 1.905697e-01 3.143418e-02
30211: 1.884314e+00 1.686275e+00 1.568627e+00 6.392157e-01 1.901961e-01 3.137255e-02
30211: 1.882583e+00 1.690802e+00 1.567515e+00 6.379648e-01 1.898239e-01 3.131115e-02
30211: 1.882812e+00 1.689453e+00 1.566406e+00 6.386719e-01 1.914062e-01 3.125000e-02
30211: 1.881092e+00 1.692008e+00 1.567251e+00 6.374269e-01 1.910331e-01 3.118908e-02
30211: 1.883268e+00 1.690661e+00 1.566148e+00 6.361868e-01 1.906615e-01 3.307393e-02
30211: 1.883495e+00 1.691262e+00 1.565049e+00 6.368932e-01 1.902913e-01 3.300971e-02
30211: 1.881783e+00 1.689922e+00 1.567829e+00 6.375969e-01 1.899225e-01 3.294574e-02
30211: 1.883946e+00 1.688588e+00 1.566731e+00 6.382979e-01 1.895551e-01 3.288201e-02
30211: 1.882239e+00 1.691120e+00 1.567568e+00 6.370656e-01 1.891892e-01 3.281853e-02
30211: 1.886320e+00 1.689788e+00 1.566474e+00 6.358382e-01 1.888247e-01 3.275530e-02
30211: 1.886538e+00 1.690385e+00 1.565385e+00 6.346154e-01 1.903846e-01 3.269231e-02
30211: 1.886756e+00 1.690979e+00 1.566219e+00 6.333973e-01 1.900192e-01 3.262956e-02
30211: 1.885057e+00 1.689655e+00 1.568966e+00 6.340996e-01 1.896552e-01 3.256705e-02
30211: 1.887189e+00 1.690249e+00 1.567878e+00 6.328872e-01 1.892925e-01 3.250478e-02
30211: 1.887405e+00 1.690840e+00 1.568702e+00 6.316794e-01 1.889313e-01 3.244275e-02
30211: 1.885714e+00 1.689524e+00 1.569524e+00 6.342857e-01 1.885714e-01 3.238095e-02
30211: 1.885932e+00 1.688213e+00 1.570342e+00 6.330798e-01 1.882129e-01 3.422053e-02
30211: 1.884250e+00 1.690702e+00 1.569260e+00 6.337761e-01 1.878558e-01 3.415560e-02
30211: 1.884470e+00 1.691288e+00 1.570076e+00 6.325758e-01 1.875000e-01 3.409091e-02
30211: 1.882798e+00 1.689981e+00 1.568998e+00 6.351607e-01 1.871456e-01 3.591682e-02
30211: 1.883019e+00 1.692453e+00 1.567925e+00 6.339623e-01 1.867925e-01 3.584906e-02
30211: 1.881356e+00 1.693032e+00 1.570621e+00 6.327684e-01 1.864407e-01 3.578154e-02
30211: 1.885338e+00 1.691729e+00 1.567669e+00 6.334586e-01 1.860902e-01 3.571429e-02
30211: 1.885553e+00 1.690432e+00 1.570356e+00 6.322702e-01 1.857411e-01 3.564728e-02
30211: 1.885768e+00 1.691011e+00 1.567416e+00 6.348315e-01 1.853933e-01 3.558052e-02
30211: 1.885981e+00 1.689720e+00 1.570093e+00 6.336449e-01 1.850467e-01 3.551402e-02
30211: 1.884328e+00 1.690299e+00 1.570896e+00 6.343284e-01 1.847015e-01 3.544776e-02
30211: 1.884544e+00 1.689013e+00 1.569832e+00 6.368715e-01 1.843575e-01 3.538175e-02
30211: 1.882900e+00 1.689591e+00 1.572491e+00 6.356877e-01 1.840149e-01 3.531599e-02
30211: 1.883117e+00 1.688312e+00 1.571429e+00 6.382189e-01 1.836735e-01 3.525046e-02
30211: 1.883333e+00 1.688889e+00 1.568519e+00 6.407407e-01 1.833333e-01 3.518519e-02
30211: 1.883549e+00 1.689464e+00 1.569316e+00 6.395564e-01 1.829945e-01 3.512015e-02
30211: 1.881919e+00 1.688192e+00 1.570111e+00 6.420664e-01 1.826568e-01 3.505535e-02
30211: 1.882136e+00 1.688766e+00 1.569061e+00 6.427256e-01 1.823204e-01 3.499079e-02
30211: 1.882353e+00 1.687500e+00 1.569853e+00 6.415441e-01 1.819853e-01 3.676471e-02
30211: 1.880734e+00 1.688073e+00 1.572477e+00 6.403670e-01 1.816514e-01 3.669725e-02
30211: 1.880952e+00 1.688645e+00 1.571429e+00 6.410256e-01 1.813187e-01 3.663004e-02
30211: 1.879342e+00 1.687386e+00 1.572212e+00 6.416819e-01 1.828154e-01 3.656307e-02
30211: 1.879562e+00 1.687956e+00 1.569343e+00 6.423358e-01 1.843066e-01 3.649635e-02
30211: 1.877960e+00 1.686703e+00 1.570128e+00 6.448087e-01 1.839709e-01 3.642987e-02
30211: 1.878182e+00 1.685455e+00 1.569091e+00 6.472727e-01 1.836364e-01 3.636364e-02
30211: 1.878403e+00 1.686025e+00 1.568058e+00 6.479129e-01 1.833031e-01 3.629764e-02
30211: 1.878623e+00 1.684783e+00 1.568841e+00 6.485507e-01 1.829710e-01 3.623188e-02
30211: 1.877034e+00 1.685353e+00 1.569620e+00 6.491863e-01 1.826401e-01 3.616637e-02
30211: 1.877256e+00 1.684116e+00 1.572202e+00 6.480144e-01 1.823105e-01 3.610108e-02
30211: 1.877477e+00 1.684685e+00 1.571171e+00 6.486486e-01 1.819820e-01 3.603604e-02
30211: 1.879496e+00 1.683453e+00 1.570144e+00 6.492806e-01 1.816547e-01 3.597122e-02
30211: 1.877917e+00 1.684022e+00 1.569120e+00 6.499102e-01 1.831239e-01 3.590664e-02
30211: 1.878136e+00 1.682796e+00 1.569892e+00 6.505376e-01 1.827957e-01 3.584229e-02
30211: 1.878354e+00 1.683363e+00 1.568873e+00 6.511628e-01 1.824687e-01 3.577818e-02
30211: 1.876786e+00 1.682143e+00 1.573214e+00 6.500000e-01 1.821429e-01 3.571429e-02
30211: 1.878788e+00 1.680927e+00 1.570410e+00 6.524064e-01 1.818182e-01 3.565062e-02
30211: 1.877224e+00 1.681495e+00 1.567616e+00 6.548043e-01 1.832740e-01 3.558719e-02
30211: 1.877442e+00 1.680284e+00 1.566607e+00 6.571936e-01 1.829485e-01 3.552398e-02
30211: 1.875887e+00 1.684397e+00 1.565603e+00 6.560284e-01 1.826241e-01 3.546099e-02
30211: 1.876106e+00 1.684956e+00 1.566372e+00 6.548673e-01 1.823009e-01 3.539823e-02
30211: 1.876325e+00 1.683746e+00 1.567138e+00 6.554770e-01 1.819788e-01 3.533569e-02
30211: 1.874780e+00 1.684303e+00 1.569665e+00 6.543210e-01 1.816578e-01 3.527337e-02
30211: 1.875000e+00 1.683099e+00 1.570423e+00 6.549296e-01 1.813380e-01 3.521127e-02
30211: 1.873462e+00 1.685413e+00 1.567663e+00 6.572935e-01 1.810193e-01 3.514938e-02
30211: 1.873684e+00 1.685965e+00 1.566667e+00 6.561404e-01 1.824561e-01 3.508772e-02
30211: 1.873905e+00 1.686515e+00 1.567426e+00 6.549912e-01 1.821366e-01 3.502627e-02
30211: 1.872378e+00 1.683566e+00 1.571678e+00 6.555944e-01 1.818182e-01 3.496503e-02
30211: 1.872600e+00 1.682373e+00 1.570681e+00 6.579407e-01 1.815009e-01 3.490401e-02
30211: 1.872822e+00 1.681185e+00 1.571429e+00 6.585366e-01 1.811847e-01 3.484321e-02
30211: 1.871304e+00 1.681739e+00 1.572174e+00 6.591304e-01 1.808696e-01 3.478261e-02
30211: 1.875000e+00 1.680556e+00 1.569444e+00 6.597222e-01 1.805556e-01 3.472222e-02
30211: 1.876950e+00 1.681109e+00 1.568458e+00 6.585789e-01 1.802426e-01 3.466205e-02
30211: 1.875433e+00 1.679931e+00 1.570934e+00 6.591696e-01 1.799308e-01 3.460208e-02
30211: 1.875648e+00 1.682211e+00 1.568221e+00 6.597582e-01 1.796200e-01 3.454231e-02
30211: 1.874138e+00 1.681034e+00 1.572414e+00 6.586207e-01 1.793103e-01 3.448276e-02
30211: 1.876076e+00 1.679862e+00 1.571429e+00 6.592083e-01 1.790017e-01 3.442341e-02
30211: 1.874570e+00 1.680412e+00 1.572165e+00 6.597938e-01 1.786942e-01 3.436426e-02
30211: 1.874786e+00 1.679245e+00 1.572899e+00 6.603774e-01 1.783877e-01 3.430532e-02
30211: 1.873288e+00 1.681507e+00 1.570205e+00 6.626712e-01 1.780822e-01 3.424658e-02
30211: 1.873504e+00 1.682051e+00 1.567521e+00 6.632479e-01 1.794872e-01 3.418803e-02
30211: 1.872014e+00 1.680887e+00 1.569966e+00 6.621160e-01 1.808874e-01 3.412969e-02
30211: 1.875639e+00 1.679727e+00 1.568995e+00 6.609881e-01 1.805792e-01 3.407155e-02
30211: 1.874150e+00 1.681973e+00 1.569728e+00 6.598639e-01 1.802721e-01 3.401361e-02
30211: 1.874363e+00 1.680815e+00 1.570458e+00 6.587436e-01 1.816638e-01 3.395586e-02
30211: 1.874576e+00 1.683051e+00 1.567797e+00 6.593220e-01 1.813559e-01 3.389831e-02
30211: 1.876481e+00 1.681895e+00 1.568528e+00 6.582064e-01 1.810491e-01 3.384095e-02
30211: 1.875000e+00 1.685811e+00 1.567568e+00 6.570946e-01 1.807432e-01 3.378378e-02
30211: 1.875211e+00 1.688027e+00 1.566610e+00 6.559865e-01 1.804384e-01 3.372681e-02
30211: 1.873737e+00 1.686869e+00 1.567340e+00 6.582492e-01 1.801347e-01 3.367003e-02
30211: 1.873950e+00 1.685714e+00 1.566387e+00 6.588235e-01 1.815126e-01 3.361345e-02
30211: 1.872483e+00 1.687919e+00 1.567114e+00 6.577181e-01 1.812081e-01 3.355705e-02
30211: 1.872697e+00 1.686767e+00 1.567839e+00 6.566164e-01 1.825796e-01 3.350084e-02
30211: 1.871237e+00 1.688963e+00 1.568562e+00 6.555184e-01 1.822742e-01 3.344482e-02
30211: 1.873122e+00 1.689482e+00 1.567613e+00 6.544240e-01 1.819699e-01 3.338898e-02
30211: 1.871667e+00 1.690000e+00 1.570000e+00 6.533333e-01 1.816667e-01 3.333333e-02
30211: 1.871880e+00 1.690516e+00 1.569052e+00 6.539101e-01 1.813644e-01 3.327787e-02
30211: 1.870432e+00 1.691030e+00 1.569767e+00 6.528239e-01 1.827243e-01 3.322259e-02
30211: 1.868988e+00 1.689884e+00 1.573798e+00 6.517413e-01 1.824212e-01 3.316750e-02
30211: 1.870861e+00 1.690397e+00 1.571192e+00 6.523179e-01 1.821192e-01 3.311258e-02
30211: 1.869421e+00 1.690909e+00 1.571901e+00 6.528926e-01 1.818182e-01 3.305785e-02
30211: 1.867987e+00 1.689769e+00 1.572607e+00 6.534653e-01 1.831683e-01 3.300330e-02
30211: 1.871499e+00 1.688633e+00 1.570016e+00 6.540362e-01 1.828666e-01 3.294893e-02
30211: 1.870066e+00 1.690789e+00 1.569079e+00 6.546053e-01 1.825658e-01 3.289474e-02
30211: 1.871921e+00 1.689655e+00 1.569787e+00 6.535304e-01 1.822660e-01 3.284072e-02
30211: 1.870492e+00 1.691803e+00 1.568852e+00 6.524590e-01 1.819672e-01 3.442623e-02
30211: 1.870704e+00 1.690671e+00 1.569558e+00 6.530278e-01 1.816694e-01 3.436989e-02
30211: 1.870915e+00 1.692810e+00 1.568627e+00 6.519608e-01 1.813725e-01 3.431373e-02
30211: 1.872757e+00 1.691680e+00 1.569331e+00 6.508972e-01 1.810767e-01 3.425775e-02
30211: 1.871336e+00 1.692182e+00 1.570033e+00 6.498371e-01 1.824104e-01 3.420195e-02
30211: 1.869919e+00 1.689431e+00 1.573984e+00 6.504065e-01 1.821138e-01 3.414634e-02
30211: 1.873377e+00 1.688312e+00 1.571429e+00 6.509740e-01 1.818182e-01 3.409091e-02
30211: 1.871961e+00 1.690438e+00 1.570502e+00 6.515397e-01 1.815235e-01 3.403566e-02
30211: 1.870550e+00 1.690939e+00 1.569579e+00 6.521036e-01 1.828479e-01 3.398058e-02
30211: 1.870759e+00 1.693053e+00 1.568659e+00 6.510501e-01 1.825525e-01 3.392569e-02
30211: 1.872581e+00 1.691935e+00 1.569355e+00 6.500000e-01 1.822581e-01 3.387097e-02
30211: 1.872786e+00 1.694042e+00 1.568438e+00 6.489533e-01 1.819646e-01 3.381643e-02
30211: 1.871383e+00 1.692926e+00 1.569132e+00 6.495177e-01 1.832797e-01 3.376206e-02
30211: 1.871589e+00 1.693419e+00 1.568218e+00 6.500803e-01 1.829856e-01 3.370787e-02
30211: 1.870192e+00 1.692308e+00 1.572115e+00 6.490385e-01 1.826923e-01 3.365385e-02
30211: 1.872000e+00 1.691200e+00 1.571200e+00 6.496000e-01 1.824000e-01 3.360000e-02
30211: 1.872204e+00 1.691693e+00 1.570288e+00 6.501597e-01 1.821086e-01 3.354633e-02
30211: 1.872408e+00 1.690590e+00 1.570973e+00 6.507177e-01 1.818182e-01 3.349282e-02
30211: 1.869427e+00 1.691083e+00 1.573248e+00 6.512739e-01 1.815287e-01 3.343949e-02
30211: 1.869634e+00 1.689984e+00 1.572337e+00 6.518283e-01 1.828299e-01 3.338633e-02
30211: 1.868254e+00 1.692063e+00 1.571429e+00 6.523810e-01 1.825397e-01 3.333333e-02
30211: 1.868463e+00 1.689382e+00 1.572108e+00 6.529319e-01 1.838352e-01 3.328051e-02
30211: 1.867089e+00 1.689873e+00 1.571203e+00 6.550633e-01 1.835443e-01 3.322785e-02
30211: 1.865719e+00 1.690363e+00 1.570300e+00 6.556082e-01 1.832543e-01 3.475513e-02
30211: 1.869085e+00 1.689274e+00 1.567823e+00 6.561514e-01 1.829653e-01 3.470032e-02
30211: 1.867717e+00 1.691339e+00 1.566929e+00 6.566929e-01 1.826772e-01 3.464567e-02
30211: 1.866352e+00 1.691824e+00 1.569182e+00 6.556604e-01 1.823899e-01 3.459119e-02
30211: 1.864992e+00 1.690738e+00 1.571429e+00 6.562009e-01 1.821036e-01 3.453689e-02
30211: 1.865204e+00 1.689655e+00 1.570533e+00 6.583072e-01 1.818182e-01 3.448276e-02
30211: 1.863850e+00 1.693271e+00 1.568075e+00 6.588419e-01 1.815336e-01 3.442879e-02
30211: 1.864062e+00 1.692187e+00 1.568750e+00 6.593750e-01 1.812500e-01 3.437500e-02
30211: 1.862715e+00 1.694228e+00 1.569423e+00 6.583463e-01 1.809672e-01 3.432137e-02
30211: 1.861371e+00 1.694704e+00 1.570093e+00 6.588785e-01 1.806854e-01 3.426791e-02
30211: 1.861586e+00 1.695179e+00 1.567652e+00 6.609642e-01 1.804044e-01 3.421462e-02
30211: 1.860248e+00 1.694099e+00 1.571429e+00 6.599379e-01 1.801242e-01 3.416149e-02
30211: 1.860465e+00 1.694574e+00 1.570543e+00 6.604651e-01 1.798450e-01 3.410853e-02
30211: 1.859133e+00 1.693498e+00 1.569659e+00 6.609907e-01 1.826625e-01 3.405573e-02
30211: 1.860896e+00 1.692427e+00 1.568779e+00 6.599691e-01 1.839258e-01 3.400309e-02
30211: 1.861111e+00 1.692901e+00 1.569444e+00 6.589506e-01 1.836420e-01 3.395062e-02
30211: 1.861325e+00 1.691834e+00 1.570108e+00 6.594761e-01 1.833590e-01 3.389831e-02
30211: 1.861538e+00 1.693846e+00 1.567692e+00 6.600000e-01 1.830769e-01 3.384615e-02
30211: 1.861751e+00 1.694316e+00 1.568356e+00 6.589862e-01 1.827957e-01 3.379416e-02
30211: 1.861963e+00 1.693252e+00 1.569018e+00 6.595092e-01 1.825153e-01 3.374233e-02
30211: 1.862175e+00 1.693721e+00 1.569678e+00 6.584992e-01 1.822358e-01 3.369066e-02
30211: 1.862385e+00 1.694190e+00 1.568807e+00 6.590214e-01 1.819572e-01 3.363914e-02
30211: 1.861069e+00 1.693130e+00 1.570992e+00 6.580153e-01 1.816794e-01 3.511450e-02
30211: 1.861280e+00 1.695122e+00 1.568598e+00 6.585366e-01 1.814024e-01 3.506098e-02
30211: 1.859970e+00 1.695586e+00 1.569254e+00 6.590563e-01 1.811263e-01 3.500761e-02
30211: 1.861702e+00 1.693009e+00 1.569909e+00 6.580547e-01 1.823708e-01 3.495441e-02
30211: 1.860395e+00 1.693475e+00 1.572079e+00 6.570561e-01 1.820941e-01 3.490137e-02
30211: 1.860606e+00 1.692424e+00 1.571212e+00 6.590909e-01 1.818182e-01 3.484848e-02
30211: 1.859304e+00 1.694402e+00 1.568835e+00 6.596067e-01 1.830560e-01 3.479576e-02
30211: 1.859517e+00 1.694864e+00 1.569486e+00 6.586103e-01 1.827795e-01 3.474320e-02
30211: 1.858220e+00 1.695324e+00 1.570136e+00 6.591252e-01 1.825038e-01 3.469080e-02
30211: 1.856928e+00 1.697289e+00 1.567771e+00 6.611446e-01 1.822289e-01 3.463855e-02
30211: 1.857143e+00 1.697744e+00 1.566917e+00 6.601504e-01 1.834586e-01 3.458647e-02
30211: 1.855856e+00 1.698198e+00 1.569069e+00 6.591592e-01 1.831832e-01 3.453453e-02
30211: 1.856072e+00 1.698651e+00 1.568216e+00 6.596702e-01 1.829085e-01 3.448276e-02
30211: 1.854790e+00 1.700599e+00 1.568862e+00 6.586826e-01 1.826347e-01 3.443114e-02
30211: 1.856502e+00 1.699552e+00 1.569507e+00 6.576981e-01 1.823617e-01 3.437967e-02
30211: 1.855224e+00 1.700000e+00 1.570149e+00 6.567164e-01 1.835821e-01 3.432836e-02
30211: 1.855440e+00 1.700447e+00 1.569300e+00 6.572280e-01 1.833085e-01 3.427720e-02
30211: 1.857143e+00 1.699405e+00 1.569940e+00 6.562500e-01 1.830357e-01 3.422619e-02
30211: 1.855869e+00 1.699851e+00 1.570579e+00 6.567608e-01 1.827637e-01 3.417533e-02
30211: 1.856083e+00 1.701780e+00 1.568249e+00 6.572700e-01 1.824926e-01 3.412463e-02
30211: 1.854815e+00 1.699259e+00 1.570370e+00 6.577778e-01 1.822222e-01 3.555556e-02
30211: 1.855030e+00 1.699704e+00 1.569527e+00 6.582840e-01 1.819527e-01 3.550296e-02
30211: 1.855244e+00 1.698671e+00 1.571640e+00 6.573117e-01 1.816839e-01 3.545052e-02
30211: 1.855457e+00 1.700590e+00 1.569322e+00 6.578171e-01 1.814159e-01 3.539823e-02
30211: 1.854197e+00 1.701031e+00 1.569956e+00 6.583211e-01 1.811487e-01 3.534610e-02
30211: 1.854412e+00 1.700000e+00 1.570588e+00 6.588235e-01 1.808824e-01 3.529412e-02
30211: 1.853157e+00 1.700441e+00 1.569750e+00 6.607930e-01 1.806167e-01 3.524229e-02
30211: 1.853372e+00 1.699413e+00 1.571848e+00 6.598240e-01 1.803519e-01 3.519062e-02
30211: 1.852123e+00 1.699854e+00 1.572474e+00 6.603221e-01 1.800878e-01 3.513909e-02
30211: 1.850877e+00 1.698830e+00 1.573099e+00 6.622807e-01 1.798246e-01 3.508772e-02
30211: 1.854015e+00 1.697810e+00 1.570803e+00 6.627737e-01 1.795620e-01 3.503650e-02
30211: 1.852770e+00 1.699708e+00 1.568513e+00 6.632653e-01 1.807580e-01 3.498542e-02
30211: 1.851528e+00 1.700146e+00 1.569141e+00 6.637555e-01 1.804949e-01 3.493450e-02
30211: 1.851744e+00 1.699128e+00 1.569767e+00 6.642442e-01 1.802326e-01 3.488372e-02
30211: 1.850508e+00 1.701016e+00 1.568940e+00 6.647315e-01 1.799710e-01 3.483309e-02
30211: 1.850725e+00 1.701449e+00 1.568116e+00 6.637681e-01 1.811594e-01 3.478261e-02
30211: 1.849493e+00 1.700434e+00 1.570188e+00 6.628075e-01 1.823444e-01 3.473227e-02
30211: 1.851156e+00 1.700867e+00 1.567919e+00 6.632948e-01 1.820809e-01 3.468208e-02
30211: 1.849928e+00 1.699856e+00 1.568543e+00 6.637807e-01 1.832612e-01 3.463203e-02
30211: 1.850144e+00 1.698847e+00 1.567723e+00 6.657061e-01 1.829971e-01 3.458213e-02
30211: 1.848921e+00 1.700719e+00 1.568345e+00 6.647482e-01 1.827338e-01 3.453237e-02
30211: 1.850575e+00 1.699713e+00 1.567529e+00 6.637931e-01 1.839080e-01 3.448276e-02
30211: 1.852224e+00 1.700143e+00 1.566714e+00 6.628407e-01 1.836442e-01 3.443329e-02
30211: 1.852436e+00 1.699140e+00 1.568768e+00 6.618911e-01 1.833811e-01 3.438395e-02
30211: 1.851216e+00 1.699571e+00 1.570815e+00 6.609442e-01 1.831187e-01 3.433476e-02
30211: 1.851429e+00 1.698571e+00 1.571429e+00 6.614286e-01 1.828571e-01 3.428571e-02
30211: 1.853067e+00 1.699001e+00 1.569187e+00 6.619116e-01 1.825963e-01 3.423680e-02
30211: 1.853276e+00 1.698006e+00 1.569801e+00 6.623932e-01 1.823362e-01 3.418803e-02
30211: 1.852063e+00 1.698435e+00 1.571835e+00 6.614509e-01 1.820768e-01 3.413940e-02
30211: 1.850852e+00 1.697443e+00 1.572443e+00 6.619318e-01 1.818182e-01 3.551136e-02
30211: 1.853901e+00 1.696454e+00 1.570213e+00 6.624113e-01 1.815603e-01 3.546099e-02
30211: 1.852691e+00 1.698300e+00 1.569405e+00 6.628895e-01 1.813031e-01 3.541076e-02
30211: 1.852900e+00 1.698727e+00 1.570014e+00 6.619519e-01 1.810467e-01 3.536068e-02
30211: 1.851695e+00 1.697740e+00 1.569209e+00 6.638418e-01 1.822034e-01 3.531073e-02
30211: 1.851904e+00 1.698166e+00 1.568406e+00 6.643159e-01 1.819464e-01 3.526093e-02
30211: 1.852113e+00 1.697183e+00 1.570423e+00 6.633803e-01 1.816901e-01 3.521127e-02
30211: 1.852321e+00 1.697609e+00 1.568214e+00 6.638537e-01 1.828411e-01 3.516174e-02
30211: 1.852528e+00 1.696629e+00 1.570225e+00 6.629213e-01 1.825843e-01 3.511236e-02
30211: 1.851332e+00 1.698457e+00 1.568022e+00 6.647966e-01 1.823282e-01 3.506311e-02
30211: 1.851541e+00 1.698880e+00 1.567227e+00 6.652661e-01 1.820728e-01 3.501401e-02
30211: 1.850350e+00 1.699301e+00 1.567832e+00 6.643357e-01 1.832168e-01 3.496503e-02
30211: 1.850559e+00 1.698324e+00 1.568436e+00 6.648045e-01 1.829609e-01 3.491620e-02
30211: 1.849372e+00 1.698745e+00 1.569038e+00 6.638773e-01 1.841004e-01 3.486750e-02
30211: 1.849582e+00 1.697772e+00 1.571031e+00 6.629526e-01 1.838440e-01 3.481894e-02
30211: 1.848401e+00 1.698192e+00 1.570236e+00 6.634214e-01 1.849791e-01 3.477051e-02
30211: 1.850000e+00 1.697222e+00 1.569444e+00 6.638889e-01 1.847222e-01 3.472222e-02
30211: 1.848821e+00 1.700416e+00 1.568655e+00 6.629681e-01 1.844660e-01 3.467406e-02
30211: 1.850416e+00 1.699446e+00 1.569252e+00 6.620499e-01 1.842105e-01 3.462604e-02
30211: 1.849239e+00 1.702628e+00 1.568465e+00 6.611342e-01 1.839557e-01 3.457815e-02
30211: 1.850829e+00 1.701657e+00 1.569061e+00 6.602210e-01 1.837017e-01 3.453039e-02
30211: 1.852414e+00 1.700690e+00 1.569655e+00 6.593103e-01 1.834483e-01 3.448276e-02
30211: 1.851240e+00 1.701102e+00 1.570248e+00 6.584022e-01 1.845730e-01 3.443526e-02
30211: 1.851444e+00 1.700138e+00 1.569464e+00 6.602476e-01 1.843191e-01 3.438790e-02
30211: 1.850275e+00 1.700549e+00 1.571429e+00 6.593407e-01 1.840659e-01 3.434066e-02
30211: 1.849108e+00 1.699588e+00 1.572016e+00 6.598080e-01 1.851852e-01 3.429355e-02
30211: 1.847945e+00 1.698630e+00 1.573973e+00 6.602740e-01 1.849315e-01 3.424658e-02
30211: 1.848153e+00 1.699042e+00 1.573187e+00 6.607387e-01 1.846785e-01 3.419973e-02
30211: 1.848361e+00 1.698087e+00 1.572404e+00 6.625683e-01 1.844262e-01 3.415301e-02
30211: 1.847203e+00 1.698499e+00 1.571623e+00 6.643929e-01 1.841746e-01 3.410641e-02
30211: 1.848774e+00 1.697548e+00 1.569482e+00 6.662125e-01 1.839237e-01 3.405995e-02
30211: 1.848980e+00 1.697959e+00 1.570068e+00 6.653061e-01 1.836735e-01 3.401361e-02
30211: 1.847826e+00 1.698370e+00 1.567935e+00 6.671196e-01 1.847826e-01 3.396739e-02
30211: 1.849389e+00 1.697422e+00 1.567164e+00 6.662144e-01 1.858887e-01 3.392130e-02
30211: 1.848238e+00 1.697832e+00 1.567751e+00 6.666667e-01 1.856369e-01 3.387534e-02
30211: 1.848444e+00 1.696888e+00 1.566982e+00 6.684709e-01 1.853857e-01 3.382950e-02
30211: 1.847297e+00 1.697297e+00 1.567568e+00 6.689189e-01 1.851351e-01 3.378378e-02
30211: 1.847503e+00 1.697706e+00 1.568151e+00 6.680162e-01 1.848853e-01 3.373819e-02
30211: 1.846361e+00 1.696765e+00 1.568733e+00 6.684636e-01 1.859838e-01 3.369272e-02
30211: 1.847914e+00 1.694482e+00 1.570659e+00 6.675639e-01 1.857335e-01 3.364738e-02
30211: 1.846774e+00 1.696237e+00 1.568548e+00 6.680108e-01 1.868280e-01 3.360215e-02
30211: 1.846980e+00 1.697987e+00 1.567785e+00 6.671141e-01 1.865772e-01 3.355705e-02
30211: 1.845845e+00 1.697051e+00 1.569705e+00 6.662198e-01 1.876676e-01 3.351206e-02
30211: 1.848728e+00 1.696118e+00 1.568942e+00 6.653280e-01 1.874163e-01 3.346720e-02
30211: 1.847594e+00 1.697861e+00 1.568182e+00 6.657754e-01 1.871658e-01 3.342246e-02
30211: 1.847797e+00 1.695594e+00 1.570093e+00 6.648865e-01 1.882510e-01 3.337784e-02
30211: 1.848000e+00 1.696000e+00 1.569333e+00 6.653333e-01 1.880000e-01 3.333333e-02
30211: 1.846871e+00 1.697736e+00 1.569907e+00 6.644474e-01 1.877497e-01 3.328895e-02
30211: 1.848404e+00 1.696809e+00 1.570479e+00 6.635638e-01 1.875000e-01 3.324468e-02
30211: 1.848606e+00 1.697211e+00 1.568393e+00 6.653386e-01 1.872510e-01 3.320053e-02
30211: 1.847480e+00 1.696286e+00 1.570292e+00 6.657825e-01 1.870027e-01 3.315650e-02
30211: 1.850331e+00 1.694040e+00 1.569536e+00 6.662252e-01 1.867550e-01 3.311258e-02
30211: 1.849206e+00 1.694444e+00 1.571429e+00 6.653439e-01 1.865079e-01 3.306878e-02
30211: 1.849406e+00 1.694848e+00 1.569353e+00 6.671070e-01 1.862616e-01 3.302510e-02
30211: 1.849604e+00 1.693931e+00 1.571240e+00 6.662269e-01 1.860158e-01 3.298153e-02
30211: 1.848485e+00 1.696970e+00 1.569170e+00 6.666667e-01 1.857708e-01 3.293808e-02
30211: 1.848684e+00 1.696053e+00 1.569737e+00 6.671053e-01 1.855263e-01 3.289474e-02
30211: 1.847569e+00 1.697766e+00 1.568988e+00 6.675427e-01 1.852825e-01 3.285151e-02
30211: 1.847769e+00 1.698163e+00 1.568241e+00 6.666667e-01 1.850394e-01 3.412073e-02
30211: 1.847969e+00 1.697248e+00 1.568807e+00 6.671035e-01 1.847969e-01 3.407602e-02
30211: 1.849476e+00 1.697644e+00 1.568063e+00 6.662304e-01 1.845550e-01 3.403141e-02
30211: 1.849673e+00 1.698039e+00 1.568627e+00 6.653595e-01 1.843137e-01 3.398693e-02
30211: 1.849869e+00 1.697128e+00 1.569191e+00 6.657963e-01 1.840731e-01 3.394256e-02
30211: 1.848761e+00 1.698827e+00 1.568449e+00 6.662321e-01 1.838331e-01 3.389831e-02
30211: 1.850260e+00 1.697917e+00 1.569010e+00 6.653646e-01 1.835938e-01 3.385417e-02
30211: 1.849155e+00 1.700910e+00 1.568270e+00 6.644993e-01 1.833550e-01 3.381014e-02
30211: 1.849351e+00 1.701299e+00 1.567532e+00 6.649351e-01 1.831169e-01 3.376623e-02
30211: 1.848249e+00 1.700389e+00 1.569390e+00 6.653696e-01 1.828794e-01 3.372244e-02
30211: 1.848446e+00 1.700777e+00 1.569948e+00 6.645078e-01 1.826425e-01 3.367876e-02
30211: 1.849935e+00 1.699871e+00 1.569211e+00 6.649418e-01 1.824062e-01 3.363519e-02
30211: 1.850129e+00 1.700258e+00 1.569767e+00 6.640827e-01 1.821705e-01 3.359173e-02
30211: 1.850323e+00 1.699355e+00 1.569032e+00 6.658065e-01 1.819355e-01 3.354839e-02
30211: 1.849227e+00 1.699742e+00 1.568299e+00 6.662371e-01 1.817010e-01 3.479381e-02
30211: 1.849421e+00 1.700129e+00 1.568855e+00 6.653797e-01 1.814672e-01 3.474903e-02
30211: 1.849614e+00 1.697943e+00 1.570694e+00 6.658098e-01 1.812339e-01 3.470437e-02
30211: 1.848524e+00 1.697047e+00 1.572529e+00 6.662388e-01 1.810013e-01 3.465982e-02
30211: 1.847436e+00 1.697436e+00 1.573077e+00 6.666667e-01 1.807692e-01 3.461538e-02
30211: 1.846351e+00 1.699104e+00 1.572343e+00 6.670935e-01 1.805378e-01 3.457106e-02
30211: 1.847826e+00 1.699488e+00 1.570332e+00 6.675192e-01 1.803069e-01 3.452685e-02
30211: 1.846743e+00 1.699872e+00 1.569604e+00 6.679438e-01 1.813538e-01 3.448276e-02
30211: 1.845663e+00 1.700255e+00 1.570153e+00 6.683673e-01 1.811224e-01 3.443878e-02
30211: 1.845860e+00 1.700637e+00 1.568153e+00 6.700637e-01 1.808917e-01 3.439490e-02
30211: 1.846056e+00 1.701018e+00 1.568702e+00 6.692112e-01 1.806616e-01 3.435115e-02
30211: 1.844981e+00 1.700127e+00 1.569250e+00 6.696315e-01 1.817027e-01 3.430750e-02
30211: 1.845178e+00 1.700508e+00 1.569797e+00 6.687817e-01 1.814721e-01 3.426396e-02
30211: 1.846641e+00 1.699620e+00 1.569075e+00 6.692015e-01 1.812421e-01 3.422053e-02
30211: 1.845570e+00 1.701266e+00 1.568354e+00 6.696203e-01 1.810127e-01 3.417722e-02
30211: 1.845765e+00 1.700379e+00 1.568900e+00 6.700379e-01 1.807838e-01 3.413401e-02
30211: 1.844697e+00 1.702020e+00 1.569444e+00 6.691919e-01 1.805556e-01 3.409091e-02
30211: 1.844893e+00 1.701135e+00 1.571248e+00 6.683480e-01 1.803279e-01 3.404792e-02
30211: 1.845088e+00 1.700252e+00 1.570529e+00 6.687657e-01 1.813602e-01 3.400504e-02
30211: 1.844025e+00 1.700629e+00 1.569811e+00 6.704403e-01 1.811321e-01 3.396226e-02
30211: 1.844221e+00 1.701005e+00 1.570352e+00 6.695980e-01 1.809045e-01 3.391960e-02
30211: 1.843162e+00 1.701380e+00 1.569636e+00 6.712673e-01 1.806775e-01 3.387704e-02
30211: 1.843358e+00 1.700501e+00 1.571429e+00 6.704261e-01 1.804511e-01 3.383459e-02
30211: 1.842303e+00 1.700876e+00 1.570713e+00 6.708385e-01 1.814768e-01 3.379224e-02
30211: 1.841250e+00 1.702500e+00 1.570000e+00 6.712500e-01 1.812500e-01 3.375000e-02
30211: 1.842697e+00 1.701623e+00 1.569288e+00 6.716604e-01 1.810237e-01 3.370787e-02
30211: 1.844140e+00 1.701995e+00 1.568579e+00 6.708229e-01 1.807980e-01 3.366584e-02
30211: 1.843088e+00 1.703611e+00 1.569116e+00 6.699875e-01 1.805729e-01 3.362391e-02
30211: 1.843284e+00 1.702736e+00 1.569652e+00 6.691542e-01 1.815920e-01 3.358209e-02
30211: 1.844720e+00 1.701863e+00 1.568944e+00 6.695652e-01 1.813665e-01 3.354037e-02
30211: 1.843672e+00 1.703474e+00 1.568238e+00 6.699752e-01 1.811414e-01 3.349876e-02
30211: 1.846344e+00 1.702602e+00 1.567534e+00 6.691450e-01 1.809170e-01 3.345725e-02
30211: 1.845297e+00 1.702970e+00 1.566832e+00 6.683168e-01 1.831683e-01 3.341584e-02
30211: 1.847960e+00 1.700865e+00 1.567367e+00 6.674907e-01 1.829419e-01 3.337454e-02
30211: 1.848148e+00 1.701235e+00 1.567901e+00 6.666667e-01 1.827160e-01 3.333333e-02
30211: 1.847102e+00 1.700370e+00 1.568434e+00 6.670777e-01 1.837238e-01 3.329223e-02
30211: 1.847291e+00 1.699507e+00 1.570197e+00 6.662562e-01 1.834975e-01 3.325123e-02
30211: 1.846248e+00 1.701107e+00 1.568266e+00 6.666667e-01 1.832718e-01 3.444034e-02
30211: 1.846437e+00 1.700246e+00 1.570025e+00 6.658477e-01 1.830467e-01 3.439803e-02
30211: 1.845399e+00 1.700613e+00 1.569325e+00 6.674847e-01 1.828221e-01 3.435583e-02
30211: 1.845588e+00 1.699755e+00 1.571078e+00 6.666667e-01 1.825980e-01 3.431373e-02
30211: 1.844553e+00 1.701346e+00 1.569155e+00 6.670747e-01 1.835985e-01 3.427173e-02
30211: 1.844743e+00 1.701711e+00 1.569682e+00 6.662592e-01 1.833741e-01 3.422983e-02
30211: 1.843712e+00 1.702076e+00 1.568987e+00 6.666667e-01 1.843712e-01 3.418803e-02
30211: 1.842683e+00 1.702439e+00 1.568293e+00 6.670732e-01 1.853659e-01 3.414634e-02
30211: 1.844093e+00 1.701583e+00 1.568819e+00 6.662607e-01 1.851401e-01 3.410475e-02
30211: 1.843066e+00 1.701946e+00 1.569343e+00 6.666667e-01 1.849148e-01 3.406326e-02
30211: 1.843256e+00 1.703524e+00 1.568651e+00 6.658566e-01 1.846902e-01 3.402187e-02
30211: 1.842233e+00 1.703883e+00 1.570388e+00 6.650485e-01 1.844660e-01 3.398058e-02
30211: 1.842424e+00 1.704242e+00 1.569697e+00 6.654545e-01 1.842424e-01 3.393939e-02
30211: 1.842615e+00 1.704600e+00 1.570218e+00 6.646489e-01 1.840194e-01 3.389831e-02
30211: 1.842805e+00 1.704958e+00 1.568319e+00 6.662636e-01 1.837969e-01 3.385732e-02
30211: 1.842995e+00 1.704106e+00 1.568841e+00 6.666667e-01 1.835749e-01 3.381643e-02
30211: 1.843185e+00 1.704463e+00 1.569361e+00 6.658625e-01 1.833534e-01 3.377563e-02
30211: 1.842169e+00 1.704819e+00 1.569880e+00 6.662651e-01 1.831325e-01 3.373494e-02
30211: 1.843562e+00 1.705174e+00 1.569194e+00 6.654633e-01 1.829122e-01 3.369434e-02
30211: 1.843750e+00 1.704327e+00 1.569712e+00 6.658654e-01 1.826923e-01 3.365385e-02
30211: 1.842737e+00 1.704682e+00 1.569028e+00 6.650660e-01 1.848739e-01 3.361345e-02
30211: 1.844125e+00 1.703837e+00 1.569544e+00 6.642686e-01 1.846523e-01 3.357314e-02
30211: 1.843114e+00 1.705389e+00 1.570060e+00 6.634731e-01 1.844311e-01 3.353293e-02
30211: 1.843301e+00 1.706938e+00 1.568182e+00 6.638756e-01 1.842105e-01 3.349282e-02
30211: 1.843489e+00 1.707288e+00 1.568698e+00 6.630824e-01 1.839904e-01 3.345281e-02
30211: 1.842482e+00 1.707637e+00 1.569212e+00 6.634845e-01 1.837709e-01 3.341289e-02
30211: 1.842670e+00 1.706794e+00 1.569726e+00 6.638856e-01 1.835518e-01 3.337306e-02
30211: 1.841667e+00 1.708333e+00 1.570238e+00 6.630952e-01 1.833333e-01 3.333333e-02
30211: 1.841855e+00 1.708680e+00 1.569560e+00 6.634958e-01 1.831153e-01 3.329370e-02
30211: 1.840855e+00 1.707838e+00 1.572447e+00 6.627078e-01 1.828979e-01 3.325416e-02
30211: 1.839858e+00 1.706999e+00 1.572954e+00 6.631079e-01 1.838671e-01 3.321471e-02
30211: 1.838863e+00 1.706161e+00 1.573460e+00 6.635071e-01 1.848341e-01 3.317536e-02
30211: 1.837870e+00 1.706509e+00 1.572781e+00 6.639053e-01 1.857988e-01 3.313609e-02
30211: 1.836879e+00 1.705674e+00 1.574468e+00 6.643026e-01 1.855792e-01 3.309693e-02
30211: 1.839433e+00 1.704841e+00 1.572609e+00 6.646989e-01 1.853601e-01 3.305785e-02
30211: 1.838443e+00 1.706368e+00 1.570755e+00 6.662736e-01 1.851415e-01 3.301887e-02
30211: 1.839812e+00 1.704358e+00 1.570082e+00 6.678445e-01 1.849234e-01 3.297998e-02
30211: 1.840000e+00 1.703529e+00 1.570588e+00 6.682353e-01 1.847059e-01 3.294118e-02
30211: 1.840188e+00 1.703878e+00 1.569918e+00 6.686251e-01 1.844888e-01 3.290247e-02
30211: 1.839202e+00 1.703052e+00 1.570423e+00 6.690141e-01 1.854460e-01 3.286385e-02
30211: 1.839390e+00 1.703400e+00 1.569754e+00 6.694021e-01 1.852286e-01 3.282532e-02
30211: 1.838407e+00 1.702576e+00 1.572600e+00 6.686183e-01 1.850117e-01 3.278689e-02
30211: 1.837427e+00 1.702924e+00 1.570760e+00 6.713450e-01 1.847953e-01 3.274854e-02
30211: 1.838785e+00 1.702103e+00 1.570093e+00 6.717290e-01 1.845794e-01 3.271028e-02
30211: 1.837806e+00 1.701284e+00 1.571762e+00 6.721120e-01 1.843641e-01 3.267211e-02
30211: 1.837995e+00 1.701632e+00 1.571096e+00 6.724942e-01 1.841492e-01 3.263403e-02
30211: 1.839348e+00 1.700815e+00 1.570431e+00 6.728754e-01 1.839348e-01 3.259604e-02
30211: 1.838372e+00 1.702326e+00 1.568605e+00 6.732558e-01 1.848837e-01 3.255814e-02
30211: 1.837398e+00 1.702671e+00 1.567944e+00 6.736353e-01 1.858304e-01 3.252033e-02
30211: 1.837587e+00 1.701856e+00 1.568445e+00 6.728538e-01 1.867749e-01 3.248260e-02
30211: 1.836616e+00 1.702202e+00 1.568946e+00 6.720742e-01 1.877173e-01 3.244496e-02
30211: 1.836806e+00 1.702546e+00 1.569444e+00 6.712963e-01 1.875000e-01 3.240741e-02
30211: 1.836994e+00 1.701734e+00 1.568786e+00 6.728324e-01 1.872832e-01 3.236994e-02
30211: 1.836028e+00 1.702079e+00 1.569284e+00 6.732102e-01 1.870670e-01 3.233256e-02
30211: 1.836217e+00 1.702422e+00 1.569781e+00 6.724337e-01 1.868512e-01 3.229527e-02
30211: 1.835253e+00 1.702765e+00 1.570276e+00 6.728111e-01 1.866359e-01 3.225806e-02
30211: 1.836594e+00 1.703107e+00 1.568470e+00 6.731876e-01 1.864212e-01 3.222094e-02
30211: 1.837931e+00 1.702299e+00 1.568966e+00 6.724138e-01 1.862069e-01 3.218391e-02
30211: 1.839265e+00 1.702641e+00 1.568312e+00 6.716418e-01 1.859931e-01 3.214696e-02
30211: 1.838303e+00 1.701835e+00 1.569954e+00 6.720183e-01 1.857798e-01 3.211009e-02
30211: 1.838488e+00 1.703322e+00 1.569301e+00 6.712486e-01 1.855670e-01 3.207331e-02
30211: 1.838673e+00 1.702517e+00 1.570938e+00 6.704805e-01 1.853547e-01 3.203661e-02
30211: 1.837714e+00 1.704000e+00 1.569143e+00 6.708571e-01 1.862857e-01 3.200000e-02
30211: 1.837900e+00 1.703196e+00 1.569635e+00 6.700913e-01 1.872146e-01 3.196347e-02
30211: 1.836944e+00 1.705815e+00 1.568985e+00 6.693273e-01 1.870011e-01 3.192702e-02
30211: 1.838269e+00 1.705011e+00 1.568337e+00 6.685649e-01 1.879271e-01 3.189066e-02
30211: 1.838453e+00 1.706485e+00 1.567691e+00 6.678043e-01 1.877133e-01 3.185438e-02
30211: 1.837500e+00 1.705682e+00 1.569318e+00 6.670455e-01 1.886364e-01 3.181818e-02
30211: 1.837684e+00 1.704881e+00 1.570942e+00 6.662883e-01 1.884222e-01 3.178207e-02
30211: 1.836735e+00 1.705215e+00 1.569161e+00 6.678005e-01 1.882086e-01 3.287982e-02
30211: 1.835787e+00 1.705549e+00 1.569649e+00 6.670442e-01 1.891280e-01 3.284258e-02
30211: 1.835973e+00 1.704751e+00 1.569005e+00 6.662896e-01 1.911765e-01 3.280543e-02
30211: 1.835028e+00 1.706215e+00 1.569492e+00 6.655367e-01 1.909605e-01 3.276836e-02
30211: 1.835214e+00 1.706546e+00 1.568849e+00 6.659142e-01 1.907449e-01 3.273138e-02
30211: 1.835400e+00 1.706877e+00 1.569335e+00 6.651635e-01 1.905299e-01 3.269448e-02
30211: 1.835586e+00 1.706081e+00 1.568694e+00 6.666667e-01 1.903153e-01 3.265766e-02
30211: 1.835771e+00 1.707537e+00 1.568054e+00 6.659168e-01 1.901012e-01 3.262092e-02
30211: 1.834831e+00 1.706742e+00 1.569663e+00 6.662921e-01 1.898876e-01 3.258427e-02
30211: 1.836139e+00 1.705948e+00 1.569024e+00 6.666667e-01 1.896745e-01 3.254770e-02
30211: 1.836323e+00 1.706278e+00 1.569507e+00 6.659193e-01 1.894619e-01 3.251121e-02
30211: 1.835386e+00 1.706607e+00 1.568869e+00 6.674132e-01 1.892497e-01 3.247480e-02
30211: 1.835570e+00 1.705817e+00 1.569351e+00 6.677852e-01 1.890380e-01 3.243848e-02
30211: 1.834637e+00 1.706145e+00 1.569832e+00 6.681564e-01 1.888268e-01 3.240223e-02
30211: 1.835938e+00 1.706473e+00 1.569196e+00 6.674107e-01 1.886161e-01 3.236607e-02
30211: 1.835006e+00 1.705686e+00 1.569677e+00 6.688963e-01 1.884058e-01 3.232999e-02
30211: 1.835189e+00 1.704900e+00 1.570156e+00 6.692650e-01 1.881960e-01 3.229399e-02
30211: 1.834260e+00 1.706340e+00 1.568409e+00 6.696329e-01 1.890990e-01 3.225806e-02
30211: 1.835556e+00 1.706667e+00 1.567778e+00 6.688889e-01 1.888889e-01 3.222222e-02
30211: 1.835738e+00 1.705882e+00 1.568257e+00 6.681465e-01 1.897891e-01 3.218646e-02
30211: 1.834812e+00 1.707317e+00 1.567627e+00 6.674058e-01 1.906874e-01 3.215078e-02
30211: 1.834994e+00 1.708749e+00 1.566999e+00 6.666667e-01 1.904762e-01 3.211517e-02
30211: 1.835177e+00 1.706858e+00 1.568584e+00 6.659292e-01 1.913717e-01 3.207965e-02
30211: 1.835359e+00 1.707182e+00 1.569061e+00 6.651934e-01 1.911602e-01 3.204420e-02
30211: 1.834437e+00 1.706402e+00 1.568433e+00 6.666667e-01 1.920530e-01 3.200883e-02
30211: 1.834620e+00 1.705623e+00 1.570011e+00 6.659316e-01 1.918412e-01 3.197354e-02
30211: 1.834802e+00 1.704846e+00 1.570485e+00 6.662996e-01 1.916300e-01 3.193833e-02
30211: 1.833883e+00 1.706271e+00 1.569857e+00 6.666667e-01 1.914191e-01 3.190319e-02
30211: 1.834066e+00 1.707692e+00 1.569231e+00 6.659341e-01 1.912088e-01 3.186813e-02
30211: 1.835346e+00 1.706915e+00 1.569704e+00 6.652031e-01 1.909989e-01 3.183315e-02
30211: 1.834430e+00 1.708333e+00 1.569079e+00 6.655702e-01 1.907895e-01 3.179825e-02
30211: 1.835706e+00 1.707558e+00 1.568456e+00 6.648412e-01 1.905805e-01 3.285871e-02
30211: 1.835886e+00 1.707877e+00 1.568928e+00 6.641138e-01 1.903720e-01 3.282276e-02
30211: 1.836066e+00 1.708197e+00 1.568306e+00 6.644809e-01 1.901639e-01 3.278689e-02
30211: 1.837336e+00 1.707424e+00 1.568777e+00 6.637555e-01 1.899563e-01 3.275109e-02
30211: 1.837514e+00 1.708833e+00 1.568157e+00 6.630316e-01 1.897492e-01 3.271538e-02
30211: 1.836601e+00 1.708061e+00 1.568627e+00 6.644880e-01 1.895425e-01 3.267974e-02
30211: 1.837867e+00 1.707291e+00 1.569097e+00 6.637650e-01 1.893362e-01 3.264418e-02
30211: 1.838043e+00 1.707609e+00 1.568478e+00 6.630435e-01 1.891304e-01 3.369565e-02
30211: 1.837134e+00 1.706840e+00 1.571118e+00 6.623236e-01 1.889251e-01 3.365907e-02
30211: 1.837310e+00 1.706074e+00 1.570499e+00 6.637744e-01 1.887202e-01 3.362256e-02
30211: 1.836403e+00 1.706392e+00 1.569881e+00 6.652221e-01 1.885157e-01 3.358613e-02
30211: 1.836580e+00 1.705628e+00 1.571429e+00 6.645022e-01 1.883117e-01 3.354978e-02
30211: 1.836757e+00 1.707027e+00 1.569730e+00 6.648649e-01 1.881081e-01 3.351351e-02
30211: 1.836933e+00 1.706263e+00 1.570194e+00 6.652268e-01 1.879050e-01 3.347732e-02
30211: 1.837109e+00 1.706580e+00 1.569579e+00 6.655879e-01 1.877023e-01 3.344121e-02
30211: 1.836207e+00 1.705819e+00 1.571121e+00 6.648707e-01 1.885776e-01 3.340517e-02
30211: 1.836383e+00 1.707212e+00 1.569429e+00 6.652314e-01 1.883746e-01 3.336921e-02
30211: 1.836559e+00 1.707527e+00 1.569892e+00 6.645161e-01 1.881720e-01 3.333333e-02
30211: 1.836735e+00 1.707841e+00 1.569280e+00 6.648765e-01 1.879699e-01 3.329753e-02
30211: 1.836910e+00 1.707082e+00 1.569742e+00 6.652361e-01 1.877682e-01 3.326180e-02
30211: 1.838156e+00 1.707395e+00 1.569132e+00 6.645230e-01 1.875670e-01 3.322615e-02
30211: 1.838330e+00 1.706638e+00 1.569593e+00 6.648822e-01 1.873662e-01 3.319058e-02
30211: 1.837433e+00 1.706952e+00 1.571123e+00 6.641711e-01 1.871658e-01 3.315508e-02
30211: 1.837607e+00 1.706197e+00 1.570513e+00 6.655983e-01 1.869658e-01 3.311966e-02
30211: 1.836713e+00 1.707577e+00 1.568837e+00 6.659552e-01 1.878335e-01 3.308431e-02
30211: 1.836887e+00 1.707889e+00 1.568230e+00 6.652452e-01 1.886994e-01 3.304904e-02
30211: 1.835996e+00 1.708200e+00 1.568690e+00 6.645367e-01 1.895634e-01 3.301384e-02
30211: 1.837234e+00 1.707447e+00 1.569149e+00 6.638298e-01 1.893617e-01 3.297872e-02
30211: 1.837407e+00 1.707758e+00 1.569607e+00 6.631243e-01 1.891605e-01 3.294368e-02
30211: 1.836518e+00 1.708068e+00 1.570064e+00 6.634820e-01 1.889597e-01 3.290870e-02
30211: 1.835631e+00 1.707317e+00 1.569459e+00 6.648993e-01 1.887593e-01 3.393425e-02
30211: 1.835805e+00 1.706568e+00 1.570975e+00 6.641949e-01 1.885593e-01 3.389831e-02
30211: 1.835979e+00 1.706878e+00 1.569312e+00 6.645503e-01 1.894180e-01 3.386243e-02
30211: 1.835095e+00 1.706131e+00 1.570825e+00 6.638478e-01 1.892178e-01 3.488372e-02
30211: 1.834213e+00 1.705385e+00 1.570222e+00 6.663147e-01 1.890180e-01 3.484688e-02
30211: 1.835443e+00 1.704641e+00 1.568565e+00 6.677215e-01 1.888186e-01 3.481013e-02
30211: 1.834563e+00 1.704953e+00 1.569020e+00 6.680717e-01 1.886196e-01 3.477345e-02
30211: 1.833684e+00 1.703158e+00 1.571579e+00 6.684211e-01 1.884211e-01 3.473684e-02
30211: 1.834911e+00 1.703470e+00 1.569926e+00 6.687697e-01 1.882229e-01 3.470032e-02
30211: 1.834034e+00 1.703782e+00 1.571429e+00 6.680672e-01 1.880252e-01 3.466387e-02
30211: 1.833158e+00 1.703043e+00 1.571878e+00 6.684155e-01 1.888772e-01 3.462749e-02
30211: 1.833333e+00 1.702306e+00 1.571279e+00 6.687631e-01 1.897275e-01 3.459119e-02
30211: 1.832461e+00 1.703665e+00 1.569634e+00 6.701571e-01 1.895288e-01 3.455497e-02
30211: 1.832636e+00 1.702929e+00 1.570084e+00 6.705021e-01 1.893305e-01 3.451883e-02
30211: 1.831766e+00 1.703239e+00 1.569488e+00 6.718913e-01 1.891327e-01 3.448276e-02
30211: 1.830898e+00 1.703549e+00 1.570981e+00 6.711900e-01 1.889353e-01 3.444676e-02
30211: 1.830031e+00 1.703858e+00 1.571429e+00 6.715328e-01 1.887383e-01 3.441084e-02
30211: 1.830208e+00 1.704167e+00 1.570833e+00 6.718750e-01 1.885417e-01 3.437500e-02
30211: 1.829344e+00 1.703434e+00 1.571280e+00 6.732570e-01 1.883455e-01 3.433923e-02
30211: 1.829522e+00 1.702703e+00 1.570686e+00 6.746362e-01 1.881497e-01 3.430353e-02
30211: 1.828660e+00 1.704050e+00 1.569055e+00 6.760125e-01 1.879543e-01 3.426791e-02
30211: 1.829876e+00 1.704357e+00 1.568465e+00 6.753112e-01 1.877593e-01 3.423237e-02
30211: 1.829016e+00 1.704663e+00 1.569948e+00 6.746114e-01 1.875648e-01 3.419689e-02
30211: 1.829193e+00 1.703934e+00 1.569358e+00 6.749482e-01 1.884058e-01 3.416149e-02
30211: 1.829369e+00 1.704240e+00 1.569804e+00 6.742503e-01 1.882110e-01 3.412616e-02
30211: 1.829545e+00 1.704545e+00 1.569215e+00 6.745868e-01 1.880165e-01 3.409091e-02
30211: 1.828689e+00 1.704850e+00 1.569659e+00 6.749226e-01 1.878225e-01 3.405573e-02
30211: 1.828866e+00 1.705155e+00 1.569072e+00 6.742268e-01 1.886598e-01 3.402062e-02
30211: 1.828012e+00 1.704428e+00 1.571576e+00 6.735324e-01 1.884655e-01 3.398558e-02
30211: 1.828189e+00 1.703704e+00 1.570988e+00 6.738683e-01 1.893004e-01 3.395062e-02
30211: 1.829394e+00 1.704008e+00 1.569373e+00 6.742035e-01 1.891059e-01 3.391572e-02
30211: 1.828542e+00 1.704312e+00 1.569815e+00 6.735113e-01 1.899384e-01 3.388090e-02
30211: 1.829744e+00 1.703590e+00 1.570256e+00 6.728205e-01 1.897436e-01 3.384615e-02
30211: 1.830943e+00 1.703893e+00 1.568648e+00 6.731557e-01 1.895492e-01 3.381148e-02
30211: 1.830092e+00 1.704197e+00 1.569089e+00 6.724667e-01 1.903787e-01 3.377687e-02
30211: 1.830266e+00 1.703476e+00 1.568507e+00 6.728016e-01 1.912065e-01 3.374233e-02
30211: 1.829418e+00 1.704801e+00 1.568948e+00 6.721144e-01 1.910112e-01 3.370787e-02
30211: 1.830612e+00 1.703061e+00 1.569388e+00 6.724490e-01 1.908163e-01 3.367347e-02
30211: 1.829766e+00 1.703364e+00 1.569827e+00 6.727829e-01 1.906218e-01 3.363914e-02
30211: 1.829939e+00 1.703666e+00 1.570265e+00 6.720978e-01 1.904277e-01 3.360489e-02
30211: 1.829095e+00 1.702950e+00 1.570702e+00 6.734486e-01 1.902340e-01 3.357070e-02
30211: 1.829268e+00 1.702236e+00 1.571138e+00 6.737805e-01 1.900407e-01 3.353659e-02
30211: 1.828426e+00 1.703553e+00 1.570558e+00 6.741117e-01 1.898477e-01 3.350254e-02
30211: 1.827586e+00 1.702840e+00 1.572008e+00 6.744422e-01 1.896552e-01 3.346856e-02
30211: 1.826748e+00 1.703141e+00 1.572442e+00 6.747720e-01 1.894630e-01 3.343465e-02
30211: 1.825911e+00 1.702429e+00 1.572874e+00 6.761134e-01 1.892713e-01 3.340081e-02
30211: 1.825076e+00 1.701719e+00 1.573306e+00 6.774520e-01 1.890799e-01 3.336704e-02
30211: 1.824242e+00 1.702020e+00 1.573737e+00 6.777778e-01 1.888889e-01 3.333333e-02
30211: 1.824420e+00 1.701312e+00 1.573158e+00 6.791120e-01 1.886983e-01 3.329970e-02
30211: 1.823589e+00 1.702621e+00 1.571573e+00 6.794355e-01 1.895161e-01 3.326613e-02
30211: 1.824773e+00 1.701913e+00 1.569990e+00 6.807654e-01 1.893253e-01 3.323263e-02
30211: 1.823944e+00 1.702213e+00 1.571429e+00 6.800805e-01 1.891348e-01 3.319920e-02
30211: 1.824121e+00 1.701508e+00 1.570854e+00 6.804020e-01 1.899497e-01 3.316583e-02
30211: 1.823293e+00 1.702811e+00 1.570281e+00 6.807229e-01 1.897590e-01 3.313253e-02
30211: 1.823470e+00 1.701103e+00 1.571715e+00 6.810431e-01 1.895687e-01 3.309930e-02
30211: 1.823647e+00 1.701403e+00 1.570140e+00 6.823647e-01 1.893788e-01 3.306613e-02
30211: 1.823824e+00 1.700701e+00 1.570571e+00 6.826827e-01 1.891892e-01 3.303303e-02
Traceback (most recent call last):
  File "/lowest-unique-number/tournament0/elexunix.py", line 25, in <module>
30211: Done!
    input()
EOFError: EOF when reading a line
