Forked 35503
Starting to reopen 0 and 1
Calling execv `tournament0/pzakorko.py` (pid 35503)
Strategy 0: first ans is 0
Forked 35504
Starting to reopen 0 and 1
Calling execv `tournament0/elexunix.py` (pid 35504)
Strategy 1: first ans is 3
Forked 35528
Starting to reopen 0 and 1
Calling execv `tournament0/alex_dany` (pid 35528)
35528: Started!
35528: Number of players: 5, position: 2, number of turns: 1000
35528: Random seed: 1833125937
Strategy 2: first ans is 1
Forked 35529
Starting to reopen 0 and 1
Calling execv `tournament0/the_best_strategy.py` (pid 35529)
Strategy 3: first ans is 0
Forked 35530
Starting to reopen 0 and 1
Calling execv `tournament0/lounres.py` (pid 35530)
Strategy 4: first ans is 1
35528: 2.000000e+00 2.000000e+00 0.000000e+00 1.000000e+00 0.000000e+00
35528: 1.500000e+00 1.500000e+00 1.500000e+00 5.000000e-01 0.000000e+00
35528: 2.333333e+00 1.000000e+00 1.000000e+00 3.333333e-01 3.333333e-01
35528: 2.250000e+00 1.500000e+00 7.500000e-01 2.500000e-01 2.500000e-01
35528: 2.200000e+00 1.400000e+00 8.000000e-01 2.000000e-01 4.000000e-01
35528: 2.166667e+00 1.500000e+00 8.333333e-01 1.666667e-01 3.333333e-01
35528: 2.142857e+00 1.571429e+00 8.571429e-01 1.428571e-01 2.857143e-01
35528: 2.000000e+00 1.375000e+00 1.000000e+00 2.500000e-01 3.750000e-01
35528: 2.111111e+00 1.333333e+00 8.888889e-01 2.222222e-01 4.444444e-01
35528: 2.100000e+00 1.400000e+00 8.000000e-01 3.000000e-01 4.000000e-01
35528: 2.090909e+00 1.363636e+00 9.090909e-01 2.727273e-01 3.636364e-01
35528: 2.000000e+00 1.416667e+00 1.000000e+00 2.500000e-01 3.333333e-01
35528: 2.076923e+00 1.384615e+00 1.000000e+00 2.307692e-01 3.076923e-01
35528: 2.000000e+00 1.500000e+00 1.000000e+00 2.142857e-01 2.857143e-01
35528: 2.000000e+00 1.533333e+00 9.333333e-01 2.666667e-01 2.666667e-01
35528: 2.000000e+00 1.562500e+00 9.375000e-01 2.500000e-01 2.500000e-01
35528: 1.941176e+00 1.588235e+00 9.411765e-01 2.352941e-01 2.941176e-01
35528: 1.944444e+00 1.555556e+00 1.000000e+00 2.222222e-01 2.777778e-01
35528: 1.947368e+00 1.578947e+00 1.000000e+00 2.105263e-01 2.631579e-01
35528: 1.900000e+00 1.550000e+00 1.100000e+00 2.000000e-01 2.500000e-01
35528: 1.904762e+00 1.523810e+00 1.095238e+00 2.380952e-01 2.380952e-01
35528: 1.954545e+00 1.545455e+00 1.045455e+00 2.272727e-01 2.272727e-01
35528: 2.000000e+00 1.521739e+00 1.043478e+00 2.173913e-01 2.173913e-01
35528: 2.000000e+00 1.541667e+00 1.000000e+00 2.500000e-01 2.083333e-01
35528: 1.960000e+00 1.600000e+00 1.000000e+00 2.400000e-01 2.000000e-01
35528: 2.038462e+00 1.538462e+00 1.000000e+00 2.307692e-01 1.923077e-01
35528: 2.000000e+00 1.555556e+00 1.000000e+00 2.592593e-01 1.851852e-01
35528: 2.000000e+00 1.571429e+00 9.642857e-01 2.500000e-01 2.142857e-01
35528: 2.000000e+00 1.517241e+00 1.000000e+00 2.758621e-01 2.068966e-01
35528: 1.966667e+00 1.566667e+00 1.000000e+00 2.666667e-01 2.000000e-01
35528: 1.967742e+00 1.548387e+00 1.000000e+00 2.903226e-01 1.935484e-01
35528: 1.906250e+00 1.593750e+00 1.000000e+00 2.812500e-01 2.187500e-01
35528: 1.939394e+00 1.545455e+00 1.000000e+00 3.030303e-01 2.121212e-01
35528: 1.911765e+00 1.558824e+00 1.029412e+00 2.941176e-01 2.058824e-01
35528: 1.885714e+00 1.571429e+00 1.057143e+00 2.857143e-01 2.000000e-01
35528: 1.888889e+00 1.555556e+00 1.083333e+00 2.777778e-01 1.944444e-01
35528: 1.837838e+00 1.567568e+00 1.108108e+00 2.972973e-01 1.891892e-01
35528: 1.842105e+00 1.578947e+00 1.078947e+00 3.157895e-01 1.842105e-01
35528: 1.846154e+00 1.538462e+00 1.128205e+00 3.076923e-01 1.794872e-01
35528: 1.825000e+00 1.575000e+00 1.100000e+00 3.250000e-01 1.750000e-01
35528: 1.829268e+00 1.536585e+00 1.121951e+00 3.414634e-01 1.707317e-01
35528: 1.809524e+00 1.571429e+00 1.095238e+00 3.571429e-01 1.666667e-01
35528: 1.813953e+00 1.558140e+00 1.116279e+00 3.488372e-01 1.627907e-01
35528: 1.795455e+00 1.613636e+00 1.090909e+00 3.409091e-01 1.590909e-01
35528: 1.800000e+00 1.600000e+00 1.111111e+00 3.333333e-01 1.555556e-01
35528: 1.782609e+00 1.608696e+00 1.130435e+00 3.260870e-01 1.521739e-01
35528: 1.808511e+00 1.574468e+00 1.148936e+00 3.191489e-01 1.489362e-01
35528: 1.833333e+00 1.562500e+00 1.145833e+00 3.125000e-01 1.458333e-01
35528: 1.836735e+00 1.591837e+00 1.122449e+00 3.061224e-01 1.428571e-01
35528: 1.800000e+00 1.600000e+00 1.160000e+00 3.000000e-01 1.400000e-01
35528: 1.803922e+00 1.588235e+00 1.156863e+00 3.137255e-01 1.372549e-01
35528: 1.807692e+00 1.576923e+00 1.153846e+00 3.269231e-01 1.346154e-01
35528: 1.792453e+00 1.566038e+00 1.169811e+00 3.207547e-01 1.509434e-01
35528: 1.814815e+00 1.555556e+00 1.166667e+00 3.148148e-01 1.481481e-01
35528: 1.800000e+00 1.581818e+00 1.163636e+00 3.090909e-01 1.454545e-01
35528: 1.803571e+00 1.571429e+00 1.160714e+00 3.214286e-01 1.428571e-01
35528: 1.807018e+00 1.561404e+00 1.175439e+00 3.157895e-01 1.403509e-01
35528: 1.810345e+00 1.568966e+00 1.155172e+00 3.275862e-01 1.379310e-01
35528: 1.796610e+00 1.576271e+00 1.169492e+00 3.220339e-01 1.355932e-01
35528: 1.816667e+00 1.566667e+00 1.166667e+00 3.166667e-01 1.333333e-01
35528: 1.803279e+00 1.606557e+00 1.147541e+00 3.114754e-01 1.311475e-01
35528: 1.806452e+00 1.612903e+00 1.145161e+00 3.064516e-01 1.290323e-01
35528: 1.793651e+00 1.587302e+00 1.174603e+00 3.174603e-01 1.269841e-01
35528: 1.812500e+00 1.562500e+00 1.187500e+00 3.125000e-01 1.250000e-01
35528: 1.800000e+00 1.584615e+00 1.169231e+00 3.076923e-01 1.384615e-01
35528: 1.787879e+00 1.575758e+00 1.196970e+00 3.030303e-01 1.363636e-01
35528: 1.805970e+00 1.552239e+00 1.208955e+00 2.985075e-01 1.343284e-01
35528: 1.794118e+00 1.573529e+00 1.205882e+00 2.941176e-01 1.323529e-01
35528: 1.811594e+00 1.550725e+00 1.202899e+00 3.043478e-01 1.304348e-01
35528: 1.800000e+00 1.571429e+00 1.200000e+00 3.000000e-01 1.285714e-01
35528: 1.802817e+00 1.563380e+00 1.197183e+00 3.098592e-01 1.267606e-01
35528: 1.791667e+00 1.583333e+00 1.194444e+00 3.055556e-01 1.250000e-01
35528: 1.794521e+00 1.575342e+00 1.191781e+00 3.150685e-01 1.232877e-01
35528: 1.783784e+00 1.581081e+00 1.202703e+00 3.108108e-01 1.216216e-01
35528: 1.800000e+00 1.560000e+00 1.213333e+00 3.066667e-01 1.200000e-01
35528: 1.776316e+00 1.592105e+00 1.197368e+00 3.157895e-01 1.184211e-01
35528: 1.779221e+00 1.571429e+00 1.207792e+00 3.246753e-01 1.168831e-01
35528: 1.769231e+00 1.589744e+00 1.205128e+00 3.205128e-01 1.153846e-01
35528: 1.772152e+00 1.594937e+00 1.202532e+00 3.164557e-01 1.139241e-01
35528: 1.762500e+00 1.587500e+00 1.212500e+00 3.250000e-01 1.125000e-01
35528: 1.765432e+00 1.567901e+00 1.234568e+00 3.209877e-01 1.111111e-01
35528: 1.780488e+00 1.573171e+00 1.219512e+00 3.170732e-01 1.097561e-01
35528: 1.759036e+00 1.578313e+00 1.228916e+00 3.253012e-01 1.084337e-01
35528: 1.761905e+00 1.571429e+00 1.238095e+00 3.214286e-01 1.071429e-01
35528: 1.764706e+00 1.564706e+00 1.247059e+00 3.176471e-01 1.058824e-01
35528: 1.755814e+00 1.569767e+00 1.244186e+00 3.255814e-01 1.046512e-01
35528: 1.747126e+00 1.574713e+00 1.252874e+00 3.218391e-01 1.034483e-01
35528: 1.750000e+00 1.556818e+00 1.261364e+00 3.181818e-01 1.136364e-01
35528: 1.741573e+00 1.573034e+00 1.247191e+00 3.146067e-01 1.235955e-01
35528: 1.733333e+00 1.577778e+00 1.244444e+00 3.222222e-01 1.222222e-01
35528: 1.747253e+00 1.560440e+00 1.252747e+00 3.186813e-01 1.208791e-01
35528: 1.750000e+00 1.576087e+00 1.239130e+00 3.152174e-01 1.195652e-01
35528: 1.741935e+00 1.559140e+00 1.258065e+00 3.118280e-01 1.290323e-01
35528: 1.734043e+00 1.574468e+00 1.255319e+00 3.085106e-01 1.276596e-01
35528: 1.726316e+00 1.589474e+00 1.252632e+00 3.052632e-01 1.263158e-01
35528: 1.739583e+00 1.583333e+00 1.250000e+00 3.020833e-01 1.250000e-01
35528: 1.731959e+00 1.587629e+00 1.257732e+00 2.989691e-01 1.237113e-01
35528: 1.734694e+00 1.591837e+00 1.255102e+00 2.959184e-01 1.224490e-01
35528: 1.727273e+00 1.575758e+00 1.282828e+00 2.929293e-01 1.212121e-01
35528: 1.740000e+00 1.570000e+00 1.280000e+00 2.900000e-01 1.200000e-01
35528: 1.742574e+00 1.574257e+00 1.277228e+00 2.871287e-01 1.188119e-01
35528: 1.754902e+00 1.558824e+00 1.284314e+00 2.843137e-01 1.176471e-01
35528: 1.757282e+00 1.563107e+00 1.281553e+00 2.815534e-01 1.165049e-01
35528: 1.759615e+00 1.557692e+00 1.288462e+00 2.788462e-01 1.153846e-01
35528: 1.742857e+00 1.571429e+00 1.276190e+00 2.952381e-01 1.142857e-01
35528: 1.735849e+00 1.575472e+00 1.273585e+00 3.018868e-01 1.132075e-01
35528: 1.738318e+00 1.560748e+00 1.280374e+00 3.084112e-01 1.121495e-01
35528: 1.731481e+00 1.583333e+00 1.268519e+00 3.055556e-01 1.111111e-01
35528: 1.743119e+00 1.577982e+00 1.266055e+00 3.027523e-01 1.100917e-01
35528: 1.736364e+00 1.572727e+00 1.272727e+00 3.090909e-01 1.090909e-01
35528: 1.738739e+00 1.567568e+00 1.270270e+00 3.153153e-01 1.081081e-01
35528: 1.732143e+00 1.571429e+00 1.258929e+00 3.214286e-01 1.160714e-01
35528: 1.743363e+00 1.557522e+00 1.256637e+00 3.274336e-01 1.150442e-01
35528: 1.745614e+00 1.561404e+00 1.254386e+00 3.245614e-01 1.140351e-01
35528: 1.739130e+00 1.573913e+00 1.252174e+00 3.217391e-01 1.130435e-01
35528: 1.750000e+00 1.568966e+00 1.250000e+00 3.189655e-01 1.120690e-01
35528: 1.743590e+00 1.581197e+00 1.247863e+00 3.162393e-01 1.111111e-01
35528: 1.754237e+00 1.567797e+00 1.245763e+00 3.135593e-01 1.186441e-01
35528: 1.739496e+00 1.588235e+00 1.243697e+00 3.109244e-01 1.176471e-01
35528: 1.741667e+00 1.583333e+00 1.250000e+00 3.083333e-01 1.166667e-01
35528: 1.735537e+00 1.578512e+00 1.264463e+00 3.057851e-01 1.157025e-01
35528: 1.745902e+00 1.573770e+00 1.262295e+00 3.032787e-01 1.147541e-01
35528: 1.747967e+00 1.569106e+00 1.268293e+00 3.008130e-01 1.138211e-01
35528: 1.741935e+00 1.572581e+00 1.266129e+00 2.983871e-01 1.209677e-01
35528: 1.744000e+00 1.576000e+00 1.264000e+00 2.960000e-01 1.200000e-01
35528: 1.730159e+00 1.587302e+00 1.269841e+00 2.936508e-01 1.190476e-01
35528: 1.732283e+00 1.574803e+00 1.275591e+00 2.992126e-01 1.181102e-01
35528: 1.742188e+00 1.570312e+00 1.273438e+00 2.968750e-01 1.171875e-01
35528: 1.736434e+00 1.573643e+00 1.279070e+00 2.945736e-01 1.162791e-01
35528: 1.738462e+00 1.569231e+00 1.284615e+00 2.923077e-01 1.153846e-01
35528: 1.725191e+00 1.572519e+00 1.282443e+00 2.900763e-01 1.297710e-01
35528: 1.727273e+00 1.575758e+00 1.280303e+00 2.878788e-01 1.287879e-01
35528: 1.714286e+00 1.571429e+00 1.293233e+00 2.932331e-01 1.278195e-01
35528: 1.716418e+00 1.567164e+00 1.291045e+00 2.985075e-01 1.268657e-01
35528: 1.711111e+00 1.585185e+00 1.281481e+00 2.962963e-01 1.259259e-01
35528: 1.713235e+00 1.573529e+00 1.294118e+00 2.941176e-01 1.250000e-01
35528: 1.708029e+00 1.576642e+00 1.291971e+00 2.992701e-01 1.240876e-01
35528: 1.710145e+00 1.572464e+00 1.297101e+00 2.971014e-01 1.231884e-01
35528: 1.697842e+00 1.582734e+00 1.294964e+00 2.949640e-01 1.294964e-01
35528: 1.692857e+00 1.592857e+00 1.292857e+00 2.928571e-01 1.285714e-01
35528: 1.695035e+00 1.588652e+00 1.297872e+00 2.907801e-01 1.276596e-01
35528: 1.697183e+00 1.591549e+00 1.295775e+00 2.887324e-01 1.267606e-01
35528: 1.692308e+00 1.587413e+00 1.300699e+00 2.937063e-01 1.258741e-01
35528: 1.694444e+00 1.583333e+00 1.305556e+00 2.916667e-01 1.250000e-01
35528: 1.682759e+00 1.586207e+00 1.310345e+00 2.965517e-01 1.241379e-01
35528: 1.678082e+00 1.589041e+00 1.308219e+00 2.945205e-01 1.301370e-01
35528: 1.680272e+00 1.585034e+00 1.312925e+00 2.925170e-01 1.292517e-01
35528: 1.689189e+00 1.581081e+00 1.310811e+00 2.905405e-01 1.283784e-01
35528: 1.691275e+00 1.583893e+00 1.308725e+00 2.885906e-01 1.275168e-01
35528: 1.693333e+00 1.580000e+00 1.313333e+00 2.866667e-01 1.266667e-01
35528: 1.682119e+00 1.582781e+00 1.311258e+00 2.913907e-01 1.324503e-01
35528: 1.690789e+00 1.578947e+00 1.309211e+00 2.894737e-01 1.315789e-01
35528: 1.679739e+00 1.581699e+00 1.307190e+00 2.941176e-01 1.372549e-01
35528: 1.688312e+00 1.571429e+00 1.305195e+00 2.922078e-01 1.428571e-01
35528: 1.690323e+00 1.567742e+00 1.309677e+00 2.903226e-01 1.419355e-01
35528: 1.679487e+00 1.583333e+00 1.307692e+00 2.884615e-01 1.410256e-01
35528: 1.681529e+00 1.573248e+00 1.312102e+00 2.929936e-01 1.401274e-01
35528: 1.683544e+00 1.575949e+00 1.310127e+00 2.911392e-01 1.392405e-01
35528: 1.679245e+00 1.572327e+00 1.314465e+00 2.955975e-01 1.383648e-01
35528: 1.681250e+00 1.562500e+00 1.318750e+00 3.000000e-01 1.375000e-01
35528: 1.683230e+00 1.565217e+00 1.310559e+00 3.043478e-01 1.366460e-01
35528: 1.672840e+00 1.574074e+00 1.308642e+00 3.086420e-01 1.358025e-01
35528: 1.674847e+00 1.564417e+00 1.312883e+00 3.128834e-01 1.349693e-01
35528: 1.670732e+00 1.567073e+00 1.310976e+00 3.170732e-01 1.341463e-01
35528: 1.678788e+00 1.563636e+00 1.309091e+00 3.151515e-01 1.333333e-01
35528: 1.686747e+00 1.566265e+00 1.301205e+00 3.132530e-01 1.325301e-01
35528: 1.688623e+00 1.562874e+00 1.305389e+00 3.113772e-01 1.317365e-01
35528: 1.684524e+00 1.571429e+00 1.303571e+00 3.095238e-01 1.309524e-01
35528: 1.680473e+00 1.568047e+00 1.313609e+00 3.076923e-01 1.301775e-01
35528: 1.688235e+00 1.564706e+00 1.305882e+00 3.117647e-01 1.294118e-01
35528: 1.684211e+00 1.567251e+00 1.298246e+00 3.216374e-01 1.286550e-01
35528: 1.697674e+00 1.563953e+00 1.290698e+00 3.197674e-01 1.279070e-01
35528: 1.699422e+00 1.572254e+00 1.283237e+00 3.179191e-01 1.271676e-01
35528: 1.695402e+00 1.568966e+00 1.293103e+00 3.160920e-01 1.264368e-01
35528: 1.702857e+00 1.565714e+00 1.291429e+00 3.142857e-01 1.257143e-01
35528: 1.698864e+00 1.579545e+00 1.284091e+00 3.125000e-01 1.250000e-01
35528: 1.700565e+00 1.570621e+00 1.288136e+00 3.163842e-01 1.242938e-01
35528: 1.696629e+00 1.567416e+00 1.292135e+00 3.146067e-01 1.292135e-01
35528: 1.703911e+00 1.569832e+00 1.284916e+00 3.128492e-01 1.284916e-01
35528: 1.700000e+00 1.572222e+00 1.283333e+00 3.166667e-01 1.277778e-01
35528: 1.701657e+00 1.569061e+00 1.281768e+00 3.149171e-01 1.325967e-01
35528: 1.703297e+00 1.571429e+00 1.274725e+00 3.186813e-01 1.318681e-01
35528: 1.693989e+00 1.562842e+00 1.289617e+00 3.224044e-01 1.311475e-01
35528: 1.706522e+00 1.559783e+00 1.282609e+00 3.206522e-01 1.304348e-01
35528: 1.702703e+00 1.567568e+00 1.281081e+00 3.189189e-01 1.297297e-01
35528: 1.698925e+00 1.580645e+00 1.274194e+00 3.172043e-01 1.290323e-01
35528: 1.705882e+00 1.572193e+00 1.278075e+00 3.155080e-01 1.283422e-01
35528: 1.707447e+00 1.569149e+00 1.276596e+00 3.138298e-01 1.329787e-01
35528: 1.703704e+00 1.571429e+00 1.275132e+00 3.174603e-01 1.322751e-01
35528: 1.705263e+00 1.563158e+00 1.278947e+00 3.210526e-01 1.315789e-01
35528: 1.701571e+00 1.570681e+00 1.277487e+00 3.193717e-01 1.308901e-01
35528: 1.703125e+00 1.567708e+00 1.281250e+00 3.177083e-01 1.302083e-01
35528: 1.699482e+00 1.575130e+00 1.279793e+00 3.160622e-01 1.295337e-01
35528: 1.706186e+00 1.567010e+00 1.283505e+00 3.144330e-01 1.288660e-01
35528: 1.707692e+00 1.574359e+00 1.276923e+00 3.128205e-01 1.282051e-01
35528: 1.709184e+00 1.571429e+00 1.280612e+00 3.112245e-01 1.275510e-01
35528: 1.705584e+00 1.568528e+00 1.289340e+00 3.096447e-01 1.269036e-01
35528: 1.712121e+00 1.565657e+00 1.287879e+00 3.080808e-01 1.262626e-01
35528: 1.708543e+00 1.572864e+00 1.286432e+00 3.065327e-01 1.256281e-01
35528: 1.705000e+00 1.570000e+00 1.290000e+00 3.050000e-01 1.300000e-01
35528: 1.701493e+00 1.567164e+00 1.293532e+00 3.084577e-01 1.293532e-01
35528: 1.707921e+00 1.564356e+00 1.287129e+00 3.118812e-01 1.287129e-01
35528: 1.704433e+00 1.576355e+00 1.280788e+00 3.103448e-01 1.280788e-01
35528: 1.710784e+00 1.568627e+00 1.284314e+00 3.088235e-01 1.274510e-01
35528: 1.702439e+00 1.580488e+00 1.278049e+00 3.121951e-01 1.268293e-01
35528: 1.703883e+00 1.572816e+00 1.286408e+00 3.106796e-01 1.262136e-01
35528: 1.700483e+00 1.574879e+00 1.285024e+00 3.140097e-01 1.256039e-01
35528: 1.701923e+00 1.576923e+00 1.283654e+00 3.125000e-01 1.250000e-01
35528: 1.703349e+00 1.569378e+00 1.291866e+00 3.110048e-01 1.244019e-01
35528: 1.704762e+00 1.571429e+00 1.290476e+00 3.095238e-01 1.238095e-01
35528: 1.706161e+00 1.563981e+00 1.298578e+00 3.080569e-01 1.232227e-01
35528: 1.702830e+00 1.570755e+00 1.297170e+00 3.066038e-01 1.226415e-01
35528: 1.704225e+00 1.563380e+00 1.300469e+00 3.051643e-01 1.267606e-01
35528: 1.700935e+00 1.565421e+00 1.303738e+00 3.037383e-01 1.261682e-01
35528: 1.697674e+00 1.572093e+00 1.302326e+00 3.023256e-01 1.255814e-01
35528: 1.699074e+00 1.569444e+00 1.300926e+00 3.055556e-01 1.250000e-01
35528: 1.700461e+00 1.576037e+00 1.294931e+00 3.041475e-01 1.244240e-01
35528: 1.701835e+00 1.573394e+00 1.298165e+00 3.027523e-01 1.238532e-01
35528: 1.694064e+00 1.579909e+00 1.301370e+00 3.013699e-01 1.232877e-01
35528: 1.700000e+00 1.572727e+00 1.304545e+00 3.000000e-01 1.227273e-01
35528: 1.696833e+00 1.570136e+00 1.312217e+00 2.986425e-01 1.221719e-01
35528: 1.693694e+00 1.572072e+00 1.310811e+00 2.972973e-01 1.261261e-01
35528: 1.699552e+00 1.569507e+00 1.309417e+00 2.959641e-01 1.255605e-01
35528: 1.696429e+00 1.575893e+00 1.303571e+00 2.991071e-01 1.250000e-01
35528: 1.702222e+00 1.573333e+00 1.302222e+00 2.977778e-01 1.244444e-01
35528: 1.703540e+00 1.570796e+00 1.305310e+00 2.964602e-01 1.238938e-01
35528: 1.696035e+00 1.577093e+00 1.308370e+00 2.951542e-01 1.233480e-01
35528: 1.697368e+00 1.570175e+00 1.307018e+00 2.982456e-01 1.271930e-01
35528: 1.694323e+00 1.572052e+00 1.310044e+00 2.969432e-01 1.266376e-01
35528: 1.695652e+00 1.569565e+00 1.308696e+00 3.000000e-01 1.260870e-01
35528: 1.696970e+00 1.571429e+00 1.303030e+00 3.030303e-01 1.255411e-01
35528: 1.693966e+00 1.564655e+00 1.314655e+00 3.017241e-01 1.250000e-01
35528: 1.695279e+00 1.566524e+00 1.309013e+00 3.047210e-01 1.244635e-01
35528: 1.692308e+00 1.568376e+00 1.307692e+00 3.076923e-01 1.239316e-01
35528: 1.697872e+00 1.565957e+00 1.302128e+00 3.106383e-01 1.234043e-01
35528: 1.694915e+00 1.567797e+00 1.300847e+00 3.135593e-01 1.228814e-01
35528: 1.704641e+00 1.565401e+00 1.295359e+00 3.122363e-01 1.223629e-01
35528: 1.701681e+00 1.571429e+00 1.294118e+00 3.109244e-01 1.218487e-01
35528: 1.702929e+00 1.569038e+00 1.297071e+00 3.096234e-01 1.213389e-01
35528: 1.704167e+00 1.575000e+00 1.291667e+00 3.083333e-01 1.208333e-01
35528: 1.697095e+00 1.576763e+00 1.298755e+00 3.070539e-01 1.203320e-01
35528: 1.698347e+00 1.574380e+00 1.297521e+00 3.057851e-01 1.239669e-01
35528: 1.695473e+00 1.576132e+00 1.296296e+00 3.086420e-01 1.234568e-01
35528: 1.700820e+00 1.569672e+00 1.295082e+00 3.114754e-01 1.229508e-01
35528: 1.706122e+00 1.571429e+00 1.289796e+00 3.102041e-01 1.224490e-01
35528: 1.699187e+00 1.569106e+00 1.300813e+00 3.089431e-01 1.219512e-01
35528: 1.700405e+00 1.570850e+00 1.299595e+00 3.076923e-01 1.214575e-01
35528: 1.701613e+00 1.564516e+00 1.306452e+00 3.064516e-01 1.209677e-01
35528: 1.698795e+00 1.574297e+00 1.301205e+00 3.052209e-01 1.204819e-01
35528: 1.708000e+00 1.568000e+00 1.300000e+00 3.040000e-01 1.200000e-01
35528: 1.705179e+00 1.573705e+00 1.294821e+00 3.067729e-01 1.195219e-01
35528: 1.710317e+00 1.571429e+00 1.293651e+00 3.055556e-01 1.190476e-01
35528: 1.711462e+00 1.573123e+00 1.292490e+00 3.043478e-01 1.185771e-01
35528: 1.708661e+00 1.566929e+00 1.303150e+00 3.031496e-01 1.181102e-01
35528: 1.717647e+00 1.564706e+00 1.298039e+00 3.019608e-01 1.176471e-01
35528: 1.718750e+00 1.566406e+00 1.292969e+00 3.046875e-01 1.171875e-01
35528: 1.719844e+00 1.564202e+00 1.295720e+00 3.035019e-01 1.167315e-01
35528: 1.720930e+00 1.569767e+00 1.290698e+00 3.023256e-01 1.162791e-01
35528: 1.725869e+00 1.567568e+00 1.289575e+00 3.011583e-01 1.158301e-01
35528: 1.723077e+00 1.569231e+00 1.288462e+00 3.000000e-01 1.192308e-01
35528: 1.720307e+00 1.570881e+00 1.291188e+00 2.988506e-01 1.187739e-01
35528: 1.721374e+00 1.568702e+00 1.290076e+00 2.977099e-01 1.221374e-01
35528: 1.718631e+00 1.574144e+00 1.285171e+00 2.965779e-01 1.254753e-01
35528: 1.723485e+00 1.568182e+00 1.284091e+00 2.992424e-01 1.250000e-01
35528: 1.720755e+00 1.569811e+00 1.283019e+00 3.018868e-01 1.245283e-01
35528: 1.725564e+00 1.567669e+00 1.278195e+00 3.045113e-01 1.240602e-01
35528: 1.722846e+00 1.569288e+00 1.277154e+00 3.071161e-01 1.235955e-01
35528: 1.723881e+00 1.567164e+00 1.276119e+00 3.097015e-01 1.231343e-01
35528: 1.724907e+00 1.568773e+00 1.275093e+00 3.085502e-01 1.226766e-01
35528: 1.718519e+00 1.570370e+00 1.277778e+00 3.111111e-01 1.222222e-01
35528: 1.715867e+00 1.568266e+00 1.280443e+00 3.099631e-01 1.254613e-01
35528: 1.716912e+00 1.573529e+00 1.275735e+00 3.088235e-01 1.250000e-01
35528: 1.714286e+00 1.567766e+00 1.282051e+00 3.076923e-01 1.282051e-01
35528: 1.715328e+00 1.565693e+00 1.284672e+00 3.065693e-01 1.277372e-01
35528: 1.709091e+00 1.570909e+00 1.283636e+00 3.090909e-01 1.272727e-01
35528: 1.710145e+00 1.565217e+00 1.286232e+00 3.079710e-01 1.304348e-01
35528: 1.707581e+00 1.574007e+00 1.281588e+00 3.068592e-01 1.299639e-01
35528: 1.708633e+00 1.571942e+00 1.284173e+00 3.057554e-01 1.294964e-01
35528: 1.706093e+00 1.569892e+00 1.286738e+00 3.082437e-01 1.290323e-01
35528: 1.710714e+00 1.567857e+00 1.282143e+00 3.071429e-01 1.321429e-01
35528: 1.704626e+00 1.576512e+00 1.281139e+00 3.060498e-01 1.316726e-01
35528: 1.705674e+00 1.570922e+00 1.283688e+00 3.049645e-01 1.347518e-01
35528: 1.706714e+00 1.572438e+00 1.282686e+00 3.038869e-01 1.342756e-01
35528: 1.707746e+00 1.570423e+00 1.285211e+00 3.028169e-01 1.338028e-01
35528: 1.708772e+00 1.568421e+00 1.287719e+00 3.017544e-01 1.333333e-01
35528: 1.706294e+00 1.573427e+00 1.286713e+00 3.006993e-01 1.328671e-01
35528: 1.703833e+00 1.578397e+00 1.285714e+00 2.996516e-01 1.324042e-01
35528: 1.704861e+00 1.576389e+00 1.288194e+00 2.986111e-01 1.319444e-01
35528: 1.705882e+00 1.574394e+00 1.290657e+00 2.975779e-01 1.314879e-01
35528: 1.700000e+00 1.579310e+00 1.293103e+00 2.965517e-01 1.310345e-01
35528: 1.697595e+00 1.577320e+00 1.298969e+00 2.955326e-01 1.305842e-01
35528: 1.705479e+00 1.571918e+00 1.297945e+00 2.945205e-01 1.301370e-01
35528: 1.706485e+00 1.573379e+00 1.296928e+00 2.935154e-01 1.296928e-01
35528: 1.700680e+00 1.574830e+00 1.302721e+00 2.925170e-01 1.292517e-01
35528: 1.705085e+00 1.572881e+00 1.301695e+00 2.915254e-01 1.288136e-01
35528: 1.706081e+00 1.574324e+00 1.300676e+00 2.905405e-01 1.283784e-01
35528: 1.707071e+00 1.569024e+00 1.303030e+00 2.929293e-01 1.279461e-01
35528: 1.704698e+00 1.573826e+00 1.298658e+00 2.953020e-01 1.275168e-01
35528: 1.705686e+00 1.575251e+00 1.297659e+00 2.943144e-01 1.270903e-01
35528: 1.706667e+00 1.570000e+00 1.300000e+00 2.966667e-01 1.266667e-01
35528: 1.700997e+00 1.568106e+00 1.305648e+00 2.956811e-01 1.295681e-01
35528: 1.705298e+00 1.566225e+00 1.304636e+00 2.947020e-01 1.291391e-01
35528: 1.706271e+00 1.567657e+00 1.303630e+00 2.937294e-01 1.287129e-01
35528: 1.703947e+00 1.565789e+00 1.309211e+00 2.927632e-01 1.282895e-01
35528: 1.708197e+00 1.563934e+00 1.304918e+00 2.950820e-01 1.278689e-01
35528: 1.705882e+00 1.568627e+00 1.300654e+00 2.973856e-01 1.274510e-01
35528: 1.706840e+00 1.566775e+00 1.302932e+00 2.964169e-01 1.270358e-01
35528: 1.701299e+00 1.577922e+00 1.298701e+00 2.954545e-01 1.266234e-01
35528: 1.705502e+00 1.576052e+00 1.297735e+00 2.944984e-01 1.262136e-01
35528: 1.703226e+00 1.574194e+00 1.303226e+00 2.935484e-01 1.258065e-01
35528: 1.707395e+00 1.569132e+00 1.305466e+00 2.926045e-01 1.254019e-01
35528: 1.705128e+00 1.570513e+00 1.304487e+00 2.948718e-01 1.250000e-01
35528: 1.706070e+00 1.565495e+00 1.306709e+00 2.939297e-01 1.277955e-01
35528: 1.703822e+00 1.570064e+00 1.305732e+00 2.929936e-01 1.273885e-01
35528: 1.701587e+00 1.571429e+00 1.307937e+00 2.920635e-01 1.269841e-01
35528: 1.702532e+00 1.566456e+00 1.313291e+00 2.911392e-01 1.265823e-01
35528: 1.700315e+00 1.570978e+00 1.312303e+00 2.902208e-01 1.261830e-01
35528: 1.701258e+00 1.566038e+00 1.317610e+00 2.893082e-01 1.257862e-01
35528: 1.695925e+00 1.570533e+00 1.316614e+00 2.915361e-01 1.253918e-01
35528: 1.696875e+00 1.568750e+00 1.318750e+00 2.906250e-01 1.250000e-01
35528: 1.694704e+00 1.573209e+00 1.314642e+00 2.928349e-01 1.246106e-01
35528: 1.695652e+00 1.568323e+00 1.319876e+00 2.919255e-01 1.242236e-01
35528: 1.693498e+00 1.569659e+00 1.318885e+00 2.941176e-01 1.238390e-01
35528: 1.694444e+00 1.567901e+00 1.314815e+00 2.993827e-01 1.234568e-01
35528: 1.692308e+00 1.569231e+00 1.316923e+00 2.984615e-01 1.230769e-01
35528: 1.696319e+00 1.567485e+00 1.315951e+00 2.975460e-01 1.226994e-01
35528: 1.694190e+00 1.571865e+00 1.314985e+00 2.966361e-01 1.223242e-01
35528: 1.692073e+00 1.576220e+00 1.314024e+00 2.957317e-01 1.219512e-01
35528: 1.693009e+00 1.571429e+00 1.313070e+00 3.009119e-01 1.215805e-01
35528: 1.690909e+00 1.572727e+00 1.315152e+00 3.000000e-01 1.212121e-01
35528: 1.694864e+00 1.567976e+00 1.317221e+00 2.990937e-01 1.208459e-01
35528: 1.692771e+00 1.572289e+00 1.313253e+00 3.012048e-01 1.204819e-01
35528: 1.690691e+00 1.570571e+00 1.315315e+00 3.003003e-01 1.231231e-01
35528: 1.694611e+00 1.565868e+00 1.317365e+00 2.994012e-01 1.227545e-01
35528: 1.692537e+00 1.567164e+00 1.316418e+00 3.014925e-01 1.223881e-01
35528: 1.693452e+00 1.565476e+00 1.318452e+00 3.005952e-01 1.220238e-01
35528: 1.694362e+00 1.569733e+00 1.314540e+00 2.997033e-01 1.216617e-01
35528: 1.689349e+00 1.571006e+00 1.319527e+00 2.988166e-01 1.213018e-01
35528: 1.690265e+00 1.566372e+00 1.321534e+00 2.979351e-01 1.238938e-01
35528: 1.688235e+00 1.570588e+00 1.317647e+00 2.970588e-01 1.264706e-01
35528: 1.689150e+00 1.565982e+00 1.322581e+00 2.961877e-01 1.260997e-01
35528: 1.690058e+00 1.570175e+00 1.318713e+00 2.953216e-01 1.257310e-01
35528: 1.688047e+00 1.568513e+00 1.320700e+00 2.973761e-01 1.253644e-01
35528: 1.688953e+00 1.569767e+00 1.319767e+00 2.965116e-01 1.250000e-01
35528: 1.686957e+00 1.571014e+00 1.318841e+00 2.985507e-01 1.246377e-01
35528: 1.684971e+00 1.569364e+00 1.320809e+00 3.005780e-01 1.242775e-01
35528: 1.685879e+00 1.570605e+00 1.317003e+00 2.997118e-01 1.268012e-01
35528: 1.686782e+00 1.568966e+00 1.318966e+00 2.988506e-01 1.264368e-01
35528: 1.687679e+00 1.570201e+00 1.318052e+00 2.979943e-01 1.260745e-01
35528: 1.682857e+00 1.568571e+00 1.325714e+00 2.971429e-01 1.257143e-01
35528: 1.683761e+00 1.566952e+00 1.327635e+00 2.962963e-01 1.253561e-01
35528: 1.678977e+00 1.573864e+00 1.326705e+00 2.954545e-01 1.250000e-01
35528: 1.682720e+00 1.569405e+00 1.325779e+00 2.946176e-01 1.274788e-01
35528: 1.680791e+00 1.573446e+00 1.324859e+00 2.937853e-01 1.271186e-01
35528: 1.681690e+00 1.571831e+00 1.326761e+00 2.929577e-01 1.267606e-01
35528: 1.679775e+00 1.573034e+00 1.328652e+00 2.921348e-01 1.264045e-01
35528: 1.683473e+00 1.568627e+00 1.330532e+00 2.913165e-01 1.260504e-01
35528: 1.684358e+00 1.572626e+00 1.326816e+00 2.905028e-01 1.256983e-01
35528: 1.685237e+00 1.568245e+00 1.331476e+00 2.896936e-01 1.253482e-01
35528: 1.680556e+00 1.572222e+00 1.333333e+00 2.888889e-01 1.250000e-01
35528: 1.681440e+00 1.570637e+00 1.332410e+00 2.880886e-01 1.274238e-01
35528: 1.679558e+00 1.569061e+00 1.334254e+00 2.872928e-01 1.298343e-01
35528: 1.680441e+00 1.567493e+00 1.330579e+00 2.865014e-01 1.349862e-01
35528: 1.678571e+00 1.574176e+00 1.326923e+00 2.857143e-01 1.346154e-01
35528: 1.679452e+00 1.572603e+00 1.328767e+00 2.849315e-01 1.342466e-01
35528: 1.677596e+00 1.573770e+00 1.327869e+00 2.841530e-01 1.366120e-01
35528: 1.678474e+00 1.569482e+00 1.329700e+00 2.861035e-01 1.362398e-01
35528: 1.676630e+00 1.570652e+00 1.328804e+00 2.853261e-01 1.385870e-01
35528: 1.674797e+00 1.571816e+00 1.327913e+00 2.872629e-01 1.382114e-01
35528: 1.675676e+00 1.567568e+00 1.329730e+00 2.891892e-01 1.378378e-01
35528: 1.676550e+00 1.571429e+00 1.326146e+00 2.884097e-01 1.374663e-01
35528: 1.672043e+00 1.575269e+00 1.327957e+00 2.876344e-01 1.370968e-01
35528: 1.675603e+00 1.571046e+00 1.329759e+00 2.868633e-01 1.367292e-01
35528: 1.673797e+00 1.572193e+00 1.328877e+00 2.860963e-01 1.390374e-01
35528: 1.677333e+00 1.568000e+00 1.328000e+00 2.880000e-01 1.386667e-01
35528: 1.672872e+00 1.571809e+00 1.324468e+00 2.898936e-01 1.409574e-01
35528: 1.673740e+00 1.567639e+00 1.326260e+00 2.917772e-01 1.405836e-01
35528: 1.674603e+00 1.568783e+00 1.325397e+00 2.910053e-01 1.402116e-01
35528: 1.675462e+00 1.567282e+00 1.327177e+00 2.902375e-01 1.398417e-01
35528: 1.673684e+00 1.571053e+00 1.323684e+00 2.921053e-01 1.394737e-01
35528: 1.671916e+00 1.572178e+00 1.325459e+00 2.913386e-01 1.391076e-01
35528: 1.672775e+00 1.573298e+00 1.324607e+00 2.905759e-01 1.387435e-01
35528: 1.668407e+00 1.574413e+00 1.326371e+00 2.924282e-01 1.383812e-01
35528: 1.666667e+00 1.575521e+00 1.325521e+00 2.942708e-01 1.380208e-01
35528: 1.667532e+00 1.574026e+00 1.324675e+00 2.961039e-01 1.376623e-01
35528: 1.665803e+00 1.572539e+00 1.329016e+00 2.953368e-01 1.373057e-01
35528: 1.666667e+00 1.568475e+00 1.333333e+00 2.945736e-01 1.369509e-01
35528: 1.667526e+00 1.569588e+00 1.332474e+00 2.938144e-01 1.365979e-01
35528: 1.663239e+00 1.575835e+00 1.331620e+00 2.930591e-01 1.362468e-01
35528: 1.666667e+00 1.571795e+00 1.333333e+00 2.923077e-01 1.358974e-01
35528: 1.664962e+00 1.572890e+00 1.335038e+00 2.915601e-01 1.355499e-01
35528: 1.665816e+00 1.568878e+00 1.334184e+00 2.959184e-01 1.352041e-01
35528: 1.666667e+00 1.572519e+00 1.330789e+00 2.951654e-01 1.348601e-01
35528: 1.662437e+00 1.573604e+00 1.332487e+00 2.944162e-01 1.370558e-01
35528: 1.663291e+00 1.572152e+00 1.331646e+00 2.936709e-01 1.392405e-01
35528: 1.664141e+00 1.570707e+00 1.333333e+00 2.929293e-01 1.388889e-01
35528: 1.664987e+00 1.571788e+00 1.332494e+00 2.921914e-01 1.385390e-01
35528: 1.665829e+00 1.567839e+00 1.334171e+00 2.914573e-01 1.407035e-01
35528: 1.664160e+00 1.571429e+00 1.333333e+00 2.907268e-01 1.403509e-01
35528: 1.665000e+00 1.570000e+00 1.335000e+00 2.900000e-01 1.400000e-01
35528: 1.665835e+00 1.568579e+00 1.334165e+00 2.917706e-01 1.396509e-01
35528: 1.664179e+00 1.569652e+00 1.333333e+00 2.910448e-01 1.417910e-01
35528: 1.662531e+00 1.570720e+00 1.332506e+00 2.928040e-01 1.414392e-01
35528: 1.665842e+00 1.566832e+00 1.334158e+00 2.920792e-01 1.410891e-01
35528: 1.664198e+00 1.567901e+00 1.335802e+00 2.913580e-01 1.407407e-01
35528: 1.662562e+00 1.573892e+00 1.332512e+00 2.906404e-01 1.403941e-01
35528: 1.668305e+00 1.570025e+00 1.331695e+00 2.899263e-01 1.400491e-01
35528: 1.669118e+00 1.568627e+00 1.333333e+00 2.892157e-01 1.397059e-01
35528: 1.667482e+00 1.569682e+00 1.332518e+00 2.909535e-01 1.393643e-01
35528: 1.668293e+00 1.568293e+00 1.331707e+00 2.902439e-01 1.414634e-01
35528: 1.669100e+00 1.569343e+00 1.330900e+00 2.895377e-01 1.411192e-01
35528: 1.667476e+00 1.570388e+00 1.332524e+00 2.888350e-01 1.407767e-01
35528: 1.670702e+00 1.566586e+00 1.334140e+00 2.881356e-01 1.404358e-01
35528: 1.666667e+00 1.570048e+00 1.335749e+00 2.874396e-01 1.400966e-01
35528: 1.665060e+00 1.571084e+00 1.334940e+00 2.891566e-01 1.397590e-01
35528: 1.668269e+00 1.569712e+00 1.334135e+00 2.884615e-01 1.394231e-01
35528: 1.664269e+00 1.573141e+00 1.335731e+00 2.877698e-01 1.390887e-01
35528: 1.669856e+00 1.569378e+00 1.334928e+00 2.870813e-01 1.387560e-01
35528: 1.670644e+00 1.570406e+00 1.334129e+00 2.863962e-01 1.384248e-01
35528: 1.669048e+00 1.566667e+00 1.338095e+00 2.857143e-01 1.404762e-01
35528: 1.669834e+00 1.570071e+00 1.334917e+00 2.850356e-01 1.401425e-01
35528: 1.670616e+00 1.566351e+00 1.336493e+00 2.867299e-01 1.398104e-01
35528: 1.669031e+00 1.569740e+00 1.333333e+00 2.884161e-01 1.394799e-01
35528: 1.669811e+00 1.570755e+00 1.330189e+00 2.900943e-01 1.391509e-01
35528: 1.668235e+00 1.569412e+00 1.334118e+00 2.894118e-01 1.388235e-01
35528: 1.671362e+00 1.570423e+00 1.330986e+00 2.887324e-01 1.384977e-01
35528: 1.669789e+00 1.569087e+00 1.334895e+00 2.880562e-01 1.381733e-01
35528: 1.670561e+00 1.567757e+00 1.336449e+00 2.873832e-01 1.378505e-01
35528: 1.671329e+00 1.568765e+00 1.333333e+00 2.890443e-01 1.375291e-01
35528: 1.672093e+00 1.569767e+00 1.332558e+00 2.883721e-01 1.372093e-01
35528: 1.672854e+00 1.568445e+00 1.331787e+00 2.900232e-01 1.368910e-01
35528: 1.668981e+00 1.571759e+00 1.333333e+00 2.893519e-01 1.365741e-01
35528: 1.672055e+00 1.568129e+00 1.332564e+00 2.886836e-01 1.385681e-01
35528: 1.670507e+00 1.569124e+00 1.329493e+00 2.926267e-01 1.382488e-01
35528: 1.668966e+00 1.574713e+00 1.326437e+00 2.919540e-01 1.379310e-01
35528: 1.669725e+00 1.573394e+00 1.327982e+00 2.912844e-01 1.376147e-01
35528: 1.668192e+00 1.576659e+00 1.327231e+00 2.906178e-01 1.372998e-01
35528: 1.668950e+00 1.573059e+00 1.328767e+00 2.899543e-01 1.392694e-01
35528: 1.671982e+00 1.571754e+00 1.328018e+00 2.892938e-01 1.389522e-01
35528: 1.670455e+00 1.572727e+00 1.329545e+00 2.886364e-01 1.386364e-01
35528: 1.671202e+00 1.569161e+00 1.328798e+00 2.902494e-01 1.405896e-01
35528: 1.669683e+00 1.572398e+00 1.328054e+00 2.895928e-01 1.402715e-01
35528: 1.670429e+00 1.568849e+00 1.331828e+00 2.889391e-01 1.399549e-01
35528: 1.671171e+00 1.572072e+00 1.328829e+00 2.882883e-01 1.396396e-01
35528: 1.674157e+00 1.568539e+00 1.330337e+00 2.876404e-01 1.393258e-01
35528: 1.670404e+00 1.573991e+00 1.327354e+00 2.892377e-01 1.390135e-01
35528: 1.673378e+00 1.570470e+00 1.326622e+00 2.908277e-01 1.387025e-01
35528: 1.674107e+00 1.569196e+00 1.328125e+00 2.901786e-01 1.383929e-01
35528: 1.672606e+00 1.572383e+00 1.325167e+00 2.917595e-01 1.380846e-01
35528: 1.675556e+00 1.568889e+00 1.324444e+00 2.933333e-01 1.377778e-01
35528: 1.671840e+00 1.572062e+00 1.321508e+00 2.971175e-01 1.374723e-01
35528: 1.674779e+00 1.568584e+00 1.320796e+00 2.964602e-01 1.393805e-01
35528: 1.673289e+00 1.569536e+00 1.317881e+00 3.002208e-01 1.390728e-01
35528: 1.674009e+00 1.572687e+00 1.314978e+00 2.995595e-01 1.387665e-01
35528: 1.672527e+00 1.573626e+00 1.316484e+00 2.989011e-01 1.384615e-01
35528: 1.673246e+00 1.572368e+00 1.317982e+00 2.982456e-01 1.381579e-01
35528: 1.671772e+00 1.571116e+00 1.317287e+00 3.019694e-01 1.378556e-01
35528: 1.676856e+00 1.567686e+00 1.316594e+00 3.013100e-01 1.375546e-01
35528: 1.677560e+00 1.570806e+00 1.313725e+00 3.006536e-01 1.372549e-01
35528: 1.676087e+00 1.569565e+00 1.317391e+00 3.000000e-01 1.369565e-01
35528: 1.676790e+00 1.568330e+00 1.316703e+00 2.993492e-01 1.388286e-01
35528: 1.679654e+00 1.569264e+00 1.313853e+00 2.987013e-01 1.385281e-01
35528: 1.676026e+00 1.570194e+00 1.315335e+00 3.002160e-01 1.382289e-01
35528: 1.676724e+00 1.566810e+00 1.316810e+00 3.017241e-01 1.379310e-01
35528: 1.673118e+00 1.569892e+00 1.316129e+00 3.032258e-01 1.376344e-01
35528: 1.675966e+00 1.568670e+00 1.313305e+00 3.025751e-01 1.394850e-01
35528: 1.674518e+00 1.571734e+00 1.312634e+00 3.019272e-01 1.391863e-01
35528: 1.677350e+00 1.568376e+00 1.311966e+00 3.034188e-01 1.388889e-01
35528: 1.678038e+00 1.569296e+00 1.309168e+00 3.049041e-01 1.385928e-01
35528: 1.676596e+00 1.568085e+00 1.312766e+00 3.042553e-01 1.382979e-01
35528: 1.677282e+00 1.569002e+00 1.312102e+00 3.036093e-01 1.380042e-01
35528: 1.675847e+00 1.569915e+00 1.313559e+00 3.029661e-01 1.377119e-01
35528: 1.676533e+00 1.568710e+00 1.315011e+00 3.023256e-01 1.374207e-01
35528: 1.675105e+00 1.573840e+00 1.312236e+00 3.016878e-01 1.371308e-01
35528: 1.677895e+00 1.570526e+00 1.311579e+00 3.031579e-01 1.368421e-01
35528: 1.674370e+00 1.571429e+00 1.315126e+00 3.025210e-01 1.365546e-01
35528: 1.675052e+00 1.570231e+00 1.316562e+00 3.018868e-01 1.362683e-01
35528: 1.675732e+00 1.571130e+00 1.315900e+00 3.012552e-01 1.359833e-01
35528: 1.672234e+00 1.569937e+00 1.319415e+00 3.027140e-01 1.356994e-01
35528: 1.675000e+00 1.568750e+00 1.318750e+00 3.020833e-01 1.354167e-01
35528: 1.675676e+00 1.571726e+00 1.316008e+00 3.014553e-01 1.351351e-01
35528: 1.674274e+00 1.568465e+00 1.317427e+00 3.049793e-01 1.348548e-01
35528: 1.674948e+00 1.567288e+00 1.316770e+00 3.064182e-01 1.345756e-01
35528: 1.675620e+00 1.570248e+00 1.314050e+00 3.057851e-01 1.342975e-01
35528: 1.676289e+00 1.567010e+00 1.317526e+00 3.051546e-01 1.340206e-01
35528: 1.672840e+00 1.567901e+00 1.318930e+00 3.065844e-01 1.337449e-01
35528: 1.677618e+00 1.566735e+00 1.316222e+00 3.059548e-01 1.334702e-01
35528: 1.678279e+00 1.567623e+00 1.313525e+00 3.073770e-01 1.331967e-01
35528: 1.674847e+00 1.568507e+00 1.316973e+00 3.067485e-01 1.329243e-01
35528: 1.677551e+00 1.569388e+00 1.314286e+00 3.061224e-01 1.326531e-01
35528: 1.676171e+00 1.568228e+00 1.315682e+00 3.075356e-01 1.323829e-01
35528: 1.678862e+00 1.569106e+00 1.313008e+00 3.069106e-01 1.321138e-01
35528: 1.677485e+00 1.569980e+00 1.312373e+00 3.083164e-01 1.318458e-01
35528: 1.680162e+00 1.568826e+00 1.311741e+00 3.076923e-01 1.315789e-01
35528: 1.678788e+00 1.571717e+00 1.309091e+00 3.090909e-01 1.313131e-01
35528: 1.679435e+00 1.568548e+00 1.308468e+00 3.125000e-01 1.310484e-01
35528: 1.680080e+00 1.569416e+00 1.307847e+00 3.118712e-01 1.307847e-01
35528: 1.678715e+00 1.568273e+00 1.309237e+00 3.132530e-01 1.305221e-01
35528: 1.679359e+00 1.567134e+00 1.308617e+00 3.126253e-01 1.322645e-01
35528: 1.678000e+00 1.572000e+00 1.306000e+00 3.120000e-01 1.320000e-01
35528: 1.678643e+00 1.570858e+00 1.307385e+00 3.113772e-01 1.317365e-01
35528: 1.677291e+00 1.569721e+00 1.308765e+00 3.107570e-01 1.334661e-01
35528: 1.677932e+00 1.568588e+00 1.310139e+00 3.101392e-01 1.332008e-01
35528: 1.674603e+00 1.571429e+00 1.307540e+00 3.115079e-01 1.349206e-01
35528: 1.675248e+00 1.568317e+00 1.308911e+00 3.128713e-01 1.346535e-01
35528: 1.671937e+00 1.571146e+00 1.308300e+00 3.142292e-01 1.343874e-01
35528: 1.674556e+00 1.568047e+00 1.309665e+00 3.136095e-01 1.341223e-01
35528: 1.673228e+00 1.568898e+00 1.309055e+00 3.149606e-01 1.338583e-01
35528: 1.671906e+00 1.573674e+00 1.306483e+00 3.143418e-01 1.335953e-01
35528: 1.670588e+00 1.576471e+00 1.305882e+00 3.137255e-01 1.333333e-01
35528: 1.673190e+00 1.573386e+00 1.305284e+00 3.131115e-01 1.350294e-01
35528: 1.675781e+00 1.572266e+00 1.304688e+00 3.125000e-01 1.347656e-01
35528: 1.674464e+00 1.573099e+00 1.306043e+00 3.118908e-01 1.345029e-01
35528: 1.677043e+00 1.570039e+00 1.307393e+00 3.112840e-01 1.342412e-01
35528: 1.677670e+00 1.568932e+00 1.308738e+00 3.106796e-01 1.339806e-01
35528: 1.676357e+00 1.571705e+00 1.308140e+00 3.100775e-01 1.337209e-01
35528: 1.680851e+00 1.568665e+00 1.307544e+00 3.094778e-01 1.334623e-01
35528: 1.681467e+00 1.571429e+00 1.305019e+00 3.088803e-01 1.332046e-01
35528: 1.682081e+00 1.570328e+00 1.306358e+00 3.082852e-01 1.329480e-01
35528: 1.680769e+00 1.569231e+00 1.305769e+00 3.115385e-01 1.326923e-01
35528: 1.683301e+00 1.570058e+00 1.303263e+00 3.109405e-01 1.324376e-01
35528: 1.683908e+00 1.568966e+00 1.304598e+00 3.103448e-01 1.321839e-01
35528: 1.684512e+00 1.571702e+00 1.302103e+00 3.097514e-01 1.319312e-01
35528: 1.683206e+00 1.568702e+00 1.305344e+00 3.091603e-01 1.335878e-01
35528: 1.685714e+00 1.567619e+00 1.304762e+00 3.085714e-01 1.333333e-01
35528: 1.682510e+00 1.574144e+00 1.302281e+00 3.079848e-01 1.330798e-01
35528: 1.685009e+00 1.573055e+00 1.301708e+00 3.074004e-01 1.328273e-01
35528: 1.683712e+00 1.571970e+00 1.303030e+00 3.087121e-01 1.325758e-01
35528: 1.682420e+00 1.572779e+00 1.304348e+00 3.081285e-01 1.323251e-01
35528: 1.681132e+00 1.575472e+00 1.303774e+00 3.075472e-01 1.320755e-01
35528: 1.681733e+00 1.572505e+00 1.305085e+00 3.088512e-01 1.318267e-01
35528: 1.682331e+00 1.571429e+00 1.306391e+00 3.082707e-01 1.315789e-01
35528: 1.681051e+00 1.570356e+00 1.307692e+00 3.076923e-01 1.332083e-01
35528: 1.681648e+00 1.571161e+00 1.307116e+00 3.071161e-01 1.329588e-01
35528: 1.680374e+00 1.570093e+00 1.310280e+00 3.065421e-01 1.327103e-01
35528: 1.682836e+00 1.567164e+00 1.311567e+00 3.059701e-01 1.324627e-01
35528: 1.681564e+00 1.569832e+00 1.310987e+00 3.054004e-01 1.322160e-01
35528: 1.682156e+00 1.568773e+00 1.310409e+00 3.066914e-01 1.319703e-01
35528: 1.680891e+00 1.569573e+00 1.311688e+00 3.061224e-01 1.317254e-01
35528: 1.679630e+00 1.570370e+00 1.311111e+00 3.074074e-01 1.314815e-01
35528: 1.682070e+00 1.567468e+00 1.312384e+00 3.068392e-01 1.312384e-01
35528: 1.684502e+00 1.568266e+00 1.309963e+00 3.062731e-01 1.309963e-01
35528: 1.685083e+00 1.569061e+00 1.309392e+00 3.057090e-01 1.307551e-01
35528: 1.683824e+00 1.568015e+00 1.312500e+00 3.051471e-01 1.305147e-01
35528: 1.684404e+00 1.570642e+00 1.310092e+00 3.045872e-01 1.302752e-01
35528: 1.683150e+00 1.569597e+00 1.311355e+00 3.058608e-01 1.300366e-01
35528: 1.685558e+00 1.568556e+00 1.310786e+00 3.053016e-01 1.297989e-01
35528: 1.684307e+00 1.571168e+00 1.310219e+00 3.047445e-01 1.295620e-01
35528: 1.683060e+00 1.570128e+00 1.313297e+00 3.041894e-01 1.293260e-01
35528: 1.683636e+00 1.569091e+00 1.312727e+00 3.054545e-01 1.290909e-01
35528: 1.682396e+00 1.573503e+00 1.310345e+00 3.049002e-01 1.288566e-01
35528: 1.682971e+00 1.572464e+00 1.311594e+00 3.043478e-01 1.286232e-01
35528: 1.681736e+00 1.573237e+00 1.312839e+00 3.037975e-01 1.283906e-01
35528: 1.680505e+00 1.574007e+00 1.312274e+00 3.032491e-01 1.299639e-01
35528: 1.681081e+00 1.571171e+00 1.311712e+00 3.045045e-01 1.315315e-01
35528: 1.679856e+00 1.570144e+00 1.311151e+00 3.057554e-01 1.330935e-01
35528: 1.680431e+00 1.567325e+00 1.314183e+00 3.052065e-01 1.328546e-01
35528: 1.679211e+00 1.568100e+00 1.311828e+00 3.082437e-01 1.326165e-01
35528: 1.679785e+00 1.567084e+00 1.311270e+00 3.094812e-01 1.323792e-01
35528: 1.678571e+00 1.567857e+00 1.310714e+00 3.107143e-01 1.321429e-01
35528: 1.677362e+00 1.570410e+00 1.310160e+00 3.101604e-01 1.319073e-01
35528: 1.677936e+00 1.571174e+00 1.309609e+00 3.096085e-01 1.316726e-01
35528: 1.678508e+00 1.570160e+00 1.310835e+00 3.090586e-01 1.314387e-01
35528: 1.679078e+00 1.570922e+00 1.310284e+00 3.085106e-01 1.312057e-01
35528: 1.677876e+00 1.569912e+00 1.313274e+00 3.079646e-01 1.309735e-01
35528: 1.681979e+00 1.568905e+00 1.310954e+00 3.074205e-01 1.307420e-01
35528: 1.680776e+00 1.571429e+00 1.310406e+00 3.068783e-01 1.305115e-01
35528: 1.681338e+00 1.570423e+00 1.311620e+00 3.063380e-01 1.302817e-01
35528: 1.681898e+00 1.571178e+00 1.311072e+00 3.057996e-01 1.300527e-01
35528: 1.678947e+00 1.570175e+00 1.314035e+00 3.070175e-01 1.298246e-01
35528: 1.677758e+00 1.570928e+00 1.315236e+00 3.064799e-01 1.295972e-01
35528: 1.678322e+00 1.571678e+00 1.314685e+00 3.059441e-01 1.293706e-01
35528: 1.677138e+00 1.568935e+00 1.319372e+00 3.054101e-01 1.291449e-01
35528: 1.679443e+00 1.567944e+00 1.317073e+00 3.066202e-01 1.289199e-01
35528: 1.681739e+00 1.568696e+00 1.314783e+00 3.060870e-01 1.286957e-01
35528: 1.680556e+00 1.567708e+00 1.314236e+00 3.072917e-01 1.302083e-01
35528: 1.681109e+00 1.570191e+00 1.311958e+00 3.067591e-01 1.299827e-01
35528: 1.679931e+00 1.569204e+00 1.314879e+00 3.062284e-01 1.297578e-01
35528: 1.680484e+00 1.569948e+00 1.314335e+00 3.056995e-01 1.295337e-01
35528: 1.681034e+00 1.568966e+00 1.313793e+00 3.051724e-01 1.310345e-01
35528: 1.681583e+00 1.569707e+00 1.313253e+00 3.046472e-01 1.308090e-01
35528: 1.678694e+00 1.568729e+00 1.314433e+00 3.058419e-01 1.323024e-01
35528: 1.677530e+00 1.567753e+00 1.315609e+00 3.070326e-01 1.320755e-01
35528: 1.676370e+00 1.570205e+00 1.315068e+00 3.065068e-01 1.318493e-01
35528: 1.676923e+00 1.567521e+00 1.316239e+00 3.076923e-01 1.316239e-01
35528: 1.677474e+00 1.568259e+00 1.315700e+00 3.071672e-01 1.313993e-01
35528: 1.676320e+00 1.568995e+00 1.315162e+00 3.083475e-01 1.311755e-01
35528: 1.675170e+00 1.569728e+00 1.316327e+00 3.078231e-01 1.309524e-01
35528: 1.677419e+00 1.568761e+00 1.315789e+00 3.073005e-01 1.307301e-01
35528: 1.676271e+00 1.571186e+00 1.315254e+00 3.067797e-01 1.305085e-01
35528: 1.678511e+00 1.570220e+00 1.314721e+00 3.062606e-01 1.302876e-01
35528: 1.679054e+00 1.570946e+00 1.314189e+00 3.057432e-01 1.300676e-01
35528: 1.676223e+00 1.571669e+00 1.317032e+00 3.052277e-01 1.298482e-01
35528: 1.675084e+00 1.574074e+00 1.316498e+00 3.047138e-01 1.296296e-01
35528: 1.675630e+00 1.573109e+00 1.315966e+00 3.058824e-01 1.294118e-01
35528: 1.674497e+00 1.573826e+00 1.315436e+00 3.070470e-01 1.291946e-01
35528: 1.675042e+00 1.571189e+00 1.318258e+00 3.065327e-01 1.289782e-01
35528: 1.673913e+00 1.573579e+00 1.317726e+00 3.060201e-01 1.287625e-01
35528: 1.674457e+00 1.570952e+00 1.318865e+00 3.071786e-01 1.285476e-01
35528: 1.673333e+00 1.571667e+00 1.320000e+00 3.066667e-01 1.283333e-01
35528: 1.675541e+00 1.570715e+00 1.319468e+00 3.061564e-01 1.281198e-01
35528: 1.676080e+00 1.569767e+00 1.320598e+00 3.056478e-01 1.279070e-01
35528: 1.676617e+00 1.572139e+00 1.318408e+00 3.051410e-01 1.276949e-01
35528: 1.675497e+00 1.571192e+00 1.321192e+00 3.046358e-01 1.274834e-01
35528: 1.674380e+00 1.570248e+00 1.322314e+00 3.057851e-01 1.272727e-01
35528: 1.676568e+00 1.569307e+00 1.321782e+00 3.052805e-01 1.270627e-01
35528: 1.673806e+00 1.571664e+00 1.322900e+00 3.047776e-01 1.268534e-01
35528: 1.674342e+00 1.569079e+00 1.324013e+00 3.059211e-01 1.266447e-01
35528: 1.674877e+00 1.569787e+00 1.321839e+00 3.070608e-01 1.264368e-01
35528: 1.673770e+00 1.570492e+00 1.321311e+00 3.081967e-01 1.262295e-01
35528: 1.672668e+00 1.567921e+00 1.324059e+00 3.093290e-01 1.260229e-01
35528: 1.673203e+00 1.568627e+00 1.323529e+00 3.088235e-01 1.258170e-01
35528: 1.670473e+00 1.567700e+00 1.327896e+00 3.083197e-01 1.256117e-01
35528: 1.669381e+00 1.568404e+00 1.325733e+00 3.110749e-01 1.254072e-01
35528: 1.671545e+00 1.567480e+00 1.325203e+00 3.105691e-01 1.252033e-01
35528: 1.670455e+00 1.569805e+00 1.323052e+00 3.100649e-01 1.266234e-01
35528: 1.669368e+00 1.573744e+00 1.320908e+00 3.095624e-01 1.264182e-01
35528: 1.671521e+00 1.571197e+00 1.322006e+00 3.090615e-01 1.262136e-01
35528: 1.672052e+00 1.571890e+00 1.321486e+00 3.085622e-01 1.260097e-01
35528: 1.672581e+00 1.569355e+00 1.322581e+00 3.080645e-01 1.274194e-01
35528: 1.671498e+00 1.573269e+00 1.320451e+00 3.075684e-01 1.272142e-01
35528: 1.672026e+00 1.572347e+00 1.321543e+00 3.070740e-01 1.270096e-01
35528: 1.672552e+00 1.571429e+00 1.321027e+00 3.081862e-01 1.268058e-01
35528: 1.671474e+00 1.572115e+00 1.320513e+00 3.092949e-01 1.266026e-01
35528: 1.672000e+00 1.571200e+00 1.321600e+00 3.088000e-01 1.264000e-01
35528: 1.670927e+00 1.571885e+00 1.322684e+00 3.083067e-01 1.261981e-01
35528: 1.669856e+00 1.572568e+00 1.323764e+00 3.078150e-01 1.259968e-01
35528: 1.671975e+00 1.570064e+00 1.324841e+00 3.073248e-01 1.257962e-01
35528: 1.674086e+00 1.569157e+00 1.324324e+00 3.068362e-01 1.255962e-01
35528: 1.673016e+00 1.571429e+00 1.322222e+00 3.079365e-01 1.253968e-01
35528: 1.673534e+00 1.570523e+00 1.323296e+00 3.074485e-01 1.251981e-01
35528: 1.672468e+00 1.571203e+00 1.324367e+00 3.069620e-01 1.250000e-01
35528: 1.672986e+00 1.570300e+00 1.325434e+00 3.064771e-01 1.248025e-01
35528: 1.671924e+00 1.570978e+00 1.326498e+00 3.059937e-01 1.246057e-01
35528: 1.674016e+00 1.568504e+00 1.325984e+00 3.070866e-01 1.244094e-01
35528: 1.672956e+00 1.570755e+00 1.323899e+00 3.066038e-01 1.257862e-01
35528: 1.675039e+00 1.569859e+00 1.323391e+00 3.061224e-01 1.255887e-01
35528: 1.673981e+00 1.572100e+00 1.321317e+00 3.072100e-01 1.253918e-01
35528: 1.674491e+00 1.571205e+00 1.320814e+00 3.067293e-01 1.267606e-01
35528: 1.673437e+00 1.571875e+00 1.321875e+00 3.062500e-01 1.265625e-01
35528: 1.673947e+00 1.569423e+00 1.322933e+00 3.073323e-01 1.263651e-01
35528: 1.672897e+00 1.570093e+00 1.323988e+00 3.068536e-01 1.261682e-01
35528: 1.673406e+00 1.569207e+00 1.325039e+00 3.063764e-01 1.259720e-01
35528: 1.673913e+00 1.569876e+00 1.324534e+00 3.059006e-01 1.257764e-01
35528: 1.671318e+00 1.570543e+00 1.325581e+00 3.069767e-01 1.255814e-01
35528: 1.671827e+00 1.568111e+00 1.328173e+00 3.065015e-01 1.253870e-01
35528: 1.672334e+00 1.568779e+00 1.326121e+00 3.075734e-01 1.251932e-01
35528: 1.672840e+00 1.567901e+00 1.325617e+00 3.086420e-01 1.250000e-01
35528: 1.673344e+00 1.568567e+00 1.323575e+00 3.097072e-01 1.248074e-01
35528: 1.672308e+00 1.569231e+00 1.324615e+00 3.092308e-01 1.246154e-01
35528: 1.672811e+00 1.569892e+00 1.324117e+00 3.087558e-01 1.244240e-01
35528: 1.670245e+00 1.572086e+00 1.325153e+00 3.082822e-01 1.242331e-01
35528: 1.672282e+00 1.569678e+00 1.324655e+00 3.093415e-01 1.240429e-01
35528: 1.669725e+00 1.573394e+00 1.324159e+00 3.088685e-01 1.238532e-01
35528: 1.670229e+00 1.572519e+00 1.325191e+00 3.083969e-01 1.236641e-01
35528: 1.669207e+00 1.573171e+00 1.326220e+00 3.079268e-01 1.234756e-01
35528: 1.669711e+00 1.570776e+00 1.328767e+00 3.074581e-01 1.232877e-01
35528: 1.668693e+00 1.569909e+00 1.329787e+00 3.085106e-01 1.231003e-01
35528: 1.669196e+00 1.570561e+00 1.329287e+00 3.080425e-01 1.229135e-01
35528: 1.669697e+00 1.569697e+00 1.330303e+00 3.075758e-01 1.227273e-01
35528: 1.668684e+00 1.571861e+00 1.328290e+00 3.071104e-01 1.240545e-01
35528: 1.667674e+00 1.569486e+00 1.329305e+00 3.096677e-01 1.238671e-01
35528: 1.668175e+00 1.570136e+00 1.328808e+00 3.092006e-01 1.236802e-01
35528: 1.668675e+00 1.569277e+00 1.329819e+00 3.087349e-01 1.234940e-01
35528: 1.669173e+00 1.571429e+00 1.327820e+00 3.082707e-01 1.233083e-01
35528: 1.669670e+00 1.569069e+00 1.328829e+00 3.078078e-01 1.246246e-01
35528: 1.668666e+00 1.571214e+00 1.326837e+00 3.088456e-01 1.244378e-01
35528: 1.670659e+00 1.568862e+00 1.326347e+00 3.083832e-01 1.257485e-01
35528: 1.669656e+00 1.571001e+00 1.324365e+00 3.079223e-01 1.270553e-01
35528: 1.670149e+00 1.568657e+00 1.325373e+00 3.074627e-01 1.283582e-01
35528: 1.669151e+00 1.569300e+00 1.326379e+00 3.070045e-01 1.281669e-01
35528: 1.669643e+00 1.569940e+00 1.325893e+00 3.065476e-01 1.279762e-01
35528: 1.668648e+00 1.570579e+00 1.326895e+00 3.060921e-01 1.277860e-01
35528: 1.670623e+00 1.569733e+00 1.326409e+00 3.056380e-01 1.275964e-01
35528: 1.669630e+00 1.570370e+00 1.327407e+00 3.051852e-01 1.274074e-01
35528: 1.671598e+00 1.569527e+00 1.326923e+00 3.047337e-01 1.272189e-01
35528: 1.672083e+00 1.570162e+00 1.326440e+00 3.042836e-01 1.270310e-01
35528: 1.669617e+00 1.570796e+00 1.327434e+00 3.053097e-01 1.268437e-01
35528: 1.670103e+00 1.568483e+00 1.328424e+00 3.048601e-01 1.281296e-01
35528: 1.672059e+00 1.569118e+00 1.326471e+00 3.044118e-01 1.279412e-01
35528: 1.672540e+00 1.568282e+00 1.327460e+00 3.039648e-01 1.277533e-01
35528: 1.671554e+00 1.568915e+00 1.328446e+00 3.035191e-01 1.275660e-01
35528: 1.672035e+00 1.568082e+00 1.327965e+00 3.045388e-01 1.273792e-01
35528: 1.672515e+00 1.570175e+00 1.326023e+00 3.040936e-01 1.271930e-01
35528: 1.671533e+00 1.570803e+00 1.327007e+00 3.036496e-01 1.270073e-01
35528: 1.674927e+00 1.568513e+00 1.326531e+00 3.032070e-01 1.268222e-01
35528: 1.675400e+00 1.570597e+00 1.324600e+00 3.027656e-01 1.266376e-01
35528: 1.674419e+00 1.569767e+00 1.325581e+00 3.023256e-01 1.279070e-01
35528: 1.676343e+00 1.568940e+00 1.323657e+00 3.033382e-01 1.277213e-01
35528: 1.676812e+00 1.569565e+00 1.321739e+00 3.043478e-01 1.275362e-01
35528: 1.674385e+00 1.570188e+00 1.322721e+00 3.039074e-01 1.287988e-01
35528: 1.674855e+00 1.569364e+00 1.322254e+00 3.034682e-01 1.300578e-01
35528: 1.673882e+00 1.569986e+00 1.323232e+00 3.030303e-01 1.298701e-01
35528: 1.672911e+00 1.572046e+00 1.322767e+00 3.025937e-01 1.296830e-01
35528: 1.673381e+00 1.569784e+00 1.323741e+00 3.035971e-01 1.294964e-01
35528: 1.670977e+00 1.571839e+00 1.323276e+00 3.031609e-01 1.307471e-01
35528: 1.671449e+00 1.571019e+00 1.322812e+00 3.041607e-01 1.305595e-01
35528: 1.670487e+00 1.571633e+00 1.323782e+00 3.037249e-01 1.303725e-01
35528: 1.672389e+00 1.569385e+00 1.324750e+00 3.032904e-01 1.301860e-01
35528: 1.670000e+00 1.570000e+00 1.325714e+00 3.042857e-01 1.300000e-01
35528: 1.670471e+00 1.567760e+00 1.328103e+00 3.038516e-01 1.298146e-01
35528: 1.669516e+00 1.568376e+00 1.327635e+00 3.034188e-01 1.310541e-01
35528: 1.671408e+00 1.568990e+00 1.325747e+00 3.029872e-01 1.308677e-01
35528: 1.669034e+00 1.569602e+00 1.326705e+00 3.039773e-01 1.306818e-01
35528: 1.669504e+00 1.568794e+00 1.327660e+00 3.035461e-01 1.304965e-01
35528: 1.668555e+00 1.570822e+00 1.325779e+00 3.045326e-01 1.303116e-01
35528: 1.670438e+00 1.568600e+00 1.326733e+00 3.041018e-01 1.301273e-01
35528: 1.670904e+00 1.569209e+00 1.326271e+00 3.036723e-01 1.299435e-01
35528: 1.669958e+00 1.569817e+00 1.327221e+00 3.032440e-01 1.297602e-01
35528: 1.670423e+00 1.571831e+00 1.325352e+00 3.028169e-01 1.295775e-01
35528: 1.669480e+00 1.572433e+00 1.326301e+00 3.023910e-01 1.293952e-01
35528: 1.671348e+00 1.570225e+00 1.327247e+00 3.019663e-01 1.292135e-01
35528: 1.670407e+00 1.570827e+00 1.328191e+00 3.015428e-01 1.290323e-01
35528: 1.669468e+00 1.570028e+00 1.329132e+00 3.025210e-01 1.288515e-01
35528: 1.669930e+00 1.569231e+00 1.328671e+00 3.034965e-01 1.286713e-01
35528: 1.667598e+00 1.569832e+00 1.331006e+00 3.030726e-01 1.284916e-01
35528: 1.666667e+00 1.570432e+00 1.329149e+00 3.054393e-01 1.283124e-01
35528: 1.665738e+00 1.569638e+00 1.328691e+00 3.077994e-01 1.281337e-01
35528: 1.667594e+00 1.568846e+00 1.326843e+00 3.087622e-01 1.279555e-01
35528: 1.668056e+00 1.570833e+00 1.325000e+00 3.083333e-01 1.277778e-01
35528: 1.667129e+00 1.570042e+00 1.327323e+00 3.079057e-01 1.276006e-01
35528: 1.668975e+00 1.569252e+00 1.326870e+00 3.074792e-01 1.274238e-01
35528: 1.666667e+00 1.571231e+00 1.325035e+00 3.084371e-01 1.286307e-01
35528: 1.665746e+00 1.569061e+00 1.325967e+00 3.107735e-01 1.284530e-01
35528: 1.667586e+00 1.568276e+00 1.324138e+00 3.117241e-01 1.282759e-01
35528: 1.669421e+00 1.568871e+00 1.322314e+00 3.112948e-01 1.280992e-01
35528: 1.667125e+00 1.569464e+00 1.323246e+00 3.108666e-01 1.292985e-01
35528: 1.668956e+00 1.568681e+00 1.322802e+00 3.104396e-01 1.291209e-01
35528: 1.669410e+00 1.569273e+00 1.320988e+00 3.113855e-01 1.289438e-01
35528: 1.667123e+00 1.569863e+00 1.321918e+00 3.109589e-01 1.301370e-01
35528: 1.667579e+00 1.569083e+00 1.321477e+00 3.119015e-01 1.299590e-01
35528: 1.668033e+00 1.569672e+00 1.321038e+00 3.114754e-01 1.297814e-01
35528: 1.668486e+00 1.568895e+00 1.320600e+00 3.124147e-01 1.296044e-01
35528: 1.668937e+00 1.569482e+00 1.320163e+00 3.119891e-01 1.294278e-01
35528: 1.669388e+00 1.570068e+00 1.319728e+00 3.115646e-01 1.292517e-01
35528: 1.667120e+00 1.570652e+00 1.322011e+00 3.111413e-01 1.290761e-01
35528: 1.668928e+00 1.569878e+00 1.321574e+00 3.107191e-01 1.289009e-01
35528: 1.668022e+00 1.570461e+00 1.319783e+00 3.116531e-01 1.300813e-01
35528: 1.668471e+00 1.569689e+00 1.320704e+00 3.112314e-01 1.299053e-01
35528: 1.666216e+00 1.574324e+00 1.318919e+00 3.108108e-01 1.297297e-01
35528: 1.668016e+00 1.572200e+00 1.319838e+00 3.103914e-01 1.295547e-01
35528: 1.667116e+00 1.571429e+00 1.319407e+00 3.126685e-01 1.293801e-01
35528: 1.667564e+00 1.570659e+00 1.320323e+00 3.122476e-01 1.292059e-01
35528: 1.666667e+00 1.569892e+00 1.321237e+00 3.118280e-01 1.303763e-01
35528: 1.665772e+00 1.571812e+00 1.320805e+00 3.114094e-01 1.302013e-01
35528: 1.667560e+00 1.569705e+00 1.321716e+00 3.109920e-01 1.300268e-01
35528: 1.668005e+00 1.570281e+00 1.319946e+00 3.119143e-01 1.298527e-01
35528: 1.665775e+00 1.569519e+00 1.323529e+00 3.114973e-01 1.296791e-01
35528: 1.666222e+00 1.568758e+00 1.323097e+00 3.124166e-01 1.295060e-01
35528: 1.666667e+00 1.570667e+00 1.321333e+00 3.120000e-01 1.293333e-01
35528: 1.665779e+00 1.569907e+00 1.323569e+00 3.115846e-01 1.291611e-01
35528: 1.666223e+00 1.570479e+00 1.323138e+00 3.111702e-01 1.289894e-01
35528: 1.666667e+00 1.569721e+00 1.324037e+00 3.107570e-01 1.288181e-01
35528: 1.664456e+00 1.572944e+00 1.323607e+00 3.103448e-01 1.286472e-01
35528: 1.666225e+00 1.570861e+00 1.323179e+00 3.099338e-01 1.298013e-01
35528: 1.664021e+00 1.571429e+00 1.325397e+00 3.095238e-01 1.296296e-01
35528: 1.664465e+00 1.570674e+00 1.324967e+00 3.104359e-01 1.294584e-01
35528: 1.662269e+00 1.572559e+00 1.325858e+00 3.100264e-01 1.292876e-01
35528: 1.664032e+00 1.570487e+00 1.326746e+00 3.096179e-01 1.291173e-01
35528: 1.664474e+00 1.571053e+00 1.326316e+00 3.092105e-01 1.289474e-01
35528: 1.662286e+00 1.570302e+00 1.329829e+00 3.088042e-01 1.287779e-01
35528: 1.661417e+00 1.569554e+00 1.330709e+00 3.097113e-01 1.286089e-01
35528: 1.661861e+00 1.568807e+00 1.331586e+00 3.093054e-01 1.284404e-01
35528: 1.660995e+00 1.570681e+00 1.331152e+00 3.089005e-01 1.282723e-01
35528: 1.660131e+00 1.571242e+00 1.332026e+00 3.084967e-01 1.281046e-01
35528: 1.660574e+00 1.569191e+00 1.331593e+00 3.107050e-01 1.279373e-01
35528: 1.659713e+00 1.569752e+00 1.331160e+00 3.102999e-01 1.290743e-01
35528: 1.660156e+00 1.569010e+00 1.330729e+00 3.098958e-01 1.302083e-01
35528: 1.659298e+00 1.569571e+00 1.330299e+00 3.107932e-01 1.300390e-01
35528: 1.661039e+00 1.570130e+00 1.328571e+00 3.103896e-01 1.298701e-01
35528: 1.660182e+00 1.568093e+00 1.330739e+00 3.112840e-01 1.297017e-01
35528: 1.660622e+00 1.567358e+00 1.331606e+00 3.108808e-01 1.295337e-01
35528: 1.658473e+00 1.569211e+00 1.331177e+00 3.104787e-01 1.306598e-01
35528: 1.661499e+00 1.568475e+00 1.329457e+00 3.100775e-01 1.304910e-01
35528: 1.660645e+00 1.569032e+00 1.330323e+00 3.096774e-01 1.303226e-01
35528: 1.659794e+00 1.572165e+00 1.328608e+00 3.092784e-01 1.301546e-01
35528: 1.658945e+00 1.571429e+00 1.329472e+00 3.088803e-01 1.312741e-01
35528: 1.660668e+00 1.569409e+00 1.329049e+00 3.097686e-01 1.311054e-01
35528: 1.662388e+00 1.569961e+00 1.327343e+00 3.093710e-01 1.309371e-01
35528: 1.661538e+00 1.569231e+00 1.329487e+00 3.089744e-01 1.307692e-01
35528: 1.661972e+00 1.569782e+00 1.329065e+00 3.085787e-01 1.306018e-01
35528: 1.662404e+00 1.569054e+00 1.328645e+00 3.094629e-01 1.304348e-01
35528: 1.661558e+00 1.569604e+00 1.326948e+00 3.116220e-01 1.302682e-01
35528: 1.661990e+00 1.570153e+00 1.326531e+00 3.112245e-01 1.301020e-01
35528: 1.662420e+00 1.569427e+00 1.327389e+00 3.108280e-01 1.299363e-01
35528: 1.662850e+00 1.571247e+00 1.325700e+00 3.104326e-01 1.297710e-01
35528: 1.663278e+00 1.569250e+00 1.327827e+00 3.100381e-01 1.296061e-01
35528: 1.662437e+00 1.569797e+00 1.328680e+00 3.096447e-01 1.294416e-01
35528: 1.661597e+00 1.569075e+00 1.330798e+00 3.092522e-01 1.292776e-01
35528: 1.662025e+00 1.569620e+00 1.330380e+00 3.088608e-01 1.291139e-01
35528: 1.663717e+00 1.568900e+00 1.329962e+00 3.084703e-01 1.289507e-01
35528: 1.661616e+00 1.571970e+00 1.329545e+00 3.080808e-01 1.287879e-01
35528: 1.662043e+00 1.571248e+00 1.329130e+00 3.089533e-01 1.286255e-01
35528: 1.659950e+00 1.571788e+00 1.328715e+00 3.110831e-01 1.284635e-01
35528: 1.660377e+00 1.571069e+00 1.328302e+00 3.119497e-01 1.283019e-01
35528: 1.659548e+00 1.570352e+00 1.327889e+00 3.128141e-01 1.293970e-01
35528: 1.659975e+00 1.568381e+00 1.327478e+00 3.136763e-01 1.304893e-01
35528: 1.659148e+00 1.568922e+00 1.325815e+00 3.132832e-01 1.328321e-01
35528: 1.659574e+00 1.568210e+00 1.325407e+00 3.141427e-01 1.326658e-01
35528: 1.657500e+00 1.570000e+00 1.326250e+00 3.137500e-01 1.325000e-01
35528: 1.659176e+00 1.569288e+00 1.325843e+00 3.133583e-01 1.323346e-01
35528: 1.657107e+00 1.569825e+00 1.326683e+00 3.129676e-01 1.334165e-01
35528: 1.657534e+00 1.570361e+00 1.326276e+00 3.125778e-01 1.332503e-01
35528: 1.659204e+00 1.568408e+00 1.327114e+00 3.121891e-01 1.330846e-01
35528: 1.658385e+00 1.571429e+00 1.325466e+00 3.118012e-01 1.329193e-01
35528: 1.661290e+00 1.569479e+00 1.325062e+00 3.114144e-01 1.327543e-01
35528: 1.661710e+00 1.571252e+00 1.323420e+00 3.110285e-01 1.325898e-01
35528: 1.660891e+00 1.569307e+00 1.325495e+00 3.118812e-01 1.324257e-01
35528: 1.661310e+00 1.571075e+00 1.323857e+00 3.114957e-01 1.322621e-01
35528: 1.661728e+00 1.569136e+00 1.325926e+00 3.111111e-01 1.320988e-01
35528: 1.662145e+00 1.569667e+00 1.324291e+00 3.107275e-01 1.331689e-01
35528: 1.661330e+00 1.568966e+00 1.325123e+00 3.115764e-01 1.330049e-01
35528: 1.662977e+00 1.569496e+00 1.323493e+00 3.111931e-01 1.328413e-01
35528: 1.660934e+00 1.571253e+00 1.324324e+00 3.108108e-01 1.326781e-01
35528: 1.661350e+00 1.570552e+00 1.325153e+00 3.104294e-01 1.325153e-01
35528: 1.660539e+00 1.571078e+00 1.324755e+00 3.112745e-01 1.323529e-01
35528: 1.662179e+00 1.569155e+00 1.325581e+00 3.108935e-01 1.321909e-01
35528: 1.661369e+00 1.569682e+00 1.325183e+00 3.117359e-01 1.320293e-01
35528: 1.661783e+00 1.570208e+00 1.323565e+00 3.125763e-01 1.318681e-01
35528: 1.660976e+00 1.568293e+00 1.324390e+00 3.146341e-01 1.317073e-01
35528: 1.663825e+00 1.567600e+00 1.322777e+00 3.142509e-01 1.315469e-01
35528: 1.664234e+00 1.568127e+00 1.322384e+00 3.138686e-01 1.313869e-01
35528: 1.662211e+00 1.568651e+00 1.323208e+00 3.147023e-01 1.312272e-01
35528: 1.663835e+00 1.567961e+00 1.322816e+00 3.143204e-01 1.310680e-01
35528: 1.661818e+00 1.570909e+00 1.321212e+00 3.151515e-01 1.309091e-01
35528: 1.662228e+00 1.569007e+00 1.323245e+00 3.147700e-01 1.307506e-01
35528: 1.662636e+00 1.570738e+00 1.321644e+00 3.143894e-01 1.305925e-01
35528: 1.661836e+00 1.568841e+00 1.322464e+00 3.164251e-01 1.304348e-01
35528: 1.662244e+00 1.570567e+00 1.320869e+00 3.160434e-01 1.302774e-01
35528: 1.661446e+00 1.569880e+00 1.322892e+00 3.156627e-01 1.301205e-01
35528: 1.661853e+00 1.569194e+00 1.322503e+00 3.152828e-01 1.311673e-01
35528: 1.661058e+00 1.569712e+00 1.322115e+00 3.161058e-01 1.310096e-01
35528: 1.662665e+00 1.570228e+00 1.320528e+00 3.157263e-01 1.308523e-01
35528: 1.660671e+00 1.569544e+00 1.322542e+00 3.165468e-01 1.306954e-01
35528: 1.659880e+00 1.570060e+00 1.322156e+00 3.173653e-01 1.305389e-01
35528: 1.661483e+00 1.568182e+00 1.322967e+00 3.169856e-01 1.303828e-01
35528: 1.660693e+00 1.568698e+00 1.322581e+00 3.178017e-01 1.302270e-01
35528: 1.662291e+00 1.568019e+00 1.322196e+00 3.174224e-01 1.300716e-01
35528: 1.661502e+00 1.569726e+00 1.321812e+00 3.170441e-01 1.299166e-01
35528: 1.661905e+00 1.571429e+00 1.320238e+00 3.166667e-01 1.297619e-01
35528: 1.661118e+00 1.570749e+00 1.322235e+00 3.162901e-01 1.296076e-01
35528: 1.662708e+00 1.570071e+00 1.321853e+00 3.159145e-01 1.294537e-01
35528: 1.663108e+00 1.569395e+00 1.322657e+00 3.155397e-01 1.293001e-01
35528: 1.663507e+00 1.569905e+00 1.322275e+00 3.151659e-01 1.291469e-01
35528: 1.662722e+00 1.569231e+00 1.324260e+00 3.147929e-01 1.289941e-01
35528: 1.663121e+00 1.570922e+00 1.322695e+00 3.144208e-01 1.288416e-01
35528: 1.661157e+00 1.571429e+00 1.324675e+00 3.140496e-01 1.286895e-01
35528: 1.661557e+00 1.569575e+00 1.325472e+00 3.136792e-01 1.297170e-01
35528: 1.660777e+00 1.570082e+00 1.325088e+00 3.144876e-01 1.295642e-01
35528: 1.662353e+00 1.568235e+00 1.324706e+00 3.141176e-01 1.305882e-01
35528: 1.662750e+00 1.568743e+00 1.323149e+00 3.149236e-01 1.304348e-01
35528: 1.661972e+00 1.570423e+00 1.322770e+00 3.145540e-01 1.302817e-01
35528: 1.662368e+00 1.569754e+00 1.323564e+00 3.141852e-01 1.301290e-01
35528: 1.662763e+00 1.570258e+00 1.323185e+00 3.138173e-01 1.299766e-01
35528: 1.663158e+00 1.568421e+00 1.323977e+00 3.146199e-01 1.298246e-01
35528: 1.662383e+00 1.568925e+00 1.324766e+00 3.142523e-01 1.296729e-01
35528: 1.663944e+00 1.568261e+00 1.324387e+00 3.138856e-01 1.295216e-01
35528: 1.663170e+00 1.571096e+00 1.322844e+00 3.135198e-01 1.293706e-01
35528: 1.663562e+00 1.569267e+00 1.322468e+00 3.154831e-01 1.292200e-01
35528: 1.662791e+00 1.570930e+00 1.322093e+00 3.151163e-01 1.290698e-01
35528: 1.663182e+00 1.570267e+00 1.321719e+00 3.159117e-01 1.289199e-01
35528: 1.661253e+00 1.570766e+00 1.323666e+00 3.155452e-01 1.287703e-01
35528: 1.661645e+00 1.568946e+00 1.325608e+00 3.151796e-01 1.286211e-01
35528: 1.660880e+00 1.569444e+00 1.326389e+00 3.148148e-01 1.284722e-01
35528: 1.660116e+00 1.569942e+00 1.324855e+00 3.156069e-01 1.294798e-01
35528: 1.660508e+00 1.569284e+00 1.325635e+00 3.152425e-01 1.293303e-01
35528: 1.658593e+00 1.573241e+00 1.324106e+00 3.148789e-01 1.291811e-01
35528: 1.660138e+00 1.571429e+00 1.323733e+00 3.145161e-01 1.301843e-01
35528: 1.659379e+00 1.571922e+00 1.324511e+00 3.141542e-01 1.300345e-01
35528: 1.659770e+00 1.572414e+00 1.324138e+00 3.137931e-01 1.298851e-01
35528: 1.659013e+00 1.571757e+00 1.324914e+00 3.145809e-01 1.297359e-01
35528: 1.660550e+00 1.571101e+00 1.324541e+00 3.142202e-01 1.295872e-01
35528: 1.662085e+00 1.570447e+00 1.324170e+00 3.138603e-01 1.294387e-01
35528: 1.662471e+00 1.570938e+00 1.323799e+00 3.135011e-01 1.292906e-01
35528: 1.660571e+00 1.571429e+00 1.324571e+00 3.131429e-01 1.302857e-01
35528: 1.662100e+00 1.569635e+00 1.325342e+00 3.127854e-01 1.301370e-01
35528: 1.661345e+00 1.570125e+00 1.326112e+00 3.124287e-01 1.299886e-01
35528: 1.662870e+00 1.569476e+00 1.325740e+00 3.120729e-01 1.298405e-01
35528: 1.662116e+00 1.572241e+00 1.324232e+00 3.117179e-01 1.296928e-01
35528: 1.662500e+00 1.571591e+00 1.325000e+00 3.113636e-01 1.295455e-01
35528: 1.662883e+00 1.570942e+00 1.325766e+00 3.110102e-01 1.293984e-01
35528: 1.662132e+00 1.571429e+00 1.325397e+00 3.117914e-01 1.292517e-01
35528: 1.662514e+00 1.569649e+00 1.325028e+00 3.125708e-01 1.302378e-01
35528: 1.664027e+00 1.570136e+00 1.323529e+00 3.122172e-01 1.300905e-01
35528: 1.664407e+00 1.569492e+00 1.324294e+00 3.118644e-01 1.299435e-01
35528: 1.663657e+00 1.572235e+00 1.322799e+00 3.115124e-01 1.297968e-01
35528: 1.665163e+00 1.570462e+00 1.322435e+00 3.122886e-01 1.296505e-01
35528: 1.663288e+00 1.572072e+00 1.323198e+00 3.119369e-01 1.295045e-01
35528: 1.664792e+00 1.570304e+00 1.323960e+00 3.115861e-01 1.293588e-01
35528: 1.664045e+00 1.570787e+00 1.323596e+00 3.123596e-01 1.292135e-01
35528: 1.663300e+00 1.569024e+00 1.325477e+00 3.131313e-01 1.290685e-01
35528: 1.662556e+00 1.570628e+00 1.323991e+00 3.139013e-01 1.289238e-01
35528: 1.664054e+00 1.568869e+00 1.323628e+00 3.146697e-01 1.287794e-01
35528: 1.663311e+00 1.570470e+00 1.323266e+00 3.143177e-01 1.286353e-01
35528: 1.663687e+00 1.568715e+00 1.324022e+00 3.139665e-01 1.296089e-01
35528: 1.662946e+00 1.569196e+00 1.323661e+00 3.136161e-01 1.305804e-01
35528: 1.664437e+00 1.568562e+00 1.323300e+00 3.132664e-01 1.304348e-01
35528: 1.662584e+00 1.570156e+00 1.324053e+00 3.129176e-01 1.302895e-01
35528: 1.664071e+00 1.568409e+00 1.324805e+00 3.125695e-01 1.301446e-01
35528: 1.663333e+00 1.570000e+00 1.324444e+00 3.122222e-01 1.300000e-01
35528: 1.664817e+00 1.568257e+00 1.325194e+00 3.118757e-01 1.298557e-01
35528: 1.665188e+00 1.569845e+00 1.323725e+00 3.115299e-01 1.297118e-01
35528: 1.664452e+00 1.570321e+00 1.324474e+00 3.111849e-01 1.295681e-01
35528: 1.664823e+00 1.568584e+00 1.325221e+00 3.119469e-01 1.294248e-01
35528: 1.662983e+00 1.570166e+00 1.324862e+00 3.116022e-01 1.303867e-01
35528: 1.662252e+00 1.569536e+00 1.325607e+00 3.112583e-01 1.313466e-01
35528: 1.662624e+00 1.570011e+00 1.324146e+00 3.109151e-01 1.323043e-01
35528: 1.662996e+00 1.569383e+00 1.324890e+00 3.105727e-01 1.321586e-01
35528: 1.663366e+00 1.570957e+00 1.323432e+00 3.102310e-01 1.320132e-01
35528: 1.662637e+00 1.570330e+00 1.324176e+00 3.109890e-01 1.318681e-01
35528: 1.664105e+00 1.569704e+00 1.323820e+00 3.106476e-01 1.317234e-01
35528: 1.662281e+00 1.572368e+00 1.323465e+00 3.103070e-01 1.315789e-01
35528: 1.663746e+00 1.570646e+00 1.324206e+00 3.099671e-01 1.314348e-01
35528: 1.664114e+00 1.571116e+00 1.323851e+00 3.096280e-01 1.312910e-01
35528: 1.662295e+00 1.570492e+00 1.326776e+00 3.092896e-01 1.311475e-01
35528: 1.663755e+00 1.568777e+00 1.327511e+00 3.089520e-01 1.310044e-01
35528: 1.663032e+00 1.570338e+00 1.327154e+00 3.086150e-01 1.308615e-01
35528: 1.663399e+00 1.568627e+00 1.327887e+00 3.082789e-01 1.318083e-01
35528: 1.663765e+00 1.569097e+00 1.327530e+00 3.079434e-01 1.316649e-01
35528: 1.663043e+00 1.569565e+00 1.328261e+00 3.076087e-01 1.315217e-01
35528: 1.662324e+00 1.568947e+00 1.330076e+00 3.072747e-01 1.313789e-01
35528: 1.662690e+00 1.570499e+00 1.328633e+00 3.069414e-01 1.312364e-01
35528: 1.660888e+00 1.569881e+00 1.330444e+00 3.066089e-01 1.321777e-01
35528: 1.660173e+00 1.571429e+00 1.329004e+00 3.073593e-01 1.320346e-01
35528: 1.660541e+00 1.569730e+00 1.328649e+00 3.081081e-01 1.329730e-01
35528: 1.659827e+00 1.570194e+00 1.329374e+00 3.077754e-01 1.328294e-01
35528: 1.660194e+00 1.570658e+00 1.329018e+00 3.074434e-01 1.326861e-01
35528: 1.659483e+00 1.570043e+00 1.330819e+00 3.071121e-01 1.325431e-01
35528: 1.659849e+00 1.568353e+00 1.332616e+00 3.067815e-01 1.324004e-01
35528: 1.659140e+00 1.569892e+00 1.331183e+00 3.075269e-01 1.322581e-01
35528: 1.658432e+00 1.571429e+00 1.330827e+00 3.071966e-01 1.321160e-01
35528: 1.658798e+00 1.569742e+00 1.331545e+00 3.079399e-01 1.319742e-01
35528: 1.659164e+00 1.571275e+00 1.330118e+00 3.076099e-01 1.318328e-01
35528: 1.659529e+00 1.569593e+00 1.330835e+00 3.083512e-01 1.316916e-01
35528: 1.660963e+00 1.570053e+00 1.329412e+00 3.080214e-01 1.315508e-01
35528: 1.661325e+00 1.569444e+00 1.330128e+00 3.076923e-01 1.314103e-01
35528: 1.660619e+00 1.570971e+00 1.329776e+00 3.073639e-01 1.312700e-01
35528: 1.660981e+00 1.571429e+00 1.329424e+00 3.070362e-01 1.311301e-01
35528: 1.660277e+00 1.570820e+00 1.330138e+00 3.067093e-01 1.320554e-01
35528: 1.660638e+00 1.571277e+00 1.329787e+00 3.063830e-01 1.319149e-01
35528: 1.660999e+00 1.570670e+00 1.330499e+00 3.060574e-01 1.317747e-01
35528: 1.660297e+00 1.570064e+00 1.331210e+00 3.057325e-01 1.326964e-01
35528: 1.659597e+00 1.569459e+00 1.332980e+00 3.054083e-01 1.325557e-01
35528: 1.659958e+00 1.569915e+00 1.331568e+00 3.050847e-01 1.334746e-01
35528: 1.661376e+00 1.569312e+00 1.331217e+00 3.047619e-01 1.333333e-01
35528: 1.661734e+00 1.569767e+00 1.329810e+00 3.044397e-01 1.342495e-01
35528: 1.663147e+00 1.569166e+00 1.329461e+00 3.041183e-01 1.341077e-01
35528: 1.664557e+00 1.569620e+00 1.328059e+00 3.037975e-01 1.339662e-01
35528: 1.663857e+00 1.569020e+00 1.329821e+00 3.034773e-01 1.338251e-01
35528: 1.664211e+00 1.569474e+00 1.328421e+00 3.042105e-01 1.336842e-01
35528: 1.664564e+00 1.568875e+00 1.328076e+00 3.038906e-01 1.345952e-01
35528: 1.664916e+00 1.569328e+00 1.327731e+00 3.035714e-01 1.344538e-01
35528: 1.663169e+00 1.569780e+00 1.327387e+00 3.043022e-01 1.353620e-01
35528: 1.664570e+00 1.570231e+00 1.325996e+00 3.039832e-01 1.352201e-01
35528: 1.664921e+00 1.568586e+00 1.326702e+00 3.047120e-01 1.350785e-01
35528: 1.664226e+00 1.570084e+00 1.325314e+00 3.054393e-01 1.349372e-01
35528: 1.665622e+00 1.568443e+00 1.326019e+00 3.051202e-01 1.347962e-01
35528: 1.663883e+00 1.569937e+00 1.326722e+00 3.048017e-01 1.346555e-01
35528: 1.665276e+00 1.570386e+00 1.325339e+00 3.044838e-01 1.345151e-01
35528: 1.664583e+00 1.569792e+00 1.327083e+00 3.041667e-01 1.343750e-01
35528: 1.663892e+00 1.569199e+00 1.326743e+00 3.048907e-01 1.352758e-01
35528: 1.664241e+00 1.570686e+00 1.325364e+00 3.045738e-01 1.351351e-01
35528: 1.662513e+00 1.570093e+00 1.328141e+00 3.042575e-01 1.349948e-01
35528: 1.663900e+00 1.568465e+00 1.328838e+00 3.039419e-01 1.348548e-01
35528: 1.664249e+00 1.568912e+00 1.327461e+00 3.046632e-01 1.347150e-01
35528: 1.662526e+00 1.570393e+00 1.328157e+00 3.043478e-01 1.345756e-01
35528: 1.663909e+00 1.568769e+00 1.328852e+00 3.040331e-01 1.344364e-01
35528: 1.664256e+00 1.570248e+00 1.327479e+00 3.037190e-01 1.342975e-01
35528: 1.663571e+00 1.569659e+00 1.329205e+00 3.034056e-01 1.341589e-01
35528: 1.664948e+00 1.570103e+00 1.327835e+00 3.030928e-01 1.340206e-01
35528: 1.663234e+00 1.571576e+00 1.328527e+00 3.027806e-01 1.338826e-01
35528: 1.663580e+00 1.570988e+00 1.329218e+00 3.024691e-01 1.337449e-01
35528: 1.661871e+00 1.572456e+00 1.329908e+00 3.021583e-01 1.336074e-01
35528: 1.661191e+00 1.572895e+00 1.329569e+00 3.028747e-01 1.334702e-01
35528: 1.662564e+00 1.571282e+00 1.330256e+00 3.025641e-01 1.333333e-01
35528: 1.660861e+00 1.572746e+00 1.330943e+00 3.022541e-01 1.331967e-01
35528: 1.662231e+00 1.572160e+00 1.330604e+00 3.019447e-01 1.330604e-01
35528: 1.661554e+00 1.571575e+00 1.331288e+00 3.026585e-01 1.329243e-01
35528: 1.662921e+00 1.570991e+00 1.330950e+00 3.023493e-01 1.327886e-01
35528: 1.663265e+00 1.570408e+00 1.330612e+00 3.020408e-01 1.336735e-01
35528: 1.662589e+00 1.570846e+00 1.331295e+00 3.017329e-01 1.335372e-01
35528: 1.662933e+00 1.569246e+00 1.332994e+00 3.014257e-01 1.334012e-01
35528: 1.662258e+00 1.571719e+00 1.331638e+00 3.011190e-01 1.332655e-01
35528: 1.663618e+00 1.570122e+00 1.331301e+00 3.008130e-01 1.341463e-01
35528: 1.662944e+00 1.570558e+00 1.331980e+00 3.005076e-01 1.340102e-01
35528: 1.665314e+00 1.568966e+00 1.331643e+00 3.002028e-01 1.338742e-01
35528: 1.664640e+00 1.570415e+00 1.331307e+00 2.998987e-01 1.337386e-01
35528: 1.664980e+00 1.569838e+00 1.331984e+00 2.995951e-01 1.336032e-01
35528: 1.664307e+00 1.571284e+00 1.331648e+00 2.992922e-01 1.334681e-01
35528: 1.664646e+00 1.570707e+00 1.332323e+00 2.989899e-01 1.333333e-01
35528: 1.662967e+00 1.571140e+00 1.332997e+00 2.996973e-01 1.331988e-01
35528: 1.663306e+00 1.570565e+00 1.333669e+00 2.993952e-01 1.330645e-01
35528: 1.661631e+00 1.570997e+00 1.335347e+00 2.990937e-01 1.329305e-01
35528: 1.662978e+00 1.569416e+00 1.336016e+00 2.987928e-01 1.327968e-01
35528: 1.662312e+00 1.569849e+00 1.336683e+00 2.984925e-01 1.326633e-01
35528: 1.662651e+00 1.570281e+00 1.336345e+00 2.981928e-01 1.325301e-01
35528: 1.661986e+00 1.569709e+00 1.338014e+00 2.978937e-01 1.323972e-01
35528: 1.662325e+00 1.570140e+00 1.337675e+00 2.975952e-01 1.322645e-01
35528: 1.662663e+00 1.568569e+00 1.338338e+00 2.982983e-01 1.321321e-01
35528: Done!
Traceback (most recent call last):
  File "/lowest-unique-number/tournament0/elexunix.py", line 25, in <module>
    input()
EOFError: EOF when reading a line
