Forked 34988
Starting to reopen 0 and 1
Calling execv `tournament0/alex_dany` (pid 34988)
34988: Started!
34988: Number of players: 5, position: 0, number of turns: 1000
34988: Random seed: 2333477205
Strategy 0: first ans is 0
Forked 34989
Starting to reopen 0 and 1
Calling execv `tournament0/fedro.py` (pid 34989)
Strategy 1: first ans is 0
Forked 35013
Starting to reopen 0 and 1
Calling execv `tournament0/lounres.py` (pid 35013)
Strategy 2: first ans is 1
Forked 35014
Starting to reopen 0 and 1
Calling execv `tournament0/pzakorko.py` (pid 35014)
Strategy 3: first ans is 0
Forked 35015
Starting to reopen 0 and 1
Calling execv `tournament0/the_best_strategy.py` (pid 35015)
Strategy 4: first ans is 0
34988: 4.000000e+00 1.000000e+00 0.000000e+00 0.000000e+00 0.000000e+00
34988: 3.000000e+00 1.500000e+00 0.000000e+00 5.000000e-01 0.000000e+00
34988: 2.666667e+00 1.333333e+00 3.333333e-01 6.666667e-01 0.000000e+00
34988: 2.500000e+00 1.500000e+00 2.500000e-01 5.000000e-01 2.500000e-01
34988: 2.400000e+00 1.600000e+00 4.000000e-01 4.000000e-01 2.000000e-01
34988: 2.333333e+00 1.333333e+00 6.666667e-01 5.000000e-01 1.666667e-01
34988: 2.285714e+00 1.428571e+00 7.142857e-01 4.285714e-01 1.428571e-01
34988: 2.250000e+00 1.375000e+00 8.750000e-01 3.750000e-01 1.250000e-01
34988: 2.222222e+00 1.444444e+00 7.777778e-01 4.444444e-01 1.111111e-01
34988: 2.200000e+00 1.400000e+00 8.000000e-01 5.000000e-01 1.000000e-01
34988: 2.181818e+00 1.454545e+00 7.272727e-01 5.454545e-01 9.090909e-02
34988: 2.166667e+00 1.416667e+00 8.333333e-01 5.000000e-01 8.333333e-02
34988: 2.230769e+00 1.461538e+00 7.692308e-01 4.615385e-01 7.692308e-02
34988: 2.214286e+00 1.500000e+00 7.857143e-01 4.285714e-01 7.142857e-02
34988: 2.200000e+00 1.466667e+00 8.666667e-01 4.000000e-01 6.666667e-02
34988: 2.250000e+00 1.500000e+00 8.125000e-01 3.750000e-01 6.250000e-02
34988: 2.235294e+00 1.529412e+00 8.235294e-01 3.529412e-01 5.882353e-02
34988: 2.222222e+00 1.555556e+00 8.333333e-01 3.333333e-01 5.555556e-02
34988: 2.263158e+00 1.526316e+00 8.421053e-01 3.157895e-01 5.263158e-02
34988: 2.250000e+00 1.600000e+00 8.000000e-01 3.000000e-01 5.000000e-02
34988: 2.285714e+00 1.523810e+00 8.571429e-01 2.857143e-01 4.761905e-02
34988: 2.272727e+00 1.545455e+00 8.636364e-01 2.727273e-01 4.545455e-02
34988: 2.260870e+00 1.521739e+00 8.695652e-01 3.043478e-01 4.347826e-02
34988: 2.250000e+00 1.583333e+00 8.333333e-01 2.916667e-01 4.166667e-02
34988: 2.280000e+00 1.520000e+00 8.800000e-01 2.800000e-01 4.000000e-02
34988: 2.269231e+00 1.538462e+00 8.846154e-01 2.692308e-01 3.846154e-02
34988: 2.296296e+00 1.518519e+00 8.888889e-01 2.592593e-01 3.703704e-02
34988: 2.285714e+00 1.535714e+00 8.928571e-01 2.500000e-01 3.571429e-02
34988: 2.275862e+00 1.551724e+00 8.965517e-01 2.413793e-01 3.448276e-02
34988: 2.266667e+00 1.533333e+00 9.000000e-01 2.666667e-01 3.333333e-02
34988: 2.258065e+00 1.580645e+00 8.709677e-01 2.580645e-01 3.225806e-02
34988: 2.250000e+00 1.531250e+00 9.062500e-01 2.812500e-01 3.125000e-02
34988: 2.242424e+00 1.575758e+00 8.787879e-01 2.727273e-01 3.030303e-02
34988: 2.264706e+00 1.529412e+00 9.117647e-01 2.647059e-01 2.941176e-02
34988: 2.257143e+00 1.542857e+00 9.142857e-01 2.571429e-01 2.857143e-02
34988: 2.250000e+00 1.527778e+00 9.444444e-01 2.500000e-01 2.777778e-02
34988: 2.243243e+00 1.540541e+00 9.189189e-01 2.432432e-01 5.405405e-02
34988: 2.236842e+00 1.552632e+00 9.210526e-01 2.368421e-01 5.263158e-02
34988: 2.230769e+00 1.538462e+00 9.230769e-01 2.307692e-01 7.692308e-02
34988: 2.225000e+00 1.550000e+00 9.250000e-01 2.250000e-01 7.500000e-02
34988: 2.219512e+00 1.560976e+00 9.268293e-01 2.195122e-01 7.317073e-02
34988: 2.214286e+00 1.547619e+00 9.523810e-01 2.142857e-01 7.142857e-02
34988: 2.232558e+00 1.558140e+00 9.302326e-01 2.093023e-01 6.976744e-02
34988: 2.250000e+00 1.545455e+00 9.318182e-01 2.045455e-01 6.818182e-02
34988: 2.266667e+00 1.555556e+00 9.111111e-01 2.000000e-01 6.666667e-02
34988: 2.260870e+00 1.565217e+00 9.130435e-01 1.956522e-01 6.521739e-02
34988: 2.255319e+00 1.574468e+00 9.148936e-01 1.914894e-01 6.382979e-02
34988: 2.250000e+00 1.541667e+00 9.583333e-01 1.875000e-01 6.250000e-02
34988: 2.244898e+00 1.551020e+00 9.387755e-01 2.040816e-01 6.122449e-02
34988: 2.240000e+00 1.560000e+00 9.400000e-01 2.000000e-01 6.000000e-02
34988: 2.235294e+00 1.568627e+00 9.411765e-01 1.960784e-01 5.882353e-02
34988: 2.230769e+00 1.576923e+00 9.423077e-01 1.923077e-01 5.769231e-02
34988: 2.245283e+00 1.547170e+00 9.622642e-01 1.886792e-01 5.660377e-02
34988: 2.240741e+00 1.555556e+00 9.629630e-01 1.851852e-01 5.555556e-02
34988: 2.236364e+00 1.563636e+00 9.636364e-01 1.818182e-01 5.454545e-02
34988: 2.232143e+00 1.553571e+00 9.642857e-01 1.964286e-01 5.357143e-02
34988: 2.228070e+00 1.561404e+00 9.649123e-01 1.929825e-01 5.263158e-02
34988: 2.224138e+00 1.551724e+00 9.827586e-01 1.896552e-01 5.172414e-02
34988: 2.220339e+00 1.576271e+00 9.661017e-01 1.864407e-01 5.084746e-02
34988: 2.233333e+00 1.550000e+00 9.833333e-01 1.833333e-01 5.000000e-02
34988: 2.229508e+00 1.557377e+00 9.836066e-01 1.803279e-01 4.918033e-02
34988: 2.241935e+00 1.548387e+00 9.838710e-01 1.774194e-01 4.838710e-02
34988: 2.238095e+00 1.555556e+00 9.841270e-01 1.746032e-01 4.761905e-02
34988: 2.234375e+00 1.562500e+00 9.843750e-01 1.718750e-01 4.687500e-02
34988: 2.230769e+00 1.569231e+00 9.846154e-01 1.692308e-01 4.615385e-02
34988: 2.227273e+00 1.560606e+00 1.000000e+00 1.666667e-01 4.545455e-02
34988: 2.238806e+00 1.567164e+00 9.850746e-01 1.641791e-01 4.477612e-02
34988: 2.220588e+00 1.573529e+00 1.000000e+00 1.617647e-01 4.411765e-02
34988: 2.217391e+00 1.579710e+00 1.000000e+00 1.594203e-01 4.347826e-02
34988: 2.200000e+00 1.585714e+00 1.014286e+00 1.571429e-01 4.285714e-02
34988: 2.197183e+00 1.577465e+00 1.028169e+00 1.549296e-01 4.225352e-02
34988: 2.194444e+00 1.569444e+00 1.041667e+00 1.527778e-01 4.166667e-02
34988: 2.191781e+00 1.575342e+00 1.041096e+00 1.506849e-01 4.109589e-02
34988: 2.175676e+00 1.567568e+00 1.054054e+00 1.621622e-01 4.054054e-02
34988: 2.173333e+00 1.560000e+00 1.066667e+00 1.600000e-01 4.000000e-02
34988: 2.157895e+00 1.565789e+00 1.078947e+00 1.578947e-01 3.947368e-02
34988: 2.168831e+00 1.571429e+00 1.064935e+00 1.558442e-01 3.896104e-02
34988: 2.153846e+00 1.564103e+00 1.089744e+00 1.538462e-01 3.846154e-02
34988: 2.151899e+00 1.569620e+00 1.088608e+00 1.518987e-01 3.797468e-02
34988: 2.137500e+00 1.575000e+00 1.100000e+00 1.500000e-01 3.750000e-02
34988: 2.135802e+00 1.567901e+00 1.111111e+00 1.481481e-01 3.703704e-02
34988: 2.121951e+00 1.597561e+00 1.097561e+00 1.463415e-01 3.658537e-02
34988: 2.120482e+00 1.602410e+00 1.096386e+00 1.445783e-01 3.614458e-02
34988: 2.107143e+00 1.583333e+00 1.130952e+00 1.428571e-01 3.571429e-02
34988: 2.117647e+00 1.564706e+00 1.141176e+00 1.411765e-01 3.529412e-02
34988: 2.104651e+00 1.569767e+00 1.139535e+00 1.395349e-01 4.651163e-02
34988: 2.103448e+00 1.574713e+00 1.137931e+00 1.379310e-01 4.597701e-02
34988: 2.090909e+00 1.556818e+00 1.159091e+00 1.477273e-01 4.545455e-02
34988: 2.101124e+00 1.550562e+00 1.157303e+00 1.460674e-01 4.494382e-02
34988: 2.088889e+00 1.566667e+00 1.155556e+00 1.444444e-01 4.444444e-02
34988: 2.087912e+00 1.560440e+00 1.153846e+00 1.428571e-01 5.494505e-02
34988: 2.076087e+00 1.576087e+00 1.152174e+00 1.413043e-01 5.434783e-02
34988: 2.086022e+00 1.559140e+00 1.161290e+00 1.397849e-01 5.376344e-02
34988: 2.074468e+00 1.574468e+00 1.159574e+00 1.382979e-01 5.319149e-02
34988: 2.073684e+00 1.578947e+00 1.157895e+00 1.368421e-01 5.263158e-02
34988: 2.062500e+00 1.562500e+00 1.187500e+00 1.354167e-01 5.208333e-02
34988: 2.061856e+00 1.567010e+00 1.175258e+00 1.443299e-01 5.154639e-02
34988: 2.051020e+00 1.571429e+00 1.183673e+00 1.428571e-01 5.102041e-02
34988: 2.050505e+00 1.555556e+00 1.191919e+00 1.414141e-01 6.060606e-02
34988: 2.040000e+00 1.570000e+00 1.190000e+00 1.400000e-01 6.000000e-02
34988: 2.049505e+00 1.554455e+00 1.198020e+00 1.386139e-01 5.940594e-02
34988: 2.039216e+00 1.558824e+00 1.205882e+00 1.372549e-01 5.882353e-02
34988: 2.029126e+00 1.563107e+00 1.203883e+00 1.456311e-01 5.825243e-02
34988: 2.028846e+00 1.557692e+00 1.201923e+00 1.442308e-01 6.730769e-02
34988: 2.028571e+00 1.561905e+00 1.200000e+00 1.428571e-01 6.666667e-02
34988: 2.018868e+00 1.566038e+00 1.207547e+00 1.415094e-01 6.603774e-02
34988: 2.028037e+00 1.570093e+00 1.196262e+00 1.401869e-01 6.542056e-02
34988: 2.027778e+00 1.555556e+00 1.212963e+00 1.388889e-01 6.481481e-02
34988: 2.018349e+00 1.577982e+00 1.201835e+00 1.376147e-01 6.422018e-02
34988: 2.018182e+00 1.572727e+00 1.209091e+00 1.363636e-01 6.363636e-02
34988: 2.018018e+00 1.576577e+00 1.207207e+00 1.351351e-01 6.306306e-02
34988: 2.000000e+00 1.571429e+00 1.223214e+00 1.339286e-01 7.142857e-02
34988: 2.000000e+00 1.566372e+00 1.230088e+00 1.327434e-01 7.079646e-02
34988: 1.991228e+00 1.587719e+00 1.219298e+00 1.315789e-01 7.017544e-02
34988: 1.982609e+00 1.600000e+00 1.217391e+00 1.304348e-01 6.956522e-02
34988: 1.982759e+00 1.586207e+00 1.224138e+00 1.293103e-01 7.758621e-02
34988: 1.974359e+00 1.581197e+00 1.239316e+00 1.282051e-01 7.692308e-02
34988: 1.974576e+00 1.567797e+00 1.245763e+00 1.271186e-01 8.474576e-02
34988: 1.974790e+00 1.571429e+00 1.243697e+00 1.260504e-01 8.403361e-02
34988: 1.975000e+00 1.558333e+00 1.250000e+00 1.333333e-01 8.333333e-02
34988: 1.975207e+00 1.570248e+00 1.239669e+00 1.322314e-01 8.264463e-02
34988: 1.967213e+00 1.557377e+00 1.262295e+00 1.311475e-01 8.196721e-02
34988: 1.967480e+00 1.560976e+00 1.260163e+00 1.300813e-01 8.130081e-02
34988: 1.959677e+00 1.564516e+00 1.266129e+00 1.290323e-01 8.064516e-02
34988: 1.968000e+00 1.560000e+00 1.264000e+00 1.280000e-01 8.000000e-02
34988: 1.960317e+00 1.579365e+00 1.253968e+00 1.269841e-01 7.936508e-02
34988: 1.960630e+00 1.574803e+00 1.259843e+00 1.259843e-01 7.874016e-02
34988: 1.953125e+00 1.578125e+00 1.265625e+00 1.250000e-01 7.812500e-02
34988: 1.953488e+00 1.565891e+00 1.279070e+00 1.240310e-01 7.751938e-02
34988: 1.946154e+00 1.569231e+00 1.284615e+00 1.230769e-01 7.692308e-02
34988: 1.946565e+00 1.580153e+00 1.274809e+00 1.221374e-01 7.633588e-02
34988: 1.946970e+00 1.568182e+00 1.287879e+00 1.212121e-01 7.575758e-02
34988: 1.939850e+00 1.586466e+00 1.278195e+00 1.203008e-01 7.518797e-02
34988: 1.940299e+00 1.574627e+00 1.283582e+00 1.268657e-01 7.462687e-02
34988: 1.933333e+00 1.570370e+00 1.288889e+00 1.259259e-01 8.148148e-02
34988: 1.941176e+00 1.558824e+00 1.294118e+00 1.250000e-01 8.088235e-02
34988: 1.934307e+00 1.562044e+00 1.299270e+00 1.240876e-01 8.029197e-02
34988: 1.927536e+00 1.565217e+00 1.304348e+00 1.231884e-01 7.971014e-02
34988: 1.928058e+00 1.568345e+00 1.302158e+00 1.223022e-01 7.913669e-02
34988: 1.921429e+00 1.571429e+00 1.307143e+00 1.214286e-01 7.857143e-02
34988: 1.921986e+00 1.567376e+00 1.304965e+00 1.205674e-01 8.510638e-02
34988: 1.915493e+00 1.577465e+00 1.302817e+00 1.197183e-01 8.450704e-02
34988: 1.916084e+00 1.573427e+00 1.307692e+00 1.188811e-01 8.391608e-02
34988: 1.909722e+00 1.583333e+00 1.305556e+00 1.180556e-01 8.333333e-02
34988: 1.910345e+00 1.586207e+00 1.303448e+00 1.172414e-01 8.275862e-02
34988: 1.904110e+00 1.582192e+00 1.308219e+00 1.232877e-01 8.219178e-02
34988: 1.911565e+00 1.578231e+00 1.306122e+00 1.224490e-01 8.163265e-02
34988: 1.912162e+00 1.581081e+00 1.304054e+00 1.216216e-01 8.108108e-02
34988: 1.906040e+00 1.577181e+00 1.308725e+00 1.275168e-01 8.053691e-02
34988: 1.906667e+00 1.580000e+00 1.306667e+00 1.266667e-01 8.000000e-02
34988: 1.900662e+00 1.582781e+00 1.311258e+00 1.258278e-01 7.947020e-02
34988: 1.907895e+00 1.578947e+00 1.309211e+00 1.250000e-01 7.894737e-02
34988: 1.901961e+00 1.581699e+00 1.313725e+00 1.241830e-01 7.843137e-02
34988: 1.909091e+00 1.577922e+00 1.311688e+00 1.233766e-01 7.792208e-02
34988: 1.909677e+00 1.580645e+00 1.309677e+00 1.225806e-01 7.741935e-02
34988: 1.910256e+00 1.576923e+00 1.314103e+00 1.217949e-01 7.692308e-02
34988: 1.904459e+00 1.579618e+00 1.312102e+00 1.210191e-01 8.280255e-02
34988: 1.905063e+00 1.575949e+00 1.316456e+00 1.202532e-01 8.227848e-02
34988: 1.905660e+00 1.572327e+00 1.320755e+00 1.194969e-01 8.176101e-02
34988: 1.906250e+00 1.575000e+00 1.318750e+00 1.187500e-01 8.125000e-02
34988: 1.900621e+00 1.571429e+00 1.322981e+00 1.242236e-01 8.074534e-02
34988: 1.907407e+00 1.561728e+00 1.320988e+00 1.296296e-01 8.024691e-02
34988: 1.901840e+00 1.564417e+00 1.325153e+00 1.288344e-01 7.975460e-02
34988: 1.902439e+00 1.567073e+00 1.323171e+00 1.280488e-01 7.926829e-02
34988: 1.896970e+00 1.569697e+00 1.327273e+00 1.272727e-01 7.878788e-02
34988: 1.897590e+00 1.572289e+00 1.325301e+00 1.265060e-01 7.831325e-02
34988: 1.892216e+00 1.568862e+00 1.335329e+00 1.257485e-01 7.784431e-02
34988: 1.892857e+00 1.571429e+00 1.333333e+00 1.250000e-01 7.738095e-02
34988: 1.887574e+00 1.568047e+00 1.343195e+00 1.242604e-01 7.692308e-02
34988: 1.888235e+00 1.564706e+00 1.347059e+00 1.235294e-01 7.647059e-02
34988: 1.883041e+00 1.573099e+00 1.345029e+00 1.228070e-01 7.602339e-02
34988: 1.883721e+00 1.569767e+00 1.348837e+00 1.220930e-01 7.558140e-02
34988: 1.878613e+00 1.578035e+00 1.341040e+00 1.271676e-01 7.514451e-02
34988: 1.879310e+00 1.574713e+00 1.344828e+00 1.264368e-01 7.471264e-02
34988: 1.874286e+00 1.577143e+00 1.348571e+00 1.257143e-01 7.428571e-02
34988: 1.880682e+00 1.573864e+00 1.346591e+00 1.250000e-01 7.386364e-02
34988: 1.875706e+00 1.581921e+00 1.344633e+00 1.242938e-01 7.344633e-02
34988: 1.882022e+00 1.578652e+00 1.342697e+00 1.235955e-01 7.303371e-02
34988: 1.877095e+00 1.586592e+00 1.340782e+00 1.229050e-01 7.262570e-02
34988: 1.877778e+00 1.583333e+00 1.338889e+00 1.222222e-01 7.777778e-02
34988: 1.872928e+00 1.580110e+00 1.342541e+00 1.270718e-01 7.734807e-02
34988: 1.873626e+00 1.571429e+00 1.351648e+00 1.263736e-01 7.692308e-02
34988: 1.868852e+00 1.573770e+00 1.349727e+00 1.256831e-01 8.196721e-02
34988: 1.869565e+00 1.565217e+00 1.353261e+00 1.304348e-01 8.152174e-02
34988: 1.864865e+00 1.572973e+00 1.345946e+00 1.297297e-01 8.648649e-02
34988: 1.865591e+00 1.569892e+00 1.349462e+00 1.290323e-01 8.602151e-02
34988: 1.860963e+00 1.577540e+00 1.347594e+00 1.283422e-01 8.556150e-02
34988: 1.867021e+00 1.574468e+00 1.345745e+00 1.276596e-01 8.510638e-02
34988: 1.867725e+00 1.571429e+00 1.349206e+00 1.269841e-01 8.465608e-02
34988: 1.863158e+00 1.578947e+00 1.347368e+00 1.263158e-01 8.421053e-02
34988: 1.863874e+00 1.581152e+00 1.345550e+00 1.256545e-01 8.376963e-02
34988: 1.859375e+00 1.578125e+00 1.354167e+00 1.250000e-01 8.333333e-02
34988: 1.860104e+00 1.580311e+00 1.352332e+00 1.243523e-01 8.290155e-02
34988: 1.855670e+00 1.572165e+00 1.365979e+00 1.237113e-01 8.247423e-02
34988: 1.856410e+00 1.569231e+00 1.364103e+00 1.282051e-01 8.205128e-02
34988: 1.852041e+00 1.576531e+00 1.357143e+00 1.326531e-01 8.163265e-02
34988: 1.857868e+00 1.573604e+00 1.355330e+00 1.319797e-01 8.121827e-02
34988: 1.853535e+00 1.570707e+00 1.363636e+00 1.313131e-01 8.080808e-02
34988: 1.854271e+00 1.562814e+00 1.371859e+00 1.306533e-01 8.040201e-02
34988: 1.855000e+00 1.570000e+00 1.365000e+00 1.300000e-01 8.000000e-02
34988: 1.855721e+00 1.567164e+00 1.368159e+00 1.293532e-01 7.960199e-02
34988: 1.856436e+00 1.569307e+00 1.366337e+00 1.287129e-01 7.920792e-02
34988: 1.852217e+00 1.566502e+00 1.374384e+00 1.280788e-01 7.881773e-02
34988: 1.852941e+00 1.568627e+00 1.372549e+00 1.274510e-01 7.843137e-02
34988: 1.848780e+00 1.565854e+00 1.380488e+00 1.268293e-01 7.804878e-02
34988: 1.849515e+00 1.563107e+00 1.378641e+00 1.310680e-01 7.766990e-02
34988: 1.850242e+00 1.565217e+00 1.376812e+00 1.304348e-01 7.729469e-02
34988: 1.846154e+00 1.572115e+00 1.375000e+00 1.298077e-01 7.692308e-02
34988: 1.846890e+00 1.569378e+00 1.377990e+00 1.291866e-01 7.655502e-02
34988: 1.842857e+00 1.576190e+00 1.376190e+00 1.285714e-01 7.619048e-02
34988: 1.838863e+00 1.573460e+00 1.379147e+00 1.327014e-01 7.582938e-02
34988: 1.839623e+00 1.566038e+00 1.386792e+00 1.320755e-01 7.547170e-02
34988: 1.835681e+00 1.572770e+00 1.380282e+00 1.314554e-01 7.981221e-02
34988: 1.841121e+00 1.565421e+00 1.383178e+00 1.308411e-01 7.943925e-02
34988: 1.837209e+00 1.572093e+00 1.381395e+00 1.302326e-01 7.906977e-02
34988: 1.833333e+00 1.578704e+00 1.379630e+00 1.296296e-01 7.870370e-02
34988: 1.834101e+00 1.576037e+00 1.382488e+00 1.290323e-01 7.834101e-02
34988: 1.830275e+00 1.577982e+00 1.385321e+00 1.284404e-01 7.798165e-02
34988: 1.826484e+00 1.579909e+00 1.388128e+00 1.278539e-01 7.762557e-02
34988: 1.831818e+00 1.577273e+00 1.386364e+00 1.272727e-01 7.727273e-02
34988: 1.828054e+00 1.579186e+00 1.389140e+00 1.266968e-01 7.692308e-02
34988: 1.824324e+00 1.585586e+00 1.387387e+00 1.261261e-01 7.657658e-02
34988: 1.825112e+00 1.587444e+00 1.385650e+00 1.255605e-01 7.623318e-02
34988: 1.825893e+00 1.584821e+00 1.388393e+00 1.250000e-01 7.589286e-02
34988: 1.822222e+00 1.582222e+00 1.395556e+00 1.244444e-01 7.555556e-02
34988: 1.823009e+00 1.579646e+00 1.398230e+00 1.238938e-01 7.522124e-02
34988: 1.819383e+00 1.581498e+00 1.400881e+00 1.233480e-01 7.488987e-02
34988: 1.815789e+00 1.583333e+00 1.403509e+00 1.228070e-01 7.456140e-02
34988: 1.820961e+00 1.580786e+00 1.401747e+00 1.222707e-01 7.423581e-02
34988: 1.817391e+00 1.582609e+00 1.404348e+00 1.217391e-01 7.391304e-02
34988: 1.818182e+00 1.584416e+00 1.402597e+00 1.212121e-01 7.359307e-02
34988: 1.818966e+00 1.581897e+00 1.405172e+00 1.206897e-01 7.327586e-02
34988: 1.815451e+00 1.583691e+00 1.407725e+00 1.201717e-01 7.296137e-02
34988: 1.816239e+00 1.585470e+00 1.405983e+00 1.196581e-01 7.264957e-02
34988: 1.817021e+00 1.582979e+00 1.408511e+00 1.191489e-01 7.234043e-02
34988: 1.817797e+00 1.580508e+00 1.411017e+00 1.186441e-01 7.203390e-02
34988: 1.814346e+00 1.586498e+00 1.409283e+00 1.181435e-01 7.172996e-02
34988: 1.815126e+00 1.588235e+00 1.407563e+00 1.176471e-01 7.142857e-02
34988: 1.815900e+00 1.585774e+00 1.410042e+00 1.171548e-01 7.112971e-02
34988: 1.812500e+00 1.587500e+00 1.412500e+00 1.166667e-01 7.083333e-02
34988: 1.813278e+00 1.585062e+00 1.414938e+00 1.161826e-01 7.053942e-02
34988: 1.809917e+00 1.590909e+00 1.413223e+00 1.157025e-01 7.024793e-02
34988: 1.810700e+00 1.588477e+00 1.415638e+00 1.152263e-01 6.995885e-02
34988: 1.807377e+00 1.594262e+00 1.413934e+00 1.147541e-01 6.967213e-02
34988: 1.812245e+00 1.591837e+00 1.412245e+00 1.142857e-01 6.938776e-02
34988: 1.808943e+00 1.593496e+00 1.410569e+00 1.138211e-01 7.317073e-02
34988: 1.809717e+00 1.591093e+00 1.408907e+00 1.133603e-01 7.692308e-02
34988: 1.806452e+00 1.592742e+00 1.411290e+00 1.129032e-01 7.661290e-02
34988: 1.807229e+00 1.590361e+00 1.409639e+00 1.164659e-01 7.630522e-02
34988: 1.808000e+00 1.592000e+00 1.408000e+00 1.160000e-01 7.600000e-02
34988: 1.804781e+00 1.593625e+00 1.410359e+00 1.155378e-01 7.569721e-02
34988: 1.809524e+00 1.591270e+00 1.408730e+00 1.150794e-01 7.539683e-02
34988: 1.806324e+00 1.592885e+00 1.411067e+00 1.146245e-01 7.509881e-02
34988: 1.807087e+00 1.590551e+00 1.413386e+00 1.141732e-01 7.480315e-02
34988: 1.803922e+00 1.588235e+00 1.419608e+00 1.137255e-01 7.450980e-02
34988: 1.804688e+00 1.585938e+00 1.421875e+00 1.132812e-01 7.421875e-02
34988: 1.801556e+00 1.587549e+00 1.424125e+00 1.128405e-01 7.392996e-02
34988: 1.806202e+00 1.581395e+00 1.426357e+00 1.124031e-01 7.364341e-02
34988: 1.806950e+00 1.583012e+00 1.424710e+00 1.119691e-01 7.335907e-02
34988: 1.803846e+00 1.580769e+00 1.426923e+00 1.115385e-01 7.692308e-02
34988: 1.808429e+00 1.578544e+00 1.425287e+00 1.111111e-01 7.662835e-02
34988: 1.805344e+00 1.580153e+00 1.423664e+00 1.106870e-01 8.015267e-02
34988: 1.806084e+00 1.577947e+00 1.422053e+00 1.102662e-01 8.365019e-02
34988: 1.806818e+00 1.579545e+00 1.420455e+00 1.098485e-01 8.333333e-02
34988: 1.803774e+00 1.573585e+00 1.426415e+00 1.094340e-01 8.679245e-02
34988: 1.808271e+00 1.571429e+00 1.424812e+00 1.090226e-01 8.646617e-02
34988: 1.805243e+00 1.576779e+00 1.423221e+00 1.086142e-01 8.614232e-02
34988: 1.805970e+00 1.574627e+00 1.421642e+00 1.119403e-01 8.582090e-02
34988: 1.802974e+00 1.576208e+00 1.420074e+00 1.152416e-01 8.550186e-02
34988: 1.803704e+00 1.574074e+00 1.418519e+00 1.148148e-01 8.888889e-02
34988: 1.800738e+00 1.575646e+00 1.420664e+00 1.143911e-01 8.856089e-02
34988: 1.801471e+00 1.577206e+00 1.419118e+00 1.139706e-01 8.823529e-02
34988: 1.798535e+00 1.578755e+00 1.421245e+00 1.135531e-01 8.791209e-02
34988: 1.799270e+00 1.580292e+00 1.419708e+00 1.131387e-01 8.759124e-02
34988: 1.796364e+00 1.578182e+00 1.425455e+00 1.127273e-01 8.727273e-02
34988: 1.797101e+00 1.579710e+00 1.423913e+00 1.123188e-01 8.695652e-02
34988: 1.794224e+00 1.577617e+00 1.429603e+00 1.119134e-01 8.664260e-02
34988: 1.794964e+00 1.579137e+00 1.428058e+00 1.115108e-01 8.633094e-02
34988: 1.792115e+00 1.573477e+00 1.437276e+00 1.111111e-01 8.602151e-02
34988: 1.792857e+00 1.575000e+00 1.435714e+00 1.107143e-01 8.571429e-02
34988: 1.790036e+00 1.576512e+00 1.437722e+00 1.103203e-01 8.540925e-02
34988: 1.790780e+00 1.578014e+00 1.436170e+00 1.099291e-01 8.510638e-02
34988: 1.787986e+00 1.575972e+00 1.438163e+00 1.130742e-01 8.480565e-02
34988: 1.788732e+00 1.577465e+00 1.436620e+00 1.126761e-01 8.450704e-02
34988: 1.785965e+00 1.578947e+00 1.438596e+00 1.122807e-01 8.421053e-02
34988: 1.786713e+00 1.576923e+00 1.437063e+00 1.153846e-01 8.391608e-02
34988: 1.783972e+00 1.581882e+00 1.435540e+00 1.149826e-01 8.362369e-02
34988: 1.784722e+00 1.579861e+00 1.437500e+00 1.145833e-01 8.333333e-02
34988: 1.782007e+00 1.581315e+00 1.439446e+00 1.141869e-01 8.304498e-02
34988: 1.782759e+00 1.579310e+00 1.437931e+00 1.172414e-01 8.275862e-02
34988: 1.780069e+00 1.580756e+00 1.439863e+00 1.168385e-01 8.247423e-02
34988: 1.780822e+00 1.578767e+00 1.441781e+00 1.164384e-01 8.219178e-02
34988: 1.778157e+00 1.580205e+00 1.443686e+00 1.160410e-01 8.191126e-02
34988: 1.778912e+00 1.578231e+00 1.442177e+00 1.190476e-01 8.163265e-02
34988: 1.779661e+00 1.576271e+00 1.444068e+00 1.186441e-01 8.135593e-02
34988: 1.777027e+00 1.577703e+00 1.445946e+00 1.182432e-01 8.108108e-02
34988: 1.781145e+00 1.575758e+00 1.444444e+00 1.178451e-01 8.080808e-02
34988: 1.781879e+00 1.577181e+00 1.442953e+00 1.174497e-01 8.053691e-02
34988: 1.782609e+00 1.571906e+00 1.448161e+00 1.170569e-01 8.026756e-02
34988: 1.780000e+00 1.576667e+00 1.446667e+00 1.166667e-01 8.000000e-02
34988: 1.780731e+00 1.574751e+00 1.448505e+00 1.162791e-01 7.973422e-02
34988: 1.778146e+00 1.576159e+00 1.450331e+00 1.158940e-01 7.947020e-02
34988: 1.778878e+00 1.574257e+00 1.448845e+00 1.188119e-01 7.920792e-02
34988: 1.776316e+00 1.578947e+00 1.447368e+00 1.184211e-01 7.894737e-02
34988: 1.777049e+00 1.577049e+00 1.445902e+00 1.213115e-01 7.868852e-02
34988: 1.777778e+00 1.578431e+00 1.444444e+00 1.209150e-01 7.843137e-02
34988: 1.775244e+00 1.576547e+00 1.446254e+00 1.205212e-01 8.143322e-02
34988: 1.775974e+00 1.577922e+00 1.444805e+00 1.201299e-01 8.116883e-02
34988: 1.773463e+00 1.576052e+00 1.449838e+00 1.197411e-01 8.090615e-02
34988: 1.774194e+00 1.570968e+00 1.454839e+00 1.193548e-01 8.064516e-02
34988: 1.774920e+00 1.572347e+00 1.453376e+00 1.189711e-01 8.038585e-02
34988: 1.772436e+00 1.573718e+00 1.455128e+00 1.185897e-01 8.012821e-02
34988: 1.773163e+00 1.571885e+00 1.453674e+00 1.214058e-01 7.987220e-02
34988: 1.770701e+00 1.576433e+00 1.452229e+00 1.210191e-01 7.961783e-02
34988: 1.771429e+00 1.574603e+00 1.453968e+00 1.206349e-01 7.936508e-02
34988: 1.768987e+00 1.575949e+00 1.455696e+00 1.202532e-01 7.911392e-02
34988: 1.769716e+00 1.574132e+00 1.454259e+00 1.230284e-01 7.886435e-02
34988: 1.770440e+00 1.575472e+00 1.452830e+00 1.226415e-01 7.861635e-02
34988: 1.771160e+00 1.573668e+00 1.454545e+00 1.222571e-01 7.836991e-02
34988: 1.768750e+00 1.575000e+00 1.456250e+00 1.218750e-01 7.812500e-02
34988: 1.772586e+00 1.573209e+00 1.454829e+00 1.214953e-01 7.788162e-02
34988: 1.770186e+00 1.574534e+00 1.456522e+00 1.211180e-01 7.763975e-02
34988: 1.770898e+00 1.575851e+00 1.455108e+00 1.207430e-01 7.739938e-02
34988: 1.768519e+00 1.574074e+00 1.456790e+00 1.234568e-01 7.716049e-02
34988: 1.772308e+00 1.569231e+00 1.458462e+00 1.230769e-01 7.692308e-02
34988: 1.769939e+00 1.573620e+00 1.457055e+00 1.226994e-01 7.668712e-02
34988: 1.770642e+00 1.568807e+00 1.461774e+00 1.223242e-01 7.645260e-02
34988: 1.768293e+00 1.573171e+00 1.457317e+00 1.250000e-01 7.621951e-02
34988: 1.768997e+00 1.571429e+00 1.455927e+00 1.246201e-01 7.902736e-02
34988: 1.766667e+00 1.572727e+00 1.454545e+00 1.272727e-01 7.878788e-02
34988: 1.767372e+00 1.570997e+00 1.453172e+00 1.299094e-01 7.854985e-02
34988: 1.765060e+00 1.572289e+00 1.454819e+00 1.295181e-01 7.831325e-02
34988: 1.768769e+00 1.570571e+00 1.453453e+00 1.291291e-01 7.807808e-02
34988: 1.766467e+00 1.568862e+00 1.458084e+00 1.287425e-01 7.784431e-02
34988: 1.770149e+00 1.570149e+00 1.453731e+00 1.283582e-01 7.761194e-02
34988: 1.767857e+00 1.571429e+00 1.455357e+00 1.279762e-01 7.738095e-02
34988: 1.768546e+00 1.569733e+00 1.456973e+00 1.275964e-01 7.715134e-02
34988: 1.766272e+00 1.571006e+00 1.455621e+00 1.272189e-01 7.988166e-02
34988: 1.766962e+00 1.569322e+00 1.454277e+00 1.297935e-01 7.964602e-02
34988: 1.764706e+00 1.573529e+00 1.452941e+00 1.294118e-01 7.941176e-02
34988: 1.765396e+00 1.571848e+00 1.454545e+00 1.290323e-01 7.917889e-02
34988: 1.763158e+00 1.573099e+00 1.456140e+00 1.286550e-01 7.894737e-02
34988: 1.763848e+00 1.571429e+00 1.454810e+00 1.311953e-01 7.871720e-02
34988: 1.761628e+00 1.575581e+00 1.453488e+00 1.308140e-01 7.848837e-02
34988: 1.762319e+00 1.573913e+00 1.452174e+00 1.333333e-01 7.826087e-02
34988: 1.760116e+00 1.572254e+00 1.453757e+00 1.358382e-01 7.803468e-02
34988: 1.760807e+00 1.570605e+00 1.455331e+00 1.354467e-01 7.780980e-02
34988: 1.758621e+00 1.571839e+00 1.454023e+00 1.379310e-01 7.758621e-02
34988: 1.759312e+00 1.570201e+00 1.455587e+00 1.375358e-01 7.736390e-02
34988: 1.760000e+00 1.571429e+00 1.454286e+00 1.371429e-01 7.714286e-02
34988: 1.757835e+00 1.572650e+00 1.455840e+00 1.367521e-01 7.692308e-02
34988: 1.761364e+00 1.571023e+00 1.454545e+00 1.363636e-01 7.670455e-02
34988: 1.759207e+00 1.572238e+00 1.456091e+00 1.359773e-01 7.648725e-02
34988: 1.759887e+00 1.573446e+00 1.454802e+00 1.355932e-01 7.627119e-02
34988: 1.757746e+00 1.571831e+00 1.459155e+00 1.352113e-01 7.605634e-02
34988: 1.758427e+00 1.573034e+00 1.457865e+00 1.348315e-01 7.584270e-02
34988: 1.756303e+00 1.571429e+00 1.459384e+00 1.372549e-01 7.563025e-02
34988: 1.756983e+00 1.572626e+00 1.458101e+00 1.368715e-01 7.541899e-02
34988: 1.754875e+00 1.571031e+00 1.459610e+00 1.364903e-01 7.799443e-02
34988: 1.755556e+00 1.572222e+00 1.458333e+00 1.361111e-01 7.777778e-02
34988: 1.756233e+00 1.570637e+00 1.459834e+00 1.357341e-01 7.756233e-02
34988: 1.754144e+00 1.571823e+00 1.461326e+00 1.353591e-01 7.734807e-02
34988: 1.754821e+00 1.567493e+00 1.465565e+00 1.349862e-01 7.713499e-02
34988: 1.752747e+00 1.571429e+00 1.464286e+00 1.346154e-01 7.692308e-02
34988: 1.753425e+00 1.569863e+00 1.463014e+00 1.342466e-01 7.945205e-02
34988: 1.754098e+00 1.573770e+00 1.459016e+00 1.338798e-01 7.923497e-02
34988: 1.754768e+00 1.572207e+00 1.460490e+00 1.335150e-01 7.901907e-02
34988: 1.752717e+00 1.576087e+00 1.459239e+00 1.331522e-01 7.880435e-02
34988: 1.753388e+00 1.577236e+00 1.457995e+00 1.327913e-01 7.859079e-02
34988: 1.751351e+00 1.575676e+00 1.462162e+00 1.324324e-01 7.837838e-02
34988: 1.752022e+00 1.576819e+00 1.460916e+00 1.320755e-01 7.816712e-02
34988: 1.750000e+00 1.575269e+00 1.465054e+00 1.317204e-01 7.795699e-02
34988: 1.750670e+00 1.576408e+00 1.463807e+00 1.313673e-01 7.774799e-02
34988: 1.748663e+00 1.577540e+00 1.465241e+00 1.310160e-01 7.754011e-02
34988: 1.749333e+00 1.576000e+00 1.466667e+00 1.306667e-01 7.733333e-02
34988: 1.747340e+00 1.577128e+00 1.468085e+00 1.303191e-01 7.712766e-02
34988: 1.748011e+00 1.578249e+00 1.466844e+00 1.299735e-01 7.692308e-02
34988: 1.748677e+00 1.576720e+00 1.468254e+00 1.296296e-01 7.671958e-02
34988: 1.746702e+00 1.577836e+00 1.469657e+00 1.292876e-01 7.651715e-02
34988: 1.747368e+00 1.573684e+00 1.473684e+00 1.289474e-01 7.631579e-02
34988: 1.745407e+00 1.577428e+00 1.472441e+00 1.286089e-01 7.611549e-02
34988: 1.746073e+00 1.578534e+00 1.471204e+00 1.282723e-01 7.591623e-02
34988: 1.744125e+00 1.577023e+00 1.475196e+00 1.279373e-01 7.571802e-02
34988: 1.744792e+00 1.575521e+00 1.473958e+00 1.276042e-01 7.812500e-02
34988: 1.745455e+00 1.576623e+00 1.472727e+00 1.272727e-01 7.792208e-02
34988: 1.743523e+00 1.575130e+00 1.476684e+00 1.269430e-01 7.772021e-02
34988: 1.744186e+00 1.573643e+00 1.475452e+00 1.291990e-01 7.751938e-02
34988: 1.742268e+00 1.577320e+00 1.474227e+00 1.288660e-01 7.731959e-02
34988: 1.742931e+00 1.575835e+00 1.475578e+00 1.285347e-01 7.712082e-02
34988: 1.741026e+00 1.576923e+00 1.476923e+00 1.282051e-01 7.692308e-02
34988: 1.741688e+00 1.578005e+00 1.475703e+00 1.278772e-01 7.672634e-02
34988: 1.739796e+00 1.576531e+00 1.479592e+00 1.275510e-01 7.653061e-02
34988: 1.740458e+00 1.575064e+00 1.480916e+00 1.272265e-01 7.633588e-02
34988: 1.738579e+00 1.573604e+00 1.484772e+00 1.269036e-01 7.614213e-02
34988: 1.739241e+00 1.572152e+00 1.483544e+00 1.265823e-01 7.848101e-02
34988: 1.739899e+00 1.573232e+00 1.482323e+00 1.262626e-01 7.828283e-02
34988: 1.738035e+00 1.574307e+00 1.483627e+00 1.259446e-01 7.808564e-02
34988: 1.741206e+00 1.570352e+00 1.484925e+00 1.256281e-01 7.788945e-02
34988: 1.741855e+00 1.571429e+00 1.483709e+00 1.253133e-01 7.769424e-02
34988: 1.740000e+00 1.570000e+00 1.487500e+00 1.250000e-01 7.750000e-02
34988: 1.740648e+00 1.571072e+00 1.486284e+00 1.246883e-01 7.730673e-02
34988: 1.738806e+00 1.569652e+00 1.490050e+00 1.243781e-01 7.711443e-02
34988: 1.741935e+00 1.570720e+00 1.486352e+00 1.240695e-01 7.692308e-02
34988: 1.740099e+00 1.569307e+00 1.490099e+00 1.237624e-01 7.673267e-02
34988: 1.740741e+00 1.572840e+00 1.486420e+00 1.234568e-01 7.654321e-02
34988: 1.738916e+00 1.571429e+00 1.490148e+00 1.231527e-01 7.635468e-02
34988: 1.742015e+00 1.570025e+00 1.488943e+00 1.228501e-01 7.616708e-02
34988: 1.740196e+00 1.568627e+00 1.490196e+00 1.225490e-01 7.843137e-02
34988: 1.740831e+00 1.569682e+00 1.488998e+00 1.222494e-01 7.823961e-02
34988: 1.741463e+00 1.568293e+00 1.490244e+00 1.219512e-01 7.804878e-02
34988: 1.739659e+00 1.574209e+00 1.486618e+00 1.216545e-01 7.785888e-02
34988: 1.740291e+00 1.570388e+00 1.487864e+00 1.213592e-01 8.009709e-02
34988: 1.740920e+00 1.571429e+00 1.486683e+00 1.210654e-01 7.990315e-02
34988: 1.739130e+00 1.570048e+00 1.490338e+00 1.207729e-01 7.971014e-02
34988: 1.739759e+00 1.568675e+00 1.491566e+00 1.204819e-01 7.951807e-02
34988: 1.737981e+00 1.572115e+00 1.490385e+00 1.201923e-01 7.932692e-02
34988: 1.738609e+00 1.573141e+00 1.489209e+00 1.199041e-01 7.913669e-02
34988: 1.736842e+00 1.571770e+00 1.492823e+00 1.196172e-01 7.894737e-02
34988: 1.737470e+00 1.568019e+00 1.494033e+00 1.217184e-01 7.875895e-02
34988: 1.738095e+00 1.571429e+00 1.490476e+00 1.214286e-01 7.857143e-02
34988: 1.738717e+00 1.570071e+00 1.491686e+00 1.211401e-01 7.838480e-02
34988: 1.739336e+00 1.571090e+00 1.490521e+00 1.208531e-01 7.819905e-02
34988: 1.737589e+00 1.572104e+00 1.491726e+00 1.205674e-01 7.801418e-02
34988: 1.738208e+00 1.573113e+00 1.490566e+00 1.202830e-01 7.783019e-02
34988: 1.738824e+00 1.571765e+00 1.491765e+00 1.200000e-01 7.764706e-02
34988: 1.739437e+00 1.572770e+00 1.490610e+00 1.197183e-01 7.746479e-02
34988: 1.737705e+00 1.571429e+00 1.491803e+00 1.217799e-01 7.728337e-02
34988: 1.738318e+00 1.570093e+00 1.490654e+00 1.238318e-01 7.710280e-02
34988: 1.736597e+00 1.573427e+00 1.489510e+00 1.235431e-01 7.692308e-02
34988: 1.737209e+00 1.572093e+00 1.488372e+00 1.255814e-01 7.674419e-02
34988: 1.737819e+00 1.573086e+00 1.487239e+00 1.252900e-01 7.656613e-02
34988: 1.736111e+00 1.571759e+00 1.490741e+00 1.250000e-01 7.638889e-02
34988: 1.739030e+00 1.570439e+00 1.489607e+00 1.247113e-01 7.621247e-02
34988: 1.737327e+00 1.573733e+00 1.488479e+00 1.244240e-01 7.603687e-02
34988: 1.740230e+00 1.572414e+00 1.487356e+00 1.241379e-01 7.586207e-02
34988: 1.738532e+00 1.573394e+00 1.488532e+00 1.238532e-01 7.568807e-02
34988: 1.739130e+00 1.574371e+00 1.487414e+00 1.235698e-01 7.551487e-02
34988: 1.737443e+00 1.570776e+00 1.493151e+00 1.232877e-01 7.534247e-02
34988: 1.740319e+00 1.569476e+00 1.492027e+00 1.230068e-01 7.517084e-02
34988: 1.738636e+00 1.575000e+00 1.488636e+00 1.227273e-01 7.500000e-02
34988: 1.739229e+00 1.573696e+00 1.487528e+00 1.247166e-01 7.482993e-02
34988: 1.739819e+00 1.574661e+00 1.486425e+00 1.244344e-01 7.466063e-02
34988: 1.738149e+00 1.573363e+00 1.487585e+00 1.264108e-01 7.449210e-02
34988: 1.738739e+00 1.574324e+00 1.486486e+00 1.261261e-01 7.432432e-02
34988: 1.737079e+00 1.573034e+00 1.489888e+00 1.258427e-01 7.415730e-02
34988: 1.739910e+00 1.569507e+00 1.491031e+00 1.255605e-01 7.399103e-02
34988: 1.738255e+00 1.572707e+00 1.489933e+00 1.252796e-01 7.382550e-02
34988: 1.736607e+00 1.571429e+00 1.493304e+00 1.250000e-01 7.366071e-02
34988: 1.737194e+00 1.570156e+00 1.494432e+00 1.247216e-01 7.349666e-02
34988: 1.735556e+00 1.571111e+00 1.495556e+00 1.244444e-01 7.333333e-02
34988: 1.736142e+00 1.572062e+00 1.494457e+00 1.241685e-01 7.317073e-02
34988: 1.734513e+00 1.573009e+00 1.495575e+00 1.238938e-01 7.300885e-02
34988: 1.737307e+00 1.571744e+00 1.494481e+00 1.236203e-01 7.284768e-02
34988: 1.735683e+00 1.572687e+00 1.493392e+00 1.255507e-01 7.268722e-02
34988: 1.736264e+00 1.571429e+00 1.494505e+00 1.252747e-01 7.252747e-02
34988: 1.734649e+00 1.572368e+00 1.495614e+00 1.250000e-01 7.236842e-02
34988: 1.735230e+00 1.568928e+00 1.498906e+00 1.247265e-01 7.221007e-02
34988: 1.733624e+00 1.572052e+00 1.497817e+00 1.244541e-01 7.205240e-02
34988: 1.734205e+00 1.570806e+00 1.496732e+00 1.263617e-01 7.189542e-02
34988: 1.732609e+00 1.571739e+00 1.495652e+00 1.282609e-01 7.173913e-02
34988: 1.735358e+00 1.570499e+00 1.494577e+00 1.279826e-01 7.158351e-02
34988: 1.733766e+00 1.573593e+00 1.493506e+00 1.277056e-01 7.142857e-02
34988: 1.734341e+00 1.572354e+00 1.492441e+00 1.295896e-01 7.127430e-02
34988: 1.734914e+00 1.573276e+00 1.491379e+00 1.293103e-01 7.112069e-02
34988: 1.735484e+00 1.569892e+00 1.494624e+00 1.290323e-01 7.096774e-02
34988: 1.736052e+00 1.572961e+00 1.491416e+00 1.287554e-01 7.081545e-02
34988: 1.736617e+00 1.571734e+00 1.492505e+00 1.284797e-01 7.066381e-02
34988: 1.735043e+00 1.572650e+00 1.493590e+00 1.282051e-01 7.051282e-02
34988: 1.735608e+00 1.573561e+00 1.492537e+00 1.279318e-01 7.036247e-02
34988: 1.734043e+00 1.574468e+00 1.493617e+00 1.276596e-01 7.021277e-02
34988: 1.734607e+00 1.575372e+00 1.492569e+00 1.273885e-01 7.006369e-02
34988: 1.733051e+00 1.574153e+00 1.493644e+00 1.292373e-01 6.991525e-02
34988: 1.733615e+00 1.572939e+00 1.492600e+00 1.310782e-01 6.976744e-02
34988: 1.734177e+00 1.573840e+00 1.491561e+00 1.308017e-01 6.962025e-02
34988: 1.732632e+00 1.574737e+00 1.492632e+00 1.305263e-01 6.947368e-02
34988: 1.733193e+00 1.573529e+00 1.493697e+00 1.302521e-01 6.932773e-02
34988: 1.731656e+00 1.574423e+00 1.492662e+00 1.320755e-01 6.918239e-02
34988: 1.732218e+00 1.571130e+00 1.493724e+00 1.338912e-01 6.903766e-02
34988: 1.730689e+00 1.569937e+00 1.494781e+00 1.356994e-01 6.889353e-02
34988: 1.733333e+00 1.570833e+00 1.491667e+00 1.354167e-01 6.875000e-02
34988: 1.731809e+00 1.569647e+00 1.494802e+00 1.351351e-01 6.860707e-02
34988: 1.730290e+00 1.570539e+00 1.495851e+00 1.348548e-01 6.846473e-02
34988: 1.732919e+00 1.569358e+00 1.494824e+00 1.345756e-01 6.832298e-02
34988: 1.731405e+00 1.572314e+00 1.493802e+00 1.342975e-01 6.818182e-02
34988: 1.734021e+00 1.571134e+00 1.492784e+00 1.340206e-01 6.804124e-02
34988: 1.732510e+00 1.572016e+00 1.493827e+00 1.337449e-01 6.790123e-02
34988: 1.733060e+00 1.570842e+00 1.492813e+00 1.334702e-01 6.981520e-02
34988: 1.733607e+00 1.571721e+00 1.491803e+00 1.331967e-01 6.967213e-02
34988: 1.732106e+00 1.570552e+00 1.494888e+00 1.329243e-01 6.952965e-02
34988: 1.732653e+00 1.569388e+00 1.495918e+00 1.326531e-01 6.938776e-02
34988: 1.731161e+00 1.574338e+00 1.492872e+00 1.323829e-01 6.924644e-02
34988: 1.733740e+00 1.571138e+00 1.493902e+00 1.321138e-01 6.910569e-02
34988: 1.732252e+00 1.572008e+00 1.492901e+00 1.318458e-01 7.099391e-02
34988: 1.732794e+00 1.572874e+00 1.491903e+00 1.315789e-01 7.085020e-02
34988: 1.733333e+00 1.571717e+00 1.492929e+00 1.313131e-01 7.070707e-02
34988: 1.731855e+00 1.574597e+00 1.491935e+00 1.310484e-01 7.056452e-02
34988: 1.734406e+00 1.573441e+00 1.490946e+00 1.307847e-01 7.042254e-02
34988: 1.732932e+00 1.574297e+00 1.489960e+00 1.325301e-01 7.028112e-02
34988: 1.731463e+00 1.577154e+00 1.488978e+00 1.322645e-01 7.014028e-02
34988: 1.732000e+00 1.576000e+00 1.488000e+00 1.320000e-01 7.200000e-02
34988: 1.730539e+00 1.576846e+00 1.489022e+00 1.317365e-01 7.185629e-02
34988: 1.731076e+00 1.575697e+00 1.490040e+00 1.314741e-01 7.171315e-02
34988: 1.729622e+00 1.576541e+00 1.491054e+00 1.312127e-01 7.157058e-02
34988: 1.730159e+00 1.575397e+00 1.492063e+00 1.309524e-01 7.142857e-02
34988: 1.730693e+00 1.576238e+00 1.491089e+00 1.306931e-01 7.128713e-02
34988: 1.729249e+00 1.577075e+00 1.492095e+00 1.304348e-01 7.114625e-02
34988: 1.731755e+00 1.573964e+00 1.493097e+00 1.301775e-01 7.100592e-02
34988: 1.730315e+00 1.574803e+00 1.494094e+00 1.299213e-01 7.086614e-02
34988: 1.728880e+00 1.575639e+00 1.495088e+00 1.296660e-01 7.072692e-02
34988: 1.729412e+00 1.574510e+00 1.496078e+00 1.294118e-01 7.058824e-02
34988: 1.727984e+00 1.577299e+00 1.495108e+00 1.291585e-01 7.045010e-02
34988: 1.728516e+00 1.578125e+00 1.494141e+00 1.289062e-01 7.031250e-02
34988: 1.729045e+00 1.576998e+00 1.495127e+00 1.286550e-01 7.017544e-02
34988: 1.727626e+00 1.577821e+00 1.494163e+00 1.284047e-01 7.198444e-02
34988: 1.728155e+00 1.576699e+00 1.495146e+00 1.281553e-01 7.184466e-02
34988: 1.728682e+00 1.577519e+00 1.494186e+00 1.279070e-01 7.170543e-02
34988: 1.727273e+00 1.576402e+00 1.497099e+00 1.276596e-01 7.156673e-02
34988: 1.729730e+00 1.575290e+00 1.496139e+00 1.274131e-01 7.142857e-02
34988: 1.730250e+00 1.576108e+00 1.495183e+00 1.271676e-01 7.129094e-02
34988: 1.730769e+00 1.575000e+00 1.496154e+00 1.269231e-01 7.115385e-02
34988: 1.731286e+00 1.575816e+00 1.495202e+00 1.266795e-01 7.101727e-02
34988: 1.729885e+00 1.574713e+00 1.496169e+00 1.283525e-01 7.088123e-02
34988: 1.730402e+00 1.573614e+00 1.495220e+00 1.300191e-01 7.074570e-02
34988: 1.730916e+00 1.572519e+00 1.496183e+00 1.297710e-01 7.061069e-02
34988: 1.731429e+00 1.573333e+00 1.495238e+00 1.295238e-01 7.047619e-02
34988: 1.730038e+00 1.572243e+00 1.496198e+00 1.311787e-01 7.034221e-02
34988: 1.732448e+00 1.571157e+00 1.495256e+00 1.309298e-01 7.020873e-02
34988: 1.731061e+00 1.573864e+00 1.494318e+00 1.306818e-01 7.007576e-02
34988: 1.731569e+00 1.572779e+00 1.495274e+00 1.304348e-01 6.994329e-02
34988: 1.730189e+00 1.573585e+00 1.494340e+00 1.301887e-01 7.169811e-02
34988: 1.730697e+00 1.572505e+00 1.493409e+00 1.318267e-01 7.156309e-02
34988: 1.731203e+00 1.573308e+00 1.492481e+00 1.315789e-01 7.142857e-02
34988: 1.729831e+00 1.574109e+00 1.493433e+00 1.313321e-01 7.129456e-02
34988: 1.730337e+00 1.573034e+00 1.494382e+00 1.310861e-01 7.116105e-02
34988: 1.728972e+00 1.573832e+00 1.495327e+00 1.308411e-01 7.102804e-02
34988: 1.729478e+00 1.570896e+00 1.496269e+00 1.324627e-01 7.089552e-02
34988: 1.728119e+00 1.571695e+00 1.497207e+00 1.322160e-01 7.076350e-02
34988: 1.728625e+00 1.570632e+00 1.498141e+00 1.319703e-01 7.063197e-02
34988: 1.727273e+00 1.571429e+00 1.497217e+00 1.317254e-01 7.235622e-02
34988: 1.727778e+00 1.570370e+00 1.498148e+00 1.314815e-01 7.222222e-02
34988: 1.726433e+00 1.573013e+00 1.497227e+00 1.312384e-01 7.208872e-02
34988: 1.728782e+00 1.571956e+00 1.496310e+00 1.309963e-01 7.195572e-02
34988: 1.729282e+00 1.572744e+00 1.495396e+00 1.307551e-01 7.182320e-02
34988: 1.727941e+00 1.571691e+00 1.498162e+00 1.305147e-01 7.169118e-02
34988: 1.728440e+00 1.572477e+00 1.497248e+00 1.302752e-01 7.155963e-02
34988: 1.727106e+00 1.571429e+00 1.500000e+00 1.300366e-01 7.142857e-02
34988: 1.727605e+00 1.570384e+00 1.500914e+00 1.297989e-01 7.129799e-02
34988: 1.728102e+00 1.569343e+00 1.501825e+00 1.295620e-01 7.116788e-02
34988: 1.726776e+00 1.571949e+00 1.500911e+00 1.293260e-01 7.103825e-02
34988: 1.727273e+00 1.570909e+00 1.500000e+00 1.290909e-01 7.272727e-02
34988: 1.725953e+00 1.571688e+00 1.500907e+00 1.288566e-01 7.259528e-02
34988: 1.726449e+00 1.570652e+00 1.500000e+00 1.304348e-01 7.246377e-02
34988: 1.725136e+00 1.571429e+00 1.499096e+00 1.320072e-01 7.233273e-02
34988: 1.725632e+00 1.572202e+00 1.498195e+00 1.317690e-01 7.220217e-02
34988: 1.724324e+00 1.571171e+00 1.500901e+00 1.315315e-01 7.207207e-02
34988: 1.726619e+00 1.570144e+00 1.500000e+00 1.312950e-01 7.194245e-02
34988: 1.725314e+00 1.570916e+00 1.499102e+00 1.310592e-01 7.360862e-02
34988: 1.725806e+00 1.569892e+00 1.500000e+00 1.308244e-01 7.347670e-02
34988: 1.724508e+00 1.572451e+00 1.499106e+00 1.305903e-01 7.334526e-02
34988: 1.725000e+00 1.571429e+00 1.498214e+00 1.321429e-01 7.321429e-02
34988: 1.723708e+00 1.572193e+00 1.497326e+00 1.319073e-01 7.486631e-02
34988: 1.725979e+00 1.571174e+00 1.496441e+00 1.316726e-01 7.473310e-02
34988: 1.726465e+00 1.571936e+00 1.495560e+00 1.314387e-01 7.460036e-02
34988: 1.726950e+00 1.570922e+00 1.496454e+00 1.312057e-01 7.446809e-02
34988: 1.727434e+00 1.571681e+00 1.495575e+00 1.309735e-01 7.433628e-02
34988: 1.727915e+00 1.570671e+00 1.496466e+00 1.307420e-01 7.420495e-02
34988: 1.728395e+00 1.571429e+00 1.495591e+00 1.305115e-01 7.407407e-02
34988: 1.728873e+00 1.570423e+00 1.496479e+00 1.302817e-01 7.394366e-02
34988: 1.727592e+00 1.571178e+00 1.495606e+00 1.318102e-01 7.381371e-02
34988: 1.728070e+00 1.571930e+00 1.494737e+00 1.315789e-01 7.368421e-02
34988: 1.726795e+00 1.570928e+00 1.495622e+00 1.330998e-01 7.355517e-02
34988: 1.727273e+00 1.571678e+00 1.494755e+00 1.328671e-01 7.342657e-02
34988: 1.726003e+00 1.568935e+00 1.499127e+00 1.326353e-01 7.329843e-02
34988: 1.728223e+00 1.569686e+00 1.496516e+00 1.324042e-01 7.317073e-02
34988: 1.728696e+00 1.570435e+00 1.495652e+00 1.321739e-01 7.304348e-02
34988: 1.727431e+00 1.569444e+00 1.496528e+00 1.336806e-01 7.291667e-02
34988: 1.729636e+00 1.570191e+00 1.493934e+00 1.334489e-01 7.279029e-02
34988: 1.728374e+00 1.569204e+00 1.496540e+00 1.332180e-01 7.266436e-02
34988: 1.727116e+00 1.571675e+00 1.495682e+00 1.329879e-01 7.253886e-02
34988: 1.727586e+00 1.570690e+00 1.496552e+00 1.327586e-01 7.241379e-02
34988: 1.726334e+00 1.571429e+00 1.495697e+00 1.342513e-01 7.228916e-02
34988: 1.726804e+00 1.570447e+00 1.496564e+00 1.340206e-01 7.216495e-02
34988: 1.725557e+00 1.572899e+00 1.495712e+00 1.337907e-01 7.204117e-02
34988: 1.726027e+00 1.571918e+00 1.496575e+00 1.335616e-01 7.191781e-02
34988: 1.724786e+00 1.572650e+00 1.495726e+00 1.350427e-01 7.179487e-02
34988: 1.725256e+00 1.571672e+00 1.494881e+00 1.365188e-01 7.167235e-02
34988: 1.724020e+00 1.572402e+00 1.494037e+00 1.379898e-01 7.155026e-02
34988: 1.724490e+00 1.573129e+00 1.493197e+00 1.377551e-01 7.142857e-02
34988: 1.723260e+00 1.572156e+00 1.494058e+00 1.392190e-01 7.130730e-02
34988: 1.725424e+00 1.569492e+00 1.494915e+00 1.389831e-01 7.118644e-02
34988: 1.724196e+00 1.571912e+00 1.494078e+00 1.387479e-01 7.106599e-02
34988: 1.722973e+00 1.570946e+00 1.496622e+00 1.385135e-01 7.094595e-02
34988: 1.723440e+00 1.569983e+00 1.495784e+00 1.399663e-01 7.082631e-02
34988: 1.723906e+00 1.572391e+00 1.493266e+00 1.397306e-01 7.070707e-02
34988: 1.724370e+00 1.571429e+00 1.494118e+00 1.394958e-01 7.058824e-02
34988: 1.723154e+00 1.572148e+00 1.493289e+00 1.409396e-01 7.046980e-02
34988: 1.723618e+00 1.572864e+00 1.492462e+00 1.407035e-01 7.035176e-02
34988: 1.722408e+00 1.571906e+00 1.494983e+00 1.404682e-01 7.023411e-02
34988: 1.722871e+00 1.570952e+00 1.495826e+00 1.402337e-01 7.011686e-02
34988: 1.721667e+00 1.571667e+00 1.495000e+00 1.400000e-01 7.166667e-02
34988: 1.722130e+00 1.572379e+00 1.494176e+00 1.397671e-01 7.154742e-02
34988: 1.720930e+00 1.571429e+00 1.496678e+00 1.395349e-01 7.142857e-02
34988: 1.721393e+00 1.572139e+00 1.495854e+00 1.393035e-01 7.131012e-02
34988: 1.720199e+00 1.571192e+00 1.498344e+00 1.390728e-01 7.119205e-02
34988: 1.720661e+00 1.570248e+00 1.497521e+00 1.404959e-01 7.107438e-02
34988: 1.719472e+00 1.570957e+00 1.498350e+00 1.402640e-01 7.095710e-02
34988: 1.719934e+00 1.571664e+00 1.497529e+00 1.400329e-01 7.084020e-02
34988: 1.718750e+00 1.570724e+00 1.498355e+00 1.398026e-01 7.236842e-02
34988: 1.719212e+00 1.571429e+00 1.497537e+00 1.395731e-01 7.224959e-02
34988: 1.718033e+00 1.572131e+00 1.498361e+00 1.393443e-01 7.213115e-02
34988: 1.720131e+00 1.571195e+00 1.497545e+00 1.391162e-01 7.201309e-02
34988: 1.718954e+00 1.571895e+00 1.496732e+00 1.405229e-01 7.189542e-02
34988: 1.721044e+00 1.570962e+00 1.495922e+00 1.402936e-01 7.177814e-02
34988: 1.719870e+00 1.571661e+00 1.496743e+00 1.400651e-01 7.166124e-02
34988: 1.720325e+00 1.570732e+00 1.495935e+00 1.414634e-01 7.154472e-02
34988: 1.719156e+00 1.571429e+00 1.496753e+00 1.412338e-01 7.142857e-02
34988: 1.719611e+00 1.572123e+00 1.495948e+00 1.410049e-01 7.131280e-02
34988: 1.718447e+00 1.571197e+00 1.496764e+00 1.407767e-01 7.281553e-02
34988: 1.718901e+00 1.570275e+00 1.497577e+00 1.405493e-01 7.269790e-02
34988: 1.717742e+00 1.572581e+00 1.496774e+00 1.403226e-01 7.258065e-02
34988: 1.719807e+00 1.571659e+00 1.495974e+00 1.400966e-01 7.246377e-02
34988: 1.720257e+00 1.572347e+00 1.495177e+00 1.398714e-01 7.234727e-02
34988: 1.719101e+00 1.571429e+00 1.497592e+00 1.396469e-01 7.223114e-02
34988: 1.719551e+00 1.572115e+00 1.496795e+00 1.394231e-01 7.211538e-02
34988: 1.718400e+00 1.571200e+00 1.499200e+00 1.392000e-01 7.200000e-02
34988: 1.720447e+00 1.570288e+00 1.498403e+00 1.389776e-01 7.188498e-02
34988: 1.719298e+00 1.570973e+00 1.497608e+00 1.403509e-01 7.177033e-02
34988: 1.719745e+00 1.570064e+00 1.496815e+00 1.401274e-01 7.324841e-02
34988: 1.718601e+00 1.570747e+00 1.496025e+00 1.414944e-01 7.313196e-02
34988: 1.719048e+00 1.571429e+00 1.495238e+00 1.412698e-01 7.301587e-02
34988: 1.717908e+00 1.568938e+00 1.499208e+00 1.410460e-01 7.290016e-02
34988: 1.718354e+00 1.569620e+00 1.498418e+00 1.408228e-01 7.278481e-02
34988: 1.717220e+00 1.570300e+00 1.499210e+00 1.406003e-01 7.266983e-02
34988: 1.716088e+00 1.569401e+00 1.501577e+00 1.403785e-01 7.255521e-02
34988: 1.716535e+00 1.570079e+00 1.500787e+00 1.401575e-01 7.244094e-02
34988: 1.715409e+00 1.569182e+00 1.501572e+00 1.399371e-01 7.389937e-02
34988: 1.715856e+00 1.569859e+00 1.499215e+00 1.397174e-01 7.535322e-02
34988: 1.714734e+00 1.570533e+00 1.498433e+00 1.410658e-01 7.523511e-02
34988: 1.715180e+00 1.571205e+00 1.497653e+00 1.408451e-01 7.511737e-02
34988: 1.714063e+00 1.570312e+00 1.500000e+00 1.406250e-01 7.500000e-02
34988: 1.716069e+00 1.567863e+00 1.500780e+00 1.404056e-01 7.488300e-02
34988: 1.716511e+00 1.570093e+00 1.498442e+00 1.401869e-01 7.476636e-02
34988: 1.715397e+00 1.569207e+00 1.500778e+00 1.399689e-01 7.465008e-02
34988: 1.715839e+00 1.569876e+00 1.500000e+00 1.397516e-01 7.453416e-02
34988: 1.714729e+00 1.570543e+00 1.500775e+00 1.395349e-01 7.441860e-02
34988: 1.713622e+00 1.569659e+00 1.501548e+00 1.393189e-01 7.585139e-02
34988: 1.714065e+00 1.571870e+00 1.499227e+00 1.391036e-01 7.573416e-02
34988: 1.712963e+00 1.570988e+00 1.501543e+00 1.388889e-01 7.561728e-02
34988: 1.711864e+00 1.570108e+00 1.503852e+00 1.386749e-01 7.550077e-02
34988: 1.712308e+00 1.569231e+00 1.503077e+00 1.384615e-01 7.692308e-02
34988: 1.712750e+00 1.571429e+00 1.500768e+00 1.382488e-01 7.680492e-02
34988: 1.711656e+00 1.570552e+00 1.501534e+00 1.395706e-01 7.668712e-02
34988: 1.713629e+00 1.569678e+00 1.500766e+00 1.393568e-01 7.656968e-02
34988: 1.712538e+00 1.571865e+00 1.500000e+00 1.391437e-01 7.645260e-02
34988: 1.712977e+00 1.572519e+00 1.499237e+00 1.389313e-01 7.633588e-02
34988: 1.711890e+00 1.571646e+00 1.501524e+00 1.387195e-01 7.621951e-02
34988: 1.712329e+00 1.569254e+00 1.503805e+00 1.385084e-01 7.610350e-02
34988: 1.711246e+00 1.569909e+00 1.503040e+00 1.382979e-01 7.750760e-02
34988: 1.710167e+00 1.569044e+00 1.503794e+00 1.396055e-01 7.738998e-02
34988: 1.710606e+00 1.569697e+00 1.503030e+00 1.393939e-01 7.727273e-02
34988: 1.709531e+00 1.571861e+00 1.502269e+00 1.391831e-01 7.715582e-02
34988: 1.709970e+00 1.570997e+00 1.503021e+00 1.389728e-01 7.703927e-02
34988: 1.708899e+00 1.573152e+00 1.502262e+00 1.387632e-01 7.692308e-02
34988: 1.709337e+00 1.573795e+00 1.501506e+00 1.385542e-01 7.680723e-02
34988: 1.708271e+00 1.574436e+00 1.502256e+00 1.383459e-01 7.669173e-02
34988: 1.708709e+00 1.575075e+00 1.501502e+00 1.381381e-01 7.657658e-02
34988: 1.707646e+00 1.574213e+00 1.503748e+00 1.379310e-01 7.646177e-02
34988: 1.706587e+00 1.574850e+00 1.504491e+00 1.377246e-01 7.634731e-02
34988: 1.707025e+00 1.573991e+00 1.505232e+00 1.375187e-01 7.623318e-02
34988: 1.705970e+00 1.574627e+00 1.504478e+00 1.373134e-01 7.761194e-02
34988: 1.706408e+00 1.573770e+00 1.503726e+00 1.385991e-01 7.749627e-02
34988: 1.705357e+00 1.575893e+00 1.502976e+00 1.383929e-01 7.738095e-02
34988: 1.705795e+00 1.576523e+00 1.502229e+00 1.381872e-01 7.726597e-02
34988: 1.704748e+00 1.575668e+00 1.502967e+00 1.394659e-01 7.715134e-02
34988: 1.703704e+00 1.577778e+00 1.502222e+00 1.392593e-01 7.703704e-02
34988: 1.704142e+00 1.576923e+00 1.502959e+00 1.390533e-01 7.692308e-02
34988: 1.703102e+00 1.576071e+00 1.505170e+00 1.388479e-01 7.680945e-02
34988: 1.705015e+00 1.575221e+00 1.504425e+00 1.386431e-01 7.669617e-02
34988: 1.703976e+00 1.575847e+00 1.505155e+00 1.384389e-01 7.658321e-02
34988: 1.705882e+00 1.575000e+00 1.504412e+00 1.382353e-01 7.647059e-02
34988: 1.704846e+00 1.575624e+00 1.505140e+00 1.380323e-01 7.635830e-02
34988: 1.705279e+00 1.576246e+00 1.504399e+00 1.378299e-01 7.624633e-02
34988: 1.704246e+00 1.573939e+00 1.508053e+00 1.376281e-01 7.613470e-02
34988: 1.703216e+00 1.574561e+00 1.508772e+00 1.374269e-01 7.602339e-02
34988: 1.703650e+00 1.573723e+00 1.509489e+00 1.372263e-01 7.591241e-02
34988: 1.704082e+00 1.574344e+00 1.508746e+00 1.370262e-01 7.580175e-02
34988: 1.703057e+00 1.573508e+00 1.510917e+00 1.368268e-01 7.569141e-02
34988: 1.703488e+00 1.574128e+00 1.510174e+00 1.366279e-01 7.558140e-02
34988: 1.702467e+00 1.573295e+00 1.510885e+00 1.364296e-01 7.692308e-02
34988: 1.701449e+00 1.573913e+00 1.510145e+00 1.376812e-01 7.681159e-02
34988: 1.701881e+00 1.573082e+00 1.510854e+00 1.374819e-01 7.670043e-02
34988: 1.700867e+00 1.572254e+00 1.513006e+00 1.372832e-01 7.658960e-02
34988: 1.701299e+00 1.571429e+00 1.512266e+00 1.370851e-01 7.792208e-02
34988: 1.700288e+00 1.572046e+00 1.512968e+00 1.368876e-01 7.780980e-02
34988: 1.700719e+00 1.571223e+00 1.512230e+00 1.366906e-01 7.913669e-02
34988: 1.699713e+00 1.571839e+00 1.512931e+00 1.364943e-01 7.902299e-02
34988: 1.700143e+00 1.572453e+00 1.512195e+00 1.362984e-01 7.890961e-02
34988: 1.699140e+00 1.571633e+00 1.514327e+00 1.361032e-01 7.879656e-02
34988: 1.699571e+00 1.572246e+00 1.513591e+00 1.359084e-01 7.868383e-02
34988: 1.698571e+00 1.572857e+00 1.514286e+00 1.357143e-01 7.857143e-02
34988: 1.699001e+00 1.572040e+00 1.514979e+00 1.355207e-01 7.845934e-02
34988: 1.698006e+00 1.574074e+00 1.514245e+00 1.353276e-01 7.834758e-02
34988: 1.698435e+00 1.571835e+00 1.516358e+00 1.351351e-01 7.823613e-02
34988: 1.697443e+00 1.572443e+00 1.517045e+00 1.349432e-01 7.812500e-02
34988: 1.697872e+00 1.573050e+00 1.516312e+00 1.347518e-01 7.801418e-02
34988: 1.696884e+00 1.572238e+00 1.516997e+00 1.359773e-01 7.790368e-02
34988: 1.697313e+00 1.571429e+00 1.517680e+00 1.357850e-01 7.779349e-02
34988: 1.696328e+00 1.573446e+00 1.516949e+00 1.355932e-01 7.768362e-02
34988: 1.696756e+00 1.572638e+00 1.517630e+00 1.354020e-01 7.757405e-02
34988: 1.695775e+00 1.573239e+00 1.518310e+00 1.352113e-01 7.746479e-02
34988: 1.696203e+00 1.571027e+00 1.520394e+00 1.350211e-01 7.735584e-02
34988: 1.696629e+00 1.571629e+00 1.519663e+00 1.348315e-01 7.724719e-02
34988: 1.695652e+00 1.570827e+00 1.521739e+00 1.346424e-01 7.713885e-02
34988: 1.696078e+00 1.570028e+00 1.522409e+00 1.344538e-01 7.703081e-02
34988: 1.696503e+00 1.570629e+00 1.521678e+00 1.342657e-01 7.692308e-02
34988: 1.696927e+00 1.569832e+00 1.522346e+00 1.340782e-01 7.681564e-02
34988: 1.697350e+00 1.570432e+00 1.521618e+00 1.338912e-01 7.670851e-02
34988: 1.696379e+00 1.569638e+00 1.523677e+00 1.337047e-01 7.660167e-02
34988: 1.698192e+00 1.570236e+00 1.521558e+00 1.335188e-01 7.649513e-02
34988: 1.697222e+00 1.570833e+00 1.522222e+00 1.333333e-01 7.638889e-02
34988: 1.699029e+00 1.570042e+00 1.521498e+00 1.331484e-01 7.628294e-02
34988: 1.699446e+00 1.570637e+00 1.520776e+00 1.329640e-01 7.617729e-02
34988: 1.698479e+00 1.569848e+00 1.521438e+00 1.341632e-01 7.607192e-02
34988: 1.698895e+00 1.571823e+00 1.519337e+00 1.339779e-01 7.596685e-02
34988: 1.697931e+00 1.572414e+00 1.520000e+00 1.337931e-01 7.586207e-02
34988: 1.699725e+00 1.571625e+00 1.519284e+00 1.336088e-01 7.575758e-02
34988: 1.698762e+00 1.572215e+00 1.519945e+00 1.334250e-01 7.565337e-02
34988: 1.700549e+00 1.571429e+00 1.519231e+00 1.332418e-01 7.554945e-02
34988: 1.699588e+00 1.573388e+00 1.518519e+00 1.330590e-01 7.544582e-02
34988: 1.701370e+00 1.571233e+00 1.519178e+00 1.328767e-01 7.534247e-02
34988: 1.700410e+00 1.573187e+00 1.518468e+00 1.326949e-01 7.523940e-02
34988: 1.700820e+00 1.572404e+00 1.519126e+00 1.325137e-01 7.513661e-02
34988: 1.699864e+00 1.572988e+00 1.518417e+00 1.336971e-01 7.503411e-02
34988: 1.700272e+00 1.572207e+00 1.519074e+00 1.335150e-01 7.493188e-02
34988: 1.699320e+00 1.572789e+00 1.518367e+00 1.346939e-01 7.482993e-02
34988: 1.699728e+00 1.572011e+00 1.519022e+00 1.345109e-01 7.472826e-02
34988: 1.698779e+00 1.572592e+00 1.518318e+00 1.356852e-01 7.462687e-02
34988: 1.699187e+00 1.571816e+00 1.517615e+00 1.355014e-01 7.588076e-02
34988: 1.698241e+00 1.572395e+00 1.518268e+00 1.353180e-01 7.577808e-02
34988: 1.698649e+00 1.572973e+00 1.517568e+00 1.351351e-01 7.567568e-02
34988: 1.699055e+00 1.572200e+00 1.518219e+00 1.349528e-01 7.557355e-02
34988: 1.698113e+00 1.572776e+00 1.518868e+00 1.347709e-01 7.547170e-02
34988: 1.699865e+00 1.572005e+00 1.518170e+00 1.345895e-01 7.537012e-02
34988: 1.700269e+00 1.572581e+00 1.517473e+00 1.344086e-01 7.526882e-02
34988: 1.700671e+00 1.571812e+00 1.518121e+00 1.342282e-01 7.516779e-02
34988: 1.701072e+00 1.571046e+00 1.518767e+00 1.340483e-01 7.506702e-02
34988: 1.701473e+00 1.571620e+00 1.518072e+00 1.338688e-01 7.496653e-02
34988: 1.700535e+00 1.570856e+00 1.520053e+00 1.336898e-01 7.486631e-02
34988: 1.700935e+00 1.570093e+00 1.519359e+00 1.348465e-01 7.476636e-02
34988: 1.700000e+00 1.572000e+00 1.518667e+00 1.346667e-01 7.466667e-02
34988: 1.700399e+00 1.571238e+00 1.517976e+00 1.344874e-01 7.589880e-02
34988: 1.700798e+00 1.571809e+00 1.517287e+00 1.343085e-01 7.579787e-02
34988: 1.699867e+00 1.571049e+00 1.519256e+00 1.341301e-01 7.569721e-02
34988: 1.701592e+00 1.570292e+00 1.518568e+00 1.339523e-01 7.559682e-02
34988: 1.700662e+00 1.570861e+00 1.519205e+00 1.337748e-01 7.549669e-02
34988: 1.701058e+00 1.571429e+00 1.518519e+00 1.335979e-01 7.539683e-02
34988: 1.700132e+00 1.570674e+00 1.519155e+00 1.334214e-01 7.661823e-02
34988: 1.700528e+00 1.569921e+00 1.519789e+00 1.332454e-01 7.651715e-02
34988: 1.699605e+00 1.573123e+00 1.517787e+00 1.330698e-01 7.641634e-02
34988: 1.700000e+00 1.573684e+00 1.517105e+00 1.328947e-01 7.631579e-02
34988: 1.699080e+00 1.572930e+00 1.517740e+00 1.340342e-01 7.621551e-02
34988: 1.698163e+00 1.573491e+00 1.517060e+00 1.351706e-01 7.611549e-02
34988: 1.699869e+00 1.572739e+00 1.516383e+00 1.349934e-01 7.601573e-02
34988: 1.700262e+00 1.573298e+00 1.515707e+00 1.348168e-01 7.591623e-02
34988: 1.700654e+00 1.572549e+00 1.516340e+00 1.346405e-01 7.581699e-02
34988: 1.699739e+00 1.574413e+00 1.515666e+00 1.344648e-01 7.571802e-02
34988: 1.700130e+00 1.572360e+00 1.516297e+00 1.342894e-01 7.692308e-02
34988: 1.700521e+00 1.572917e+00 1.515625e+00 1.341146e-01 7.682292e-02
34988: 1.700910e+00 1.572172e+00 1.516255e+00 1.339402e-01 7.672302e-02
34988: 1.700000e+00 1.572727e+00 1.516883e+00 1.337662e-01 7.662338e-02
34988: 1.700389e+00 1.573281e+00 1.516213e+00 1.335927e-01 7.652399e-02
34988: 1.699482e+00 1.572539e+00 1.518135e+00 1.334197e-01 7.642487e-02
34988: 1.699871e+00 1.571798e+00 1.518758e+00 1.332471e-01 7.632600e-02
34988: 1.700258e+00 1.572351e+00 1.518088e+00 1.330749e-01 7.622739e-02
34988: 1.700645e+00 1.571613e+00 1.518710e+00 1.329032e-01 7.612903e-02
34988: 1.699742e+00 1.572165e+00 1.519330e+00 1.327320e-01 7.603093e-02
34988: 1.700129e+00 1.571429e+00 1.519949e+00 1.325611e-01 7.593308e-02
34988: 1.699229e+00 1.573265e+00 1.519280e+00 1.323907e-01 7.583548e-02
34988: 1.699615e+00 1.572529e+00 1.519897e+00 1.322208e-01 7.573813e-02
34988: 1.700000e+00 1.573077e+00 1.519231e+00 1.320513e-01 7.564103e-02
34988: 1.699104e+00 1.572343e+00 1.519846e+00 1.318822e-01 7.682458e-02
34988: 1.699488e+00 1.571611e+00 1.520460e+00 1.317136e-01 7.672634e-02
34988: 1.699872e+00 1.572158e+00 1.519796e+00 1.315453e-01 7.662835e-02
34988: 1.698980e+00 1.571429e+00 1.520408e+00 1.313776e-01 7.780612e-02
34988: 1.699363e+00 1.571975e+00 1.519745e+00 1.312102e-01 7.770701e-02
34988: 1.699746e+00 1.571247e+00 1.520356e+00 1.310433e-01 7.760814e-02
34988: 1.698856e+00 1.571792e+00 1.519695e+00 1.321474e-01 7.750953e-02
34988: 1.700508e+00 1.571066e+00 1.519036e+00 1.319797e-01 7.741117e-02
34988: 1.699620e+00 1.572877e+00 1.518378e+00 1.318124e-01 7.731305e-02
34988: 1.700000e+00 1.573418e+00 1.517722e+00 1.316456e-01 7.721519e-02
34988: 1.699115e+00 1.573957e+00 1.518331e+00 1.314791e-01 7.711757e-02
34988: 1.700758e+00 1.571970e+00 1.518939e+00 1.313131e-01 7.702020e-02
34988: 1.699874e+00 1.572509e+00 1.518285e+00 1.324086e-01 7.692308e-02
34988: 1.698992e+00 1.573048e+00 1.517632e+00 1.322418e-01 7.808564e-02
34988: 1.699371e+00 1.572327e+00 1.518239e+00 1.320755e-01 7.798742e-02
34988: 1.698492e+00 1.574121e+00 1.517588e+00 1.319095e-01 7.788945e-02
34988: 1.698871e+00 1.573400e+00 1.518193e+00 1.317440e-01 7.779172e-02
34988: 1.697995e+00 1.573935e+00 1.517544e+00 1.328321e-01 7.769424e-02
34988: 1.698373e+00 1.574468e+00 1.516896e+00 1.326658e-01 7.759700e-02
34988: 1.698750e+00 1.573750e+00 1.517500e+00 1.325000e-01 7.750000e-02
34988: 1.697878e+00 1.574282e+00 1.518102e+00 1.323346e-01 7.740325e-02
34988: 1.699501e+00 1.573566e+00 1.517456e+00 1.321696e-01 7.730673e-02
34988: 1.698630e+00 1.572852e+00 1.519303e+00 1.320050e-01 7.721046e-02
34988: 1.699005e+00 1.573383e+00 1.518657e+00 1.318408e-01 7.711443e-02
34988: 1.699379e+00 1.572671e+00 1.519255e+00 1.316770e-01 7.701863e-02
34988: 1.698511e+00 1.574442e+00 1.518610e+00 1.315136e-01 7.692308e-02
34988: 1.698885e+00 1.572491e+00 1.519207e+00 1.313507e-01 7.806691e-02
34988: 1.699257e+00 1.573020e+00 1.518564e+00 1.311881e-01 7.797030e-02
34988: 1.699629e+00 1.572311e+00 1.519159e+00 1.310260e-01 7.787392e-02
34988: 1.700000e+00 1.572840e+00 1.518519e+00 1.308642e-01 7.777778e-02
34988: 1.700370e+00 1.572133e+00 1.519112e+00 1.307028e-01 7.768187e-02
34988: 1.699507e+00 1.573892e+00 1.518473e+00 1.305419e-01 7.758621e-02
34988: 1.699877e+00 1.573186e+00 1.517835e+00 1.316113e-01 7.749077e-02
34988: 1.699017e+00 1.574939e+00 1.517199e+00 1.314496e-01 7.739558e-02
34988: 1.699387e+00 1.573006e+00 1.517791e+00 1.325153e-01 7.730061e-02
34988: 1.698529e+00 1.573529e+00 1.517157e+00 1.335784e-01 7.720588e-02
34988: 1.698898e+00 1.574051e+00 1.516524e+00 1.334149e-01 7.711138e-02
34988: 1.699267e+00 1.573350e+00 1.517115e+00 1.332518e-01 7.701711e-02
34988: 1.698413e+00 1.573871e+00 1.516484e+00 1.343101e-01 7.692308e-02
34988: 1.697561e+00 1.574390e+00 1.517073e+00 1.341463e-01 7.682927e-02
34988: 1.697929e+00 1.573691e+00 1.517661e+00 1.339829e-01 7.673569e-02
34988: 1.698297e+00 1.574209e+00 1.517032e+00 1.338200e-01 7.664234e-02
34988: 1.697448e+00 1.573512e+00 1.518834e+00 1.336574e-01 7.654921e-02
34988: 1.697816e+00 1.574029e+00 1.518204e+00 1.334951e-01 7.645631e-02
34988: 1.696970e+00 1.573333e+00 1.518788e+00 1.345455e-01 7.636364e-02
34988: 1.697337e+00 1.573850e+00 1.518160e+00 1.343826e-01 7.627119e-02
34988: 1.697703e+00 1.573156e+00 1.518742e+00 1.342201e-01 7.617896e-02
34988: 1.696860e+00 1.573671e+00 1.519324e+00 1.340580e-01 7.608696e-02
34988: 1.696019e+00 1.574186e+00 1.519903e+00 1.338963e-01 7.599517e-02
34988: 1.696386e+00 1.574699e+00 1.519277e+00 1.337349e-01 7.590361e-02
34988: 1.695548e+00 1.572804e+00 1.521059e+00 1.335740e-01 7.701564e-02
34988: 1.697115e+00 1.572115e+00 1.520433e+00 1.334135e-01 7.692308e-02
34988: 1.696279e+00 1.572629e+00 1.521008e+00 1.332533e-01 7.683073e-02
34988: 1.695444e+00 1.573141e+00 1.520384e+00 1.330935e-01 7.793765e-02
34988: 1.695808e+00 1.571257e+00 1.520958e+00 1.341317e-01 7.784431e-02
34988: 1.694976e+00 1.572967e+00 1.520335e+00 1.339713e-01 7.775120e-02
34988: 1.695341e+00 1.572282e+00 1.520908e+00 1.338112e-01 7.765830e-02
34988: 1.694511e+00 1.573986e+00 1.520286e+00 1.336516e-01 7.756563e-02
34988: 1.696067e+00 1.573302e+00 1.519666e+00 1.334923e-01 7.747318e-02
34988: 1.695238e+00 1.573810e+00 1.519048e+00 1.345238e-01 7.738095e-02
34988: 1.694411e+00 1.574316e+00 1.518430e+00 1.355529e-01 7.728894e-02
34988: 1.694774e+00 1.573634e+00 1.517815e+00 1.353919e-01 7.838480e-02
34988: 1.693950e+00 1.574140e+00 1.517200e+00 1.352313e-01 7.947805e-02
34988: 1.694313e+00 1.574645e+00 1.516588e+00 1.350711e-01 7.938389e-02
34988: 1.693491e+00 1.573964e+00 1.517160e+00 1.360947e-01 7.928994e-02
34988: 1.693853e+00 1.573286e+00 1.517730e+00 1.359338e-01 7.919622e-02
34988: 1.693034e+00 1.574970e+00 1.517119e+00 1.357733e-01 7.910272e-02
34988: 1.693396e+00 1.575472e+00 1.516509e+00 1.356132e-01 7.900943e-02
34988: 1.692580e+00 1.575972e+00 1.517079e+00 1.354535e-01 7.891637e-02
34988: 1.692941e+00 1.576471e+00 1.516471e+00 1.352941e-01 7.882353e-02
34988: 1.693302e+00 1.575793e+00 1.517039e+00 1.351351e-01 7.873090e-02
34988: 1.692488e+00 1.576291e+00 1.516432e+00 1.349765e-01 7.981221e-02
34988: 1.691676e+00 1.577960e+00 1.515826e+00 1.348183e-01 7.971864e-02
34988: 1.692037e+00 1.576112e+00 1.517564e+00 1.346604e-01 7.962529e-02
34988: 1.691228e+00 1.577778e+00 1.516959e+00 1.345029e-01 7.953216e-02
34988: 1.691589e+00 1.577103e+00 1.517523e+00 1.343458e-01 7.943925e-02
34988: 1.690782e+00 1.578763e+00 1.516919e+00 1.341890e-01 7.934656e-02
34988: 1.691142e+00 1.578089e+00 1.517483e+00 1.340326e-01 7.925408e-02
34988: 1.690338e+00 1.578580e+00 1.518044e+00 1.338766e-01 7.916182e-02
34988: 1.690698e+00 1.577907e+00 1.518605e+00 1.337209e-01 7.906977e-02
34988: 1.689895e+00 1.578397e+00 1.518002e+00 1.335656e-01 8.013937e-02
34988: 1.690255e+00 1.577726e+00 1.518561e+00 1.334107e-01 8.004640e-02
34988: 1.689455e+00 1.579374e+00 1.517961e+00 1.332561e-01 7.995365e-02
34988: 1.689815e+00 1.578704e+00 1.518519e+00 1.331019e-01 7.986111e-02
34988: 1.689017e+00 1.579191e+00 1.519075e+00 1.329480e-01 7.976879e-02
34988: 1.689376e+00 1.578522e+00 1.518476e+00 1.327945e-01 8.083141e-02
34988: 1.688581e+00 1.577855e+00 1.519031e+00 1.337947e-01 8.073818e-02
34988: 1.688940e+00 1.577189e+00 1.519585e+00 1.336406e-01 8.064516e-02
34988: 1.688147e+00 1.577675e+00 1.520138e+00 1.334868e-01 8.055236e-02
34988: 1.688506e+00 1.577011e+00 1.520690e+00 1.333333e-01 8.045977e-02
34988: 1.687715e+00 1.577497e+00 1.521240e+00 1.331803e-01 8.036739e-02
34988: 1.688073e+00 1.576835e+00 1.521789e+00 1.330275e-01 8.027523e-02
34988: 1.688431e+00 1.577320e+00 1.521191e+00 1.328751e-01 8.018328e-02
34988: 1.687643e+00 1.575515e+00 1.524027e+00 1.327231e-01 8.009153e-02
34988: 1.688000e+00 1.574857e+00 1.524571e+00 1.325714e-01 8.000000e-02
34988: 1.687215e+00 1.575342e+00 1.523973e+00 1.335616e-01 7.990868e-02
34988: 1.687571e+00 1.574686e+00 1.523375e+00 1.334094e-01 8.095781e-02
34988: 1.686788e+00 1.576310e+00 1.522779e+00 1.332574e-01 8.086560e-02
34988: 1.688282e+00 1.575654e+00 1.522184e+00 1.331058e-01 8.077361e-02
34988: 1.687500e+00 1.576136e+00 1.521591e+00 1.340909e-01 8.068182e-02
34988: 1.686720e+00 1.576617e+00 1.522134e+00 1.339387e-01 8.059024e-02
34988: 1.688209e+00 1.575964e+00 1.521542e+00 1.337868e-01 8.049887e-02
34988: 1.687429e+00 1.576444e+00 1.522084e+00 1.336353e-01 8.040770e-02
34988: 1.688914e+00 1.575792e+00 1.521493e+00 1.334842e-01 8.031674e-02
34988: 1.689266e+00 1.576271e+00 1.520904e+00 1.333333e-01 8.022599e-02
34988: 1.688488e+00 1.575621e+00 1.522573e+00 1.331828e-01 8.013544e-02
34988: 1.688839e+00 1.574972e+00 1.523112e+00 1.330327e-01 8.004510e-02
34988: 1.689189e+00 1.575450e+00 1.522523e+00 1.328829e-01 7.995495e-02
34988: 1.688414e+00 1.574803e+00 1.523060e+00 1.338583e-01 7.986502e-02
34988: 1.688764e+00 1.573034e+00 1.524719e+00 1.337079e-01 7.977528e-02
34988: 1.689113e+00 1.573513e+00 1.524130e+00 1.335578e-01 7.968575e-02
34988: 1.688341e+00 1.572870e+00 1.524664e+00 1.334081e-01 8.071749e-02
34988: 1.688690e+00 1.573348e+00 1.524076e+00 1.332587e-01 8.062710e-02
34988: 1.687919e+00 1.573826e+00 1.524609e+00 1.331096e-01 8.053691e-02
34988: 1.687151e+00 1.574302e+00 1.525140e+00 1.329609e-01 8.044693e-02
34988: 1.688616e+00 1.573661e+00 1.524554e+00 1.328125e-01 8.035714e-02
34988: 1.688963e+00 1.574136e+00 1.523969e+00 1.326644e-01 8.026756e-02
34988: 1.688196e+00 1.574610e+00 1.524499e+00 1.325167e-01 8.017817e-02
34988: 1.687430e+00 1.576196e+00 1.523915e+00 1.323693e-01 8.008899e-02
34988: 1.687778e+00 1.575556e+00 1.523333e+00 1.333333e-01 8.000000e-02
34988: 1.687014e+00 1.576027e+00 1.523862e+00 1.331853e-01 7.991121e-02
34988: 1.687361e+00 1.576497e+00 1.523282e+00 1.330377e-01 7.982262e-02
34988: 1.686600e+00 1.575858e+00 1.524917e+00 1.328904e-01 7.973422e-02
34988: 1.686947e+00 1.575221e+00 1.524336e+00 1.338496e-01 7.964602e-02
34988: 1.686188e+00 1.576796e+00 1.523757e+00 1.337017e-01 7.955801e-02
34988: 1.687638e+00 1.576159e+00 1.523179e+00 1.335541e-01 7.947020e-02
34988: 1.686880e+00 1.576626e+00 1.523705e+00 1.334068e-01 7.938258e-02
34988: 1.687225e+00 1.577093e+00 1.523128e+00 1.332599e-01 7.929515e-02
34988: 1.686469e+00 1.576458e+00 1.524752e+00 1.331133e-01 7.920792e-02
34988: 1.687912e+00 1.575824e+00 1.524176e+00 1.329670e-01 7.912088e-02
34988: 1.687157e+00 1.577387e+00 1.523600e+00 1.328211e-01 7.903403e-02
34988: 1.687500e+00 1.576754e+00 1.524123e+00 1.326754e-01 7.894737e-02
34988: 1.687842e+00 1.577218e+00 1.523549e+00 1.325301e-01 7.886090e-02
34988: 1.687090e+00 1.576586e+00 1.525164e+00 1.323851e-01 7.877462e-02
34988: 1.687432e+00 1.577049e+00 1.524590e+00 1.322404e-01 7.868852e-02
34988: 1.686681e+00 1.576419e+00 1.526201e+00 1.320961e-01 7.860262e-02
34988: 1.687023e+00 1.576881e+00 1.525627e+00 1.319520e-01 7.851690e-02
34988: 1.686275e+00 1.576253e+00 1.526144e+00 1.328976e-01 7.843137e-02
34988: 1.685528e+00 1.577802e+00 1.525571e+00 1.327530e-01 7.834603e-02
34988: 1.685870e+00 1.577174e+00 1.526087e+00 1.326087e-01 7.826087e-02
34988: 1.686211e+00 1.577633e+00 1.525516e+00 1.324647e-01 7.817590e-02
34988: 1.685466e+00 1.577007e+00 1.527115e+00 1.323210e-01 7.809111e-02
34988: 1.685807e+00 1.577465e+00 1.526544e+00 1.321777e-01 7.800650e-02
34988: 1.685065e+00 1.576840e+00 1.528139e+00 1.320346e-01 7.792208e-02
34988: 1.686486e+00 1.576216e+00 1.527568e+00 1.318919e-01 7.783784e-02
34988: 1.686825e+00 1.576674e+00 1.526998e+00 1.317495e-01 7.775378e-02
34988: 1.686084e+00 1.576052e+00 1.527508e+00 1.326861e-01 7.766990e-02
34988: 1.686422e+00 1.576509e+00 1.526940e+00 1.325431e-01 7.758621e-02
34988: 1.686760e+00 1.574812e+00 1.528525e+00 1.324004e-01 7.750269e-02
34988: 1.686022e+00 1.576344e+00 1.527957e+00 1.322581e-01 7.741935e-02
34988: 1.686359e+00 1.576799e+00 1.527390e+00 1.321160e-01 7.733620e-02
34988: 1.685622e+00 1.577253e+00 1.527897e+00 1.319742e-01 7.725322e-02
34988: 1.684887e+00 1.577706e+00 1.528403e+00 1.318328e-01 7.717042e-02
34988: 1.685225e+00 1.578158e+00 1.527837e+00 1.316916e-01 7.708779e-02
34988: 1.684492e+00 1.578610e+00 1.528342e+00 1.315508e-01 7.700535e-02
34988: 1.684829e+00 1.579060e+00 1.527778e+00 1.314103e-01 7.692308e-02
34988: 1.684098e+00 1.578442e+00 1.529349e+00 1.312700e-01 7.684098e-02
34988: 1.685501e+00 1.577825e+00 1.528785e+00 1.311301e-01 7.675906e-02
34988: 1.684771e+00 1.579340e+00 1.528222e+00 1.309904e-01 7.667732e-02
34988: 1.686170e+00 1.578723e+00 1.527660e+00 1.308511e-01 7.659574e-02
34988: 1.686504e+00 1.579171e+00 1.527099e+00 1.307120e-01 7.651435e-02
34988: 1.685775e+00 1.578556e+00 1.528662e+00 1.305732e-01 7.643312e-02
34988: 1.686108e+00 1.579003e+00 1.528102e+00 1.304348e-01 7.635207e-02
34988: 1.685381e+00 1.579449e+00 1.528602e+00 1.302966e-01 7.627119e-02
34988: 1.685714e+00 1.578836e+00 1.528042e+00 1.312169e-01 7.619048e-02
34988: 1.686047e+00 1.579281e+00 1.527484e+00 1.310782e-01 7.610994e-02
34988: 1.686378e+00 1.578669e+00 1.527983e+00 1.309398e-01 7.602957e-02
34988: 1.685654e+00 1.579114e+00 1.528481e+00 1.308017e-01 7.594937e-02
34988: 1.685985e+00 1.578504e+00 1.528978e+00 1.306639e-01 7.586934e-02
34988: 1.685263e+00 1.580000e+00 1.528421e+00 1.305263e-01 7.578947e-02
34988: 1.686646e+00 1.579390e+00 1.527865e+00 1.303891e-01 7.570978e-02
34988: 1.686975e+00 1.579832e+00 1.527311e+00 1.302521e-01 7.563025e-02
34988: 1.687303e+00 1.579224e+00 1.527807e+00 1.301154e-01 7.555089e-02
34988: 1.686583e+00 1.579665e+00 1.527254e+00 1.310273e-01 7.547170e-02
34988: 1.686911e+00 1.579058e+00 1.527749e+00 1.308901e-01 7.539267e-02
34988: 1.686192e+00 1.579498e+00 1.527197e+00 1.317992e-01 7.531381e-02
34988: 1.687565e+00 1.578892e+00 1.526646e+00 1.316614e-01 7.523511e-02
34988: 1.686848e+00 1.579332e+00 1.526096e+00 1.325678e-01 7.515658e-02
34988: 1.687174e+00 1.578728e+00 1.526590e+00 1.324296e-01 7.507821e-02
34988: 1.687500e+00 1.579167e+00 1.526042e+00 1.322917e-01 7.500000e-02
34988: 1.687825e+00 1.578564e+00 1.526535e+00 1.321540e-01 7.492196e-02
34988: 1.688150e+00 1.579002e+00 1.525988e+00 1.320166e-01 7.484407e-02
34988: 1.687435e+00 1.579439e+00 1.526480e+00 1.318795e-01 7.476636e-02
34988: 1.687759e+00 1.578838e+00 1.526971e+00 1.317427e-01 7.468880e-02
34988: 1.687047e+00 1.579275e+00 1.526425e+00 1.326425e-01 7.461140e-02
34988: 1.687371e+00 1.579710e+00 1.525880e+00 1.325052e-01 7.453416e-02
34988: 1.687694e+00 1.579111e+00 1.526370e+00 1.323681e-01 7.445708e-02
34988: 1.686983e+00 1.580579e+00 1.525826e+00 1.322314e-01 7.438017e-02
34988: 1.688338e+00 1.579979e+00 1.525284e+00 1.320949e-01 7.430341e-02
34988: 1.687629e+00 1.580412e+00 1.525773e+00 1.319588e-01 7.422680e-02
34988: 1.686921e+00 1.581874e+00 1.525232e+00 1.318229e-01 7.415036e-02
34988: 1.688272e+00 1.581276e+00 1.524691e+00 1.316872e-01 7.407407e-02
34988: 1.687564e+00 1.581706e+00 1.525180e+00 1.315519e-01 7.399794e-02
34988: 1.687885e+00 1.582136e+00 1.524641e+00 1.314168e-01 7.392197e-02
34988: 1.688205e+00 1.581538e+00 1.525128e+00 1.312821e-01 7.384615e-02
34988: 1.687500e+00 1.581967e+00 1.524590e+00 1.321721e-01 7.377049e-02
34988: 1.687820e+00 1.582395e+00 1.524053e+00 1.320368e-01 7.369498e-02
34988: 1.687117e+00 1.581800e+00 1.524540e+00 1.319018e-01 7.464213e-02
34988: 1.688458e+00 1.581205e+00 1.524004e+00 1.317671e-01 7.456588e-02
34988: 1.687755e+00 1.581633e+00 1.524490e+00 1.316327e-01 7.448980e-02
34988: 1.687054e+00 1.582059e+00 1.523955e+00 1.314985e-01 7.543323e-02
34988: 1.688391e+00 1.581466e+00 1.523422e+00 1.313646e-01 7.535642e-02
34988: 1.687691e+00 1.581892e+00 1.522889e+00 1.312309e-01 7.629705e-02
34988: 1.686992e+00 1.583333e+00 1.522358e+00 1.310976e-01 7.621951e-02
34988: 1.688325e+00 1.582741e+00 1.521827e+00 1.309645e-01 7.614213e-02
34988: 1.688641e+00 1.583164e+00 1.521298e+00 1.308316e-01 7.606491e-02
34988: 1.687943e+00 1.583587e+00 1.521783e+00 1.306991e-01 7.598784e-02
34988: 1.688259e+00 1.582996e+00 1.522267e+00 1.305668e-01 7.591093e-02
34988: 1.687563e+00 1.583418e+00 1.521739e+00 1.314459e-01 7.583418e-02
34988: 1.686869e+00 1.583838e+00 1.521212e+00 1.313131e-01 7.676768e-02
34988: 1.688194e+00 1.583249e+00 1.520686e+00 1.311806e-01 7.669021e-02
34988: 1.688508e+00 1.583669e+00 1.520161e+00 1.310484e-01 7.661290e-02
34988: 1.687815e+00 1.583082e+00 1.521652e+00 1.309164e-01 7.653575e-02
34988: 1.688129e+00 1.583501e+00 1.521127e+00 1.307847e-01 7.645875e-02
34988: 1.687437e+00 1.583920e+00 1.521608e+00 1.306533e-01 7.638191e-02
34988: 1.687751e+00 1.583333e+00 1.522088e+00 1.305221e-01 7.630522e-02
34988: 1.687061e+00 1.583751e+00 1.521565e+00 1.303912e-01 7.723170e-02
34988: 1.687375e+00 1.583166e+00 1.522044e+00 1.302605e-01 7.715431e-02
34988: 1.686687e+00 1.584585e+00 1.521522e+00 1.301301e-01 7.707708e-02
34988: Done!
