Forked 40226
Starting to reopen 0 and 1
Calling execv `tournament0/alex_dany` (pid 40226)
40226: Started!
40226: Number of players: 4, position: 0, number of turns: 1000
40226: Random seed: 2546531688
Strategy 0: first ans is 1
Forked 40227
Starting to reopen 0 and 1
Calling execv `tournament0/fedro.py` (pid 40227)
Strategy 1: first ans is 0
Forked 40251
Starting to reopen 0 and 1
Calling execv `tournament0/pzakorko.py` (pid 40251)
Strategy 2: first ans is 0
Forked 40252
Starting to reopen 0 and 1
Calling execv `tournament0/lounres.py` (pid 40252)
Strategy 3: first ans is 1
40226: 2.000000e+00 2.000000e+00 0.000000e+00 0.000000e+00
40226: 1.500000e+00 1.000000e+00 1.500000e+00 0.000000e+00
40226: 2.000000e+00 6.666667e-01 1.333333e+00 0.000000e+00
40226: 2.000000e+00 1.000000e+00 1.000000e+00 0.000000e+00
40226: 2.000000e+00 1.000000e+00 1.000000e+00 0.000000e+00
40226: 2.000000e+00 1.166667e+00 8.333333e-01 0.000000e+00
40226: 1.857143e+00 1.285714e+00 8.571429e-01 0.000000e+00
40226: 2.000000e+00 1.250000e+00 7.500000e-01 0.000000e+00
40226: 1.888889e+00 1.444444e+00 6.666667e-01 0.000000e+00
40226: 1.900000e+00 1.500000e+00 6.000000e-01 0.000000e+00
40226: 1.818182e+00 1.454545e+00 7.272727e-01 0.000000e+00
40226: 1.833333e+00 1.416667e+00 7.500000e-01 0.000000e+00
40226: 1.769231e+00 1.461538e+00 7.692308e-01 0.000000e+00
40226: 1.857143e+00 1.428571e+00 7.142857e-01 0.000000e+00
40226: 1.800000e+00 1.466667e+00 7.333333e-01 0.000000e+00
40226: 1.875000e+00 1.437500e+00 6.875000e-01 0.000000e+00
40226: 1.823529e+00 1.529412e+00 6.470588e-01 0.000000e+00
40226: 1.888889e+00 1.500000e+00 6.111111e-01 0.000000e+00
40226: 1.894737e+00 1.526316e+00 5.789474e-01 0.000000e+00
40226: 1.850000e+00 1.500000e+00 6.500000e-01 0.000000e+00
40226: 1.904762e+00 1.476190e+00 6.190476e-01 0.000000e+00
40226: 1.909091e+00 1.500000e+00 5.909091e-01 0.000000e+00
40226: 1.869565e+00 1.478261e+00 6.521739e-01 0.000000e+00
40226: 1.875000e+00 1.458333e+00 6.666667e-01 0.000000e+00
40226: 1.880000e+00 1.480000e+00 6.400000e-01 0.000000e+00
40226: 1.846154e+00 1.461538e+00 6.923077e-01 0.000000e+00
40226: 1.851852e+00 1.481481e+00 6.666667e-01 0.000000e+00
40226: 1.821429e+00 1.500000e+00 6.785714e-01 0.000000e+00
40226: 1.827586e+00 1.482759e+00 6.896552e-01 0.000000e+00
40226: 1.800000e+00 1.500000e+00 7.000000e-01 0.000000e+00
40226: 1.806452e+00 1.516129e+00 6.774194e-01 0.000000e+00
40226: 1.781250e+00 1.500000e+00 7.187500e-01 0.000000e+00
40226: 1.787879e+00 1.484848e+00 7.272727e-01 0.000000e+00
40226: 1.764706e+00 1.529412e+00 7.058824e-01 0.000000e+00
40226: 1.800000e+00 1.514286e+00 6.857143e-01 0.000000e+00
40226: 1.805556e+00 1.527778e+00 6.666667e-01 0.000000e+00
40226: 1.783784e+00 1.540541e+00 6.756757e-01 0.000000e+00
40226: 1.815789e+00 1.526316e+00 6.578947e-01 0.000000e+00
40226: 1.794872e+00 1.538462e+00 6.666667e-01 0.000000e+00
40226: 1.825000e+00 1.525000e+00 6.500000e-01 0.000000e+00
40226: 1.829268e+00 1.536585e+00 6.341463e-01 0.000000e+00
40226: 1.833333e+00 1.523810e+00 6.428571e-01 0.000000e+00
40226: 1.813953e+00 1.558140e+00 6.279070e-01 0.000000e+00
40226: 1.818182e+00 1.545455e+00 6.363636e-01 0.000000e+00
40226: 1.822222e+00 1.555556e+00 6.222222e-01 0.000000e+00
40226: 1.804348e+00 1.543478e+00 6.521739e-01 0.000000e+00
40226: 1.829787e+00 1.531915e+00 6.382979e-01 0.000000e+00
40226: 1.833333e+00 1.541667e+00 6.250000e-01 0.000000e+00
40226: 1.836735e+00 1.530612e+00 6.326531e-01 0.000000e+00
40226: 1.820000e+00 1.560000e+00 6.200000e-01 0.000000e+00
40226: 1.823529e+00 1.549020e+00 6.274510e-01 0.000000e+00
40226: 1.807692e+00 1.557692e+00 6.346154e-01 0.000000e+00
40226: 1.830189e+00 1.547170e+00 6.226415e-01 0.000000e+00
40226: 1.814815e+00 1.555556e+00 6.296296e-01 0.000000e+00
40226: 1.836364e+00 1.545455e+00 6.181818e-01 0.000000e+00
40226: 1.839286e+00 1.553571e+00 6.071429e-01 0.000000e+00
40226: 1.824561e+00 1.561404e+00 6.140351e-01 0.000000e+00
40226: 1.844828e+00 1.551724e+00 6.034483e-01 0.000000e+00
40226: 1.847458e+00 1.559322e+00 5.932203e-01 0.000000e+00
40226: 1.833333e+00 1.550000e+00 6.166667e-01 0.000000e+00
40226: 1.836066e+00 1.540984e+00 6.229508e-01 0.000000e+00
40226: 1.838710e+00 1.548387e+00 6.129032e-01 0.000000e+00
40226: 1.825397e+00 1.555556e+00 6.190476e-01 0.000000e+00
40226: 1.828125e+00 1.546875e+00 6.250000e-01 0.000000e+00
40226: 1.815385e+00 1.553846e+00 6.307692e-01 0.000000e+00
40226: 1.833333e+00 1.545455e+00 6.212121e-01 0.000000e+00
40226: 1.835821e+00 1.552239e+00 6.119403e-01 0.000000e+00
40226: 1.838235e+00 1.544118e+00 6.176471e-01 0.000000e+00
40226: 1.826087e+00 1.550725e+00 6.231884e-01 0.000000e+00
40226: 1.828571e+00 1.542857e+00 6.285714e-01 0.000000e+00
40226: 1.830986e+00 1.549296e+00 6.197183e-01 0.000000e+00
40226: 1.819444e+00 1.555556e+00 6.250000e-01 0.000000e+00
40226: 1.821918e+00 1.547945e+00 6.301370e-01 0.000000e+00
40226: 1.810811e+00 1.567568e+00 6.216216e-01 0.000000e+00
40226: 1.813333e+00 1.560000e+00 6.266667e-01 0.000000e+00
40226: 1.802632e+00 1.578947e+00 6.184211e-01 0.000000e+00
40226: 1.818182e+00 1.558442e+00 6.233766e-01 0.000000e+00
40226: 1.820513e+00 1.564103e+00 6.153846e-01 0.000000e+00
40226: 1.822785e+00 1.556962e+00 6.202532e-01 0.000000e+00
40226: 1.812500e+00 1.562500e+00 6.250000e-01 0.000000e+00
40226: 1.814815e+00 1.567901e+00 6.172840e-01 0.000000e+00
40226: 1.804878e+00 1.560976e+00 6.341463e-01 0.000000e+00
40226: 1.807229e+00 1.554217e+00 6.385542e-01 0.000000e+00
40226: 1.809524e+00 1.559524e+00 6.309524e-01 0.000000e+00
40226: 1.800000e+00 1.552941e+00 6.470588e-01 0.000000e+00
40226: 1.802326e+00 1.546512e+00 6.511628e-01 0.000000e+00
40226: 1.793103e+00 1.563218e+00 6.436782e-01 0.000000e+00
40226: 1.795455e+00 1.556818e+00 6.477273e-01 0.000000e+00
40226: 1.797753e+00 1.561798e+00 6.404494e-01 0.000000e+00
40226: 1.800000e+00 1.555556e+00 6.444444e-01 0.000000e+00
40226: 1.802198e+00 1.560440e+00 6.373626e-01 0.000000e+00
40226: 1.793478e+00 1.554348e+00 6.521739e-01 0.000000e+00
40226: 1.795699e+00 1.548387e+00 6.559140e-01 0.000000e+00
40226: 1.797872e+00 1.553191e+00 6.489362e-01 0.000000e+00
40226: 1.800000e+00 1.547368e+00 6.526316e-01 0.000000e+00
40226: 1.791667e+00 1.552083e+00 6.562500e-01 0.000000e+00
40226: 1.804124e+00 1.546392e+00 6.494845e-01 0.000000e+00
40226: 1.795918e+00 1.551020e+00 6.530612e-01 0.000000e+00
40226: 1.808081e+00 1.545455e+00 6.464646e-01 0.000000e+00
40226: 1.810000e+00 1.550000e+00 6.400000e-01 0.000000e+00
40226: 1.811881e+00 1.544554e+00 6.435644e-01 0.000000e+00
40226: 1.813725e+00 1.549020e+00 6.372549e-01 0.000000e+00
40226: 1.815534e+00 1.543689e+00 6.407767e-01 0.000000e+00
40226: 1.807692e+00 1.557692e+00 6.346154e-01 0.000000e+00
40226: 1.809524e+00 1.552381e+00 6.380952e-01 0.000000e+00
40226: 1.801887e+00 1.556604e+00 6.415094e-01 0.000000e+00
40226: 1.813084e+00 1.551402e+00 6.355140e-01 0.000000e+00
40226: 1.814815e+00 1.555556e+00 6.296296e-01 0.000000e+00
40226: 1.816514e+00 1.550459e+00 6.330275e-01 0.000000e+00
40226: 1.818182e+00 1.554545e+00 6.272727e-01 0.000000e+00
40226: 1.819820e+00 1.549550e+00 6.306306e-01 0.000000e+00
40226: 1.812500e+00 1.562500e+00 6.250000e-01 0.000000e+00
40226: 1.823009e+00 1.557522e+00 6.194690e-01 0.000000e+00
40226: 1.815789e+00 1.570175e+00 6.140351e-01 0.000000e+00
40226: 1.826087e+00 1.556522e+00 6.173913e-01 0.000000e+00
40226: 1.818966e+00 1.568966e+00 6.120690e-01 0.000000e+00
40226: 1.820513e+00 1.564103e+00 6.153846e-01 0.000000e+00
40226: 1.813559e+00 1.567797e+00 6.186441e-01 0.000000e+00
40226: 1.815126e+00 1.563025e+00 6.218487e-01 0.000000e+00
40226: 1.808333e+00 1.566667e+00 6.250000e-01 0.000000e+00
40226: 1.809917e+00 1.570248e+00 6.198347e-01 0.000000e+00
40226: 1.811475e+00 1.557377e+00 6.311475e-01 0.000000e+00
40226: 1.813008e+00 1.560976e+00 6.260163e-01 0.000000e+00
40226: 1.806452e+00 1.556452e+00 6.370968e-01 0.000000e+00
40226: 1.816000e+00 1.552000e+00 6.320000e-01 0.000000e+00
40226: 1.809524e+00 1.555556e+00 6.349206e-01 0.000000e+00
40226: 1.811024e+00 1.551181e+00 6.377953e-01 0.000000e+00
40226: 1.804688e+00 1.562500e+00 6.328125e-01 0.000000e+00
40226: 1.806202e+00 1.558140e+00 6.356589e-01 0.000000e+00
40226: 1.807692e+00 1.561538e+00 6.307692e-01 0.000000e+00
40226: 1.801527e+00 1.564885e+00 6.335878e-01 0.000000e+00
40226: 1.803030e+00 1.560606e+00 6.363636e-01 0.000000e+00
40226: 1.796992e+00 1.563910e+00 6.390977e-01 0.000000e+00
40226: 1.798507e+00 1.559701e+00 6.417910e-01 0.000000e+00
40226: 1.800000e+00 1.562963e+00 6.370370e-01 0.000000e+00
40226: 1.794118e+00 1.558824e+00 6.470588e-01 0.000000e+00
40226: 1.802920e+00 1.554745e+00 6.423358e-01 0.000000e+00
40226: 1.804348e+00 1.557971e+00 6.376812e-01 0.000000e+00
40226: 1.798561e+00 1.553957e+00 6.474820e-01 0.000000e+00
40226: 1.800000e+00 1.557143e+00 6.428571e-01 0.000000e+00
40226: 1.794326e+00 1.553191e+00 6.524823e-01 0.000000e+00
40226: 1.795775e+00 1.549296e+00 6.549296e-01 0.000000e+00
40226: 1.797203e+00 1.552448e+00 6.503497e-01 0.000000e+00
40226: 1.798611e+00 1.548611e+00 6.527778e-01 0.000000e+00
40226: 1.793103e+00 1.551724e+00 6.551724e-01 0.000000e+00
40226: 1.794521e+00 1.554795e+00 6.506849e-01 0.000000e+00
40226: 1.795918e+00 1.551020e+00 6.530612e-01 0.000000e+00
40226: 1.790541e+00 1.560811e+00 6.486486e-01 0.000000e+00
40226: 1.791946e+00 1.557047e+00 6.510067e-01 0.000000e+00
40226: 1.793333e+00 1.560000e+00 6.466667e-01 0.000000e+00
40226: 1.788079e+00 1.562914e+00 6.490066e-01 0.000000e+00
40226: 1.796053e+00 1.559211e+00 6.447368e-01 0.000000e+00
40226: 1.797386e+00 1.562092e+00 6.405229e-01 0.000000e+00
40226: 1.792208e+00 1.564935e+00 6.428571e-01 0.000000e+00
40226: 1.800000e+00 1.561290e+00 6.387097e-01 0.000000e+00
40226: 1.794872e+00 1.564103e+00 6.410256e-01 0.000000e+00
40226: 1.802548e+00 1.560510e+00 6.369427e-01 0.000000e+00
40226: 1.803797e+00 1.563291e+00 6.329114e-01 0.000000e+00
40226: 1.798742e+00 1.566038e+00 6.352201e-01 0.000000e+00
40226: 1.800000e+00 1.562500e+00 6.375000e-01 0.000000e+00
40226: 1.801242e+00 1.565217e+00 6.335404e-01 0.000000e+00
40226: 1.796296e+00 1.561728e+00 6.419753e-01 0.000000e+00
40226: 1.797546e+00 1.564417e+00 6.380368e-01 0.000000e+00
40226: 1.792683e+00 1.567073e+00 6.402439e-01 0.000000e+00
40226: 1.800000e+00 1.563636e+00 6.363636e-01 0.000000e+00
40226: 1.801205e+00 1.566265e+00 6.325301e-01 0.000000e+00
40226: 1.796407e+00 1.568862e+00 6.347305e-01 0.000000e+00
40226: 1.797619e+00 1.565476e+00 6.369048e-01 0.000000e+00
40226: 1.798817e+00 1.568047e+00 6.331361e-01 0.000000e+00
40226: 1.800000e+00 1.564706e+00 6.352941e-01 0.000000e+00
40226: 1.795322e+00 1.573099e+00 6.315789e-01 0.000000e+00
40226: 1.802326e+00 1.563953e+00 6.337209e-01 0.000000e+00
40226: 1.803468e+00 1.566474e+00 6.300578e-01 0.000000e+00
40226: 1.804598e+00 1.563218e+00 6.321839e-01 0.000000e+00
40226: 1.800000e+00 1.565714e+00 6.342857e-01 0.000000e+00
40226: 1.806818e+00 1.562500e+00 6.306818e-01 0.000000e+00
40226: 1.807910e+00 1.564972e+00 6.271186e-01 0.000000e+00
40226: 1.803371e+00 1.561798e+00 6.348315e-01 0.000000e+00
40226: 1.804469e+00 1.558659e+00 6.368715e-01 0.000000e+00
40226: 1.800000e+00 1.561111e+00 6.388889e-01 0.000000e+00
40226: 1.801105e+00 1.558011e+00 6.408840e-01 0.000000e+00
40226: 1.796703e+00 1.565934e+00 6.373626e-01 0.000000e+00
40226: 1.797814e+00 1.562842e+00 6.393443e-01 0.000000e+00
40226: 1.793478e+00 1.565217e+00 6.413043e-01 0.000000e+00
40226: 1.794595e+00 1.567568e+00 6.378378e-01 0.000000e+00
40226: 1.795699e+00 1.564516e+00 6.397849e-01 0.000000e+00
40226: 1.791444e+00 1.572193e+00 6.363636e-01 0.000000e+00
40226: 1.797872e+00 1.563830e+00 6.382979e-01 0.000000e+00
40226: 1.798942e+00 1.566138e+00 6.349206e-01 0.000000e+00
40226: 1.794737e+00 1.563158e+00 6.421053e-01 0.000000e+00
40226: 1.801047e+00 1.560209e+00 6.387435e-01 0.000000e+00
40226: 1.796875e+00 1.562500e+00 6.406250e-01 0.000000e+00
40226: 1.803109e+00 1.559585e+00 6.373057e-01 0.000000e+00
40226: 1.798969e+00 1.561856e+00 6.391753e-01 0.000000e+00
40226: 1.805128e+00 1.558974e+00 6.358974e-01 0.000000e+00
40226: 1.806122e+00 1.561224e+00 6.326531e-01 0.000000e+00
40226: 1.802030e+00 1.563452e+00 6.345178e-01 0.000000e+00
40226: 1.803030e+00 1.565657e+00 6.313131e-01 0.000000e+00
40226: 1.798995e+00 1.562814e+00 6.381910e-01 0.000000e+00
40226: 1.805000e+00 1.560000e+00 6.350000e-01 0.000000e+00
40226: 1.800995e+00 1.562189e+00 6.368159e-01 0.000000e+00
40226: 1.801980e+00 1.564356e+00 6.336634e-01 0.000000e+00
40226: 1.798030e+00 1.561576e+00 6.403941e-01 0.000000e+00
40226: 1.803922e+00 1.558824e+00 6.372549e-01 0.000000e+00
40226: 1.800000e+00 1.565854e+00 6.341463e-01 0.000000e+00
40226: 1.800971e+00 1.563107e+00 6.359223e-01 0.000000e+00
40226: 1.801932e+00 1.565217e+00 6.328502e-01 0.000000e+00
40226: 1.798077e+00 1.562500e+00 6.394231e-01 0.000000e+00
40226: 1.799043e+00 1.559809e+00 6.411483e-01 0.000000e+00
40226: 1.800000e+00 1.561905e+00 6.380952e-01 0.000000e+00
40226: 1.796209e+00 1.563981e+00 6.398104e-01 0.000000e+00
40226: 1.801887e+00 1.561321e+00 6.367925e-01 0.000000e+00
40226: 1.802817e+00 1.563380e+00 6.338028e-01 0.000000e+00
40226: 1.799065e+00 1.560748e+00 6.401869e-01 0.000000e+00
40226: 1.800000e+00 1.558140e+00 6.418605e-01 0.000000e+00
40226: 1.800926e+00 1.560185e+00 6.388889e-01 0.000000e+00
40226: 1.797235e+00 1.562212e+00 6.405530e-01 0.000000e+00
40226: 1.798165e+00 1.559633e+00 6.422018e-01 0.000000e+00
40226: 1.794521e+00 1.561644e+00 6.438356e-01 0.000000e+00
40226: 1.800000e+00 1.559091e+00 6.409091e-01 0.000000e+00
40226: 1.800905e+00 1.561086e+00 6.380090e-01 0.000000e+00
40226: 1.797297e+00 1.558559e+00 6.441441e-01 0.000000e+00
40226: 1.802691e+00 1.556054e+00 6.412556e-01 0.000000e+00
40226: 1.799107e+00 1.562500e+00 6.383929e-01 0.000000e+00
40226: 1.804444e+00 1.560000e+00 6.355556e-01 0.000000e+00
40226: 1.800885e+00 1.566372e+00 6.327434e-01 0.000000e+00
40226: 1.806167e+00 1.563877e+00 6.299559e-01 0.000000e+00
40226: 1.807018e+00 1.565789e+00 6.271930e-01 0.000000e+00
40226: 1.803493e+00 1.563319e+00 6.331878e-01 0.000000e+00
40226: 1.804348e+00 1.560870e+00 6.347826e-01 0.000000e+00
40226: 1.800866e+00 1.562771e+00 6.363636e-01 0.000000e+00
40226: 1.806034e+00 1.560345e+00 6.336207e-01 0.000000e+00
40226: 1.802575e+00 1.566524e+00 6.309013e-01 0.000000e+00
40226: 1.803419e+00 1.568376e+00 6.282051e-01 0.000000e+00
40226: 1.800000e+00 1.565957e+00 6.340426e-01 0.000000e+00
40226: 1.805085e+00 1.563559e+00 6.313559e-01 0.000000e+00
40226: 1.805907e+00 1.565401e+00 6.286920e-01 0.000000e+00
40226: 1.806723e+00 1.563025e+00 6.302521e-01 0.000000e+00
40226: 1.803347e+00 1.564854e+00 6.317992e-01 0.000000e+00
40226: 1.804167e+00 1.562500e+00 6.333333e-01 0.000000e+00
40226: 1.800830e+00 1.564315e+00 6.348548e-01 0.000000e+00
40226: 1.801653e+00 1.566116e+00 6.322314e-01 0.000000e+00
40226: 1.798354e+00 1.563786e+00 6.378601e-01 0.000000e+00
40226: 1.799180e+00 1.561475e+00 6.393443e-01 0.000000e+00
40226: 1.795918e+00 1.567347e+00 6.367347e-01 0.000000e+00
40226: 1.796748e+00 1.565041e+00 6.382114e-01 0.000000e+00
40226: 1.793522e+00 1.566802e+00 6.396761e-01 0.000000e+00
40226: 1.794355e+00 1.564516e+00 6.411290e-01 0.000000e+00
40226: 1.791165e+00 1.570281e+00 6.385542e-01 0.000000e+00
40226: 1.796000e+00 1.564000e+00 6.400000e-01 0.000000e+00
40226: 1.792829e+00 1.569721e+00 6.374502e-01 0.000000e+00
40226: 1.797619e+00 1.567460e+00 6.349206e-01 0.000000e+00
40226: 1.794466e+00 1.573123e+00 6.324111e-01 0.000000e+00
40226: 1.795276e+00 1.570866e+00 6.338583e-01 0.000000e+00
40226: 1.792157e+00 1.568627e+00 6.392157e-01 0.000000e+00
40226: 1.792969e+00 1.570312e+00 6.367188e-01 0.000000e+00
40226: 1.793774e+00 1.564202e+00 6.420233e-01 0.000000e+00
40226: 1.790698e+00 1.565891e+00 6.434109e-01 0.000000e+00
40226: 1.791506e+00 1.563707e+00 6.447876e-01 0.000000e+00
40226: 1.788462e+00 1.565385e+00 6.461538e-01 0.000000e+00
40226: 1.789272e+00 1.563218e+00 6.475096e-01 0.000000e+00
40226: 1.790076e+00 1.564885e+00 6.450382e-01 0.000000e+00
40226: 1.787072e+00 1.562738e+00 6.501901e-01 0.000000e+00
40226: 1.787879e+00 1.560606e+00 6.515152e-01 0.000000e+00
40226: 1.784906e+00 1.562264e+00 6.528302e-01 0.000000e+00
40226: 1.789474e+00 1.560150e+00 6.503759e-01 0.000000e+00
40226: 1.786517e+00 1.561798e+00 6.516854e-01 0.000000e+00
40226: 1.791045e+00 1.559701e+00 6.492537e-01 0.000000e+00
40226: 1.791822e+00 1.561338e+00 6.468401e-01 0.000000e+00
40226: 1.788889e+00 1.559259e+00 6.518519e-01 0.000000e+00
40226: 1.793358e+00 1.557196e+00 6.494465e-01 0.000000e+00
40226: 1.790441e+00 1.562500e+00 6.470588e-01 0.000000e+00
40226: 1.794872e+00 1.560440e+00 6.446886e-01 0.000000e+00
40226: 1.795620e+00 1.562044e+00 6.423358e-01 0.000000e+00
40226: 1.792727e+00 1.560000e+00 6.472727e-01 0.000000e+00
40226: 1.793478e+00 1.561594e+00 6.449275e-01 0.000000e+00
40226: 1.794224e+00 1.559567e+00 6.462094e-01 0.000000e+00
40226: 1.794964e+00 1.561151e+00 6.438849e-01 0.000000e+00
40226: 1.792115e+00 1.559140e+00 6.487455e-01 0.000000e+00
40226: 1.792857e+00 1.560714e+00 6.464286e-01 0.000000e+00
40226: 1.793594e+00 1.558719e+00 6.476868e-01 0.000000e+00
40226: 1.790780e+00 1.560284e+00 6.489362e-01 0.000000e+00
40226: 1.791519e+00 1.561837e+00 6.466431e-01 0.000000e+00
40226: 1.788732e+00 1.559859e+00 6.514085e-01 0.000000e+00
40226: 1.789474e+00 1.561404e+00 6.491228e-01 0.000000e+00
40226: 1.786713e+00 1.559441e+00 6.538462e-01 0.000000e+00
40226: 1.790941e+00 1.557491e+00 6.515679e-01 0.000000e+00
40226: 1.788194e+00 1.562500e+00 6.493056e-01 0.000000e+00
40226: 1.788927e+00 1.560554e+00 6.505190e-01 0.000000e+00
40226: 1.789655e+00 1.562069e+00 6.482759e-01 0.000000e+00
40226: 1.786942e+00 1.560137e+00 6.529210e-01 0.000000e+00
40226: 1.787671e+00 1.561644e+00 6.506849e-01 0.000000e+00
40226: 1.788396e+00 1.559727e+00 6.518771e-01 0.000000e+00
40226: 1.785714e+00 1.564626e+00 6.496599e-01 0.000000e+00
40226: 1.786441e+00 1.566102e+00 6.474576e-01 0.000000e+00
40226: 1.787162e+00 1.564189e+00 6.486486e-01 0.000000e+00
40226: 1.784512e+00 1.565657e+00 6.498316e-01 0.000000e+00
40226: 1.785235e+00 1.563758e+00 6.510067e-01 0.000000e+00
40226: 1.782609e+00 1.565217e+00 6.521739e-01 0.000000e+00
40226: 1.786667e+00 1.563333e+00 6.500000e-01 0.000000e+00
40226: 1.784053e+00 1.568106e+00 6.478405e-01 0.000000e+00
40226: 1.788079e+00 1.566225e+00 6.456954e-01 0.000000e+00
40226: 1.788779e+00 1.567657e+00 6.435644e-01 0.000000e+00
40226: 1.786184e+00 1.565789e+00 6.480263e-01 0.000000e+00
40226: 1.786885e+00 1.563934e+00 6.491803e-01 0.000000e+00
40226: 1.787582e+00 1.565359e+00 6.470588e-01 0.000000e+00
40226: 1.785016e+00 1.563518e+00 6.514658e-01 0.000000e+00
40226: 1.785714e+00 1.561688e+00 6.525974e-01 0.000000e+00
40226: 1.783172e+00 1.563107e+00 6.537217e-01 0.000000e+00
40226: 1.783871e+00 1.561290e+00 6.548387e-01 0.000000e+00
40226: 1.781350e+00 1.562701e+00 6.559486e-01 0.000000e+00
40226: 1.782051e+00 1.564103e+00 6.538462e-01 0.000000e+00
40226: 1.782748e+00 1.562300e+00 6.549521e-01 0.000000e+00
40226: 1.783439e+00 1.563694e+00 6.528662e-01 0.000000e+00
40226: 1.784127e+00 1.561905e+00 6.539683e-01 0.000000e+00
40226: 1.784810e+00 1.563291e+00 6.518987e-01 0.000000e+00
40226: 1.785489e+00 1.561514e+00 6.529968e-01 0.000000e+00
40226: 1.786164e+00 1.562893e+00 6.509434e-01 0.000000e+00
40226: 1.783699e+00 1.561129e+00 6.551724e-01 0.000000e+00
40226: 1.784375e+00 1.559375e+00 6.562500e-01 0.000000e+00
40226: 1.781931e+00 1.560748e+00 6.573209e-01 0.000000e+00
40226: 1.782609e+00 1.559006e+00 6.583851e-01 0.000000e+00
40226: 1.780186e+00 1.560372e+00 6.594427e-01 0.000000e+00
40226: 1.783951e+00 1.558642e+00 6.574074e-01 0.000000e+00
40226: 1.781538e+00 1.563077e+00 6.553846e-01 0.000000e+00
40226: 1.782209e+00 1.561350e+00 6.564417e-01 0.000000e+00
40226: 1.779817e+00 1.562691e+00 6.574924e-01 0.000000e+00
40226: 1.783537e+00 1.560976e+00 6.554878e-01 0.000000e+00
40226: 1.784195e+00 1.562310e+00 6.534954e-01 0.000000e+00
40226: 1.781818e+00 1.563636e+00 6.545455e-01 0.000000e+00
40226: 1.782477e+00 1.561934e+00 6.555891e-01 0.000000e+00
40226: 1.783133e+00 1.563253e+00 6.536145e-01 0.000000e+00
40226: 1.783784e+00 1.561562e+00 6.546547e-01 0.000000e+00
40226: 1.781437e+00 1.562874e+00 6.556886e-01 0.000000e+00
40226: 1.782090e+00 1.561194e+00 6.567164e-01 0.000000e+00
40226: 1.779762e+00 1.562500e+00 6.577381e-01 0.000000e+00
40226: 1.780415e+00 1.563798e+00 6.557864e-01 0.000000e+00
40226: 1.778107e+00 1.562130e+00 6.597633e-01 0.000000e+00
40226: 1.781711e+00 1.560472e+00 6.578171e-01 0.000000e+00
40226: 1.779412e+00 1.561765e+00 6.588235e-01 0.000000e+00
40226: 1.780059e+00 1.563050e+00 6.568915e-01 0.000000e+00
40226: 1.777778e+00 1.561404e+00 6.608187e-01 0.000000e+00
40226: 1.778426e+00 1.559767e+00 6.618076e-01 0.000000e+00
40226: 1.776163e+00 1.561047e+00 6.627907e-01 0.000000e+00
40226: 1.779710e+00 1.559420e+00 6.608696e-01 0.000000e+00
40226: 1.780347e+00 1.560694e+00 6.589595e-01 0.000000e+00
40226: 1.778098e+00 1.559078e+00 6.628242e-01 0.000000e+00
40226: 1.778736e+00 1.560345e+00 6.609195e-01 0.000000e+00
40226: 1.776504e+00 1.561605e+00 6.618911e-01 0.000000e+00
40226: 1.777143e+00 1.562857e+00 6.600000e-01 0.000000e+00
40226: 1.774929e+00 1.561254e+00 6.638177e-01 0.000000e+00
40226: 1.775568e+00 1.559659e+00 6.647727e-01 0.000000e+00
40226: 1.773371e+00 1.560907e+00 6.657224e-01 0.000000e+00
40226: 1.774011e+00 1.562147e+00 6.638418e-01 0.000000e+00
40226: 1.771831e+00 1.560563e+00 6.676056e-01 0.000000e+00
40226: 1.775281e+00 1.558989e+00 6.657303e-01 0.000000e+00
40226: 1.773109e+00 1.560224e+00 6.666667e-01 0.000000e+00
40226: 1.773743e+00 1.561453e+00 6.648045e-01 0.000000e+00
40226: 1.771588e+00 1.562674e+00 6.657382e-01 0.000000e+00
40226: 1.772222e+00 1.561111e+00 6.666667e-01 0.000000e+00
40226: 1.770083e+00 1.562327e+00 6.675900e-01 0.000000e+00
40226: 1.773481e+00 1.560773e+00 6.657459e-01 0.000000e+00
40226: 1.774105e+00 1.561983e+00 6.639118e-01 0.000000e+00
40226: 1.771978e+00 1.560440e+00 6.675824e-01 0.000000e+00
40226: 1.775342e+00 1.558904e+00 6.657534e-01 0.000000e+00
40226: 1.775956e+00 1.560109e+00 6.639344e-01 0.000000e+00
40226: 1.773842e+00 1.561308e+00 6.648501e-01 0.000000e+00
40226: 1.774457e+00 1.559783e+00 6.657609e-01 0.000000e+00
40226: 1.775068e+00 1.560976e+00 6.639566e-01 0.000000e+00
40226: 1.772973e+00 1.559459e+00 6.675676e-01 0.000000e+00
40226: 1.776280e+00 1.557951e+00 6.657682e-01 0.000000e+00
40226: 1.774194e+00 1.559140e+00 6.666667e-01 0.000000e+00
40226: 1.777480e+00 1.557641e+00 6.648794e-01 0.000000e+00
40226: 1.775401e+00 1.558824e+00 6.657754e-01 0.000000e+00
40226: 1.776000e+00 1.557333e+00 6.666667e-01 0.000000e+00
40226: 1.776596e+00 1.558511e+00 6.648936e-01 0.000000e+00
40226: 1.774536e+00 1.557029e+00 6.684350e-01 0.000000e+00
40226: 1.775132e+00 1.558201e+00 6.666667e-01 0.000000e+00
40226: 1.775726e+00 1.556728e+00 6.675462e-01 0.000000e+00
40226: 1.773684e+00 1.557895e+00 6.684211e-01 0.000000e+00
40226: 1.774278e+00 1.556430e+00 6.692913e-01 0.000000e+00
40226: 1.772251e+00 1.557592e+00 6.701571e-01 0.000000e+00
40226: 1.772846e+00 1.558747e+00 6.684073e-01 0.000000e+00
40226: 1.770833e+00 1.557292e+00 6.718750e-01 0.000000e+00
40226: 1.774026e+00 1.555844e+00 6.701299e-01 0.000000e+00
40226: 1.772021e+00 1.559585e+00 6.683938e-01 0.000000e+00
40226: 1.775194e+00 1.558140e+00 6.666667e-01 0.000000e+00
40226: 1.775773e+00 1.559278e+00 6.649485e-01 0.000000e+00
40226: 1.773779e+00 1.557841e+00 6.683805e-01 0.000000e+00
40226: 1.774359e+00 1.556410e+00 6.692308e-01 0.000000e+00
40226: 1.774936e+00 1.557545e+00 6.675192e-01 0.000000e+00
40226: 1.772959e+00 1.558673e+00 6.683673e-01 0.000000e+00
40226: 1.773537e+00 1.557252e+00 6.692112e-01 0.000000e+00
40226: 1.774112e+00 1.558376e+00 6.675127e-01 0.000000e+00
40226: 1.772152e+00 1.556962e+00 6.708861e-01 0.000000e+00
40226: 1.775253e+00 1.555556e+00 6.691919e-01 0.000000e+00
40226: 1.773300e+00 1.556675e+00 6.700252e-01 0.000000e+00
40226: 1.773869e+00 1.555276e+00 6.708543e-01 0.000000e+00
40226: 1.771930e+00 1.556391e+00 6.716792e-01 0.000000e+00
40226: 1.775000e+00 1.555000e+00 6.700000e-01 0.000000e+00
40226: 1.773067e+00 1.556110e+00 6.708229e-01 0.000000e+00
40226: 1.776119e+00 1.554726e+00 6.691542e-01 0.000000e+00
40226: 1.776675e+00 1.555831e+00 6.674938e-01 0.000000e+00
40226: 1.777228e+00 1.554455e+00 6.683168e-01 0.000000e+00
40226: 1.775309e+00 1.555556e+00 6.691358e-01 0.000000e+00
40226: 1.775862e+00 1.556650e+00 6.674877e-01 0.000000e+00
40226: 1.773956e+00 1.555283e+00 6.707617e-01 0.000000e+00
40226: 1.774510e+00 1.553922e+00 6.715686e-01 0.000000e+00
40226: 1.775061e+00 1.555012e+00 6.699267e-01 0.000000e+00
40226: 1.775610e+00 1.553659e+00 6.707317e-01 0.000000e+00
40226: 1.773723e+00 1.554745e+00 6.715328e-01 0.000000e+00
40226: 1.774272e+00 1.553398e+00 6.723301e-01 0.000000e+00
40226: 1.772397e+00 1.554479e+00 6.731235e-01 0.000000e+00
40226: 1.775362e+00 1.553140e+00 6.714976e-01 0.000000e+00
40226: 1.773494e+00 1.556627e+00 6.698795e-01 0.000000e+00
40226: 1.774038e+00 1.557692e+00 6.682692e-01 0.000000e+00
40226: 1.772182e+00 1.556355e+00 6.714628e-01 0.000000e+00
40226: 1.772727e+00 1.555024e+00 6.722488e-01 0.000000e+00
40226: 1.770883e+00 1.558473e+00 6.706444e-01 0.000000e+00
40226: 1.771429e+00 1.559524e+00 6.690476e-01 0.000000e+00
40226: 1.771971e+00 1.558195e+00 6.698337e-01 0.000000e+00
40226: 1.772512e+00 1.559242e+00 6.682464e-01 0.000000e+00
40226: 1.770686e+00 1.557920e+00 6.713948e-01 0.000000e+00
40226: 1.773585e+00 1.556604e+00 6.698113e-01 0.000000e+00
40226: 1.774118e+00 1.557647e+00 6.682353e-01 0.000000e+00
40226: 1.774648e+00 1.556338e+00 6.690141e-01 0.000000e+00
40226: 1.772834e+00 1.559719e+00 6.674473e-01 0.000000e+00
40226: 1.773364e+00 1.558411e+00 6.682243e-01 0.000000e+00
40226: 1.771562e+00 1.559441e+00 6.689977e-01 0.000000e+00
40226: 1.772093e+00 1.558140e+00 6.697674e-01 0.000000e+00
40226: 1.770302e+00 1.559165e+00 6.705336e-01 0.000000e+00
40226: 1.770833e+00 1.557870e+00 6.712963e-01 0.000000e+00
40226: 1.771363e+00 1.558891e+00 6.697460e-01 0.000000e+00
40226: 1.769585e+00 1.557604e+00 6.728111e-01 0.000000e+00
40226: 1.772414e+00 1.556322e+00 6.712644e-01 0.000000e+00
40226: 1.770642e+00 1.557339e+00 6.720183e-01 0.000000e+00
40226: 1.773455e+00 1.556064e+00 6.704805e-01 0.000000e+00
40226: 1.773973e+00 1.557078e+00 6.689498e-01 0.000000e+00
40226: 1.774487e+00 1.555809e+00 6.697039e-01 0.000000e+00
40226: 1.775000e+00 1.556818e+00 6.681818e-01 0.000000e+00
40226: 1.773243e+00 1.555556e+00 6.712018e-01 0.000000e+00
40226: 1.776018e+00 1.554299e+00 6.696833e-01 0.000000e+00
40226: 1.774266e+00 1.555305e+00 6.704289e-01 0.000000e+00
40226: 1.777027e+00 1.554054e+00 6.689189e-01 0.000000e+00
40226: 1.775281e+00 1.555056e+00 6.696629e-01 0.000000e+00
40226: 1.775785e+00 1.553812e+00 6.704036e-01 0.000000e+00
40226: 1.774049e+00 1.557047e+00 6.689038e-01 0.000000e+00
40226: 1.776786e+00 1.555804e+00 6.674107e-01 0.000000e+00
40226: 1.775056e+00 1.556793e+00 6.681514e-01 0.000000e+00
40226: 1.777778e+00 1.555556e+00 6.666667e-01 0.000000e+00
40226: 1.778271e+00 1.556541e+00 6.651885e-01 0.000000e+00
40226: 1.776549e+00 1.555310e+00 6.681416e-01 0.000000e+00
40226: 1.779249e+00 1.554084e+00 6.666667e-01 0.000000e+00
40226: 1.779736e+00 1.555066e+00 6.651982e-01 0.000000e+00
40226: 1.778022e+00 1.553846e+00 6.681319e-01 0.000000e+00
40226: 1.778509e+00 1.552632e+00 6.688596e-01 0.000000e+00
40226: 1.776805e+00 1.555799e+00 6.673961e-01 0.000000e+00
40226: 1.779476e+00 1.554585e+00 6.659389e-01 0.000000e+00
40226: 1.777778e+00 1.555556e+00 6.666667e-01 0.000000e+00
40226: 1.778261e+00 1.554348e+00 6.673913e-01 0.000000e+00
40226: 1.778742e+00 1.555315e+00 6.659436e-01 0.000000e+00
40226: 1.777056e+00 1.554113e+00 6.688312e-01 0.000000e+00
40226: 1.777538e+00 1.552916e+00 6.695464e-01 0.000000e+00
40226: 1.775862e+00 1.556034e+00 6.681034e-01 0.000000e+00
40226: 1.778495e+00 1.554839e+00 6.666667e-01 0.000000e+00
40226: 1.776824e+00 1.555794e+00 6.673820e-01 0.000000e+00
40226: 1.777302e+00 1.554604e+00 6.680942e-01 0.000000e+00
40226: 1.777778e+00 1.555556e+00 6.666667e-01 0.000000e+00
40226: 1.776119e+00 1.554371e+00 6.695096e-01 0.000000e+00
40226: 1.778723e+00 1.553191e+00 6.680851e-01 0.000000e+00
40226: 1.777070e+00 1.554140e+00 6.687898e-01 0.000000e+00
40226: 1.779661e+00 1.552966e+00 6.673729e-01 0.000000e+00
40226: 1.778013e+00 1.553911e+00 6.680761e-01 0.000000e+00
40226: 1.778481e+00 1.552743e+00 6.687764e-01 0.000000e+00
40226: 1.776842e+00 1.553684e+00 6.694737e-01 0.000000e+00
40226: 1.777311e+00 1.552521e+00 6.701681e-01 0.000000e+00
40226: 1.777778e+00 1.553459e+00 6.687631e-01 0.000000e+00
40226: 1.778243e+00 1.552301e+00 6.694561e-01 0.000000e+00
40226: 1.776618e+00 1.555324e+00 6.680585e-01 0.000000e+00
40226: 1.779167e+00 1.554167e+00 6.666667e-01 0.000000e+00
40226: 1.777547e+00 1.555094e+00 6.673597e-01 0.000000e+00
40226: 1.778008e+00 1.553942e+00 6.680498e-01 0.000000e+00
40226: 1.776398e+00 1.556936e+00 6.666667e-01 0.000000e+00
40226: 1.776860e+00 1.555785e+00 6.673554e-01 0.000000e+00
40226: 1.775258e+00 1.558763e+00 6.659794e-01 0.000000e+00
40226: 1.777778e+00 1.557613e+00 6.646091e-01 0.000000e+00
40226: 1.778234e+00 1.558522e+00 6.632444e-01 0.000000e+00
40226: 1.778689e+00 1.557377e+00 6.639344e-01 0.000000e+00
40226: 1.777096e+00 1.558282e+00 6.646217e-01 0.000000e+00
40226: 1.777551e+00 1.557143e+00 6.653061e-01 0.000000e+00
40226: 1.778004e+00 1.558045e+00 6.639511e-01 0.000000e+00
40226: 1.778455e+00 1.556911e+00 6.646341e-01 0.000000e+00
40226: 1.778905e+00 1.557809e+00 6.632860e-01 0.000000e+00
40226: 1.777328e+00 1.558704e+00 6.639676e-01 0.000000e+00
40226: 1.777778e+00 1.557576e+00 6.646465e-01 0.000000e+00
40226: 1.776210e+00 1.560484e+00 6.633065e-01 0.000000e+00
40226: 1.776660e+00 1.559356e+00 6.639839e-01 0.000000e+00
40226: 1.777108e+00 1.560241e+00 6.626506e-01 0.000000e+00
40226: 1.775551e+00 1.559118e+00 6.653307e-01 0.000000e+00
40226: 1.776000e+00 1.558000e+00 6.660000e-01 0.000000e+00
40226: 1.774451e+00 1.558882e+00 6.666667e-01 0.000000e+00
40226: 1.776892e+00 1.557769e+00 6.653386e-01 0.000000e+00
40226: 1.775348e+00 1.558648e+00 6.660040e-01 0.000000e+00
40226: 1.775794e+00 1.557540e+00 6.666667e-01 0.000000e+00
40226: 1.774257e+00 1.560396e+00 6.653465e-01 0.000000e+00
40226: 1.774704e+00 1.561265e+00 6.640316e-01 0.000000e+00
40226: 1.775148e+00 1.560158e+00 6.646943e-01 0.000000e+00
40226: 1.773622e+00 1.561024e+00 6.653543e-01 0.000000e+00
40226: 1.774067e+00 1.559921e+00 6.660118e-01 0.000000e+00
40226: 1.774510e+00 1.560784e+00 6.647059e-01 0.000000e+00
40226: 1.772994e+00 1.561644e+00 6.653620e-01 0.000000e+00
40226: 1.775391e+00 1.560547e+00 6.640625e-01 0.000000e+00
40226: 1.773879e+00 1.563353e+00 6.627680e-01 0.000000e+00
40226: 1.774319e+00 1.564202e+00 6.614786e-01 0.000000e+00
40226: 1.772816e+00 1.563107e+00 6.640777e-01 0.000000e+00
40226: 1.773256e+00 1.563953e+00 6.627907e-01 0.000000e+00
40226: 1.773694e+00 1.562863e+00 6.634429e-01 0.000000e+00
40226: 1.772201e+00 1.565637e+00 6.621622e-01 0.000000e+00
40226: 1.774566e+00 1.564547e+00 6.608863e-01 0.000000e+00
40226: 1.775000e+00 1.565385e+00 6.596154e-01 0.000000e+00
40226: 1.773512e+00 1.566219e+00 6.602687e-01 0.000000e+00
40226: 1.773946e+00 1.565134e+00 6.609195e-01 0.000000e+00
40226: 1.772467e+00 1.565966e+00 6.615679e-01 0.000000e+00
40226: 1.774809e+00 1.564885e+00 6.603053e-01 0.000000e+00
40226: 1.775238e+00 1.565714e+00 6.590476e-01 0.000000e+00
40226: 1.773764e+00 1.564639e+00 6.615970e-01 0.000000e+00
40226: 1.774194e+00 1.563567e+00 6.622391e-01 0.000000e+00
40226: 1.772727e+00 1.566288e+00 6.609848e-01 0.000000e+00
40226: 1.773157e+00 1.567108e+00 6.597353e-01 0.000000e+00
40226: 1.773585e+00 1.566038e+00 6.603774e-01 0.000000e+00
40226: 1.772128e+00 1.568738e+00 6.591337e-01 0.000000e+00
40226: 1.772556e+00 1.567669e+00 6.597744e-01 0.000000e+00
40226: 1.771107e+00 1.568480e+00 6.604128e-01 0.000000e+00
40226: 1.773408e+00 1.567416e+00 6.591760e-01 0.000000e+00
40226: 1.771963e+00 1.570093e+00 6.579439e-01 0.000000e+00
40226: 1.772388e+00 1.567164e+00 6.604478e-01 0.000000e+00
40226: 1.770950e+00 1.567970e+00 6.610801e-01 0.000000e+00
40226: 1.773234e+00 1.566914e+00 6.598513e-01 0.000000e+00
40226: 1.773655e+00 1.567718e+00 6.586271e-01 0.000000e+00
40226: 1.774074e+00 1.566667e+00 6.592593e-01 0.000000e+00
40226: 1.774492e+00 1.567468e+00 6.580407e-01 0.000000e+00
40226: 1.774908e+00 1.566421e+00 6.586716e-01 0.000000e+00
40226: 1.773481e+00 1.567219e+00 6.593002e-01 0.000000e+00
40226: 1.773897e+00 1.566176e+00 6.599265e-01 0.000000e+00
40226: 1.774312e+00 1.566972e+00 6.587156e-01 0.000000e+00
40226: 1.774725e+00 1.565934e+00 6.593407e-01 0.000000e+00
40226: 1.773309e+00 1.568556e+00 6.581353e-01 0.000000e+00
40226: 1.773723e+00 1.569343e+00 6.569343e-01 0.000000e+00
40226: 1.774135e+00 1.568306e+00 6.575592e-01 0.000000e+00
40226: 1.772727e+00 1.569091e+00 6.581818e-01 0.000000e+00
40226: 1.773140e+00 1.569873e+00 6.569873e-01 0.000000e+00
40226: 1.771739e+00 1.570652e+00 6.576087e-01 0.000000e+00
40226: 1.773960e+00 1.567812e+00 6.582278e-01 0.000000e+00
40226: 1.772563e+00 1.568592e+00 6.588448e-01 0.000000e+00
40226: 1.774775e+00 1.567568e+00 6.576577e-01 0.000000e+00
40226: 1.773381e+00 1.568345e+00 6.582734e-01 0.000000e+00
40226: 1.773788e+00 1.567325e+00 6.588869e-01 0.000000e+00
40226: 1.772401e+00 1.568100e+00 6.594982e-01 0.000000e+00
40226: 1.774597e+00 1.567084e+00 6.583184e-01 0.000000e+00
40226: 1.773214e+00 1.567857e+00 6.589286e-01 0.000000e+00
40226: 1.773619e+00 1.566845e+00 6.595365e-01 0.000000e+00
40226: 1.772242e+00 1.567616e+00 6.601423e-01 0.000000e+00
40226: 1.772647e+00 1.568384e+00 6.589698e-01 0.000000e+00
40226: 1.771277e+00 1.567376e+00 6.613475e-01 0.000000e+00
40226: 1.773451e+00 1.566372e+00 6.601770e-01 0.000000e+00
40226: 1.772085e+00 1.567138e+00 6.607774e-01 0.000000e+00
40226: 1.772487e+00 1.566138e+00 6.613757e-01 0.000000e+00
40226: 1.771127e+00 1.566901e+00 6.619718e-01 0.000000e+00
40226: 1.771529e+00 1.565905e+00 6.625659e-01 0.000000e+00
40226: 1.770175e+00 1.566667e+00 6.631579e-01 0.000000e+00
40226: 1.772329e+00 1.565674e+00 6.619965e-01 0.000000e+00
40226: 1.770979e+00 1.566434e+00 6.625874e-01 0.000000e+00
40226: 1.771379e+00 1.565445e+00 6.631763e-01 0.000000e+00
40226: 1.770035e+00 1.567944e+00 6.620209e-01 0.000000e+00
40226: 1.772174e+00 1.566957e+00 6.608696e-01 0.000000e+00
40226: 1.772569e+00 1.567708e+00 6.597222e-01 0.000000e+00
40226: 1.771231e+00 1.568458e+00 6.603120e-01 0.000000e+00
40226: 1.771626e+00 1.569204e+00 6.591696e-01 0.000000e+00
40226: 1.770294e+00 1.568221e+00 6.614853e-01 0.000000e+00
40226: 1.770690e+00 1.567241e+00 6.620690e-01 0.000000e+00
40226: 1.769363e+00 1.567986e+00 6.626506e-01 0.000000e+00
40226: 1.771478e+00 1.567010e+00 6.615120e-01 0.000000e+00
40226: 1.771870e+00 1.567753e+00 6.603774e-01 0.000000e+00
40226: 1.770548e+00 1.566781e+00 6.626712e-01 0.000000e+00
40226: 1.770940e+00 1.565812e+00 6.632479e-01 0.000000e+00
40226: 1.769625e+00 1.566553e+00 6.638225e-01 0.000000e+00
40226: 1.770017e+00 1.565588e+00 6.643952e-01 0.000000e+00
40226: 1.768707e+00 1.566327e+00 6.649660e-01 0.000000e+00
40226: 1.769100e+00 1.565365e+00 6.655348e-01 0.000000e+00
40226: 1.767797e+00 1.566102e+00 6.661017e-01 0.000000e+00
40226: 1.768190e+00 1.565144e+00 6.666667e-01 0.000000e+00
40226: 1.768581e+00 1.565878e+00 6.655405e-01 0.000000e+00
40226: 1.767285e+00 1.564924e+00 6.677909e-01 0.000000e+00
40226: 1.767677e+00 1.563973e+00 6.683502e-01 0.000000e+00
40226: 1.766387e+00 1.564706e+00 6.689076e-01 0.000000e+00
40226: 1.766779e+00 1.563758e+00 6.694631e-01 0.000000e+00
40226: 1.765494e+00 1.564489e+00 6.700168e-01 0.000000e+00
40226: 1.765886e+00 1.563545e+00 6.705686e-01 0.000000e+00
40226: 1.766277e+00 1.564274e+00 6.694491e-01 0.000000e+00
40226: 1.765000e+00 1.563333e+00 6.716667e-01 0.000000e+00
40226: 1.765391e+00 1.562396e+00 6.722130e-01 0.000000e+00
40226: 1.764120e+00 1.564784e+00 6.710963e-01 0.000000e+00
40226: 1.766169e+00 1.563847e+00 6.699834e-01 0.000000e+00
40226: 1.766556e+00 1.564570e+00 6.688742e-01 0.000000e+00
40226: 1.765289e+00 1.565289e+00 6.694215e-01 0.000000e+00
40226: 1.765677e+00 1.566007e+00 6.683168e-01 0.000000e+00
40226: 1.764415e+00 1.566722e+00 6.688633e-01 0.000000e+00
40226: 1.764803e+00 1.565789e+00 6.694079e-01 0.000000e+00
40226: 1.763547e+00 1.566502e+00 6.699507e-01 0.000000e+00
40226: 1.765574e+00 1.565574e+00 6.688525e-01 0.000000e+00
40226: 1.764321e+00 1.566285e+00 6.693944e-01 0.000000e+00
40226: 1.764706e+00 1.565359e+00 6.699346e-01 0.000000e+00
40226: 1.763458e+00 1.566069e+00 6.704731e-01 0.000000e+00
40226: 1.765472e+00 1.565147e+00 6.693811e-01 0.000000e+00
40226: 1.765854e+00 1.565854e+00 6.682927e-01 0.000000e+00
40226: 1.764610e+00 1.564935e+00 6.704545e-01 0.000000e+00
40226: 1.764992e+00 1.564019e+00 6.709887e-01 0.000000e+00
40226: 1.763754e+00 1.564725e+00 6.715210e-01 0.000000e+00
40226: 1.765751e+00 1.563813e+00 6.704362e-01 0.000000e+00
40226: 1.764516e+00 1.566129e+00 6.693548e-01 0.000000e+00
40226: 1.764895e+00 1.565217e+00 6.698873e-01 0.000000e+00
40226: 1.765273e+00 1.565916e+00 6.688103e-01 0.000000e+00
40226: 1.765650e+00 1.565008e+00 6.693419e-01 0.000000e+00
40226: 1.766026e+00 1.565705e+00 6.682692e-01 0.000000e+00
40226: 1.764800e+00 1.564800e+00 6.704000e-01 0.000000e+00
40226: 1.765176e+00 1.563898e+00 6.709265e-01 0.000000e+00
40226: 1.763955e+00 1.566188e+00 6.698565e-01 0.000000e+00
40226: 1.764331e+00 1.565287e+00 6.703822e-01 0.000000e+00
40226: 1.764706e+00 1.565978e+00 6.693164e-01 0.000000e+00
40226: 1.765079e+00 1.565079e+00 6.698413e-01 0.000000e+00
40226: 1.763867e+00 1.565769e+00 6.703645e-01 0.000000e+00
40226: 1.764241e+00 1.564873e+00 6.708861e-01 0.000000e+00
40226: 1.763033e+00 1.565561e+00 6.714060e-01 0.000000e+00
40226: 1.764984e+00 1.564669e+00 6.703470e-01 0.000000e+00
40226: 1.765354e+00 1.565354e+00 6.692913e-01 0.000000e+00
40226: 1.764151e+00 1.564465e+00 6.713836e-01 0.000000e+00
40226: 1.764521e+00 1.563579e+00 6.718995e-01 0.000000e+00
40226: 1.764890e+00 1.564263e+00 6.708464e-01 0.000000e+00
40226: 1.765258e+00 1.563380e+00 6.713615e-01 0.000000e+00
40226: 1.764063e+00 1.565625e+00 6.703125e-01 0.000000e+00
40226: 1.764431e+00 1.566303e+00 6.692668e-01 0.000000e+00
40226: 1.763240e+00 1.565421e+00 6.713396e-01 0.000000e+00
40226: 1.763608e+00 1.564541e+00 6.718507e-01 0.000000e+00
40226: 1.762422e+00 1.565217e+00 6.723602e-01 0.000000e+00
40226: 1.764341e+00 1.564341e+00 6.713178e-01 0.000000e+00
40226: 1.763158e+00 1.565015e+00 6.718266e-01 0.000000e+00
40226: 1.763524e+00 1.564142e+00 6.723338e-01 0.000000e+00
40226: 1.762346e+00 1.564815e+00 6.728395e-01 0.000000e+00
40226: 1.764253e+00 1.563945e+00 6.718028e-01 0.000000e+00
40226: 1.764615e+00 1.564615e+00 6.707692e-01 0.000000e+00
40226: 1.763441e+00 1.563748e+00 6.728111e-01 0.000000e+00
40226: 1.763804e+00 1.564417e+00 6.717791e-01 0.000000e+00
40226: 1.762634e+00 1.563553e+00 6.738132e-01 0.000000e+00
40226: 1.764526e+00 1.562691e+00 6.727829e-01 0.000000e+00
40226: 1.763359e+00 1.563359e+00 6.732824e-01 0.000000e+00
40226: 1.765244e+00 1.562500e+00 6.722561e-01 0.000000e+00
40226: 1.765601e+00 1.563166e+00 6.712329e-01 0.000000e+00
40226: 1.764438e+00 1.562310e+00 6.732523e-01 0.000000e+00
40226: 1.764795e+00 1.562974e+00 6.722307e-01 0.000000e+00
40226: 1.763636e+00 1.562121e+00 6.742424e-01 0.000000e+00
40226: 1.763994e+00 1.561271e+00 6.747352e-01 0.000000e+00
40226: 1.764350e+00 1.561934e+00 6.737160e-01 0.000000e+00
40226: 1.763198e+00 1.561086e+00 6.757164e-01 0.000000e+00
40226: 1.763554e+00 1.561747e+00 6.746988e-01 0.000000e+00
40226: 1.762406e+00 1.560902e+00 6.766917e-01 0.000000e+00
40226: 1.764264e+00 1.560060e+00 6.756757e-01 0.000000e+00
40226: 1.763118e+00 1.560720e+00 6.761619e-01 0.000000e+00
40226: 1.763473e+00 1.561377e+00 6.751497e-01 0.000000e+00
40226: 1.763827e+00 1.560538e+00 6.756353e-01 0.000000e+00
40226: 1.762687e+00 1.561194e+00 6.761194e-01 0.000000e+00
40226: 1.763040e+00 1.560358e+00 6.766021e-01 0.000000e+00
40226: 1.763393e+00 1.561012e+00 6.755952e-01 0.000000e+00
40226: 1.763744e+00 1.560178e+00 6.760773e-01 0.000000e+00
40226: 1.762611e+00 1.562315e+00 6.750742e-01 0.000000e+00
40226: 1.764444e+00 1.561481e+00 6.740741e-01 0.000000e+00
40226: 1.763314e+00 1.562130e+00 6.745562e-01 0.000000e+00
40226: 1.763663e+00 1.561300e+00 6.750369e-01 0.000000e+00
40226: 1.762537e+00 1.561947e+00 6.755162e-01 0.000000e+00
40226: 1.762887e+00 1.561119e+00 6.759941e-01 0.000000e+00
40226: 1.761765e+00 1.561765e+00 6.764706e-01 0.000000e+00
40226: 1.763583e+00 1.560940e+00 6.754772e-01 0.000000e+00
40226: 1.762463e+00 1.561584e+00 6.759531e-01 0.000000e+00
40226: 1.764275e+00 1.560761e+00 6.749634e-01 0.000000e+00
40226: 1.763158e+00 1.561404e+00 6.754386e-01 0.000000e+00
40226: 1.763504e+00 1.562044e+00 6.744526e-01 0.000000e+00
40226: 1.763848e+00 1.561224e+00 6.749271e-01 0.000000e+00
40226: 1.762737e+00 1.561863e+00 6.754003e-01 0.000000e+00
40226: 1.763081e+00 1.561047e+00 6.758721e-01 0.000000e+00
40226: 1.763425e+00 1.561684e+00 6.748911e-01 0.000000e+00
40226: 1.763768e+00 1.560870e+00 6.753623e-01 0.000000e+00
40226: 1.764110e+00 1.561505e+00 6.743849e-01 0.000000e+00
40226: 1.763006e+00 1.560694e+00 6.763006e-01 0.000000e+00
40226: 1.763348e+00 1.561328e+00 6.753247e-01 0.000000e+00
40226: 1.763689e+00 1.560519e+00 6.757925e-01 0.000000e+00
40226: 1.764029e+00 1.561151e+00 6.748201e-01 0.000000e+00
40226: 1.762931e+00 1.560345e+00 6.767241e-01 0.000000e+00
40226: 1.763271e+00 1.559541e+00 6.771879e-01 0.000000e+00
40226: 1.763610e+00 1.560172e+00 6.762178e-01 0.000000e+00
40226: 1.762518e+00 1.560801e+00 6.766810e-01 0.000000e+00
40226: 1.764286e+00 1.560000e+00 6.757143e-01 0.000000e+00
40226: 1.763195e+00 1.560628e+00 6.761769e-01 0.000000e+00
40226: 1.764957e+00 1.559829e+00 6.752137e-01 0.000000e+00
40226: 1.763869e+00 1.561878e+00 6.742532e-01 0.000000e+00
40226: 1.764205e+00 1.561080e+00 6.747159e-01 0.000000e+00
40226: 1.764539e+00 1.561702e+00 6.737589e-01 0.000000e+00
40226: 1.764873e+00 1.560907e+00 6.742210e-01 0.000000e+00
40226: 1.765205e+00 1.561528e+00 6.732673e-01 0.000000e+00
40226: 1.764124e+00 1.562147e+00 6.737288e-01 0.000000e+00
40226: 1.764457e+00 1.561354e+00 6.741890e-01 0.000000e+00
40226: 1.763380e+00 1.563380e+00 6.732394e-01 0.000000e+00
40226: 1.763713e+00 1.562588e+00 6.736990e-01 0.000000e+00
40226: 1.762640e+00 1.564607e+00 6.727528e-01 0.000000e+00
40226: 1.762973e+00 1.563815e+00 6.732118e-01 0.000000e+00
40226: 1.761905e+00 1.564426e+00 6.736695e-01 0.000000e+00
40226: 1.763636e+00 1.563636e+00 6.727273e-01 0.000000e+00
40226: 1.763966e+00 1.564246e+00 6.717877e-01 0.000000e+00
40226: 1.762901e+00 1.563459e+00 6.736402e-01 0.000000e+00
40226: 1.764624e+00 1.562674e+00 6.727019e-01 0.000000e+00
40226: 1.763561e+00 1.563282e+00 6.731572e-01 0.000000e+00
40226: 1.763889e+00 1.563889e+00 6.722222e-01 0.000000e+00
40226: 1.764216e+00 1.563107e+00 6.726768e-01 0.000000e+00
40226: 1.763158e+00 1.563712e+00 6.731302e-01 0.000000e+00
40226: 1.764869e+00 1.562932e+00 6.721992e-01 0.000000e+00
40226: 1.763812e+00 1.563536e+00 6.726519e-01 0.000000e+00
40226: 1.764138e+00 1.562759e+00 6.731034e-01 0.000000e+00
40226: 1.763085e+00 1.564738e+00 6.721763e-01 0.000000e+00
40226: 1.764787e+00 1.563961e+00 6.712517e-01 0.000000e+00
40226: 1.765110e+00 1.564560e+00 6.703297e-01 0.000000e+00
40226: 1.764060e+00 1.565158e+00 6.707819e-01 0.000000e+00
40226: 1.765753e+00 1.564384e+00 6.698630e-01 0.000000e+00
40226: 1.764706e+00 1.564979e+00 6.703146e-01 0.000000e+00
40226: 1.765027e+00 1.565574e+00 6.693989e-01 0.000000e+00
40226: 1.763984e+00 1.566166e+00 6.698499e-01 0.000000e+00
40226: 1.764305e+00 1.565395e+00 6.702997e-01 0.000000e+00
40226: 1.763265e+00 1.565986e+00 6.707483e-01 0.000000e+00
40226: 1.763587e+00 1.565217e+00 6.711957e-01 0.000000e+00
40226: 1.762551e+00 1.567164e+00 6.702849e-01 0.000000e+00
40226: 1.762873e+00 1.567751e+00 6.693767e-01 0.000000e+00
40226: 1.763194e+00 1.566982e+00 6.698241e-01 0.000000e+00
40226: 1.763514e+00 1.567568e+00 6.689189e-01 0.000000e+00
40226: 1.762483e+00 1.568151e+00 6.693657e-01 0.000000e+00
40226: 1.764151e+00 1.567385e+00 6.684636e-01 0.000000e+00
40226: 1.763122e+00 1.567968e+00 6.689098e-01 0.000000e+00
40226: 1.763441e+00 1.568548e+00 6.680108e-01 0.000000e+00
40226: 1.763758e+00 1.567785e+00 6.684564e-01 0.000000e+00
40226: 1.764075e+00 1.568365e+00 6.675603e-01 0.000000e+00
40226: 1.763052e+00 1.567604e+00 6.693440e-01 0.000000e+00
40226: 1.763369e+00 1.566845e+00 6.697861e-01 0.000000e+00
40226: 1.762350e+00 1.567423e+00 6.702270e-01 0.000000e+00
40226: 1.764000e+00 1.566667e+00 6.693333e-01 0.000000e+00
40226: 1.762983e+00 1.567244e+00 6.697736e-01 0.000000e+00
40226: 1.764628e+00 1.566489e+00 6.688830e-01 0.000000e+00
40226: 1.763612e+00 1.567065e+00 6.693227e-01 0.000000e+00
40226: 1.765252e+00 1.566313e+00 6.684350e-01 0.000000e+00
40226: 1.764238e+00 1.566887e+00 6.688742e-01 0.000000e+00
40226: 1.765873e+00 1.566138e+00 6.679894e-01 0.000000e+00
40226: 1.764861e+00 1.566711e+00 6.684280e-01 0.000000e+00
40226: 1.766491e+00 1.565963e+00 6.675462e-01 0.000000e+00
40226: 1.765481e+00 1.566535e+00 6.679842e-01 0.000000e+00
40226: 1.765789e+00 1.567105e+00 6.671053e-01 0.000000e+00
40226: 1.764783e+00 1.566360e+00 6.688568e-01 0.000000e+00
40226: 1.766404e+00 1.565617e+00 6.679790e-01 0.000000e+00
40226: 1.766710e+00 1.566186e+00 6.671035e-01 0.000000e+00
40226: 1.765707e+00 1.565445e+00 6.688482e-01 0.000000e+00
40226: 1.767320e+00 1.564706e+00 6.679739e-01 0.000000e+00
40226: 1.766319e+00 1.565274e+00 6.684073e-01 0.000000e+00
40226: 1.766623e+00 1.565841e+00 6.675359e-01 0.000000e+00
40226: 1.765625e+00 1.565104e+00 6.692708e-01 0.000000e+00
40226: 1.765930e+00 1.565670e+00 6.684005e-01 0.000000e+00
40226: 1.764935e+00 1.564935e+00 6.701299e-01 0.000000e+00
40226: 1.766537e+00 1.564202e+00 6.692607e-01 0.000000e+00
40226: 1.765544e+00 1.564767e+00 6.696891e-01 0.000000e+00
40226: 1.767141e+00 1.564036e+00 6.688228e-01 0.000000e+00
40226: 1.766150e+00 1.565891e+00 6.679587e-01 0.000000e+00
40226: 1.767742e+00 1.565161e+00 6.670968e-01 0.000000e+00
40226: 1.766753e+00 1.567010e+00 6.662371e-01 0.000000e+00
40226: 1.768340e+00 1.566281e+00 6.653797e-01 0.000000e+00
40226: 1.767352e+00 1.568123e+00 6.645244e-01 0.000000e+00
40226: 1.767651e+00 1.568678e+00 6.636714e-01 0.000000e+00
40226: 1.767949e+00 1.567949e+00 6.641026e-01 0.000000e+00
40226: 1.766965e+00 1.569782e+00 6.632522e-01 0.000000e+00
40226: 1.767263e+00 1.570332e+00 6.624041e-01 0.000000e+00
40226: 1.766284e+00 1.568327e+00 6.653895e-01 0.000000e+00
40226: 1.766582e+00 1.567602e+00 6.658163e-01 0.000000e+00
40226: 1.765605e+00 1.568153e+00 6.662420e-01 0.000000e+00
40226: 1.767176e+00 1.567430e+00 6.653944e-01 0.000000e+00
40226: 1.767471e+00 1.567980e+00 6.645489e-01 0.000000e+00
40226: 1.767766e+00 1.567259e+00 6.649746e-01 0.000000e+00
40226: 1.766793e+00 1.567807e+00 6.653992e-01 0.000000e+00
40226: 1.768354e+00 1.567089e+00 6.645570e-01 0.000000e+00
40226: 1.767383e+00 1.568900e+00 6.637168e-01 0.000000e+00
40226: 1.768939e+00 1.568182e+00 6.628788e-01 0.000000e+00
40226: 1.769231e+00 1.568726e+00 6.620429e-01 0.000000e+00
40226: 1.768262e+00 1.568010e+00 6.637280e-01 0.000000e+00
40226: 1.768553e+00 1.567296e+00 6.641509e-01 0.000000e+00
40226: 1.767588e+00 1.567839e+00 6.645729e-01 0.000000e+00
40226: 1.769134e+00 1.567127e+00 6.637390e-01 0.000000e+00
40226: 1.768170e+00 1.567669e+00 6.641604e-01 0.000000e+00
40226: 1.769712e+00 1.566959e+00 6.633292e-01 0.000000e+00
40226: 1.768750e+00 1.567500e+00 6.637500e-01 0.000000e+00
40226: 1.769039e+00 1.568040e+00 6.629213e-01 0.000000e+00
40226: 1.769327e+00 1.567332e+00 6.633416e-01 0.000000e+00
40226: 1.769614e+00 1.567870e+00 6.625156e-01 0.000000e+00
40226: 1.768657e+00 1.567164e+00 6.641791e-01 0.000000e+00
40226: 1.768944e+00 1.566460e+00 6.645963e-01 0.000000e+00
40226: 1.767990e+00 1.568238e+00 6.637717e-01 0.000000e+00
40226: 1.768278e+00 1.567534e+00 6.641884e-01 0.000000e+00
40226: 1.767327e+00 1.568069e+00 6.646040e-01 0.000000e+00
40226: 1.768850e+00 1.567367e+00 6.637824e-01 0.000000e+00
40226: 1.767901e+00 1.567901e+00 6.641975e-01 0.000000e+00
40226: 1.766954e+00 1.569667e+00 6.633785e-01 0.000000e+00
40226: 1.768473e+00 1.568966e+00 6.625616e-01 0.000000e+00
40226: 1.767528e+00 1.570726e+00 6.617466e-01 0.000000e+00
40226: 1.767813e+00 1.568796e+00 6.633907e-01 0.000000e+00
40226: 1.768098e+00 1.569325e+00 6.625767e-01 0.000000e+00
40226: 1.767157e+00 1.568627e+00 6.642157e-01 0.000000e+00
40226: 1.767442e+00 1.567931e+00 6.646267e-01 0.000000e+00
40226: 1.766504e+00 1.568460e+00 6.650367e-01 0.000000e+00
40226: 1.768010e+00 1.567766e+00 6.642247e-01 0.000000e+00
40226: 1.767073e+00 1.568293e+00 6.646341e-01 0.000000e+00
40226: 1.766139e+00 1.568819e+00 6.650426e-01 0.000000e+00
40226: 1.766423e+00 1.568127e+00 6.654501e-01 0.000000e+00
40226: 1.766707e+00 1.568651e+00 6.646416e-01 0.000000e+00
40226: 1.766990e+00 1.567961e+00 6.650485e-01 0.000000e+00
40226: 1.766061e+00 1.569697e+00 6.642424e-01 0.000000e+00
40226: 1.766344e+00 1.569007e+00 6.646489e-01 0.000000e+00
40226: 1.765417e+00 1.570738e+00 6.638452e-01 0.000000e+00
40226: 1.766908e+00 1.568841e+00 6.642512e-01 0.000000e+00
40226: 1.765983e+00 1.569361e+00 6.646562e-01 0.000000e+00
40226: 1.766265e+00 1.569880e+00 6.638554e-01 0.000000e+00
40226: 1.765343e+00 1.569194e+00 6.654633e-01 0.000000e+00
40226: 1.765625e+00 1.569712e+00 6.646635e-01 0.000000e+00
40226: 1.765906e+00 1.569028e+00 6.650660e-01 0.000000e+00
40226: 1.764988e+00 1.569544e+00 6.654676e-01 0.000000e+00
40226: 1.766467e+00 1.568862e+00 6.646707e-01 0.000000e+00
40226: 1.765550e+00 1.569378e+00 6.650718e-01 0.000000e+00
40226: 1.765830e+00 1.569892e+00 6.642772e-01 0.000000e+00
40226: 1.766110e+00 1.569212e+00 6.646778e-01 0.000000e+00
40226: 1.765197e+00 1.570918e+00 6.638856e-01 0.000000e+00
40226: 1.765476e+00 1.570238e+00 6.642857e-01 0.000000e+00
40226: 1.764566e+00 1.569560e+00 6.658740e-01 0.000000e+00
40226: 1.763658e+00 1.570071e+00 6.662708e-01 0.000000e+00
40226: 1.763938e+00 1.569395e+00 6.666667e-01 0.000000e+00
40226: 1.763033e+00 1.571090e+00 6.658768e-01 0.000000e+00
40226: 1.762130e+00 1.571598e+00 6.662722e-01 0.000000e+00
40226: 1.762411e+00 1.569740e+00 6.678487e-01 0.000000e+00
40226: 1.762692e+00 1.570248e+00 6.670602e-01 0.000000e+00
40226: 1.761792e+00 1.569575e+00 6.686321e-01 0.000000e+00
40226: 1.760895e+00 1.571260e+00 6.678445e-01 0.000000e+00
40226: 1.761176e+00 1.569412e+00 6.694118e-01 0.000000e+00
40226: 1.760282e+00 1.571093e+00 6.686251e-01 0.000000e+00
40226: 1.759390e+00 1.570423e+00 6.701878e-01 0.000000e+00
40226: 1.759672e+00 1.568581e+00 6.717468e-01 0.000000e+00
40226: 1.759953e+00 1.569087e+00 6.709602e-01 0.000000e+00
40226: 1.760234e+00 1.568421e+00 6.713450e-01 0.000000e+00
40226: 1.759346e+00 1.570093e+00 6.705607e-01 0.000000e+00
40226: 1.759627e+00 1.569428e+00 6.709452e-01 0.000000e+00
40226: 1.759907e+00 1.569930e+00 6.701632e-01 0.000000e+00
40226: 1.760186e+00 1.569267e+00 6.705471e-01 0.000000e+00
40226: 1.760465e+00 1.569767e+00 6.697674e-01 0.000000e+00
40226: 1.759582e+00 1.569106e+00 6.713124e-01 0.000000e+00
40226: 1.759861e+00 1.569606e+00 6.705336e-01 0.000000e+00
40226: 1.758980e+00 1.568946e+00 6.720742e-01 0.000000e+00
40226: 1.760417e+00 1.568287e+00 6.712963e-01 0.000000e+00
40226: 1.759538e+00 1.568786e+00 6.716763e-01 0.000000e+00
40226: 1.758661e+00 1.570439e+00 6.709007e-01 0.000000e+00
40226: 1.757785e+00 1.569781e+00 6.724337e-01 0.000000e+00
40226: 1.759217e+00 1.569124e+00 6.716590e-01 0.000000e+00
40226: 1.759494e+00 1.569620e+00 6.708861e-01 0.000000e+00
40226: 1.759770e+00 1.568966e+00 6.712644e-01 0.000000e+00
40226: 1.760046e+00 1.569460e+00 6.704937e-01 0.000000e+00
40226: 1.759174e+00 1.568807e+00 6.720183e-01 0.000000e+00
40226: 1.758305e+00 1.570447e+00 6.712486e-01 0.000000e+00
40226: 1.758581e+00 1.568650e+00 6.727689e-01 0.000000e+00
40226: 1.757714e+00 1.569143e+00 6.731429e-01 0.000000e+00
40226: 1.757991e+00 1.569635e+00 6.723744e-01 0.000000e+00
40226: 1.758267e+00 1.568985e+00 6.727480e-01 0.000000e+00
40226: 1.758542e+00 1.569476e+00 6.719818e-01 0.000000e+00
40226: 1.757679e+00 1.569966e+00 6.723549e-01 0.000000e+00
40226: 1.756818e+00 1.571591e+00 6.715909e-01 0.000000e+00
40226: 1.758229e+00 1.569807e+00 6.719637e-01 0.000000e+00
40226: 1.758503e+00 1.570295e+00 6.712018e-01 0.000000e+00
40226: 1.757644e+00 1.568516e+00 6.738392e-01 0.000000e+00
40226: 1.756787e+00 1.569005e+00 6.742081e-01 0.000000e+00
40226: 1.757062e+00 1.568362e+00 6.745763e-01 0.000000e+00
40226: 1.756208e+00 1.569977e+00 6.738149e-01 0.000000e+00
40226: 1.755355e+00 1.570462e+00 6.741826e-01 0.000000e+00
40226: 1.754505e+00 1.570946e+00 6.745495e-01 0.000000e+00
40226: 1.753656e+00 1.570304e+00 6.760405e-01 0.000000e+00
40226: 1.753933e+00 1.569663e+00 6.764045e-01 0.000000e+00
40226: 1.754209e+00 1.570146e+00 6.756453e-01 0.000000e+00
40226: 1.754484e+00 1.568386e+00 6.771300e-01 0.000000e+00
40226: 1.753639e+00 1.568869e+00 6.774916e-01 0.000000e+00
40226: 1.753915e+00 1.569351e+00 6.767338e-01 0.000000e+00
40226: 1.753073e+00 1.568715e+00 6.782123e-01 0.000000e+00
40226: 1.753348e+00 1.569196e+00 6.774554e-01 0.000000e+00
40226: 1.753623e+00 1.568562e+00 6.778149e-01 0.000000e+00
40226: 1.753898e+00 1.569042e+00 6.770601e-01 0.000000e+00
40226: 1.753059e+00 1.569522e+00 6.774194e-01 0.000000e+00
40226: 1.753333e+00 1.570000e+00 6.766667e-01 0.000000e+00
40226: 1.753607e+00 1.568257e+00 6.781354e-01 0.000000e+00
40226: 1.753880e+00 1.568736e+00 6.773836e-01 0.000000e+00
40226: 1.753045e+00 1.568106e+00 6.788483e-01 0.000000e+00
40226: 1.754425e+00 1.567478e+00 6.780973e-01 0.000000e+00
40226: 1.753591e+00 1.569061e+00 6.773481e-01 0.000000e+00
40226: 1.752759e+00 1.569536e+00 6.777042e-01 0.000000e+00
40226: 1.751929e+00 1.571114e+00 6.769570e-01 0.000000e+00
40226: 1.752203e+00 1.570485e+00 6.773128e-01 0.000000e+00
40226: 1.751375e+00 1.569857e+00 6.787679e-01 0.000000e+00
40226: 1.751648e+00 1.570330e+00 6.780220e-01 0.000000e+00
40226: 1.750823e+00 1.568606e+00 6.805708e-01 0.000000e+00
40226: 1.751096e+00 1.569079e+00 6.798246e-01 0.000000e+00
40226: 1.750274e+00 1.568456e+00 6.812705e-01 0.000000e+00
40226: 1.749453e+00 1.568928e+00 6.816193e-01 0.000000e+00
40226: 1.749727e+00 1.569399e+00 6.808743e-01 0.000000e+00
40226: 1.748908e+00 1.568777e+00 6.823144e-01 0.000000e+00
40226: 1.750273e+00 1.568157e+00 6.815703e-01 0.000000e+00
40226: 1.749455e+00 1.569717e+00 6.808279e-01 0.000000e+00
40226: 1.748640e+00 1.570185e+00 6.811752e-01 0.000000e+00
40226: 1.748913e+00 1.569565e+00 6.815217e-01 0.000000e+00
40226: 1.749186e+00 1.570033e+00 6.807818e-01 0.000000e+00
40226: 1.749458e+00 1.568330e+00 6.822126e-01 0.000000e+00
40226: 1.748646e+00 1.568797e+00 6.825569e-01 0.000000e+00
40226: 1.747835e+00 1.569264e+00 6.829004e-01 0.000000e+00
40226: 1.749189e+00 1.568649e+00 6.821622e-01 0.000000e+00
40226: 1.748380e+00 1.569114e+00 6.825054e-01 0.000000e+00
40226: 1.747573e+00 1.569579e+00 6.828479e-01 0.000000e+00
40226: 1.747845e+00 1.570043e+00 6.821121e-01 0.000000e+00
40226: 1.747040e+00 1.568353e+00 6.846071e-01 0.000000e+00
40226: 1.748387e+00 1.567742e+00 6.838710e-01 0.000000e+00
40226: 1.748657e+00 1.568206e+00 6.831364e-01 0.000000e+00
40226: 1.747854e+00 1.568670e+00 6.834764e-01 0.000000e+00
40226: 1.748124e+00 1.569132e+00 6.827438e-01 0.000000e+00
40226: 1.747323e+00 1.568522e+00 6.841542e-01 0.000000e+00
40226: 1.748663e+00 1.567914e+00 6.834225e-01 0.000000e+00
40226: 1.748932e+00 1.568376e+00 6.826923e-01 0.000000e+00
40226: 1.749200e+00 1.567769e+00 6.830309e-01 0.000000e+00
40226: 1.748401e+00 1.568230e+00 6.833689e-01 0.000000e+00
40226: 1.748669e+00 1.568690e+00 6.826411e-01 0.000000e+00
40226: 1.748936e+00 1.568085e+00 6.829787e-01 0.000000e+00
40226: 1.748140e+00 1.568544e+00 6.833156e-01 0.000000e+00
40226: 1.749469e+00 1.567941e+00 6.825902e-01 0.000000e+00
40226: 1.748674e+00 1.569459e+00 6.818664e-01 0.000000e+00
40226: 1.748941e+00 1.569915e+00 6.811441e-01 0.000000e+00
40226: 1.748148e+00 1.569312e+00 6.825397e-01 0.000000e+00
40226: 1.749471e+00 1.568710e+00 6.818182e-01 0.000000e+00
40226: 1.748680e+00 1.570222e+00 6.810982e-01 0.000000e+00
40226: 1.747890e+00 1.569620e+00 6.824895e-01 0.000000e+00
40226: 1.748156e+00 1.570074e+00 6.817703e-01 0.000000e+00
40226: 1.747368e+00 1.568421e+00 6.842105e-01 0.000000e+00
40226: 1.747634e+00 1.568875e+00 6.834911e-01 0.000000e+00
40226: 1.747899e+00 1.568277e+00 6.838235e-01 0.000000e+00
40226: 1.748164e+00 1.568730e+00 6.831060e-01 0.000000e+00
40226: 1.747379e+00 1.568134e+00 6.844864e-01 0.000000e+00
40226: 1.748691e+00 1.567539e+00 6.837696e-01 0.000000e+00
40226: 1.748954e+00 1.567992e+00 6.830544e-01 0.000000e+00
40226: 1.749216e+00 1.567398e+00 6.833856e-01 0.000000e+00
40226: 1.748434e+00 1.568894e+00 6.826722e-01 0.000000e+00
40226: 1.748697e+00 1.568300e+00 6.830031e-01 0.000000e+00
40226: 1.748958e+00 1.568750e+00 6.822917e-01 0.000000e+00
40226: 1.748179e+00 1.568158e+00 6.836629e-01 0.000000e+00
40226: 1.748441e+00 1.568607e+00 6.829522e-01 0.000000e+00
40226: 1.748702e+00 1.568017e+00 6.832814e-01 0.000000e+00
40226: 1.747925e+00 1.568465e+00 6.836100e-01 0.000000e+00
40226: 1.748187e+00 1.568912e+00 6.829016e-01 0.000000e+00
40226: 1.747412e+00 1.569358e+00 6.832298e-01 0.000000e+00
40226: 1.746639e+00 1.570838e+00 6.825233e-01 0.000000e+00
40226: 1.747934e+00 1.569215e+00 6.828512e-01 0.000000e+00
40226: 1.747162e+00 1.569659e+00 6.831785e-01 0.000000e+00
40226: 1.747423e+00 1.570103e+00 6.824742e-01 0.000000e+00
40226: 1.747683e+00 1.568486e+00 6.838311e-01 0.000000e+00
40226: 1.747942e+00 1.568930e+00 6.831276e-01 0.000000e+00
40226: 1.747174e+00 1.569373e+00 6.834532e-01 0.000000e+00
40226: 1.747433e+00 1.568789e+00 6.837782e-01 0.000000e+00
40226: 1.746667e+00 1.569231e+00 6.841026e-01 0.000000e+00
40226: 1.746926e+00 1.569672e+00 6.834016e-01 0.000000e+00
40226: 1.747185e+00 1.569089e+00 6.837257e-01 0.000000e+00
40226: 1.747444e+00 1.569530e+00 6.830266e-01 0.000000e+00
40226: 1.746680e+00 1.569969e+00 6.833504e-01 0.000000e+00
40226: 1.746939e+00 1.569388e+00 6.836735e-01 0.000000e+00
40226: 1.746177e+00 1.569827e+00 6.839959e-01 0.000000e+00
40226: 1.745418e+00 1.570265e+00 6.843177e-01 0.000000e+00
40226: 1.744659e+00 1.569685e+00 6.856562e-01 0.000000e+00
40226: 1.743902e+00 1.570122e+00 6.859756e-01 0.000000e+00
40226: 1.743147e+00 1.569543e+00 6.873096e-01 0.000000e+00
40226: 1.743408e+00 1.569980e+00 6.866126e-01 0.000000e+00
40226: 1.742655e+00 1.569402e+00 6.879433e-01 0.000000e+00
40226: 1.743927e+00 1.568826e+00 6.872470e-01 0.000000e+00
40226: 1.744186e+00 1.569262e+00 6.865521e-01 0.000000e+00
40226: 1.744444e+00 1.568687e+00 6.868687e-01 0.000000e+00
40226: 1.744702e+00 1.569122e+00 6.861756e-01 0.000000e+00
40226: 1.744960e+00 1.568548e+00 6.864919e-01 0.000000e+00
40226: 1.744209e+00 1.568983e+00 6.868077e-01 0.000000e+00
40226: 1.744467e+00 1.569416e+00 6.861167e-01 0.000000e+00
40226: 1.744724e+00 1.568844e+00 6.864322e-01 0.000000e+00
40226: 1.744980e+00 1.569277e+00 6.857430e-01 0.000000e+00
40226: 1.744233e+00 1.568706e+00 6.870612e-01 0.000000e+00
40226: 1.745491e+00 1.568136e+00 6.863727e-01 0.000000e+00
40226: 1.744745e+00 1.568569e+00 6.866867e-01 0.000000e+00
40226: Done!
