Forked 39464
Starting to reopen 0 and 1
Calling execv `tournament0/pzakorko.py` (pid 39464)
Strategy 0: first ans is 0
Forked 39465
Starting to reopen 0 and 1
Calling execv `tournament0/fedro.py` (pid 39465)
Strategy 1: first ans is 0
Forked 39489
Starting to reopen 0 and 1
Calling execv `tournament0/alex_dany` (pid 39489)
39489: Started!
39489: Number of players: 4, position: 2, number of turns: 1000
39489: Random seed: 3661680541
Strategy 2: first ans is 1
Forked 39490
Starting to reopen 0 and 1
Calling execv `tournament0/elexunix.py` (pid 39490)
Strategy 3: first ans is 2
39489: 2.000000e+00 1.000000e+00 1.000000e+00 0.000000e+00
39489: 2.000000e+00 1.000000e+00 1.000000e+00 0.000000e+00
39489: 2.333333e+00 1.000000e+00 6.666667e-01 0.000000e+00
39489: 2.250000e+00 1.250000e+00 5.000000e-01 0.000000e+00
39489: 2.400000e+00 1.200000e+00 4.000000e-01 0.000000e+00
39489: 2.166667e+00 1.333333e+00 5.000000e-01 0.000000e+00
39489: 2.142857e+00 1.285714e+00 5.714286e-01 0.000000e+00
39489: 2.125000e+00 1.250000e+00 6.250000e-01 0.000000e+00
39489: 2.111111e+00 1.222222e+00 5.555556e-01 1.111111e-01
39489: 2.100000e+00 1.200000e+00 6.000000e-01 1.000000e-01
39489: 2.090909e+00 1.181818e+00 6.363636e-01 9.090909e-02
39489: 2.083333e+00 1.250000e+00 5.833333e-01 8.333333e-02
39489: 2.000000e+00 1.307692e+00 5.384615e-01 1.538462e-01
39489: 1.928571e+00 1.285714e+00 5.714286e-01 2.142857e-01
39489: 1.933333e+00 1.266667e+00 6.000000e-01 2.000000e-01
39489: 1.937500e+00 1.250000e+00 6.250000e-01 1.875000e-01
39489: 1.882353e+00 1.235294e+00 7.058824e-01 1.764706e-01
39489: 1.833333e+00 1.277778e+00 7.222222e-01 1.666667e-01
39489: 1.789474e+00 1.263158e+00 7.894737e-01 1.578947e-01
39489: 1.750000e+00 1.250000e+00 8.500000e-01 1.500000e-01
39489: 1.761905e+00 1.285714e+00 8.095238e-01 1.428571e-01
39489: 1.727273e+00 1.318182e+00 8.181818e-01 1.363636e-01
39489: 1.695652e+00 1.304348e+00 8.260870e-01 1.739130e-01
39489: 1.666667e+00 1.333333e+00 8.333333e-01 1.666667e-01
39489: 1.680000e+00 1.360000e+00 8.000000e-01 1.600000e-01
39489: 1.692308e+00 1.384615e+00 7.692308e-01 1.538462e-01
39489: 1.703704e+00 1.407407e+00 7.407407e-01 1.481481e-01
39489: 1.678571e+00 1.464286e+00 7.142857e-01 1.428571e-01
39489: 1.655172e+00 1.482759e+00 7.241379e-01 1.379310e-01
39489: 1.666667e+00 1.500000e+00 7.000000e-01 1.333333e-01
39489: 1.645161e+00 1.483871e+00 7.096774e-01 1.612903e-01
39489: 1.687500e+00 1.468750e+00 6.875000e-01 1.562500e-01
39489: 1.696970e+00 1.454545e+00 6.969697e-01 1.515152e-01
39489: 1.735294e+00 1.441176e+00 6.764706e-01 1.470588e-01
39489: 1.714286e+00 1.457143e+00 6.857143e-01 1.428571e-01
39489: 1.722222e+00 1.472222e+00 6.666667e-01 1.388889e-01
39489: 1.729730e+00 1.459459e+00 6.756757e-01 1.351351e-01
39489: 1.736842e+00 1.473684e+00 6.578947e-01 1.315789e-01
39489: 1.743590e+00 1.461538e+00 6.666667e-01 1.282051e-01
39489: 1.725000e+00 1.475000e+00 6.500000e-01 1.500000e-01
39489: 1.731707e+00 1.487805e+00 6.341463e-01 1.463415e-01
39489: 1.738095e+00 1.476190e+00 6.428571e-01 1.428571e-01
39489: 1.744186e+00 1.488372e+00 6.279070e-01 1.395349e-01
39489: 1.750000e+00 1.477273e+00 6.363636e-01 1.363636e-01
39489: 1.755556e+00 1.466667e+00 6.222222e-01 1.555556e-01
39489: 1.760870e+00 1.456522e+00 6.086957e-01 1.739130e-01
39489: 1.744681e+00 1.489362e+00 5.957447e-01 1.702128e-01
39489: 1.750000e+00 1.479167e+00 6.041667e-01 1.666667e-01
39489: 1.755102e+00 1.469388e+00 6.122449e-01 1.632653e-01
39489: 1.740000e+00 1.480000e+00 6.200000e-01 1.600000e-01
39489: 1.725490e+00 1.470588e+00 6.470588e-01 1.568627e-01
39489: 1.711538e+00 1.461538e+00 6.730769e-01 1.538462e-01
39489: 1.735849e+00 1.452830e+00 6.603774e-01 1.509434e-01
39489: 1.722222e+00 1.462963e+00 6.481481e-01 1.666667e-01
39489: 1.709091e+00 1.472727e+00 6.545455e-01 1.636364e-01
39489: 1.696429e+00 1.482143e+00 6.607143e-01 1.607143e-01
39489: 1.719298e+00 1.473684e+00 6.491228e-01 1.578947e-01
39489: 1.741379e+00 1.465517e+00 6.379310e-01 1.551724e-01
39489: 1.745763e+00 1.457627e+00 6.440678e-01 1.525424e-01
39489: 1.733333e+00 1.466667e+00 6.500000e-01 1.500000e-01
39489: 1.737705e+00 1.475410e+00 6.393443e-01 1.475410e-01
39489: 1.741935e+00 1.483871e+00 6.290323e-01 1.451613e-01
39489: 1.746032e+00 1.476190e+00 6.349206e-01 1.428571e-01
39489: 1.750000e+00 1.468750e+00 6.406250e-01 1.406250e-01
39489: 1.738462e+00 1.476923e+00 6.461538e-01 1.384615e-01
39489: 1.742424e+00 1.469697e+00 6.515152e-01 1.363636e-01
39489: 1.731343e+00 1.477612e+00 6.417910e-01 1.492537e-01
39489: 1.750000e+00 1.470588e+00 6.323529e-01 1.470588e-01
39489: 1.739130e+00 1.463768e+00 6.521739e-01 1.449275e-01
39489: 1.742857e+00 1.471429e+00 6.428571e-01 1.428571e-01
39489: 1.746479e+00 1.464789e+00 6.478873e-01 1.408451e-01
39489: 1.750000e+00 1.458333e+00 6.388889e-01 1.527778e-01
39489: 1.753425e+00 1.465753e+00 6.301370e-01 1.506849e-01
39489: 1.756757e+00 1.459459e+00 6.216216e-01 1.621622e-01
39489: 1.746667e+00 1.453333e+00 6.266667e-01 1.733333e-01
39489: 1.750000e+00 1.460526e+00 6.184211e-01 1.710526e-01
39489: 1.753247e+00 1.454545e+00 6.233766e-01 1.688312e-01
39489: 1.743590e+00 1.461538e+00 6.282051e-01 1.666667e-01
39489: 1.759494e+00 1.455696e+00 6.202532e-01 1.645570e-01
39489: 1.750000e+00 1.450000e+00 6.250000e-01 1.750000e-01
39489: 1.740741e+00 1.444444e+00 6.419753e-01 1.728395e-01
39489: 1.743902e+00 1.451220e+00 6.341463e-01 1.707317e-01
39489: 1.734940e+00 1.457831e+00 6.385542e-01 1.686747e-01
39489: 1.726190e+00 1.464286e+00 6.309524e-01 1.785714e-01
39489: 1.717647e+00 1.458824e+00 6.352941e-01 1.882353e-01
39489: 1.709302e+00 1.465116e+00 6.395349e-01 1.860465e-01
39489: 1.712644e+00 1.459770e+00 6.321839e-01 1.954023e-01
39489: 1.715909e+00 1.454545e+00 6.363636e-01 1.931818e-01
39489: 1.707865e+00 1.460674e+00 6.404494e-01 1.910112e-01
39489: 1.711111e+00 1.466667e+00 6.333333e-01 1.888889e-01
39489: 1.725275e+00 1.461538e+00 6.263736e-01 1.868132e-01
39489: 1.739130e+00 1.456522e+00 6.195652e-01 1.847826e-01
39489: 1.731183e+00 1.462366e+00 6.236559e-01 1.827957e-01
39489: 1.734043e+00 1.457447e+00 6.276596e-01 1.808511e-01
39489: 1.726316e+00 1.452632e+00 6.421053e-01 1.789474e-01
39489: 1.729167e+00 1.458333e+00 6.354167e-01 1.770833e-01
39489: 1.721649e+00 1.463918e+00 6.288660e-01 1.855670e-01
39489: 1.714286e+00 1.459184e+00 6.428571e-01 1.836735e-01
39489: 1.717172e+00 1.454545e+00 6.464646e-01 1.818182e-01
39489: 1.720000e+00 1.460000e+00 6.400000e-01 1.800000e-01
39489: 1.732673e+00 1.455446e+00 6.336634e-01 1.782178e-01
39489: 1.725490e+00 1.460784e+00 6.372549e-01 1.764706e-01
39489: 1.737864e+00 1.456311e+00 6.310680e-01 1.747573e-01
39489: 1.730769e+00 1.451923e+00 6.442308e-01 1.730769e-01
39489: 1.723810e+00 1.447619e+00 6.571429e-01 1.714286e-01
39489: 1.726415e+00 1.443396e+00 6.603774e-01 1.698113e-01
39489: 1.728972e+00 1.439252e+00 6.542056e-01 1.775701e-01
39489: 1.722222e+00 1.435185e+00 6.666667e-01 1.759259e-01
39489: 1.715596e+00 1.431193e+00 6.788991e-01 1.743119e-01
39489: 1.709091e+00 1.445455e+00 6.727273e-01 1.727273e-01
39489: 1.702703e+00 1.450450e+00 6.756757e-01 1.711712e-01
39489: 1.696429e+00 1.455357e+00 6.785714e-01 1.696429e-01
39489: 1.690265e+00 1.460177e+00 6.814159e-01 1.681416e-01
39489: 1.692982e+00 1.464912e+00 6.754386e-01 1.666667e-01
39489: 1.686957e+00 1.460870e+00 6.869565e-01 1.652174e-01
39489: 1.681034e+00 1.465517e+00 6.896552e-01 1.637931e-01
39489: 1.675214e+00 1.470085e+00 6.837607e-01 1.709402e-01
39489: 1.669492e+00 1.466102e+00 6.949153e-01 1.694915e-01
39489: 1.663866e+00 1.462185e+00 6.974790e-01 1.764706e-01
39489: 1.666667e+00 1.458333e+00 7.000000e-01 1.750000e-01
39489: 1.661157e+00 1.462810e+00 7.024793e-01 1.735537e-01
39489: 1.663934e+00 1.459016e+00 6.967213e-01 1.803279e-01
39489: 1.666667e+00 1.455285e+00 6.991870e-01 1.788618e-01
39489: 1.669355e+00 1.451613e+00 7.016129e-01 1.774194e-01
39489: 1.664000e+00 1.448000e+00 7.120000e-01 1.760000e-01
39489: 1.666667e+00 1.444444e+00 7.142857e-01 1.746032e-01
39489: 1.669291e+00 1.440945e+00 7.165354e-01 1.732283e-01
39489: 1.671875e+00 1.437500e+00 7.187500e-01 1.718750e-01
39489: 1.666667e+00 1.434109e+00 7.209302e-01 1.782946e-01
39489: 1.669231e+00 1.438462e+00 7.153846e-01 1.769231e-01
39489: 1.664122e+00 1.442748e+00 7.175573e-01 1.755725e-01
39489: 1.666667e+00 1.446970e+00 7.121212e-01 1.742424e-01
39489: 1.661654e+00 1.443609e+00 7.218045e-01 1.729323e-01
39489: 1.656716e+00 1.447761e+00 7.238806e-01 1.716418e-01
39489: 1.666667e+00 1.444444e+00 7.185185e-01 1.703704e-01
39489: 1.661765e+00 1.448529e+00 7.205882e-01 1.691176e-01
39489: 1.664234e+00 1.445255e+00 7.153285e-01 1.751825e-01
39489: 1.666667e+00 1.442029e+00 7.173913e-01 1.739130e-01
39489: 1.669065e+00 1.446043e+00 7.122302e-01 1.726619e-01
39489: 1.671429e+00 1.450000e+00 7.071429e-01 1.714286e-01
39489: 1.673759e+00 1.446809e+00 7.092199e-01 1.702128e-01
39489: 1.669014e+00 1.443662e+00 7.112676e-01 1.760563e-01
39489: 1.671329e+00 1.440559e+00 7.132867e-01 1.748252e-01
39489: 1.666667e+00 1.444444e+00 7.152778e-01 1.736111e-01
39489: 1.668966e+00 1.448276e+00 7.103448e-01 1.724138e-01
39489: 1.664384e+00 1.452055e+00 7.123288e-01 1.712329e-01
39489: 1.666667e+00 1.455782e+00 7.074830e-01 1.700680e-01
39489: 1.675676e+00 1.452703e+00 7.027027e-01 1.689189e-01
39489: 1.684564e+00 1.449664e+00 6.979866e-01 1.677852e-01
39489: 1.686667e+00 1.446667e+00 6.933333e-01 1.733333e-01
39489: 1.682119e+00 1.443709e+00 6.953642e-01 1.788079e-01
39489: 1.684211e+00 1.440789e+00 6.907895e-01 1.842105e-01
39489: 1.679739e+00 1.444444e+00 6.928105e-01 1.830065e-01
39489: 1.675325e+00 1.448052e+00 6.948052e-01 1.818182e-01
39489: 1.677419e+00 1.451613e+00 6.903226e-01 1.806452e-01
39489: 1.673077e+00 1.455128e+00 6.923077e-01 1.794872e-01
39489: 1.675159e+00 1.452229e+00 6.942675e-01 1.783439e-01
39489: 1.677215e+00 1.449367e+00 6.962025e-01 1.772152e-01
39489: 1.679245e+00 1.446541e+00 6.981132e-01 1.761006e-01
39489: 1.681250e+00 1.443750e+00 7.000000e-01 1.750000e-01
39489: 1.677019e+00 1.440994e+00 7.080745e-01 1.739130e-01
39489: 1.679012e+00 1.444444e+00 7.037037e-01 1.728395e-01
39489: 1.680982e+00 1.441718e+00 7.055215e-01 1.717791e-01
39489: 1.682927e+00 1.445122e+00 7.012195e-01 1.707317e-01
39489: 1.684848e+00 1.442424e+00 6.969697e-01 1.757576e-01
39489: 1.680723e+00 1.445783e+00 6.987952e-01 1.746988e-01
39489: 1.682635e+00 1.449102e+00 6.946108e-01 1.736527e-01
39489: 1.678571e+00 1.458333e+00 6.904762e-01 1.726190e-01
39489: 1.680473e+00 1.455621e+00 6.923077e-01 1.715976e-01
39489: 1.676471e+00 1.464706e+00 6.882353e-01 1.705882e-01
39489: 1.672515e+00 1.473684e+00 6.842105e-01 1.695906e-01
39489: 1.674419e+00 1.470930e+00 6.860465e-01 1.686047e-01
39489: 1.682081e+00 1.468208e+00 6.820809e-01 1.676301e-01
39489: 1.683908e+00 1.465517e+00 6.839080e-01 1.666667e-01
39489: 1.680000e+00 1.468571e+00 6.857143e-01 1.657143e-01
39489: 1.676136e+00 1.465909e+00 6.875000e-01 1.704545e-01
39489: 1.672316e+00 1.463277e+00 6.892655e-01 1.751412e-01
39489: 1.668539e+00 1.466292e+00 6.910112e-01 1.741573e-01
39489: 1.664804e+00 1.463687e+00 6.927374e-01 1.787709e-01
39489: 1.661111e+00 1.461111e+00 7.000000e-01 1.777778e-01
39489: 1.657459e+00 1.464088e+00 7.016575e-01 1.767956e-01
39489: 1.653846e+00 1.461538e+00 7.087912e-01 1.758242e-01
39489: 1.650273e+00 1.459016e+00 7.103825e-01 1.803279e-01
39489: 1.646739e+00 1.456522e+00 7.173913e-01 1.793478e-01
39489: 1.648649e+00 1.459459e+00 7.135135e-01 1.783784e-01
39489: 1.645161e+00 1.462366e+00 7.150538e-01 1.774194e-01
39489: 1.652406e+00 1.459893e+00 7.112299e-01 1.764706e-01
39489: 1.654255e+00 1.457447e+00 7.074468e-01 1.808511e-01
39489: 1.650794e+00 1.460317e+00 7.089947e-01 1.798942e-01
39489: 1.647368e+00 1.457895e+00 7.157895e-01 1.789474e-01
39489: 1.643979e+00 1.455497e+00 7.225131e-01 1.780105e-01
39489: 1.640625e+00 1.453125e+00 7.291667e-01 1.770833e-01
39489: 1.637306e+00 1.455959e+00 7.305699e-01 1.761658e-01
39489: 1.634021e+00 1.453608e+00 7.319588e-01 1.804124e-01
39489: 1.635897e+00 1.451282e+00 7.333333e-01 1.794872e-01
39489: 1.637755e+00 1.454082e+00 7.295918e-01 1.785714e-01
39489: 1.634518e+00 1.451777e+00 7.360406e-01 1.776650e-01
39489: 1.636364e+00 1.454545e+00 7.323232e-01 1.767677e-01
39489: 1.633166e+00 1.452261e+00 7.386935e-01 1.758794e-01
39489: 1.635000e+00 1.450000e+00 7.400000e-01 1.750000e-01
39489: 1.631841e+00 1.452736e+00 7.412935e-01 1.741294e-01
39489: 1.628713e+00 1.455446e+00 7.376238e-01 1.782178e-01
39489: 1.625616e+00 1.453202e+00 7.438424e-01 1.773399e-01
39489: 1.627451e+00 1.455882e+00 7.401961e-01 1.764706e-01
39489: 1.629268e+00 1.458537e+00 7.365854e-01 1.756098e-01
39489: 1.631068e+00 1.456311e+00 7.378641e-01 1.747573e-01
39489: 1.628019e+00 1.454106e+00 7.391304e-01 1.787440e-01
39489: 1.634615e+00 1.451923e+00 7.355769e-01 1.778846e-01
39489: 1.641148e+00 1.449761e+00 7.320574e-01 1.770335e-01
39489: 1.638095e+00 1.452381e+00 7.333333e-01 1.761905e-01
39489: 1.635071e+00 1.450237e+00 7.393365e-01 1.753555e-01
39489: 1.641509e+00 1.448113e+00 7.358491e-01 1.745283e-01
39489: 1.643192e+00 1.450704e+00 7.323944e-01 1.737089e-01
39489: 1.640187e+00 1.457944e+00 7.289720e-01 1.728972e-01
39489: 1.641860e+00 1.455814e+00 7.302326e-01 1.720930e-01
39489: 1.643519e+00 1.453704e+00 7.268519e-01 1.759259e-01
39489: 1.640553e+00 1.456221e+00 7.281106e-01 1.751152e-01
39489: 1.642202e+00 1.458716e+00 7.247706e-01 1.743119e-01
39489: 1.643836e+00 1.456621e+00 7.214612e-01 1.780822e-01
39489: 1.645455e+00 1.454545e+00 7.181818e-01 1.818182e-01
39489: 1.647059e+00 1.457014e+00 7.149321e-01 1.809955e-01
39489: 1.648649e+00 1.454955e+00 7.117117e-01 1.846847e-01
39489: 1.645740e+00 1.452915e+00 7.174888e-01 1.838565e-01
39489: 1.642857e+00 1.455357e+00 7.187500e-01 1.830357e-01
39489: 1.640000e+00 1.453333e+00 7.200000e-01 1.866667e-01
39489: 1.637168e+00 1.451327e+00 7.256637e-01 1.858407e-01
39489: 1.634361e+00 1.449339e+00 7.312775e-01 1.850220e-01
39489: 1.631579e+00 1.451754e+00 7.324561e-01 1.842105e-01
39489: 1.628821e+00 1.449782e+00 7.336245e-01 1.877729e-01
39489: 1.630435e+00 1.452174e+00 7.304348e-01 1.869565e-01
39489: 1.632035e+00 1.450216e+00 7.316017e-01 1.861472e-01
39489: 1.629310e+00 1.448276e+00 7.370690e-01 1.853448e-01
39489: 1.630901e+00 1.450644e+00 7.339056e-01 1.845494e-01
39489: 1.628205e+00 1.452991e+00 7.350427e-01 1.837607e-01
39489: 1.625532e+00 1.459574e+00 7.319149e-01 1.829787e-01
39489: 1.627119e+00 1.457627e+00 7.288136e-01 1.864407e-01
39489: 1.632911e+00 1.455696e+00 7.257384e-01 1.856540e-01
39489: 1.634454e+00 1.453782e+00 7.226891e-01 1.890756e-01
39489: 1.635983e+00 1.451883e+00 7.238494e-01 1.882845e-01
39489: 1.637500e+00 1.450000e+00 7.208333e-01 1.916667e-01
39489: 1.634855e+00 1.452282e+00 7.219917e-01 1.908714e-01
39489: 1.632231e+00 1.450413e+00 7.272727e-01 1.900826e-01
39489: 1.633745e+00 1.448560e+00 7.283951e-01 1.893004e-01
39489: 1.639344e+00 1.446721e+00 7.254098e-01 1.885246e-01
39489: 1.636735e+00 1.444898e+00 7.306122e-01 1.877551e-01
39489: 1.634146e+00 1.447154e+00 7.317073e-01 1.869919e-01
39489: 1.631579e+00 1.449393e+00 7.327935e-01 1.862348e-01
39489: 1.629032e+00 1.451613e+00 7.338710e-01 1.854839e-01
39489: 1.630522e+00 1.449799e+00 7.349398e-01 1.847390e-01
39489: 1.628000e+00 1.452000e+00 7.360000e-01 1.840000e-01
39489: 1.629482e+00 1.450199e+00 7.370518e-01 1.832669e-01
39489: 1.626984e+00 1.452381e+00 7.380952e-01 1.825397e-01
39489: 1.628458e+00 1.450593e+00 7.391304e-01 1.818182e-01
39489: 1.629921e+00 1.448819e+00 7.401575e-01 1.811024e-01
39489: 1.627451e+00 1.454902e+00 7.372549e-01 1.803922e-01
39489: 1.625000e+00 1.460938e+00 7.343750e-01 1.796875e-01
39489: 1.622568e+00 1.463035e+00 7.354086e-01 1.789883e-01
39489: 1.620155e+00 1.465116e+00 7.364341e-01 1.782946e-01
39489: 1.621622e+00 1.463320e+00 7.374517e-01 1.776062e-01
39489: 1.623077e+00 1.465385e+00 7.346154e-01 1.769231e-01
39489: 1.624521e+00 1.463602e+00 7.318008e-01 1.800766e-01
39489: 1.625954e+00 1.461832e+00 7.290076e-01 1.832061e-01
39489: 1.623574e+00 1.463878e+00 7.262357e-01 1.863118e-01
39489: 1.621212e+00 1.465909e+00 7.272727e-01 1.856061e-01
39489: 1.622642e+00 1.464151e+00 7.283019e-01 1.849057e-01
39489: 1.620301e+00 1.466165e+00 7.293233e-01 1.842105e-01
39489: 1.617978e+00 1.464419e+00 7.340824e-01 1.835206e-01
39489: 1.619403e+00 1.462687e+00 7.350746e-01 1.828358e-01
39489: 1.620818e+00 1.464684e+00 7.323420e-01 1.821561e-01
39489: 1.618519e+00 1.462963e+00 7.370370e-01 1.814815e-01
39489: 1.619926e+00 1.461255e+00 7.380074e-01 1.808118e-01
39489: 1.621324e+00 1.459559e+00 7.389706e-01 1.801471e-01
39489: 1.619048e+00 1.461538e+00 7.399267e-01 1.794872e-01
39489: 1.624088e+00 1.459854e+00 7.372263e-01 1.788321e-01
39489: 1.625455e+00 1.458182e+00 7.381818e-01 1.781818e-01
39489: 1.626812e+00 1.460145e+00 7.355072e-01 1.775362e-01
39489: 1.628159e+00 1.458484e+00 7.364621e-01 1.768953e-01
39489: 1.625899e+00 1.456835e+00 7.410072e-01 1.762590e-01
39489: 1.623656e+00 1.458781e+00 7.419355e-01 1.756272e-01
39489: 1.621429e+00 1.460714e+00 7.428571e-01 1.750000e-01
39489: 1.622776e+00 1.459075e+00 7.437722e-01 1.743772e-01
39489: 1.620567e+00 1.464539e+00 7.411348e-01 1.737589e-01
39489: 1.621908e+00 1.466431e+00 7.385159e-01 1.731449e-01
39489: 1.619718e+00 1.464789e+00 7.394366e-01 1.760563e-01
39489: 1.621053e+00 1.466667e+00 7.368421e-01 1.754386e-01
39489: 1.625874e+00 1.465035e+00 7.342657e-01 1.748252e-01
39489: 1.627178e+00 1.463415e+00 7.351916e-01 1.742160e-01
39489: 1.628472e+00 1.461806e+00 7.361111e-01 1.736111e-01
39489: 1.626298e+00 1.460208e+00 7.370242e-01 1.764706e-01
39489: 1.627586e+00 1.458621e+00 7.344828e-01 1.793103e-01
39489: 1.625430e+00 1.460481e+00 7.353952e-01 1.786942e-01
39489: 1.623288e+00 1.458904e+00 7.397260e-01 1.780822e-01
39489: 1.621160e+00 1.457338e+00 7.406143e-01 1.808874e-01
39489: 1.619048e+00 1.455782e+00 7.414966e-01 1.836735e-01
39489: 1.620339e+00 1.457627e+00 7.389831e-01 1.830508e-01
39489: 1.618243e+00 1.459459e+00 7.398649e-01 1.824324e-01
39489: 1.619529e+00 1.457912e+00 7.373737e-01 1.851852e-01
39489: 1.624161e+00 1.456376e+00 7.348993e-01 1.845638e-01
39489: 1.622074e+00 1.461538e+00 7.324415e-01 1.839465e-01
39489: 1.620000e+00 1.460000e+00 7.366667e-01 1.833333e-01
39489: 1.617940e+00 1.458472e+00 7.375415e-01 1.860465e-01
39489: 1.619205e+00 1.456954e+00 7.384106e-01 1.854305e-01
39489: 1.620462e+00 1.458746e+00 7.359736e-01 1.848185e-01
39489: 1.618421e+00 1.463816e+00 7.335526e-01 1.842105e-01
39489: 1.616393e+00 1.462295e+00 7.377049e-01 1.836066e-01
39489: 1.617647e+00 1.464052e+00 7.352941e-01 1.830065e-01
39489: 1.622150e+00 1.462541e+00 7.328990e-01 1.824104e-01
39489: 1.626623e+00 1.461039e+00 7.305195e-01 1.818182e-01
39489: 1.627832e+00 1.459547e+00 7.313916e-01 1.812298e-01
39489: 1.629032e+00 1.458065e+00 7.322581e-01 1.806452e-01
39489: 1.627010e+00 1.459807e+00 7.331190e-01 1.800643e-01
39489: 1.628205e+00 1.458333e+00 7.307692e-01 1.826923e-01
39489: 1.632588e+00 1.456869e+00 7.284345e-01 1.821086e-01
39489: 1.630573e+00 1.455414e+00 7.292994e-01 1.847134e-01
39489: 1.631746e+00 1.457143e+00 7.269841e-01 1.841270e-01
39489: 1.632911e+00 1.455696e+00 7.278481e-01 1.835443e-01
39489: 1.634069e+00 1.454259e+00 7.287066e-01 1.829653e-01
39489: 1.635220e+00 1.455975e+00 7.264151e-01 1.823899e-01
39489: 1.639498e+00 1.454545e+00 7.241379e-01 1.818182e-01
39489: 1.643750e+00 1.453125e+00 7.218750e-01 1.812500e-01
39489: 1.641745e+00 1.457944e+00 7.196262e-01 1.806854e-01
39489: 1.642857e+00 1.459627e+00 7.173913e-01 1.801242e-01
39489: 1.643963e+00 1.458204e+00 7.151703e-01 1.826625e-01
39489: 1.641975e+00 1.456790e+00 7.191358e-01 1.820988e-01
39489: 1.640000e+00 1.455385e+00 7.200000e-01 1.846154e-01
39489: 1.641104e+00 1.453988e+00 7.208589e-01 1.840491e-01
39489: 1.639144e+00 1.452599e+00 7.217125e-01 1.865443e-01
39489: 1.637195e+00 1.451220e+00 7.256098e-01 1.859756e-01
39489: 1.635258e+00 1.452888e+00 7.264438e-01 1.854103e-01
39489: 1.633333e+00 1.454545e+00 7.242424e-01 1.878788e-01
39489: 1.631420e+00 1.456193e+00 7.250755e-01 1.873112e-01
39489: 1.629518e+00 1.454819e+00 7.289157e-01 1.867470e-01
39489: 1.630631e+00 1.453453e+00 7.297297e-01 1.861862e-01
39489: 1.634731e+00 1.452096e+00 7.275449e-01 1.856287e-01
39489: 1.635821e+00 1.450746e+00 7.283582e-01 1.850746e-01
39489: 1.633929e+00 1.452381e+00 7.291667e-01 1.845238e-01
39489: 1.635015e+00 1.451039e+00 7.270030e-01 1.869436e-01
39489: 1.636095e+00 1.449704e+00 7.278107e-01 1.863905e-01
39489: 1.637168e+00 1.448378e+00 7.286136e-01 1.858407e-01
39489: 1.638235e+00 1.447059e+00 7.294118e-01 1.852941e-01
39489: 1.639296e+00 1.448680e+00 7.272727e-01 1.847507e-01
39489: 1.640351e+00 1.450292e+00 7.251462e-01 1.842105e-01
39489: 1.641399e+00 1.451895e+00 7.230321e-01 1.836735e-01
39489: 1.642442e+00 1.450581e+00 7.238372e-01 1.831395e-01
39489: 1.643478e+00 1.449275e+00 7.246377e-01 1.826087e-01
39489: 1.644509e+00 1.450867e+00 7.225434e-01 1.820809e-01
39489: 1.642651e+00 1.452450e+00 7.233429e-01 1.815562e-01
39489: 1.643678e+00 1.451149e+00 7.212644e-01 1.839080e-01
39489: 1.647564e+00 1.449857e+00 7.191977e-01 1.833811e-01
39489: 1.648571e+00 1.448571e+00 7.200000e-01 1.828571e-01
39489: 1.649573e+00 1.450142e+00 7.179487e-01 1.823362e-01
39489: 1.653409e+00 1.448864e+00 7.159091e-01 1.818182e-01
39489: 1.654391e+00 1.447592e+00 7.167139e-01 1.813031e-01
39489: 1.655367e+00 1.446328e+00 7.175141e-01 1.807910e-01
39489: 1.656338e+00 1.447887e+00 7.154930e-01 1.802817e-01
39489: 1.657303e+00 1.449438e+00 7.134831e-01 1.797753e-01
39489: 1.658263e+00 1.450980e+00 7.114846e-01 1.792717e-01
39489: 1.656425e+00 1.452514e+00 7.122905e-01 1.787709e-01
39489: 1.654596e+00 1.451253e+00 7.158774e-01 1.782730e-01
39489: 1.655556e+00 1.452778e+00 7.138889e-01 1.777778e-01
39489: 1.656510e+00 1.454294e+00 7.119114e-01 1.772853e-01
39489: 1.657459e+00 1.453039e+00 7.127072e-01 1.767956e-01
39489: 1.658402e+00 1.454545e+00 7.107438e-01 1.763085e-01
39489: 1.659341e+00 1.453297e+00 7.115385e-01 1.758242e-01
39489: 1.660274e+00 1.452055e+00 7.123288e-01 1.753425e-01
39489: 1.663934e+00 1.450820e+00 7.103825e-01 1.748634e-01
39489: 1.664850e+00 1.452316e+00 7.084469e-01 1.743869e-01
39489: 1.665761e+00 1.451087e+00 7.092391e-01 1.739130e-01
39489: 1.663957e+00 1.452575e+00 7.100271e-01 1.734417e-01
39489: 1.664865e+00 1.454054e+00 7.081081e-01 1.729730e-01
39489: 1.663073e+00 1.455526e+00 7.061995e-01 1.752022e-01
39489: 1.666667e+00 1.454301e+00 7.043011e-01 1.747312e-01
39489: 1.667560e+00 1.453083e+00 7.024129e-01 1.769437e-01
39489: 1.665775e+00 1.454545e+00 7.005348e-01 1.791444e-01
39489: 1.664000e+00 1.456000e+00 7.013333e-01 1.786667e-01
39489: 1.662234e+00 1.457447e+00 7.021277e-01 1.781915e-01
39489: 1.663130e+00 1.456233e+00 7.002653e-01 1.803714e-01
39489: 1.661376e+00 1.455026e+00 7.037037e-01 1.798942e-01
39489: 1.659631e+00 1.456464e+00 7.044855e-01 1.794195e-01
39489: 1.657895e+00 1.455263e+00 7.078947e-01 1.789474e-01
39489: 1.656168e+00 1.459318e+00 7.060367e-01 1.784777e-01
39489: 1.657068e+00 1.458115e+00 7.068063e-01 1.780105e-01
39489: 1.660574e+00 1.456919e+00 7.049608e-01 1.775457e-01
39489: 1.664062e+00 1.455729e+00 7.031250e-01 1.770833e-01
39489: 1.664935e+00 1.454545e+00 7.038961e-01 1.766234e-01
39489: 1.663212e+00 1.455959e+00 7.046632e-01 1.761658e-01
39489: 1.661499e+00 1.454780e+00 7.080103e-01 1.757106e-01
39489: 1.662371e+00 1.453608e+00 7.087629e-01 1.752577e-01
39489: 1.663239e+00 1.452442e+00 7.069409e-01 1.773779e-01
39489: 1.661538e+00 1.453846e+00 7.076923e-01 1.769231e-01
39489: 1.659847e+00 1.455243e+00 7.058824e-01 1.790281e-01
39489: 1.658163e+00 1.456633e+00 7.066327e-01 1.785714e-01
39489: 1.656489e+00 1.455471e+00 7.073791e-01 1.806616e-01
39489: 1.657360e+00 1.456853e+00 7.055838e-01 1.802030e-01
39489: 1.655696e+00 1.458228e+00 7.063291e-01 1.797468e-01
39489: 1.654040e+00 1.459596e+00 7.070707e-01 1.792929e-01
39489: 1.652393e+00 1.460957e+00 7.078086e-01 1.788413e-01
39489: 1.653266e+00 1.459799e+00 7.085427e-01 1.783920e-01
39489: 1.651629e+00 1.458647e+00 7.117794e-01 1.779449e-01
39489: 1.650000e+00 1.460000e+00 7.125000e-01 1.775000e-01
39489: 1.648379e+00 1.461347e+00 7.132170e-01 1.770574e-01
39489: 1.649254e+00 1.460199e+00 7.139303e-01 1.766169e-01
39489: 1.647643e+00 1.459057e+00 7.146402e-01 1.786600e-01
39489: 1.648515e+00 1.460396e+00 7.128713e-01 1.782178e-01
39489: 1.646914e+00 1.464198e+00 7.111111e-01 1.777778e-01
39489: 1.645320e+00 1.465517e+00 7.093596e-01 1.798030e-01
39489: 1.643735e+00 1.469287e+00 7.076167e-01 1.793612e-01
39489: 1.642157e+00 1.468137e+00 7.083333e-01 1.813725e-01
39489: 1.643032e+00 1.466993e+00 7.066015e-01 1.833741e-01
39489: 1.646341e+00 1.465854e+00 7.048780e-01 1.829268e-01
39489: 1.647202e+00 1.467153e+00 7.031630e-01 1.824818e-01
39489: 1.650485e+00 1.466019e+00 7.014563e-01 1.820388e-01
39489: 1.648910e+00 1.464891e+00 7.046005e-01 1.815981e-01
39489: 1.649758e+00 1.463768e+00 7.053140e-01 1.811594e-01
39489: 1.650602e+00 1.462651e+00 7.060241e-01 1.807229e-01
39489: 1.651442e+00 1.461538e+00 7.067308e-01 1.802885e-01
39489: 1.649880e+00 1.462830e+00 7.074341e-01 1.798561e-01
39489: 1.650718e+00 1.461722e+00 7.081340e-01 1.794258e-01
39489: 1.651551e+00 1.463007e+00 7.064439e-01 1.789976e-01
39489: 1.650000e+00 1.464286e+00 7.071429e-01 1.785714e-01
39489: 1.648456e+00 1.465558e+00 7.078385e-01 1.781473e-01
39489: 1.646919e+00 1.469194e+00 7.061611e-01 1.777251e-01
39489: 1.647754e+00 1.470449e+00 7.044917e-01 1.773050e-01
39489: 1.650943e+00 1.469340e+00 7.028302e-01 1.768868e-01
39489: 1.649412e+00 1.468235e+00 7.058824e-01 1.764706e-01
39489: 1.650235e+00 1.469484e+00 7.042254e-01 1.760563e-01
39489: 1.653396e+00 1.468384e+00 7.025761e-01 1.756440e-01
39489: 1.651869e+00 1.467290e+00 7.056075e-01 1.752336e-01
39489: 1.655012e+00 1.466200e+00 7.039627e-01 1.748252e-01
39489: 1.658140e+00 1.465116e+00 7.023256e-01 1.744186e-01
39489: 1.656613e+00 1.466357e+00 7.006961e-01 1.763341e-01
39489: 1.657407e+00 1.465278e+00 7.013889e-01 1.759259e-01
39489: 1.660508e+00 1.464203e+00 6.997691e-01 1.755196e-01
39489: 1.661290e+00 1.463134e+00 7.004608e-01 1.751152e-01
39489: 1.659770e+00 1.464368e+00 7.011494e-01 1.747126e-01
39489: 1.658257e+00 1.465596e+00 7.018349e-01 1.743119e-01
39489: 1.659039e+00 1.464531e+00 7.025172e-01 1.739130e-01
39489: 1.662100e+00 1.463470e+00 7.009132e-01 1.735160e-01
39489: 1.660592e+00 1.462415e+00 7.038724e-01 1.731207e-01
39489: 1.663636e+00 1.461364e+00 7.022727e-01 1.727273e-01
39489: 1.662132e+00 1.464853e+00 7.006803e-01 1.723356e-01
39489: 1.660633e+00 1.466063e+00 7.013575e-01 1.719457e-01
39489: 1.659142e+00 1.467269e+00 7.020316e-01 1.715576e-01
39489: 1.657658e+00 1.468468e+00 7.027027e-01 1.711712e-01
39489: 1.658427e+00 1.469663e+00 7.011236e-01 1.707865e-01
39489: 1.656951e+00 1.470852e+00 7.017937e-01 1.704036e-01
39489: 1.655481e+00 1.469799e+00 7.046980e-01 1.700224e-01
39489: 1.658482e+00 1.468750e+00 7.031250e-01 1.696429e-01
39489: 1.657016e+00 1.469933e+00 7.037862e-01 1.692650e-01
39489: 1.657778e+00 1.468889e+00 7.022222e-01 1.711111e-01
39489: 1.658537e+00 1.470067e+00 7.006652e-01 1.707317e-01
39489: 1.659292e+00 1.471239e+00 6.991150e-01 1.703540e-01
39489: 1.657837e+00 1.472406e+00 6.997792e-01 1.699779e-01
39489: 1.658590e+00 1.473568e+00 6.982379e-01 1.696035e-01
39489: 1.659341e+00 1.474725e+00 6.967033e-01 1.692308e-01
39489: 1.660088e+00 1.475877e+00 6.951754e-01 1.688596e-01
39489: 1.658643e+00 1.477024e+00 6.958425e-01 1.684902e-01
39489: 1.657205e+00 1.478166e+00 6.965066e-01 1.681223e-01
39489: 1.660131e+00 1.477124e+00 6.949891e-01 1.677560e-01
39489: 1.658696e+00 1.478261e+00 6.956522e-01 1.673913e-01
39489: 1.659436e+00 1.477223e+00 6.963124e-01 1.670282e-01
39489: 1.658009e+00 1.476190e+00 6.991342e-01 1.666667e-01
39489: 1.658747e+00 1.475162e+00 6.997840e-01 1.663067e-01
39489: 1.657328e+00 1.478448e+00 6.982759e-01 1.659483e-01
39489: 1.658065e+00 1.477419e+00 6.967742e-01 1.677419e-01
39489: 1.658798e+00 1.478541e+00 6.952790e-01 1.673820e-01
39489: 1.661670e+00 1.477516e+00 6.937901e-01 1.670236e-01
39489: 1.662393e+00 1.476496e+00 6.944444e-01 1.666667e-01
39489: 1.663113e+00 1.475480e+00 6.950959e-01 1.663113e-01
39489: 1.661702e+00 1.476596e+00 6.957447e-01 1.659574e-01
39489: 1.662420e+00 1.475584e+00 6.963907e-01 1.656051e-01
39489: 1.663136e+00 1.474576e+00 6.949153e-01 1.673729e-01
39489: 1.665962e+00 1.473573e+00 6.934461e-01 1.670190e-01
39489: 1.668776e+00 1.472574e+00 6.919831e-01 1.666667e-01
39489: 1.669474e+00 1.473684e+00 6.905263e-01 1.663158e-01
39489: 1.670168e+00 1.472689e+00 6.911765e-01 1.659664e-01
39489: 1.668763e+00 1.473795e+00 6.918239e-01 1.656184e-01
39489: 1.667364e+00 1.474895e+00 6.924686e-01 1.652720e-01
39489: 1.668058e+00 1.473904e+00 6.931106e-01 1.649269e-01
39489: 1.670833e+00 1.472917e+00 6.916667e-01 1.645833e-01
39489: 1.671518e+00 1.474012e+00 6.902287e-01 1.642412e-01
39489: 1.670124e+00 1.477178e+00 6.887967e-01 1.639004e-01
39489: 1.672878e+00 1.476190e+00 6.873706e-01 1.635611e-01
39489: 1.671488e+00 1.475207e+00 6.880165e-01 1.652893e-01
39489: 1.674227e+00 1.474227e+00 6.865979e-01 1.649485e-01
39489: 1.672840e+00 1.473251e+00 6.872428e-01 1.666667e-01
39489: 1.675565e+00 1.472279e+00 6.858316e-01 1.663244e-01
39489: 1.674180e+00 1.473361e+00 6.864754e-01 1.659836e-01
39489: 1.672802e+00 1.476483e+00 6.850716e-01 1.656442e-01
39489: 1.673469e+00 1.475510e+00 6.857143e-01 1.653061e-01
39489: 1.672098e+00 1.474542e+00 6.883910e-01 1.649695e-01
39489: 1.670732e+00 1.475610e+00 6.890244e-01 1.646341e-01
39489: 1.669371e+00 1.476673e+00 6.896552e-01 1.643002e-01
39489: 1.670040e+00 1.477733e+00 6.882591e-01 1.639676e-01
39489: 1.670707e+00 1.476768e+00 6.888889e-01 1.636364e-01
39489: 1.671371e+00 1.477823e+00 6.875000e-01 1.633065e-01
39489: 1.670020e+00 1.478873e+00 6.881288e-01 1.629779e-01
39489: 1.668675e+00 1.479920e+00 6.867470e-01 1.646586e-01
39489: 1.669339e+00 1.478958e+00 6.873747e-01 1.643287e-01
39489: 1.670000e+00 1.480000e+00 6.860000e-01 1.640000e-01
39489: 1.668663e+00 1.479042e+00 6.866267e-01 1.656687e-01
39489: 1.669323e+00 1.480080e+00 6.852590e-01 1.653386e-01
39489: 1.671968e+00 1.479125e+00 6.838966e-01 1.650099e-01
39489: 1.670635e+00 1.480159e+00 6.845238e-01 1.646825e-01
39489: 1.669307e+00 1.481188e+00 6.851485e-01 1.643564e-01
39489: 1.667984e+00 1.482213e+00 6.857708e-01 1.640316e-01
39489: 1.668639e+00 1.483235e+00 6.844181e-01 1.637081e-01
39489: 1.671260e+00 1.482283e+00 6.830709e-01 1.633858e-01
39489: 1.671906e+00 1.483301e+00 6.817289e-01 1.630648e-01
39489: 1.670588e+00 1.484314e+00 6.823529e-01 1.627451e-01
39489: 1.669276e+00 1.485323e+00 6.829746e-01 1.624266e-01
39489: 1.669922e+00 1.486328e+00 6.816406e-01 1.621094e-01
39489: 1.668616e+00 1.487329e+00 6.822612e-01 1.617934e-01
39489: 1.669261e+00 1.488327e+00 6.809339e-01 1.614786e-01
39489: 1.669903e+00 1.487379e+00 6.815534e-01 1.611650e-01
39489: 1.672481e+00 1.486434e+00 6.802326e-01 1.608527e-01
39489: 1.673114e+00 1.485493e+00 6.808511e-01 1.605416e-01
39489: 1.673745e+00 1.484556e+00 6.795367e-01 1.621622e-01
39489: 1.676301e+00 1.483622e+00 6.782274e-01 1.618497e-01
39489: 1.676923e+00 1.482692e+00 6.788462e-01 1.615385e-01
39489: 1.677543e+00 1.481766e+00 6.794626e-01 1.612284e-01
39489: 1.678161e+00 1.482759e+00 6.781609e-01 1.609195e-01
39489: 1.676864e+00 1.483748e+00 6.787763e-01 1.606119e-01
39489: 1.675573e+00 1.484733e+00 6.793893e-01 1.603053e-01
39489: 1.674286e+00 1.485714e+00 6.800000e-01 1.600000e-01
39489: 1.674905e+00 1.484791e+00 6.806084e-01 1.596958e-01
39489: 1.675522e+00 1.483871e+00 6.812144e-01 1.593928e-01
39489: 1.678030e+00 1.482955e+00 6.799242e-01 1.590909e-01
39489: 1.676749e+00 1.483932e+00 6.805293e-01 1.587902e-01
39489: 1.677358e+00 1.484906e+00 6.792453e-01 1.584906e-01
39489: 1.677966e+00 1.483992e+00 6.798493e-01 1.581921e-01
39489: 1.676692e+00 1.483083e+00 6.823308e-01 1.578947e-01
39489: 1.677298e+00 1.482176e+00 6.829268e-01 1.575985e-01
39489: 1.677903e+00 1.481273e+00 6.835206e-01 1.573034e-01
39489: 1.680374e+00 1.480374e+00 6.822430e-01 1.570093e-01
39489: 1.680970e+00 1.479478e+00 6.828358e-01 1.567164e-01
39489: 1.681564e+00 1.480447e+00 6.815642e-01 1.564246e-01
39489: 1.680297e+00 1.479554e+00 6.821561e-01 1.579926e-01
39489: 1.680891e+00 1.478664e+00 6.827458e-01 1.576994e-01
39489: 1.679630e+00 1.479630e+00 6.833333e-01 1.574074e-01
39489: 1.680222e+00 1.478743e+00 6.839187e-01 1.571165e-01
39489: 1.678967e+00 1.479705e+00 6.845018e-01 1.568266e-01
39489: 1.679558e+00 1.480663e+00 6.832413e-01 1.565378e-01
39489: 1.680147e+00 1.479779e+00 6.838235e-01 1.562500e-01
39489: 1.680734e+00 1.478899e+00 6.844037e-01 1.559633e-01
39489: 1.681319e+00 1.478022e+00 6.831502e-01 1.575092e-01
39489: 1.681901e+00 1.477148e+00 6.837294e-01 1.572212e-01
39489: 1.680657e+00 1.476277e+00 6.843066e-01 1.587591e-01
39489: 1.679417e+00 1.477231e+00 6.848816e-01 1.584699e-01
39489: 1.678182e+00 1.476364e+00 6.872727e-01 1.581818e-01
39489: 1.678766e+00 1.477314e+00 6.860254e-01 1.578947e-01
39489: 1.677536e+00 1.476449e+00 6.884058e-01 1.576087e-01
39489: 1.678119e+00 1.477396e+00 6.871609e-01 1.573237e-01
39489: 1.680505e+00 1.476534e+00 6.859206e-01 1.570397e-01
39489: 1.681081e+00 1.475676e+00 6.864865e-01 1.567568e-01
39489: 1.683453e+00 1.474820e+00 6.852518e-01 1.564748e-01
39489: 1.682226e+00 1.475763e+00 6.858169e-01 1.561939e-01
39489: 1.681004e+00 1.474910e+00 6.881720e-01 1.559140e-01
39489: 1.681574e+00 1.475850e+00 6.869410e-01 1.556351e-01
39489: 1.680357e+00 1.475000e+00 6.875000e-01 1.571429e-01
39489: 1.680927e+00 1.474153e+00 6.880570e-01 1.568627e-01
39489: 1.681495e+00 1.473310e+00 6.886121e-01 1.565836e-01
39489: 1.682060e+00 1.474245e+00 6.873890e-01 1.563055e-01
39489: 1.682624e+00 1.473404e+00 6.861702e-01 1.578014e-01
39489: 1.681416e+00 1.474336e+00 6.867257e-01 1.575221e-01
39489: 1.681979e+00 1.473498e+00 6.872792e-01 1.572438e-01
39489: 1.684303e+00 1.472663e+00 6.860670e-01 1.569665e-01
39489: 1.684859e+00 1.473592e+00 6.848592e-01 1.566901e-01
39489: 1.685413e+00 1.472759e+00 6.854130e-01 1.564148e-01
39489: 1.684211e+00 1.471930e+00 6.877193e-01 1.561404e-01
39489: 1.684764e+00 1.471103e+00 6.882662e-01 1.558669e-01
39489: 1.685315e+00 1.470280e+00 6.870629e-01 1.573427e-01
39489: 1.685864e+00 1.469459e+00 6.876091e-01 1.570681e-01
39489: 1.686411e+00 1.470383e+00 6.864111e-01 1.567944e-01
39489: 1.686957e+00 1.469565e+00 6.869565e-01 1.565217e-01
39489: 1.685764e+00 1.468750e+00 6.875000e-01 1.579861e-01
39489: 1.686308e+00 1.469671e+00 6.863085e-01 1.577123e-01
39489: 1.685121e+00 1.470588e+00 6.868512e-01 1.574394e-01
39489: 1.683938e+00 1.473230e+00 6.856649e-01 1.571675e-01
39489: 1.684483e+00 1.472414e+00 6.862069e-01 1.568966e-01
39489: 1.685026e+00 1.473322e+00 6.850258e-01 1.566265e-01
39489: 1.685567e+00 1.474227e+00 6.838488e-01 1.563574e-01
39489: 1.687822e+00 1.473413e+00 6.826758e-01 1.560892e-01
39489: 1.686644e+00 1.474315e+00 6.832192e-01 1.558219e-01
39489: 1.685470e+00 1.475214e+00 6.820513e-01 1.572650e-01
39489: 1.684300e+00 1.474403e+00 6.825939e-01 1.587031e-01
39489: 1.683135e+00 1.475298e+00 6.831346e-01 1.584327e-01
39489: 1.683673e+00 1.474490e+00 6.836735e-01 1.581633e-01
39489: 1.682513e+00 1.473684e+00 6.842105e-01 1.595925e-01
39489: 1.683051e+00 1.474576e+00 6.830508e-01 1.593220e-01
39489: 1.683587e+00 1.473773e+00 6.835871e-01 1.590525e-01
39489: 1.682432e+00 1.472973e+00 6.858108e-01 1.587838e-01
39489: 1.682968e+00 1.473862e+00 6.846543e-01 1.585160e-01
39489: 1.683502e+00 1.474747e+00 6.835017e-01 1.582492e-01
39489: 1.684034e+00 1.475630e+00 6.823529e-01 1.579832e-01
39489: 1.684564e+00 1.476510e+00 6.812081e-01 1.577181e-01
39489: 1.683417e+00 1.475712e+00 6.817420e-01 1.591290e-01
39489: 1.683946e+00 1.474916e+00 6.822742e-01 1.588629e-01
39489: 1.686144e+00 1.474124e+00 6.811352e-01 1.585977e-01
39489: 1.686667e+00 1.475000e+00 6.800000e-01 1.583333e-01
39489: 1.688852e+00 1.474210e+00 6.788686e-01 1.580699e-01
39489: 1.689369e+00 1.473422e+00 6.794020e-01 1.578073e-01
39489: 1.691542e+00 1.472637e+00 6.782753e-01 1.575456e-01
39489: 1.690397e+00 1.473510e+00 6.788079e-01 1.572848e-01
39489: 1.689256e+00 1.474380e+00 6.793388e-01 1.570248e-01
39489: 1.688119e+00 1.475248e+00 6.798680e-01 1.567657e-01
39489: 1.686985e+00 1.476112e+00 6.803954e-01 1.565074e-01
39489: 1.689145e+00 1.475329e+00 6.792763e-01 1.562500e-01
39489: 1.688013e+00 1.476190e+00 6.798030e-01 1.559934e-01
39489: 1.686885e+00 1.478689e+00 6.786885e-01 1.557377e-01
39489: 1.685761e+00 1.479542e+00 6.792144e-01 1.554828e-01
39489: 1.686275e+00 1.480392e+00 6.781046e-01 1.552288e-01
39489: 1.688418e+00 1.479608e+00 6.769984e-01 1.549755e-01
39489: 1.690554e+00 1.478827e+00 6.758958e-01 1.547231e-01
39489: 1.689431e+00 1.479675e+00 6.764228e-01 1.544715e-01
39489: 1.691558e+00 1.478896e+00 6.753247e-01 1.542208e-01
39489: 1.690438e+00 1.478120e+00 6.774716e-01 1.539708e-01
39489: 1.689320e+00 1.478964e+00 6.779935e-01 1.537217e-01
39489: 1.689822e+00 1.478191e+00 6.785137e-01 1.534733e-01
39489: 1.690323e+00 1.479032e+00 6.774194e-01 1.532258e-01
39489: 1.690821e+00 1.478261e+00 6.763285e-01 1.545894e-01
39489: 1.689711e+00 1.477492e+00 6.784566e-01 1.543408e-01
39489: 1.688604e+00 1.476726e+00 6.789727e-01 1.556982e-01
39489: 1.690705e+00 1.475962e+00 6.778846e-01 1.554487e-01
39489: 1.691200e+00 1.475200e+00 6.784000e-01 1.552000e-01
39489: 1.693291e+00 1.474441e+00 6.773163e-01 1.549521e-01
39489: 1.695375e+00 1.473684e+00 6.762360e-01 1.547049e-01
39489: 1.694268e+00 1.474522e+00 6.767516e-01 1.544586e-01
39489: 1.694754e+00 1.473768e+00 6.756757e-01 1.558029e-01
39489: 1.693651e+00 1.473016e+00 6.761905e-01 1.571429e-01
39489: 1.692552e+00 1.472266e+00 6.782884e-01 1.568938e-01
39489: 1.691456e+00 1.473101e+00 6.787975e-01 1.566456e-01
39489: 1.690363e+00 1.473934e+00 6.793049e-01 1.563981e-01
39489: 1.689274e+00 1.474763e+00 6.798107e-01 1.561514e-01
39489: 1.689764e+00 1.474016e+00 6.803150e-01 1.559055e-01
39489: 1.690252e+00 1.473270e+00 6.808176e-01 1.556604e-01
39489: 1.689168e+00 1.475667e+00 6.797488e-01 1.554160e-01
39489: 1.688088e+00 1.476489e+00 6.802508e-01 1.551724e-01
39489: 1.688576e+00 1.477308e+00 6.791862e-01 1.549296e-01
39489: 1.687500e+00 1.476562e+00 6.812500e-01 1.546875e-01
39489: 1.687988e+00 1.475819e+00 6.817473e-01 1.544462e-01
39489: 1.686916e+00 1.475078e+00 6.838006e-01 1.542056e-01
39489: 1.688958e+00 1.474339e+00 6.827372e-01 1.539658e-01
39489: 1.689441e+00 1.473602e+00 6.832298e-01 1.537267e-01
39489: 1.688372e+00 1.474419e+00 6.837209e-01 1.534884e-01
39489: 1.688854e+00 1.473684e+00 6.842105e-01 1.532508e-01
39489: 1.689335e+00 1.472952e+00 6.846986e-01 1.530139e-01
39489: 1.689815e+00 1.472222e+00 6.851852e-01 1.527778e-01
39489: 1.690293e+00 1.473035e+00 6.841294e-01 1.525424e-01
39489: 1.689231e+00 1.473846e+00 6.846154e-01 1.523077e-01
39489: 1.691244e+00 1.473118e+00 6.835637e-01 1.520737e-01
39489: 1.693252e+00 1.472393e+00 6.825153e-01 1.518405e-01
39489: 1.693721e+00 1.473201e+00 6.814701e-01 1.516080e-01
39489: 1.692661e+00 1.474006e+00 6.819572e-01 1.513761e-01
39489: 1.693130e+00 1.473282e+00 6.809160e-01 1.526718e-01
39489: 1.692073e+00 1.472561e+00 6.829268e-01 1.524390e-01
39489: 1.692542e+00 1.473364e+00 6.818874e-01 1.522070e-01
39489: 1.693009e+00 1.472644e+00 6.823708e-01 1.519757e-01
39489: 1.691958e+00 1.471927e+00 6.843703e-01 1.517451e-01
39489: 1.690909e+00 1.471212e+00 6.848485e-01 1.530303e-01
39489: 1.691377e+00 1.470499e+00 6.838124e-01 1.543116e-01
39489: 1.690332e+00 1.469789e+00 6.858006e-01 1.540785e-01
39489: 1.690799e+00 1.469080e+00 6.862745e-01 1.538462e-01
39489: 1.689759e+00 1.469880e+00 6.867470e-01 1.536145e-01
39489: 1.690226e+00 1.470677e+00 6.857143e-01 1.533835e-01
39489: 1.689189e+00 1.469970e+00 6.876877e-01 1.531532e-01
39489: 1.688156e+00 1.472264e+00 6.866567e-01 1.529235e-01
39489: 1.687126e+00 1.473054e+00 6.856287e-01 1.541916e-01
39489: 1.687593e+00 1.472347e+00 6.860987e-01 1.539611e-01
39489: 1.688060e+00 1.471642e+00 6.865672e-01 1.537313e-01
39489: 1.688525e+00 1.472429e+00 6.855440e-01 1.535022e-01
39489: 1.688988e+00 1.473214e+00 6.845238e-01 1.532738e-01
39489: 1.687964e+00 1.473997e+00 6.849926e-01 1.530461e-01
39489: 1.689911e+00 1.473294e+00 6.839763e-01 1.528190e-01
39489: 1.691852e+00 1.472593e+00 6.829630e-01 1.525926e-01
39489: 1.692308e+00 1.473373e+00 6.819527e-01 1.523669e-01
39489: 1.692762e+00 1.474151e+00 6.809453e-01 1.521418e-01
39489: 1.693215e+00 1.474926e+00 6.799410e-01 1.519174e-01
39489: 1.692194e+00 1.474227e+00 6.818851e-01 1.516937e-01
39489: 1.691176e+00 1.475000e+00 6.823529e-01 1.514706e-01
39489: 1.690162e+00 1.475771e+00 6.828194e-01 1.512482e-01
39489: 1.689150e+00 1.475073e+00 6.847507e-01 1.510264e-01
39489: 1.689605e+00 1.474378e+00 6.837482e-01 1.522694e-01
39489: 1.690058e+00 1.473684e+00 6.842105e-01 1.520468e-01
39489: 1.691971e+00 1.472993e+00 6.832117e-01 1.518248e-01
39489: 1.692420e+00 1.472303e+00 6.836735e-01 1.516035e-01
39489: 1.691412e+00 1.471616e+00 6.855895e-01 1.513828e-01
39489: 1.691860e+00 1.472384e+00 6.845930e-01 1.511628e-01
39489: 1.692308e+00 1.473149e+00 6.835994e-01 1.509434e-01
39489: 1.691304e+00 1.473913e+00 6.840580e-01 1.507246e-01
39489: 1.691751e+00 1.474674e+00 6.830680e-01 1.505065e-01
39489: 1.693642e+00 1.473988e+00 6.820809e-01 1.502890e-01
39489: 1.694084e+00 1.473304e+00 6.825397e-01 1.500722e-01
39489: 1.694524e+00 1.472622e+00 6.829971e-01 1.498559e-01
39489: 1.693525e+00 1.473381e+00 6.834532e-01 1.496403e-01
39489: 1.692529e+00 1.474138e+00 6.824713e-01 1.508621e-01
39489: 1.692970e+00 1.473458e+00 6.829268e-01 1.506456e-01
39489: 1.691977e+00 1.475645e+00 6.819484e-01 1.504298e-01
39489: 1.693848e+00 1.474964e+00 6.809728e-01 1.502146e-01
39489: 1.694286e+00 1.474286e+00 6.814286e-01 1.500000e-01
39489: 1.693295e+00 1.473609e+00 6.833096e-01 1.497860e-01
39489: 1.692308e+00 1.472934e+00 6.851852e-01 1.495726e-01
39489: 1.692745e+00 1.473684e+00 6.842105e-01 1.493599e-01
39489: 1.694602e+00 1.473011e+00 6.832386e-01 1.491477e-01
39489: 1.695035e+00 1.472340e+00 6.836879e-01 1.489362e-01
39489: 1.695467e+00 1.473088e+00 6.827195e-01 1.487252e-01
39489: 1.694484e+00 1.473833e+00 6.831683e-01 1.485149e-01
39489: 1.694915e+00 1.473164e+00 6.836158e-01 1.483051e-01
39489: 1.693935e+00 1.472496e+00 6.854725e-01 1.480959e-01
39489: 1.694366e+00 1.471831e+00 6.859155e-01 1.478873e-01
39489: 1.693390e+00 1.472574e+00 6.863572e-01 1.476793e-01
39489: 1.693820e+00 1.473315e+00 6.853933e-01 1.474719e-01
39489: 1.695652e+00 1.472651e+00 6.844320e-01 1.472651e-01
39489: 1.694678e+00 1.471989e+00 6.848739e-01 1.484594e-01
39489: 1.696503e+00 1.471329e+00 6.839161e-01 1.482517e-01
39489: 1.696927e+00 1.470670e+00 6.843575e-01 1.480447e-01
39489: 1.695955e+00 1.471409e+00 6.834031e-01 1.492329e-01
39489: 1.697772e+00 1.470752e+00 6.824513e-01 1.490251e-01
39489: 1.696801e+00 1.471488e+00 6.828929e-01 1.488178e-01
39489: 1.697222e+00 1.472222e+00 6.819444e-01 1.486111e-01
39489: 1.697642e+00 1.472954e+00 6.809986e-01 1.484050e-01
39489: 1.696676e+00 1.472299e+00 6.814404e-01 1.495845e-01
39489: 1.697095e+00 1.473029e+00 6.804979e-01 1.493776e-01
39489: 1.698895e+00 1.472376e+00 6.795580e-01 1.491713e-01
39489: 1.699310e+00 1.471724e+00 6.786207e-01 1.503448e-01
39489: 1.699725e+00 1.472452e+00 6.776860e-01 1.501377e-01
39489: 1.700138e+00 1.471802e+00 6.781293e-01 1.499312e-01
39489: 1.699176e+00 1.472527e+00 6.785714e-01 1.497253e-01
39489: 1.700960e+00 1.471879e+00 6.776406e-01 1.495199e-01
39489: 1.701370e+00 1.471233e+00 6.780822e-01 1.493151e-01
39489: 1.700410e+00 1.471956e+00 6.785226e-01 1.491108e-01
39489: 1.702186e+00 1.471311e+00 6.775956e-01 1.489071e-01
39489: 1.702592e+00 1.470668e+00 6.780355e-01 1.487040e-01
39489: 1.702997e+00 1.470027e+00 6.784741e-01 1.485014e-01
39489: 1.702041e+00 1.472109e+00 6.775510e-01 1.482993e-01
39489: 1.702446e+00 1.471467e+00 6.779891e-01 1.480978e-01
39489: 1.704206e+00 1.470828e+00 6.770692e-01 1.478969e-01
39489: 1.704607e+00 1.470190e+00 6.761518e-01 1.490515e-01
39489: 1.703654e+00 1.469553e+00 6.779432e-01 1.488498e-01
39489: 1.704054e+00 1.470270e+00 6.770270e-01 1.486486e-01
39489: 1.703104e+00 1.469636e+00 6.774629e-01 1.497976e-01
39489: 1.702156e+00 1.469003e+00 6.778976e-01 1.509434e-01
39489: 1.701211e+00 1.469717e+00 6.783311e-01 1.507402e-01
39489: 1.702957e+00 1.469086e+00 6.774194e-01 1.505376e-01
39489: 1.704698e+00 1.468456e+00 6.765101e-01 1.503356e-01
39489: 1.706434e+00 1.467828e+00 6.756032e-01 1.501340e-01
39489: 1.706827e+00 1.468541e+00 6.746988e-01 1.499331e-01
39489: 1.705882e+00 1.469251e+00 6.737968e-01 1.510695e-01
39489: 1.707610e+00 1.468625e+00 6.728972e-01 1.508678e-01
39489: 1.708000e+00 1.468000e+00 6.720000e-01 1.520000e-01
39489: 1.708389e+00 1.467377e+00 6.724368e-01 1.517976e-01
39489: 1.708777e+00 1.466755e+00 6.728723e-01 1.515957e-01
39489: 1.709163e+00 1.466135e+00 6.719788e-01 1.527224e-01
39489: 1.708223e+00 1.465517e+00 6.724138e-01 1.538462e-01
39489: 1.707285e+00 1.464901e+00 6.741722e-01 1.536424e-01
39489: 1.706349e+00 1.466931e+00 6.732804e-01 1.534392e-01
39489: 1.705416e+00 1.467635e+00 6.737120e-01 1.532365e-01
39489: 1.705805e+00 1.467018e+00 6.741425e-01 1.530343e-01
39489: 1.704875e+00 1.466403e+00 6.758893e-01 1.528327e-01
39489: 1.705263e+00 1.467105e+00 6.750000e-01 1.526316e-01
39489: 1.706965e+00 1.466491e+00 6.741130e-01 1.524310e-01
39489: 1.708661e+00 1.465879e+00 6.732283e-01 1.522310e-01
39489: 1.709043e+00 1.465269e+00 6.723460e-01 1.533421e-01
39489: 1.708115e+00 1.465969e+00 6.727749e-01 1.531414e-01
39489: 1.708497e+00 1.466667e+00 6.718954e-01 1.529412e-01
39489: 1.707572e+00 1.466057e+00 6.723238e-01 1.540470e-01
39489: 1.706649e+00 1.468057e+00 6.714472e-01 1.538462e-01
39489: 1.705729e+00 1.468750e+00 6.705729e-01 1.549479e-01
39489: 1.704811e+00 1.468140e+00 6.723017e-01 1.547464e-01
39489: 1.705195e+00 1.467532e+00 6.727273e-01 1.545455e-01
39489: 1.705577e+00 1.466926e+00 6.731518e-01 1.543450e-01
39489: 1.705959e+00 1.467617e+00 6.722798e-01 1.541451e-01
39489: 1.706339e+00 1.467012e+00 6.727038e-01 1.539457e-01
39489: 1.706718e+00 1.466408e+00 6.731266e-01 1.537468e-01
39489: 1.707097e+00 1.467097e+00 6.722581e-01 1.535484e-01
39489: 1.706186e+00 1.466495e+00 6.739691e-01 1.533505e-01
39489: 1.705277e+00 1.468468e+00 6.731017e-01 1.531532e-01
39489: 1.704370e+00 1.467866e+00 6.748072e-01 1.529563e-01
39489: 1.703466e+00 1.468549e+00 6.752246e-01 1.527599e-01
39489: 1.702564e+00 1.469231e+00 6.756410e-01 1.525641e-01
39489: 1.704225e+00 1.468630e+00 6.747759e-01 1.523688e-01
39489: 1.703325e+00 1.469309e+00 6.751918e-01 1.521739e-01
39489: 1.704981e+00 1.468710e+00 6.743295e-01 1.519796e-01
39489: 1.704082e+00 1.469388e+00 6.747449e-01 1.517857e-01
39489: 1.704459e+00 1.470064e+00 6.738854e-01 1.515924e-01
39489: 1.704835e+00 1.469466e+00 6.743003e-01 1.513995e-01
39489: 1.706480e+00 1.468869e+00 6.734435e-01 1.512071e-01
39489: 1.708122e+00 1.468274e+00 6.725888e-01 1.510152e-01
39489: 1.708492e+00 1.468948e+00 6.717364e-01 1.508238e-01
39489: 1.708861e+00 1.468354e+00 6.721519e-01 1.506329e-01
39489: 1.709229e+00 1.467762e+00 6.725664e-01 1.504425e-01
39489: 1.709596e+00 1.467172e+00 6.729798e-01 1.502525e-01
39489: 1.709962e+00 1.466583e+00 6.721311e-01 1.513241e-01
39489: 1.710327e+00 1.465995e+00 6.725441e-01 1.511335e-01
39489: 1.710692e+00 1.465409e+00 6.729560e-01 1.509434e-01
39489: 1.711055e+00 1.464824e+00 6.733668e-01 1.507538e-01
39489: 1.711418e+00 1.464241e+00 6.725220e-01 1.518193e-01
39489: 1.713033e+00 1.463659e+00 6.716792e-01 1.516291e-01
39489: 1.713392e+00 1.463079e+00 6.708385e-01 1.526909e-01
39489: 1.712500e+00 1.462500e+00 6.725000e-01 1.525000e-01
39489: 1.711610e+00 1.464419e+00 6.716604e-01 1.523096e-01
39489: 1.710723e+00 1.463840e+00 6.733167e-01 1.521197e-01
39489: 1.711083e+00 1.463263e+00 6.737235e-01 1.519303e-01
39489: 1.711443e+00 1.463930e+00 6.728856e-01 1.517413e-01
39489: 1.710559e+00 1.464596e+00 6.732919e-01 1.515528e-01
39489: 1.710918e+00 1.464020e+00 6.736973e-01 1.513648e-01
39489: 1.711276e+00 1.463445e+00 6.741016e-01 1.511772e-01
39489: 1.710396e+00 1.465347e+00 6.732673e-01 1.509901e-01
39489: 1.710754e+00 1.466007e+00 6.724351e-01 1.508035e-01
39489: 1.711111e+00 1.465432e+00 6.716049e-01 1.518519e-01
39489: 1.711467e+00 1.464858e+00 6.707768e-01 1.528977e-01
39489: 1.711823e+00 1.465517e+00 6.699507e-01 1.527094e-01
39489: 1.713407e+00 1.464945e+00 6.691267e-01 1.525215e-01
39489: 1.713759e+00 1.465602e+00 6.683047e-01 1.523342e-01
39489: 1.714110e+00 1.466258e+00 6.674847e-01 1.521472e-01
39489: 1.715686e+00 1.465686e+00 6.666667e-01 1.519608e-01
39489: 1.716034e+00 1.466340e+00 6.658507e-01 1.517748e-01
39489: 1.716381e+00 1.465770e+00 6.662592e-01 1.515892e-01
39489: 1.715507e+00 1.466422e+00 6.666667e-01 1.514042e-01
39489: 1.714634e+00 1.467073e+00 6.658537e-01 1.524390e-01
39489: 1.714982e+00 1.466504e+00 6.662607e-01 1.522533e-01
39489: 1.714112e+00 1.465937e+00 6.678832e-01 1.520681e-01
39489: 1.713244e+00 1.467801e+00 6.670717e-01 1.518834e-01
39489: 1.713592e+00 1.467233e+00 6.674757e-01 1.516990e-01
39489: 1.713939e+00 1.466667e+00 6.666667e-01 1.527273e-01
39489: 1.713075e+00 1.466102e+00 6.682809e-01 1.525424e-01
39489: 1.712213e+00 1.466747e+00 6.686820e-01 1.523579e-01
39489: 1.713768e+00 1.466184e+00 6.678744e-01 1.521739e-01
39489: 1.712907e+00 1.466828e+00 6.682750e-01 1.519903e-01
39489: 1.712048e+00 1.467470e+00 6.686747e-01 1.518072e-01
39489: 1.712395e+00 1.468111e+00 6.678700e-01 1.516245e-01
39489: 1.711538e+00 1.467548e+00 6.694712e-01 1.514423e-01
39489: 1.710684e+00 1.466987e+00 6.710684e-01 1.512605e-01
39489: 1.709832e+00 1.466427e+00 6.726619e-01 1.510791e-01
39489: 1.710180e+00 1.465868e+00 6.730539e-01 1.508982e-01
39489: 1.710526e+00 1.465311e+00 6.734450e-01 1.507177e-01
39489: 1.710872e+00 1.464755e+00 6.738351e-01 1.505376e-01
39489: 1.710024e+00 1.465394e+00 6.742243e-01 1.503580e-01
39489: 1.710369e+00 1.464839e+00 6.746126e-01 1.501788e-01
39489: 1.710714e+00 1.465476e+00 6.738095e-01 1.500000e-01
39489: 1.709869e+00 1.464923e+00 6.753864e-01 1.498216e-01
39489: 1.710214e+00 1.465558e+00 6.745843e-01 1.496437e-01
39489: 1.710558e+00 1.465006e+00 6.749703e-01 1.494662e-01
39489: 1.710900e+00 1.464455e+00 6.753555e-01 1.492891e-01
39489: 1.711243e+00 1.463905e+00 6.757396e-01 1.491124e-01
39489: 1.711584e+00 1.463357e+00 6.761229e-01 1.489362e-01
39489: 1.710744e+00 1.462810e+00 6.776860e-01 1.487603e-01
39489: 1.711085e+00 1.462264e+00 6.780660e-01 1.485849e-01
39489: 1.710247e+00 1.462898e+00 6.772674e-01 1.495878e-01
39489: 1.709412e+00 1.462353e+00 6.788235e-01 1.494118e-01
39489: 1.709753e+00 1.461810e+00 6.792009e-01 1.492362e-01
39489: 1.710094e+00 1.462441e+00 6.784038e-01 1.490610e-01
39489: 1.709261e+00 1.464244e+00 6.776084e-01 1.488863e-01
39489: 1.709602e+00 1.464871e+00 6.768150e-01 1.487119e-01
39489: 1.708772e+00 1.466667e+00 6.760234e-01 1.485380e-01
39489: 1.709112e+00 1.467290e+00 6.752336e-01 1.483645e-01
39489: 1.709452e+00 1.466744e+00 6.744457e-01 1.493582e-01
39489: 1.708625e+00 1.467366e+00 6.748252e-01 1.491841e-01
39489: 1.708964e+00 1.467986e+00 6.740396e-01 1.490105e-01
39489: 1.708140e+00 1.469767e+00 6.732558e-01 1.488372e-01
39489: 1.707317e+00 1.469222e+00 6.736353e-01 1.498258e-01
39489: 1.707657e+00 1.468677e+00 6.740139e-01 1.496520e-01
39489: 1.706837e+00 1.468134e+00 6.743917e-01 1.506373e-01
39489: 1.706019e+00 1.468750e+00 6.747685e-01 1.504630e-01
39489: 1.706358e+00 1.469364e+00 6.739884e-01 1.502890e-01
39489: 1.705543e+00 1.469977e+00 6.743649e-01 1.501155e-01
39489: 1.704729e+00 1.469435e+00 6.758939e-01 1.499423e-01
39489: 1.703917e+00 1.468894e+00 6.762673e-01 1.509217e-01
39489: 1.703107e+00 1.469505e+00 6.766398e-01 1.507480e-01
39489: 1.704598e+00 1.468966e+00 6.758621e-01 1.505747e-01
39489: 1.704937e+00 1.468427e+00 6.762342e-01 1.504018e-01
39489: 1.705275e+00 1.467890e+00 6.766055e-01 1.502294e-01
39489: 1.705613e+00 1.467354e+00 6.769759e-01 1.500573e-01
39489: 1.704805e+00 1.467963e+00 6.773455e-01 1.498856e-01
39489: 1.704000e+00 1.468571e+00 6.777143e-01 1.497143e-01
39489: 1.703196e+00 1.468037e+00 6.792237e-01 1.495434e-01
39489: 1.704675e+00 1.467503e+00 6.784493e-01 1.493729e-01
39489: 1.705011e+00 1.468109e+00 6.776765e-01 1.492027e-01
39489: 1.705347e+00 1.468714e+00 6.769056e-01 1.490330e-01
39489: 1.705682e+00 1.469318e+00 6.761364e-01 1.488636e-01
39489: 1.706016e+00 1.469921e+00 6.753689e-01 1.486947e-01
39489: 1.705215e+00 1.470522e+00 6.757370e-01 1.485261e-01
39489: 1.705549e+00 1.469989e+00 6.761042e-01 1.483579e-01
39489: 1.705882e+00 1.470588e+00 6.753394e-01 1.481900e-01
39489: 1.706215e+00 1.470056e+00 6.757062e-01 1.480226e-01
39489: 1.706546e+00 1.469526e+00 6.760722e-01 1.478555e-01
39489: 1.708005e+00 1.468997e+00 6.753100e-01 1.476888e-01
39489: 1.708333e+00 1.469595e+00 6.745495e-01 1.475225e-01
39489: 1.708661e+00 1.469066e+00 6.749156e-01 1.473566e-01
39489: 1.707865e+00 1.468539e+00 6.764045e-01 1.471910e-01
39489: 1.708193e+00 1.469136e+00 6.756453e-01 1.470258e-01
39489: 1.708520e+00 1.468610e+00 6.760090e-01 1.468610e-01
39489: 1.708847e+00 1.468085e+00 6.763718e-01 1.466965e-01
39489: 1.708054e+00 1.468680e+00 6.756152e-01 1.476510e-01
39489: 1.707263e+00 1.470391e+00 6.748603e-01 1.474860e-01
39489: 1.706473e+00 1.470982e+00 6.752232e-01 1.473214e-01
39489: 1.705686e+00 1.470457e+00 6.755853e-01 1.482720e-01
39489: 1.704900e+00 1.469933e+00 6.759465e-01 1.492205e-01
39489: 1.704116e+00 1.470523e+00 6.763070e-01 1.490545e-01
39489: 1.704444e+00 1.470000e+00 6.766667e-01 1.488889e-01
39489: 1.703663e+00 1.471698e+00 6.759156e-01 1.487236e-01
39489: 1.702882e+00 1.472284e+00 6.762749e-01 1.485588e-01
39489: 1.702104e+00 1.471761e+00 6.777409e-01 1.483942e-01
39489: 1.703540e+00 1.471239e+00 6.769912e-01 1.482301e-01
39489: 1.703867e+00 1.471823e+00 6.762431e-01 1.480663e-01
39489: 1.705298e+00 1.471302e+00 6.754967e-01 1.479029e-01
39489: 1.704520e+00 1.471885e+00 6.758545e-01 1.477398e-01
39489: 1.705947e+00 1.471366e+00 6.751101e-01 1.475771e-01
39489: 1.706271e+00 1.470847e+00 6.754675e-01 1.474147e-01
39489: 1.706593e+00 1.471429e+00 6.747253e-01 1.472527e-01
39489: 1.708013e+00 1.470911e+00 6.739846e-01 1.470911e-01
39489: 1.707237e+00 1.470395e+00 6.754386e-01 1.469298e-01
39489: 1.707558e+00 1.469880e+00 6.757941e-01 1.467689e-01
39489: 1.707877e+00 1.469365e+00 6.761488e-01 1.466083e-01
39489: 1.708197e+00 1.468852e+00 6.765027e-01 1.464481e-01
39489: 1.707424e+00 1.468341e+00 6.768559e-01 1.473799e-01
39489: 1.707743e+00 1.467830e+00 6.772083e-01 1.472192e-01
39489: 1.706972e+00 1.468410e+00 6.775599e-01 1.470588e-01
39489: 1.707291e+00 1.468988e+00 6.768226e-01 1.468988e-01
39489: 1.706522e+00 1.469565e+00 6.760870e-01 1.478261e-01
39489: 1.707926e+00 1.469055e+00 6.753529e-01 1.476656e-01
39489: 1.708243e+00 1.469631e+00 6.746204e-01 1.475054e-01
39489: 1.707476e+00 1.471289e+00 6.738895e-01 1.473456e-01
39489: 1.706710e+00 1.471861e+00 6.742424e-01 1.471861e-01
39489: 1.707027e+00 1.472432e+00 6.735135e-01 1.470270e-01
39489: 1.706263e+00 1.471922e+00 6.749460e-01 1.468683e-01
39489: 1.705502e+00 1.471413e+00 6.763754e-01 1.467098e-01
39489: 1.704741e+00 1.470905e+00 6.778017e-01 1.465517e-01
39489: 1.705059e+00 1.470398e+00 6.781485e-01 1.463940e-01
39489: 1.705376e+00 1.469892e+00 6.774194e-01 1.473118e-01
39489: 1.705693e+00 1.469388e+00 6.777658e-01 1.471536e-01
39489: 1.704936e+00 1.469957e+00 6.781116e-01 1.469957e-01
39489: 1.705252e+00 1.469453e+00 6.773848e-01 1.479100e-01
39489: 1.704497e+00 1.468951e+00 6.777302e-01 1.488223e-01
39489: 1.703743e+00 1.470588e+00 6.770053e-01 1.486631e-01
39489: 1.702991e+00 1.470085e+00 6.773504e-01 1.495726e-01
39489: 1.703308e+00 1.469584e+00 6.776948e-01 1.494130e-01
39489: 1.702559e+00 1.469083e+00 6.780384e-01 1.503198e-01
39489: 1.702875e+00 1.468584e+00 6.783813e-01 1.501597e-01
39489: 1.702128e+00 1.468085e+00 6.797872e-01 1.500000e-01
39489: 1.701382e+00 1.467588e+00 6.811902e-01 1.498406e-01
39489: 1.700637e+00 1.467091e+00 6.825902e-01 1.496815e-01
39489: 1.700954e+00 1.466596e+00 6.829268e-01 1.495228e-01
39489: 1.701271e+00 1.467161e+00 6.822034e-01 1.493644e-01
39489: 1.700529e+00 1.468783e+00 6.814815e-01 1.492063e-01
39489: 1.700846e+00 1.469345e+00 6.807611e-01 1.490486e-01
39489: 1.701162e+00 1.468849e+00 6.810982e-01 1.488912e-01
39489: 1.702532e+00 1.468354e+00 6.803797e-01 1.487342e-01
39489: 1.702845e+00 1.468915e+00 6.796628e-01 1.485774e-01
39489: 1.702105e+00 1.469474e+00 6.800000e-01 1.484211e-01
39489: 1.701367e+00 1.468980e+00 6.803365e-01 1.493165e-01
39489: 1.701681e+00 1.469538e+00 6.796218e-01 1.491597e-01
39489: 1.700944e+00 1.471144e+00 6.789087e-01 1.490031e-01
39489: 1.700210e+00 1.470650e+00 6.802935e-01 1.488470e-01
39489: 1.700524e+00 1.471204e+00 6.795812e-01 1.486911e-01
39489: 1.701883e+00 1.470711e+00 6.788703e-01 1.485356e-01
39489: 1.702194e+00 1.470219e+00 6.792059e-01 1.483804e-01
39489: 1.703549e+00 1.469729e+00 6.784969e-01 1.482255e-01
39489: 1.702815e+00 1.470282e+00 6.788321e-01 1.480709e-01
39489: 1.703125e+00 1.469792e+00 6.791667e-01 1.479167e-01
39489: 1.703434e+00 1.469303e+00 6.795005e-01 1.477627e-01
39489: 1.704782e+00 1.468815e+00 6.787942e-01 1.476091e-01
39489: 1.705088e+00 1.469367e+00 6.780893e-01 1.474559e-01
39489: 1.704357e+00 1.469917e+00 6.784232e-01 1.473029e-01
39489: 1.703627e+00 1.470466e+00 6.777202e-01 1.481865e-01
39489: 1.703934e+00 1.471014e+00 6.770186e-01 1.480331e-01
39489: 1.705274e+00 1.470527e+00 6.763185e-01 1.478800e-01
39489: 1.705579e+00 1.470041e+00 6.766529e-01 1.477273e-01
39489: 1.705882e+00 1.469556e+00 6.769866e-01 1.475748e-01
39489: 1.705155e+00 1.470103e+00 6.773196e-01 1.474227e-01
39489: 1.704428e+00 1.469619e+00 6.776519e-01 1.483007e-01
39489: 1.703704e+00 1.469136e+00 6.779835e-01 1.491770e-01
39489: 1.702980e+00 1.470709e+00 6.772867e-01 1.490236e-01
39489: 1.703285e+00 1.471253e+00 6.765914e-01 1.488706e-01
39489: 1.702564e+00 1.471795e+00 6.769231e-01 1.487179e-01
39489: 1.702869e+00 1.472336e+00 6.762295e-01 1.485656e-01
39489: 1.702149e+00 1.471853e+00 6.765609e-01 1.494371e-01
39489: 1.702454e+00 1.472393e+00 6.758691e-01 1.492843e-01
39489: 1.702758e+00 1.471910e+00 6.751788e-01 1.501532e-01
39489: 1.703061e+00 1.471429e+00 6.744898e-01 1.510204e-01
39489: 1.703364e+00 1.470948e+00 6.738022e-01 1.518858e-01
39489: 1.703666e+00 1.471487e+00 6.731161e-01 1.517312e-01
39489: 1.702950e+00 1.472024e+00 6.734486e-01 1.515768e-01
39489: 1.703252e+00 1.472561e+00 6.727642e-01 1.514228e-01
39489: 1.703553e+00 1.473096e+00 6.720812e-01 1.512690e-01
39489: 1.702840e+00 1.473631e+00 6.724138e-01 1.511156e-01
39489: 1.702128e+00 1.473151e+00 6.727457e-01 1.519757e-01
39489: 1.702429e+00 1.472672e+00 6.730769e-01 1.518219e-01
39489: 1.702730e+00 1.472194e+00 6.723964e-01 1.526795e-01
39489: 1.702020e+00 1.471717e+00 6.737374e-01 1.525253e-01
39489: 1.702321e+00 1.472250e+00 6.730575e-01 1.523713e-01
39489: 1.703629e+00 1.471774e+00 6.723790e-01 1.522177e-01
39489: 1.702920e+00 1.471299e+00 6.737160e-01 1.520645e-01
39489: 1.702213e+00 1.470825e+00 6.750503e-01 1.519115e-01
39489: 1.701508e+00 1.472362e+00 6.743719e-01 1.517588e-01
39489: 1.701807e+00 1.471888e+00 6.746988e-01 1.516064e-01
39489: 1.702106e+00 1.472417e+00 6.740221e-01 1.514544e-01
39489: 1.702405e+00 1.472946e+00 6.733467e-01 1.513026e-01
39489: 1.701702e+00 1.472472e+00 6.736737e-01 1.521522e-01
39489: Done!
Traceback (most recent call last):
  File "/lowest-unique-number/tournament0/elexunix.py", line 25, in <module>
    input()
EOFError: EOF when reading a line
