Forked 28305
Starting to reopen 0 and 1
Calling execv `tournament0/the_best_strategy.py` (pid 28305)
Strategy 0: first ans is 0
Forked 28306
Starting to reopen 0 and 1
Calling execv `tournament0/elexunix.py` (pid 28306)
Strategy 1: first ans is 0
Forked 28330
Starting to reopen 0 and 1
Calling execv `tournament0/alex_dany` (pid 28330)
28330: Started!
28330: Number of players: 6, position: 2, number of turns: 1000
28330: Random seed: 897239105
Strategy 2: first ans is 1
Forked 28331
Starting to reopen 0 and 1
Calling execv `tournament0/pzakorko.py` (pid 28331)
Strategy 3: first ans is 0
Forked 28332
Starting to reopen 0 and 1
Calling execv `tournament0/lounres.py` (pid 28332)
Strategy 4: first ans is 1
Forked 28333
Starting to reopen 0 and 1
Calling execv `tournament0/fedro.py` (pid 28333)
Strategy 5: first ans is 0
28330: 4.000000e+00 2.000000e+00 0.000000e+00 0.000000e+00 0.000000e+00 0.000000e+00
28330: 3.500000e+00 1.500000e+00 1.000000e+00 0.000000e+00 0.000000e+00 0.000000e+00
28330: 3.333333e+00 1.666667e+00 6.666667e-01 3.333333e-01 0.000000e+00 0.000000e+00
28330: 3.000000e+00 1.500000e+00 1.250000e+00 2.500000e-01 0.000000e+00 0.000000e+00
28330: 2.800000e+00 2.000000e+00 1.000000e+00 2.000000e-01 0.000000e+00 0.000000e+00
28330: 2.833333e+00 1.666667e+00 1.166667e+00 3.333333e-01 0.000000e+00 0.000000e+00
28330: 2.857143e+00 1.571429e+00 1.142857e+00 4.285714e-01 0.000000e+00 0.000000e+00
28330: 2.875000e+00 1.625000e+00 1.125000e+00 3.750000e-01 0.000000e+00 0.000000e+00
28330: 2.777778e+00 1.444444e+00 1.444444e+00 3.333333e-01 0.000000e+00 0.000000e+00
28330: 2.900000e+00 1.500000e+00 1.300000e+00 3.000000e-01 0.000000e+00 0.000000e+00
28330: 2.909091e+00 1.545455e+00 1.272727e+00 2.727273e-01 0.000000e+00 0.000000e+00
28330: 2.833333e+00 1.583333e+00 1.333333e+00 2.500000e-01 0.000000e+00 0.000000e+00
28330: 2.846154e+00 1.461538e+00 1.307692e+00 3.846154e-01 0.000000e+00 0.000000e+00
28330: 2.857143e+00 1.500000e+00 1.214286e+00 4.285714e-01 0.000000e+00 0.000000e+00
28330: 2.800000e+00 1.466667e+00 1.266667e+00 4.000000e-01 6.666667e-02 0.000000e+00
28330: 2.812500e+00 1.562500e+00 1.187500e+00 3.750000e-01 6.250000e-02 0.000000e+00
28330: 2.882353e+00 1.529412e+00 1.176471e+00 3.529412e-01 5.882353e-02 0.000000e+00
28330: 2.833333e+00 1.555556e+00 1.166667e+00 3.333333e-01 1.111111e-01 0.000000e+00
28330: 2.789474e+00 1.526316e+00 1.263158e+00 3.157895e-01 1.052632e-01 0.000000e+00
28330: 2.750000e+00 1.600000e+00 1.200000e+00 3.500000e-01 1.000000e-01 0.000000e+00
28330: 2.714286e+00 1.619048e+00 1.238095e+00 3.333333e-01 9.523810e-02 0.000000e+00
28330: 2.681818e+00 1.545455e+00 1.318182e+00 3.636364e-01 9.090909e-02 0.000000e+00
28330: 2.695652e+00 1.565217e+00 1.304348e+00 3.478261e-01 8.695652e-02 0.000000e+00
28330: 2.666667e+00 1.583333e+00 1.291667e+00 3.333333e-01 1.250000e-01 0.000000e+00
28330: 2.640000e+00 1.560000e+00 1.360000e+00 3.200000e-01 1.200000e-01 0.000000e+00
28330: 2.615385e+00 1.576923e+00 1.307692e+00 3.461538e-01 1.538462e-01 0.000000e+00
28330: 2.629630e+00 1.518519e+00 1.370370e+00 3.333333e-01 1.481481e-01 0.000000e+00
28330: 2.607143e+00 1.571429e+00 1.321429e+00 3.571429e-01 1.428571e-01 0.000000e+00
28330: 2.655172e+00 1.517241e+00 1.344828e+00 3.448276e-01 1.379310e-01 0.000000e+00
28330: 2.700000e+00 1.533333e+00 1.300000e+00 3.333333e-01 1.333333e-01 0.000000e+00
28330: 2.645161e+00 1.548387e+00 1.354839e+00 3.225806e-01 1.290323e-01 0.000000e+00
28330: 2.625000e+00 1.593750e+00 1.343750e+00 3.125000e-01 1.250000e-01 0.000000e+00
28330: 2.575758e+00 1.636364e+00 1.363636e+00 3.030303e-01 1.212121e-01 0.000000e+00
28330: 2.588235e+00 1.588235e+00 1.411765e+00 2.941176e-01 1.176471e-01 0.000000e+00
28330: 2.542857e+00 1.628571e+00 1.400000e+00 3.142857e-01 1.142857e-01 0.000000e+00
28330: 2.527778e+00 1.583333e+00 1.416667e+00 3.055556e-01 1.666667e-01 0.000000e+00
28330: 2.513514e+00 1.594595e+00 1.405405e+00 3.243243e-01 1.621622e-01 0.000000e+00
28330: 2.473684e+00 1.578947e+00 1.473684e+00 3.157895e-01 1.578947e-01 0.000000e+00
28330: 2.461538e+00 1.564103e+00 1.487179e+00 3.333333e-01 1.538462e-01 0.000000e+00
28330: 2.450000e+00 1.575000e+00 1.500000e+00 3.250000e-01 1.500000e-01 0.000000e+00
28330: 2.414634e+00 1.560976e+00 1.536585e+00 3.414634e-01 1.463415e-01 0.000000e+00
28330: 2.404762e+00 1.547619e+00 1.547619e+00 3.571429e-01 1.428571e-01 0.000000e+00
28330: 2.372093e+00 1.604651e+00 1.511628e+00 3.720930e-01 1.395349e-01 0.000000e+00
28330: 2.386364e+00 1.590909e+00 1.522727e+00 3.636364e-01 1.363636e-01 0.000000e+00
28330: 2.355556e+00 1.600000e+00 1.511111e+00 3.777778e-01 1.555556e-01 0.000000e+00
28330: 2.369565e+00 1.565217e+00 1.521739e+00 3.695652e-01 1.739130e-01 0.000000e+00
28330: 2.340426e+00 1.595745e+00 1.510638e+00 3.617021e-01 1.914894e-01 0.000000e+00
28330: 2.354167e+00 1.583333e+00 1.500000e+00 3.750000e-01 1.875000e-01 0.000000e+00
28330: 2.367347e+00 1.571429e+00 1.510204e+00 3.673469e-01 1.836735e-01 0.000000e+00
28330: 2.340000e+00 1.580000e+00 1.540000e+00 3.600000e-01 1.800000e-01 0.000000e+00
28330: 2.352941e+00 1.568627e+00 1.549020e+00 3.529412e-01 1.764706e-01 0.000000e+00
28330: 2.346154e+00 1.615385e+00 1.519231e+00 3.461538e-01 1.730769e-01 0.000000e+00
28330: 2.320755e+00 1.622642e+00 1.528302e+00 3.584906e-01 1.698113e-01 0.000000e+00
28330: 2.314815e+00 1.611111e+00 1.555556e+00 3.518519e-01 1.666667e-01 0.000000e+00
28330: 2.309091e+00 1.618182e+00 1.545455e+00 3.636364e-01 1.636364e-01 0.000000e+00
28330: 2.303571e+00 1.589286e+00 1.589286e+00 3.571429e-01 1.607143e-01 0.000000e+00
28330: 2.280702e+00 1.596491e+00 1.596491e+00 3.684211e-01 1.578947e-01 0.000000e+00
28330: 2.275862e+00 1.603448e+00 1.586207e+00 3.793103e-01 1.551724e-01 0.000000e+00
28330: 2.254237e+00 1.576271e+00 1.627119e+00 3.898305e-01 1.525424e-01 0.000000e+00
28330: 2.283333e+00 1.566667e+00 1.600000e+00 4.000000e-01 1.500000e-01 0.000000e+00
28330: 2.262295e+00 1.606557e+00 1.573770e+00 3.934426e-01 1.475410e-01 1.639344e-02
28330: 2.258065e+00 1.629032e+00 1.548387e+00 4.032258e-01 1.451613e-01 1.612903e-02
28330: 2.253968e+00 1.603175e+00 1.587302e+00 3.968254e-01 1.428571e-01 1.587302e-02
28330: 2.234375e+00 1.625000e+00 1.578125e+00 4.062500e-01 1.406250e-01 1.562500e-02
28330: 2.246154e+00 1.615385e+00 1.569231e+00 4.153846e-01 1.384615e-01 1.538462e-02
28330: 2.227273e+00 1.621212e+00 1.575758e+00 4.242424e-01 1.363636e-01 1.515152e-02
28330: 2.223881e+00 1.626866e+00 1.567164e+00 4.328358e-01 1.343284e-01 1.492537e-02
28330: 2.205882e+00 1.617647e+00 1.573529e+00 4.411765e-01 1.470588e-01 1.470588e-02
28330: 2.217391e+00 1.594203e+00 1.579710e+00 4.492754e-01 1.449275e-01 1.449275e-02
28330: 2.214286e+00 1.614286e+00 1.557143e+00 4.571429e-01 1.428571e-01 1.428571e-02
28330: 2.225352e+00 1.605634e+00 1.563380e+00 4.507042e-01 1.408451e-01 1.408451e-02
28330: 2.208333e+00 1.625000e+00 1.569444e+00 4.444444e-01 1.388889e-01 1.388889e-02
28330: 2.232877e+00 1.616438e+00 1.561644e+00 4.383562e-01 1.369863e-01 1.369863e-02
28330: 2.216216e+00 1.608108e+00 1.581081e+00 4.459459e-01 1.351351e-01 1.351351e-02
28330: 2.226667e+00 1.586667e+00 1.573333e+00 4.533333e-01 1.466667e-01 1.333333e-02
28330: 2.210526e+00 1.592105e+00 1.578947e+00 4.605263e-01 1.447368e-01 1.315789e-02
28330: 2.207792e+00 1.584416e+00 1.571429e+00 4.805195e-01 1.428571e-01 1.298701e-02
28330: 2.217949e+00 1.589744e+00 1.551282e+00 4.871795e-01 1.410256e-01 1.282051e-02
28330: 2.215190e+00 1.569620e+00 1.582278e+00 4.810127e-01 1.392405e-01 1.265823e-02
28330: 2.212500e+00 1.600000e+00 1.562500e+00 4.750000e-01 1.375000e-01 1.250000e-02
28330: 2.197531e+00 1.604938e+00 1.580247e+00 4.691358e-01 1.358025e-01 1.234568e-02
28330: 2.207317e+00 1.609756e+00 1.560976e+00 4.756098e-01 1.341463e-01 1.219512e-02
28330: 2.192771e+00 1.602410e+00 1.578313e+00 4.698795e-01 1.445783e-01 1.204819e-02
28330: 2.190476e+00 1.595238e+00 1.571429e+00 4.761905e-01 1.547619e-01 1.190476e-02
28330: 2.176471e+00 1.588235e+00 1.576471e+00 4.823529e-01 1.529412e-01 2.352941e-02
28330: 2.174419e+00 1.581395e+00 1.569767e+00 4.883721e-01 1.627907e-01 2.325581e-02
28330: 2.172414e+00 1.597701e+00 1.563218e+00 4.827586e-01 1.609195e-01 2.298851e-02
28330: 2.170455e+00 1.590909e+00 1.579545e+00 4.772727e-01 1.590909e-01 2.272727e-02
28330: 2.168539e+00 1.606742e+00 1.561798e+00 4.831461e-01 1.573034e-01 2.247191e-02
28330: 2.166667e+00 1.588889e+00 1.577778e+00 4.888889e-01 1.555556e-01 2.222222e-02
28330: 2.153846e+00 1.593407e+00 1.582418e+00 4.945055e-01 1.538462e-01 2.197802e-02
28330: 2.163043e+00 1.586957e+00 1.576087e+00 5.000000e-01 1.521739e-01 2.173913e-02
28330: 2.150538e+00 1.580645e+00 1.569892e+00 5.268817e-01 1.505376e-01 2.150538e-02
28330: 2.159574e+00 1.563830e+00 1.574468e+00 5.212766e-01 1.595745e-01 2.127660e-02
28330: 2.157895e+00 1.578947e+00 1.568421e+00 5.157895e-01 1.578947e-01 2.105263e-02
28330: 2.166667e+00 1.562500e+00 1.583333e+00 5.104167e-01 1.562500e-01 2.083333e-02
28330: 2.164948e+00 1.577320e+00 1.567010e+00 5.051546e-01 1.649485e-01 2.061856e-02
28330: 2.153061e+00 1.581633e+00 1.581633e+00 5.000000e-01 1.632653e-01 2.040816e-02
28330: 2.151515e+00 1.585859e+00 1.565657e+00 5.050505e-01 1.717172e-01 2.020202e-02
28330: 2.160000e+00 1.580000e+00 1.570000e+00 5.000000e-01 1.700000e-01 2.000000e-02
28330: 2.158416e+00 1.584158e+00 1.554455e+00 5.148515e-01 1.683168e-01 1.980198e-02
28330: 2.166667e+00 1.568627e+00 1.568627e+00 5.098039e-01 1.666667e-01 1.960784e-02
28330: 2.165049e+00 1.582524e+00 1.563107e+00 5.048544e-01 1.650485e-01 1.941748e-02
28330: 2.153846e+00 1.576923e+00 1.576923e+00 5.000000e-01 1.730769e-01 1.923077e-02
28330: 2.161905e+00 1.571429e+00 1.571429e+00 5.047619e-01 1.714286e-01 1.904762e-02
28330: 2.150943e+00 1.594340e+00 1.556604e+00 5.094340e-01 1.698113e-01 1.886792e-02
28330: 2.140187e+00 1.598131e+00 1.560748e+00 5.046729e-01 1.775701e-01 1.869159e-02
28330: 2.148148e+00 1.592593e+00 1.564815e+00 5.000000e-01 1.759259e-01 1.851852e-02
28330: 2.137615e+00 1.596330e+00 1.577982e+00 4.954128e-01 1.743119e-01 1.834862e-02
28330: 2.127273e+00 1.600000e+00 1.581818e+00 5.000000e-01 1.727273e-01 1.818182e-02
28330: 2.126126e+00 1.603604e+00 1.567568e+00 5.135135e-01 1.711712e-01 1.801802e-02
28330: 2.125000e+00 1.598214e+00 1.580357e+00 5.089286e-01 1.696429e-01 1.785714e-02
28330: 2.115044e+00 1.610619e+00 1.566372e+00 5.132743e-01 1.769912e-01 1.769912e-02
28330: 2.105263e+00 1.614035e+00 1.570175e+00 5.087719e-01 1.842105e-01 1.754386e-02
28330: 2.104348e+00 1.608696e+00 1.565217e+00 5.130435e-01 1.826087e-01 2.608696e-02
28330: 2.112069e+00 1.612069e+00 1.560345e+00 5.086207e-01 1.810345e-01 2.586207e-02
28330: 2.102564e+00 1.623932e+00 1.564103e+00 5.042735e-01 1.794872e-01 2.564103e-02
28330: 2.110169e+00 1.610169e+00 1.567797e+00 5.084746e-01 1.779661e-01 2.542373e-02
28330: 2.109244e+00 1.613445e+00 1.571429e+00 5.042017e-01 1.764706e-01 2.521008e-02
28330: 2.108333e+00 1.600000e+00 1.575000e+00 5.166667e-01 1.750000e-01 2.500000e-02
28330: 2.107438e+00 1.595041e+00 1.578512e+00 5.206612e-01 1.735537e-01 2.479339e-02
28330: 2.106557e+00 1.590164e+00 1.581967e+00 5.245902e-01 1.721311e-01 2.459016e-02
28330: 2.105691e+00 1.593496e+00 1.577236e+00 5.284553e-01 1.707317e-01 2.439024e-02
28330: 2.096774e+00 1.596774e+00 1.580645e+00 5.322581e-01 1.693548e-01 2.419355e-02
28330: 2.096000e+00 1.600000e+00 1.576000e+00 5.360000e-01 1.680000e-01 2.400000e-02
28330: 2.087302e+00 1.595238e+00 1.579365e+00 5.396825e-01 1.746032e-01 2.380952e-02
28330: 2.086614e+00 1.590551e+00 1.582677e+00 5.433071e-01 1.732283e-01 2.362205e-02
28330: 2.085938e+00 1.601562e+00 1.570312e+00 5.468750e-01 1.718750e-01 2.343750e-02
28330: 2.085271e+00 1.596899e+00 1.565891e+00 5.503876e-01 1.782946e-01 2.325581e-02
28330: 2.076923e+00 1.600000e+00 1.576923e+00 5.461538e-01 1.769231e-01 2.307692e-02
28330: 2.083969e+00 1.587786e+00 1.572519e+00 5.496183e-01 1.832061e-01 2.290076e-02
28330: 2.075758e+00 1.583333e+00 1.575758e+00 5.530303e-01 1.818182e-01 3.030303e-02
28330: 2.075188e+00 1.586466e+00 1.563910e+00 5.639098e-01 1.804511e-01 3.007519e-02
28330: 2.074627e+00 1.582090e+00 1.574627e+00 5.597015e-01 1.791045e-01 2.985075e-02
28330: 2.074074e+00 1.585185e+00 1.562963e+00 5.703704e-01 1.777778e-01 2.962963e-02
28330: 2.073529e+00 1.580882e+00 1.573529e+00 5.661765e-01 1.764706e-01 2.941176e-02
28330: 2.065693e+00 1.583942e+00 1.576642e+00 5.693431e-01 1.751825e-01 2.919708e-02
28330: 2.065217e+00 1.572464e+00 1.579710e+00 5.724638e-01 1.811594e-01 2.898551e-02
28330: 2.064748e+00 1.575540e+00 1.568345e+00 5.827338e-01 1.798561e-01 2.877698e-02
28330: 2.064286e+00 1.571429e+00 1.571429e+00 5.785714e-01 1.857143e-01 2.857143e-02
28330: 2.056738e+00 1.588652e+00 1.560284e+00 5.815603e-01 1.843972e-01 2.836879e-02
28330: 2.056338e+00 1.577465e+00 1.577465e+00 5.774648e-01 1.830986e-01 2.816901e-02
28330: 2.048951e+00 1.580420e+00 1.573427e+00 5.874126e-01 1.818182e-01 2.797203e-02
28330: 2.041667e+00 1.576389e+00 1.569444e+00 5.972222e-01 1.875000e-01 2.777778e-02
28330: 2.041379e+00 1.572414e+00 1.579310e+00 5.931034e-01 1.862069e-01 2.758621e-02
28330: 2.034247e+00 1.582192e+00 1.575342e+00 5.958904e-01 1.849315e-01 2.739726e-02
28330: 2.040816e+00 1.571429e+00 1.571429e+00 5.986395e-01 1.904762e-01 2.721088e-02
28330: 2.040541e+00 1.574324e+00 1.560811e+00 6.081081e-01 1.891892e-01 2.702703e-02
28330: 2.040268e+00 1.570470e+00 1.570470e+00 6.040268e-01 1.879195e-01 2.684564e-02
28330: 2.033333e+00 1.580000e+00 1.566667e+00 6.066667e-01 1.866667e-01 2.666667e-02
28330: 2.033113e+00 1.589404e+00 1.562914e+00 6.026490e-01 1.854305e-01 2.649007e-02
28330: 2.026316e+00 1.592105e+00 1.572368e+00 5.986842e-01 1.842105e-01 2.631579e-02
28330: 2.019608e+00 1.601307e+00 1.562092e+00 6.013072e-01 1.895425e-01 2.614379e-02
28330: 2.019481e+00 1.603896e+00 1.564935e+00 5.974026e-01 1.883117e-01 2.597403e-02
28330: 2.019355e+00 1.600000e+00 1.567742e+00 6.000000e-01 1.870968e-01 2.580645e-02
28330: 2.019231e+00 1.602564e+00 1.564103e+00 6.025641e-01 1.858974e-01 2.564103e-02
28330: 2.019108e+00 1.592357e+00 1.579618e+00 5.987261e-01 1.847134e-01 2.547771e-02
28330: 2.012658e+00 1.601266e+00 1.575949e+00 6.012658e-01 1.835443e-01 2.531646e-02
28330: 2.018868e+00 1.603774e+00 1.566038e+00 6.037736e-01 1.823899e-01 2.515723e-02
28330: 2.012500e+00 1.606250e+00 1.568750e+00 6.000000e-01 1.875000e-01 2.500000e-02
28330: 2.024845e+00 1.602484e+00 1.565217e+00 5.962733e-01 1.863354e-01 2.484472e-02
28330: 2.030864e+00 1.604938e+00 1.561728e+00 5.925926e-01 1.851852e-01 2.469136e-02
28330: 2.024540e+00 1.607362e+00 1.564417e+00 5.950920e-01 1.840491e-01 2.453988e-02
28330: 2.024390e+00 1.609756e+00 1.567073e+00 5.914634e-01 1.829268e-01 2.439024e-02
28330: 2.024242e+00 1.606061e+00 1.563636e+00 6.000000e-01 1.818182e-01 2.424242e-02
28330: 2.018072e+00 1.620482e+00 1.560241e+00 5.963855e-01 1.807229e-01 2.409639e-02
28330: 2.017964e+00 1.622754e+00 1.556886e+00 5.928144e-01 1.796407e-01 2.994012e-02
28330: 2.017857e+00 1.619048e+00 1.559524e+00 5.952381e-01 1.785714e-01 2.976190e-02
28330: 2.017751e+00 1.621302e+00 1.556213e+00 5.917160e-01 1.834320e-01 2.958580e-02
28330: 2.011765e+00 1.611765e+00 1.570588e+00 5.941176e-01 1.823529e-01 2.941176e-02
28330: 2.017544e+00 1.608187e+00 1.567251e+00 5.964912e-01 1.812865e-01 2.923977e-02
28330: 2.017442e+00 1.616279e+00 1.563953e+00 5.930233e-01 1.802326e-01 2.906977e-02
28330: 2.011561e+00 1.618497e+00 1.566474e+00 5.895954e-01 1.849711e-01 2.890173e-02
28330: 2.011494e+00 1.614943e+00 1.574713e+00 5.862069e-01 1.839080e-01 2.873563e-02
28330: 2.011429e+00 1.611429e+00 1.577143e+00 5.885714e-01 1.828571e-01 2.857143e-02
28330: 2.005682e+00 1.619318e+00 1.573864e+00 5.909091e-01 1.818182e-01 2.840909e-02
28330: 2.005650e+00 1.627119e+00 1.564972e+00 5.932203e-01 1.807910e-01 2.824859e-02
28330: 2.005618e+00 1.623596e+00 1.573034e+00 5.898876e-01 1.797753e-01 2.808989e-02
28330: 2.005587e+00 1.625698e+00 1.564246e+00 5.921788e-01 1.843575e-01 2.793296e-02
28330: 2.005556e+00 1.627778e+00 1.566667e+00 5.888889e-01 1.833333e-01 2.777778e-02
28330: 2.000000e+00 1.629834e+00 1.569061e+00 5.911602e-01 1.823204e-01 2.762431e-02
28330: 2.000000e+00 1.620879e+00 1.576923e+00 5.934066e-01 1.813187e-01 2.747253e-02
28330: 2.000000e+00 1.628415e+00 1.568306e+00 5.956284e-01 1.803279e-01 2.732240e-02
28330: 1.994565e+00 1.619565e+00 1.581522e+00 5.923913e-01 1.847826e-01 2.717391e-02
28330: 1.994595e+00 1.621622e+00 1.578378e+00 5.945946e-01 1.837838e-01 2.702703e-02
28330: 1.994624e+00 1.612903e+00 1.586022e+00 5.967742e-01 1.827957e-01 2.688172e-02
28330: 1.994652e+00 1.614973e+00 1.582888e+00 5.989305e-01 1.818182e-01 2.673797e-02
28330: 1.989362e+00 1.606383e+00 1.590426e+00 6.010638e-01 1.861702e-01 2.659574e-02
28330: 1.989418e+00 1.603175e+00 1.592593e+00 6.031746e-01 1.851852e-01 2.645503e-02
28330: 1.984211e+00 1.605263e+00 1.589474e+00 6.052632e-01 1.894737e-01 2.631579e-02
28330: 1.984293e+00 1.607330e+00 1.586387e+00 6.073298e-01 1.884817e-01 2.617801e-02
28330: 1.979167e+00 1.604167e+00 1.583333e+00 6.093750e-01 1.979167e-01 2.604167e-02
28330: 1.984456e+00 1.601036e+00 1.580311e+00 6.113990e-01 1.968912e-01 2.590674e-02
28330: 1.984536e+00 1.603093e+00 1.577320e+00 6.134021e-01 1.958763e-01 2.577320e-02
28330: 1.984615e+00 1.600000e+00 1.579487e+00 6.153846e-01 1.948718e-01 2.564103e-02
28330: 1.984694e+00 1.602041e+00 1.571429e+00 6.173469e-01 1.989796e-01 2.551020e-02
28330: 1.984772e+00 1.593909e+00 1.578680e+00 6.192893e-01 1.979695e-01 2.538071e-02
28330: 1.979798e+00 1.595960e+00 1.580808e+00 6.212121e-01 1.969697e-01 2.525253e-02
28330: 1.984925e+00 1.592965e+00 1.577889e+00 6.231156e-01 1.959799e-01 2.512563e-02
28330: 1.985000e+00 1.595000e+00 1.570000e+00 6.300000e-01 1.950000e-01 2.500000e-02
28330: 1.980100e+00 1.592040e+00 1.577114e+00 6.318408e-01 1.940299e-01 2.487562e-02
28330: 1.980198e+00 1.589109e+00 1.579208e+00 6.336634e-01 1.930693e-01 2.475248e-02
28330: 1.975369e+00 1.591133e+00 1.576355e+00 6.403941e-01 1.921182e-01 2.463054e-02
28330: 1.975490e+00 1.593137e+00 1.568627e+00 6.470588e-01 1.911765e-01 2.450980e-02
28330: 1.970732e+00 1.595122e+00 1.575610e+00 6.439024e-01 1.902439e-01 2.439024e-02
28330: 1.970874e+00 1.592233e+00 1.572816e+00 6.504854e-01 1.893204e-01 2.427184e-02
28330: 1.966184e+00 1.594203e+00 1.574879e+00 6.521739e-01 1.884058e-01 2.415459e-02
28330: 1.971154e+00 1.591346e+00 1.572115e+00 6.538462e-01 1.875000e-01 2.403846e-02
28330: 1.966507e+00 1.593301e+00 1.574163e+00 6.555024e-01 1.866029e-01 2.392344e-02
28330: 1.966667e+00 1.595238e+00 1.566667e+00 6.571429e-01 1.904762e-01 2.380952e-02
28330: 1.962085e+00 1.592417e+00 1.578199e+00 6.540284e-01 1.895735e-01 2.369668e-02
28330: 1.966981e+00 1.589623e+00 1.575472e+00 6.556604e-01 1.886792e-01 2.358491e-02
28330: 1.967136e+00 1.591549e+00 1.572770e+00 6.572770e-01 1.877934e-01 2.347418e-02
28330: 1.962617e+00 1.593458e+00 1.570093e+00 6.588785e-01 1.915888e-01 2.336449e-02
28330: 1.962791e+00 1.590698e+00 1.567442e+00 6.604651e-01 1.953488e-01 2.325581e-02
28330: 1.958333e+00 1.592593e+00 1.569444e+00 6.620370e-01 1.944444e-01 2.314815e-02
28330: 1.958525e+00 1.585253e+00 1.580645e+00 6.589862e-01 1.935484e-01 2.304147e-02
28330: 1.958716e+00 1.587156e+00 1.573394e+00 6.605505e-01 1.972477e-01 2.293578e-02
28330: 1.958904e+00 1.584475e+00 1.575342e+00 6.621005e-01 1.963470e-01 2.283105e-02
28330: 1.954545e+00 1.586364e+00 1.577273e+00 6.636364e-01 1.954545e-01 2.272727e-02
28330: 1.954751e+00 1.583710e+00 1.574661e+00 6.651584e-01 1.990950e-01 2.262443e-02
28330: 1.950450e+00 1.590090e+00 1.572072e+00 6.666667e-01 1.981982e-01 2.252252e-02
28330: 1.955157e+00 1.587444e+00 1.569507e+00 6.681614e-01 1.973094e-01 2.242152e-02
28330: 1.955357e+00 1.589286e+00 1.571429e+00 6.651786e-01 1.964286e-01 2.232143e-02
28330: 1.955556e+00 1.582222e+00 1.568889e+00 6.755556e-01 1.955556e-01 2.222222e-02
28330: 1.951327e+00 1.579646e+00 1.575221e+00 6.725664e-01 1.991150e-01 2.212389e-02
28330: 1.955947e+00 1.581498e+00 1.568282e+00 6.740088e-01 1.982379e-01 2.202643e-02
28330: 1.951754e+00 1.583333e+00 1.574561e+00 6.710526e-01 1.973684e-01 2.192982e-02
28330: 1.951965e+00 1.589520e+00 1.567686e+00 6.724891e-01 1.965066e-01 2.183406e-02
28330: 1.947826e+00 1.586957e+00 1.578261e+00 6.695652e-01 1.956522e-01 2.173913e-02
28330: 1.948052e+00 1.593074e+00 1.571429e+00 6.709957e-01 1.948052e-01 2.164502e-02
28330: 1.943966e+00 1.590517e+00 1.577586e+00 6.724138e-01 1.939655e-01 2.155172e-02
28330: 1.948498e+00 1.587983e+00 1.575107e+00 6.738197e-01 1.931330e-01 2.145923e-02
28330: 1.944444e+00 1.589744e+00 1.572650e+00 6.752137e-01 1.965812e-01 2.136752e-02
28330: 1.944681e+00 1.591489e+00 1.565957e+00 6.808511e-01 1.957447e-01 2.127660e-02
28330: 1.949153e+00 1.588983e+00 1.567797e+00 6.779661e-01 1.949153e-01 2.118644e-02
28330: 1.945148e+00 1.590717e+00 1.569620e+00 6.751055e-01 1.983122e-01 2.109705e-02
28330: 1.949580e+00 1.588235e+00 1.567227e+00 6.764706e-01 1.974790e-01 2.100840e-02
28330: 1.953975e+00 1.589958e+00 1.564854e+00 6.736402e-01 1.966527e-01 2.092050e-02
28330: 1.954167e+00 1.587500e+00 1.566667e+00 6.708333e-01 2.000000e-01 2.083333e-02
28330: 1.954357e+00 1.589212e+00 1.568465e+00 6.680498e-01 1.991701e-01 2.074689e-02
28330: 1.950413e+00 1.590909e+00 1.566116e+00 6.694215e-01 1.983471e-01 2.479339e-02
28330: 1.954733e+00 1.588477e+00 1.563786e+00 6.666667e-01 2.016461e-01 2.469136e-02
28330: 1.950820e+00 1.590164e+00 1.565574e+00 6.639344e-01 2.049180e-01 2.459016e-02
28330: 1.951020e+00 1.587755e+00 1.571429e+00 6.612245e-01 2.040816e-01 2.448980e-02
28330: 1.955285e+00 1.589431e+00 1.565041e+00 6.626016e-01 2.032520e-01 2.439024e-02
28330: 1.951417e+00 1.591093e+00 1.566802e+00 6.639676e-01 2.024291e-01 2.429150e-02
28330: 1.955645e+00 1.584677e+00 1.568548e+00 6.653226e-01 2.016129e-01 2.419355e-02
28330: 1.955823e+00 1.590361e+00 1.566265e+00 6.626506e-01 2.008032e-01 2.409639e-02
28330: 1.952000e+00 1.588000e+00 1.572000e+00 6.600000e-01 2.000000e-01 2.800000e-02
28330: 1.952191e+00 1.589641e+00 1.565737e+00 6.653386e-01 1.992032e-01 2.788845e-02
28330: 1.952381e+00 1.591270e+00 1.567460e+00 6.626984e-01 1.984127e-01 2.777778e-02
28330: 1.948617e+00 1.592885e+00 1.569170e+00 6.640316e-01 1.976285e-01 2.766798e-02
28330: 1.952756e+00 1.590551e+00 1.570866e+00 6.614173e-01 1.968504e-01 2.755906e-02
28330: 1.949020e+00 1.596078e+00 1.568627e+00 6.627451e-01 1.960784e-01 2.745098e-02
28330: 1.953125e+00 1.597656e+00 1.566406e+00 6.601562e-01 1.953125e-01 2.734375e-02
28330: 1.953307e+00 1.595331e+00 1.571984e+00 6.575875e-01 1.945525e-01 2.723735e-02
28330: 1.953488e+00 1.600775e+00 1.565891e+00 6.589147e-01 1.937984e-01 2.713178e-02
28330: 1.953668e+00 1.598456e+00 1.567568e+00 6.602317e-01 1.930502e-01 2.702703e-02
28330: 1.950000e+00 1.603846e+00 1.565385e+00 6.576923e-01 1.961538e-01 2.692308e-02
28330: 1.950192e+00 1.597701e+00 1.570881e+00 6.551724e-01 1.992337e-01 2.681992e-02
28330: 1.950382e+00 1.595420e+00 1.572519e+00 6.564885e-01 1.984733e-01 2.671756e-02
28330: 1.950570e+00 1.596958e+00 1.566540e+00 6.615970e-01 1.977186e-01 2.661597e-02
28330: 1.950758e+00 1.594697e+00 1.568182e+00 6.628788e-01 1.969697e-01 2.651515e-02
28330: 1.950943e+00 1.592453e+00 1.573585e+00 6.603774e-01 1.962264e-01 2.641509e-02
28330: 1.947368e+00 1.597744e+00 1.571429e+00 6.616541e-01 1.954887e-01 2.631579e-02
28330: 1.951311e+00 1.591760e+00 1.569288e+00 6.666667e-01 1.947566e-01 2.621723e-02
28330: 1.947761e+00 1.597015e+00 1.567164e+00 6.679104e-01 1.940299e-01 2.611940e-02
28330: 1.951673e+00 1.598513e+00 1.565056e+00 6.654275e-01 1.933086e-01 2.602230e-02
28330: 1.948148e+00 1.603704e+00 1.566667e+00 6.629630e-01 1.925926e-01 2.592593e-02
28330: 1.952030e+00 1.605166e+00 1.564576e+00 6.605166e-01 1.918819e-01 2.583026e-02
28330: 1.948529e+00 1.606618e+00 1.566176e+00 6.617647e-01 1.911765e-01 2.573529e-02
28330: 1.956044e+00 1.604396e+00 1.564103e+00 6.593407e-01 1.904762e-01 2.564103e-02
28330: 1.952555e+00 1.602190e+00 1.572993e+00 6.569343e-01 1.897810e-01 2.554745e-02
28330: 1.949091e+00 1.600000e+00 1.574545e+00 6.618182e-01 1.890909e-01 2.545455e-02
28330: 1.952899e+00 1.601449e+00 1.568841e+00 6.630435e-01 1.884058e-01 2.536232e-02
28330: 1.953069e+00 1.599278e+00 1.574007e+00 6.606498e-01 1.877256e-01 2.527076e-02
28330: 1.949640e+00 1.604317e+00 1.568345e+00 6.618705e-01 1.870504e-01 2.877698e-02
28330: 1.949821e+00 1.605735e+00 1.566308e+00 6.594982e-01 1.863799e-01 3.225806e-02
28330: 1.946429e+00 1.603571e+00 1.571429e+00 6.607143e-01 1.857143e-01 3.214286e-02
28330: 1.946619e+00 1.601423e+00 1.572954e+00 6.619217e-01 1.850534e-01 3.202847e-02
28330: 1.943262e+00 1.599291e+00 1.570922e+00 6.702128e-01 1.843972e-01 3.191489e-02
28330: 1.946996e+00 1.597173e+00 1.568905e+00 6.713781e-01 1.837456e-01 3.180212e-02
28330: 1.943662e+00 1.602113e+00 1.570423e+00 6.690141e-01 1.830986e-01 3.169014e-02
28330: 1.947368e+00 1.603509e+00 1.564912e+00 6.701754e-01 1.824561e-01 3.157895e-02
28330: 1.944056e+00 1.601399e+00 1.569930e+00 6.713287e-01 1.818182e-01 3.146853e-02
28330: 1.940767e+00 1.602787e+00 1.571429e+00 6.689895e-01 1.846690e-01 3.135889e-02
28330: 1.944444e+00 1.600694e+00 1.569444e+00 6.701389e-01 1.840278e-01 3.125000e-02
28330: 1.941176e+00 1.602076e+00 1.574394e+00 6.678201e-01 1.833910e-01 3.114187e-02
28330: 1.941379e+00 1.603448e+00 1.572414e+00 6.689655e-01 1.827586e-01 3.103448e-02
28330: 1.938144e+00 1.601375e+00 1.573883e+00 6.735395e-01 1.821306e-01 3.092784e-02
28330: 1.938356e+00 1.602740e+00 1.568493e+00 6.780822e-01 1.815068e-01 3.082192e-02
28330: 1.935154e+00 1.597270e+00 1.576792e+00 6.791809e-01 1.808874e-01 3.071672e-02
28330: 1.935374e+00 1.598639e+00 1.571429e+00 6.836735e-01 1.802721e-01 3.061224e-02
28330: 1.935593e+00 1.600000e+00 1.569492e+00 6.847458e-01 1.796610e-01 3.050847e-02
28330: 1.932432e+00 1.597973e+00 1.577703e+00 6.824324e-01 1.790541e-01 3.040541e-02
28330: 1.936027e+00 1.599327e+00 1.572391e+00 6.835017e-01 1.784512e-01 3.030303e-02
28330: 1.932886e+00 1.597315e+00 1.577181e+00 6.845638e-01 1.778523e-01 3.020134e-02
28330: 1.933110e+00 1.595318e+00 1.575251e+00 6.856187e-01 1.772575e-01 3.344482e-02
28330: 1.930000e+00 1.600000e+00 1.570000e+00 6.900000e-01 1.766667e-01 3.333333e-02
28330: 1.933555e+00 1.598007e+00 1.564784e+00 6.943522e-01 1.760797e-01 3.322259e-02
28330: 1.933775e+00 1.599338e+00 1.566225e+00 6.920530e-01 1.754967e-01 3.311258e-02
28330: 1.933993e+00 1.597360e+00 1.567657e+00 6.930693e-01 1.749175e-01 3.300330e-02
28330: 1.930921e+00 1.598684e+00 1.572368e+00 6.907895e-01 1.743421e-01 3.289474e-02
28330: 1.931148e+00 1.600000e+00 1.570492e+00 6.918033e-01 1.737705e-01 3.278689e-02
28330: 1.931373e+00 1.598039e+00 1.568627e+00 6.928105e-01 1.764706e-01 3.267974e-02
28330: 1.931596e+00 1.599349e+00 1.566775e+00 6.938111e-01 1.758958e-01 3.257329e-02
28330: 1.931818e+00 1.597403e+00 1.568182e+00 6.948052e-01 1.753247e-01 3.246753e-02
28330: 1.932039e+00 1.598706e+00 1.566343e+00 6.957929e-01 1.747573e-01 3.236246e-02
28330: 1.932258e+00 1.596774e+00 1.570968e+00 6.935484e-01 1.741935e-01 3.225806e-02
28330: 1.929260e+00 1.598071e+00 1.569132e+00 6.977492e-01 1.736334e-01 3.215434e-02
28330: 1.926282e+00 1.605769e+00 1.567308e+00 6.955128e-01 1.730769e-01 3.205128e-02
28330: 1.926518e+00 1.607029e+00 1.565495e+00 6.964856e-01 1.725240e-01 3.194888e-02
28330: 1.926752e+00 1.605096e+00 1.566879e+00 6.942675e-01 1.751592e-01 3.184713e-02
28330: 1.926984e+00 1.606349e+00 1.565079e+00 6.920635e-01 1.777778e-01 3.174603e-02
28330: 1.924051e+00 1.610759e+00 1.566456e+00 6.898734e-01 1.772152e-01 3.164557e-02
28330: 1.927445e+00 1.608833e+00 1.564669e+00 6.876972e-01 1.798107e-01 3.154574e-02
28330: 1.924528e+00 1.610063e+00 1.569182e+00 6.855346e-01 1.792453e-01 3.144654e-02
28330: 1.924765e+00 1.605016e+00 1.570533e+00 6.896552e-01 1.786834e-01 3.134796e-02
28330: 1.925000e+00 1.609375e+00 1.565625e+00 6.906250e-01 1.781250e-01 3.125000e-02
28330: 1.925234e+00 1.610592e+00 1.566978e+00 6.884735e-01 1.775701e-01 3.115265e-02
28330: 1.925466e+00 1.608696e+00 1.565217e+00 6.925466e-01 1.770186e-01 3.105590e-02
28330: 1.928793e+00 1.609907e+00 1.563467e+00 6.904025e-01 1.764706e-01 3.095975e-02
28330: 1.929012e+00 1.604938e+00 1.567901e+00 6.882716e-01 1.790123e-01 3.086420e-02
28330: 1.926154e+00 1.606154e+00 1.569231e+00 6.892308e-01 1.784615e-01 3.076923e-02
28330: 1.929448e+00 1.607362e+00 1.567485e+00 6.871166e-01 1.779141e-01 3.067485e-02
28330: 1.929664e+00 1.608563e+00 1.568807e+00 6.850153e-01 1.773700e-01 3.058104e-02
28330: 1.926829e+00 1.609756e+00 1.570122e+00 6.859756e-01 1.768293e-01 3.048780e-02
28330: 1.930091e+00 1.607903e+00 1.565350e+00 6.899696e-01 1.762918e-01 3.039514e-02
28330: 1.927273e+00 1.609091e+00 1.566667e+00 6.878788e-01 1.757576e-01 3.333333e-02
28330: 1.927492e+00 1.607251e+00 1.567976e+00 6.888218e-01 1.752266e-01 3.323263e-02
28330: 1.927711e+00 1.608434e+00 1.566265e+00 6.867470e-01 1.777108e-01 3.313253e-02
28330: 1.927928e+00 1.609610e+00 1.567568e+00 6.846847e-01 1.771772e-01 3.303303e-02
28330: 1.928144e+00 1.604790e+00 1.568862e+00 6.886228e-01 1.766467e-01 3.293413e-02
28330: 1.925373e+00 1.611940e+00 1.567164e+00 6.865672e-01 1.761194e-01 3.283582e-02
28330: 1.928571e+00 1.610119e+00 1.568452e+00 6.845238e-01 1.755952e-01 3.273810e-02
28330: 1.925816e+00 1.611276e+00 1.569733e+00 6.854599e-01 1.750742e-01 3.264095e-02
28330: 1.923077e+00 1.612426e+00 1.573964e+00 6.834320e-01 1.745562e-01 3.254438e-02
28330: 1.923304e+00 1.616519e+00 1.569322e+00 6.843658e-01 1.740413e-01 3.244838e-02
28330: 1.923529e+00 1.617647e+00 1.570588e+00 6.823529e-01 1.735294e-01 3.235294e-02
28330: 1.923754e+00 1.615836e+00 1.565982e+00 6.862170e-01 1.759531e-01 3.225806e-02
28330: 1.921053e+00 1.619883e+00 1.564327e+00 6.842105e-01 1.783626e-01 3.216374e-02
28330: 1.921283e+00 1.620991e+00 1.562682e+00 6.822157e-01 1.807580e-01 3.206997e-02
28330: 1.918605e+00 1.619186e+00 1.569767e+00 6.802326e-01 1.802326e-01 3.197674e-02
28330: 1.924638e+00 1.617391e+00 1.568116e+00 6.782609e-01 1.797101e-01 3.188406e-02
28330: 1.921965e+00 1.618497e+00 1.572254e+00 6.763006e-01 1.791908e-01 3.179191e-02
28330: 1.922190e+00 1.619597e+00 1.567723e+00 6.801153e-01 1.786744e-01 3.170029e-02
28330: 1.922414e+00 1.614943e+00 1.574713e+00 6.781609e-01 1.781609e-01 3.160920e-02
28330: 1.919771e+00 1.616046e+00 1.575931e+00 6.790831e-01 1.776504e-01 3.151862e-02
28330: 1.917143e+00 1.617143e+00 1.574286e+00 6.828571e-01 1.771429e-01 3.142857e-02
28330: 1.920228e+00 1.615385e+00 1.572650e+00 6.837607e-01 1.766382e-01 3.133903e-02
28330: 1.917614e+00 1.622159e+00 1.568182e+00 6.846591e-01 1.761364e-01 3.125000e-02
28330: 1.920680e+00 1.620397e+00 1.569405e+00 6.827195e-01 1.756374e-01 3.116147e-02
28330: 1.920904e+00 1.621469e+00 1.570621e+00 6.807910e-01 1.751412e-01 3.107345e-02
28330: 1.921127e+00 1.622535e+00 1.566197e+00 6.845070e-01 1.746479e-01 3.098592e-02
28330: 1.921348e+00 1.617978e+00 1.573034e+00 6.825843e-01 1.741573e-01 3.089888e-02
28330: 1.918768e+00 1.616246e+00 1.574230e+00 6.834734e-01 1.764706e-01 3.081232e-02
28330: 1.916201e+00 1.614525e+00 1.578212e+00 6.843575e-01 1.759777e-01 3.072626e-02
28330: 1.916435e+00 1.618384e+00 1.573816e+00 6.852368e-01 1.754875e-01 3.064067e-02
28330: 1.916667e+00 1.616667e+00 1.575000e+00 6.861111e-01 1.750000e-01 3.055556e-02
28330: 1.916898e+00 1.614958e+00 1.576177e+00 6.869806e-01 1.745152e-01 3.047091e-02
28330: 1.914365e+00 1.613260e+00 1.580110e+00 6.878453e-01 1.740331e-01 3.038674e-02
28330: 1.914601e+00 1.608815e+00 1.581267e+00 6.887052e-01 1.763085e-01 3.030303e-02
28330: 1.912088e+00 1.612637e+00 1.579670e+00 6.895604e-01 1.758242e-01 3.021978e-02
28330: 1.912329e+00 1.613699e+00 1.575342e+00 6.931507e-01 1.753425e-01 3.013699e-02
28330: 1.909836e+00 1.612022e+00 1.576503e+00 6.939891e-01 1.775956e-01 3.005464e-02
28330: 1.912807e+00 1.607629e+00 1.574932e+00 6.975477e-01 1.771117e-01 2.997275e-02
28330: 1.913043e+00 1.605978e+00 1.573370e+00 7.010870e-01 1.766304e-01 2.989130e-02
28330: 1.913279e+00 1.607046e+00 1.569106e+00 7.018970e-01 1.788618e-01 2.981030e-02
28330: 1.910811e+00 1.605405e+00 1.572973e+00 7.027027e-01 1.783784e-01 2.972973e-02
28330: 1.911051e+00 1.603774e+00 1.568733e+00 7.061995e-01 1.805930e-01 2.964960e-02
28330: 1.908602e+00 1.604839e+00 1.567204e+00 7.096774e-01 1.801075e-01 2.956989e-02
28330: 1.908847e+00 1.605898e+00 1.568365e+00 7.077748e-01 1.796247e-01 2.949062e-02
28330: 1.906417e+00 1.606952e+00 1.569519e+00 7.085561e-01 1.791444e-01 2.941176e-02
28330: 1.904000e+00 1.605333e+00 1.573333e+00 7.066667e-01 1.813333e-01 2.933333e-02
28330: 1.906915e+00 1.603723e+00 1.571809e+00 7.074468e-01 1.808511e-01 2.925532e-02
28330: 1.907162e+00 1.604775e+00 1.570292e+00 7.082228e-01 1.803714e-01 2.917772e-02
28330: 1.904762e+00 1.605820e+00 1.571429e+00 7.089947e-01 1.798942e-01 2.910053e-02
28330: 1.907652e+00 1.606860e+00 1.567282e+00 7.097625e-01 1.794195e-01 2.902375e-02
28330: 1.907895e+00 1.605263e+00 1.571053e+00 7.078947e-01 1.789474e-01 2.894737e-02
28330: 1.910761e+00 1.603675e+00 1.569554e+00 7.086614e-01 1.784777e-01 2.887139e-02
28330: 1.908377e+00 1.604712e+00 1.570681e+00 7.068063e-01 1.806283e-01 2.879581e-02
28330: 1.908616e+00 1.605744e+00 1.569191e+00 7.075718e-01 1.801567e-01 2.872063e-02
28330: 1.908854e+00 1.606771e+00 1.570312e+00 7.057292e-01 1.796875e-01 2.864583e-02
28330: 1.909091e+00 1.605195e+00 1.566234e+00 7.116883e-01 1.792208e-01 2.857143e-02
28330: 1.909326e+00 1.606218e+00 1.567358e+00 7.098446e-01 1.787565e-01 2.849741e-02
28330: 1.912145e+00 1.604651e+00 1.565891e+00 7.105943e-01 1.782946e-01 2.842377e-02
28330: 1.909794e+00 1.610825e+00 1.564433e+00 7.087629e-01 1.778351e-01 2.835052e-02
28330: 1.910026e+00 1.609254e+00 1.568123e+00 7.069409e-01 1.773779e-01 2.827763e-02
28330: 1.907692e+00 1.612821e+00 1.566667e+00 7.051282e-01 1.794872e-01 2.820513e-02
28330: 1.907928e+00 1.613811e+00 1.565217e+00 7.033248e-01 1.815857e-01 2.813299e-02
28330: 1.905612e+00 1.612245e+00 1.568878e+00 7.040816e-01 1.811224e-01 2.806122e-02
28330: 1.908397e+00 1.613232e+00 1.567430e+00 7.022901e-01 1.806616e-01 2.798982e-02
28330: 1.908629e+00 1.611675e+00 1.568528e+00 7.005076e-01 1.827411e-01 2.791878e-02
28330: 1.906329e+00 1.615190e+00 1.567089e+00 6.987342e-01 1.848101e-01 2.784810e-02
28330: 1.906566e+00 1.616162e+00 1.568182e+00 6.969697e-01 1.843434e-01 2.777778e-02
28330: 1.904282e+00 1.619647e+00 1.566751e+00 6.977330e-01 1.838791e-01 2.770781e-02
28330: 1.904523e+00 1.618090e+00 1.567839e+00 6.959799e-01 1.859296e-01 2.763819e-02
28330: 1.907268e+00 1.619048e+00 1.566416e+00 6.942356e-01 1.854637e-01 2.756892e-02
28330: 1.905000e+00 1.615000e+00 1.570000e+00 6.925000e-01 1.900000e-01 2.750000e-02
28330: 1.905237e+00 1.615960e+00 1.568579e+00 6.932668e-01 1.895262e-01 2.743142e-02
28330: 1.902985e+00 1.614428e+00 1.574627e+00 6.915423e-01 1.890547e-01 2.736318e-02
28330: 1.903226e+00 1.612903e+00 1.573201e+00 6.947891e-01 1.885856e-01 2.729529e-02
28330: 1.900990e+00 1.613861e+00 1.571782e+00 6.980198e-01 1.881188e-01 2.722772e-02
28330: 1.903704e+00 1.614815e+00 1.567901e+00 6.987654e-01 1.876543e-01 2.716049e-02
28330: 1.901478e+00 1.613300e+00 1.573892e+00 6.970443e-01 1.871921e-01 2.709360e-02
28330: 1.904177e+00 1.611794e+00 1.572482e+00 6.977887e-01 1.867322e-01 2.702703e-02
28330: 1.901961e+00 1.617647e+00 1.568627e+00 6.985294e-01 1.862745e-01 2.696078e-02
28330: 1.902200e+00 1.616137e+00 1.567237e+00 6.992665e-01 1.882641e-01 2.689487e-02
28330: 1.900000e+00 1.617073e+00 1.565854e+00 7.000000e-01 1.902439e-01 2.682927e-02
28330: 1.900243e+00 1.620438e+00 1.564477e+00 6.982968e-01 1.897810e-01 2.676399e-02
28330: 1.898058e+00 1.616505e+00 1.567961e+00 6.990291e-01 1.917476e-01 2.669903e-02
28330: 1.898305e+00 1.617433e+00 1.569007e+00 6.973366e-01 1.912833e-01 2.663438e-02
28330: 1.898551e+00 1.615942e+00 1.567633e+00 7.004831e-01 1.908213e-01 2.657005e-02
28330: 1.896386e+00 1.616867e+00 1.568675e+00 7.012048e-01 1.903614e-01 2.650602e-02
28330: 1.899038e+00 1.615385e+00 1.569712e+00 6.995192e-01 1.899038e-01 2.644231e-02
28330: 1.896882e+00 1.616307e+00 1.570743e+00 7.002398e-01 1.894484e-01 2.637890e-02
28330: 1.894737e+00 1.614833e+00 1.574163e+00 7.009569e-01 1.889952e-01 2.631579e-02
28330: 1.894988e+00 1.613365e+00 1.572792e+00 7.016706e-01 1.909308e-01 2.625298e-02
28330: 1.895238e+00 1.616667e+00 1.569048e+00 7.023810e-01 1.904762e-01 2.619048e-02
28330: 1.893112e+00 1.612827e+00 1.577197e+00 7.007126e-01 1.900238e-01 2.612827e-02
28330: 1.893365e+00 1.611374e+00 1.575829e+00 7.014218e-01 1.919431e-01 2.606635e-02
28330: 1.891253e+00 1.617021e+00 1.572104e+00 7.021277e-01 1.914894e-01 2.600473e-02
28330: 1.893868e+00 1.617925e+00 1.568396e+00 7.028302e-01 1.910377e-01 2.594340e-02
28330: 1.891765e+00 1.618824e+00 1.571765e+00 7.011765e-01 1.905882e-01 2.588235e-02
28330: 1.892019e+00 1.619718e+00 1.568075e+00 7.042254e-01 1.901408e-01 2.582160e-02
28330: 1.892272e+00 1.620609e+00 1.569087e+00 7.025761e-01 1.896956e-01 2.576112e-02
28330: 1.890187e+00 1.619159e+00 1.570093e+00 7.032710e-01 1.915888e-01 2.570093e-02
28330: 1.895105e+00 1.617716e+00 1.566434e+00 7.039627e-01 1.911422e-01 2.564103e-02
28330: 1.897674e+00 1.618605e+00 1.565116e+00 7.023256e-01 1.906977e-01 2.558140e-02
28330: 1.895592e+00 1.619490e+00 1.566125e+00 7.030162e-01 1.902552e-01 2.552204e-02
28330: 1.895833e+00 1.618056e+00 1.567130e+00 7.037037e-01 1.898148e-01 2.546296e-02
28330: 1.893764e+00 1.618938e+00 1.568129e+00 7.020785e-01 1.916859e-01 2.540416e-02
28330: 1.894009e+00 1.617512e+00 1.571429e+00 7.004608e-01 1.912442e-01 2.534562e-02
28330: 1.894253e+00 1.618391e+00 1.567816e+00 7.011494e-01 1.931034e-01 2.528736e-02
28330: 1.896789e+00 1.616972e+00 1.568807e+00 6.995413e-01 1.926606e-01 2.522936e-02
28330: 1.894737e+00 1.622426e+00 1.567506e+00 6.979405e-01 1.922197e-01 2.517162e-02
28330: 1.892694e+00 1.625571e+00 1.566210e+00 6.963470e-01 1.940639e-01 2.511416e-02
28330: 1.892938e+00 1.626424e+00 1.564920e+00 6.970387e-01 1.936219e-01 2.505695e-02
28330: 1.893182e+00 1.627273e+00 1.565909e+00 6.954545e-01 1.931818e-01 2.500000e-02
28330: 1.891156e+00 1.625850e+00 1.564626e+00 7.006803e-01 1.927438e-01 2.494331e-02
28330: 1.889140e+00 1.626697e+00 1.567873e+00 6.990950e-01 1.923077e-01 2.488688e-02
28330: 1.889391e+00 1.625282e+00 1.566591e+00 7.020316e-01 1.918736e-01 2.483070e-02
28330: 1.887387e+00 1.630631e+00 1.565315e+00 7.004505e-01 1.914414e-01 2.477477e-02
28330: 1.887640e+00 1.629213e+00 1.564045e+00 7.011236e-01 1.932584e-01 2.471910e-02
28330: 1.887892e+00 1.630045e+00 1.565022e+00 6.995516e-01 1.928251e-01 2.466368e-02
28330: 1.888143e+00 1.626398e+00 1.568233e+00 7.002237e-01 1.923937e-01 2.460850e-02
28330: 1.886161e+00 1.627232e+00 1.569196e+00 6.986607e-01 1.919643e-01 2.678571e-02
28330: 1.884187e+00 1.625835e+00 1.570156e+00 6.993318e-01 1.937639e-01 2.672606e-02
28330: 1.888889e+00 1.624444e+00 1.566667e+00 7.000000e-01 1.933333e-01 2.666667e-02
28330: 1.891353e+00 1.623060e+00 1.567627e+00 6.984479e-01 1.929047e-01 2.660754e-02
28330: 1.889381e+00 1.626106e+00 1.566372e+00 6.969027e-01 1.946903e-01 2.654867e-02
28330: 1.887417e+00 1.626932e+00 1.567329e+00 6.975717e-01 1.942605e-01 2.649007e-02
28330: 1.892070e+00 1.625551e+00 1.566079e+00 6.960352e-01 1.938326e-01 2.643172e-02
28330: 1.894505e+00 1.626374e+00 1.564835e+00 6.945055e-01 1.934066e-01 2.637363e-02
28330: 1.892544e+00 1.629386e+00 1.565789e+00 6.929825e-01 1.929825e-01 2.631579e-02
28330: 1.892779e+00 1.632385e+00 1.564551e+00 6.914661e-01 1.925602e-01 2.625821e-02
28330: 1.890830e+00 1.633188e+00 1.567686e+00 6.899563e-01 1.921397e-01 2.620087e-02
28330: 1.891068e+00 1.631808e+00 1.568627e+00 6.906318e-01 1.917211e-01 2.614379e-02
28330: 1.891304e+00 1.632609e+00 1.569565e+00 6.891304e-01 1.913043e-01 2.608696e-02
28330: 1.891540e+00 1.629067e+00 1.570499e+00 6.919740e-01 1.908894e-01 2.603037e-02
28330: 1.889610e+00 1.632035e+00 1.567100e+00 6.926407e-01 1.926407e-01 2.597403e-02
28330: 1.892009e+00 1.630670e+00 1.565875e+00 6.933045e-01 1.922246e-01 2.591793e-02
28330: 1.892241e+00 1.631466e+00 1.566810e+00 6.918103e-01 1.918103e-01 2.586207e-02
28330: 1.890323e+00 1.634409e+00 1.565591e+00 6.924731e-01 1.913978e-01 2.580645e-02
28330: 1.892704e+00 1.633047e+00 1.564378e+00 6.909871e-01 1.909871e-01 2.789700e-02
28330: 1.890792e+00 1.631692e+00 1.567452e+00 6.895075e-01 1.927195e-01 2.783726e-02
28330: 1.888889e+00 1.636752e+00 1.566239e+00 6.880342e-01 1.923077e-01 2.777778e-02
28330: 1.889126e+00 1.639659e+00 1.565032e+00 6.865672e-01 1.918977e-01 2.771855e-02
28330: 1.887234e+00 1.638298e+00 1.568085e+00 6.851064e-01 1.936170e-01 2.765957e-02
28330: 1.887473e+00 1.636943e+00 1.569002e+00 6.857749e-01 1.932059e-01 2.760085e-02
28330: 1.885593e+00 1.639831e+00 1.569915e+00 6.843220e-01 1.927966e-01 2.754237e-02
28330: 1.885835e+00 1.638478e+00 1.572939e+00 6.828753e-01 1.923890e-01 2.748414e-02
28330: 1.883966e+00 1.639241e+00 1.573840e+00 6.835443e-01 1.919831e-01 2.742616e-02
28330: 1.882105e+00 1.635789e+00 1.578947e+00 6.842105e-01 1.915789e-01 2.736842e-02
28330: 1.882353e+00 1.634454e+00 1.577731e+00 6.848739e-01 1.932773e-01 2.731092e-02
28330: 1.882600e+00 1.635220e+00 1.576520e+00 6.855346e-01 1.928721e-01 2.725367e-02
28330: 1.880753e+00 1.635983e+00 1.577406e+00 6.861925e-01 1.924686e-01 2.719665e-02
28330: 1.881002e+00 1.638831e+00 1.574113e+00 6.868476e-01 1.920668e-01 2.713987e-02
28330: 1.881250e+00 1.639583e+00 1.572917e+00 6.875000e-01 1.916667e-01 2.708333e-02
28330: 1.883576e+00 1.638254e+00 1.571726e+00 6.881497e-01 1.912682e-01 2.702703e-02
28330: 1.883817e+00 1.639004e+00 1.570539e+00 6.887967e-01 1.908714e-01 2.697095e-02
28330: 1.884058e+00 1.637681e+00 1.569358e+00 6.915114e-01 1.904762e-01 2.691511e-02
28330: 1.884298e+00 1.640496e+00 1.568182e+00 6.900826e-01 1.900826e-01 2.685950e-02
28330: 1.882474e+00 1.639175e+00 1.573196e+00 6.886598e-01 1.896907e-01 2.680412e-02
28330: 1.884774e+00 1.637860e+00 1.572016e+00 6.893004e-01 1.893004e-01 2.674897e-02
28330: 1.885010e+00 1.638604e+00 1.568789e+00 6.899384e-01 1.909651e-01 2.669405e-02
28330: 1.883197e+00 1.637295e+00 1.569672e+00 6.926230e-01 1.905738e-01 2.663934e-02
28330: 1.885481e+00 1.638037e+00 1.568507e+00 6.912065e-01 1.901840e-01 2.658487e-02
28330: 1.883673e+00 1.636735e+00 1.569388e+00 6.938776e-01 1.897959e-01 2.653061e-02
28330: 1.883910e+00 1.639511e+00 1.568228e+00 6.924644e-01 1.894094e-01 2.647658e-02
28330: 1.882114e+00 1.638211e+00 1.571138e+00 6.910569e-01 1.910569e-01 2.642276e-02
28330: 1.884381e+00 1.634888e+00 1.569980e+00 6.916836e-01 1.926978e-01 2.636917e-02
28330: 1.886640e+00 1.633603e+00 1.570850e+00 6.902834e-01 1.923077e-01 2.631579e-02
28330: 1.884848e+00 1.634343e+00 1.567677e+00 6.929293e-01 1.939394e-01 2.626263e-02
28330: 1.887097e+00 1.631048e+00 1.570565e+00 6.915323e-01 1.935484e-01 2.620968e-02
28330: 1.885312e+00 1.633803e+00 1.567404e+00 6.921529e-01 1.951710e-01 2.615694e-02
28330: 1.885542e+00 1.634538e+00 1.566265e+00 6.927711e-01 1.947791e-01 2.610442e-02
28330: 1.885772e+00 1.633267e+00 1.567134e+00 6.933868e-01 1.943888e-01 2.605210e-02
28330: 1.886000e+00 1.634000e+00 1.568000e+00 6.920000e-01 1.940000e-01 2.600000e-02
28330: 1.884232e+00 1.632735e+00 1.570858e+00 6.926148e-01 1.936128e-01 2.594810e-02
28330: 1.886454e+00 1.631474e+00 1.567729e+00 6.952191e-01 1.932271e-01 2.589641e-02
28330: 1.886680e+00 1.632207e+00 1.566600e+00 6.938370e-01 1.928429e-01 2.783300e-02
28330: 1.886905e+00 1.632937e+00 1.567460e+00 6.924603e-01 1.924603e-01 2.777778e-02
28330: 1.885149e+00 1.633663e+00 1.566337e+00 6.930693e-01 1.940594e-01 2.772277e-02
28330: 1.887352e+00 1.630435e+00 1.567194e+00 6.916996e-01 1.936759e-01 2.964427e-02
28330: 1.885602e+00 1.635108e+00 1.566075e+00 6.903353e-01 1.932939e-01 2.958580e-02
28330: 1.887795e+00 1.633858e+00 1.566929e+00 6.889764e-01 1.929134e-01 2.952756e-02
28330: 1.886051e+00 1.634578e+00 1.565815e+00 6.915521e-01 1.925344e-01 2.946955e-02
28330: 1.884314e+00 1.635294e+00 1.568627e+00 6.901961e-01 1.921569e-01 2.941176e-02
28330: 1.884540e+00 1.636008e+00 1.567515e+00 6.888454e-01 1.937378e-01 2.935421e-02
28330: 1.882812e+00 1.634766e+00 1.572266e+00 6.875000e-01 1.933594e-01 2.929688e-02
28330: 1.884990e+00 1.633528e+00 1.571150e+00 6.881092e-01 1.929825e-01 2.923977e-02
28330: 1.885214e+00 1.634241e+00 1.570039e+00 6.887160e-01 1.926070e-01 2.918288e-02
28330: 1.883495e+00 1.634951e+00 1.568932e+00 6.893204e-01 1.941748e-01 2.912621e-02
28330: 1.883721e+00 1.631783e+00 1.573643e+00 6.879845e-01 1.937984e-01 2.906977e-02
28330: 1.882012e+00 1.632495e+00 1.570600e+00 6.924565e-01 1.934236e-01 2.901354e-02
28330: 1.880309e+00 1.635135e+00 1.569498e+00 6.930502e-01 1.930502e-01 2.895753e-02
28330: 1.880539e+00 1.635838e+00 1.568401e+00 6.917148e-01 1.926782e-01 3.082852e-02
28330: 1.878846e+00 1.634615e+00 1.569231e+00 6.903846e-01 1.961538e-01 3.076923e-02
28330: 1.879079e+00 1.635317e+00 1.570058e+00 6.890595e-01 1.957774e-01 3.071017e-02
28330: 1.879310e+00 1.634100e+00 1.568966e+00 6.915709e-01 1.954023e-01 3.065134e-02
28330: 1.879541e+00 1.636711e+00 1.567878e+00 6.902486e-01 1.950287e-01 3.059273e-02
28330: 1.879771e+00 1.635496e+00 1.568702e+00 6.889313e-01 1.965649e-01 3.053435e-02
28330: 1.878095e+00 1.636190e+00 1.569524e+00 6.895238e-01 1.961905e-01 3.047619e-02
28330: 1.882129e+00 1.634981e+00 1.568441e+00 6.882129e-01 1.958175e-01 3.041825e-02
28330: 1.882353e+00 1.635674e+00 1.569260e+00 6.869070e-01 1.954459e-01 3.036053e-02
28330: 1.882576e+00 1.636364e+00 1.568182e+00 6.875000e-01 1.950758e-01 3.030303e-02
28330: 1.880907e+00 1.635161e+00 1.572779e+00 6.862004e-01 1.947070e-01 3.024575e-02
28330: 1.881132e+00 1.633962e+00 1.571698e+00 6.867925e-01 1.962264e-01 3.018868e-02
28330: 1.881356e+00 1.636535e+00 1.568738e+00 6.873823e-01 1.958569e-01 3.013183e-02
28330: 1.881579e+00 1.635338e+00 1.569549e+00 6.879699e-01 1.954887e-01 3.007519e-02
28330: 1.883677e+00 1.636023e+00 1.568480e+00 6.866792e-01 1.951220e-01 3.001876e-02
28330: 1.883895e+00 1.634831e+00 1.569288e+00 6.872659e-01 1.947566e-01 2.996255e-02
28330: 1.882243e+00 1.633645e+00 1.571963e+00 6.878505e-01 1.943925e-01 2.990654e-02
28330: 1.886194e+00 1.632463e+00 1.569030e+00 6.884328e-01 1.940299e-01 2.985075e-02
28330: 1.888268e+00 1.631285e+00 1.569832e+00 6.871508e-01 1.936685e-01 2.979516e-02
28330: 1.886617e+00 1.631970e+00 1.570632e+00 6.858736e-01 1.951673e-01 2.973978e-02
28330: 1.884972e+00 1.632653e+00 1.567718e+00 6.883117e-01 1.966605e-01 2.968460e-02
28330: 1.887037e+00 1.631481e+00 1.566667e+00 6.888889e-01 1.962963e-01 2.962963e-02
28330: 1.885397e+00 1.632163e+00 1.567468e+00 6.894640e-01 1.959335e-01 2.957486e-02
28330: 1.885609e+00 1.630996e+00 1.566421e+00 6.918819e-01 1.955720e-01 2.952030e-02
28330: 1.883978e+00 1.633517e+00 1.567219e+00 6.906077e-01 1.952118e-01 2.946593e-02
28330: 1.886029e+00 1.632353e+00 1.566176e+00 6.911765e-01 1.948529e-01 2.941176e-02
28330: 1.884404e+00 1.634862e+00 1.566972e+00 6.899083e-01 1.944954e-01 2.935780e-02
28330: 1.884615e+00 1.633700e+00 1.565934e+00 6.923077e-01 1.941392e-01 2.930403e-02
28330: 1.884826e+00 1.636197e+00 1.564899e+00 6.910420e-01 1.937843e-01 2.925046e-02
28330: 1.883212e+00 1.636861e+00 1.565693e+00 6.916058e-01 1.934307e-01 2.919708e-02
28330: 1.883424e+00 1.635701e+00 1.568306e+00 6.903461e-01 1.930783e-01 2.914390e-02
28330: 1.881818e+00 1.638182e+00 1.569091e+00 6.890909e-01 1.927273e-01 2.909091e-02
28330: 1.882033e+00 1.637024e+00 1.569873e+00 6.896552e-01 1.923775e-01 2.903811e-02
28330: 1.880435e+00 1.637681e+00 1.572464e+00 6.884058e-01 1.920290e-01 2.898551e-02
28330: 1.878843e+00 1.636528e+00 1.575045e+00 6.889693e-01 1.916817e-01 2.893309e-02
28330: 1.879061e+00 1.637184e+00 1.572202e+00 6.913357e-01 1.913357e-01 2.888087e-02
28330: 1.877477e+00 1.636036e+00 1.574775e+00 6.918919e-01 1.909910e-01 2.882883e-02
28330: 1.877698e+00 1.634892e+00 1.573741e+00 6.924460e-01 1.924460e-01 2.877698e-02
28330: 1.876122e+00 1.637343e+00 1.572711e+00 6.929982e-01 1.921005e-01 2.872531e-02
28330: 1.878136e+00 1.637993e+00 1.569892e+00 6.935484e-01 1.917563e-01 2.867384e-02
28330: 1.878354e+00 1.638640e+00 1.570662e+00 6.923077e-01 1.914132e-01 2.862254e-02
28330: 1.878571e+00 1.639286e+00 1.567857e+00 6.946429e-01 1.910714e-01 2.857143e-02
28330: 1.878788e+00 1.639929e+00 1.568627e+00 6.934046e-01 1.907308e-01 2.852050e-02
28330: 1.879004e+00 1.638790e+00 1.569395e+00 6.939502e-01 1.903915e-01 2.846975e-02
28330: 1.877442e+00 1.641208e+00 1.568384e+00 6.944938e-01 1.900533e-01 2.841918e-02
28330: 1.879433e+00 1.641844e+00 1.567376e+00 6.932624e-01 1.897163e-01 2.836879e-02
28330: 1.879646e+00 1.640708e+00 1.569912e+00 6.920354e-01 1.893805e-01 2.831858e-02
28330: 1.879859e+00 1.641343e+00 1.568905e+00 6.925795e-01 1.890459e-01 2.826855e-02
28330: 1.880071e+00 1.641975e+00 1.569665e+00 6.913580e-01 1.887125e-01 2.821869e-02
28330: 1.880282e+00 1.640845e+00 1.570423e+00 6.919014e-01 1.883803e-01 2.816901e-02
28330: 1.882250e+00 1.641476e+00 1.567663e+00 6.924429e-01 1.880492e-01 2.811951e-02
28330: 1.882456e+00 1.640351e+00 1.568421e+00 6.929825e-01 1.877193e-01 2.807018e-02
28330: 1.882662e+00 1.642732e+00 1.567426e+00 6.917688e-01 1.873905e-01 2.802102e-02
28330: 1.881119e+00 1.641608e+00 1.571678e+00 6.905594e-01 1.870629e-01 2.797203e-02
28330: 1.883072e+00 1.640489e+00 1.568935e+00 6.910995e-01 1.884817e-01 2.792321e-02
28330: 1.885017e+00 1.641115e+00 1.567944e+00 6.898955e-01 1.881533e-01 2.787456e-02
28330: 1.885217e+00 1.640000e+00 1.570435e+00 6.886957e-01 1.878261e-01 2.782609e-02
28330: 1.883681e+00 1.642361e+00 1.569444e+00 6.892361e-01 1.875000e-01 2.777778e-02
28330: 1.883882e+00 1.642981e+00 1.568458e+00 6.880416e-01 1.889081e-01 2.772964e-02
28330: 1.882353e+00 1.641869e+00 1.572664e+00 6.868512e-01 1.885813e-01 2.768166e-02
28330: 1.882556e+00 1.644214e+00 1.569948e+00 6.873921e-01 1.882556e-01 2.763385e-02
28330: 1.882759e+00 1.644828e+00 1.570690e+00 6.862069e-01 1.879310e-01 2.758621e-02
28330: 1.882960e+00 1.645439e+00 1.567986e+00 6.884682e-01 1.876076e-01 2.753873e-02
28330: 1.881443e+00 1.642612e+00 1.572165e+00 6.872852e-01 1.890034e-01 2.749141e-02
28330: 1.879931e+00 1.643225e+00 1.572899e+00 6.878216e-01 1.886792e-01 2.744425e-02
28330: 1.881849e+00 1.643836e+00 1.570205e+00 6.883562e-01 1.883562e-01 2.739726e-02
28330: 1.883761e+00 1.642735e+00 1.569231e+00 6.888889e-01 1.880342e-01 2.735043e-02
28330: 1.882253e+00 1.645051e+00 1.568259e+00 6.894198e-01 1.877133e-01 2.730375e-02
28330: 1.885860e+00 1.643952e+00 1.567291e+00 6.882453e-01 1.873935e-01 2.725724e-02
28330: 1.886054e+00 1.646259e+00 1.566327e+00 6.870748e-01 1.870748e-01 2.721088e-02
28330: 1.887946e+00 1.645161e+00 1.567063e+00 6.859083e-01 1.867572e-01 2.716469e-02
28330: 1.886441e+00 1.647458e+00 1.566102e+00 6.864407e-01 1.864407e-01 2.711864e-02
28330: 1.888325e+00 1.648054e+00 1.565144e+00 6.852792e-01 1.861252e-01 2.707276e-02
28330: 1.886824e+00 1.646959e+00 1.567568e+00 6.841216e-01 1.875000e-01 2.702703e-02
28330: 1.885329e+00 1.644182e+00 1.573356e+00 6.829680e-01 1.871838e-01 2.698145e-02
28330: 1.885522e+00 1.641414e+00 1.574074e+00 6.835017e-01 1.885522e-01 2.693603e-02
28330: 1.884034e+00 1.642017e+00 1.571429e+00 6.857143e-01 1.899160e-01 2.689076e-02
28330: 1.884228e+00 1.642617e+00 1.568792e+00 6.862416e-01 1.912752e-01 2.684564e-02
28330: 1.884422e+00 1.641541e+00 1.571189e+00 6.850921e-01 1.909548e-01 2.680067e-02
28330: 1.884615e+00 1.642140e+00 1.568562e+00 6.872910e-01 1.906355e-01 2.675585e-02
28330: 1.884808e+00 1.641068e+00 1.569282e+00 6.861436e-01 1.919866e-01 2.671119e-02
28330: 1.883333e+00 1.641667e+00 1.568333e+00 6.866667e-01 1.916667e-01 2.833333e-02
28330: 1.885191e+00 1.640599e+00 1.567388e+00 6.871880e-01 1.913478e-01 2.828619e-02
28330: 1.883721e+00 1.642857e+00 1.568106e+00 6.860465e-01 1.910299e-01 2.823920e-02
28330: 1.883914e+00 1.643449e+00 1.568823e+00 6.849088e-01 1.907131e-01 2.819237e-02
28330: 1.882450e+00 1.644040e+00 1.567881e+00 6.870861e-01 1.903974e-01 2.814570e-02
28330: 1.884298e+00 1.642975e+00 1.566942e+00 6.876033e-01 1.900826e-01 2.809917e-02
28330: 1.884488e+00 1.645215e+00 1.566007e+00 6.864686e-01 1.897690e-01 2.805281e-02
28330: 1.884679e+00 1.642504e+00 1.568369e+00 6.853377e-01 1.911038e-01 2.800659e-02
28330: 1.883224e+00 1.643092e+00 1.569079e+00 6.858553e-01 1.907895e-01 2.796053e-02
28330: 1.883415e+00 1.642036e+00 1.571429e+00 6.847291e-01 1.904762e-01 2.791461e-02
28330: 1.881967e+00 1.644262e+00 1.570492e+00 6.852459e-01 1.901639e-01 2.786885e-02
28330: 1.882160e+00 1.644845e+00 1.569558e+00 6.857610e-01 1.898527e-01 2.782324e-02
28330: 1.882353e+00 1.645425e+00 1.570261e+00 6.846405e-01 1.895425e-01 2.777778e-02
28330: 1.882545e+00 1.644372e+00 1.569331e+00 6.867863e-01 1.892333e-01 2.773246e-02
28330: 1.882736e+00 1.644951e+00 1.570033e+00 6.856678e-01 1.889251e-01 2.768730e-02
28330: 1.884553e+00 1.642276e+00 1.569106e+00 6.878049e-01 1.886179e-01 2.764228e-02
28330: 1.883117e+00 1.644481e+00 1.568182e+00 6.866883e-01 1.899351e-01 2.759740e-02
28330: 1.881686e+00 1.645057e+00 1.570502e+00 6.855754e-01 1.896272e-01 2.755267e-02
28330: 1.883495e+00 1.644013e+00 1.569579e+00 6.860841e-01 1.893204e-01 2.750809e-02
28330: 1.883683e+00 1.646204e+00 1.568659e+00 6.849758e-01 1.890145e-01 2.746365e-02
28330: 1.882258e+00 1.645161e+00 1.570968e+00 6.838710e-01 1.903226e-01 2.741935e-02
28330: 1.882448e+00 1.645733e+00 1.568438e+00 6.843800e-01 1.916264e-01 2.737520e-02
28330: 1.882637e+00 1.646302e+00 1.569132e+00 6.832797e-01 1.913183e-01 2.733119e-02
28330: 1.881220e+00 1.645265e+00 1.571429e+00 6.837881e-01 1.910112e-01 2.728732e-02
28330: 1.881410e+00 1.647436e+00 1.568910e+00 6.842949e-01 1.907051e-01 2.724359e-02
28330: 1.880000e+00 1.646400e+00 1.571200e+00 6.848000e-01 1.904000e-01 2.720000e-02
28330: 1.880192e+00 1.645367e+00 1.570288e+00 6.869010e-01 1.900958e-01 2.715655e-02
28330: 1.880383e+00 1.647528e+00 1.567783e+00 6.874003e-01 1.897927e-01 2.711324e-02
28330: 1.878981e+00 1.649682e+00 1.568471e+00 6.863057e-01 1.894904e-01 2.707006e-02
28330: 1.880763e+00 1.648649e+00 1.569157e+00 6.852146e-01 1.891892e-01 2.702703e-02
28330: 1.880952e+00 1.649206e+00 1.568254e+00 6.857143e-01 1.888889e-01 2.698413e-02
28330: 1.879556e+00 1.649762e+00 1.570523e+00 6.846276e-01 1.885895e-01 2.694136e-02
28330: 1.881329e+00 1.648734e+00 1.569620e+00 6.851266e-01 1.882911e-01 2.689873e-02
28330: 1.881517e+00 1.649289e+00 1.570300e+00 6.840442e-01 1.879937e-01 2.685624e-02
28330: 1.880126e+00 1.648265e+00 1.570978e+00 6.861199e-01 1.876972e-01 2.681388e-02
28330: 1.880315e+00 1.647244e+00 1.571654e+00 6.866142e-01 1.874016e-01 2.677165e-02
28330: 1.878931e+00 1.647799e+00 1.569182e+00 6.886792e-01 1.886792e-01 2.672956e-02
28330: 1.879121e+00 1.646782e+00 1.571429e+00 6.875981e-01 1.883830e-01 2.668760e-02
28330: 1.879310e+00 1.647335e+00 1.570533e+00 6.880878e-01 1.880878e-01 2.664577e-02
28330: 1.877934e+00 1.647887e+00 1.571205e+00 6.885759e-01 1.877934e-01 2.660407e-02
28330: 1.879687e+00 1.648438e+00 1.568750e+00 6.890625e-01 1.875000e-01 2.656250e-02
28330: 1.878315e+00 1.645866e+00 1.572543e+00 6.879875e-01 1.887676e-01 2.652106e-02
28330: 1.878505e+00 1.644860e+00 1.571651e+00 6.900312e-01 1.884735e-01 2.647975e-02
28330: 1.877138e+00 1.645412e+00 1.570762e+00 6.905132e-01 1.881804e-01 2.799378e-02
28330: 1.878882e+00 1.644410e+00 1.568323e+00 6.925466e-01 1.878882e-01 2.795031e-02
28330: 1.877519e+00 1.646512e+00 1.567442e+00 6.930233e-01 1.875969e-01 2.790698e-02
28330: 1.877709e+00 1.647059e+00 1.566563e+00 6.919505e-01 1.888545e-01 2.786378e-02
28330: 1.879444e+00 1.644513e+00 1.568779e+00 6.908810e-01 1.885626e-01 2.782071e-02
28330: 1.879630e+00 1.645062e+00 1.569444e+00 6.898148e-01 1.882716e-01 2.777778e-02
28330: 1.879815e+00 1.644068e+00 1.570108e+00 6.902928e-01 1.879815e-01 2.773498e-02
28330: 1.878462e+00 1.644615e+00 1.569231e+00 6.923077e-01 1.876923e-01 2.769231e-02
28330: 1.878648e+00 1.645161e+00 1.568356e+00 6.927803e-01 1.874040e-01 2.764977e-02
28330: 1.877301e+00 1.645706e+00 1.570552e+00 6.917178e-01 1.871166e-01 2.760736e-02
28330: 1.877489e+00 1.647779e+00 1.568147e+00 6.921899e-01 1.868300e-01 2.756508e-02
28330: 1.876147e+00 1.648318e+00 1.570336e+00 6.911315e-01 1.865443e-01 2.752294e-02
28330: 1.876336e+00 1.648855e+00 1.567939e+00 6.916031e-01 1.862595e-01 2.900763e-02
28330: 1.876524e+00 1.647866e+00 1.570122e+00 6.905488e-01 1.859756e-01 2.896341e-02
28330: 1.875190e+00 1.648402e+00 1.569254e+00 6.925419e-01 1.856925e-01 2.891933e-02
28330: 1.876900e+00 1.648936e+00 1.568389e+00 6.914894e-01 1.854103e-01 2.887538e-02
28330: 1.875569e+00 1.647951e+00 1.572079e+00 6.904401e-01 1.851290e-01 2.883156e-02
28330: 1.877273e+00 1.646970e+00 1.569697e+00 6.924242e-01 1.848485e-01 2.878788e-02
28330: 1.875946e+00 1.647504e+00 1.570348e+00 6.913767e-01 1.845688e-01 3.025719e-02
28330: 1.876133e+00 1.649547e+00 1.567976e+00 6.918429e-01 1.842900e-01 3.021148e-02
28330: 1.874811e+00 1.648567e+00 1.570136e+00 6.907994e-01 1.855204e-01 3.016591e-02
28330: 1.875000e+00 1.649096e+00 1.569277e+00 6.912651e-01 1.852410e-01 3.012048e-02
28330: 1.873684e+00 1.649624e+00 1.569925e+00 6.902256e-01 1.864662e-01 3.007519e-02
28330: 1.873874e+00 1.650150e+00 1.570571e+00 6.891892e-01 1.861862e-01 3.003003e-02
28330: 1.872564e+00 1.650675e+00 1.568216e+00 6.911544e-01 1.874063e-01 2.998501e-02
28330: 1.872754e+00 1.651198e+00 1.568862e+00 6.901198e-01 1.871257e-01 2.994012e-02
28330: 1.871450e+00 1.651719e+00 1.568012e+00 6.920777e-01 1.868460e-01 2.989537e-02
28330: 1.873134e+00 1.650746e+00 1.568657e+00 6.910448e-01 1.865672e-01 2.985075e-02
28330: 1.873323e+00 1.652757e+00 1.567809e+00 6.900149e-01 1.862891e-01 2.980626e-02
28330: 1.873512e+00 1.651786e+00 1.568452e+00 6.889881e-01 1.875000e-01 2.976190e-02
28330: 1.872214e+00 1.652303e+00 1.570579e+00 6.879643e-01 1.872214e-01 2.971768e-02
28330: 1.872404e+00 1.654303e+00 1.568249e+00 6.884273e-01 1.869436e-01 2.967359e-02
28330: 1.872593e+00 1.653333e+00 1.568889e+00 6.888889e-01 1.866667e-01 2.962963e-02
28330: 1.871302e+00 1.653846e+00 1.569527e+00 6.893491e-01 1.863905e-01 2.958580e-02
28330: 1.871492e+00 1.651403e+00 1.571640e+00 6.898080e-01 1.861152e-01 2.954210e-02
28330: 1.871681e+00 1.653392e+00 1.569322e+00 6.902655e-01 1.858407e-01 2.949853e-02
28330: 1.873343e+00 1.652430e+00 1.569956e+00 6.892489e-01 1.855670e-01 2.945508e-02
28330: 1.872059e+00 1.654412e+00 1.570588e+00 6.882353e-01 1.852941e-01 2.941176e-02
28330: 1.873715e+00 1.654919e+00 1.568282e+00 6.886931e-01 1.850220e-01 2.936858e-02
28330: 1.872434e+00 1.652493e+00 1.570381e+00 6.906158e-01 1.847507e-01 2.932551e-02
28330: 1.874085e+00 1.651537e+00 1.568082e+00 6.910688e-01 1.859444e-01 2.928258e-02
28330: 1.872807e+00 1.653509e+00 1.567251e+00 6.900585e-01 1.871345e-01 2.923977e-02
28330: 1.872993e+00 1.652555e+00 1.567883e+00 6.890511e-01 1.868613e-01 3.065693e-02
28330: 1.873178e+00 1.653061e+00 1.568513e+00 6.880466e-01 1.865889e-01 3.061224e-02
28330: 1.873362e+00 1.650655e+00 1.569141e+00 6.885007e-01 1.877729e-01 3.056769e-02
28330: 1.873547e+00 1.651163e+00 1.569767e+00 6.875000e-01 1.875000e-01 3.052326e-02
28330: 1.873730e+00 1.651669e+00 1.568940e+00 6.879536e-01 1.872279e-01 3.047896e-02
28330: 1.872464e+00 1.652174e+00 1.571014e+00 6.869565e-01 1.869565e-01 3.043478e-02
28330: 1.874096e+00 1.649783e+00 1.570188e+00 6.874096e-01 1.866860e-01 3.183792e-02
28330: 1.874277e+00 1.650289e+00 1.569364e+00 6.878613e-01 1.864162e-01 3.179191e-02
28330: 1.874459e+00 1.649351e+00 1.569986e+00 6.883117e-01 1.861472e-01 3.174603e-02
28330: 1.873199e+00 1.651297e+00 1.570605e+00 6.873199e-01 1.858790e-01 3.170029e-02
28330: 1.874820e+00 1.650360e+00 1.568345e+00 6.877698e-01 1.870504e-01 3.165468e-02
28330: 1.875000e+00 1.650862e+00 1.567529e+00 6.882184e-01 1.867816e-01 3.160920e-02
28330: 1.873745e+00 1.651363e+00 1.568149e+00 6.872310e-01 1.879484e-01 3.156385e-02
28330: 1.872493e+00 1.651862e+00 1.567335e+00 6.891117e-01 1.876791e-01 3.151862e-02
28330: 1.872675e+00 1.652361e+00 1.567954e+00 6.881259e-01 1.874106e-01 3.147353e-02
28330: 1.871429e+00 1.651429e+00 1.567143e+00 6.914286e-01 1.871429e-01 3.142857e-02
28330: 1.871612e+00 1.650499e+00 1.567760e+00 6.918688e-01 1.868759e-01 3.138374e-02
28330: 1.871795e+00 1.650997e+00 1.566952e+00 6.923077e-01 1.866097e-01 3.133903e-02
28330: 1.871977e+00 1.651494e+00 1.567568e+00 6.913229e-01 1.863442e-01 3.129445e-02
28330: 1.872159e+00 1.650568e+00 1.566761e+00 6.917614e-01 1.875000e-01 3.125000e-02
28330: 1.870922e+00 1.652482e+00 1.565957e+00 6.921986e-01 1.872340e-01 3.120567e-02
28330: 1.872521e+00 1.651558e+00 1.565156e+00 6.926346e-01 1.869688e-01 3.116147e-02
28330: 1.871287e+00 1.652051e+00 1.564356e+00 6.944837e-01 1.867044e-01 3.111740e-02
28330: 1.870056e+00 1.653955e+00 1.564972e+00 6.935028e-01 1.864407e-01 3.107345e-02
28330: 1.870240e+00 1.653032e+00 1.564175e+00 6.953456e-01 1.861777e-01 3.102962e-02
28330: 1.869014e+00 1.654930e+00 1.563380e+00 6.957746e-01 1.859155e-01 3.098592e-02
28330: 1.869198e+00 1.655415e+00 1.562588e+00 6.947961e-01 1.870605e-01 3.094233e-02
28330: 1.867978e+00 1.654494e+00 1.564607e+00 6.952247e-01 1.867978e-01 3.089888e-02
28330: 1.866760e+00 1.653576e+00 1.566620e+00 6.956522e-01 1.865358e-01 3.085554e-02
28330: 1.869748e+00 1.652661e+00 1.565826e+00 6.946779e-01 1.862745e-01 3.081232e-02
28330: 1.868531e+00 1.654545e+00 1.566434e+00 6.937063e-01 1.860140e-01 3.076923e-02
28330: 1.868715e+00 1.653631e+00 1.567039e+00 6.927374e-01 1.857542e-01 3.212291e-02
28330: 1.867503e+00 1.654114e+00 1.566248e+00 6.931660e-01 1.868898e-01 3.207810e-02
28330: 1.867688e+00 1.653203e+00 1.565460e+00 6.935933e-01 1.866295e-01 3.342618e-02
28330: 1.866481e+00 1.655076e+00 1.566064e+00 6.926287e-01 1.863700e-01 3.337969e-02
28330: 1.869444e+00 1.654167e+00 1.565278e+00 6.916667e-01 1.861111e-01 3.333333e-02
28330: 1.868239e+00 1.654646e+00 1.567268e+00 6.907074e-01 1.858530e-01 3.328710e-02
28330: 1.868421e+00 1.655125e+00 1.566482e+00 6.911357e-01 1.855956e-01 3.324100e-02
28330: 1.867220e+00 1.654219e+00 1.568465e+00 6.901798e-01 1.867220e-01 3.319502e-02
28330: 1.867403e+00 1.654696e+00 1.569061e+00 6.892265e-01 1.864641e-01 3.314917e-02
28330: 1.867586e+00 1.655172e+00 1.568276e+00 6.896552e-01 1.862069e-01 3.310345e-02
28330: 1.867769e+00 1.654270e+00 1.570248e+00 6.887052e-01 1.859504e-01 3.305785e-02
28330: 1.866575e+00 1.654746e+00 1.569464e+00 6.891334e-01 1.870702e-01 3.301238e-02
28330: 1.866758e+00 1.655220e+00 1.570055e+00 6.881868e-01 1.868132e-01 3.296703e-02
28330: 1.868313e+00 1.654321e+00 1.567901e+00 6.899863e-01 1.865569e-01 3.292181e-02
28330: 1.867123e+00 1.654795e+00 1.567123e+00 6.904110e-01 1.876712e-01 3.287671e-02
28330: 1.868673e+00 1.655267e+00 1.566347e+00 6.894665e-01 1.874145e-01 3.283174e-02
28330: 1.868852e+00 1.654372e+00 1.568306e+00 6.885246e-01 1.871585e-01 3.278689e-02
28330: 1.867667e+00 1.654843e+00 1.570259e+00 6.875853e-01 1.869031e-01 3.274216e-02
28330: 1.867847e+00 1.652589e+00 1.570845e+00 6.880109e-01 1.880109e-01 3.269755e-02
28330: 1.866667e+00 1.653061e+00 1.568707e+00 6.897959e-01 1.891156e-01 3.265306e-02
28330: 1.866848e+00 1.652174e+00 1.570652e+00 6.888587e-01 1.888587e-01 3.260870e-02
28330: 1.867028e+00 1.652646e+00 1.569878e+00 6.892809e-01 1.886024e-01 3.256445e-02
28330: 1.867209e+00 1.650407e+00 1.571816e+00 6.897019e-01 1.883469e-01 3.252033e-02
28330: 1.866035e+00 1.650880e+00 1.571042e+00 6.914750e-01 1.880920e-01 3.247632e-02
28330: 1.866216e+00 1.650000e+00 1.570270e+00 6.918919e-01 1.891892e-01 3.243243e-02
28330: 1.865047e+00 1.650472e+00 1.570850e+00 6.923077e-01 1.889339e-01 3.238866e-02
28330: 1.866577e+00 1.649596e+00 1.570081e+00 6.927224e-01 1.886792e-01 3.234501e-02
28330: 1.865410e+00 1.648721e+00 1.570659e+00 6.944818e-01 1.884253e-01 3.230148e-02
28330: 1.865591e+00 1.647849e+00 1.571237e+00 6.948925e-01 1.881720e-01 3.225806e-02
28330: 1.865772e+00 1.648322e+00 1.570470e+00 6.953020e-01 1.879195e-01 3.221477e-02
28330: 1.864611e+00 1.648794e+00 1.571046e+00 6.957105e-01 1.876676e-01 3.217158e-02
28330: 1.864793e+00 1.649264e+00 1.570281e+00 6.961178e-01 1.874163e-01 3.212851e-02
28330: 1.863636e+00 1.647059e+00 1.570856e+00 6.991979e-01 1.871658e-01 3.208556e-02
28330: 1.865154e+00 1.646195e+00 1.570093e+00 6.995995e-01 1.869159e-01 3.204272e-02
28330: 1.864000e+00 1.646667e+00 1.570667e+00 7.000000e-01 1.866667e-01 3.200000e-02
28330: 1.864181e+00 1.647137e+00 1.568575e+00 7.017310e-01 1.864181e-01 3.195739e-02
28330: 1.864362e+00 1.647606e+00 1.569149e+00 7.007979e-01 1.861702e-01 3.191489e-02
28330: 1.863214e+00 1.648074e+00 1.569721e+00 7.011952e-01 1.859230e-01 3.187251e-02
28330: 1.863395e+00 1.648541e+00 1.570292e+00 7.002653e-01 1.856764e-01 3.183024e-02
28330: 1.862252e+00 1.649007e+00 1.569536e+00 7.019868e-01 1.854305e-01 3.178808e-02
28330: 1.862434e+00 1.650794e+00 1.568783e+00 7.010582e-01 1.851852e-01 3.174603e-02
28330: 1.861295e+00 1.649934e+00 1.571995e+00 7.001321e-01 1.849406e-01 3.170410e-02
28330: 1.862797e+00 1.650396e+00 1.569921e+00 7.005277e-01 1.846966e-01 3.166227e-02
28330: 1.861660e+00 1.649539e+00 1.573123e+00 6.996047e-01 1.844532e-01 3.162055e-02
28330: 1.861842e+00 1.648684e+00 1.572368e+00 7.013158e-01 1.842105e-01 3.157895e-02
28330: 1.862024e+00 1.649146e+00 1.571616e+00 7.017083e-01 1.839685e-01 3.153745e-02
28330: 1.863517e+00 1.648294e+00 1.570866e+00 7.020997e-01 1.837270e-01 3.149606e-02
28330: 1.863696e+00 1.648755e+00 1.570118e+00 7.024902e-01 1.834862e-01 3.145478e-02
28330: 1.862565e+00 1.646597e+00 1.573298e+00 7.028796e-01 1.832461e-01 3.141361e-02
28330: 1.861438e+00 1.647059e+00 1.573856e+00 7.032680e-01 1.830065e-01 3.137255e-02
28330: 1.861619e+00 1.644909e+00 1.574413e+00 7.049608e-01 1.827676e-01 3.133159e-02
28330: 1.860495e+00 1.645372e+00 1.572360e+00 7.053455e-01 1.851369e-01 3.129074e-02
28330: 1.860677e+00 1.645833e+00 1.571615e+00 7.057292e-01 1.848958e-01 3.125000e-02
28330: 1.860858e+00 1.646294e+00 1.570871e+00 7.061118e-01 1.846554e-01 3.120936e-02
28330: 1.859740e+00 1.645455e+00 1.570130e+00 7.064935e-01 1.870130e-01 3.116883e-02
28330: 1.861219e+00 1.644617e+00 1.569390e+00 7.068742e-01 1.867704e-01 3.112840e-02
28330: 1.860104e+00 1.647668e+00 1.568653e+00 7.059585e-01 1.865285e-01 3.108808e-02
28330: 1.861578e+00 1.646831e+00 1.569211e+00 7.050453e-01 1.862872e-01 3.104787e-02
28330: 1.861757e+00 1.645995e+00 1.571059e+00 7.041344e-01 1.860465e-01 3.100775e-02
28330: 1.860645e+00 1.649032e+00 1.569032e+00 7.045161e-01 1.858065e-01 3.096774e-02
28330: 1.860825e+00 1.650773e+00 1.568299e+00 7.036082e-01 1.855670e-01 3.092784e-02
28330: 1.859717e+00 1.649936e+00 1.568855e+00 7.052767e-01 1.853282e-01 3.088803e-02
28330: 1.858612e+00 1.651671e+00 1.569409e+00 7.043702e-01 1.850900e-01 3.084833e-02
28330: 1.858793e+00 1.650834e+00 1.569961e+00 7.047497e-01 1.848524e-01 3.080873e-02
28330: 1.858974e+00 1.652564e+00 1.569231e+00 7.038462e-01 1.846154e-01 3.076923e-02
28330: 1.857875e+00 1.651729e+00 1.571063e+00 7.042254e-01 1.843790e-01 3.072983e-02
28330: 1.858056e+00 1.650895e+00 1.570332e+00 7.058824e-01 1.841432e-01 3.069054e-02
28330: 1.856960e+00 1.652618e+00 1.569604e+00 7.062580e-01 1.839080e-01 3.065134e-02
28330: 1.857143e+00 1.653061e+00 1.570153e+00 7.053571e-01 1.836735e-01 3.061224e-02
28330: 1.856051e+00 1.652229e+00 1.569427e+00 7.082803e-01 1.834395e-01 3.057325e-02
28330: 1.854962e+00 1.651399e+00 1.569975e+00 7.099237e-01 1.832061e-01 3.053435e-02
28330: 1.857687e+00 1.649301e+00 1.570521e+00 7.090216e-01 1.829733e-01 3.049555e-02
28330: 1.857868e+00 1.649746e+00 1.568528e+00 7.106599e-01 1.827411e-01 3.045685e-02
28330: 1.858048e+00 1.648923e+00 1.569075e+00 7.097592e-01 1.837769e-01 3.041825e-02
28330: 1.858228e+00 1.649367e+00 1.568354e+00 7.101266e-01 1.835443e-01 3.037975e-02
28330: 1.858407e+00 1.648546e+00 1.570164e+00 7.092288e-01 1.833123e-01 3.034134e-02
28330: 1.857323e+00 1.647727e+00 1.569444e+00 7.108586e-01 1.830808e-01 3.156566e-02
28330: 1.857503e+00 1.646910e+00 1.571248e+00 7.099622e-01 1.828499e-01 3.152585e-02
28330: 1.857683e+00 1.647355e+00 1.569270e+00 7.115869e-01 1.826196e-01 3.148615e-02
28330: 1.856604e+00 1.646541e+00 1.571069e+00 7.106918e-01 1.836478e-01 3.144654e-02
28330: 1.856784e+00 1.645729e+00 1.570352e+00 7.110553e-01 1.846734e-01 3.140704e-02
28330: 1.858218e+00 1.646173e+00 1.568381e+00 7.114178e-01 1.844417e-01 3.136763e-02
28330: 1.859649e+00 1.645363e+00 1.568922e+00 7.105263e-01 1.842105e-01 3.132832e-02
28330: 1.858573e+00 1.645807e+00 1.570713e+00 7.096370e-01 1.839800e-01 3.128911e-02
28330: 1.857500e+00 1.646250e+00 1.571250e+00 7.100000e-01 1.837500e-01 3.125000e-02
28330: 1.858926e+00 1.645443e+00 1.569288e+00 7.116105e-01 1.835206e-01 3.121099e-02
28330: 1.859102e+00 1.645885e+00 1.568579e+00 7.119701e-01 1.832918e-01 3.117207e-02
28330: 1.859278e+00 1.646326e+00 1.569116e+00 7.110834e-01 1.830635e-01 3.113325e-02
28330: 1.858209e+00 1.646766e+00 1.569652e+00 7.114428e-01 1.828358e-01 3.109453e-02
28330: 1.858385e+00 1.647205e+00 1.568944e+00 7.118012e-01 1.826087e-01 3.105590e-02
28330: 1.857320e+00 1.646402e+00 1.570720e+00 7.109181e-01 1.836228e-01 3.101737e-02
28330: 1.859975e+00 1.645601e+00 1.568773e+00 7.112763e-01 1.833953e-01 3.097893e-02
28330: 1.860149e+00 1.646040e+00 1.569307e+00 7.103960e-01 1.831683e-01 3.094059e-02
28330: 1.859085e+00 1.645241e+00 1.569839e+00 7.119901e-01 1.829419e-01 3.090235e-02
28330: 1.860494e+00 1.644444e+00 1.570370e+00 7.111111e-01 1.827160e-01 3.086420e-02
28330: 1.860666e+00 1.644883e+00 1.568434e+00 7.127004e-01 1.824908e-01 3.082614e-02
28330: 1.859606e+00 1.644089e+00 1.570197e+00 7.130542e-01 1.822660e-01 3.078818e-02
28330: 1.859779e+00 1.642066e+00 1.569496e+00 7.158672e-01 1.820418e-01 3.075031e-02
28330: 1.859951e+00 1.642506e+00 1.570025e+00 7.149877e-01 1.818182e-01 3.071253e-02
28330: 1.860123e+00 1.641718e+00 1.569325e+00 7.165644e-01 1.815951e-01 3.067485e-02
28330: 1.860294e+00 1.642157e+00 1.568627e+00 7.169118e-01 1.813725e-01 3.063725e-02
28330: 1.859241e+00 1.642595e+00 1.570379e+00 7.160343e-01 1.811506e-01 3.059976e-02
28330: 1.859413e+00 1.640587e+00 1.570905e+00 7.176039e-01 1.809291e-01 3.056235e-02
28330: 1.858364e+00 1.642247e+00 1.570208e+00 7.179487e-01 1.807082e-01 3.052503e-02
28330: 1.859756e+00 1.642683e+00 1.568293e+00 7.182927e-01 1.804878e-01 3.048780e-02
28330: 1.858709e+00 1.641900e+00 1.570037e+00 7.186358e-01 1.802680e-01 3.045067e-02
28330: 1.857664e+00 1.641119e+00 1.571776e+00 7.189781e-01 1.800487e-01 3.041363e-02
28330: 1.857837e+00 1.639125e+00 1.573512e+00 7.193196e-01 1.798299e-01 3.037667e-02
28330: 1.856796e+00 1.639563e+00 1.572816e+00 7.196602e-01 1.808252e-01 3.033981e-02
28330: 1.858182e+00 1.640000e+00 1.570909e+00 7.200000e-01 1.806061e-01 3.030303e-02
28330: 1.858354e+00 1.639225e+00 1.570218e+00 7.203390e-01 1.815981e-01 3.026634e-02
28330: 1.857316e+00 1.640871e+00 1.568319e+00 7.218863e-01 1.813785e-01 3.022975e-02
28330: 1.858696e+00 1.640097e+00 1.567633e+00 7.222222e-01 1.811594e-01 3.019324e-02
28330: 1.858866e+00 1.639324e+00 1.568154e+00 7.225573e-01 1.809409e-01 3.015682e-02
28330: 1.859036e+00 1.639759e+00 1.568675e+00 7.216867e-01 1.807229e-01 3.012048e-02
28330: 1.859206e+00 1.638989e+00 1.569194e+00 7.220217e-01 1.805054e-01 3.008424e-02
28330: 1.858173e+00 1.639423e+00 1.568510e+00 7.235577e-01 1.802885e-01 3.004808e-02
28330: 1.858343e+00 1.641056e+00 1.567827e+00 7.226891e-01 1.800720e-01 3.001200e-02
28330: 1.858513e+00 1.640288e+00 1.569544e+00 7.218225e-01 1.798561e-01 2.997602e-02
28330: 1.858683e+00 1.641916e+00 1.568862e+00 7.209581e-01 1.796407e-01 2.994012e-02
28330: 1.860048e+00 1.641148e+00 1.569378e+00 7.200957e-01 1.794258e-01 2.990431e-02
28330: 1.859020e+00 1.642772e+00 1.568698e+00 7.192354e-01 1.804062e-01 2.986858e-02
28330: 1.857995e+00 1.644391e+00 1.568019e+00 7.195704e-01 1.801909e-01 2.983294e-02
28330: 1.858164e+00 1.644815e+00 1.567342e+00 7.199046e-01 1.799762e-01 2.979738e-02
28330: 1.857143e+00 1.644048e+00 1.570238e+00 7.190476e-01 1.797619e-01 2.976190e-02
28330: 1.857313e+00 1.644471e+00 1.568371e+00 7.205707e-01 1.795482e-01 2.972652e-02
28330: 1.856295e+00 1.643705e+00 1.570071e+00 7.197150e-01 1.805226e-01 2.969121e-02
28330: 1.857651e+00 1.644128e+00 1.568209e+00 7.200474e-01 1.803084e-01 2.965599e-02
28330: 1.857820e+00 1.643365e+00 1.569905e+00 7.191943e-01 1.800948e-01 2.962085e-02
28330: 1.856805e+00 1.644970e+00 1.570414e+00 7.183432e-01 1.798817e-01 2.958580e-02
28330: 1.856974e+00 1.646572e+00 1.568558e+00 7.186761e-01 1.796690e-01 2.955083e-02
28330: 1.855962e+00 1.646989e+00 1.570248e+00 7.178276e-01 1.794569e-01 2.951594e-02
28330: 1.857311e+00 1.645047e+00 1.570755e+00 7.181604e-01 1.792453e-01 2.948113e-02
28330: 1.856302e+00 1.646643e+00 1.570082e+00 7.184923e-01 1.790342e-01 2.944641e-02
28330: 1.855294e+00 1.647059e+00 1.569412e+00 7.200000e-01 1.788235e-01 2.941176e-02
28330: 1.855464e+00 1.647474e+00 1.568743e+00 7.203290e-01 1.786134e-01 2.937720e-02
28330: 1.854460e+00 1.647887e+00 1.570423e+00 7.194836e-01 1.784038e-01 2.934272e-02
28330: 1.853458e+00 1.647128e+00 1.570926e+00 7.209848e-01 1.781946e-01 2.930832e-02
28330: 1.854801e+00 1.646370e+00 1.569087e+00 7.213115e-01 1.791569e-01 2.927400e-02
28330: 1.856140e+00 1.646784e+00 1.568421e+00 7.204678e-01 1.789474e-01 2.923977e-02
28330: 1.856308e+00 1.646028e+00 1.568925e+00 7.207944e-01 1.787383e-01 2.920561e-02
28330: 1.855309e+00 1.647608e+00 1.569428e+00 7.199533e-01 1.785298e-01 2.917153e-02
28330: 1.856643e+00 1.646853e+00 1.568765e+00 7.191142e-01 1.783217e-01 3.030303e-02
28330: 1.855646e+00 1.647264e+00 1.569267e+00 7.194412e-01 1.781141e-01 3.026775e-02
28330: 1.854651e+00 1.646512e+00 1.569767e+00 7.197674e-01 1.790698e-01 3.023256e-02
28330: 1.855981e+00 1.645761e+00 1.570267e+00 7.189315e-01 1.788618e-01 3.019744e-02
28330: 1.854988e+00 1.647332e+00 1.568445e+00 7.192575e-01 1.798144e-01 3.016241e-02
28330: 1.856315e+00 1.647740e+00 1.567787e+00 7.184241e-01 1.796060e-01 3.012746e-02
28330: 1.856481e+00 1.646991e+00 1.568287e+00 7.175926e-01 1.793981e-01 3.125000e-02
28330: 1.855491e+00 1.647399e+00 1.569942e+00 7.167630e-01 1.791908e-01 3.121387e-02
28330: 1.855658e+00 1.646651e+00 1.571594e+00 7.159353e-01 1.789838e-01 3.117783e-02
28330: 1.854671e+00 1.648212e+00 1.569781e+00 7.174164e-01 1.787774e-01 3.114187e-02
28330: 1.854839e+00 1.648618e+00 1.570276e+00 7.165899e-01 1.785714e-01 3.110599e-02
28330: 1.855006e+00 1.647871e+00 1.569620e+00 7.180667e-01 1.783659e-01 3.107020e-02
28330: 1.854023e+00 1.648276e+00 1.571264e+00 7.172414e-01 1.781609e-01 3.103448e-02
28330: 1.853042e+00 1.648680e+00 1.570608e+00 7.175660e-01 1.791045e-01 3.099885e-02
28330: 1.853211e+00 1.647936e+00 1.568807e+00 7.201835e-01 1.788991e-01 3.096330e-02
28330: 1.853379e+00 1.649485e+00 1.568156e+00 7.193585e-01 1.786942e-01 3.092784e-02
28330: 1.854691e+00 1.648741e+00 1.568650e+00 7.185355e-01 1.784897e-01 3.089245e-02
28330: 1.853714e+00 1.650286e+00 1.568000e+00 7.188571e-01 1.782857e-01 3.085714e-02
28330: 1.855023e+00 1.650685e+00 1.567352e+00 7.180365e-01 1.780822e-01 3.082192e-02
28330: 1.855188e+00 1.649943e+00 1.568985e+00 7.172178e-01 1.778791e-01 3.078677e-02
28330: 1.854214e+00 1.650342e+00 1.568337e+00 7.175399e-01 1.788155e-01 3.075171e-02
28330: 1.854380e+00 1.649602e+00 1.567691e+00 7.189989e-01 1.786121e-01 3.071672e-02
28330: 1.854545e+00 1.650000e+00 1.567045e+00 7.181818e-01 1.795455e-01 3.068182e-02
28330: 1.854711e+00 1.649262e+00 1.568672e+00 7.173666e-01 1.793417e-01 3.064699e-02
28330: 1.853741e+00 1.649660e+00 1.569161e+00 7.176871e-01 1.791383e-01 3.061224e-02
28330: 1.853907e+00 1.648924e+00 1.569649e+00 7.168743e-01 1.800680e-01 3.057758e-02
28330: 1.855204e+00 1.649321e+00 1.569005e+00 7.160633e-01 1.798643e-01 3.054299e-02
28330: 1.855367e+00 1.649718e+00 1.569492e+00 7.152542e-01 1.796610e-01 3.050847e-02
28330: 1.855530e+00 1.648984e+00 1.569977e+00 7.155756e-01 1.794582e-01 3.047404e-02
28330: 1.854566e+00 1.650507e+00 1.570462e+00 7.147689e-01 1.792559e-01 3.043968e-02
28330: 1.854730e+00 1.649775e+00 1.569820e+00 7.162162e-01 1.790541e-01 3.040541e-02
28330: 1.854893e+00 1.651294e+00 1.569179e+00 7.154106e-01 1.788526e-01 3.037120e-02
28330: 1.855056e+00 1.651685e+00 1.569663e+00 7.146067e-01 1.786517e-01 3.033708e-02
28330: 1.854097e+00 1.649832e+00 1.572391e+00 7.149270e-01 1.784512e-01 3.030303e-02
28330: 1.854260e+00 1.649103e+00 1.572870e+00 7.152466e-01 1.782511e-01 3.026906e-02
28330: 1.854423e+00 1.650616e+00 1.571109e+00 7.155655e-01 1.780515e-01 3.023516e-02
28330: 1.854586e+00 1.649888e+00 1.571588e+00 7.158837e-01 1.778523e-01 3.020134e-02
28330: 1.853631e+00 1.651397e+00 1.569832e+00 7.162011e-01 1.787709e-01 3.016760e-02
28330: 1.853795e+00 1.650670e+00 1.571429e+00 7.154018e-01 1.785714e-01 3.013393e-02
28330: 1.852843e+00 1.651059e+00 1.570792e+00 7.157191e-01 1.783724e-01 3.121516e-02
28330: 1.853007e+00 1.652561e+00 1.569042e+00 7.160356e-01 1.781737e-01 3.118040e-02
28330: 1.853170e+00 1.651835e+00 1.570634e+00 7.152392e-01 1.779755e-01 3.114572e-02
28330: 1.853333e+00 1.653333e+00 1.568889e+00 7.155556e-01 1.777778e-01 3.111111e-02
28330: 1.853496e+00 1.652608e+00 1.569367e+00 7.158713e-01 1.775805e-01 3.107658e-02
28330: 1.852550e+00 1.652993e+00 1.569845e+00 7.161863e-01 1.773836e-01 3.104213e-02
28330: 1.851606e+00 1.654485e+00 1.570321e+00 7.153931e-01 1.771872e-01 3.100775e-02
28330: 1.851770e+00 1.653761e+00 1.568584e+00 7.168142e-01 1.780973e-01 3.097345e-02
28330: 1.851934e+00 1.654144e+00 1.569061e+00 7.160221e-01 1.779006e-01 3.093923e-02
28330: 1.850993e+00 1.653422e+00 1.568433e+00 7.185430e-01 1.777042e-01 3.090508e-02
28330: 1.852260e+00 1.653804e+00 1.567806e+00 7.177508e-01 1.775083e-01 3.087100e-02
28330: 1.852423e+00 1.653084e+00 1.568282e+00 7.180617e-01 1.773128e-01 3.083700e-02
28330: 1.851485e+00 1.653465e+00 1.568757e+00 7.183718e-01 1.771177e-01 3.080308e-02
28330: 1.852747e+00 1.651648e+00 1.569231e+00 7.186813e-01 1.769231e-01 3.076923e-02
28330: 1.852909e+00 1.652031e+00 1.568606e+00 7.189901e-01 1.767289e-01 3.073546e-02
28330: 1.851974e+00 1.651316e+00 1.570175e+00 7.182018e-01 1.776316e-01 3.070175e-02
28330: 1.852136e+00 1.650602e+00 1.570646e+00 7.185104e-01 1.774370e-01 3.066813e-02
28330: 1.852298e+00 1.650985e+00 1.570022e+00 7.188184e-01 1.772429e-01 3.063457e-02
28330: 1.853552e+00 1.650273e+00 1.569399e+00 7.191257e-01 1.770492e-01 3.060109e-02
28330: 1.853712e+00 1.651747e+00 1.568777e+00 7.183406e-01 1.768559e-01 3.056769e-02
28330: 1.854962e+00 1.651036e+00 1.569248e+00 7.175573e-01 1.766630e-01 3.053435e-02
28330: 1.855120e+00 1.650327e+00 1.570806e+00 7.167756e-01 1.764706e-01 3.050109e-02
28330: 1.855277e+00 1.650707e+00 1.569097e+00 7.181719e-01 1.762786e-01 3.046790e-02
28330: 1.855435e+00 1.650000e+00 1.569565e+00 7.184783e-01 1.760870e-01 3.043478e-02
28330: 1.854506e+00 1.651466e+00 1.570033e+00 7.176982e-01 1.758958e-01 3.040174e-02
28330: 1.854664e+00 1.651844e+00 1.568330e+00 7.190889e-01 1.757050e-01 3.036876e-02
28330: 1.853738e+00 1.653304e+00 1.568797e+00 7.183099e-01 1.755146e-01 3.033586e-02
28330: 1.854978e+00 1.651515e+00 1.570346e+00 7.175325e-01 1.753247e-01 3.030303e-02
28330: 1.854054e+00 1.652973e+00 1.568649e+00 7.178378e-01 1.762162e-01 3.027027e-02
28330: 1.854212e+00 1.654428e+00 1.568035e+00 7.170626e-01 1.760259e-01 3.023758e-02
28330: 1.853290e+00 1.653722e+00 1.570658e+00 7.162891e-01 1.758360e-01 3.020496e-02
28330: 1.854526e+00 1.654095e+00 1.568966e+00 7.165948e-01 1.756466e-01 3.017241e-02
28330: 1.853606e+00 1.653391e+00 1.570506e+00 7.168999e-01 1.754575e-01 3.013994e-02
28330: 1.852688e+00 1.653763e+00 1.569892e+00 7.172043e-01 1.763441e-01 3.010753e-02
28330: 1.852846e+00 1.654135e+00 1.570354e+00 7.164339e-01 1.761547e-01 3.007519e-02
28330: 1.851931e+00 1.654506e+00 1.569742e+00 7.178112e-01 1.759657e-01 3.004292e-02
28330: 1.852090e+00 1.653805e+00 1.571275e+00 7.170418e-01 1.757771e-01 3.001072e-02
28330: 1.852248e+00 1.654176e+00 1.569593e+00 7.184154e-01 1.755889e-01 2.997859e-02
28330: 1.851337e+00 1.654545e+00 1.570053e+00 7.187166e-01 1.754011e-01 2.994652e-02
28330: 1.851496e+00 1.655983e+00 1.568376e+00 7.190171e-01 1.752137e-01 2.991453e-02
28330: 1.852721e+00 1.655283e+00 1.568837e+00 7.182497e-01 1.750267e-01 2.988260e-02
28330: 1.851812e+00 1.656716e+00 1.568230e+00 7.185501e-01 1.748401e-01 2.985075e-02
28330: 1.851970e+00 1.657082e+00 1.568690e+00 7.177849e-01 1.746539e-01 2.981896e-02
28330: 1.852128e+00 1.657447e+00 1.568085e+00 7.180851e-01 1.744681e-01 2.978723e-02
28330: 1.851222e+00 1.657811e+00 1.568544e+00 7.173220e-01 1.753454e-01 2.975558e-02
28330: 1.851380e+00 1.657113e+00 1.570064e+00 7.165605e-01 1.751592e-01 2.972399e-02
28330: 1.851538e+00 1.656416e+00 1.569459e+00 7.168611e-01 1.749735e-01 3.075292e-02
28330: 1.850636e+00 1.657839e+00 1.569915e+00 7.161017e-01 1.747881e-01 3.072034e-02
28330: 1.851852e+00 1.657143e+00 1.569312e+00 7.164021e-01 1.746032e-01 3.068783e-02
28330: 1.852008e+00 1.657505e+00 1.569767e+00 7.156448e-01 1.744186e-01 3.065539e-02
28330: 1.851109e+00 1.655755e+00 1.571278e+00 7.159451e-01 1.752904e-01 3.062302e-02
28330: 1.853376e+00 1.655063e+00 1.569620e+00 7.162447e-01 1.751055e-01 3.059072e-02
28330: 1.853530e+00 1.655427e+00 1.570074e+00 7.154900e-01 1.749210e-01 3.055848e-02
28330: 1.852632e+00 1.653684e+00 1.570526e+00 7.168421e-01 1.757895e-01 3.052632e-02
28330: 1.852787e+00 1.652997e+00 1.570978e+00 7.171399e-01 1.756046e-01 3.049422e-02
28330: 1.851891e+00 1.654412e+00 1.570378e+00 7.174370e-01 1.754202e-01 3.046218e-02
28330: 1.852046e+00 1.654774e+00 1.569780e+00 7.177335e-01 1.752361e-01 3.043022e-02
28330: 1.852201e+00 1.654088e+00 1.571279e+00 7.169811e-01 1.750524e-01 3.039832e-02
28330: 1.851309e+00 1.655497e+00 1.570681e+00 7.172775e-01 1.748691e-01 3.036649e-02
28330: 1.851464e+00 1.654812e+00 1.571130e+00 7.175732e-01 1.746862e-01 3.033473e-02
28330: 1.850575e+00 1.655172e+00 1.570533e+00 7.178683e-01 1.755486e-01 3.030303e-02
28330: 1.850731e+00 1.655532e+00 1.569937e+00 7.181628e-01 1.753653e-01 3.027140e-02
28330: 1.850886e+00 1.653806e+00 1.571429e+00 7.184567e-01 1.751825e-01 3.023983e-02
28330: 1.851042e+00 1.654167e+00 1.570833e+00 7.187500e-01 1.750000e-01 3.020833e-02
28330: 1.850156e+00 1.654527e+00 1.571280e+00 7.190427e-01 1.748179e-01 3.017690e-02
28330: 1.849272e+00 1.654886e+00 1.570686e+00 7.203742e-01 1.746362e-01 3.014553e-02
28330: 1.849429e+00 1.655244e+00 1.569055e+00 7.217030e-01 1.744548e-01 3.011423e-02
28330: 1.849585e+00 1.654564e+00 1.569502e+00 7.209544e-01 1.753112e-01 3.008299e-02
28330: 1.849741e+00 1.655959e+00 1.568912e+00 7.202073e-01 1.751295e-01 3.005181e-02
28330: 1.848861e+00 1.656315e+00 1.570393e+00 7.194617e-01 1.749482e-01 3.002070e-02
28330: 1.847983e+00 1.655636e+00 1.571872e+00 7.197518e-01 1.747673e-01 2.998966e-02
28330: 1.849174e+00 1.654959e+00 1.570248e+00 7.210744e-01 1.745868e-01 2.995868e-02
28330: 1.848297e+00 1.654283e+00 1.570691e+00 7.213622e-01 1.754386e-01 2.992776e-02
28330: 1.847423e+00 1.652577e+00 1.572165e+00 7.216495e-01 1.752577e-01 3.092784e-02
28330: 1.846550e+00 1.651905e+00 1.571576e+00 7.229660e-01 1.761071e-01 3.089598e-02
28330: 1.847737e+00 1.650206e+00 1.570988e+00 7.232510e-01 1.769547e-01 3.086420e-02
28330: 1.846865e+00 1.650565e+00 1.571429e+00 7.235355e-01 1.767729e-01 3.083248e-02
28330: 1.845996e+00 1.649897e+00 1.570842e+00 7.248460e-01 1.776181e-01 3.080082e-02
28330: 1.845128e+00 1.651282e+00 1.569231e+00 7.251282e-01 1.784615e-01 3.076923e-02
28330: 1.846311e+00 1.649590e+00 1.569672e+00 7.254098e-01 1.782787e-01 3.073770e-02
28330: 1.846469e+00 1.649949e+00 1.570113e+00 7.246673e-01 1.780962e-01 3.070624e-02
28330: 1.845603e+00 1.651329e+00 1.568507e+00 7.259714e-01 1.779141e-01 3.067485e-02
28330: 1.845761e+00 1.652707e+00 1.567926e+00 7.252298e-01 1.777324e-01 3.064351e-02
28330: 1.845918e+00 1.651020e+00 1.570408e+00 7.244898e-01 1.775510e-01 3.061224e-02
28330: 1.846075e+00 1.652396e+00 1.568807e+00 7.247706e-01 1.773700e-01 3.058104e-02
28330: 1.845214e+00 1.651731e+00 1.570265e+00 7.250509e-01 1.771894e-01 3.054990e-02
28330: 1.844354e+00 1.653103e+00 1.569685e+00 7.253306e-01 1.770092e-01 3.051882e-02
28330: 1.845528e+00 1.652439e+00 1.570122e+00 7.245935e-01 1.768293e-01 3.048780e-02
28330: 1.844670e+00 1.653807e+00 1.568528e+00 7.248731e-01 1.776650e-01 3.045685e-02
28330: 1.844828e+00 1.655172e+00 1.567951e+00 7.241379e-01 1.774848e-01 3.042596e-02
28330: 1.843972e+00 1.655522e+00 1.569402e+00 7.234043e-01 1.773050e-01 3.039514e-02
28330: 1.843117e+00 1.655870e+00 1.570850e+00 7.226721e-01 1.771255e-01 3.036437e-02
28330: 1.843276e+00 1.656218e+00 1.570273e+00 7.229525e-01 1.769464e-01 3.033367e-02
28330: 1.842424e+00 1.655556e+00 1.569697e+00 7.252525e-01 1.767677e-01 3.030303e-02
28330: 1.842583e+00 1.655903e+00 1.570131e+00 7.245207e-01 1.765893e-01 3.027245e-02
28330: 1.842742e+00 1.656250e+00 1.568548e+00 7.258065e-01 1.764113e-01 3.024194e-02
28330: 1.842900e+00 1.655589e+00 1.568983e+00 7.260826e-01 1.762336e-01 3.021148e-02
28330: 1.842052e+00 1.656942e+00 1.568410e+00 7.263581e-01 1.760563e-01 3.018109e-02
28330: 1.841206e+00 1.657286e+00 1.568844e+00 7.266332e-01 1.758794e-01 3.015075e-02
28330: 1.842369e+00 1.656627e+00 1.568273e+00 7.269076e-01 1.757028e-01 3.012048e-02
28330: 1.842528e+00 1.657974e+00 1.567703e+00 7.261785e-01 1.755266e-01 3.009027e-02
28330: 1.842685e+00 1.658317e+00 1.568136e+00 7.254509e-01 1.753507e-01 3.006012e-02
28330: 1.843844e+00 1.656657e+00 1.568569e+00 7.257257e-01 1.751752e-01 3.003003e-02
28330: Done!
Traceback (most recent call last):
  File "/lowest-unique-number/tournament0/elexunix.py", line 25, in <module>
    input()
EOFError: EOF when reading a line
