Forked 38687
Starting to reopen 0 and 1
Calling execv `tournament0/alex_dany` (pid 38687)
38687: Started!
38687: Number of players: 4, position: 0, number of turns: 1000
38687: Random seed: 3497613787
Strategy 0: first ans is 1
Forked 38688
Starting to reopen 0 and 1
Calling execv `tournament0/elexunix.py` (pid 38688)
Strategy 1: first ans is 0
Forked 38712
Starting to reopen 0 and 1
Calling execv `tournament0/the_best_strategy.py` (pid 38712)
Strategy 2: first ans is 0
Forked 38713
Starting to reopen 0 and 1
Calling execv `tournament0/pzakorko.py` (pid 38713)
Strategy 3: first ans is 0
38687: 3.000000e+00 1.000000e+00 0.000000e+00 0.000000e+00
38687: 2.500000e+00 1.000000e+00 5.000000e-01 0.000000e+00
38687: 2.000000e+00 1.333333e+00 6.666667e-01 0.000000e+00
38687: 1.750000e+00 1.250000e+00 7.500000e-01 2.500000e-01
38687: 1.800000e+00 1.200000e+00 8.000000e-01 2.000000e-01
38687: 1.666667e+00 1.333333e+00 8.333333e-01 1.666667e-01
38687: 1.714286e+00 1.285714e+00 7.142857e-01 2.857143e-01
38687: 1.750000e+00 1.250000e+00 7.500000e-01 2.500000e-01
38687: 1.777778e+00 1.222222e+00 7.777778e-01 2.222222e-01
38687: 1.700000e+00 1.300000e+00 8.000000e-01 2.000000e-01
38687: 1.818182e+00 1.272727e+00 7.272727e-01 1.818182e-01
38687: 1.750000e+00 1.250000e+00 8.333333e-01 1.666667e-01
38687: 1.769231e+00 1.230769e+00 8.461538e-01 1.538462e-01
38687: 1.714286e+00 1.285714e+00 8.571429e-01 1.428571e-01
38687: 1.733333e+00 1.266667e+00 8.000000e-01 2.000000e-01
38687: 1.750000e+00 1.312500e+00 7.500000e-01 1.875000e-01
38687: 1.705882e+00 1.352941e+00 7.647059e-01 1.764706e-01
38687: 1.777778e+00 1.333333e+00 7.222222e-01 1.666667e-01
38687: 1.789474e+00 1.315789e+00 7.368421e-01 1.578947e-01
38687: 1.750000e+00 1.300000e+00 8.000000e-01 1.500000e-01
38687: 1.714286e+00 1.285714e+00 8.571429e-01 1.428571e-01
38687: 1.772727e+00 1.272727e+00 8.181818e-01 1.363636e-01
38687: 1.739130e+00 1.304348e+00 8.260870e-01 1.304348e-01
38687: 1.708333e+00 1.291667e+00 8.333333e-01 1.666667e-01
38687: 1.760000e+00 1.280000e+00 8.000000e-01 1.600000e-01
38687: 1.730769e+00 1.307692e+00 8.076923e-01 1.538462e-01
38687: 1.703704e+00 1.333333e+00 8.148148e-01 1.481481e-01
38687: 1.678571e+00 1.321429e+00 8.571429e-01 1.428571e-01
38687: 1.724138e+00 1.310345e+00 8.275862e-01 1.379310e-01
38687: 1.700000e+00 1.300000e+00 8.333333e-01 1.666667e-01
38687: 1.709677e+00 1.322581e+00 8.064516e-01 1.612903e-01
38687: 1.718750e+00 1.343750e+00 7.812500e-01 1.562500e-01
38687: 1.727273e+00 1.333333e+00 7.878788e-01 1.515152e-01
38687: 1.705882e+00 1.352941e+00 7.647059e-01 1.764706e-01
38687: 1.714286e+00 1.371429e+00 7.428571e-01 1.714286e-01
38687: 1.694444e+00 1.361111e+00 7.500000e-01 1.944444e-01
38687: 1.675676e+00 1.405405e+00 7.297297e-01 1.891892e-01
38687: 1.657895e+00 1.421053e+00 7.368421e-01 1.842105e-01
38687: 1.641026e+00 1.435897e+00 7.435897e-01 1.794872e-01
38687: 1.650000e+00 1.450000e+00 7.250000e-01 1.750000e-01
38687: 1.634146e+00 1.487805e+00 7.073171e-01 1.707317e-01
38687: 1.642857e+00 1.500000e+00 6.904762e-01 1.666667e-01
38687: 1.627907e+00 1.488372e+00 7.209302e-01 1.627907e-01
38687: 1.636364e+00 1.477273e+00 7.272727e-01 1.590909e-01
38687: 1.622222e+00 1.488889e+00 7.333333e-01 1.555556e-01
38687: 1.630435e+00 1.500000e+00 7.173913e-01 1.521739e-01
38687: 1.638298e+00 1.489362e+00 7.234043e-01 1.489362e-01
38687: 1.625000e+00 1.520833e+00 7.083333e-01 1.458333e-01
38687: 1.632653e+00 1.530612e+00 6.938776e-01 1.428571e-01
38687: 1.640000e+00 1.520000e+00 7.000000e-01 1.400000e-01
38687: 1.627451e+00 1.509804e+00 7.254902e-01 1.372549e-01
38687: 1.615385e+00 1.500000e+00 7.500000e-01 1.346154e-01
38687: 1.622642e+00 1.490566e+00 7.547170e-01 1.320755e-01
38687: 1.629630e+00 1.481481e+00 7.592593e-01 1.296296e-01
38687: 1.618182e+00 1.472727e+00 7.818182e-01 1.272727e-01
38687: 1.642857e+00 1.464286e+00 7.678571e-01 1.250000e-01
38687: 1.631579e+00 1.456140e+00 7.719298e-01 1.403509e-01
38687: 1.620690e+00 1.448276e+00 7.758621e-01 1.551724e-01
38687: 1.644068e+00 1.440678e+00 7.627119e-01 1.525424e-01
38687: 1.650000e+00 1.433333e+00 7.666667e-01 1.500000e-01
38687: 1.655738e+00 1.442623e+00 7.540984e-01 1.475410e-01
38687: 1.645161e+00 1.451613e+00 7.580645e-01 1.451613e-01
38687: 1.634921e+00 1.476190e+00 7.460317e-01 1.428571e-01
38687: 1.640625e+00 1.484375e+00 7.343750e-01 1.406250e-01
38687: 1.646154e+00 1.476923e+00 7.384615e-01 1.384615e-01
38687: 1.636364e+00 1.484848e+00 7.424242e-01 1.363636e-01
38687: 1.641791e+00 1.492537e+00 7.313433e-01 1.343284e-01
38687: 1.647059e+00 1.500000e+00 7.205882e-01 1.323529e-01
38687: 1.652174e+00 1.507246e+00 7.101449e-01 1.304348e-01
38687: 1.642857e+00 1.500000e+00 7.285714e-01 1.285714e-01
38687: 1.633803e+00 1.492958e+00 7.464789e-01 1.267606e-01
38687: 1.625000e+00 1.486111e+00 7.500000e-01 1.388889e-01
38687: 1.630137e+00 1.493151e+00 7.397260e-01 1.369863e-01
38687: 1.635135e+00 1.486486e+00 7.432432e-01 1.351351e-01
38687: 1.626667e+00 1.493333e+00 7.466667e-01 1.333333e-01
38687: 1.631579e+00 1.500000e+00 7.368421e-01 1.315789e-01
38687: 1.636364e+00 1.506494e+00 7.272727e-01 1.298701e-01
38687: 1.653846e+00 1.500000e+00 7.179487e-01 1.282051e-01
38687: 1.658228e+00 1.506329e+00 7.088608e-01 1.265823e-01
38687: 1.662500e+00 1.500000e+00 7.125000e-01 1.250000e-01
38687: 1.666667e+00 1.493827e+00 7.037037e-01 1.358025e-01
38687: 1.658537e+00 1.487805e+00 7.073171e-01 1.463415e-01
38687: 1.650602e+00 1.481928e+00 7.108434e-01 1.566265e-01
38687: 1.654762e+00 1.476190e+00 7.023810e-01 1.666667e-01
38687: 1.658824e+00 1.482353e+00 6.941176e-01 1.647059e-01
38687: 1.662791e+00 1.476744e+00 6.976744e-01 1.627907e-01
38687: 1.655172e+00 1.482759e+00 7.011494e-01 1.609195e-01
38687: 1.659091e+00 1.477273e+00 7.045455e-01 1.590909e-01
38687: 1.651685e+00 1.471910e+00 7.191011e-01 1.573034e-01
38687: 1.655556e+00 1.477778e+00 7.111111e-01 1.555556e-01
38687: 1.670330e+00 1.472527e+00 7.032967e-01 1.538462e-01
38687: 1.673913e+00 1.467391e+00 7.065217e-01 1.521739e-01
38687: 1.666667e+00 1.462366e+00 7.204301e-01 1.505376e-01
38687: 1.659574e+00 1.468085e+00 7.234043e-01 1.489362e-01
38687: 1.652632e+00 1.473684e+00 7.263158e-01 1.473684e-01
38687: 1.645833e+00 1.479167e+00 7.291667e-01 1.458333e-01
38687: 1.649485e+00 1.474227e+00 7.319588e-01 1.443299e-01
38687: 1.642857e+00 1.479592e+00 7.244898e-01 1.530612e-01
38687: 1.636364e+00 1.484848e+00 7.272727e-01 1.515152e-01
38687: 1.630000e+00 1.490000e+00 7.300000e-01 1.500000e-01
38687: 1.643564e+00 1.485149e+00 7.227723e-01 1.485149e-01
38687: 1.637255e+00 1.490196e+00 7.254902e-01 1.470588e-01
38687: 1.631068e+00 1.495146e+00 7.281553e-01 1.456311e-01
38687: 1.634615e+00 1.490385e+00 7.307692e-01 1.442308e-01
38687: 1.628571e+00 1.495238e+00 7.333333e-01 1.428571e-01
38687: 1.622642e+00 1.500000e+00 7.358491e-01 1.415094e-01
38687: 1.626168e+00 1.504673e+00 7.289720e-01 1.401869e-01
38687: 1.620370e+00 1.518519e+00 7.222222e-01 1.388889e-01
38687: 1.633028e+00 1.513761e+00 7.155963e-01 1.376147e-01
38687: 1.627273e+00 1.509091e+00 7.272727e-01 1.363636e-01
38687: 1.639640e+00 1.504505e+00 7.207207e-01 1.351351e-01
38687: 1.633929e+00 1.508929e+00 7.232143e-01 1.339286e-01
38687: 1.637168e+00 1.513274e+00 7.168142e-01 1.327434e-01
38687: 1.640351e+00 1.508772e+00 7.192982e-01 1.315789e-01
38687: 1.643478e+00 1.504348e+00 7.217391e-01 1.304348e-01
38687: 1.646552e+00 1.508621e+00 7.155172e-01 1.293103e-01
38687: 1.649573e+00 1.504274e+00 7.179487e-01 1.282051e-01
38687: 1.644068e+00 1.508475e+00 7.203390e-01 1.271186e-01
38687: 1.647059e+00 1.512605e+00 7.142857e-01 1.260504e-01
38687: 1.650000e+00 1.516667e+00 7.083333e-01 1.250000e-01
38687: 1.652893e+00 1.512397e+00 7.107438e-01 1.239669e-01
38687: 1.647541e+00 1.516393e+00 7.131148e-01 1.229508e-01
38687: 1.642276e+00 1.512195e+00 7.235772e-01 1.219512e-01
38687: 1.645161e+00 1.516129e+00 7.177419e-01 1.209677e-01
38687: 1.656000e+00 1.512000e+00 7.120000e-01 1.200000e-01
38687: 1.650794e+00 1.507937e+00 7.222222e-01 1.190476e-01
38687: 1.645669e+00 1.511811e+00 7.244094e-01 1.181102e-01
38687: 1.648438e+00 1.515625e+00 7.187500e-01 1.171875e-01
38687: 1.643411e+00 1.519380e+00 7.209302e-01 1.162791e-01
38687: 1.646154e+00 1.515385e+00 7.153846e-01 1.230769e-01
38687: 1.641221e+00 1.519084e+00 7.175573e-01 1.221374e-01
38687: 1.636364e+00 1.522727e+00 7.196970e-01 1.212121e-01
38687: 1.639098e+00 1.526316e+00 7.142857e-01 1.203008e-01
38687: 1.634328e+00 1.529851e+00 7.164179e-01 1.194030e-01
38687: 1.637037e+00 1.525926e+00 7.185185e-01 1.185185e-01
38687: 1.632353e+00 1.536765e+00 7.132353e-01 1.176471e-01
38687: 1.635036e+00 1.540146e+00 7.080292e-01 1.167883e-01
38687: 1.637681e+00 1.536232e+00 7.101449e-01 1.159420e-01
38687: 1.647482e+00 1.532374e+00 7.050360e-01 1.151079e-01
38687: 1.650000e+00 1.528571e+00 7.071429e-01 1.142857e-01
38687: 1.652482e+00 1.531915e+00 7.021277e-01 1.134752e-01
38687: 1.654930e+00 1.535211e+00 6.971831e-01 1.126761e-01
38687: 1.657343e+00 1.531469e+00 6.993007e-01 1.118881e-01
38687: 1.659722e+00 1.527778e+00 7.013889e-01 1.111111e-01
38687: 1.655172e+00 1.524138e+00 7.103448e-01 1.103448e-01
38687: 1.664384e+00 1.520548e+00 7.054795e-01 1.095890e-01
38687: 1.666667e+00 1.523810e+00 7.006803e-01 1.088435e-01
38687: 1.662162e+00 1.527027e+00 7.027027e-01 1.081081e-01
38687: 1.657718e+00 1.530201e+00 7.046980e-01 1.073826e-01
38687: 1.653333e+00 1.526667e+00 7.133333e-01 1.066667e-01
38687: 1.649007e+00 1.523179e+00 7.218543e-01 1.059603e-01
38687: 1.651316e+00 1.519737e+00 7.171053e-01 1.118421e-01
38687: 1.653595e+00 1.522876e+00 7.124183e-01 1.111111e-01
38687: 1.649351e+00 1.519481e+00 7.207792e-01 1.103896e-01
38687: 1.651613e+00 1.516129e+00 7.225806e-01 1.096774e-01
38687: 1.647436e+00 1.512821e+00 7.243590e-01 1.153846e-01
38687: 1.649682e+00 1.515924e+00 7.197452e-01 1.146497e-01
38687: 1.645570e+00 1.518987e+00 7.215190e-01 1.139241e-01
38687: 1.641509e+00 1.522013e+00 7.232704e-01 1.132075e-01
38687: 1.637500e+00 1.518750e+00 7.312500e-01 1.125000e-01
38687: 1.639752e+00 1.515528e+00 7.329193e-01 1.118012e-01
38687: 1.641975e+00 1.512346e+00 7.345679e-01 1.111111e-01
38687: 1.638037e+00 1.509202e+00 7.423313e-01 1.104294e-01
38687: 1.640244e+00 1.512195e+00 7.378049e-01 1.097561e-01
38687: 1.642424e+00 1.509091e+00 7.333333e-01 1.151515e-01
38687: 1.644578e+00 1.506024e+00 7.349398e-01 1.144578e-01
38687: 1.646707e+00 1.508982e+00 7.305389e-01 1.137725e-01
38687: 1.642857e+00 1.511905e+00 7.321429e-01 1.130952e-01
38687: 1.639053e+00 1.514793e+00 7.337278e-01 1.124260e-01
38687: 1.635294e+00 1.511765e+00 7.352941e-01 1.176471e-01
38687: 1.643275e+00 1.508772e+00 7.309942e-01 1.169591e-01
38687: 1.651163e+00 1.505814e+00 7.267442e-01 1.162791e-01
38687: 1.647399e+00 1.508671e+00 7.283237e-01 1.156069e-01
38687: 1.649425e+00 1.505747e+00 7.298851e-01 1.149425e-01
38687: 1.657143e+00 1.502857e+00 7.257143e-01 1.142857e-01
38687: 1.664773e+00 1.500000e+00 7.215909e-01 1.136364e-01
38687: 1.666667e+00 1.497175e+00 7.231638e-01 1.129944e-01
38687: 1.668539e+00 1.494382e+00 7.191011e-01 1.179775e-01
38687: 1.664804e+00 1.491620e+00 7.262570e-01 1.173184e-01
38687: 1.666667e+00 1.494444e+00 7.222222e-01 1.166667e-01
38687: 1.668508e+00 1.497238e+00 7.182320e-01 1.160221e-01
38687: 1.664835e+00 1.494505e+00 7.252747e-01 1.153846e-01
38687: 1.661202e+00 1.502732e+00 7.213115e-01 1.147541e-01
38687: 1.657609e+00 1.510870e+00 7.173913e-01 1.141304e-01
38687: 1.654054e+00 1.508108e+00 7.243243e-01 1.135135e-01
38687: 1.655914e+00 1.505376e+00 7.258065e-01 1.129032e-01
38687: 1.652406e+00 1.508021e+00 7.272727e-01 1.122995e-01
38687: 1.648936e+00 1.510638e+00 7.287234e-01 1.117021e-01
38687: 1.645503e+00 1.507937e+00 7.354497e-01 1.111111e-01
38687: 1.652632e+00 1.505263e+00 7.315789e-01 1.105263e-01
38687: 1.649215e+00 1.502618e+00 7.329843e-01 1.151832e-01
38687: 1.656250e+00 1.500000e+00 7.291667e-01 1.145833e-01
38687: 1.652850e+00 1.502591e+00 7.253886e-01 1.191710e-01
38687: 1.649485e+00 1.500000e+00 7.319588e-01 1.185567e-01
38687: 1.646154e+00 1.497436e+00 7.333333e-01 1.230769e-01
38687: 1.642857e+00 1.494898e+00 7.346939e-01 1.275510e-01
38687: 1.644670e+00 1.497462e+00 7.309645e-01 1.269036e-01
38687: 1.651515e+00 1.494949e+00 7.272727e-01 1.262626e-01
38687: 1.658291e+00 1.492462e+00 7.236181e-01 1.256281e-01
38687: 1.655000e+00 1.490000e+00 7.300000e-01 1.250000e-01
38687: 1.651741e+00 1.487562e+00 7.363184e-01 1.243781e-01
38687: 1.653465e+00 1.490099e+00 7.326733e-01 1.237624e-01
38687: 1.650246e+00 1.492611e+00 7.339901e-01 1.231527e-01
38687: 1.651961e+00 1.495098e+00 7.303922e-01 1.225490e-01
38687: 1.653659e+00 1.492683e+00 7.317073e-01 1.219512e-01
38687: 1.655340e+00 1.495146e+00 7.281553e-01 1.213592e-01
38687: 1.652174e+00 1.492754e+00 7.342995e-01 1.207729e-01
38687: 1.653846e+00 1.490385e+00 7.355769e-01 1.201923e-01
38687: 1.655502e+00 1.488038e+00 7.368421e-01 1.196172e-01
38687: 1.657143e+00 1.485714e+00 7.380952e-01 1.190476e-01
38687: 1.654028e+00 1.483412e+00 7.440758e-01 1.184834e-01
38687: 1.655660e+00 1.481132e+00 7.452830e-01 1.179245e-01
38687: 1.652582e+00 1.478873e+00 7.511737e-01 1.173709e-01
38687: 1.654206e+00 1.476636e+00 7.523364e-01 1.168224e-01
38687: 1.660465e+00 1.474419e+00 7.488372e-01 1.162791e-01
38687: 1.666667e+00 1.472222e+00 7.453704e-01 1.157407e-01
38687: 1.663594e+00 1.470046e+00 7.511521e-01 1.152074e-01
38687: 1.665138e+00 1.472477e+00 7.477064e-01 1.146789e-01
38687: 1.662100e+00 1.479452e+00 7.442922e-01 1.141553e-01
38687: 1.668182e+00 1.477273e+00 7.409091e-01 1.136364e-01
38687: 1.674208e+00 1.475113e+00 7.375566e-01 1.131222e-01
38687: 1.671171e+00 1.477477e+00 7.387387e-01 1.126126e-01
38687: 1.668161e+00 1.479821e+00 7.399103e-01 1.121076e-01
38687: 1.669643e+00 1.482143e+00 7.366071e-01 1.116071e-01
38687: 1.671111e+00 1.480000e+00 7.377778e-01 1.111111e-01
38687: 1.676991e+00 1.477876e+00 7.345133e-01 1.106195e-01
38687: 1.674009e+00 1.475771e+00 7.356828e-01 1.145374e-01
38687: 1.675439e+00 1.473684e+00 7.368421e-01 1.140351e-01
38687: 1.676856e+00 1.471616e+00 7.336245e-01 1.179039e-01
38687: 1.678261e+00 1.469565e+00 7.304348e-01 1.217391e-01
38687: 1.675325e+00 1.471861e+00 7.316017e-01 1.212121e-01
38687: 1.672414e+00 1.474138e+00 7.327586e-01 1.206897e-01
38687: 1.669528e+00 1.480687e+00 7.296137e-01 1.201717e-01
38687: 1.670940e+00 1.478632e+00 7.307692e-01 1.196581e-01
38687: 1.676596e+00 1.476596e+00 7.276596e-01 1.191489e-01
38687: 1.677966e+00 1.474576e+00 7.288136e-01 1.186441e-01
38687: 1.675105e+00 1.472574e+00 7.299578e-01 1.223629e-01
38687: 1.676471e+00 1.470588e+00 7.310924e-01 1.218487e-01
38687: 1.677824e+00 1.472803e+00 7.280335e-01 1.213389e-01
38687: 1.679167e+00 1.470833e+00 7.291667e-01 1.208333e-01
38687: 1.680498e+00 1.473029e+00 7.261411e-01 1.203320e-01
38687: 1.685950e+00 1.471074e+00 7.231405e-01 1.198347e-01
38687: 1.687243e+00 1.469136e+00 7.242798e-01 1.193416e-01
38687: 1.688525e+00 1.467213e+00 7.254098e-01 1.188525e-01
38687: 1.685714e+00 1.465306e+00 7.265306e-01 1.224490e-01
38687: 1.682927e+00 1.467480e+00 7.276423e-01 1.219512e-01
38687: 1.684211e+00 1.469636e+00 7.246964e-01 1.214575e-01
38687: 1.685484e+00 1.467742e+00 7.217742e-01 1.250000e-01
38687: 1.686747e+00 1.465863e+00 7.228916e-01 1.244980e-01
38687: 1.688000e+00 1.464000e+00 7.240000e-01 1.240000e-01
38687: 1.685259e+00 1.470120e+00 7.211155e-01 1.235060e-01
38687: 1.682540e+00 1.468254e+00 7.222222e-01 1.269841e-01
38687: 1.683794e+00 1.466403e+00 7.193676e-01 1.304348e-01
38687: 1.685039e+00 1.464567e+00 7.165354e-01 1.338583e-01
38687: 1.682353e+00 1.466667e+00 7.176471e-01 1.333333e-01
38687: 1.679688e+00 1.472656e+00 7.148438e-01 1.328125e-01
38687: 1.680934e+00 1.470817e+00 7.120623e-01 1.361868e-01
38687: 1.686047e+00 1.468992e+00 7.093023e-01 1.356589e-01
38687: 1.683398e+00 1.467181e+00 7.142857e-01 1.351351e-01
38687: 1.684615e+00 1.465385e+00 7.153846e-01 1.346154e-01
38687: 1.685824e+00 1.463602e+00 7.126437e-01 1.379310e-01
38687: 1.683206e+00 1.461832e+00 7.175573e-01 1.374046e-01
38687: 1.680608e+00 1.460076e+00 7.224335e-01 1.368821e-01
38687: 1.685606e+00 1.458333e+00 7.196970e-01 1.363636e-01
38687: 1.686792e+00 1.456604e+00 7.207547e-01 1.358491e-01
38687: 1.691729e+00 1.454887e+00 7.180451e-01 1.353383e-01
38687: 1.689139e+00 1.456929e+00 7.191011e-01 1.348315e-01
38687: 1.690299e+00 1.458955e+00 7.164179e-01 1.343284e-01
38687: 1.687732e+00 1.457249e+00 7.211896e-01 1.338290e-01
38687: 1.692593e+00 1.455556e+00 7.185185e-01 1.333333e-01
38687: 1.693727e+00 1.457565e+00 7.158672e-01 1.328413e-01
38687: 1.694853e+00 1.459559e+00 7.132353e-01 1.323529e-01
38687: 1.699634e+00 1.457875e+00 7.106227e-01 1.318681e-01
38687: 1.700730e+00 1.456204e+00 7.080292e-01 1.350365e-01
38687: 1.698182e+00 1.454545e+00 7.127273e-01 1.345455e-01
38687: 1.699275e+00 1.452899e+00 7.101449e-01 1.376812e-01
38687: 1.700361e+00 1.451264e+00 7.111913e-01 1.371841e-01
38687: 1.701439e+00 1.453237e+00 7.086331e-01 1.366906e-01
38687: 1.698925e+00 1.451613e+00 7.132616e-01 1.362007e-01
38687: 1.700000e+00 1.450000e+00 7.142857e-01 1.357143e-01
38687: 1.701068e+00 1.451957e+00 7.117438e-01 1.352313e-01
38687: 1.702128e+00 1.450355e+00 7.127660e-01 1.347518e-01
38687: 1.703180e+00 1.448763e+00 7.102473e-01 1.378092e-01
38687: 1.700704e+00 1.450704e+00 7.112676e-01 1.373239e-01
38687: 1.698246e+00 1.452632e+00 7.122807e-01 1.368421e-01
38687: 1.702797e+00 1.451049e+00 7.097902e-01 1.363636e-01
38687: 1.703833e+00 1.449477e+00 7.108014e-01 1.358885e-01
38687: 1.708333e+00 1.447917e+00 7.083333e-01 1.354167e-01
38687: 1.712803e+00 1.446367e+00 7.058824e-01 1.349481e-01
38687: 1.710345e+00 1.444828e+00 7.068966e-01 1.379310e-01
38687: 1.707904e+00 1.443299e+00 7.079038e-01 1.408935e-01
38687: 1.705479e+00 1.445205e+00 7.089041e-01 1.404110e-01
38687: 1.703072e+00 1.443686e+00 7.098976e-01 1.433447e-01
38687: 1.700680e+00 1.442177e+00 7.108844e-01 1.462585e-01
38687: 1.701695e+00 1.440678e+00 7.118644e-01 1.457627e-01
38687: 1.699324e+00 1.442568e+00 7.128378e-01 1.452703e-01
38687: 1.700337e+00 1.444444e+00 7.104377e-01 1.447811e-01
38687: 1.697987e+00 1.446309e+00 7.114094e-01 1.442953e-01
38687: 1.695652e+00 1.448161e+00 7.090301e-01 1.471572e-01
38687: 1.693333e+00 1.446667e+00 7.133333e-01 1.466667e-01
38687: 1.691030e+00 1.448505e+00 7.142857e-01 1.461794e-01
38687: 1.688742e+00 1.450331e+00 7.152318e-01 1.456954e-01
38687: 1.689769e+00 1.452145e+00 7.128713e-01 1.452145e-01
38687: 1.690789e+00 1.450658e+00 7.138158e-01 1.447368e-01
38687: 1.695082e+00 1.449180e+00 7.114754e-01 1.442623e-01
38687: 1.696078e+00 1.447712e+00 7.091503e-01 1.470588e-01
38687: 1.697068e+00 1.449511e+00 7.068404e-01 1.465798e-01
38687: 1.694805e+00 1.448052e+00 7.077922e-01 1.493506e-01
38687: 1.695793e+00 1.446602e+00 7.087379e-01 1.488673e-01
38687: 1.696774e+00 1.445161e+00 7.096774e-01 1.483871e-01
38687: 1.694534e+00 1.446945e+00 7.106109e-01 1.479100e-01
38687: 1.692308e+00 1.445513e+00 7.147436e-01 1.474359e-01
38687: 1.693291e+00 1.447284e+00 7.124601e-01 1.469649e-01
38687: 1.691083e+00 1.449045e+00 7.133758e-01 1.464968e-01
38687: 1.695238e+00 1.447619e+00 7.111111e-01 1.460317e-01
38687: 1.696203e+00 1.449367e+00 7.088608e-01 1.455696e-01
38687: 1.697161e+00 1.447950e+00 7.097792e-01 1.451104e-01
38687: 1.698113e+00 1.446541e+00 7.106918e-01 1.446541e-01
38687: 1.695925e+00 1.448276e+00 7.084639e-01 1.473354e-01
38687: 1.696875e+00 1.446875e+00 7.093750e-01 1.468750e-01
38687: 1.694704e+00 1.445483e+00 7.133956e-01 1.464174e-01
38687: 1.692547e+00 1.447205e+00 7.142857e-01 1.459627e-01
38687: 1.696594e+00 1.445820e+00 7.120743e-01 1.455108e-01
38687: 1.694444e+00 1.447531e+00 7.098765e-01 1.481481e-01
38687: 1.695385e+00 1.446154e+00 7.107692e-01 1.476923e-01
38687: 1.696319e+00 1.444785e+00 7.085890e-01 1.503067e-01
38687: 1.700306e+00 1.443425e+00 7.064220e-01 1.498471e-01
38687: 1.701220e+00 1.445122e+00 7.042683e-01 1.493902e-01
38687: 1.702128e+00 1.446809e+00 7.021277e-01 1.489362e-01
38687: 1.703030e+00 1.448485e+00 7.000000e-01 1.484848e-01
38687: 1.703927e+00 1.450151e+00 6.978852e-01 1.480363e-01
38687: 1.701807e+00 1.451807e+00 6.987952e-01 1.475904e-01
38687: 1.702703e+00 1.453453e+00 6.966967e-01 1.471471e-01
38687: 1.700599e+00 1.455090e+00 6.976048e-01 1.467066e-01
38687: 1.698507e+00 1.456716e+00 6.985075e-01 1.462687e-01
38687: 1.699405e+00 1.455357e+00 6.994048e-01 1.458333e-01
38687: 1.700297e+00 1.454006e+00 6.973294e-01 1.483680e-01
38687: 1.698225e+00 1.452663e+00 6.982249e-01 1.508876e-01
38687: 1.696165e+00 1.451327e+00 7.020649e-01 1.504425e-01
38687: 1.694118e+00 1.450000e+00 7.029412e-01 1.529412e-01
38687: 1.692082e+00 1.454545e+00 7.008798e-01 1.524927e-01
38687: 1.692982e+00 1.453216e+00 7.017544e-01 1.520468e-01
38687: 1.693878e+00 1.451895e+00 7.026239e-01 1.516035e-01
38687: 1.694767e+00 1.450581e+00 7.034884e-01 1.511628e-01
38687: 1.692754e+00 1.452174e+00 7.014493e-01 1.536232e-01
38687: 1.690751e+00 1.453757e+00 7.023121e-01 1.531792e-01
38687: 1.688761e+00 1.452450e+00 7.031700e-01 1.556196e-01
38687: 1.686782e+00 1.451149e+00 7.040230e-01 1.580460e-01
38687: 1.690544e+00 1.449857e+00 7.020057e-01 1.575931e-01
38687: 1.691429e+00 1.451429e+00 7.000000e-01 1.571429e-01
38687: 1.689459e+00 1.450142e+00 7.008547e-01 1.595442e-01
38687: 1.690341e+00 1.448864e+00 6.988636e-01 1.619318e-01
38687: 1.691218e+00 1.450425e+00 6.968839e-01 1.614731e-01
38687: 1.692090e+00 1.451977e+00 6.949153e-01 1.610169e-01
38687: 1.692958e+00 1.450704e+00 6.957746e-01 1.605634e-01
38687: 1.691011e+00 1.455056e+00 6.938202e-01 1.601124e-01
38687: 1.689076e+00 1.459384e+00 6.918768e-01 1.596639e-01
38687: 1.692737e+00 1.458101e+00 6.899441e-01 1.592179e-01
38687: 1.690808e+00 1.456825e+00 6.935933e-01 1.587744e-01
38687: 1.688889e+00 1.455556e+00 6.944444e-01 1.611111e-01
38687: 1.689751e+00 1.457064e+00 6.925208e-01 1.606648e-01
38687: 1.690608e+00 1.455801e+00 6.933702e-01 1.602210e-01
38687: 1.688705e+00 1.457300e+00 6.942149e-01 1.597796e-01
38687: 1.689560e+00 1.458791e+00 6.923077e-01 1.593407e-01
38687: 1.690411e+00 1.457534e+00 6.904110e-01 1.616438e-01
38687: 1.688525e+00 1.461749e+00 6.885246e-01 1.612022e-01
38687: 1.686649e+00 1.460490e+00 6.920981e-01 1.607629e-01
38687: 1.687500e+00 1.459239e+00 6.929348e-01 1.603261e-01
38687: 1.688347e+00 1.460705e+00 6.910569e-01 1.598916e-01
38687: 1.686486e+00 1.459459e+00 6.945946e-01 1.594595e-01
38687: 1.687332e+00 1.460916e+00 6.927224e-01 1.590296e-01
38687: 1.685484e+00 1.462366e+00 6.935484e-01 1.586022e-01
38687: 1.686327e+00 1.461126e+00 6.916890e-01 1.608579e-01
38687: 1.689840e+00 1.459893e+00 6.898396e-01 1.604278e-01
38687: 1.688000e+00 1.461333e+00 6.906667e-01 1.600000e-01
38687: 1.686170e+00 1.462766e+00 6.914894e-01 1.595745e-01
38687: 1.684350e+00 1.461538e+00 6.949602e-01 1.591512e-01
38687: 1.687831e+00 1.460317e+00 6.931217e-01 1.587302e-01
38687: 1.686016e+00 1.459103e+00 6.965699e-01 1.583113e-01
38687: 1.684211e+00 1.460526e+00 6.973684e-01 1.578947e-01
38687: 1.682415e+00 1.459318e+00 6.981627e-01 1.601050e-01
38687: 1.680628e+00 1.463351e+00 6.963351e-01 1.596859e-01
38687: 1.678851e+00 1.464752e+00 6.971279e-01 1.592689e-01
38687: 1.677083e+00 1.466146e+00 6.979167e-01 1.588542e-01
38687: 1.677922e+00 1.464935e+00 6.987013e-01 1.584416e-01
38687: 1.678756e+00 1.463731e+00 6.994819e-01 1.580311e-01
38687: 1.679587e+00 1.465116e+00 6.976744e-01 1.576227e-01
38687: 1.677835e+00 1.463918e+00 7.010309e-01 1.572165e-01
38687: 1.676093e+00 1.465296e+00 7.017995e-01 1.568123e-01
38687: 1.676923e+00 1.466667e+00 7.000000e-01 1.564103e-01
38687: 1.677749e+00 1.465473e+00 7.007673e-01 1.560102e-01
38687: 1.678571e+00 1.464286e+00 7.015306e-01 1.556122e-01
38687: 1.679389e+00 1.463104e+00 7.022901e-01 1.552163e-01
38687: 1.682741e+00 1.461929e+00 7.005076e-01 1.548223e-01
38687: 1.683544e+00 1.460759e+00 7.012658e-01 1.544304e-01
38687: 1.686869e+00 1.459596e+00 6.994949e-01 1.540404e-01
38687: 1.690176e+00 1.458438e+00 6.977330e-01 1.536524e-01
38687: 1.688442e+00 1.457286e+00 6.984925e-01 1.557789e-01
38687: 1.686717e+00 1.458647e+00 6.992481e-01 1.553885e-01
38687: 1.687500e+00 1.460000e+00 6.975000e-01 1.550000e-01
38687: 1.685786e+00 1.461347e+00 6.957606e-01 1.571072e-01
38687: 1.684080e+00 1.460199e+00 6.990050e-01 1.567164e-01
38687: 1.684864e+00 1.459057e+00 6.997519e-01 1.563275e-01
38687: 1.688119e+00 1.457921e+00 6.980198e-01 1.559406e-01
38687: 1.688889e+00 1.456790e+00 6.987654e-01 1.555556e-01
38687: 1.689655e+00 1.458128e+00 6.970443e-01 1.551724e-01
38687: 1.692875e+00 1.457002e+00 6.953317e-01 1.547912e-01
38687: 1.691176e+00 1.458333e+00 6.960784e-01 1.544118e-01
38687: 1.691932e+00 1.457213e+00 6.968215e-01 1.540342e-01
38687: 1.690244e+00 1.456098e+00 7.000000e-01 1.536585e-01
38687: 1.688564e+00 1.454988e+00 7.007299e-01 1.557178e-01
38687: 1.689320e+00 1.453883e+00 6.990291e-01 1.577670e-01
38687: 1.690073e+00 1.455206e+00 6.973366e-01 1.573850e-01
38687: 1.688406e+00 1.456522e+00 6.956522e-01 1.594203e-01
38687: 1.686747e+00 1.455422e+00 6.987952e-01 1.590361e-01
38687: 1.687500e+00 1.454327e+00 6.995192e-01 1.586538e-01
38687: 1.685851e+00 1.455635e+00 7.002398e-01 1.582734e-01
38687: 1.684211e+00 1.459330e+00 6.985646e-01 1.578947e-01
38687: 1.684964e+00 1.458234e+00 6.992840e-01 1.575179e-01
38687: 1.685714e+00 1.459524e+00 6.976190e-01 1.571429e-01
38687: 1.686461e+00 1.460808e+00 6.959620e-01 1.567696e-01
38687: 1.687204e+00 1.462085e+00 6.943128e-01 1.563981e-01
38687: 1.687943e+00 1.463357e+00 6.926714e-01 1.560284e-01
38687: 1.686321e+00 1.464623e+00 6.933962e-01 1.556604e-01
38687: 1.687059e+00 1.463529e+00 6.941176e-01 1.552941e-01
38687: 1.687793e+00 1.464789e+00 6.924883e-01 1.549296e-01
38687: 1.686183e+00 1.466042e+00 6.932084e-01 1.545667e-01
38687: 1.684579e+00 1.467290e+00 6.939252e-01 1.542056e-01
38687: 1.685315e+00 1.466200e+00 6.923077e-01 1.561772e-01
38687: 1.683721e+00 1.467442e+00 6.930233e-01 1.558140e-01
38687: 1.684455e+00 1.468677e+00 6.914153e-01 1.554524e-01
38687: 1.682870e+00 1.469907e+00 6.921296e-01 1.550926e-01
38687: 1.681293e+00 1.471132e+00 6.928406e-01 1.547344e-01
38687: 1.682028e+00 1.472350e+00 6.912442e-01 1.543779e-01
38687: 1.682759e+00 1.471264e+00 6.919540e-01 1.540230e-01
38687: 1.681193e+00 1.472477e+00 6.926606e-01 1.536697e-01
38687: 1.679634e+00 1.473684e+00 6.910755e-01 1.556064e-01
38687: 1.682648e+00 1.472603e+00 6.894977e-01 1.552511e-01
38687: 1.681093e+00 1.471526e+00 6.902050e-01 1.571754e-01
38687: 1.681818e+00 1.472727e+00 6.886364e-01 1.568182e-01
38687: 1.680272e+00 1.473923e+00 6.870748e-01 1.587302e-01
38687: 1.683258e+00 1.472851e+00 6.855204e-01 1.583710e-01
38687: 1.683973e+00 1.471783e+00 6.862302e-01 1.580135e-01
38687: 1.684685e+00 1.472973e+00 6.846847e-01 1.576577e-01
38687: 1.683146e+00 1.471910e+00 6.876404e-01 1.573034e-01
38687: 1.686099e+00 1.470852e+00 6.860987e-01 1.569507e-01
38687: 1.686801e+00 1.472036e+00 6.845638e-01 1.565996e-01
38687: 1.685268e+00 1.473214e+00 6.852679e-01 1.562500e-01
38687: 1.688196e+00 1.472160e+00 6.837416e-01 1.559020e-01
38687: 1.686667e+00 1.473333e+00 6.844444e-01 1.555556e-01
38687: 1.687361e+00 1.472284e+00 6.851441e-01 1.552106e-01
38687: 1.690265e+00 1.471239e+00 6.836283e-01 1.548673e-01
38687: 1.688742e+00 1.472406e+00 6.821192e-01 1.567329e-01
38687: 1.687225e+00 1.471366e+00 6.850220e-01 1.563877e-01
38687: 1.687912e+00 1.470330e+00 6.857143e-01 1.560440e-01
38687: 1.686404e+00 1.469298e+00 6.885965e-01 1.557018e-01
38687: 1.687090e+00 1.468271e+00 6.892779e-01 1.553611e-01
38687: 1.689956e+00 1.467249e+00 6.877729e-01 1.550218e-01
38687: 1.690632e+00 1.468410e+00 6.862745e-01 1.546841e-01
38687: 1.691304e+00 1.467391e+00 6.869565e-01 1.543478e-01
38687: 1.691974e+00 1.468547e+00 6.854664e-01 1.540130e-01
38687: 1.694805e+00 1.467532e+00 6.839827e-01 1.536797e-01
38687: 1.693305e+00 1.466523e+00 6.846652e-01 1.555076e-01
38687: 1.693966e+00 1.465517e+00 6.853448e-01 1.551724e-01
38687: 1.692473e+00 1.466667e+00 6.860215e-01 1.548387e-01
38687: 1.690987e+00 1.467811e+00 6.866953e-01 1.545064e-01
38687: 1.689507e+00 1.466809e+00 6.895075e-01 1.541756e-01
38687: 1.690171e+00 1.465812e+00 6.880342e-01 1.559829e-01
38687: 1.688699e+00 1.464819e+00 6.886994e-01 1.577825e-01
38687: 1.689362e+00 1.465957e+00 6.872340e-01 1.574468e-01
38687: 1.687898e+00 1.464968e+00 6.900212e-01 1.571125e-01
38687: 1.688559e+00 1.463983e+00 6.906780e-01 1.567797e-01
38687: 1.689218e+00 1.463002e+00 6.913319e-01 1.564482e-01
38687: 1.687764e+00 1.466245e+00 6.898734e-01 1.561181e-01
38687: 1.688421e+00 1.467368e+00 6.884211e-01 1.557895e-01
38687: 1.686975e+00 1.466387e+00 6.911765e-01 1.554622e-01
38687: 1.687631e+00 1.465409e+00 6.918239e-01 1.551363e-01
38687: 1.688285e+00 1.466527e+00 6.903766e-01 1.548117e-01
38687: 1.691023e+00 1.465553e+00 6.889353e-01 1.544885e-01
38687: 1.689583e+00 1.468750e+00 6.875000e-01 1.541667e-01
38687: 1.690229e+00 1.469854e+00 6.860707e-01 1.538462e-01
38687: 1.690871e+00 1.468880e+00 6.846473e-01 1.556017e-01
38687: 1.691511e+00 1.469979e+00 6.832298e-01 1.552795e-01
38687: 1.692149e+00 1.471074e+00 6.818182e-01 1.549587e-01
38687: 1.692784e+00 1.470103e+00 6.824742e-01 1.546392e-01
38687: 1.691358e+00 1.469136e+00 6.831276e-01 1.563786e-01
38687: 1.691992e+00 1.470226e+00 6.817248e-01 1.560575e-01
38687: 1.692623e+00 1.469262e+00 6.823770e-01 1.557377e-01
38687: 1.691207e+00 1.468303e+00 6.850716e-01 1.554192e-01
38687: 1.691837e+00 1.467347e+00 6.836735e-01 1.571429e-01
38687: 1.694501e+00 1.466395e+00 6.822811e-01 1.568228e-01
38687: 1.695122e+00 1.467480e+00 6.808943e-01 1.565041e-01
38687: 1.693712e+00 1.466531e+00 6.835700e-01 1.561866e-01
38687: 1.694332e+00 1.467611e+00 6.821862e-01 1.558704e-01
38687: 1.692929e+00 1.470707e+00 6.808081e-01 1.555556e-01
38687: 1.693548e+00 1.469758e+00 6.814516e-01 1.552419e-01
38687: 1.692153e+00 1.468813e+00 6.841046e-01 1.549296e-01
38687: 1.692771e+00 1.469880e+00 6.827309e-01 1.546185e-01
38687: 1.693387e+00 1.468938e+00 6.833667e-01 1.543086e-01
38687: 1.692000e+00 1.472000e+00 6.820000e-01 1.540000e-01
38687: 1.690619e+00 1.473054e+00 6.826347e-01 1.536926e-01
38687: 1.693227e+00 1.472112e+00 6.812749e-01 1.533865e-01
38687: 1.691849e+00 1.473161e+00 6.819085e-01 1.530815e-01
38687: 1.692460e+00 1.472222e+00 6.825397e-01 1.527778e-01
38687: 1.691089e+00 1.471287e+00 6.831683e-01 1.544554e-01
38687: 1.691700e+00 1.472332e+00 6.818182e-01 1.541502e-01
38687: 1.692308e+00 1.473373e+00 6.804734e-01 1.538462e-01
38687: 1.690945e+00 1.474409e+00 6.811024e-01 1.535433e-01
38687: 1.689587e+00 1.475442e+00 6.817289e-01 1.532417e-01
38687: 1.690196e+00 1.474510e+00 6.823529e-01 1.529412e-01
38687: 1.692759e+00 1.473581e+00 6.810176e-01 1.526419e-01
38687: 1.693359e+00 1.472656e+00 6.796875e-01 1.542969e-01
38687: 1.695906e+00 1.471735e+00 6.783626e-01 1.539961e-01
38687: 1.696498e+00 1.472763e+00 6.770428e-01 1.536965e-01
38687: 1.697087e+00 1.473786e+00 6.757282e-01 1.533981e-01
38687: 1.695736e+00 1.474806e+00 6.763566e-01 1.531008e-01
38687: 1.696325e+00 1.473888e+00 6.769826e-01 1.528046e-01
38687: 1.696911e+00 1.472973e+00 6.756757e-01 1.544402e-01
38687: 1.697495e+00 1.472062e+00 6.763006e-01 1.541426e-01
38687: 1.698077e+00 1.473077e+00 6.750000e-01 1.538462e-01
38687: 1.698656e+00 1.472169e+00 6.756238e-01 1.535509e-01
38687: 1.697318e+00 1.473180e+00 6.743295e-01 1.551724e-01
38687: 1.695985e+00 1.474187e+00 6.749522e-01 1.548757e-01
38687: 1.694656e+00 1.475191e+00 6.755725e-01 1.545802e-01
38687: 1.695238e+00 1.476190e+00 6.742857e-01 1.542857e-01
38687: 1.695817e+00 1.475285e+00 6.749049e-01 1.539924e-01
38687: 1.694497e+00 1.474383e+00 6.774194e-01 1.537002e-01
38687: 1.693182e+00 1.477273e+00 6.761364e-01 1.534091e-01
38687: 1.695652e+00 1.476371e+00 6.748582e-01 1.531191e-01
38687: 1.696226e+00 1.477358e+00 6.735849e-01 1.528302e-01
38687: 1.694915e+00 1.476460e+00 6.760829e-01 1.525424e-01
38687: 1.695489e+00 1.475564e+00 6.766917e-01 1.522556e-01
38687: 1.694184e+00 1.474672e+00 6.772983e-01 1.538462e-01
38687: 1.694757e+00 1.473783e+00 6.760300e-01 1.554307e-01
38687: 1.695327e+00 1.474766e+00 6.747664e-01 1.551402e-01
38687: 1.694030e+00 1.475746e+00 6.753731e-01 1.548507e-01
38687: 1.692737e+00 1.474860e+00 6.778399e-01 1.545624e-01
38687: 1.691450e+00 1.475836e+00 6.784387e-01 1.542751e-01
38687: 1.690167e+00 1.478664e+00 6.771800e-01 1.539889e-01
38687: 1.688889e+00 1.477778e+00 6.796296e-01 1.537037e-01
38687: 1.689464e+00 1.476895e+00 6.783734e-01 1.552680e-01
38687: 1.690037e+00 1.477860e+00 6.771218e-01 1.549815e-01
38687: 1.692449e+00 1.476980e+00 6.758748e-01 1.546961e-01
38687: 1.694853e+00 1.476103e+00 6.746324e-01 1.544118e-01
38687: 1.693578e+00 1.475229e+00 6.752294e-01 1.559633e-01
38687: 1.694139e+00 1.474359e+00 6.758242e-01 1.556777e-01
38687: 1.694698e+00 1.475320e+00 6.745887e-01 1.553931e-01
38687: 1.693431e+00 1.474453e+00 6.770073e-01 1.551095e-01
38687: 1.692168e+00 1.473588e+00 6.794171e-01 1.548270e-01
38687: 1.690909e+00 1.474545e+00 6.800000e-01 1.545455e-01
38687: 1.691470e+00 1.475499e+00 6.787659e-01 1.542650e-01
38687: 1.692029e+00 1.474638e+00 6.793478e-01 1.539855e-01
38687: 1.692586e+00 1.473779e+00 6.799277e-01 1.537071e-01
38687: 1.693141e+00 1.472924e+00 6.805054e-01 1.534296e-01
38687: 1.691892e+00 1.473874e+00 6.810811e-01 1.531532e-01
38687: 1.690647e+00 1.473022e+00 6.816547e-01 1.546763e-01
38687: 1.689408e+00 1.475763e+00 6.804309e-01 1.543986e-01
38687: 1.688172e+00 1.476703e+00 6.810036e-01 1.541219e-01
38687: 1.686941e+00 1.477639e+00 6.815742e-01 1.538462e-01
38687: 1.689286e+00 1.476786e+00 6.803571e-01 1.535714e-01
38687: 1.689840e+00 1.475936e+00 6.791444e-01 1.550802e-01
38687: 1.690391e+00 1.475089e+00 6.797153e-01 1.548043e-01
38687: 1.689165e+00 1.474245e+00 6.820604e-01 1.545293e-01
38687: 1.687943e+00 1.475177e+00 6.826241e-01 1.542553e-01
38687: 1.686726e+00 1.477876e+00 6.814159e-01 1.539823e-01
38687: 1.687279e+00 1.478799e+00 6.802120e-01 1.537102e-01
38687: 1.689594e+00 1.477954e+00 6.790123e-01 1.534392e-01
38687: 1.691901e+00 1.477113e+00 6.778169e-01 1.531690e-01
38687: 1.692443e+00 1.478032e+00 6.766257e-01 1.528998e-01
38687: 1.692982e+00 1.477193e+00 6.771930e-01 1.526316e-01
38687: 1.693520e+00 1.476357e+00 6.760070e-01 1.541156e-01
38687: 1.694056e+00 1.475524e+00 6.765734e-01 1.538462e-01
38687: 1.694590e+00 1.474695e+00 6.771379e-01 1.535777e-01
38687: 1.695122e+00 1.475610e+00 6.759582e-01 1.533101e-01
38687: 1.695652e+00 1.474783e+00 6.765217e-01 1.530435e-01
38687: 1.697917e+00 1.473958e+00 6.753472e-01 1.527778e-01
38687: 1.696707e+00 1.474870e+00 6.759099e-01 1.525130e-01
38687: 1.698962e+00 1.474048e+00 6.747405e-01 1.522491e-01
38687: 1.699482e+00 1.473230e+00 6.735751e-01 1.537133e-01
38687: 1.700000e+00 1.472414e+00 6.741379e-01 1.534483e-01
38687: 1.698795e+00 1.471601e+00 6.746988e-01 1.549053e-01
38687: 1.699313e+00 1.472509e+00 6.735395e-01 1.546392e-01
38687: 1.699828e+00 1.473413e+00 6.723842e-01 1.543739e-01
38687: 1.702055e+00 1.472603e+00 6.712329e-01 1.541096e-01
38687: 1.704274e+00 1.471795e+00 6.700855e-01 1.538462e-01
38687: 1.704778e+00 1.470990e+00 6.706485e-01 1.535836e-01
38687: 1.703578e+00 1.470187e+00 6.729131e-01 1.533220e-01
38687: 1.704082e+00 1.471088e+00 6.717687e-01 1.530612e-01
38687: 1.704584e+00 1.470289e+00 6.723260e-01 1.528014e-01
38687: 1.703390e+00 1.471186e+00 6.728814e-01 1.525424e-01
38687: 1.702200e+00 1.472081e+00 6.734349e-01 1.522843e-01
38687: 1.701014e+00 1.472973e+00 6.739865e-01 1.520270e-01
38687: 1.701518e+00 1.473862e+00 6.728499e-01 1.517707e-01
38687: 1.700337e+00 1.473064e+00 6.750842e-01 1.515152e-01
38687: 1.699160e+00 1.473950e+00 6.756303e-01 1.512605e-01
38687: 1.697987e+00 1.474832e+00 6.761745e-01 1.510067e-01
38687: 1.696817e+00 1.474037e+00 6.767169e-01 1.524288e-01
38687: 1.695652e+00 1.476589e+00 6.755853e-01 1.521739e-01
38687: 1.696160e+00 1.477462e+00 6.744574e-01 1.519199e-01
38687: 1.696667e+00 1.476667e+00 6.750000e-01 1.516667e-01
38687: 1.695507e+00 1.477537e+00 6.755408e-01 1.514143e-01
38687: 1.694352e+00 1.476744e+00 6.777409e-01 1.511628e-01
38687: 1.694859e+00 1.475954e+00 6.766169e-01 1.525705e-01
38687: 1.695364e+00 1.475166e+00 6.771523e-01 1.523179e-01
38687: 1.695868e+00 1.476033e+00 6.760331e-01 1.520661e-01
38687: 1.696370e+00 1.476898e+00 6.749175e-01 1.518152e-01
38687: 1.695222e+00 1.479407e+00 6.738056e-01 1.515651e-01
38687: 1.694079e+00 1.480263e+00 6.743421e-01 1.513158e-01
38687: 1.692939e+00 1.481117e+00 6.732348e-01 1.527094e-01
38687: 1.693443e+00 1.481967e+00 6.721311e-01 1.524590e-01
38687: 1.692308e+00 1.482815e+00 6.726678e-01 1.522095e-01
38687: 1.691176e+00 1.483660e+00 6.732026e-01 1.519608e-01
38687: 1.690049e+00 1.482871e+00 6.753670e-01 1.517129e-01
38687: 1.690554e+00 1.482085e+00 6.758958e-01 1.514658e-01
38687: 1.689431e+00 1.481301e+00 6.764228e-01 1.528455e-01
38687: 1.689935e+00 1.482143e+00 6.753247e-01 1.525974e-01
38687: 1.690438e+00 1.481361e+00 6.742301e-01 1.539708e-01
38687: 1.689320e+00 1.482201e+00 6.747573e-01 1.537217e-01
38687: 1.689822e+00 1.483037e+00 6.736672e-01 1.534733e-01
38687: 1.690323e+00 1.483871e+00 6.725806e-01 1.532258e-01
38687: 1.689211e+00 1.484702e+00 6.731079e-01 1.529791e-01
38687: 1.689711e+00 1.483923e+00 6.736334e-01 1.527331e-01
38687: 1.690209e+00 1.483146e+00 6.741573e-01 1.524880e-01
38687: 1.690705e+00 1.482372e+00 6.746795e-01 1.522436e-01
38687: 1.689600e+00 1.484800e+00 6.736000e-01 1.520000e-01
38687: 1.690096e+00 1.484026e+00 6.741214e-01 1.517572e-01
38687: 1.690590e+00 1.484848e+00 6.730463e-01 1.515152e-01
38687: 1.691083e+00 1.484076e+00 6.735669e-01 1.512739e-01
38687: 1.691574e+00 1.483307e+00 6.724960e-01 1.526232e-01
38687: 1.693651e+00 1.482540e+00 6.714286e-01 1.523810e-01
38687: 1.694136e+00 1.483360e+00 6.703645e-01 1.521395e-01
38687: 1.694620e+00 1.482595e+00 6.708861e-01 1.518987e-01
38687: 1.695103e+00 1.483412e+00 6.698262e-01 1.516588e-01
38687: 1.694006e+00 1.484227e+00 6.703470e-01 1.514196e-01
38687: 1.692913e+00 1.483465e+00 6.724409e-01 1.511811e-01
38687: 1.691824e+00 1.485849e+00 6.713836e-01 1.509434e-01
38687: 1.690738e+00 1.486656e+00 6.718995e-01 1.507064e-01
38687: 1.692790e+00 1.485893e+00 6.708464e-01 1.504702e-01
38687: 1.691706e+00 1.486698e+00 6.713615e-01 1.502347e-01
38687: 1.692187e+00 1.487500e+00 6.703125e-01 1.500000e-01
38687: 1.691108e+00 1.489860e+00 6.692668e-01 1.497660e-01
38687: 1.690031e+00 1.490654e+00 6.697819e-01 1.495327e-01
38687: 1.688958e+00 1.489891e+00 6.718507e-01 1.493002e-01
38687: 1.687888e+00 1.489130e+00 6.723602e-01 1.506211e-01
38687: 1.688372e+00 1.488372e+00 6.728682e-01 1.503876e-01
38687: 1.687307e+00 1.487616e+00 6.749226e-01 1.501548e-01
38687: 1.686244e+00 1.489954e+00 6.738794e-01 1.499227e-01
38687: 1.686728e+00 1.489198e+00 6.728395e-01 1.512346e-01
38687: 1.687211e+00 1.488444e+00 6.718028e-01 1.525424e-01
38687: 1.686154e+00 1.487692e+00 6.738462e-01 1.523077e-01
38687: 1.686636e+00 1.488479e+00 6.728111e-01 1.520737e-01
38687: 1.687117e+00 1.489264e+00 6.717791e-01 1.518405e-01
38687: 1.687596e+00 1.488515e+00 6.722818e-01 1.516080e-01
38687: 1.689602e+00 1.487768e+00 6.712538e-01 1.513761e-01
38687: 1.690076e+00 1.487023e+00 6.717557e-01 1.511450e-01
38687: 1.689024e+00 1.487805e+00 6.722561e-01 1.509146e-01
38687: 1.691020e+00 1.487062e+00 6.712329e-01 1.506849e-01
38687: 1.691489e+00 1.486322e+00 6.717325e-01 1.504559e-01
38687: 1.690440e+00 1.485584e+00 6.737481e-01 1.502276e-01
38687: 1.689394e+00 1.487879e+00 6.727273e-01 1.500000e-01
38687: 1.689864e+00 1.488654e+00 6.717095e-01 1.497731e-01
38687: 1.688822e+00 1.489426e+00 6.722054e-01 1.495468e-01
38687: 1.687783e+00 1.490196e+00 6.726998e-01 1.493213e-01
38687: 1.686747e+00 1.489458e+00 6.731928e-01 1.506024e-01
38687: 1.685714e+00 1.490226e+00 6.721805e-01 1.518797e-01
38687: 1.684685e+00 1.490991e+00 6.726727e-01 1.516517e-01
38687: 1.683658e+00 1.491754e+00 6.731634e-01 1.514243e-01
38687: 1.682635e+00 1.494012e+00 6.721557e-01 1.511976e-01
38687: 1.683109e+00 1.494768e+00 6.711510e-01 1.509716e-01
38687: 1.683582e+00 1.495522e+00 6.701493e-01 1.507463e-01
38687: 1.684054e+00 1.494784e+00 6.691505e-01 1.520119e-01
38687: 1.683036e+00 1.494048e+00 6.696429e-01 1.532738e-01
38687: 1.683507e+00 1.493314e+00 6.686478e-01 1.545319e-01
38687: 1.685460e+00 1.492582e+00 6.676558e-01 1.543027e-01
38687: 1.684444e+00 1.493333e+00 6.681481e-01 1.540741e-01
38687: 1.684911e+00 1.492604e+00 6.686391e-01 1.538462e-01
38687: 1.683900e+00 1.493353e+00 6.676514e-01 1.550960e-01
38687: 1.684366e+00 1.494100e+00 6.666667e-01 1.548673e-01
38687: 1.683358e+00 1.494845e+00 6.671576e-01 1.546392e-01
38687: 1.685294e+00 1.494118e+00 6.661765e-01 1.544118e-01
38687: 1.685756e+00 1.493392e+00 6.651982e-01 1.556535e-01
38687: 1.686217e+00 1.492669e+00 6.656891e-01 1.554252e-01
38687: 1.685212e+00 1.494876e+00 6.647145e-01 1.551977e-01
38687: 1.685673e+00 1.495614e+00 6.637427e-01 1.549708e-01
38687: 1.686131e+00 1.494891e+00 6.642336e-01 1.547445e-01
38687: 1.686589e+00 1.494169e+00 6.647230e-01 1.545190e-01
38687: 1.687045e+00 1.494905e+00 6.637555e-01 1.542940e-01
38687: 1.688953e+00 1.494186e+00 6.627907e-01 1.540698e-01
38687: 1.687954e+00 1.496372e+00 6.618287e-01 1.538462e-01
38687: 1.686957e+00 1.497101e+00 6.608696e-01 1.550725e-01
38687: 1.687410e+00 1.497829e+00 6.599132e-01 1.548480e-01
38687: 1.687861e+00 1.498555e+00 6.589595e-01 1.546243e-01
38687: 1.688312e+00 1.497835e+00 6.594517e-01 1.544012e-01
38687: 1.688761e+00 1.497118e+00 6.599424e-01 1.541787e-01
38687: 1.687770e+00 1.499281e+00 6.589928e-01 1.539568e-01
38687: 1.688218e+00 1.500000e+00 6.580460e-01 1.537356e-01
38687: 1.688666e+00 1.500717e+00 6.571019e-01 1.535151e-01
38687: 1.689112e+00 1.501433e+00 6.561605e-01 1.532951e-01
38687: 1.690987e+00 1.500715e+00 6.552217e-01 1.530758e-01
38687: 1.691429e+00 1.501429e+00 6.542857e-01 1.528571e-01
38687: 1.693295e+00 1.500713e+00 6.533524e-01 1.526391e-01
38687: 1.695157e+00 1.500000e+00 6.524217e-01 1.524217e-01
38687: 1.695590e+00 1.500711e+00 6.514936e-01 1.522048e-01
38687: 1.697443e+00 1.500000e+00 6.505682e-01 1.519886e-01
38687: 1.696454e+00 1.499291e+00 6.524823e-01 1.517730e-01
38687: 1.696884e+00 1.498584e+00 6.529745e-01 1.515581e-01
38687: 1.695898e+00 1.499293e+00 6.520509e-01 1.527581e-01
38687: 1.696328e+00 1.500000e+00 6.511299e-01 1.525424e-01
38687: 1.695346e+00 1.500705e+00 6.516220e-01 1.523272e-01
38687: 1.694366e+00 1.501408e+00 6.521127e-01 1.521127e-01
38687: 1.694796e+00 1.500703e+00 6.526020e-01 1.518987e-01
38687: 1.695225e+00 1.500000e+00 6.530899e-01 1.516854e-01
38687: 1.694250e+00 1.500701e+00 6.535764e-01 1.514727e-01
38687: 1.694678e+00 1.501401e+00 6.526611e-01 1.512605e-01
38687: 1.696503e+00 1.500699e+00 6.517483e-01 1.510490e-01
38687: 1.695531e+00 1.502793e+00 6.508380e-01 1.508380e-01
38687: 1.695955e+00 1.503487e+00 6.499303e-01 1.506276e-01
38687: 1.696379e+00 1.502786e+00 6.504178e-01 1.504178e-01
38687: 1.695410e+00 1.502086e+00 6.522949e-01 1.502086e-01
38687: 1.694444e+00 1.502778e+00 6.527778e-01 1.500000e-01
38687: 1.694868e+00 1.502080e+00 6.532594e-01 1.497920e-01
38687: 1.693906e+00 1.502770e+00 6.537396e-01 1.495845e-01
38687: 1.694329e+00 1.502075e+00 6.542185e-01 1.493776e-01
38687: 1.693370e+00 1.502762e+00 6.546961e-01 1.491713e-01
38687: 1.692414e+00 1.503448e+00 6.551724e-01 1.489655e-01
38687: 1.694215e+00 1.502755e+00 6.542700e-01 1.487603e-01
38687: 1.694635e+00 1.503439e+00 6.533700e-01 1.485557e-01
38687: 1.695055e+00 1.502747e+00 6.524725e-01 1.497253e-01
38687: 1.695473e+00 1.502058e+00 6.529492e-01 1.495199e-01
38687: 1.694521e+00 1.501370e+00 6.547945e-01 1.493151e-01
38687: 1.694938e+00 1.502052e+00 6.538988e-01 1.491108e-01
38687: 1.693989e+00 1.504098e+00 6.530055e-01 1.489071e-01
38687: 1.694407e+00 1.503411e+00 6.534789e-01 1.487040e-01
38687: 1.693460e+00 1.504087e+00 6.539510e-01 1.485014e-01
38687: 1.693878e+00 1.503401e+00 6.544218e-01 1.482993e-01
38687: 1.694293e+00 1.504076e+00 6.535326e-01 1.480978e-01
38687: 1.693351e+00 1.506106e+00 6.526459e-01 1.478969e-01
38687: 1.693767e+00 1.506775e+00 6.517615e-01 1.476965e-01
38687: 1.692828e+00 1.506089e+00 6.522327e-01 1.488498e-01
38687: 1.693243e+00 1.505405e+00 6.527027e-01 1.486486e-01
38687: 1.692308e+00 1.506073e+00 6.518219e-01 1.497976e-01
38687: 1.692722e+00 1.505391e+00 6.522911e-01 1.495957e-01
38687: 1.691790e+00 1.504711e+00 6.541050e-01 1.493943e-01
38687: 1.692204e+00 1.504032e+00 6.545699e-01 1.491935e-01
38687: 1.691275e+00 1.504698e+00 6.550336e-01 1.489933e-01
38687: 1.691689e+00 1.504021e+00 6.554960e-01 1.487936e-01
38687: 1.690763e+00 1.504685e+00 6.546185e-01 1.499331e-01
38687: 1.692513e+00 1.504011e+00 6.537433e-01 1.497326e-01
38687: 1.691589e+00 1.503338e+00 6.555407e-01 1.495327e-01
38687: 1.692000e+00 1.502667e+00 6.560000e-01 1.493333e-01
38687: 1.691079e+00 1.503329e+00 6.564581e-01 1.491345e-01
38687: 1.690160e+00 1.502660e+00 6.582447e-01 1.489362e-01
38687: 1.690571e+00 1.501992e+00 6.586985e-01 1.487384e-01
38687: 1.689655e+00 1.501326e+00 6.604775e-01 1.485411e-01
38687: 1.688742e+00 1.503311e+00 6.596026e-01 1.483444e-01
38687: 1.687831e+00 1.505291e+00 6.587302e-01 1.481481e-01
38687: 1.686922e+00 1.505945e+00 6.591810e-01 1.479524e-01
38687: 1.687335e+00 1.506596e+00 6.583113e-01 1.477573e-01
38687: 1.686430e+00 1.507246e+00 6.587615e-01 1.475626e-01
38687: 1.688158e+00 1.506579e+00 6.578947e-01 1.473684e-01
38687: 1.687254e+00 1.507227e+00 6.570302e-01 1.484888e-01
38687: 1.687664e+00 1.506562e+00 6.561680e-01 1.496063e-01
38687: 1.686763e+00 1.505898e+00 6.579292e-01 1.494102e-01
38687: 1.687173e+00 1.506545e+00 6.570681e-01 1.492147e-01
38687: 1.686275e+00 1.508497e+00 6.562092e-01 1.490196e-01
38687: 1.686684e+00 1.507833e+00 6.566580e-01 1.488251e-01
38687: 1.688396e+00 1.507171e+00 6.558018e-01 1.486310e-01
38687: 1.688802e+00 1.507812e+00 6.549479e-01 1.484375e-01
38687: 1.689207e+00 1.507152e+00 6.553966e-01 1.482445e-01
38687: 1.689610e+00 1.506494e+00 6.558442e-01 1.480519e-01
38687: 1.690013e+00 1.507134e+00 6.549935e-01 1.478599e-01
38687: 1.689119e+00 1.506477e+00 6.567358e-01 1.476684e-01
38687: 1.690815e+00 1.505821e+00 6.558862e-01 1.474774e-01
38687: 1.691214e+00 1.506460e+00 6.550388e-01 1.472868e-01
38687: 1.690323e+00 1.505806e+00 6.554839e-01 1.483871e-01
38687: 1.690722e+00 1.505155e+00 6.559278e-01 1.481959e-01
38687: 1.689833e+00 1.505792e+00 6.563707e-01 1.480051e-01
38687: 1.688946e+00 1.506427e+00 6.568123e-01 1.478149e-01
38687: 1.689345e+00 1.507060e+00 6.559692e-01 1.476252e-01
38687: 1.689744e+00 1.506410e+00 6.564103e-01 1.474359e-01
38687: 1.690141e+00 1.505762e+00 6.568502e-01 1.472471e-01
38687: 1.689258e+00 1.506394e+00 6.572890e-01 1.470588e-01
38687: 1.688378e+00 1.507024e+00 6.577267e-01 1.468710e-01
38687: 1.688776e+00 1.507653e+00 6.568878e-01 1.466837e-01
38687: 1.687898e+00 1.507006e+00 6.585987e-01 1.464968e-01
38687: 1.687023e+00 1.507634e+00 6.590331e-01 1.463104e-01
38687: 1.686150e+00 1.508259e+00 6.594663e-01 1.461245e-01
38687: 1.686548e+00 1.507614e+00 6.586294e-01 1.472081e-01
38687: 1.686946e+00 1.506971e+00 6.590621e-01 1.470215e-01
38687: 1.687342e+00 1.506329e+00 6.594937e-01 1.468354e-01
38687: 1.686473e+00 1.505689e+00 6.611884e-01 1.466498e-01
38687: 1.685606e+00 1.505051e+00 6.616162e-01 1.477273e-01
38687: 1.687264e+00 1.504414e+00 6.607818e-01 1.475410e-01
38687: 1.686398e+00 1.503778e+00 6.624685e-01 1.473552e-01
38687: 1.686792e+00 1.503145e+00 6.628931e-01 1.471698e-01
38687: 1.687186e+00 1.503769e+00 6.620603e-01 1.469849e-01
38687: 1.688833e+00 1.503137e+00 6.612296e-01 1.468005e-01
38687: 1.687970e+00 1.502506e+00 6.616541e-01 1.478697e-01
38687: 1.688360e+00 1.503129e+00 6.608260e-01 1.476846e-01
38687: 1.687500e+00 1.503750e+00 6.612500e-01 1.475000e-01
38687: 1.687890e+00 1.503121e+00 6.616729e-01 1.473159e-01
38687: 1.688279e+00 1.502494e+00 6.608479e-01 1.483791e-01
38687: 1.688667e+00 1.503113e+00 6.600249e-01 1.481943e-01
38687: 1.687811e+00 1.502488e+00 6.604478e-01 1.492537e-01
38687: 1.688199e+00 1.503106e+00 6.596273e-01 1.490683e-01
38687: 1.687345e+00 1.503722e+00 6.600496e-01 1.488834e-01
38687: 1.686493e+00 1.504337e+00 6.604709e-01 1.486989e-01
38687: 1.686881e+00 1.503713e+00 6.608911e-01 1.485149e-01
38687: 1.688504e+00 1.503090e+00 6.600742e-01 1.483313e-01
38687: 1.688889e+00 1.502469e+00 6.604938e-01 1.481481e-01
38687: 1.689273e+00 1.501850e+00 6.609125e-01 1.479655e-01
38687: 1.688424e+00 1.501232e+00 6.625616e-01 1.477833e-01
38687: 1.687577e+00 1.503075e+00 6.617466e-01 1.476015e-01
38687: 1.686732e+00 1.504914e+00 6.609337e-01 1.474201e-01
38687: 1.687117e+00 1.504294e+00 6.613497e-01 1.472393e-01
38687: 1.687500e+00 1.503676e+00 6.617647e-01 1.470588e-01
38687: 1.687882e+00 1.504284e+00 6.609547e-01 1.468788e-01
38687: 1.687042e+00 1.503667e+00 6.613692e-01 1.479218e-01
38687: 1.686203e+00 1.504274e+00 6.617827e-01 1.477411e-01
38687: 1.686585e+00 1.504878e+00 6.609756e-01 1.475610e-01
38687: 1.685749e+00 1.505481e+00 6.613886e-01 1.473812e-01
38687: 1.686131e+00 1.506083e+00 6.605839e-01 1.472019e-01
38687: 1.685298e+00 1.507898e+00 6.597813e-01 1.470231e-01
38687: 1.684466e+00 1.507282e+00 6.614078e-01 1.468447e-01
38687: 1.683636e+00 1.506667e+00 6.618182e-01 1.478788e-01
38687: 1.682809e+00 1.506053e+00 6.634383e-01 1.476998e-01
38687: 1.683192e+00 1.506651e+00 6.626360e-01 1.475212e-01
38687: 1.683575e+00 1.507246e+00 6.618357e-01 1.473430e-01
38687: 1.683957e+00 1.507841e+00 6.610374e-01 1.471653e-01
38687: 1.685542e+00 1.507229e+00 6.602410e-01 1.469880e-01
38687: 1.687124e+00 1.506619e+00 6.594465e-01 1.468111e-01
38687: 1.687500e+00 1.507212e+00 6.586538e-01 1.466346e-01
38687: 1.687875e+00 1.507803e+00 6.578631e-01 1.464586e-01
38687: 1.687050e+00 1.507194e+00 6.594724e-01 1.462830e-01
38687: 1.686228e+00 1.506587e+00 6.610778e-01 1.461078e-01
38687: 1.686603e+00 1.505981e+00 6.614833e-01 1.459330e-01
38687: 1.685783e+00 1.505376e+00 6.618877e-01 1.469534e-01
38687: 1.686158e+00 1.505967e+00 6.610979e-01 1.467780e-01
38687: 1.685340e+00 1.505364e+00 6.626937e-01 1.466031e-01
38687: 1.684524e+00 1.504762e+00 6.630952e-01 1.476190e-01
38687: 1.683710e+00 1.505351e+00 6.623068e-01 1.486326e-01
38687: 1.682898e+00 1.507126e+00 6.615202e-01 1.484561e-01
38687: 1.682088e+00 1.506524e+00 6.631079e-01 1.482800e-01
38687: 1.683649e+00 1.505924e+00 6.623223e-01 1.481043e-01
38687: 1.685207e+00 1.505325e+00 6.615385e-01 1.479290e-01
38687: 1.685579e+00 1.505910e+00 6.607565e-01 1.477541e-01
38687: 1.684770e+00 1.506494e+00 6.611570e-01 1.475797e-01
38687: 1.683962e+00 1.508255e+00 6.603774e-01 1.474057e-01
38687: 1.684335e+00 1.508834e+00 6.595995e-01 1.472320e-01
38687: 1.683529e+00 1.508235e+00 6.600000e-01 1.482353e-01
38687: 1.682726e+00 1.507638e+00 6.615746e-01 1.480611e-01
38687: 1.684272e+00 1.507042e+00 6.607981e-01 1.478873e-01
38687: 1.683470e+00 1.508792e+00 6.600234e-01 1.477140e-01
38687: 1.682670e+00 1.508197e+00 6.615925e-01 1.475410e-01
38687: 1.683041e+00 1.507602e+00 6.619883e-01 1.473684e-01
38687: 1.682243e+00 1.508178e+00 6.623832e-01 1.471963e-01
38687: 1.681447e+00 1.508751e+00 6.627771e-01 1.470245e-01
38687: 1.681818e+00 1.509324e+00 6.620047e-01 1.468531e-01
38687: 1.681024e+00 1.508731e+00 6.635623e-01 1.466822e-01
38687: 1.680233e+00 1.508140e+00 6.639535e-01 1.476744e-01
38687: 1.680604e+00 1.507549e+00 6.643438e-01 1.475029e-01
38687: 1.680974e+00 1.508121e+00 6.635731e-01 1.473318e-01
38687: 1.681344e+00 1.507532e+00 6.639629e-01 1.471611e-01
38687: 1.680556e+00 1.506944e+00 6.655093e-01 1.469907e-01
38687: 1.682081e+00 1.506358e+00 6.647399e-01 1.468208e-01
38687: 1.681293e+00 1.505774e+00 6.662818e-01 1.466513e-01
38687: 1.680507e+00 1.506344e+00 6.666667e-01 1.464821e-01
38687: 1.680876e+00 1.505760e+00 6.670507e-01 1.463134e-01
38687: 1.681243e+00 1.505178e+00 6.662831e-01 1.472957e-01
38687: 1.681609e+00 1.505747e+00 6.655172e-01 1.471264e-01
38687: 1.681975e+00 1.506315e+00 6.647532e-01 1.469575e-01
38687: 1.683486e+00 1.505734e+00 6.639908e-01 1.467890e-01
38687: 1.683849e+00 1.505155e+00 6.643757e-01 1.466208e-01
38687: 1.683066e+00 1.504577e+00 6.659039e-01 1.464531e-01
38687: 1.683429e+00 1.504000e+00 6.662857e-01 1.462857e-01
38687: 1.682648e+00 1.504566e+00 6.666667e-01 1.461187e-01
38687: 1.681870e+00 1.505131e+00 6.670468e-01 1.459521e-01
38687: 1.682232e+00 1.505695e+00 6.662870e-01 1.457859e-01
38687: 1.681456e+00 1.506257e+00 6.666667e-01 1.456200e-01
38687: 1.682955e+00 1.505682e+00 6.659091e-01 1.454545e-01
38687: 1.683314e+00 1.505108e+00 6.651532e-01 1.464245e-01
38687: 1.683673e+00 1.504535e+00 6.643991e-01 1.473923e-01
38687: 1.684032e+00 1.505096e+00 6.636467e-01 1.472254e-01
38687: 1.684389e+00 1.504525e+00 6.640271e-01 1.470588e-01
38687: 1.684746e+00 1.503955e+00 6.644068e-01 1.468927e-01
38687: 1.685102e+00 1.504515e+00 6.636569e-01 1.467269e-01
38687: 1.684329e+00 1.506201e+00 6.629087e-01 1.465614e-01
38687: 1.683559e+00 1.507883e+00 6.621622e-01 1.463964e-01
38687: 1.683915e+00 1.507312e+00 6.625422e-01 1.462317e-01
38687: 1.684270e+00 1.506742e+00 6.629213e-01 1.460674e-01
38687: 1.684624e+00 1.506173e+00 6.632997e-01 1.459035e-01
38687: 1.686099e+00 1.505605e+00 6.625561e-01 1.457399e-01
38687: 1.685330e+00 1.506159e+00 6.629339e-01 1.455767e-01
38687: 1.685682e+00 1.506711e+00 6.621924e-01 1.454139e-01
38687: 1.684916e+00 1.506145e+00 6.625698e-01 1.463687e-01
38687: 1.685268e+00 1.505580e+00 6.618304e-01 1.473214e-01
38687: 1.685619e+00 1.505017e+00 6.622074e-01 1.471572e-01
38687: 1.684855e+00 1.504454e+00 6.625835e-01 1.481069e-01
38687: 1.685206e+00 1.505006e+00 6.618465e-01 1.479422e-01
38687: 1.684444e+00 1.504444e+00 6.633333e-01 1.477778e-01
38687: 1.684795e+00 1.504994e+00 6.625971e-01 1.476138e-01
38687: 1.685144e+00 1.505543e+00 6.618625e-01 1.474501e-01
38687: 1.684385e+00 1.504983e+00 6.622370e-01 1.483942e-01
38687: 1.683628e+00 1.506637e+00 6.615044e-01 1.482301e-01
38687: 1.683978e+00 1.507182e+00 6.607735e-01 1.480663e-01
38687: 1.685430e+00 1.506623e+00 6.600442e-01 1.479029e-01
38687: 1.685777e+00 1.506064e+00 6.604190e-01 1.477398e-01
38687: 1.686123e+00 1.505507e+00 6.607930e-01 1.475771e-01
38687: 1.685369e+00 1.506051e+00 6.611661e-01 1.474147e-01
38687: 1.684615e+00 1.506593e+00 6.615385e-01 1.472527e-01
38687: 1.684962e+00 1.506037e+00 6.619100e-01 1.470911e-01
38687: 1.684211e+00 1.506579e+00 6.622807e-01 1.469298e-01
38687: 1.684556e+00 1.506024e+00 6.626506e-01 1.467689e-01
38687: 1.685996e+00 1.505470e+00 6.619256e-01 1.466083e-01
38687: 1.686339e+00 1.506011e+00 6.612022e-01 1.464481e-01
38687: 1.686681e+00 1.505459e+00 6.615721e-01 1.462882e-01
38687: 1.687023e+00 1.505998e+00 6.608506e-01 1.461287e-01
38687: 1.686275e+00 1.506536e+00 6.612200e-01 1.459695e-01
38687: 1.685528e+00 1.507073e+00 6.615887e-01 1.458107e-01
38687: 1.684783e+00 1.507609e+00 6.619565e-01 1.456522e-01
38687: 1.684039e+00 1.507058e+00 6.634093e-01 1.454940e-01
38687: 1.684382e+00 1.506508e+00 6.637744e-01 1.453362e-01
38687: 1.684724e+00 1.505959e+00 6.641387e-01 1.451788e-01
38687: 1.683983e+00 1.505411e+00 6.655844e-01 1.450216e-01
38687: 1.684324e+00 1.504865e+00 6.659459e-01 1.448649e-01
38687: 1.684665e+00 1.505400e+00 6.652268e-01 1.447084e-01
38687: 1.686084e+00 1.504854e+00 6.645092e-01 1.445523e-01
38687: 1.685345e+00 1.506466e+00 6.637931e-01 1.443966e-01
38687: 1.685684e+00 1.505920e+00 6.641550e-01 1.442411e-01
38687: 1.686022e+00 1.505376e+00 6.645161e-01 1.440860e-01
38687: 1.686359e+00 1.504834e+00 6.638024e-01 1.450054e-01
38687: 1.685622e+00 1.505365e+00 6.641631e-01 1.448498e-01
38687: 1.687031e+00 1.504823e+00 6.634512e-01 1.446945e-01
38687: 1.686296e+00 1.506424e+00 6.627409e-01 1.445396e-01
38687: 1.686631e+00 1.505882e+00 6.631016e-01 1.443850e-01
38687: 1.685897e+00 1.505342e+00 6.645299e-01 1.442308e-01
38687: 1.685165e+00 1.505870e+00 6.648879e-01 1.440768e-01
38687: 1.685501e+00 1.506397e+00 6.641791e-01 1.439232e-01
38687: 1.685836e+00 1.506922e+00 6.634718e-01 1.437700e-01
38687: 1.685106e+00 1.507447e+00 6.638298e-01 1.436170e-01
38687: 1.684378e+00 1.509033e+00 6.631243e-01 1.434644e-01
38687: 1.684713e+00 1.508493e+00 6.634820e-01 1.433121e-01
38687: 1.683987e+00 1.509014e+00 6.638388e-01 1.431601e-01
38687: 1.683263e+00 1.509534e+00 6.641949e-01 1.430085e-01
38687: 1.682540e+00 1.510053e+00 6.634921e-01 1.439153e-01
38687: 1.682875e+00 1.509514e+00 6.638478e-01 1.437632e-01
38687: 1.682154e+00 1.510032e+00 6.642027e-01 1.436114e-01
38687: 1.681435e+00 1.509494e+00 6.645570e-01 1.445148e-01
38687: 1.680717e+00 1.511064e+00 6.638567e-01 1.443625e-01
38687: 1.681053e+00 1.510526e+00 6.642105e-01 1.442105e-01
38687: 1.681388e+00 1.511041e+00 6.635121e-01 1.440589e-01
38687: 1.680672e+00 1.510504e+00 6.649160e-01 1.439076e-01
38687: 1.681007e+00 1.509969e+00 6.642183e-01 1.448059e-01
38687: 1.680294e+00 1.510482e+00 6.645702e-01 1.446541e-01
38687: 1.680628e+00 1.509948e+00 6.649215e-01 1.445026e-01
38687: 1.679916e+00 1.509414e+00 6.663180e-01 1.443515e-01
38687: 1.679206e+00 1.509927e+00 6.666667e-01 1.442006e-01
38687: 1.678497e+00 1.509395e+00 6.680585e-01 1.440501e-01
38687: 1.678832e+00 1.508863e+00 6.684046e-01 1.438999e-01
38687: 1.678125e+00 1.508333e+00 6.697917e-01 1.437500e-01
38687: 1.678460e+00 1.508845e+00 6.690947e-01 1.436004e-01
38687: 1.678794e+00 1.508316e+00 6.694387e-01 1.434511e-01
38687: 1.679128e+00 1.507788e+00 6.687435e-01 1.443406e-01
38687: 1.678423e+00 1.508299e+00 6.690871e-01 1.441909e-01
38687: 1.678756e+00 1.508808e+00 6.683938e-01 1.440415e-01
38687: 1.679089e+00 1.508282e+00 6.687371e-01 1.438923e-01
38687: 1.679421e+00 1.508790e+00 6.680455e-01 1.437435e-01
38687: 1.678719e+00 1.509298e+00 6.683884e-01 1.435950e-01
38687: 1.679051e+00 1.509804e+00 6.676987e-01 1.434469e-01
38687: 1.678351e+00 1.511340e+00 6.670103e-01 1.432990e-01
38687: 1.678682e+00 1.510814e+00 6.673532e-01 1.431514e-01
38687: 1.679012e+00 1.511317e+00 6.666667e-01 1.430041e-01
38687: 1.679342e+00 1.511819e+00 6.659815e-01 1.428571e-01
38687: 1.678645e+00 1.511294e+00 6.673511e-01 1.427105e-01
38687: 1.677949e+00 1.511795e+00 6.676923e-01 1.425641e-01
38687: 1.677254e+00 1.513320e+00 6.670082e-01 1.424180e-01
38687: 1.676561e+00 1.513818e+00 6.673490e-01 1.422723e-01
38687: 1.677914e+00 1.513292e+00 6.666667e-01 1.421268e-01
38687: 1.677222e+00 1.513790e+00 6.670072e-01 1.419816e-01
38687: 1.677551e+00 1.514286e+00 6.663265e-01 1.418367e-01
38687: 1.677880e+00 1.514781e+00 6.656473e-01 1.416922e-01
38687: 1.677189e+00 1.515275e+00 6.659878e-01 1.415479e-01
38687: 1.677518e+00 1.514751e+00 6.653103e-01 1.424212e-01
38687: 1.677846e+00 1.514228e+00 6.646341e-01 1.432927e-01
38687: 1.677157e+00 1.514721e+00 6.649746e-01 1.431472e-01
38687: 1.677485e+00 1.514199e+00 6.653144e-01 1.430020e-01
38687: 1.677812e+00 1.514691e+00 6.646403e-01 1.428571e-01
38687: 1.677126e+00 1.514170e+00 6.649798e-01 1.437247e-01
38687: 1.677452e+00 1.513650e+00 6.653185e-01 1.435794e-01
38687: 1.676768e+00 1.514141e+00 6.656566e-01 1.434343e-01
38687: 1.677094e+00 1.513623e+00 6.659939e-01 1.432896e-01
38687: 1.677419e+00 1.514113e+00 6.653226e-01 1.431452e-01
38687: 1.678751e+00 1.513595e+00 6.646526e-01 1.430010e-01
38687: 1.678068e+00 1.514085e+00 6.649899e-01 1.428571e-01
38687: 1.678392e+00 1.513568e+00 6.653266e-01 1.427136e-01
38687: 1.678715e+00 1.513052e+00 6.646586e-01 1.435743e-01
38687: 1.678034e+00 1.513541e+00 6.649950e-01 1.434303e-01
38687: 1.679359e+00 1.513026e+00 6.643287e-01 1.432866e-01
38687: 1.679680e+00 1.512513e+00 6.646647e-01 1.431431e-01
38687: Done!
Traceback (most recent call last):
  File "/lowest-unique-number/tournament0/elexunix.py", line 25, in <module>
    input()
EOFError: EOF when reading a line
