Forked 39938
Starting to reopen 0 and 1
Calling execv `tournament0/pzakorko.py` (pid 39938)
Strategy 0: first ans is 0
Forked 39939
Starting to reopen 0 and 1
Calling execv `tournament0/elexunix.py` (pid 39939)
Strategy 1: first ans is 0
Forked 39963
Starting to reopen 0 and 1
Calling execv `tournament0/alex_dany` (pid 39963)
39963: Started!
39963: Number of players: 4, position: 2, number of turns: 1000
39963: Random seed: 3175936367
Strategy 2: first ans is 1
Forked 39964
Starting to reopen 0 and 1
Calling execv `tournament0/the_best_strategy.py` (pid 39964)
Strategy 3: first ans is 0
39963: 3.000000e+00 1.000000e+00 0.000000e+00 0.000000e+00
39963: 2.500000e+00 1.500000e+00 0.000000e+00 0.000000e+00
39963: 2.333333e+00 1.666667e+00 0.000000e+00 0.000000e+00
39963: 2.250000e+00 1.500000e+00 2.500000e-01 0.000000e+00
39963: 2.200000e+00 1.400000e+00 2.000000e-01 2.000000e-01
39963: 2.166667e+00 1.500000e+00 1.666667e-01 1.666667e-01
39963: 2.000000e+00 1.571429e+00 2.857143e-01 1.428571e-01
39963: 1.875000e+00 1.500000e+00 3.750000e-01 2.500000e-01
39963: 1.777778e+00 1.555556e+00 4.444444e-01 2.222222e-01
39963: 1.700000e+00 1.600000e+00 4.000000e-01 3.000000e-01
39963: 1.727273e+00 1.454545e+00 5.454545e-01 2.727273e-01
39963: 1.750000e+00 1.500000e+00 5.000000e-01 2.500000e-01
39963: 1.692308e+00 1.461538e+00 6.153846e-01 2.307692e-01
39963: 1.714286e+00 1.428571e+00 6.428571e-01 2.142857e-01
39963: 1.666667e+00 1.400000e+00 7.333333e-01 2.000000e-01
39963: 1.750000e+00 1.375000e+00 6.875000e-01 1.875000e-01
39963: 1.764706e+00 1.352941e+00 6.470588e-01 2.352941e-01
39963: 1.833333e+00 1.333333e+00 6.111111e-01 2.222222e-01
39963: 1.789474e+00 1.315789e+00 6.315789e-01 2.631579e-01
39963: 1.850000e+00 1.300000e+00 6.000000e-01 2.500000e-01
39963: 1.857143e+00 1.285714e+00 6.190476e-01 2.380952e-01
39963: 1.818182e+00 1.318182e+00 6.363636e-01 2.272727e-01
39963: 1.826087e+00 1.304348e+00 6.521739e-01 2.173913e-01
39963: 1.833333e+00 1.333333e+00 6.250000e-01 2.083333e-01
39963: 1.840000e+00 1.360000e+00 6.000000e-01 2.000000e-01
39963: 1.807692e+00 1.346154e+00 6.538462e-01 1.923077e-01
39963: 1.814815e+00 1.333333e+00 6.666667e-01 1.851852e-01
39963: 1.821429e+00 1.321429e+00 6.785714e-01 1.785714e-01
39963: 1.793103e+00 1.344828e+00 6.551724e-01 2.068966e-01
39963: 1.800000e+00 1.333333e+00 6.666667e-01 2.000000e-01
39963: 1.806452e+00 1.322581e+00 6.774194e-01 1.935484e-01
39963: 1.781250e+00 1.343750e+00 6.562500e-01 2.187500e-01
39963: 1.787879e+00 1.363636e+00 6.363636e-01 2.121212e-01
39963: 1.794118e+00 1.382353e+00 6.176471e-01 2.058824e-01
39963: 1.771429e+00 1.371429e+00 6.285714e-01 2.285714e-01
39963: 1.750000e+00 1.388889e+00 6.388889e-01 2.222222e-01
39963: 1.756757e+00 1.405405e+00 6.216216e-01 2.162162e-01
39963: 1.763158e+00 1.421053e+00 6.052632e-01 2.105263e-01
39963: 1.743590e+00 1.410256e+00 6.153846e-01 2.307692e-01
39963: 1.750000e+00 1.400000e+00 6.250000e-01 2.250000e-01
39963: 1.756098e+00 1.390244e+00 6.097561e-01 2.439024e-01
39963: 1.738095e+00 1.428571e+00 5.952381e-01 2.380952e-01
39963: 1.720930e+00 1.441860e+00 6.046512e-01 2.325581e-01
39963: 1.704545e+00 1.454545e+00 6.136364e-01 2.272727e-01
39963: 1.733333e+00 1.444444e+00 6.000000e-01 2.222222e-01
39963: 1.739130e+00 1.434783e+00 6.086957e-01 2.173913e-01
39963: 1.744681e+00 1.446809e+00 5.957447e-01 2.127660e-01
39963: 1.750000e+00 1.458333e+00 5.833333e-01 2.083333e-01
39963: 1.734694e+00 1.469388e+00 5.918367e-01 2.040816e-01
39963: 1.720000e+00 1.480000e+00 6.000000e-01 2.000000e-01
39963: 1.725490e+00 1.470588e+00 6.078431e-01 1.960784e-01
39963: 1.711538e+00 1.500000e+00 5.961538e-01 1.923077e-01
39963: 1.698113e+00 1.490566e+00 6.226415e-01 1.886792e-01
39963: 1.703704e+00 1.481481e+00 6.296296e-01 1.851852e-01
39963: 1.727273e+00 1.472727e+00 6.181818e-01 1.818182e-01
39963: 1.750000e+00 1.464286e+00 6.071429e-01 1.785714e-01
39963: 1.736842e+00 1.456140e+00 6.315789e-01 1.754386e-01
39963: 1.724138e+00 1.448276e+00 6.551724e-01 1.724138e-01
39963: 1.728814e+00 1.440678e+00 6.610169e-01 1.694915e-01
39963: 1.733333e+00 1.450000e+00 6.500000e-01 1.666667e-01
39963: 1.721311e+00 1.459016e+00 6.557377e-01 1.639344e-01
39963: 1.709677e+00 1.451613e+00 6.774194e-01 1.612903e-01
39963: 1.698413e+00 1.460317e+00 6.825397e-01 1.587302e-01
39963: 1.687500e+00 1.453125e+00 6.875000e-01 1.718750e-01
39963: 1.707692e+00 1.446154e+00 6.769231e-01 1.692308e-01
39963: 1.712121e+00 1.454545e+00 6.666667e-01 1.666667e-01
39963: 1.701493e+00 1.462687e+00 6.716418e-01 1.641791e-01
39963: 1.691176e+00 1.455882e+00 6.764706e-01 1.764706e-01
39963: 1.710145e+00 1.449275e+00 6.666667e-01 1.739130e-01
39963: 1.714286e+00 1.457143e+00 6.571429e-01 1.714286e-01
39963: 1.704225e+00 1.450704e+00 6.619718e-01 1.830986e-01
39963: 1.694444e+00 1.444444e+00 6.805556e-01 1.805556e-01
39963: 1.684932e+00 1.452055e+00 6.849315e-01 1.780822e-01
39963: 1.675676e+00 1.459459e+00 6.891892e-01 1.756757e-01
39963: 1.666667e+00 1.466667e+00 6.800000e-01 1.866667e-01
39963: 1.657895e+00 1.473684e+00 6.842105e-01 1.842105e-01
39963: 1.662338e+00 1.467532e+00 6.753247e-01 1.948052e-01
39963: 1.666667e+00 1.474359e+00 6.666667e-01 1.923077e-01
39963: 1.658228e+00 1.468354e+00 6.835443e-01 1.898734e-01
39963: 1.650000e+00 1.462500e+00 6.875000e-01 2.000000e-01
39963: 1.666667e+00 1.456790e+00 6.790123e-01 1.975309e-01
39963: 1.670732e+00 1.451220e+00 6.707317e-01 2.073171e-01
39963: 1.674699e+00 1.445783e+00 6.746988e-01 2.048193e-01
39963: 1.678571e+00 1.440476e+00 6.785714e-01 2.023810e-01
39963: 1.682353e+00 1.435294e+00 6.705882e-01 2.117647e-01
39963: 1.686047e+00 1.430233e+00 6.744186e-01 2.093023e-01
39963: 1.689655e+00 1.425287e+00 6.781609e-01 2.068966e-01
39963: 1.681818e+00 1.443182e+00 6.704545e-01 2.045455e-01
39963: 1.685393e+00 1.449438e+00 6.629213e-01 2.022472e-01
39963: 1.688889e+00 1.455556e+00 6.555556e-01 2.000000e-01
39963: 1.692308e+00 1.450549e+00 6.483516e-01 2.087912e-01
39963: 1.695652e+00 1.445652e+00 6.521739e-01 2.065217e-01
39963: 1.698925e+00 1.451613e+00 6.451613e-01 2.043011e-01
39963: 1.691489e+00 1.446809e+00 6.595745e-01 2.021277e-01
39963: 1.694737e+00 1.452632e+00 6.526316e-01 2.000000e-01
39963: 1.687500e+00 1.458333e+00 6.562500e-01 1.979167e-01
39963: 1.690722e+00 1.453608e+00 6.597938e-01 1.958763e-01
39963: 1.683673e+00 1.448980e+00 6.734694e-01 1.938776e-01
39963: 1.676768e+00 1.454545e+00 6.767677e-01 1.919192e-01
39963: 1.680000e+00 1.450000e+00 6.800000e-01 1.900000e-01
39963: 1.673267e+00 1.455446e+00 6.831683e-01 1.881188e-01
39963: 1.676471e+00 1.460784e+00 6.764706e-01 1.862745e-01
39963: 1.669903e+00 1.456311e+00 6.893204e-01 1.844660e-01
39963: 1.663462e+00 1.461538e+00 6.923077e-01 1.826923e-01
39963: 1.666667e+00 1.466667e+00 6.857143e-01 1.809524e-01
39963: 1.669811e+00 1.462264e+00 6.886792e-01 1.792453e-01
39963: 1.672897e+00 1.467290e+00 6.822430e-01 1.775701e-01
39963: 1.666667e+00 1.462963e+00 6.944444e-01 1.759259e-01
39963: 1.660550e+00 1.458716e+00 7.064220e-01 1.743119e-01
39963: 1.654545e+00 1.463636e+00 7.090909e-01 1.727273e-01
39963: 1.657658e+00 1.468468e+00 7.027027e-01 1.711712e-01
39963: 1.660714e+00 1.464286e+00 7.053571e-01 1.696429e-01
39963: 1.663717e+00 1.469027e+00 6.991150e-01 1.681416e-01
39963: 1.657895e+00 1.473684e+00 7.017544e-01 1.666667e-01
39963: 1.660870e+00 1.469565e+00 7.043478e-01 1.652174e-01
39963: 1.663793e+00 1.474138e+00 6.982759e-01 1.637931e-01
39963: 1.666667e+00 1.470085e+00 7.008547e-01 1.623932e-01
39963: 1.661017e+00 1.466102e+00 7.118644e-01 1.610169e-01
39963: 1.655462e+00 1.470588e+00 7.142857e-01 1.596639e-01
39963: 1.658333e+00 1.475000e+00 7.083333e-01 1.583333e-01
39963: 1.661157e+00 1.479339e+00 7.024793e-01 1.570248e-01
39963: 1.672131e+00 1.475410e+00 6.967213e-01 1.557377e-01
39963: 1.666667e+00 1.487805e+00 6.910569e-01 1.544715e-01
39963: 1.677419e+00 1.483871e+00 6.854839e-01 1.532258e-01
39963: 1.680000e+00 1.488000e+00 6.800000e-01 1.520000e-01
39963: 1.682540e+00 1.492063e+00 6.746032e-01 1.507937e-01
39963: 1.692913e+00 1.488189e+00 6.692913e-01 1.496063e-01
39963: 1.703125e+00 1.484375e+00 6.640625e-01 1.484375e-01
39963: 1.697674e+00 1.488372e+00 6.666667e-01 1.472868e-01
39963: 1.700000e+00 1.492308e+00 6.615385e-01 1.461538e-01
39963: 1.694656e+00 1.488550e+00 6.717557e-01 1.450382e-01
39963: 1.704545e+00 1.484848e+00 6.666667e-01 1.439394e-01
39963: 1.706767e+00 1.488722e+00 6.616541e-01 1.428571e-01
39963: 1.708955e+00 1.485075e+00 6.641791e-01 1.417910e-01
39963: 1.711111e+00 1.481481e+00 6.666667e-01 1.407407e-01
39963: 1.720588e+00 1.477941e+00 6.617647e-01 1.397059e-01
39963: 1.715328e+00 1.481752e+00 6.642336e-01 1.386861e-01
39963: 1.710145e+00 1.485507e+00 6.594203e-01 1.449275e-01
39963: 1.719424e+00 1.482014e+00 6.546763e-01 1.438849e-01
39963: 1.728571e+00 1.478571e+00 6.500000e-01 1.428571e-01
39963: 1.730496e+00 1.475177e+00 6.524823e-01 1.418440e-01
39963: 1.732394e+00 1.471831e+00 6.549296e-01 1.408451e-01
39963: 1.741259e+00 1.468531e+00 6.503497e-01 1.398601e-01
39963: 1.743056e+00 1.465278e+00 6.527778e-01 1.388889e-01
39963: 1.737931e+00 1.462069e+00 6.620690e-01 1.379310e-01
39963: 1.732877e+00 1.458904e+00 6.712329e-01 1.369863e-01
39963: 1.727891e+00 1.462585e+00 6.734694e-01 1.360544e-01
39963: 1.729730e+00 1.459459e+00 6.689189e-01 1.418919e-01
39963: 1.738255e+00 1.456376e+00 6.644295e-01 1.409396e-01
39963: 1.740000e+00 1.453333e+00 6.666667e-01 1.400000e-01
39963: 1.741722e+00 1.456954e+00 6.622517e-01 1.390728e-01
39963: 1.750000e+00 1.453947e+00 6.578947e-01 1.381579e-01
39963: 1.751634e+00 1.450980e+00 6.601307e-01 1.372549e-01
39963: 1.746753e+00 1.454545e+00 6.558442e-01 1.428571e-01
39963: 1.741935e+00 1.464516e+00 6.516129e-01 1.419355e-01
39963: 1.737179e+00 1.467949e+00 6.538462e-01 1.410256e-01
39963: 1.732484e+00 1.471338e+00 6.560510e-01 1.401274e-01
39963: 1.734177e+00 1.468354e+00 6.582278e-01 1.392405e-01
39963: 1.735849e+00 1.471698e+00 6.540881e-01 1.383648e-01
39963: 1.731250e+00 1.475000e+00 6.562500e-01 1.375000e-01
39963: 1.726708e+00 1.478261e+00 6.583851e-01 1.366460e-01
39963: 1.722222e+00 1.475309e+00 6.604938e-01 1.419753e-01
39963: 1.723926e+00 1.472393e+00 6.564417e-01 1.472393e-01
39963: 1.719512e+00 1.469512e+00 6.646341e-01 1.463415e-01
39963: 1.727273e+00 1.466667e+00 6.606061e-01 1.454545e-01
39963: 1.728916e+00 1.469880e+00 6.566265e-01 1.445783e-01
39963: 1.724551e+00 1.467066e+00 6.646707e-01 1.437126e-01
39963: 1.726190e+00 1.470238e+00 6.607143e-01 1.428571e-01
39963: 1.733728e+00 1.467456e+00 6.568047e-01 1.420118e-01
39963: 1.735294e+00 1.464706e+00 6.588235e-01 1.411765e-01
39963: 1.736842e+00 1.467836e+00 6.549708e-01 1.403509e-01
39963: 1.744186e+00 1.465116e+00 6.511628e-01 1.395349e-01
39963: 1.739884e+00 1.462428e+00 6.531792e-01 1.445087e-01
39963: 1.741379e+00 1.459770e+00 6.551724e-01 1.436782e-01
39963: 1.742857e+00 1.457143e+00 6.571429e-01 1.428571e-01
39963: 1.738636e+00 1.454545e+00 6.647727e-01 1.420455e-01
39963: 1.734463e+00 1.451977e+00 6.723164e-01 1.412429e-01
39963: 1.735955e+00 1.449438e+00 6.741573e-01 1.404494e-01
39963: 1.737430e+00 1.452514e+00 6.703911e-01 1.396648e-01
39963: 1.744444e+00 1.450000e+00 6.666667e-01 1.388889e-01
39963: 1.745856e+00 1.447514e+00 6.629834e-01 1.436464e-01
39963: 1.747253e+00 1.450549e+00 6.593407e-01 1.428571e-01
39963: 1.748634e+00 1.453552e+00 6.557377e-01 1.420765e-01
39963: 1.755435e+00 1.451087e+00 6.521739e-01 1.413043e-01
39963: 1.756757e+00 1.454054e+00 6.486486e-01 1.405405e-01
39963: 1.758065e+00 1.451613e+00 6.505376e-01 1.397849e-01
39963: 1.754011e+00 1.459893e+00 6.470588e-01 1.390374e-01
39963: 1.750000e+00 1.462766e+00 6.489362e-01 1.382979e-01
39963: 1.746032e+00 1.465608e+00 6.507937e-01 1.375661e-01
39963: 1.742105e+00 1.473684e+00 6.473684e-01 1.368421e-01
39963: 1.743455e+00 1.476440e+00 6.439791e-01 1.361257e-01
39963: 1.739583e+00 1.479167e+00 6.458333e-01 1.354167e-01
39963: 1.740933e+00 1.476684e+00 6.424870e-01 1.398964e-01
39963: 1.737113e+00 1.484536e+00 6.391753e-01 1.391753e-01
39963: 1.733333e+00 1.482051e+00 6.410256e-01 1.435897e-01
39963: 1.734694e+00 1.479592e+00 6.377551e-01 1.479592e-01
39963: 1.736041e+00 1.477157e+00 6.395939e-01 1.472081e-01
39963: 1.737374e+00 1.474747e+00 6.414141e-01 1.464646e-01
39963: 1.738693e+00 1.477387e+00 6.381910e-01 1.457286e-01
39963: 1.745000e+00 1.475000e+00 6.350000e-01 1.450000e-01
39963: 1.746269e+00 1.477612e+00 6.318408e-01 1.442786e-01
39963: 1.747525e+00 1.475248e+00 6.336634e-01 1.435644e-01
39963: 1.748768e+00 1.477833e+00 6.305419e-01 1.428571e-01
39963: 1.745098e+00 1.485294e+00 6.274510e-01 1.421569e-01
39963: 1.741463e+00 1.482927e+00 6.292683e-01 1.463415e-01
39963: 1.742718e+00 1.485437e+00 6.262136e-01 1.456311e-01
39963: 1.739130e+00 1.487923e+00 6.280193e-01 1.449275e-01
39963: 1.745192e+00 1.485577e+00 6.250000e-01 1.442308e-01
39963: 1.746411e+00 1.488038e+00 6.220096e-01 1.435407e-01
39963: 1.742857e+00 1.485714e+00 6.285714e-01 1.428571e-01
39963: 1.739336e+00 1.488152e+00 6.303318e-01 1.421801e-01
39963: 1.735849e+00 1.485849e+00 6.367925e-01 1.415094e-01
39963: 1.737089e+00 1.483568e+00 6.384977e-01 1.408451e-01
39963: 1.733645e+00 1.481308e+00 6.448598e-01 1.401869e-01
39963: 1.730233e+00 1.483721e+00 6.465116e-01 1.395349e-01
39963: 1.726852e+00 1.486111e+00 6.481481e-01 1.388889e-01
39963: 1.723502e+00 1.493088e+00 6.451613e-01 1.382488e-01
39963: 1.720183e+00 1.495413e+00 6.467890e-01 1.376147e-01
39963: 1.716895e+00 1.493151e+00 6.484018e-01 1.415525e-01
39963: 1.722727e+00 1.490909e+00 6.454545e-01 1.409091e-01
39963: 1.719457e+00 1.488688e+00 6.470588e-01 1.447964e-01
39963: 1.720721e+00 1.490991e+00 6.441441e-01 1.441441e-01
39963: 1.721973e+00 1.493274e+00 6.412556e-01 1.434978e-01
39963: 1.718750e+00 1.495536e+00 6.428571e-01 1.428571e-01
39963: 1.715556e+00 1.502222e+00 6.400000e-01 1.422222e-01
39963: 1.712389e+00 1.508850e+00 6.371681e-01 1.415929e-01
39963: 1.713656e+00 1.506608e+00 6.387665e-01 1.409692e-01
39963: 1.710526e+00 1.504386e+00 6.403509e-01 1.447368e-01
39963: 1.711790e+00 1.502183e+00 6.419214e-01 1.441048e-01
39963: 1.708696e+00 1.508696e+00 6.391304e-01 1.434783e-01
39963: 1.705628e+00 1.510823e+00 6.363636e-01 1.471861e-01
39963: 1.702586e+00 1.512931e+00 6.379310e-01 1.465517e-01
39963: 1.699571e+00 1.515021e+00 6.394850e-01 1.459227e-01
39963: 1.700855e+00 1.517094e+00 6.367521e-01 1.452991e-01
39963: 1.702128e+00 1.514894e+00 6.382979e-01 1.446809e-01
39963: 1.703390e+00 1.512712e+00 6.355932e-01 1.483051e-01
39963: 1.708861e+00 1.510549e+00 6.329114e-01 1.476793e-01
39963: 1.714286e+00 1.508403e+00 6.302521e-01 1.470588e-01
39963: 1.715481e+00 1.506276e+00 6.317992e-01 1.464435e-01
39963: 1.716667e+00 1.508333e+00 6.291667e-01 1.458333e-01
39963: 1.721992e+00 1.506224e+00 6.265560e-01 1.452282e-01
39963: 1.719008e+00 1.508264e+00 6.280992e-01 1.446281e-01
39963: 1.716049e+00 1.510288e+00 6.296296e-01 1.440329e-01
39963: 1.721311e+00 1.508197e+00 6.270492e-01 1.434426e-01
39963: 1.722449e+00 1.506122e+00 6.285714e-01 1.428571e-01
39963: 1.723577e+00 1.504065e+00 6.300813e-01 1.422764e-01
39963: 1.724696e+00 1.502024e+00 6.315789e-01 1.417004e-01
39963: 1.729839e+00 1.500000e+00 6.290323e-01 1.411290e-01
39963: 1.726908e+00 1.502008e+00 6.305221e-01 1.405622e-01
39963: 1.728000e+00 1.500000e+00 6.280000e-01 1.440000e-01
39963: 1.729084e+00 1.498008e+00 6.254980e-01 1.474104e-01
39963: 1.734127e+00 1.496032e+00 6.230159e-01 1.468254e-01
39963: 1.739130e+00 1.494071e+00 6.205534e-01 1.462451e-01
39963: 1.740157e+00 1.492126e+00 6.181102e-01 1.496063e-01
39963: 1.741176e+00 1.494118e+00 6.156863e-01 1.490196e-01
39963: 1.742188e+00 1.496094e+00 6.132812e-01 1.484375e-01
39963: 1.739300e+00 1.501946e+00 6.108949e-01 1.478599e-01
39963: 1.740310e+00 1.500000e+00 6.085271e-01 1.511628e-01
39963: 1.745174e+00 1.498069e+00 6.061776e-01 1.505792e-01
39963: 1.746154e+00 1.500000e+00 6.038462e-01 1.500000e-01
39963: 1.747126e+00 1.501916e+00 6.015326e-01 1.494253e-01
39963: 1.748092e+00 1.500000e+00 6.030534e-01 1.488550e-01
39963: 1.749049e+00 1.498099e+00 6.045627e-01 1.482890e-01
39963: 1.750000e+00 1.496212e+00 6.022727e-01 1.515152e-01
39963: 1.750943e+00 1.494340e+00 6.037736e-01 1.509434e-01
39963: 1.748120e+00 1.496241e+00 6.052632e-01 1.503759e-01
39963: 1.745318e+00 1.498127e+00 6.067416e-01 1.498127e-01
39963: 1.750000e+00 1.496269e+00 6.044776e-01 1.492537e-01
39963: 1.750929e+00 1.498141e+00 6.022305e-01 1.486989e-01
39963: 1.751852e+00 1.500000e+00 6.000000e-01 1.481481e-01
39963: 1.752768e+00 1.501845e+00 5.977860e-01 1.476015e-01
39963: 1.750000e+00 1.500000e+00 6.029412e-01 1.470588e-01
39963: 1.747253e+00 1.498168e+00 6.080586e-01 1.465201e-01
39963: 1.744526e+00 1.500000e+00 6.094891e-01 1.459854e-01
39963: 1.741818e+00 1.501818e+00 6.109091e-01 1.454545e-01
39963: 1.742754e+00 1.503623e+00 6.086957e-01 1.449275e-01
39963: 1.747292e+00 1.501805e+00 6.064982e-01 1.444043e-01
39963: 1.751799e+00 1.500000e+00 6.043165e-01 1.438849e-01
39963: 1.756272e+00 1.498208e+00 6.021505e-01 1.433692e-01
39963: 1.753571e+00 1.500000e+00 6.035714e-01 1.428571e-01
39963: 1.750890e+00 1.498221e+00 6.085409e-01 1.423488e-01
39963: 1.748227e+00 1.500000e+00 6.099291e-01 1.418440e-01
39963: 1.752650e+00 1.498233e+00 6.077739e-01 1.413428e-01
39963: 1.750000e+00 1.500000e+00 6.091549e-01 1.408451e-01
39963: 1.750877e+00 1.498246e+00 6.070175e-01 1.438596e-01
39963: 1.751748e+00 1.500000e+00 6.048951e-01 1.433566e-01
39963: 1.752613e+00 1.501742e+00 6.027875e-01 1.428571e-01
39963: 1.753472e+00 1.500000e+00 6.006944e-01 1.458333e-01
39963: 1.754325e+00 1.498270e+00 6.020761e-01 1.453287e-01
39963: 1.751724e+00 1.500000e+00 6.034483e-01 1.448276e-01
39963: 1.752577e+00 1.501718e+00 6.013746e-01 1.443299e-01
39963: 1.750000e+00 1.500000e+00 6.027397e-01 1.472603e-01
39963: 1.750853e+00 1.501706e+00 6.006826e-01 1.467577e-01
39963: 1.751701e+00 1.500000e+00 6.020408e-01 1.462585e-01
39963: 1.752542e+00 1.501695e+00 6.000000e-01 1.457627e-01
39963: 1.753378e+00 1.500000e+00 6.013514e-01 1.452703e-01
39963: 1.754209e+00 1.501684e+00 5.993266e-01 1.447811e-01
39963: 1.755034e+00 1.500000e+00 6.006711e-01 1.442953e-01
39963: 1.752508e+00 1.498328e+00 6.053512e-01 1.438127e-01
39963: 1.753333e+00 1.500000e+00 6.033333e-01 1.433333e-01
39963: 1.757475e+00 1.498339e+00 6.013289e-01 1.428571e-01
39963: 1.754967e+00 1.500000e+00 6.026490e-01 1.423841e-01
39963: 1.755776e+00 1.498350e+00 6.039604e-01 1.419142e-01
39963: 1.759868e+00 1.496711e+00 6.019737e-01 1.414474e-01
39963: 1.760656e+00 1.498361e+00 6.000000e-01 1.409836e-01
39963: 1.758170e+00 1.496732e+00 6.045752e-01 1.405229e-01
39963: 1.758958e+00 1.495114e+00 6.026059e-01 1.433225e-01
39963: 1.762987e+00 1.493506e+00 6.006494e-01 1.428571e-01
39963: 1.760518e+00 1.491909e+00 6.051780e-01 1.423948e-01
39963: 1.758065e+00 1.496774e+00 6.032258e-01 1.419355e-01
39963: 1.762058e+00 1.495177e+00 6.012862e-01 1.414791e-01
39963: 1.759615e+00 1.500000e+00 5.993590e-01 1.410256e-01
39963: 1.763578e+00 1.498403e+00 5.974441e-01 1.405751e-01
39963: 1.767516e+00 1.496815e+00 5.955414e-01 1.401274e-01
39963: 1.771429e+00 1.495238e+00 5.936508e-01 1.396825e-01
39963: 1.775316e+00 1.493671e+00 5.917722e-01 1.392405e-01
39963: 1.776025e+00 1.495268e+00 5.899054e-01 1.388013e-01
39963: 1.776730e+00 1.493711e+00 5.911950e-01 1.383648e-01
39963: 1.780564e+00 1.492163e+00 5.893417e-01 1.379310e-01
39963: 1.778125e+00 1.493750e+00 5.875000e-01 1.406250e-01
39963: 1.775701e+00 1.495327e+00 5.887850e-01 1.401869e-01
39963: 1.779503e+00 1.493789e+00 5.869565e-01 1.397516e-01
39963: 1.780186e+00 1.492260e+00 5.882353e-01 1.393189e-01
39963: 1.780864e+00 1.490741e+00 5.895062e-01 1.388889e-01
39963: 1.781538e+00 1.489231e+00 5.876923e-01 1.415385e-01
39963: 1.782209e+00 1.490798e+00 5.858896e-01 1.411043e-01
39963: 1.782875e+00 1.489297e+00 5.871560e-01 1.406728e-01
39963: 1.783537e+00 1.487805e+00 5.884146e-01 1.402439e-01
39963: 1.781155e+00 1.486322e+00 5.927052e-01 1.398176e-01
39963: 1.781818e+00 1.484848e+00 5.909091e-01 1.424242e-01
39963: 1.779456e+00 1.486405e+00 5.891239e-01 1.450151e-01
39963: 1.780120e+00 1.484940e+00 5.903614e-01 1.445783e-01
39963: 1.783784e+00 1.483483e+00 5.885886e-01 1.441441e-01
39963: 1.781437e+00 1.485030e+00 5.898204e-01 1.437126e-01
39963: 1.779104e+00 1.486567e+00 5.910448e-01 1.432836e-01
39963: 1.776786e+00 1.488095e+00 5.922619e-01 1.428571e-01
39963: 1.774481e+00 1.486647e+00 5.964392e-01 1.424332e-01
39963: 1.775148e+00 1.485207e+00 5.976331e-01 1.420118e-01
39963: 1.772861e+00 1.486726e+00 5.988201e-01 1.415929e-01
39963: 1.773529e+00 1.485294e+00 6.000000e-01 1.411765e-01
39963: 1.771261e+00 1.486804e+00 6.011730e-01 1.407625e-01
39963: 1.769006e+00 1.488304e+00 6.023392e-01 1.403509e-01
39963: 1.769679e+00 1.489796e+00 6.005831e-01 1.399417e-01
39963: 1.770349e+00 1.488372e+00 6.017442e-01 1.395349e-01
39963: 1.773913e+00 1.486957e+00 6.000000e-01 1.391304e-01
39963: 1.774566e+00 1.485549e+00 5.982659e-01 1.416185e-01
39963: 1.772334e+00 1.487032e+00 5.994236e-01 1.412104e-01
39963: 1.770115e+00 1.485632e+00 6.034483e-01 1.408046e-01
39963: 1.767908e+00 1.484241e+00 6.074499e-01 1.404011e-01
39963: 1.768571e+00 1.485714e+00 6.057143e-01 1.400000e-01
39963: 1.766382e+00 1.484330e+00 6.096866e-01 1.396011e-01
39963: 1.764205e+00 1.482955e+00 6.136364e-01 1.392045e-01
39963: 1.764873e+00 1.481586e+00 6.147309e-01 1.388102e-01
39963: 1.768362e+00 1.480226e+00 6.129944e-01 1.384181e-01
39963: 1.769014e+00 1.481690e+00 6.112676e-01 1.380282e-01
39963: 1.766854e+00 1.485955e+00 6.095506e-01 1.376404e-01
39963: 1.764706e+00 1.487395e+00 6.106443e-01 1.372549e-01
39963: 1.765363e+00 1.488827e+00 6.089385e-01 1.368715e-01
39963: 1.766017e+00 1.487465e+00 6.100279e-01 1.364903e-01
39963: 1.763889e+00 1.486111e+00 6.111111e-01 1.388889e-01
39963: 1.761773e+00 1.490305e+00 6.094183e-01 1.385042e-01
39963: 1.759669e+00 1.488950e+00 6.104972e-01 1.408840e-01
39963: 1.760331e+00 1.487603e+00 6.115702e-01 1.404959e-01
39963: 1.760989e+00 1.486264e+00 6.126374e-01 1.401099e-01
39963: 1.758904e+00 1.484932e+00 6.164384e-01 1.397260e-01
39963: 1.762295e+00 1.483607e+00 6.147541e-01 1.393443e-01
39963: 1.762943e+00 1.482289e+00 6.158038e-01 1.389646e-01
39963: 1.766304e+00 1.480978e+00 6.141304e-01 1.385870e-01
39963: 1.764228e+00 1.482385e+00 6.124661e-01 1.409214e-01
39963: 1.764865e+00 1.481081e+00 6.108108e-01 1.432432e-01
39963: 1.765499e+00 1.479784e+00 6.118598e-01 1.428571e-01
39963: 1.766129e+00 1.481183e+00 6.102151e-01 1.424731e-01
39963: 1.764075e+00 1.482574e+00 6.112601e-01 1.420912e-01
39963: 1.764706e+00 1.483957e+00 6.096257e-01 1.417112e-01
39963: 1.765333e+00 1.485333e+00 6.080000e-01 1.413333e-01
39963: 1.763298e+00 1.489362e+00 6.063830e-01 1.409574e-01
39963: 1.761273e+00 1.490716e+00 6.074271e-01 1.405836e-01
39963: 1.761905e+00 1.489418e+00 6.084656e-01 1.402116e-01
39963: 1.765172e+00 1.488127e+00 6.068602e-01 1.398417e-01
39963: 1.763158e+00 1.489474e+00 6.078947e-01 1.394737e-01
39963: 1.766404e+00 1.488189e+00 6.062992e-01 1.391076e-01
39963: 1.764398e+00 1.489529e+00 6.073298e-01 1.387435e-01
39963: 1.765013e+00 1.490862e+00 6.057441e-01 1.383812e-01
39963: 1.763021e+00 1.489583e+00 6.093750e-01 1.380208e-01
39963: 1.766234e+00 1.488312e+00 6.077922e-01 1.376623e-01
39963: 1.764249e+00 1.487047e+00 6.113990e-01 1.373057e-01
39963: 1.764858e+00 1.485788e+00 6.124031e-01 1.369509e-01
39963: 1.765464e+00 1.484536e+00 6.134021e-01 1.365979e-01
39963: 1.763496e+00 1.485861e+00 6.143959e-01 1.362468e-01
39963: 1.764103e+00 1.484615e+00 6.128205e-01 1.384615e-01
39963: 1.767263e+00 1.483376e+00 6.112532e-01 1.381074e-01
39963: 1.765306e+00 1.484694e+00 6.122449e-01 1.377551e-01
39963: 1.763359e+00 1.486005e+00 6.106870e-01 1.399491e-01
39963: 1.761421e+00 1.484772e+00 6.116751e-01 1.421320e-01
39963: 1.762025e+00 1.483544e+00 6.101266e-01 1.443038e-01
39963: 1.760101e+00 1.482323e+00 6.136364e-01 1.439394e-01
39963: 1.763224e+00 1.481108e+00 6.120907e-01 1.435768e-01
39963: 1.763819e+00 1.482412e+00 6.105528e-01 1.432161e-01
39963: 1.764411e+00 1.483709e+00 6.090226e-01 1.428571e-01
39963: 1.762500e+00 1.485000e+00 6.100000e-01 1.425000e-01
39963: 1.763092e+00 1.483791e+00 6.084788e-01 1.446384e-01
39963: 1.766169e+00 1.482587e+00 6.069652e-01 1.442786e-01
39963: 1.766749e+00 1.481390e+00 6.079404e-01 1.439206e-01
39963: 1.767327e+00 1.482673e+00 6.064356e-01 1.435644e-01
39963: 1.767901e+00 1.481481e+00 6.074074e-01 1.432099e-01
39963: 1.768473e+00 1.480296e+00 6.059113e-01 1.453202e-01
39963: 1.766585e+00 1.479115e+00 6.068796e-01 1.474201e-01
39963: 1.764706e+00 1.480392e+00 6.078431e-01 1.470588e-01
39963: 1.762836e+00 1.484108e+00 6.063570e-01 1.466993e-01
39963: 1.760976e+00 1.487805e+00 6.048780e-01 1.463415e-01
39963: 1.761557e+00 1.486618e+00 6.058394e-01 1.459854e-01
39963: 1.759709e+00 1.487864e+00 6.067961e-01 1.456311e-01
39963: 1.757869e+00 1.489104e+00 6.077482e-01 1.452785e-01
39963: 1.756039e+00 1.492754e+00 6.062802e-01 1.449275e-01
39963: 1.756627e+00 1.491566e+00 6.072289e-01 1.445783e-01
39963: 1.757212e+00 1.492788e+00 6.057692e-01 1.442308e-01
39963: 1.757794e+00 1.491607e+00 6.067146e-01 1.438849e-01
39963: 1.755981e+00 1.490431e+00 6.100478e-01 1.435407e-01
39963: 1.754177e+00 1.489260e+00 6.133652e-01 1.431981e-01
39963: 1.757143e+00 1.488095e+00 6.119048e-01 1.428571e-01
39963: 1.755344e+00 1.489311e+00 6.128266e-01 1.425178e-01
39963: 1.753555e+00 1.488152e+00 6.161137e-01 1.421801e-01
39963: 1.751773e+00 1.489362e+00 6.170213e-01 1.418440e-01
39963: 1.750000e+00 1.488208e+00 6.179245e-01 1.438679e-01
39963: 1.752941e+00 1.487059e+00 6.164706e-01 1.435294e-01
39963: 1.755869e+00 1.485915e+00 6.150235e-01 1.431925e-01
39963: 1.754098e+00 1.487119e+00 6.159251e-01 1.428571e-01
39963: 1.754673e+00 1.485981e+00 6.168224e-01 1.425234e-01
39963: 1.757576e+00 1.484848e+00 6.153846e-01 1.421911e-01
39963: 1.755814e+00 1.486047e+00 6.162791e-01 1.418605e-01
39963: 1.754060e+00 1.487239e+00 6.171694e-01 1.415313e-01
39963: 1.752315e+00 1.486111e+00 6.203704e-01 1.412037e-01
39963: 1.750577e+00 1.487298e+00 6.212471e-01 1.408776e-01
39963: 1.751152e+00 1.488479e+00 6.198157e-01 1.405530e-01
39963: 1.754023e+00 1.487356e+00 6.183908e-01 1.402299e-01
39963: 1.754587e+00 1.486239e+00 6.192661e-01 1.399083e-01
39963: 1.755149e+00 1.487414e+00 6.178490e-01 1.395881e-01
39963: 1.755708e+00 1.486301e+00 6.187215e-01 1.392694e-01
39963: 1.753986e+00 1.487472e+00 6.195900e-01 1.389522e-01
39963: 1.752273e+00 1.486364e+00 6.204545e-01 1.409091e-01
39963: 1.750567e+00 1.485261e+00 6.235828e-01 1.405896e-01
39963: 1.748869e+00 1.486425e+00 6.244344e-01 1.402715e-01
39963: 1.749436e+00 1.485327e+00 6.252822e-01 1.399549e-01
39963: 1.752252e+00 1.484234e+00 6.238739e-01 1.396396e-01
39963: 1.750562e+00 1.483146e+00 6.269663e-01 1.393258e-01
39963: 1.748879e+00 1.486547e+00 6.255605e-01 1.390135e-01
39963: 1.747204e+00 1.489933e+00 6.241611e-01 1.387025e-01
39963: 1.747768e+00 1.491071e+00 6.227679e-01 1.383929e-01
39963: 1.746102e+00 1.492205e+00 6.236080e-01 1.380846e-01
39963: 1.744444e+00 1.493333e+00 6.244444e-01 1.377778e-01
39963: 1.742794e+00 1.494457e+00 6.252772e-01 1.374723e-01
39963: 1.743363e+00 1.493363e+00 6.261062e-01 1.371681e-01
39963: 1.743929e+00 1.494481e+00 6.247241e-01 1.368653e-01
39963: 1.742291e+00 1.495595e+00 6.255507e-01 1.365639e-01
39963: 1.742857e+00 1.496703e+00 6.241758e-01 1.362637e-01
39963: 1.743421e+00 1.497807e+00 6.228070e-01 1.359649e-01
39963: 1.741794e+00 1.498906e+00 6.214442e-01 1.378556e-01
39963: 1.740175e+00 1.500000e+00 6.200873e-01 1.397380e-01
39963: 1.742919e+00 1.498911e+00 6.187364e-01 1.394336e-01
39963: 1.743478e+00 1.500000e+00 6.173913e-01 1.391304e-01
39963: 1.744035e+00 1.498915e+00 6.182213e-01 1.388286e-01
39963: 1.742424e+00 1.500000e+00 6.190476e-01 1.385281e-01
39963: 1.740821e+00 1.498920e+00 6.198704e-01 1.403888e-01
39963: 1.741379e+00 1.500000e+00 6.185345e-01 1.400862e-01
39963: 1.741935e+00 1.498925e+00 6.172043e-01 1.419355e-01
39963: 1.742489e+00 1.497854e+00 6.180258e-01 1.416309e-01
39963: 1.743041e+00 1.496788e+00 6.188437e-01 1.413276e-01
39963: 1.741453e+00 1.495726e+00 6.196581e-01 1.431624e-01
39963: 1.742004e+00 1.494670e+00 6.204691e-01 1.428571e-01
39963: 1.742553e+00 1.493617e+00 6.212766e-01 1.425532e-01
39963: 1.740977e+00 1.492569e+00 6.242038e-01 1.422505e-01
39963: 1.743644e+00 1.491525e+00 6.228814e-01 1.419492e-01
39963: 1.746300e+00 1.490486e+00 6.215645e-01 1.416490e-01
39963: 1.746835e+00 1.489451e+00 6.223629e-01 1.413502e-01
39963: 1.745263e+00 1.490526e+00 6.231579e-01 1.410526e-01
39963: 1.745798e+00 1.489496e+00 6.239496e-01 1.407563e-01
39963: 1.744235e+00 1.490566e+00 6.226415e-01 1.425577e-01
39963: 1.746862e+00 1.489540e+00 6.213389e-01 1.422594e-01
39963: 1.749478e+00 1.488518e+00 6.200418e-01 1.419624e-01
39963: 1.750000e+00 1.487500e+00 6.208333e-01 1.416667e-01
39963: 1.750520e+00 1.486486e+00 6.195426e-01 1.434511e-01
39963: 1.748963e+00 1.485477e+00 6.224066e-01 1.431535e-01
39963: 1.749482e+00 1.486542e+00 6.211180e-01 1.428571e-01
39963: 1.752066e+00 1.485537e+00 6.198347e-01 1.425620e-01
39963: 1.752577e+00 1.486598e+00 6.185567e-01 1.422680e-01
39963: 1.751029e+00 1.487654e+00 6.193416e-01 1.419753e-01
39963: 1.753593e+00 1.486653e+00 6.180698e-01 1.416838e-01
39963: 1.754098e+00 1.487705e+00 6.168033e-01 1.413934e-01
39963: 1.756646e+00 1.486708e+00 6.155419e-01 1.411043e-01
39963: 1.757143e+00 1.487755e+00 6.142857e-01 1.408163e-01
39963: 1.759674e+00 1.486762e+00 6.130346e-01 1.405295e-01
39963: 1.758130e+00 1.485772e+00 6.158537e-01 1.402439e-01
39963: 1.760649e+00 1.484787e+00 6.146045e-01 1.399594e-01
39963: 1.761134e+00 1.485830e+00 6.133603e-01 1.396761e-01
39963: 1.759596e+00 1.486869e+00 6.141414e-01 1.393939e-01
39963: 1.760081e+00 1.485887e+00 6.129032e-01 1.411290e-01
39963: 1.760563e+00 1.484909e+00 6.136821e-01 1.408451e-01
39963: 1.759036e+00 1.485944e+00 6.144578e-01 1.405622e-01
39963: 1.757515e+00 1.488978e+00 6.132265e-01 1.402806e-01
39963: 1.758000e+00 1.488000e+00 6.140000e-01 1.400000e-01
39963: 1.756487e+00 1.489022e+00 6.127745e-01 1.417166e-01
39963: 1.756972e+00 1.488048e+00 6.135458e-01 1.414343e-01
39963: 1.757455e+00 1.487078e+00 6.143141e-01 1.411531e-01
39963: 1.755952e+00 1.486111e+00 6.170635e-01 1.408730e-01
39963: 1.754455e+00 1.487129e+00 6.178218e-01 1.405941e-01
39963: 1.756917e+00 1.486166e+00 6.166008e-01 1.403162e-01
39963: 1.759369e+00 1.485207e+00 6.153846e-01 1.400394e-01
39963: 1.761811e+00 1.484252e+00 6.141732e-01 1.397638e-01
39963: 1.760314e+00 1.485265e+00 6.149312e-01 1.394892e-01
39963: 1.758824e+00 1.486275e+00 6.156863e-01 1.392157e-01
39963: 1.759295e+00 1.487280e+00 6.144814e-01 1.389432e-01
39963: 1.757812e+00 1.488281e+00 6.132812e-01 1.406250e-01
39963: 1.756335e+00 1.489279e+00 6.140351e-01 1.403509e-01
39963: 1.754864e+00 1.490272e+00 6.147860e-01 1.400778e-01
39963: 1.753398e+00 1.491262e+00 6.135922e-01 1.417476e-01
39963: 1.755814e+00 1.490310e+00 6.124031e-01 1.414729e-01
39963: 1.756286e+00 1.489362e+00 6.131528e-01 1.411992e-01
39963: 1.754826e+00 1.490347e+00 6.138996e-01 1.409266e-01
39963: 1.755299e+00 1.491329e+00 6.127168e-01 1.406551e-01
39963: 1.757692e+00 1.490385e+00 6.115385e-01 1.403846e-01
39963: 1.758157e+00 1.491363e+00 6.103647e-01 1.401152e-01
39963: 1.758621e+00 1.492337e+00 6.091954e-01 1.398467e-01
39963: 1.759082e+00 1.493308e+00 6.080306e-01 1.395793e-01
39963: 1.761450e+00 1.492366e+00 6.068702e-01 1.393130e-01
39963: 1.760000e+00 1.491429e+00 6.076190e-01 1.409524e-01
39963: 1.760456e+00 1.490494e+00 6.083650e-01 1.406844e-01
39963: 1.762808e+00 1.489564e+00 6.072106e-01 1.404175e-01
39963: 1.761364e+00 1.488636e+00 6.098485e-01 1.401515e-01
39963: 1.759924e+00 1.487713e+00 6.124764e-01 1.398866e-01
39963: 1.760377e+00 1.488679e+00 6.113208e-01 1.396226e-01
39963: 1.760829e+00 1.487759e+00 6.101695e-01 1.412429e-01
39963: 1.759398e+00 1.486842e+00 6.127820e-01 1.409774e-01
39963: 1.757974e+00 1.487805e+00 6.135084e-01 1.407129e-01
39963: 1.756554e+00 1.486891e+00 6.142322e-01 1.423221e-01
39963: 1.755140e+00 1.487850e+00 6.149533e-01 1.420561e-01
39963: 1.753731e+00 1.488806e+00 6.156716e-01 1.417910e-01
39963: 1.754190e+00 1.487896e+00 6.163873e-01 1.415270e-01
39963: 1.756506e+00 1.486989e+00 6.152416e-01 1.412639e-01
39963: 1.756957e+00 1.486085e+00 6.159555e-01 1.410019e-01
39963: 1.755556e+00 1.488889e+00 6.148148e-01 1.407407e-01
39963: 1.756007e+00 1.489834e+00 6.136784e-01 1.404806e-01
39963: 1.754613e+00 1.492620e+00 6.125461e-01 1.402214e-01
39963: 1.755064e+00 1.491713e+00 6.132597e-01 1.399632e-01
39963: 1.753676e+00 1.490809e+00 6.139706e-01 1.415441e-01
39963: 1.752294e+00 1.489908e+00 6.146789e-01 1.431193e-01
39963: 1.752747e+00 1.490842e+00 6.135531e-01 1.428571e-01
39963: 1.751371e+00 1.493601e+00 6.124314e-01 1.425960e-01
39963: 1.751825e+00 1.492701e+00 6.131387e-01 1.423358e-01
39963: 1.752277e+00 1.491803e+00 6.138434e-01 1.420765e-01
39963: 1.752727e+00 1.492727e+00 6.127273e-01 1.418182e-01
39963: 1.753176e+00 1.491833e+00 6.134301e-01 1.415608e-01
39963: 1.751812e+00 1.490942e+00 6.141304e-01 1.431159e-01
39963: 1.752260e+00 1.491863e+00 6.130199e-01 1.428571e-01
39963: 1.750903e+00 1.492780e+00 6.137184e-01 1.425993e-01
39963: 1.749550e+00 1.491892e+00 6.144144e-01 1.441441e-01
39963: 1.750000e+00 1.492806e+00 6.133094e-01 1.438849e-01
39963: 1.750449e+00 1.491921e+00 6.140036e-01 1.436266e-01
39963: 1.750896e+00 1.491039e+00 6.146953e-01 1.433692e-01
39963: 1.749553e+00 1.490161e+00 6.153846e-01 1.449016e-01
39963: 1.751786e+00 1.489286e+00 6.142857e-01 1.446429e-01
39963: 1.754011e+00 1.488414e+00 6.131907e-01 1.443850e-01
39963: 1.752669e+00 1.487544e+00 6.156584e-01 1.441281e-01
39963: 1.751332e+00 1.486679e+00 6.181172e-01 1.438721e-01
39963: 1.750000e+00 1.487589e+00 6.187943e-01 1.436170e-01
39963: 1.750442e+00 1.486726e+00 6.194690e-01 1.433628e-01
39963: 1.750883e+00 1.485866e+00 6.201413e-01 1.431095e-01
39963: 1.749559e+00 1.485009e+00 6.225750e-01 1.428571e-01
39963: 1.748239e+00 1.484155e+00 6.250000e-01 1.426056e-01
39963: 1.748682e+00 1.485062e+00 6.239016e-01 1.423550e-01
39963: 1.747368e+00 1.485965e+00 6.228070e-01 1.438596e-01
39963: 1.747811e+00 1.485114e+00 6.234676e-01 1.436077e-01
39963: 1.746503e+00 1.484266e+00 6.241259e-01 1.451049e-01
39963: 1.746946e+00 1.483421e+00 6.247818e-01 1.448517e-01
39963: 1.747387e+00 1.482578e+00 6.254355e-01 1.445993e-01
39963: 1.747826e+00 1.481739e+00 6.260870e-01 1.443478e-01
39963: 1.746528e+00 1.482639e+00 6.267361e-01 1.440972e-01
39963: 1.745234e+00 1.481802e+00 6.291161e-01 1.438475e-01
39963: 1.743945e+00 1.482699e+00 6.297578e-01 1.435986e-01
39963: 1.742660e+00 1.481865e+00 6.303972e-01 1.450777e-01
39963: 1.743103e+00 1.481034e+00 6.310345e-01 1.448276e-01
39963: 1.743546e+00 1.481928e+00 6.299484e-01 1.445783e-01
39963: 1.742268e+00 1.482818e+00 6.305842e-01 1.443299e-01
39963: 1.742710e+00 1.481990e+00 6.312178e-01 1.440823e-01
39963: 1.744863e+00 1.481164e+00 6.301370e-01 1.438356e-01
39963: 1.745299e+00 1.482051e+00 6.290598e-01 1.435897e-01
39963: 1.745734e+00 1.481229e+00 6.296928e-01 1.433447e-01
39963: 1.746167e+00 1.482112e+00 6.286201e-01 1.431005e-01
39963: 1.746599e+00 1.482993e+00 6.275510e-01 1.428571e-01
39963: 1.747029e+00 1.482173e+00 6.281834e-01 1.426146e-01
39963: 1.747458e+00 1.483051e+00 6.271186e-01 1.423729e-01
39963: 1.747885e+00 1.483926e+00 6.260575e-01 1.421320e-01
39963: 1.748311e+00 1.484797e+00 6.250000e-01 1.418919e-01
39963: 1.747049e+00 1.483980e+00 6.273187e-01 1.416526e-01
39963: 1.745791e+00 1.483165e+00 6.279461e-01 1.430976e-01
39963: 1.744538e+00 1.484034e+00 6.285714e-01 1.428571e-01
39963: 1.746644e+00 1.483221e+00 6.275168e-01 1.426174e-01
39963: 1.747069e+00 1.484087e+00 6.264657e-01 1.423786e-01
39963: 1.745819e+00 1.484950e+00 6.270903e-01 1.421405e-01
39963: 1.746244e+00 1.484140e+00 6.277129e-01 1.419032e-01
39963: 1.746667e+00 1.483333e+00 6.283333e-01 1.416667e-01
39963: 1.745424e+00 1.482529e+00 6.306156e-01 1.414309e-01
39963: 1.744186e+00 1.485050e+00 6.295681e-01 1.411960e-01
39963: 1.744610e+00 1.484245e+00 6.301824e-01 1.409619e-01
39963: 1.743377e+00 1.483444e+00 6.307947e-01 1.423841e-01
39963: 1.742149e+00 1.482645e+00 6.330579e-01 1.421488e-01
39963: 1.742574e+00 1.483498e+00 6.320132e-01 1.419142e-01
39963: 1.741351e+00 1.484349e+00 6.326194e-01 1.416804e-01
39963: 1.741776e+00 1.483553e+00 6.332237e-01 1.414474e-01
39963: 1.742200e+00 1.482759e+00 6.338259e-01 1.412151e-01
39963: 1.742623e+00 1.481967e+00 6.327869e-01 1.426230e-01
39963: 1.741408e+00 1.482815e+00 6.333879e-01 1.423895e-01
39963: 1.740196e+00 1.483660e+00 6.339869e-01 1.421569e-01
39963: 1.738989e+00 1.482871e+00 6.362153e-01 1.419250e-01
39963: 1.737785e+00 1.483713e+00 6.368078e-01 1.416938e-01
39963: 1.736585e+00 1.484553e+00 6.373984e-01 1.414634e-01
39963: 1.735390e+00 1.483766e+00 6.396104e-01 1.412338e-01
39963: 1.735818e+00 1.484603e+00 6.385737e-01 1.410049e-01
39963: 1.736246e+00 1.483819e+00 6.391586e-01 1.407767e-01
39963: 1.735057e+00 1.484653e+00 6.397415e-01 1.405493e-01
39963: 1.733871e+00 1.485484e+00 6.403226e-01 1.403226e-01
39963: 1.734300e+00 1.484702e+00 6.409018e-01 1.400966e-01
39963: 1.734727e+00 1.483923e+00 6.414791e-01 1.398714e-01
39963: 1.735152e+00 1.484751e+00 6.404494e-01 1.396469e-01
39963: 1.735577e+00 1.483974e+00 6.410256e-01 1.394231e-01
39963: 1.736000e+00 1.484800e+00 6.400000e-01 1.392000e-01
39963: 1.736422e+00 1.484026e+00 6.405751e-01 1.389776e-01
39963: 1.735247e+00 1.484848e+00 6.411483e-01 1.387560e-01
39963: 1.734076e+00 1.485669e+00 6.417197e-01 1.385350e-01
39963: 1.734499e+00 1.486486e+00 6.406995e-01 1.383148e-01
39963: 1.734921e+00 1.485714e+00 6.396825e-01 1.396825e-01
39963: 1.735341e+00 1.484945e+00 6.402536e-01 1.394612e-01
39963: 1.735759e+00 1.484177e+00 6.408228e-01 1.392405e-01
39963: 1.734597e+00 1.486572e+00 6.398104e-01 1.390205e-01
39963: 1.733438e+00 1.487382e+00 6.388013e-01 1.403785e-01
39963: 1.735433e+00 1.486614e+00 6.377953e-01 1.401575e-01
39963: 1.735849e+00 1.485849e+00 6.383648e-01 1.399371e-01
39963: 1.736264e+00 1.485086e+00 6.389325e-01 1.397174e-01
39963: 1.735110e+00 1.487461e+00 6.379310e-01 1.394984e-01
39963: 1.735524e+00 1.488263e+00 6.369327e-01 1.392801e-01
39963: 1.734375e+00 1.489062e+00 6.375000e-01 1.390625e-01
39963: 1.734789e+00 1.488300e+00 6.380655e-01 1.388456e-01
39963: 1.735202e+00 1.489097e+00 6.370717e-01 1.386293e-01
39963: 1.734059e+00 1.489891e+00 6.360809e-01 1.399689e-01
39963: 1.732919e+00 1.490683e+00 6.366460e-01 1.397516e-01
39963: 1.734884e+00 1.489922e+00 6.356589e-01 1.395349e-01
39963: 1.733746e+00 1.490712e+00 6.362229e-01 1.393189e-01
39963: 1.732612e+00 1.491499e+00 6.367852e-01 1.391036e-01
39963: 1.733025e+00 1.490741e+00 6.358025e-01 1.404321e-01
39963: 1.731895e+00 1.489985e+00 6.379045e-01 1.402157e-01
39963: 1.732308e+00 1.489231e+00 6.384615e-01 1.400000e-01
39963: 1.732719e+00 1.490015e+00 6.374808e-01 1.397849e-01
39963: 1.731595e+00 1.490798e+00 6.380368e-01 1.395706e-01
39963: 1.730475e+00 1.490046e+00 6.401225e-01 1.393568e-01
39963: 1.732416e+00 1.489297e+00 6.391437e-01 1.391437e-01
39963: 1.731298e+00 1.490076e+00 6.396947e-01 1.389313e-01
39963: 1.731707e+00 1.489329e+00 6.402439e-01 1.387195e-01
39963: 1.732116e+00 1.490107e+00 6.392694e-01 1.385084e-01
39963: 1.734043e+00 1.489362e+00 6.382979e-01 1.382979e-01
39963: 1.734446e+00 1.488619e+00 6.373293e-01 1.396055e-01
39963: 1.733333e+00 1.489394e+00 6.378788e-01 1.393939e-01
39963: 1.735250e+00 1.488654e+00 6.369138e-01 1.391831e-01
39963: 1.734139e+00 1.487915e+00 6.374622e-01 1.404834e-01
39963: 1.733032e+00 1.488688e+00 6.380090e-01 1.402715e-01
39963: 1.731928e+00 1.489458e+00 6.385542e-01 1.400602e-01
39963: 1.732331e+00 1.488722e+00 6.390977e-01 1.398496e-01
39963: 1.734234e+00 1.487988e+00 6.381381e-01 1.396396e-01
39963: 1.734633e+00 1.488756e+00 6.371814e-01 1.394303e-01
39963: 1.733533e+00 1.489521e+00 6.377246e-01 1.392216e-01
39963: 1.733931e+00 1.488789e+00 6.382661e-01 1.390135e-01
39963: 1.732836e+00 1.488060e+00 6.402985e-01 1.388060e-01
39963: 1.731744e+00 1.488823e+00 6.408346e-01 1.385991e-01
39963: 1.732143e+00 1.488095e+00 6.413690e-01 1.383929e-01
39963: 1.732541e+00 1.488856e+00 6.404160e-01 1.381872e-01
39963: 1.732938e+00 1.489614e+00 6.394659e-01 1.379822e-01
39963: 1.734815e+00 1.488889e+00 6.385185e-01 1.377778e-01
39963: 1.735207e+00 1.488166e+00 6.390533e-01 1.375740e-01
39963: 1.734121e+00 1.488922e+00 6.381093e-01 1.388479e-01
39963: 1.733038e+00 1.489676e+00 6.386431e-01 1.386431e-01
39963: 1.731959e+00 1.488954e+00 6.391753e-01 1.399116e-01
39963: 1.730882e+00 1.489706e+00 6.397059e-01 1.397059e-01
39963: 1.729809e+00 1.490455e+00 6.402349e-01 1.395007e-01
39963: 1.730205e+00 1.489736e+00 6.407625e-01 1.392962e-01
39963: 1.730600e+00 1.489019e+00 6.412884e-01 1.390922e-01
39963: 1.730994e+00 1.488304e+00 6.418129e-01 1.388889e-01
39963: 1.731387e+00 1.487591e+00 6.408759e-01 1.401460e-01
39963: 1.730321e+00 1.488338e+00 6.413994e-01 1.399417e-01
39963: 1.729258e+00 1.489083e+00 6.419214e-01 1.397380e-01
39963: 1.729651e+00 1.489826e+00 6.409884e-01 1.395349e-01
39963: 1.728592e+00 1.490566e+00 6.400581e-01 1.407837e-01
39963: 1.728986e+00 1.489855e+00 6.405797e-01 1.405797e-01
39963: 1.727931e+00 1.492041e+00 6.396527e-01 1.403763e-01
39963: 1.728324e+00 1.491329e+00 6.387283e-01 1.416185e-01
39963: 1.727273e+00 1.493506e+00 6.378066e-01 1.414141e-01
39963: 1.727666e+00 1.492795e+00 6.383285e-01 1.412104e-01
39963: 1.728058e+00 1.493525e+00 6.374101e-01 1.410072e-01
39963: 1.729885e+00 1.492816e+00 6.364943e-01 1.408046e-01
39963: 1.731707e+00 1.492109e+00 6.355811e-01 1.406026e-01
39963: 1.730659e+00 1.492837e+00 6.346705e-01 1.418338e-01
39963: 1.732475e+00 1.492132e+00 6.337625e-01 1.416309e-01
39963: 1.732857e+00 1.491429e+00 6.328571e-01 1.428571e-01
39963: 1.731812e+00 1.492154e+00 6.333809e-01 1.426534e-01
39963: 1.730769e+00 1.492877e+00 6.339031e-01 1.424501e-01
39963: 1.729730e+00 1.493599e+00 6.344239e-01 1.422475e-01
39963: 1.730114e+00 1.494318e+00 6.335227e-01 1.420455e-01
39963: 1.730496e+00 1.493617e+00 6.340426e-01 1.418440e-01
39963: 1.730878e+00 1.492918e+00 6.345609e-01 1.416431e-01
39963: 1.731259e+00 1.492221e+00 6.350778e-01 1.414427e-01
39963: 1.730226e+00 1.492938e+00 6.355932e-01 1.412429e-01
39963: 1.729196e+00 1.495063e+00 6.346968e-01 1.410437e-01
39963: 1.729577e+00 1.494366e+00 6.352113e-01 1.408451e-01
39963: 1.728551e+00 1.493671e+00 6.371308e-01 1.406470e-01
39963: 1.728933e+00 1.492978e+00 6.362360e-01 1.418539e-01
39963: 1.729313e+00 1.492286e+00 6.367461e-01 1.416550e-01
39963: 1.729692e+00 1.491597e+00 6.372549e-01 1.414566e-01
39963: 1.728671e+00 1.492308e+00 6.377622e-01 1.412587e-01
39963: 1.727654e+00 1.491620e+00 6.396648e-01 1.410615e-01
39963: 1.726639e+00 1.490934e+00 6.415621e-01 1.408647e-01
39963: 1.728412e+00 1.490251e+00 6.406685e-01 1.406685e-01
39963: 1.727399e+00 1.489569e+00 6.411683e-01 1.418637e-01
39963: 1.726389e+00 1.488889e+00 6.430556e-01 1.416667e-01
39963: 1.728155e+00 1.488211e+00 6.421637e-01 1.414702e-01
39963: 1.727147e+00 1.488920e+00 6.426593e-01 1.412742e-01
39963: 1.727524e+00 1.488243e+00 6.431535e-01 1.410788e-01
39963: 1.727901e+00 1.487569e+00 6.436464e-01 1.408840e-01
39963: 1.728276e+00 1.488276e+00 6.427586e-01 1.406897e-01
39963: 1.728650e+00 1.487603e+00 6.432507e-01 1.404959e-01
39963: 1.727648e+00 1.486933e+00 6.451169e-01 1.403026e-01
39963: 1.729396e+00 1.486264e+00 6.442308e-01 1.401099e-01
39963: 1.729767e+00 1.485597e+00 6.447188e-01 1.399177e-01
39963: 1.728767e+00 1.487671e+00 6.438356e-01 1.397260e-01
39963: 1.729138e+00 1.488372e+00 6.429549e-01 1.395349e-01
39963: 1.728142e+00 1.490437e+00 6.420765e-01 1.393443e-01
39963: 1.729877e+00 1.489768e+00 6.412005e-01 1.391542e-01
39963: 1.728883e+00 1.489101e+00 6.416894e-01 1.403270e-01
39963: 1.729252e+00 1.489796e+00 6.408163e-01 1.401361e-01
39963: 1.728261e+00 1.491848e+00 6.399457e-01 1.399457e-01
39963: 1.727273e+00 1.492537e+00 6.404342e-01 1.397558e-01
39963: 1.726287e+00 1.491870e+00 6.409214e-01 1.409214e-01
39963: 1.728011e+00 1.491204e+00 6.400541e-01 1.407307e-01
39963: 1.728378e+00 1.490541e+00 6.391892e-01 1.418919e-01
39963: 1.728745e+00 1.491228e+00 6.383266e-01 1.417004e-01
39963: 1.727763e+00 1.491914e+00 6.388140e-01 1.415094e-01
39963: 1.728129e+00 1.491252e+00 6.393001e-01 1.413190e-01
39963: 1.728495e+00 1.490591e+00 6.397849e-01 1.411290e-01
39963: 1.727517e+00 1.491275e+00 6.402685e-01 1.409396e-01
39963: 1.726542e+00 1.490617e+00 6.420912e-01 1.407507e-01
39963: 1.728246e+00 1.489960e+00 6.412316e-01 1.405622e-01
39963: 1.727273e+00 1.489305e+00 6.430481e-01 1.403743e-01
39963: 1.726302e+00 1.488652e+00 6.435247e-01 1.415220e-01
39963: 1.726667e+00 1.488000e+00 6.440000e-01 1.413333e-01
39963: 1.725699e+00 1.487350e+00 6.444740e-01 1.424767e-01
39963: 1.727394e+00 1.486702e+00 6.436170e-01 1.422872e-01
39963: 1.727756e+00 1.487384e+00 6.427623e-01 1.420983e-01
39963: 1.729443e+00 1.486737e+00 6.419098e-01 1.419098e-01
39963: 1.729801e+00 1.487417e+00 6.410596e-01 1.417219e-01
39963: 1.728836e+00 1.488095e+00 6.415344e-01 1.415344e-01
39963: 1.730515e+00 1.487450e+00 6.406869e-01 1.413474e-01
39963: 1.729551e+00 1.488127e+00 6.411609e-01 1.411609e-01
39963: 1.729908e+00 1.488801e+00 6.403162e-01 1.409750e-01
39963: 1.728947e+00 1.488158e+00 6.421053e-01 1.407895e-01
39963: 1.729304e+00 1.487516e+00 6.425756e-01 1.406045e-01
39963: 1.728346e+00 1.488189e+00 6.430446e-01 1.404199e-01
39963: 1.727392e+00 1.490170e+00 6.422018e-01 1.402359e-01
39963: 1.727749e+00 1.490838e+00 6.413613e-01 1.400524e-01
39963: 1.728105e+00 1.491503e+00 6.405229e-01 1.398693e-01
39963: 1.728460e+00 1.490862e+00 6.409922e-01 1.396867e-01
39963: 1.728814e+00 1.490222e+00 6.401565e-01 1.408083e-01
39963: 1.729167e+00 1.490885e+00 6.393229e-01 1.406250e-01
39963: 1.729519e+00 1.490247e+00 6.397919e-01 1.404421e-01
39963: 1.729870e+00 1.490909e+00 6.389610e-01 1.402597e-01
39963: 1.730220e+00 1.491569e+00 6.381323e-01 1.400778e-01
39963: 1.731865e+00 1.490933e+00 6.373057e-01 1.398964e-01
39963: 1.730918e+00 1.490298e+00 6.390686e-01 1.397154e-01
39963: 1.731266e+00 1.490956e+00 6.382429e-01 1.395349e-01
39963: 1.730323e+00 1.491613e+00 6.387097e-01 1.393548e-01
39963: 1.730670e+00 1.492268e+00 6.378866e-01 1.391753e-01
39963: 1.729730e+00 1.492921e+00 6.383526e-01 1.389961e-01
39963: 1.728792e+00 1.493573e+00 6.388175e-01 1.388175e-01
39963: 1.730424e+00 1.492940e+00 6.379974e-01 1.386393e-01
39963: 1.730769e+00 1.493590e+00 6.371795e-01 1.384615e-01
39963: 1.732394e+00 1.492958e+00 6.363636e-01 1.382843e-01
39963: 1.732737e+00 1.492327e+00 6.368286e-01 1.381074e-01
39963: 1.731801e+00 1.492976e+00 6.372925e-01 1.379310e-01
39963: 1.732143e+00 1.492347e+00 6.377551e-01 1.377551e-01
39963: 1.732484e+00 1.492994e+00 6.369427e-01 1.375796e-01
39963: 1.732824e+00 1.492366e+00 6.361323e-01 1.386768e-01
39963: 1.733164e+00 1.491741e+00 6.365947e-01 1.385006e-01
39963: 1.732234e+00 1.492386e+00 6.370558e-01 1.383249e-01
39963: 1.731305e+00 1.493029e+00 6.375158e-01 1.381496e-01
39963: 1.731646e+00 1.493671e+00 6.367089e-01 1.379747e-01
39963: 1.731985e+00 1.493047e+00 6.371681e-01 1.378003e-01
39963: 1.732323e+00 1.492424e+00 6.376263e-01 1.376263e-01
39963: 1.732661e+00 1.491803e+00 6.380832e-01 1.374527e-01
39963: 1.732997e+00 1.491184e+00 6.385390e-01 1.372796e-01
39963: 1.732075e+00 1.491824e+00 6.389937e-01 1.371069e-01
39963: 1.731156e+00 1.491206e+00 6.394472e-01 1.381910e-01
39963: 1.731493e+00 1.490590e+00 6.398996e-01 1.380176e-01
39963: 1.731830e+00 1.491228e+00 6.390977e-01 1.378446e-01
39963: 1.730914e+00 1.490613e+00 6.395494e-01 1.389237e-01
39963: 1.730000e+00 1.491250e+00 6.400000e-01 1.387500e-01
39963: 1.731586e+00 1.490637e+00 6.392010e-01 1.385768e-01
39963: 1.733167e+00 1.490025e+00 6.384040e-01 1.384040e-01
39963: 1.733499e+00 1.490660e+00 6.376090e-01 1.382316e-01
39963: 1.733831e+00 1.490050e+00 6.368159e-01 1.393035e-01
39963: 1.732919e+00 1.489441e+00 6.372671e-01 1.403727e-01
39963: 1.732010e+00 1.490074e+00 6.377171e-01 1.401985e-01
39963: 1.731103e+00 1.491945e+00 6.369269e-01 1.400248e-01
39963: 1.730198e+00 1.493812e+00 6.361386e-01 1.398515e-01
39963: 1.729295e+00 1.493201e+00 6.365884e-01 1.409147e-01
39963: 1.729630e+00 1.492593e+00 6.370370e-01 1.407407e-01
39963: 1.728730e+00 1.491985e+00 6.374846e-01 1.418002e-01
39963: 1.727833e+00 1.492611e+00 6.379310e-01 1.416256e-01
39963: 1.726937e+00 1.492005e+00 6.396064e-01 1.414514e-01
39963: 1.727273e+00 1.491400e+00 6.400491e-01 1.412776e-01
39963: 1.728834e+00 1.490798e+00 6.392638e-01 1.411043e-01
39963: 1.729167e+00 1.490196e+00 6.397059e-01 1.409314e-01
39963: 1.729498e+00 1.489596e+00 6.401469e-01 1.407589e-01
39963: 1.729829e+00 1.488998e+00 6.405868e-01 1.405868e-01
39963: 1.728938e+00 1.488400e+00 6.422466e-01 1.404151e-01
39963: 1.728049e+00 1.487805e+00 6.439024e-01 1.402439e-01
39963: 1.727162e+00 1.488429e+00 6.443362e-01 1.400731e-01
39963: 1.728710e+00 1.487835e+00 6.435523e-01 1.399027e-01
39963: 1.730255e+00 1.487242e+00 6.427704e-01 1.397327e-01
39963: 1.730583e+00 1.486650e+00 6.432039e-01 1.395631e-01
39963: 1.730909e+00 1.486061e+00 6.436364e-01 1.393939e-01
39963: 1.731235e+00 1.485472e+00 6.440678e-01 1.392252e-01
39963: 1.730351e+00 1.486094e+00 6.444982e-01 1.390568e-01
39963: 1.729469e+00 1.485507e+00 6.461353e-01 1.388889e-01
39963: 1.729795e+00 1.484922e+00 6.465621e-01 1.387214e-01
39963: 1.731325e+00 1.484337e+00 6.457831e-01 1.385542e-01
39963: 1.732852e+00 1.483755e+00 6.450060e-01 1.383875e-01
39963: 1.733173e+00 1.483173e+00 6.454327e-01 1.382212e-01
39963: 1.734694e+00 1.482593e+00 6.446579e-01 1.380552e-01
39963: 1.733813e+00 1.482014e+00 6.462830e-01 1.378897e-01
39963: 1.732934e+00 1.481437e+00 6.479042e-01 1.377246e-01
39963: 1.733254e+00 1.482057e+00 6.471292e-01 1.375598e-01
39963: 1.732378e+00 1.482676e+00 6.475508e-01 1.373955e-01
39963: 1.732697e+00 1.482100e+00 6.479714e-01 1.372315e-01
39963: 1.731824e+00 1.482718e+00 6.483909e-01 1.370679e-01
39963: 1.732143e+00 1.483333e+00 6.476190e-01 1.369048e-01
39963: 1.733650e+00 1.482759e+00 6.468490e-01 1.367420e-01
39963: 1.735154e+00 1.482185e+00 6.460808e-01 1.365796e-01
39963: 1.735469e+00 1.481613e+00 6.465006e-01 1.364176e-01
39963: 1.735782e+00 1.481043e+00 6.469194e-01 1.362559e-01
39963: 1.736095e+00 1.481657e+00 6.461538e-01 1.360947e-01
39963: 1.737589e+00 1.481087e+00 6.453901e-01 1.359338e-01
39963: 1.737898e+00 1.480519e+00 6.458087e-01 1.357733e-01
39963: 1.738208e+00 1.479953e+00 6.462264e-01 1.356132e-01
39963: 1.737338e+00 1.480565e+00 6.466431e-01 1.354535e-01
39963: 1.736471e+00 1.480000e+00 6.482353e-01 1.352941e-01
39963: 1.735605e+00 1.479436e+00 6.498237e-01 1.351351e-01
39963: 1.734742e+00 1.478873e+00 6.502347e-01 1.361502e-01
39963: 1.735053e+00 1.478312e+00 6.506448e-01 1.359906e-01
39963: 1.734192e+00 1.477752e+00 6.522248e-01 1.358314e-01
39963: 1.733333e+00 1.477193e+00 6.538012e-01 1.356725e-01
39963: 1.732477e+00 1.478972e+00 6.530374e-01 1.355140e-01
39963: 1.731622e+00 1.478413e+00 6.546091e-01 1.353559e-01
39963: 1.731935e+00 1.477855e+00 6.550117e-01 1.351981e-01
39963: 1.732247e+00 1.478463e+00 6.542491e-01 1.350407e-01
39963: 1.732558e+00 1.477907e+00 6.534884e-01 1.360465e-01
39963: 1.731707e+00 1.477352e+00 6.538908e-01 1.370499e-01
39963: 1.732019e+00 1.476798e+00 6.542923e-01 1.368910e-01
39963: 1.732329e+00 1.477404e+00 6.535342e-01 1.367323e-01
39963: 1.731481e+00 1.478009e+00 6.539352e-01 1.365741e-01
39963: 1.730636e+00 1.479769e+00 6.531792e-01 1.364162e-01
39963: 1.730947e+00 1.479215e+00 6.535797e-01 1.362587e-01
39963: 1.730104e+00 1.478662e+00 6.551326e-01 1.361015e-01
39963: 1.730415e+00 1.478111e+00 6.555300e-01 1.359447e-01
39963: 1.730725e+00 1.477560e+00 6.547756e-01 1.369390e-01
39963: 1.729885e+00 1.478161e+00 6.551724e-01 1.367816e-01
39963: 1.729047e+00 1.478760e+00 6.555683e-01 1.366246e-01
39963: 1.728211e+00 1.478211e+00 6.571101e-01 1.364679e-01
39963: 1.728522e+00 1.477663e+00 6.575029e-01 1.363116e-01
39963: 1.728833e+00 1.477117e+00 6.578947e-01 1.361556e-01
39963: 1.728000e+00 1.476571e+00 6.594286e-01 1.360000e-01
39963: 1.728311e+00 1.476027e+00 6.598174e-01 1.358447e-01
39963: 1.727480e+00 1.477765e+00 6.590650e-01 1.356899e-01
39963: 1.726651e+00 1.477221e+00 6.605923e-01 1.355353e-01
39963: 1.726962e+00 1.476678e+00 6.609784e-01 1.353811e-01
39963: 1.727273e+00 1.476136e+00 6.613636e-01 1.352273e-01
39963: 1.727582e+00 1.476731e+00 6.606129e-01 1.350738e-01
39963: 1.726757e+00 1.477324e+00 6.609977e-01 1.349206e-01
39963: 1.727067e+00 1.476784e+00 6.613817e-01 1.347678e-01
39963: 1.726244e+00 1.476244e+00 6.617647e-01 1.357466e-01
39963: 1.725424e+00 1.475706e+00 6.632768e-01 1.355932e-01
39963: 1.724605e+00 1.475169e+00 6.636569e-01 1.365688e-01
39963: 1.723788e+00 1.475761e+00 6.640361e-01 1.364149e-01
39963: 1.722973e+00 1.476351e+00 6.644144e-01 1.362613e-01
39963: 1.722160e+00 1.476940e+00 6.647919e-01 1.361080e-01
39963: 1.722472e+00 1.476404e+00 6.651685e-01 1.359551e-01
39963: 1.723906e+00 1.475870e+00 6.644220e-01 1.358025e-01
39963: 1.724215e+00 1.476457e+00 6.636771e-01 1.356502e-01
39963: 1.724524e+00 1.477044e+00 6.629339e-01 1.354983e-01
39963: 1.724832e+00 1.477629e+00 6.621924e-01 1.353468e-01
39963: 1.725140e+00 1.477095e+00 6.625698e-01 1.351955e-01
39963: 1.724330e+00 1.476562e+00 6.640625e-01 1.350446e-01
39963: 1.723523e+00 1.477146e+00 6.633222e-01 1.360089e-01
39963: 1.722717e+00 1.477728e+00 6.636971e-01 1.358575e-01
39963: 1.721913e+00 1.478309e+00 6.640712e-01 1.357063e-01
39963: 1.721111e+00 1.478889e+00 6.644444e-01 1.355556e-01
39963: 1.721421e+00 1.479467e+00 6.637070e-01 1.354051e-01
39963: 1.720621e+00 1.478936e+00 6.651885e-01 1.352550e-01
39963: 1.719823e+00 1.479513e+00 6.644518e-01 1.362126e-01
39963: 1.720133e+00 1.478982e+00 6.637168e-01 1.371681e-01
39963: 1.719337e+00 1.478453e+00 6.640884e-01 1.381215e-01
39963: 1.719647e+00 1.477925e+00 6.644592e-01 1.379691e-01
39963: 1.719956e+00 1.477398e+00 6.637266e-01 1.389195e-01
39963: 1.720264e+00 1.477974e+00 6.629956e-01 1.387665e-01
39963: 1.721672e+00 1.477448e+00 6.622662e-01 1.386139e-01
39963: 1.720879e+00 1.476923e+00 6.637363e-01 1.384615e-01
39963: 1.720088e+00 1.477497e+00 6.641054e-01 1.383095e-01
39963: 1.721491e+00 1.476974e+00 6.633772e-01 1.381579e-01
39963: 1.720701e+00 1.477547e+00 6.626506e-01 1.391019e-01
39963: 1.721007e+00 1.477024e+00 6.630197e-01 1.389497e-01
39963: 1.721311e+00 1.476503e+00 6.633880e-01 1.387978e-01
39963: 1.720524e+00 1.477074e+00 6.626638e-01 1.397380e-01
39963: 1.720829e+00 1.477644e+00 6.619411e-01 1.395856e-01
39963: 1.721133e+00 1.477124e+00 6.623094e-01 1.394336e-01
39963: 1.721436e+00 1.476605e+00 6.626768e-01 1.392818e-01
39963: 1.720652e+00 1.477174e+00 6.630435e-01 1.391304e-01
39963: 1.719870e+00 1.477742e+00 6.623236e-01 1.400651e-01
39963: 1.719089e+00 1.478308e+00 6.626898e-01 1.399132e-01
39963: 1.718310e+00 1.477790e+00 6.641387e-01 1.397616e-01
39963: 1.718615e+00 1.478355e+00 6.634199e-01 1.396104e-01
39963: 1.718919e+00 1.477838e+00 6.637838e-01 1.394595e-01
39963: 1.719222e+00 1.478402e+00 6.630670e-01 1.393089e-01
39963: 1.719525e+00 1.477886e+00 6.623517e-01 1.402373e-01
39963: 1.720905e+00 1.477371e+00 6.616379e-01 1.400862e-01
39963: 1.720129e+00 1.477933e+00 6.620022e-01 1.399354e-01
39963: 1.720430e+00 1.477419e+00 6.623656e-01 1.397849e-01
39963: 1.720730e+00 1.477981e+00 6.616541e-01 1.396348e-01
39963: 1.721030e+00 1.478541e+00 6.609442e-01 1.394850e-01
39963: 1.720257e+00 1.478028e+00 6.623794e-01 1.393355e-01
39963: 1.720557e+00 1.477516e+00 6.627409e-01 1.391863e-01
39963: 1.720856e+00 1.478075e+00 6.620321e-01 1.390374e-01
39963: 1.720085e+00 1.478632e+00 6.623932e-01 1.388889e-01
39963: 1.719317e+00 1.478122e+00 6.638207e-01 1.387407e-01
39963: 1.718550e+00 1.477612e+00 6.652452e-01 1.385928e-01
39963: 1.717785e+00 1.479233e+00 6.645367e-01 1.384452e-01
39963: 1.717021e+00 1.478723e+00 6.659574e-01 1.382979e-01
39963: 1.718385e+00 1.478215e+00 6.652497e-01 1.381509e-01
39963: 1.717622e+00 1.478769e+00 6.656051e-01 1.380042e-01
39963: 1.716861e+00 1.479321e+00 6.659597e-01 1.378579e-01
39963: 1.717161e+00 1.478814e+00 6.652542e-01 1.387712e-01
39963: 1.717460e+00 1.478307e+00 6.656085e-01 1.386243e-01
39963: 1.716702e+00 1.477801e+00 6.670190e-01 1.384778e-01
39963: 1.717001e+00 1.477297e+00 6.663147e-01 1.393875e-01
39963: 1.716245e+00 1.476793e+00 6.677215e-01 1.392405e-01
39963: 1.715490e+00 1.478398e+00 6.670179e-01 1.390938e-01
39963: 1.715789e+00 1.478947e+00 6.663158e-01 1.389474e-01
39963: 1.717140e+00 1.478444e+00 6.656151e-01 1.388013e-01
39963: 1.717437e+00 1.477941e+00 6.659664e-01 1.386555e-01
39963: 1.716684e+00 1.478489e+00 6.663169e-01 1.385100e-01
39963: 1.716981e+00 1.477987e+00 6.666667e-01 1.383648e-01
39963: 1.717277e+00 1.478534e+00 6.659686e-01 1.382199e-01
39963: 1.717573e+00 1.478033e+00 6.663180e-01 1.380753e-01
39963: 1.717868e+00 1.477534e+00 6.666667e-01 1.379310e-01
39963: 1.718163e+00 1.477035e+00 6.670146e-01 1.377871e-01
39963: 1.719499e+00 1.476538e+00 6.663191e-01 1.376434e-01
39963: 1.719792e+00 1.477083e+00 6.656250e-01 1.375000e-01
39963: 1.719043e+00 1.478668e+00 6.649324e-01 1.373569e-01
39963: 1.718295e+00 1.478170e+00 6.652807e-01 1.382536e-01
39963: 1.718588e+00 1.477674e+00 6.656282e-01 1.381101e-01
39963: 1.718880e+00 1.478216e+00 6.649378e-01 1.379668e-01
39963: 1.718135e+00 1.477720e+00 6.663212e-01 1.378238e-01
39963: 1.719462e+00 1.477226e+00 6.656315e-01 1.376812e-01
39963: 1.718718e+00 1.477766e+00 6.659772e-01 1.375388e-01
39963: 1.717975e+00 1.477273e+00 6.673554e-01 1.373967e-01
39963: 1.717234e+00 1.477812e+00 6.676987e-01 1.372549e-01
39963: 1.716495e+00 1.477320e+00 6.690722e-01 1.371134e-01
39963: 1.716787e+00 1.477858e+00 6.683831e-01 1.369722e-01
39963: 1.716049e+00 1.478395e+00 6.676955e-01 1.378601e-01
39963: 1.716341e+00 1.478931e+00 6.670092e-01 1.377184e-01
39963: 1.716632e+00 1.479466e+00 6.663244e-01 1.375770e-01
39963: 1.715897e+00 1.481026e+00 6.656410e-01 1.374359e-01
39963: 1.715164e+00 1.481557e+00 6.659836e-01 1.372951e-01
39963: 1.715455e+00 1.481064e+00 6.663255e-01 1.371546e-01
39963: 1.714724e+00 1.480573e+00 6.666667e-01 1.380368e-01
39963: 1.715015e+00 1.480082e+00 6.670072e-01 1.378958e-01
39963: 1.714286e+00 1.480612e+00 6.673469e-01 1.377551e-01
39963: 1.713558e+00 1.481142e+00 6.676860e-01 1.376147e-01
39963: 1.712831e+00 1.482688e+00 6.670061e-01 1.374745e-01
39963: 1.714140e+00 1.482197e+00 6.663276e-01 1.373347e-01
39963: 1.714431e+00 1.481707e+00 6.666667e-01 1.371951e-01
39963: 1.714721e+00 1.481218e+00 6.659898e-01 1.380711e-01
39963: 1.713996e+00 1.481744e+00 6.663286e-01 1.379310e-01
39963: 1.714286e+00 1.481256e+00 6.666667e-01 1.377913e-01
39963: 1.713563e+00 1.482794e+00 6.659919e-01 1.376518e-01
39963: 1.713852e+00 1.482305e+00 6.663296e-01 1.375126e-01
39963: 1.713131e+00 1.482828e+00 6.666667e-01 1.373737e-01
39963: 1.713421e+00 1.482341e+00 6.659939e-01 1.382442e-01
39963: 1.712702e+00 1.482863e+00 6.663306e-01 1.381048e-01
39963: 1.712991e+00 1.483384e+00 6.656596e-01 1.379658e-01
39963: 1.712274e+00 1.484909e+00 6.649899e-01 1.378270e-01
39963: 1.713568e+00 1.484422e+00 6.643216e-01 1.376884e-01
39963: 1.713855e+00 1.483936e+00 6.646586e-01 1.375502e-01
39963: 1.713139e+00 1.484453e+00 6.649950e-01 1.374122e-01
39963: 1.712425e+00 1.483968e+00 6.663327e-01 1.372745e-01
39963: 1.711712e+00 1.484484e+00 6.666667e-01 1.371371e-01
39963: Done!
Traceback (most recent call last):
  File "/lowest-unique-number/tournament0/elexunix.py", line 25, in <module>
    input()
EOFError: EOF when reading a line
