Forked 40608
Starting to reopen 0 and 1
Calling execv `tournament0/elexunix.py` (pid 40608)
Strategy 0: first ans is 1
Forked 40632
Starting to reopen 0 and 1
Calling execv `tournament0/fedro.py` (pid 40632)
Strategy 1: first ans is 0
Forked 40656
Starting to reopen 0 and 1
Calling execv `tournament0/alex_dany` (pid 40656)
40656: Started!
40656: Number of players: 4, position: 2, number of turns: 1000
40656: Random seed: 2270131684
Strategy 2: first ans is 1
Forked 40657
Starting to reopen 0 and 1
Calling execv `tournament0/lounres.py` (pid 40657)
Strategy 3: first ans is 1
40656: 1.000000e+00 3.000000e+00 0.000000e+00 0.000000e+00
40656: 2.500000e+00 1.500000e+00 0.000000e+00 0.000000e+00
40656: 2.000000e+00 2.000000e+00 0.000000e+00 0.000000e+00
40656: 2.000000e+00 1.500000e+00 2.500000e-01 2.500000e-01
40656: 1.800000e+00 1.800000e+00 2.000000e-01 2.000000e-01
40656: 1.833333e+00 1.666667e+00 3.333333e-01 1.666667e-01
40656: 1.714286e+00 1.714286e+00 4.285714e-01 1.428571e-01
40656: 1.875000e+00 1.500000e+00 5.000000e-01 1.250000e-01
40656: 1.888889e+00 1.555556e+00 4.444444e-01 1.111111e-01
40656: 1.800000e+00 1.600000e+00 5.000000e-01 1.000000e-01
40656: 1.909091e+00 1.454545e+00 5.454545e-01 9.090909e-02
40656: 1.916667e+00 1.500000e+00 5.000000e-01 8.333333e-02
40656: 1.923077e+00 1.461538e+00 5.384615e-01 7.692308e-02
40656: 1.857143e+00 1.571429e+00 5.000000e-01 7.142857e-02
40656: 1.866667e+00 1.533333e+00 5.333333e-01 6.666667e-02
40656: 1.812500e+00 1.562500e+00 5.000000e-01 1.250000e-01
40656: 1.882353e+00 1.529412e+00 4.705882e-01 1.176471e-01
40656: 1.888889e+00 1.555556e+00 4.444444e-01 1.111111e-01
40656: 1.894737e+00 1.526316e+00 4.736842e-01 1.052632e-01
40656: 1.900000e+00 1.550000e+00 4.500000e-01 1.000000e-01
40656: 1.904762e+00 1.523810e+00 4.761905e-01 9.523810e-02
40656: 1.909091e+00 1.545455e+00 4.545455e-01 9.090909e-02
40656: 1.869565e+00 1.521739e+00 5.217391e-01 8.695652e-02
40656: 1.916667e+00 1.500000e+00 5.000000e-01 8.333333e-02
40656: 1.880000e+00 1.520000e+00 5.200000e-01 8.000000e-02
40656: 1.884615e+00 1.538462e+00 5.000000e-01 7.692308e-02
40656: 1.888889e+00 1.518519e+00 5.185185e-01 7.407407e-02
40656: 1.857143e+00 1.535714e+00 5.357143e-01 7.142857e-02
40656: 1.862069e+00 1.551724e+00 5.172414e-01 6.896552e-02
40656: 1.833333e+00 1.533333e+00 5.333333e-01 1.000000e-01
40656: 1.838710e+00 1.516129e+00 5.483871e-01 9.677419e-02
40656: 1.812500e+00 1.562500e+00 5.312500e-01 9.375000e-02
40656: 1.818182e+00 1.575758e+00 5.151515e-01 9.090909e-02
40656: 1.823529e+00 1.529412e+00 5.588235e-01 8.823529e-02
40656: 1.828571e+00 1.542857e+00 5.428571e-01 8.571429e-02
40656: 1.805556e+00 1.527778e+00 5.555556e-01 1.111111e-01
40656: 1.810811e+00 1.513514e+00 5.675676e-01 1.081081e-01
40656: 1.815789e+00 1.526316e+00 5.526316e-01 1.052632e-01
40656: 1.794872e+00 1.512821e+00 5.641026e-01 1.282051e-01
40656: 1.825000e+00 1.500000e+00 5.500000e-01 1.250000e-01
40656: 1.804878e+00 1.536585e+00 5.365854e-01 1.219512e-01
40656: 1.833333e+00 1.523810e+00 5.238095e-01 1.190476e-01
40656: 1.837209e+00 1.534884e+00 5.116279e-01 1.162791e-01
40656: 1.818182e+00 1.545455e+00 5.227273e-01 1.136364e-01
40656: 1.822222e+00 1.555556e+00 5.111111e-01 1.111111e-01
40656: 1.804348e+00 1.543478e+00 5.434783e-01 1.086957e-01
40656: 1.808511e+00 1.553191e+00 5.319149e-01 1.063830e-01
40656: 1.812500e+00 1.541667e+00 5.416667e-01 1.041667e-01
40656: 1.795918e+00 1.551020e+00 5.510204e-01 1.020408e-01
40656: 1.820000e+00 1.540000e+00 5.400000e-01 1.000000e-01
40656: 1.803922e+00 1.568627e+00 5.294118e-01 9.803922e-02
40656: 1.807692e+00 1.576923e+00 5.192308e-01 9.615385e-02
40656: 1.811321e+00 1.547170e+00 5.471698e-01 9.433962e-02
40656: 1.796296e+00 1.574074e+00 5.370370e-01 9.259259e-02
40656: 1.800000e+00 1.545455e+00 5.636364e-01 9.090909e-02
40656: 1.785714e+00 1.571429e+00 5.535714e-01 8.928571e-02
40656: 1.789474e+00 1.543860e+00 5.789474e-01 8.771930e-02
40656: 1.775862e+00 1.551724e+00 5.689655e-01 1.034483e-01
40656: 1.779661e+00 1.559322e+00 5.593220e-01 1.016949e-01
40656: 1.783333e+00 1.550000e+00 5.666667e-01 1.000000e-01
40656: 1.786885e+00 1.557377e+00 5.573770e-01 9.836066e-02
40656: 1.774194e+00 1.548387e+00 5.806452e-01 9.677419e-02
40656: 1.777778e+00 1.539683e+00 5.714286e-01 1.111111e-01
40656: 1.765625e+00 1.546875e+00 5.625000e-01 1.250000e-01
40656: 1.769231e+00 1.553846e+00 5.538462e-01 1.230769e-01
40656: 1.757576e+00 1.545455e+00 5.606061e-01 1.363636e-01
40656: 1.776119e+00 1.537313e+00 5.522388e-01 1.343284e-01
40656: 1.764706e+00 1.544118e+00 5.588235e-01 1.323529e-01
40656: 1.768116e+00 1.550725e+00 5.507246e-01 1.304348e-01
40656: 1.757143e+00 1.557143e+00 5.571429e-01 1.285714e-01
40656: 1.774648e+00 1.549296e+00 5.492958e-01 1.267606e-01
40656: 1.777778e+00 1.555556e+00 5.416667e-01 1.250000e-01
40656: 1.767123e+00 1.561644e+00 5.479452e-01 1.232877e-01
40656: 1.770270e+00 1.567568e+00 5.405405e-01 1.216216e-01
40656: 1.760000e+00 1.573333e+00 5.466667e-01 1.200000e-01
40656: 1.763158e+00 1.552632e+00 5.526316e-01 1.315789e-01
40656: 1.753247e+00 1.558442e+00 5.584416e-01 1.298701e-01
40656: 1.756410e+00 1.564103e+00 5.512821e-01 1.282051e-01
40656: 1.746835e+00 1.569620e+00 5.569620e-01 1.265823e-01
40656: 1.750000e+00 1.575000e+00 5.500000e-01 1.250000e-01
40656: 1.740741e+00 1.555556e+00 5.802469e-01 1.234568e-01
40656: 1.743902e+00 1.560976e+00 5.731707e-01 1.219512e-01
40656: 1.746988e+00 1.554217e+00 5.783133e-01 1.204819e-01
40656: 1.738095e+00 1.571429e+00 5.714286e-01 1.190476e-01
40656: 1.752941e+00 1.552941e+00 5.764706e-01 1.176471e-01
40656: 1.744186e+00 1.569767e+00 5.697674e-01 1.162791e-01
40656: 1.758621e+00 1.563218e+00 5.632184e-01 1.149425e-01
40656: 1.750000e+00 1.579545e+00 5.568182e-01 1.136364e-01
40656: 1.752809e+00 1.573034e+00 5.617978e-01 1.123596e-01
40656: 1.744444e+00 1.577778e+00 5.666667e-01 1.111111e-01
40656: 1.747253e+00 1.560440e+00 5.714286e-01 1.208791e-01
40656: 1.739130e+00 1.565217e+00 5.760870e-01 1.195652e-01
40656: 1.752688e+00 1.559140e+00 5.698925e-01 1.182796e-01
40656: 1.744681e+00 1.574468e+00 5.638298e-01 1.170213e-01
40656: 1.747368e+00 1.557895e+00 5.789474e-01 1.157895e-01
40656: 1.739583e+00 1.562500e+00 5.833333e-01 1.145833e-01
40656: 1.742268e+00 1.556701e+00 5.876289e-01 1.134021e-01
40656: 1.744898e+00 1.561224e+00 5.816327e-01 1.122449e-01
40656: 1.737374e+00 1.555556e+00 5.858586e-01 1.212121e-01
40656: 1.740000e+00 1.550000e+00 5.900000e-01 1.200000e-01
40656: 1.732673e+00 1.554455e+00 5.841584e-01 1.287129e-01
40656: 1.745098e+00 1.549020e+00 5.784314e-01 1.274510e-01
40656: 1.747573e+00 1.553398e+00 5.728155e-01 1.262136e-01
40656: 1.740385e+00 1.548077e+00 5.865385e-01 1.250000e-01
40656: 1.742857e+00 1.552381e+00 5.809524e-01 1.238095e-01
40656: 1.745283e+00 1.547170e+00 5.849057e-01 1.226415e-01
40656: 1.738318e+00 1.560748e+00 5.794393e-01 1.214953e-01
40656: 1.750000e+00 1.555556e+00 5.740741e-01 1.203704e-01
40656: 1.743119e+00 1.559633e+00 5.688073e-01 1.284404e-01
40656: 1.754545e+00 1.554545e+00 5.636364e-01 1.272727e-01
40656: 1.756757e+00 1.558559e+00 5.585586e-01 1.261261e-01
40656: 1.750000e+00 1.562500e+00 5.625000e-01 1.250000e-01
40656: 1.752212e+00 1.557522e+00 5.663717e-01 1.238938e-01
40656: 1.745614e+00 1.561404e+00 5.701754e-01 1.228070e-01
40656: 1.747826e+00 1.556522e+00 5.739130e-01 1.217391e-01
40656: 1.741379e+00 1.568966e+00 5.689655e-01 1.206897e-01
40656: 1.752137e+00 1.564103e+00 5.641026e-01 1.196581e-01
40656: 1.754237e+00 1.567797e+00 5.593220e-01 1.186441e-01
40656: 1.756303e+00 1.563025e+00 5.630252e-01 1.176471e-01
40656: 1.758333e+00 1.566667e+00 5.583333e-01 1.166667e-01
40656: 1.752066e+00 1.570248e+00 5.619835e-01 1.157025e-01
40656: 1.762295e+00 1.557377e+00 5.655738e-01 1.147541e-01
40656: 1.764228e+00 1.560976e+00 5.609756e-01 1.138211e-01
40656: 1.758065e+00 1.556452e+00 5.725806e-01 1.129032e-01
40656: 1.760000e+00 1.552000e+00 5.760000e-01 1.120000e-01
40656: 1.753968e+00 1.555556e+00 5.793651e-01 1.111111e-01
40656: 1.755906e+00 1.559055e+00 5.748031e-01 1.102362e-01
40656: 1.750000e+00 1.554688e+00 5.781250e-01 1.171875e-01
40656: 1.751938e+00 1.550388e+00 5.736434e-01 1.240310e-01
40656: 1.753846e+00 1.553846e+00 5.692308e-01 1.230769e-01
40656: 1.748092e+00 1.549618e+00 5.801527e-01 1.221374e-01
40656: 1.750000e+00 1.545455e+00 5.833333e-01 1.212121e-01
40656: 1.744361e+00 1.548872e+00 5.789474e-01 1.278195e-01
40656: 1.746269e+00 1.544776e+00 5.746269e-01 1.343284e-01
40656: 1.748148e+00 1.548148e+00 5.703704e-01 1.333333e-01
40656: 1.750000e+00 1.544118e+00 5.735294e-01 1.323529e-01
40656: 1.744526e+00 1.547445e+00 5.766423e-01 1.313869e-01
40656: 1.753623e+00 1.543478e+00 5.724638e-01 1.304348e-01
40656: 1.748201e+00 1.553957e+00 5.683453e-01 1.294964e-01
40656: 1.750000e+00 1.557143e+00 5.642857e-01 1.285714e-01
40656: 1.751773e+00 1.553191e+00 5.673759e-01 1.276596e-01
40656: 1.746479e+00 1.563380e+00 5.633803e-01 1.267606e-01
40656: 1.748252e+00 1.566434e+00 5.594406e-01 1.258741e-01
40656: 1.743056e+00 1.562500e+00 5.694444e-01 1.250000e-01
40656: 1.744828e+00 1.565517e+00 5.655172e-01 1.241379e-01
40656: 1.739726e+00 1.568493e+00 5.684932e-01 1.232877e-01
40656: 1.741497e+00 1.564626e+00 5.646259e-01 1.292517e-01
40656: 1.743243e+00 1.567568e+00 5.608108e-01 1.283784e-01
40656: 1.744966e+00 1.563758e+00 5.637584e-01 1.275168e-01
40656: 1.740000e+00 1.573333e+00 5.600000e-01 1.266667e-01
40656: 1.741722e+00 1.562914e+00 5.695364e-01 1.258278e-01
40656: 1.743421e+00 1.565789e+00 5.657895e-01 1.250000e-01
40656: 1.738562e+00 1.562092e+00 5.686275e-01 1.307190e-01
40656: 1.740260e+00 1.558442e+00 5.649351e-01 1.363636e-01
40656: 1.735484e+00 1.561290e+00 5.677419e-01 1.354839e-01
40656: 1.743590e+00 1.557692e+00 5.641026e-01 1.346154e-01
40656: 1.745223e+00 1.560510e+00 5.605096e-01 1.337580e-01
40656: 1.746835e+00 1.556962e+00 5.632911e-01 1.329114e-01
40656: 1.742138e+00 1.559748e+00 5.597484e-01 1.383648e-01
40656: 1.750000e+00 1.556250e+00 5.562500e-01 1.375000e-01
40656: 1.751553e+00 1.559006e+00 5.527950e-01 1.366460e-01
40656: 1.746914e+00 1.555556e+00 5.617284e-01 1.358025e-01
40656: 1.748466e+00 1.552147e+00 5.582822e-01 1.411043e-01
40656: 1.743902e+00 1.560976e+00 5.548780e-01 1.402439e-01
40656: 1.751515e+00 1.557576e+00 5.515152e-01 1.393939e-01
40656: 1.746988e+00 1.560241e+00 5.542169e-01 1.385542e-01
40656: 1.748503e+00 1.562874e+00 5.508982e-01 1.377246e-01
40656: 1.750000e+00 1.559524e+00 5.535714e-01 1.369048e-01
40656: 1.751479e+00 1.562130e+00 5.502959e-01 1.360947e-01
40656: 1.747059e+00 1.564706e+00 5.529412e-01 1.352941e-01
40656: 1.754386e+00 1.561404e+00 5.497076e-01 1.345029e-01
40656: 1.750000e+00 1.563953e+00 5.523256e-01 1.337209e-01
40656: 1.751445e+00 1.560694e+00 5.549133e-01 1.329480e-01
40656: 1.747126e+00 1.563218e+00 5.574713e-01 1.321839e-01
40656: 1.748571e+00 1.565714e+00 5.542857e-01 1.314286e-01
40656: 1.744318e+00 1.562500e+00 5.568182e-01 1.363636e-01
40656: 1.745763e+00 1.559322e+00 5.536723e-01 1.412429e-01
40656: 1.741573e+00 1.561798e+00 5.561798e-01 1.404494e-01
40656: 1.743017e+00 1.558659e+00 5.530726e-01 1.452514e-01
40656: 1.744444e+00 1.561111e+00 5.500000e-01 1.444444e-01
40656: 1.740331e+00 1.563536e+00 5.524862e-01 1.436464e-01
40656: 1.741758e+00 1.565934e+00 5.494505e-01 1.428571e-01
40656: 1.737705e+00 1.562842e+00 5.519126e-01 1.475410e-01
40656: 1.744565e+00 1.559783e+00 5.489130e-01 1.467391e-01
40656: 1.745946e+00 1.562162e+00 5.459459e-01 1.459459e-01
40656: 1.747312e+00 1.559140e+00 5.483871e-01 1.451613e-01
40656: 1.743316e+00 1.561497e+00 5.508021e-01 1.443850e-01
40656: 1.750000e+00 1.558511e+00 5.478723e-01 1.436170e-01
40656: 1.746032e+00 1.560847e+00 5.502646e-01 1.428571e-01
40656: 1.747368e+00 1.563158e+00 5.473684e-01 1.421053e-01
40656: 1.743455e+00 1.565445e+00 5.497382e-01 1.413613e-01
40656: 1.744792e+00 1.562500e+00 5.520833e-01 1.406250e-01
40656: 1.740933e+00 1.564767e+00 5.544041e-01 1.398964e-01
40656: 1.742268e+00 1.561856e+00 5.515464e-01 1.443299e-01
40656: 1.743590e+00 1.564103e+00 5.487179e-01 1.435897e-01
40656: 1.744898e+00 1.561224e+00 5.510204e-01 1.428571e-01
40656: 1.741117e+00 1.568528e+00 5.482234e-01 1.421320e-01
40656: 1.742424e+00 1.565657e+00 5.505051e-01 1.414141e-01
40656: 1.738693e+00 1.567839e+00 5.527638e-01 1.407035e-01
40656: 1.740000e+00 1.565000e+00 5.550000e-01 1.400000e-01
40656: 1.741294e+00 1.567164e+00 5.522388e-01 1.393035e-01
40656: 1.737624e+00 1.564356e+00 5.594059e-01 1.386139e-01
40656: 1.738916e+00 1.561576e+00 5.615764e-01 1.379310e-01
40656: 1.735294e+00 1.563725e+00 5.637255e-01 1.372549e-01
40656: 1.741463e+00 1.560976e+00 5.609756e-01 1.365854e-01
40656: 1.742718e+00 1.563107e+00 5.582524e-01 1.359223e-01
40656: 1.739130e+00 1.560386e+00 5.603865e-01 1.400966e-01
40656: 1.740385e+00 1.557692e+00 5.576923e-01 1.442308e-01
40656: 1.736842e+00 1.559809e+00 5.598086e-01 1.435407e-01
40656: 1.742857e+00 1.557143e+00 5.571429e-01 1.428571e-01
40656: 1.739336e+00 1.559242e+00 5.545024e-01 1.469194e-01
40656: 1.745283e+00 1.556604e+00 5.518868e-01 1.462264e-01
40656: 1.741784e+00 1.558685e+00 5.492958e-01 1.502347e-01
40656: 1.742991e+00 1.560748e+00 5.467290e-01 1.495327e-01
40656: 1.739535e+00 1.562791e+00 5.488372e-01 1.488372e-01
40656: 1.740741e+00 1.564815e+00 5.462963e-01 1.481481e-01
40656: 1.737327e+00 1.566820e+00 5.483871e-01 1.474654e-01
40656: 1.743119e+00 1.564220e+00 5.458716e-01 1.467890e-01
40656: 1.744292e+00 1.566210e+00 5.433790e-01 1.461187e-01
40656: 1.745455e+00 1.563636e+00 5.454545e-01 1.454545e-01
40656: 1.742081e+00 1.570136e+00 5.429864e-01 1.447964e-01
40656: 1.743243e+00 1.567568e+00 5.450450e-01 1.441441e-01
40656: 1.739910e+00 1.569507e+00 5.470852e-01 1.434978e-01
40656: 1.741071e+00 1.566964e+00 5.491071e-01 1.428571e-01
40656: 1.737778e+00 1.568889e+00 5.466667e-01 1.466667e-01
40656: 1.738938e+00 1.570796e+00 5.442478e-01 1.460177e-01
40656: 1.740088e+00 1.563877e+00 5.506608e-01 1.453744e-01
40656: 1.736842e+00 1.565789e+00 5.482456e-01 1.491228e-01
40656: 1.737991e+00 1.567686e+00 5.458515e-01 1.484716e-01
40656: 1.734783e+00 1.569565e+00 5.478261e-01 1.478261e-01
40656: 1.735931e+00 1.567100e+00 5.497835e-01 1.471861e-01
40656: 1.732759e+00 1.568966e+00 5.517241e-01 1.465517e-01
40656: 1.733906e+00 1.570815e+00 5.493562e-01 1.459227e-01
40656: 1.730769e+00 1.568376e+00 5.555556e-01 1.452991e-01
40656: 1.731915e+00 1.565957e+00 5.574468e-01 1.446809e-01
40656: 1.733051e+00 1.567797e+00 5.550847e-01 1.440678e-01
40656: 1.734177e+00 1.565401e+00 5.569620e-01 1.434599e-01
40656: 1.731092e+00 1.567227e+00 5.546218e-01 1.470588e-01
40656: 1.732218e+00 1.564854e+00 5.564854e-01 1.464435e-01
40656: 1.729167e+00 1.566667e+00 5.541667e-01 1.500000e-01
40656: 1.730290e+00 1.568465e+00 5.518672e-01 1.493776e-01
40656: 1.727273e+00 1.570248e+00 5.537190e-01 1.487603e-01
40656: 1.728395e+00 1.567901e+00 5.555556e-01 1.481481e-01
40656: 1.725410e+00 1.569672e+00 5.532787e-01 1.516393e-01
40656: 1.726531e+00 1.571429e+00 5.510204e-01 1.510204e-01
40656: 1.723577e+00 1.565041e+00 5.569106e-01 1.544715e-01
40656: 1.724696e+00 1.562753e+00 5.587045e-01 1.538462e-01
40656: 1.721774e+00 1.564516e+00 5.604839e-01 1.532258e-01
40656: 1.726908e+00 1.562249e+00 5.582329e-01 1.526104e-01
40656: 1.724000e+00 1.564000e+00 5.600000e-01 1.520000e-01
40656: 1.725100e+00 1.561753e+00 5.577689e-01 1.553785e-01
40656: 1.722222e+00 1.567460e+00 5.555556e-01 1.547619e-01
40656: 1.723320e+00 1.569170e+00 5.533597e-01 1.541502e-01
40656: 1.724409e+00 1.566929e+00 5.551181e-01 1.535433e-01
40656: 1.725490e+00 1.568627e+00 5.529412e-01 1.529412e-01
40656: 1.726562e+00 1.566406e+00 5.546875e-01 1.523438e-01
40656: 1.723735e+00 1.571984e+00 5.525292e-01 1.517510e-01
40656: 1.724806e+00 1.569767e+00 5.542636e-01 1.511628e-01
40656: 1.725869e+00 1.571429e+00 5.521236e-01 1.505792e-01
40656: 1.723077e+00 1.569231e+00 5.576923e-01 1.500000e-01
40656: 1.724138e+00 1.567050e+00 5.593870e-01 1.494253e-01
40656: 1.725191e+00 1.568702e+00 5.572519e-01 1.488550e-01
40656: 1.722433e+00 1.570342e+00 5.589354e-01 1.482890e-01
40656: 1.723485e+00 1.564394e+00 5.643939e-01 1.477273e-01
40656: 1.720755e+00 1.569811e+00 5.622642e-01 1.471698e-01
40656: 1.725564e+00 1.567669e+00 5.601504e-01 1.466165e-01
40656: 1.722846e+00 1.573034e+00 5.580524e-01 1.460674e-01
40656: 1.723881e+00 1.567164e+00 5.634328e-01 1.455224e-01
40656: 1.721190e+00 1.572491e+00 5.613383e-01 1.449814e-01
40656: 1.722222e+00 1.570370e+00 5.629630e-01 1.444444e-01
40656: 1.719557e+00 1.571956e+00 5.645756e-01 1.439114e-01
40656: 1.720588e+00 1.569853e+00 5.661765e-01 1.433824e-01
40656: 1.717949e+00 1.575092e+00 5.641026e-01 1.428571e-01
40656: 1.718978e+00 1.569343e+00 5.693431e-01 1.423358e-01
40656: 1.716364e+00 1.574545e+00 5.672727e-01 1.418182e-01
40656: 1.717391e+00 1.572464e+00 5.688406e-01 1.413043e-01
40656: 1.718412e+00 1.570397e+00 5.703971e-01 1.407942e-01
40656: 1.719424e+00 1.568345e+00 5.719424e-01 1.402878e-01
40656: 1.716846e+00 1.569892e+00 5.734767e-01 1.397849e-01
40656: 1.721429e+00 1.567857e+00 5.714286e-01 1.392857e-01
40656: 1.718861e+00 1.572954e+00 5.693950e-01 1.387900e-01
40656: 1.716312e+00 1.570922e+00 5.744681e-01 1.382979e-01
40656: 1.717314e+00 1.565371e+00 5.759717e-01 1.413428e-01
40656: 1.714789e+00 1.570423e+00 5.739437e-01 1.408451e-01
40656: 1.715789e+00 1.568421e+00 5.754386e-01 1.403509e-01
40656: 1.716783e+00 1.569930e+00 5.734266e-01 1.398601e-01
40656: 1.714286e+00 1.571429e+00 5.749129e-01 1.393728e-01
40656: 1.715278e+00 1.569444e+00 5.763889e-01 1.388889e-01
40656: 1.712803e+00 1.570934e+00 5.778547e-01 1.384083e-01
40656: 1.713793e+00 1.568966e+00 5.793103e-01 1.379310e-01
40656: 1.711340e+00 1.570447e+00 5.773196e-01 1.408935e-01
40656: 1.708904e+00 1.568493e+00 5.787671e-01 1.438356e-01
40656: 1.709898e+00 1.569966e+00 5.767918e-01 1.433447e-01
40656: 1.710884e+00 1.568027e+00 5.782313e-01 1.428571e-01
40656: 1.708475e+00 1.569492e+00 5.796610e-01 1.423729e-01
40656: 1.706081e+00 1.570946e+00 5.810811e-01 1.418919e-01
40656: 1.707071e+00 1.569024e+00 5.824916e-01 1.414141e-01
40656: 1.708054e+00 1.570470e+00 5.805369e-01 1.409396e-01
40656: 1.709030e+00 1.565217e+00 5.852843e-01 1.404682e-01
40656: 1.706667e+00 1.570000e+00 5.833333e-01 1.400000e-01
40656: 1.704319e+00 1.571429e+00 5.847176e-01 1.395349e-01
40656: 1.705298e+00 1.566225e+00 5.860927e-01 1.423841e-01
40656: 1.702970e+00 1.567657e+00 5.841584e-01 1.452145e-01
40656: 1.700658e+00 1.572368e+00 5.822368e-01 1.447368e-01
40656: 1.704918e+00 1.567213e+00 5.836066e-01 1.442623e-01
40656: 1.702614e+00 1.571895e+00 5.816993e-01 1.437908e-01
40656: 1.703583e+00 1.570033e+00 5.830619e-01 1.433225e-01
40656: 1.701299e+00 1.568182e+00 5.844156e-01 1.461039e-01
40656: 1.699029e+00 1.569579e+00 5.825243e-01 1.488673e-01
40656: 1.700000e+00 1.567742e+00 5.806452e-01 1.516129e-01
40656: 1.700965e+00 1.569132e+00 5.787781e-01 1.511254e-01
40656: 1.701923e+00 1.567308e+00 5.801282e-01 1.506410e-01
40656: 1.699681e+00 1.571885e+00 5.782748e-01 1.501597e-01
40656: 1.697452e+00 1.570064e+00 5.796178e-01 1.528662e-01
40656: 1.698413e+00 1.568254e+00 5.809524e-01 1.523810e-01
40656: 1.696203e+00 1.572785e+00 5.791139e-01 1.518987e-01
40656: 1.697161e+00 1.570978e+00 5.804416e-01 1.514196e-01
40656: 1.694969e+00 1.569182e+00 5.817610e-01 1.540881e-01
40656: 1.695925e+00 1.567398e+00 5.830721e-01 1.536050e-01
40656: 1.693750e+00 1.571875e+00 5.812500e-01 1.531250e-01
40656: 1.694704e+00 1.570093e+00 5.825545e-01 1.526480e-01
40656: 1.695652e+00 1.568323e+00 5.838509e-01 1.521739e-01
40656: 1.696594e+00 1.569659e+00 5.820433e-01 1.517028e-01
40656: 1.697531e+00 1.567901e+00 5.833333e-01 1.512346e-01
40656: 1.695385e+00 1.569231e+00 5.846154e-01 1.507692e-01
40656: 1.693252e+00 1.570552e+00 5.858896e-01 1.503067e-01
40656: 1.694190e+00 1.568807e+00 5.871560e-01 1.498471e-01
40656: 1.695122e+00 1.570122e+00 5.853659e-01 1.493902e-01
40656: 1.693009e+00 1.565350e+00 5.927052e-01 1.489362e-01
40656: 1.693939e+00 1.563636e+00 5.939394e-01 1.484848e-01
40656: 1.691843e+00 1.567976e+00 5.921450e-01 1.480363e-01
40656: 1.689759e+00 1.572289e+00 5.903614e-01 1.475904e-01
40656: 1.693694e+00 1.567568e+00 5.915916e-01 1.471471e-01
40656: 1.691617e+00 1.568862e+00 5.898204e-01 1.497006e-01
40656: 1.692537e+00 1.570149e+00 5.880597e-01 1.492537e-01
40656: 1.693452e+00 1.565476e+00 5.922619e-01 1.488095e-01
40656: 1.691395e+00 1.569733e+00 5.905045e-01 1.483680e-01
40656: 1.689349e+00 1.571006e+00 5.917160e-01 1.479290e-01
40656: 1.690265e+00 1.569322e+00 5.929204e-01 1.474926e-01
40656: 1.688235e+00 1.573529e+00 5.911765e-01 1.470588e-01
40656: 1.686217e+00 1.574780e+00 5.923754e-01 1.466276e-01
40656: 1.687135e+00 1.573099e+00 5.935673e-01 1.461988e-01
40656: 1.685131e+00 1.574344e+00 5.947522e-01 1.457726e-01
40656: 1.683140e+00 1.575581e+00 5.959302e-01 1.453488e-01
40656: 1.686957e+00 1.571014e+00 5.971014e-01 1.449275e-01
40656: 1.687861e+00 1.569364e+00 5.982659e-01 1.445087e-01
40656: 1.685879e+00 1.573487e+00 5.965418e-01 1.440922e-01
40656: 1.683908e+00 1.574713e+00 5.977011e-01 1.436782e-01
40656: 1.684814e+00 1.570201e+00 6.017192e-01 1.432665e-01
40656: 1.682857e+00 1.568571e+00 6.028571e-01 1.457143e-01
40656: 1.683761e+00 1.566952e+00 6.039886e-01 1.452991e-01
40656: 1.681818e+00 1.571023e+00 6.022727e-01 1.448864e-01
40656: 1.679887e+00 1.572238e+00 6.033994e-01 1.444759e-01
40656: 1.677966e+00 1.570621e+00 6.073446e-01 1.440678e-01
40656: 1.678873e+00 1.569014e+00 6.084507e-01 1.436620e-01
40656: 1.679775e+00 1.570225e+00 6.067416e-01 1.432584e-01
40656: 1.677871e+00 1.568627e+00 6.106443e-01 1.428571e-01
40656: 1.675978e+00 1.569832e+00 6.089385e-01 1.452514e-01
40656: 1.679666e+00 1.568245e+00 6.072423e-01 1.448468e-01
40656: 1.677778e+00 1.569444e+00 6.055556e-01 1.472222e-01
40656: 1.678670e+00 1.567867e+00 6.038781e-01 1.495845e-01
40656: 1.676796e+00 1.571823e+00 6.022099e-01 1.491713e-01
40656: 1.674931e+00 1.573003e+00 6.033058e-01 1.487603e-01
40656: 1.673077e+00 1.574176e+00 6.043956e-01 1.483516e-01
40656: 1.673973e+00 1.572603e+00 6.054795e-01 1.479452e-01
40656: 1.672131e+00 1.573770e+00 6.065574e-01 1.475410e-01
40656: 1.673025e+00 1.572207e+00 6.076294e-01 1.471390e-01
40656: 1.671196e+00 1.573370e+00 6.086957e-01 1.467391e-01
40656: 1.672087e+00 1.571816e+00 6.097561e-01 1.463415e-01
40656: 1.670270e+00 1.572973e+00 6.108108e-01 1.459459e-01
40656: 1.668464e+00 1.574124e+00 6.118598e-01 1.455526e-01
40656: 1.666667e+00 1.572581e+00 6.155914e-01 1.451613e-01
40656: 1.667560e+00 1.571046e+00 6.166220e-01 1.447721e-01
40656: 1.668449e+00 1.569519e+00 6.176471e-01 1.443850e-01
40656: 1.666667e+00 1.570667e+00 6.186667e-01 1.440000e-01
40656: 1.667553e+00 1.569149e+00 6.196809e-01 1.436170e-01
40656: 1.665782e+00 1.572944e+00 6.180371e-01 1.432361e-01
40656: 1.664021e+00 1.571429e+00 6.190476e-01 1.455026e-01
40656: 1.667546e+00 1.567282e+00 6.200528e-01 1.451187e-01
40656: 1.665789e+00 1.571053e+00 6.184211e-01 1.447368e-01
40656: 1.666667e+00 1.569554e+00 6.194226e-01 1.443570e-01
40656: 1.664921e+00 1.573298e+00 6.178010e-01 1.439791e-01
40656: 1.665796e+00 1.571802e+00 6.187990e-01 1.436031e-01
40656: 1.664062e+00 1.570312e+00 6.223958e-01 1.432292e-01
40656: 1.667532e+00 1.566234e+00 6.233766e-01 1.428571e-01
40656: 1.665803e+00 1.567358e+00 6.243523e-01 1.424870e-01
40656: 1.664083e+00 1.568475e+00 6.253230e-01 1.421189e-01
40656: 1.664948e+00 1.569588e+00 6.237113e-01 1.417526e-01
40656: 1.665810e+00 1.568123e+00 6.246787e-01 1.413882e-01
40656: 1.666667e+00 1.569231e+00 6.230769e-01 1.410256e-01
40656: 1.664962e+00 1.567775e+00 6.265985e-01 1.406650e-01
40656: 1.665816e+00 1.568878e+00 6.250000e-01 1.403061e-01
40656: 1.664122e+00 1.567430e+00 6.284987e-01 1.399491e-01
40656: 1.662437e+00 1.568528e+00 6.294416e-01 1.395939e-01
40656: 1.663291e+00 1.569620e+00 6.278481e-01 1.392405e-01
40656: 1.664141e+00 1.568182e+00 6.287879e-01 1.388889e-01
40656: 1.662469e+00 1.569270e+00 6.297229e-01 1.385390e-01
40656: 1.663317e+00 1.570352e+00 6.281407e-01 1.381910e-01
40656: 1.661654e+00 1.566416e+00 6.340852e-01 1.378446e-01
40656: 1.665000e+00 1.565000e+00 6.325000e-01 1.375000e-01
40656: 1.663342e+00 1.568579e+00 6.309227e-01 1.371571e-01
40656: 1.661692e+00 1.569652e+00 6.318408e-01 1.368159e-01
40656: 1.662531e+00 1.570720e+00 6.302730e-01 1.364764e-01
40656: 1.660891e+00 1.566832e+00 6.336634e-01 1.386139e-01
40656: 1.664198e+00 1.565432e+00 6.320988e-01 1.382716e-01
40656: 1.662562e+00 1.568966e+00 6.305419e-01 1.379310e-01
40656: 1.663391e+00 1.570025e+00 6.289926e-01 1.375921e-01
40656: 1.661765e+00 1.566176e+00 6.348039e-01 1.372549e-01
40656: 1.665037e+00 1.564792e+00 6.332518e-01 1.369193e-01
40656: 1.665854e+00 1.565854e+00 6.317073e-01 1.365854e-01
40656: 1.664234e+00 1.566910e+00 6.326034e-01 1.362530e-01
40656: 1.665049e+00 1.567961e+00 6.310680e-01 1.359223e-01
40656: 1.663438e+00 1.569007e+00 6.319613e-01 1.355932e-01
40656: 1.661836e+00 1.570048e+00 6.328502e-01 1.352657e-01
40656: 1.665060e+00 1.566265e+00 6.337349e-01 1.349398e-01
40656: 1.665865e+00 1.567308e+00 6.322115e-01 1.346154e-01
40656: 1.664269e+00 1.568345e+00 6.330935e-01 1.342926e-01
40656: 1.667464e+00 1.566986e+00 6.315789e-01 1.339713e-01
40656: 1.665871e+00 1.568019e+00 6.324582e-01 1.336516e-01
40656: 1.666667e+00 1.569048e+00 6.309524e-01 1.333333e-01
40656: 1.665083e+00 1.567696e+00 6.318290e-01 1.353919e-01
40656: 1.668246e+00 1.566351e+00 6.303318e-01 1.350711e-01
40656: 1.666667e+00 1.567376e+00 6.288416e-01 1.371158e-01
40656: 1.669811e+00 1.566038e+00 6.273585e-01 1.367925e-01
40656: 1.670588e+00 1.567059e+00 6.258824e-01 1.364706e-01
40656: 1.669014e+00 1.565728e+00 6.267606e-01 1.384977e-01
40656: 1.672131e+00 1.564403e+00 6.252927e-01 1.381733e-01
40656: 1.672897e+00 1.565421e+00 6.238318e-01 1.378505e-01
40656: 1.671329e+00 1.564103e+00 6.270396e-01 1.375291e-01
40656: 1.672093e+00 1.562791e+00 6.279070e-01 1.372093e-01
40656: 1.672854e+00 1.563805e+00 6.264501e-01 1.368910e-01
40656: 1.671296e+00 1.562500e+00 6.296296e-01 1.365741e-01
40656: 1.672055e+00 1.563510e+00 6.281755e-01 1.362587e-01
40656: 1.670507e+00 1.564516e+00 6.290323e-01 1.359447e-01
40656: 1.668966e+00 1.565517e+00 6.298851e-01 1.356322e-01
40656: 1.669725e+00 1.564220e+00 6.284404e-01 1.376147e-01
40656: 1.668192e+00 1.567506e+00 6.270023e-01 1.372998e-01
40656: 1.668950e+00 1.566210e+00 6.278539e-01 1.369863e-01
40656: 1.669704e+00 1.567198e+00 6.264237e-01 1.366743e-01
40656: 1.670455e+00 1.565909e+00 6.272727e-01 1.363636e-01
40656: 1.668934e+00 1.566893e+00 6.281179e-01 1.360544e-01
40656: 1.669683e+00 1.565611e+00 6.266968e-01 1.380090e-01
40656: 1.670429e+00 1.566591e+00 6.252822e-01 1.376975e-01
40656: 1.671171e+00 1.565315e+00 6.261261e-01 1.373874e-01
40656: 1.669663e+00 1.566292e+00 6.269663e-01 1.370787e-01
40656: 1.670404e+00 1.567265e+00 6.255605e-01 1.367713e-01
40656: 1.671141e+00 1.565996e+00 6.263982e-01 1.364653e-01
40656: 1.671875e+00 1.566964e+00 6.250000e-01 1.361607e-01
40656: 1.672606e+00 1.565702e+00 6.258352e-01 1.358575e-01
40656: 1.671111e+00 1.566667e+00 6.266667e-01 1.355556e-01
40656: 1.674058e+00 1.565410e+00 6.252772e-01 1.352550e-01
40656: 1.674779e+00 1.566372e+00 6.238938e-01 1.349558e-01
40656: 1.673289e+00 1.565121e+00 6.269316e-01 1.346578e-01
40656: 1.674009e+00 1.563877e+00 6.277533e-01 1.343612e-01
40656: 1.672527e+00 1.567033e+00 6.263736e-01 1.340659e-01
40656: 1.673246e+00 1.567982e+00 6.250000e-01 1.337719e-01
40656: 1.671772e+00 1.568928e+00 6.258206e-01 1.334792e-01
40656: 1.670306e+00 1.569869e+00 6.266376e-01 1.331878e-01
40656: 1.671024e+00 1.570806e+00 6.252723e-01 1.328976e-01
40656: 1.669565e+00 1.567391e+00 6.304348e-01 1.326087e-01
40656: 1.672451e+00 1.566161e+00 6.290672e-01 1.323210e-01
40656: 1.670996e+00 1.569264e+00 6.277056e-01 1.320346e-01
40656: 1.671706e+00 1.570194e+00 6.263499e-01 1.317495e-01
40656: 1.670259e+00 1.566810e+00 6.314655e-01 1.314655e-01
40656: 1.673118e+00 1.565591e+00 6.301075e-01 1.311828e-01
40656: 1.671674e+00 1.566524e+00 6.309013e-01 1.309013e-01
40656: 1.672377e+00 1.567452e+00 6.295503e-01 1.306210e-01
40656: 1.670940e+00 1.568376e+00 6.303419e-01 1.303419e-01
40656: 1.671642e+00 1.567164e+00 6.311301e-01 1.300640e-01
40656: 1.670213e+00 1.568085e+00 6.319149e-01 1.297872e-01
40656: 1.673036e+00 1.566879e+00 6.305732e-01 1.295117e-01
40656: 1.671610e+00 1.569915e+00 6.292373e-01 1.292373e-01
40656: 1.674419e+00 1.568710e+00 6.279070e-01 1.289641e-01
40656: 1.672996e+00 1.571730e+00 6.265823e-01 1.286920e-01
40656: 1.673684e+00 1.570526e+00 6.273684e-01 1.284211e-01
40656: 1.672269e+00 1.569328e+00 6.302521e-01 1.281513e-01
40656: 1.670860e+00 1.570231e+00 6.310273e-01 1.278826e-01
40656: 1.671548e+00 1.566946e+00 6.338912e-01 1.276151e-01
40656: 1.672234e+00 1.567850e+00 6.325678e-01 1.273486e-01
40656: 1.670833e+00 1.568750e+00 6.333333e-01 1.270833e-01
40656: 1.671518e+00 1.567568e+00 6.340956e-01 1.268191e-01
40656: 1.670124e+00 1.568465e+00 6.327801e-01 1.286307e-01
40656: 1.670807e+00 1.569358e+00 6.314700e-01 1.283644e-01
40656: 1.669421e+00 1.568182e+00 6.322314e-01 1.301653e-01
40656: 1.672165e+00 1.567010e+00 6.309278e-01 1.298969e-01
40656: 1.672840e+00 1.567901e+00 6.296296e-01 1.296296e-01
40656: 1.673511e+00 1.566735e+00 6.303901e-01 1.293634e-01
40656: 1.672131e+00 1.567623e+00 6.311475e-01 1.290984e-01
40656: 1.672802e+00 1.566462e+00 6.319018e-01 1.288344e-01
40656: 1.671429e+00 1.569388e+00 6.306122e-01 1.285714e-01
40656: 1.674134e+00 1.568228e+00 6.293279e-01 1.283096e-01
40656: 1.672764e+00 1.569106e+00 6.300813e-01 1.280488e-01
40656: 1.673428e+00 1.567951e+00 6.308316e-01 1.277890e-01
40656: 1.672065e+00 1.568826e+00 6.295547e-01 1.295547e-01
40656: 1.672727e+00 1.567677e+00 6.303030e-01 1.292929e-01
40656: 1.671371e+00 1.570565e+00 6.290323e-01 1.290323e-01
40656: 1.674044e+00 1.567404e+00 6.297787e-01 1.287726e-01
40656: 1.672691e+00 1.568273e+00 6.305221e-01 1.285141e-01
40656: 1.671343e+00 1.569138e+00 6.312625e-01 1.282565e-01
40656: 1.672000e+00 1.568000e+00 6.320000e-01 1.280000e-01
40656: 1.670659e+00 1.568862e+00 6.327345e-01 1.277445e-01
40656: 1.671315e+00 1.567729e+00 6.314741e-01 1.294821e-01
40656: 1.671968e+00 1.568588e+00 6.302187e-01 1.292247e-01
40656: 1.672619e+00 1.567460e+00 6.309524e-01 1.289683e-01
40656: 1.671287e+00 1.568317e+00 6.316832e-01 1.287129e-01
40656: 1.671937e+00 1.567194e+00 6.324111e-01 1.284585e-01
40656: 1.672584e+00 1.568047e+00 6.311637e-01 1.282051e-01
40656: 1.671260e+00 1.566929e+00 6.318898e-01 1.299213e-01
40656: 1.671906e+00 1.565815e+00 6.326130e-01 1.296660e-01
40656: 1.670588e+00 1.568627e+00 6.313725e-01 1.294118e-01
40656: 1.673190e+00 1.567515e+00 6.301370e-01 1.291585e-01
40656: 1.671875e+00 1.568359e+00 6.289062e-01 1.308594e-01
40656: 1.672515e+00 1.569201e+00 6.276803e-01 1.306043e-01
40656: 1.671206e+00 1.568093e+00 6.303502e-01 1.303502e-01
40656: 1.673786e+00 1.566990e+00 6.291262e-01 1.300971e-01
40656: 1.672481e+00 1.569767e+00 6.279070e-01 1.298450e-01
40656: 1.675048e+00 1.568665e+00 6.266925e-01 1.295938e-01
40656: 1.673745e+00 1.571429e+00 6.254826e-01 1.293436e-01
40656: 1.672447e+00 1.570328e+00 6.281310e-01 1.290944e-01
40656: 1.675000e+00 1.567308e+00 6.288462e-01 1.288462e-01
40656: 1.675624e+00 1.568138e+00 6.276392e-01 1.285988e-01
40656: 1.676245e+00 1.567050e+00 6.283525e-01 1.283525e-01
40656: 1.674952e+00 1.569790e+00 6.271511e-01 1.281071e-01
40656: 1.677481e+00 1.568702e+00 6.259542e-01 1.278626e-01
40656: 1.678095e+00 1.569524e+00 6.247619e-01 1.276190e-01
40656: 1.676806e+00 1.570342e+00 6.254753e-01 1.273764e-01
40656: 1.679317e+00 1.567362e+00 6.261860e-01 1.271347e-01
40656: 1.679924e+00 1.568182e+00 6.250000e-01 1.268939e-01
40656: 1.678639e+00 1.568998e+00 6.257089e-01 1.266541e-01
40656: 1.681132e+00 1.567925e+00 6.245283e-01 1.264151e-01
40656: 1.679849e+00 1.568738e+00 6.252354e-01 1.261770e-01
40656: 1.678571e+00 1.569549e+00 6.259398e-01 1.259398e-01
40656: 1.679174e+00 1.568480e+00 6.266417e-01 1.257036e-01
40656: 1.677903e+00 1.569288e+00 6.273408e-01 1.254682e-01
40656: 1.680374e+00 1.568224e+00 6.261682e-01 1.252336e-01
40656: 1.680970e+00 1.569030e+00 6.250000e-01 1.250000e-01
40656: 1.681564e+00 1.567970e+00 6.256983e-01 1.247672e-01
40656: 1.680297e+00 1.568773e+00 6.263941e-01 1.245353e-01
40656: 1.682746e+00 1.567718e+00 6.252319e-01 1.243043e-01
40656: 1.681481e+00 1.570370e+00 6.240741e-01 1.240741e-01
40656: 1.680222e+00 1.569316e+00 6.266174e-01 1.238447e-01
40656: 1.682657e+00 1.568266e+00 6.254613e-01 1.236162e-01
40656: 1.681400e+00 1.570902e+00 6.243094e-01 1.233886e-01
40656: 1.680147e+00 1.569853e+00 6.268382e-01 1.231618e-01
40656: 1.678899e+00 1.570642e+00 6.275229e-01 1.229358e-01
40656: 1.679487e+00 1.569597e+00 6.282051e-01 1.227106e-01
40656: 1.678245e+00 1.570384e+00 6.288848e-01 1.224863e-01
40656: 1.677007e+00 1.571168e+00 6.295620e-01 1.222628e-01
40656: 1.675774e+00 1.570128e+00 6.320583e-01 1.220401e-01
40656: 1.674545e+00 1.569091e+00 6.345455e-01 1.218182e-01
40656: 1.675136e+00 1.569873e+00 6.333938e-01 1.215971e-01
40656: 1.673913e+00 1.568841e+00 6.358696e-01 1.213768e-01
40656: 1.674503e+00 1.569620e+00 6.347197e-01 1.211573e-01
40656: 1.675090e+00 1.568592e+00 6.353791e-01 1.209386e-01
40656: 1.673874e+00 1.569369e+00 6.360360e-01 1.207207e-01
40656: 1.674460e+00 1.568345e+00 6.348921e-01 1.223022e-01
40656: 1.673250e+00 1.569120e+00 6.355476e-01 1.220826e-01
40656: 1.672043e+00 1.571685e+00 6.344086e-01 1.218638e-01
40656: 1.670841e+00 1.570662e+00 6.350626e-01 1.234347e-01
40656: 1.671429e+00 1.569643e+00 6.357143e-01 1.232143e-01
40656: 1.670232e+00 1.570410e+00 6.363636e-01 1.229947e-01
40656: 1.669039e+00 1.569395e+00 6.387900e-01 1.227758e-01
40656: 1.669627e+00 1.568384e+00 6.376554e-01 1.243339e-01
40656: 1.668440e+00 1.569149e+00 6.365248e-01 1.258865e-01
40656: 1.670796e+00 1.568142e+00 6.353982e-01 1.256637e-01
40656: 1.669611e+00 1.568905e+00 6.360424e-01 1.254417e-01
40656: 1.668430e+00 1.569665e+00 6.349206e-01 1.269841e-01
40656: 1.670775e+00 1.568662e+00 6.338028e-01 1.267606e-01
40656: 1.669596e+00 1.569420e+00 6.326889e-01 1.282953e-01
40656: 1.668421e+00 1.571930e+00 6.315789e-01 1.280702e-01
40656: 1.670753e+00 1.569177e+00 6.322242e-01 1.278459e-01
40656: 1.671329e+00 1.569930e+00 6.311189e-01 1.276224e-01
40656: 1.670157e+00 1.570681e+00 6.317627e-01 1.273997e-01
40656: 1.670732e+00 1.569686e+00 6.324042e-01 1.271777e-01
40656: 1.669565e+00 1.570435e+00 6.330435e-01 1.269565e-01
40656: 1.668403e+00 1.571181e+00 6.336806e-01 1.267361e-01
40656: 1.667244e+00 1.571924e+00 6.343154e-01 1.265165e-01
40656: 1.666090e+00 1.570934e+00 6.349481e-01 1.280277e-01
40656: 1.664940e+00 1.569948e+00 6.373057e-01 1.278066e-01
40656: 1.665517e+00 1.568966e+00 6.379310e-01 1.275862e-01
40656: 1.664372e+00 1.569707e+00 6.385542e-01 1.273666e-01
40656: 1.664948e+00 1.568729e+00 6.374570e-01 1.288660e-01
40656: 1.663808e+00 1.571184e+00 6.363636e-01 1.286449e-01
40656: 1.662671e+00 1.571918e+00 6.369863e-01 1.284247e-01
40656: 1.661538e+00 1.570940e+00 6.393162e-01 1.282051e-01
40656: 1.662116e+00 1.569966e+00 6.399317e-01 1.279863e-01
40656: 1.660988e+00 1.570698e+00 6.405451e-01 1.277683e-01
40656: 1.661565e+00 1.568027e+00 6.411565e-01 1.292517e-01
40656: 1.660441e+00 1.568761e+00 6.417657e-01 1.290323e-01
40656: 1.661017e+00 1.569492e+00 6.406780e-01 1.288136e-01
40656: 1.661591e+00 1.568528e+00 6.412860e-01 1.285956e-01
40656: 1.660473e+00 1.569257e+00 6.402027e-01 1.300676e-01
40656: 1.661046e+00 1.569983e+00 6.391231e-01 1.298482e-01
40656: 1.659933e+00 1.569024e+00 6.397306e-01 1.313131e-01
40656: 1.658824e+00 1.569748e+00 6.403361e-01 1.310924e-01
40656: 1.661074e+00 1.568792e+00 6.392617e-01 1.308725e-01
40656: 1.659966e+00 1.571189e+00 6.381910e-01 1.306533e-01
40656: 1.658863e+00 1.570234e+00 6.404682e-01 1.304348e-01
40656: 1.659432e+00 1.569282e+00 6.410684e-01 1.302170e-01
40656: 1.658333e+00 1.570000e+00 6.416667e-01 1.300000e-01
40656: 1.658902e+00 1.569052e+00 6.422629e-01 1.297837e-01
40656: 1.659468e+00 1.569767e+00 6.411960e-01 1.295681e-01
40656: 1.658375e+00 1.570481e+00 6.417910e-01 1.293532e-01
40656: 1.658940e+00 1.569536e+00 6.423841e-01 1.291391e-01
40656: 1.657851e+00 1.570248e+00 6.429752e-01 1.289256e-01
40656: 1.656766e+00 1.570957e+00 6.435644e-01 1.287129e-01
40656: 1.655684e+00 1.570016e+00 6.457990e-01 1.285008e-01
40656: 1.656250e+00 1.569079e+00 6.463816e-01 1.282895e-01
40656: 1.655172e+00 1.571429e+00 6.453202e-01 1.280788e-01
40656: 1.655738e+00 1.570492e+00 6.459016e-01 1.278689e-01
40656: 1.656301e+00 1.569558e+00 6.464812e-01 1.276596e-01
40656: 1.655229e+00 1.570261e+00 6.470588e-01 1.274510e-01
40656: 1.654160e+00 1.569331e+00 6.492659e-01 1.272431e-01
40656: 1.656352e+00 1.568404e+00 6.482085e-01 1.270358e-01
40656: 1.655285e+00 1.569106e+00 6.471545e-01 1.284553e-01
40656: 1.654221e+00 1.569805e+00 6.461039e-01 1.298701e-01
40656: 1.656402e+00 1.568882e+00 6.450567e-01 1.296596e-01
40656: 1.655340e+00 1.569579e+00 6.440129e-01 1.310680e-01
40656: 1.654281e+00 1.571890e+00 6.429725e-01 1.308562e-01
40656: 1.653226e+00 1.572581e+00 6.435484e-01 1.306452e-01
40656: 1.653784e+00 1.571659e+00 6.441224e-01 1.304348e-01
40656: 1.652733e+00 1.572347e+00 6.446945e-01 1.302251e-01
40656: 1.651685e+00 1.571429e+00 6.468700e-01 1.300161e-01
40656: 1.650641e+00 1.570513e+00 6.474359e-01 1.314103e-01
40656: 1.651200e+00 1.568000e+00 6.480000e-01 1.328000e-01
40656: 1.651757e+00 1.568690e+00 6.469649e-01 1.325879e-01
40656: 1.650718e+00 1.567783e+00 6.491228e-01 1.323764e-01
40656: 1.651274e+00 1.568471e+00 6.480892e-01 1.321656e-01
40656: 1.651828e+00 1.567568e+00 6.486486e-01 1.319555e-01
40656: 1.650794e+00 1.568254e+00 6.476190e-01 1.333333e-01
40656: 1.651347e+00 1.568938e+00 6.465927e-01 1.331220e-01
40656: 1.650316e+00 1.568038e+00 6.471519e-01 1.344937e-01
40656: 1.652449e+00 1.567141e+00 6.461295e-01 1.342812e-01
40656: 1.652997e+00 1.567823e+00 6.451104e-01 1.340694e-01
40656: 1.651969e+00 1.568504e+00 6.456693e-01 1.338583e-01
40656: 1.650943e+00 1.570755e+00 6.446541e-01 1.336478e-01
40656: 1.649922e+00 1.571429e+00 6.452119e-01 1.334380e-01
40656: 1.650470e+00 1.570533e+00 6.457680e-01 1.332288e-01
40656: 1.649452e+00 1.569640e+00 6.478873e-01 1.330203e-01
40656: 1.648438e+00 1.571875e+00 6.468750e-01 1.328125e-01
40656: 1.647426e+00 1.572543e+00 6.474259e-01 1.326053e-01
40656: 1.646417e+00 1.573209e+00 6.479751e-01 1.323988e-01
40656: 1.646967e+00 1.572317e+00 6.485226e-01 1.321928e-01
40656: 1.645963e+00 1.572981e+00 6.490683e-01 1.319876e-01
40656: 1.644961e+00 1.572093e+00 6.511628e-01 1.317829e-01
40656: 1.643963e+00 1.571207e+00 6.532508e-01 1.315789e-01
40656: 1.642968e+00 1.571870e+00 6.537867e-01 1.313756e-01
40656: 1.641975e+00 1.570988e+00 6.558642e-01 1.311728e-01
40656: 1.642527e+00 1.570108e+00 6.563945e-01 1.309707e-01
40656: 1.641538e+00 1.570769e+00 6.569231e-01 1.307692e-01
40656: 1.642089e+00 1.569892e+00 6.574501e-01 1.305684e-01
40656: 1.642638e+00 1.570552e+00 6.564417e-01 1.303681e-01
40656: 1.641654e+00 1.568147e+00 6.600306e-01 1.301685e-01
40656: 1.642202e+00 1.567278e+00 6.605505e-01 1.299694e-01
40656: 1.641221e+00 1.567939e+00 6.610687e-01 1.297710e-01
40656: 1.643293e+00 1.567073e+00 6.600610e-01 1.295732e-01
40656: 1.642314e+00 1.567732e+00 6.590563e-01 1.308980e-01
40656: 1.641337e+00 1.568389e+00 6.595745e-01 1.306991e-01
40656: 1.641882e+00 1.569044e+00 6.585736e-01 1.305008e-01
40656: 1.640909e+00 1.568182e+00 6.606061e-01 1.303030e-01
40656: 1.641452e+00 1.567322e+00 6.596067e-01 1.316188e-01
40656: 1.640483e+00 1.567976e+00 6.601208e-01 1.314199e-01
40656: 1.642534e+00 1.567119e+00 6.591252e-01 1.312217e-01
40656: 1.641566e+00 1.569277e+00 6.581325e-01 1.310241e-01
40656: 1.640602e+00 1.569925e+00 6.586466e-01 1.308271e-01
40656: 1.639640e+00 1.572072e+00 6.576577e-01 1.306306e-01
40656: 1.638681e+00 1.571214e+00 6.596702e-01 1.304348e-01
40656: 1.637725e+00 1.570359e+00 6.616766e-01 1.302395e-01
40656: 1.638266e+00 1.569507e+00 6.621824e-01 1.300448e-01
40656: 1.638806e+00 1.570149e+00 6.611940e-01 1.298507e-01
40656: 1.637854e+00 1.567809e+00 6.646796e-01 1.296572e-01
40656: 1.639881e+00 1.566964e+00 6.636905e-01 1.294643e-01
40656: 1.640416e+00 1.567608e+00 6.627043e-01 1.292719e-01
40656: 1.639466e+00 1.566766e+00 6.646884e-01 1.290801e-01
40656: 1.640000e+00 1.565926e+00 6.637037e-01 1.303704e-01
40656: 1.639053e+00 1.568047e+00 6.627219e-01 1.301775e-01
40656: 1.641064e+00 1.567208e+00 6.617430e-01 1.299852e-01
40656: 1.640118e+00 1.569322e+00 6.607670e-01 1.297935e-01
40656: 1.639175e+00 1.569956e+00 6.612666e-01 1.296024e-01
40656: 1.638235e+00 1.570588e+00 6.617647e-01 1.294118e-01
40656: 1.637298e+00 1.571219e+00 6.622614e-01 1.292217e-01
40656: 1.636364e+00 1.571848e+00 6.627566e-01 1.290323e-01
40656: 1.635432e+00 1.572474e+00 6.632504e-01 1.288433e-01
40656: 1.635965e+00 1.571637e+00 6.637427e-01 1.286550e-01
40656: 1.635036e+00 1.572263e+00 6.642336e-01 1.284672e-01
40656: 1.634111e+00 1.571429e+00 6.647230e-01 1.297376e-01
40656: 1.633188e+00 1.570597e+00 6.666667e-01 1.295488e-01
40656: 1.632267e+00 1.571221e+00 6.671512e-01 1.293605e-01
40656: 1.632801e+00 1.570392e+00 6.676343e-01 1.291727e-01
40656: 1.633333e+00 1.569565e+00 6.681159e-01 1.289855e-01
40656: 1.632417e+00 1.571635e+00 6.671491e-01 1.287988e-01
40656: 1.632948e+00 1.570809e+00 6.676301e-01 1.286127e-01
40656: 1.632035e+00 1.571429e+00 6.681097e-01 1.284271e-01
40656: 1.631124e+00 1.572046e+00 6.685879e-01 1.282421e-01
40656: 1.631655e+00 1.571223e+00 6.690647e-01 1.280576e-01
40656: 1.630747e+00 1.570402e+00 6.709770e-01 1.278736e-01
40656: 1.629842e+00 1.569584e+00 6.728838e-01 1.276901e-01
40656: 1.630372e+00 1.570201e+00 6.719198e-01 1.275072e-01
40656: 1.629471e+00 1.569385e+00 6.738197e-01 1.273247e-01
40656: 1.628571e+00 1.570000e+00 6.742857e-01 1.271429e-01
40656: 1.629101e+00 1.569187e+00 6.747504e-01 1.269615e-01
40656: 1.628205e+00 1.569801e+00 6.752137e-01 1.267806e-01
40656: 1.627312e+00 1.570413e+00 6.756757e-01 1.266003e-01
40656: 1.626420e+00 1.569602e+00 6.761364e-01 1.278409e-01
40656: 1.626950e+00 1.568794e+00 6.765957e-01 1.276596e-01
40656: 1.626062e+00 1.569405e+00 6.770538e-01 1.274788e-01
40656: 1.626591e+00 1.568600e+00 6.775106e-01 1.272984e-01
40656: 1.627119e+00 1.569209e+00 6.765537e-01 1.271186e-01
40656: 1.627645e+00 1.568406e+00 6.770099e-01 1.269394e-01
40656: 1.628169e+00 1.569014e+00 6.760563e-01 1.267606e-01
40656: 1.627286e+00 1.568214e+00 6.765120e-01 1.279887e-01
40656: 1.627809e+00 1.567416e+00 6.755618e-01 1.292135e-01
40656: 1.626928e+00 1.568022e+00 6.746143e-01 1.304348e-01
40656: 1.628852e+00 1.567227e+00 6.736695e-01 1.302521e-01
40656: 1.627972e+00 1.567832e+00 6.741259e-01 1.300699e-01
40656: 1.628492e+00 1.568436e+00 6.731844e-01 1.298883e-01
40656: 1.629010e+00 1.567643e+00 6.736402e-01 1.297071e-01
40656: 1.629526e+00 1.568245e+00 6.727019e-01 1.295265e-01
40656: 1.628651e+00 1.568846e+00 6.731572e-01 1.293463e-01
40656: 1.629167e+00 1.568056e+00 6.736111e-01 1.291667e-01
40656: 1.629681e+00 1.568655e+00 6.726768e-01 1.289875e-01
40656: 1.628809e+00 1.569252e+00 6.731302e-01 1.288089e-01
40656: 1.629322e+00 1.568465e+00 6.735823e-01 1.286307e-01
40656: 1.628453e+00 1.569061e+00 6.726519e-01 1.298343e-01
40656: 1.628966e+00 1.568276e+00 6.731034e-01 1.296552e-01
40656: 1.629477e+00 1.568871e+00 6.721763e-01 1.294766e-01
40656: 1.628611e+00 1.569464e+00 6.726272e-01 1.292985e-01
40656: 1.629121e+00 1.570055e+00 6.717033e-01 1.291209e-01
40656: 1.628258e+00 1.567901e+00 6.735254e-01 1.303155e-01
40656: 1.628767e+00 1.567123e+00 6.739726e-01 1.301370e-01
40656: 1.629275e+00 1.567715e+00 6.730506e-01 1.299590e-01
40656: 1.628415e+00 1.568306e+00 6.734973e-01 1.297814e-01
40656: 1.630286e+00 1.567531e+00 6.725784e-01 1.296044e-01
40656: 1.629428e+00 1.568120e+00 6.716621e-01 1.307902e-01
40656: 1.629932e+00 1.567347e+00 6.707483e-01 1.319728e-01
40656: 1.629076e+00 1.567935e+00 6.698370e-01 1.331522e-01
40656: 1.630936e+00 1.567164e+00 6.689281e-01 1.329715e-01
40656: 1.630081e+00 1.569106e+00 6.680217e-01 1.327913e-01
40656: 1.630582e+00 1.568336e+00 6.671177e-01 1.339648e-01
40656: 1.629730e+00 1.568919e+00 6.662162e-01 1.351351e-01
40656: 1.630229e+00 1.568151e+00 6.666667e-01 1.349528e-01
40656: 1.629380e+00 1.568733e+00 6.657682e-01 1.361186e-01
40656: 1.631225e+00 1.567968e+00 6.648721e-01 1.359354e-01
40656: 1.631720e+00 1.568548e+00 6.639785e-01 1.357527e-01
40656: 1.630872e+00 1.567785e+00 6.657718e-01 1.355705e-01
40656: 1.631367e+00 1.567024e+00 6.648794e-01 1.367292e-01
40656: 1.630522e+00 1.568942e+00 6.639893e-01 1.365462e-01
40656: 1.632353e+00 1.568182e+00 6.631016e-01 1.363636e-01
40656: 1.631509e+00 1.570093e+00 6.622163e-01 1.361816e-01
40656: 1.632000e+00 1.568000e+00 6.640000e-01 1.360000e-01
40656: 1.631158e+00 1.569907e+00 6.631158e-01 1.358189e-01
40656: 1.631649e+00 1.570479e+00 6.622340e-01 1.356383e-01
40656: 1.630810e+00 1.568393e+00 6.640106e-01 1.367862e-01
40656: 1.632626e+00 1.567639e+00 6.631300e-01 1.366048e-01
40656: 1.631788e+00 1.569536e+00 6.622517e-01 1.364238e-01
40656: 1.632275e+00 1.570106e+00 6.613757e-01 1.362434e-01
40656: 1.631440e+00 1.569353e+00 6.631440e-01 1.360634e-01
40656: 1.630607e+00 1.569921e+00 6.635884e-01 1.358839e-01
40656: 1.629776e+00 1.570487e+00 6.640316e-01 1.357049e-01
40656: 1.630263e+00 1.568421e+00 6.657895e-01 1.355263e-01
40656: 1.630749e+00 1.568988e+00 6.649146e-01 1.353482e-01
40656: 1.629921e+00 1.569554e+00 6.653543e-01 1.351706e-01
40656: 1.630406e+00 1.568807e+00 6.657929e-01 1.349934e-01
40656: 1.629581e+00 1.569372e+00 6.662304e-01 1.348168e-01
40656: 1.630065e+00 1.568627e+00 6.666667e-01 1.346405e-01
40656: 1.629243e+00 1.569191e+00 6.671018e-01 1.344648e-01
40656: 1.631030e+00 1.568449e+00 6.662321e-01 1.342894e-01
40656: 1.630208e+00 1.569010e+00 6.666667e-01 1.341146e-01
40656: 1.631990e+00 1.568270e+00 6.657997e-01 1.339402e-01
40656: 1.631169e+00 1.568831e+00 6.662338e-01 1.337662e-01
40656: 1.632944e+00 1.568093e+00 6.653696e-01 1.335927e-01
40656: 1.633420e+00 1.568653e+00 6.645078e-01 1.334197e-01
40656: 1.633894e+00 1.567917e+00 6.649418e-01 1.332471e-01
40656: 1.633075e+00 1.569767e+00 6.640827e-01 1.330749e-01
40656: 1.633548e+00 1.569032e+00 6.645161e-01 1.329032e-01
40656: 1.632732e+00 1.570876e+00 6.636598e-01 1.327320e-01
40656: 1.634492e+00 1.568855e+00 6.640927e-01 1.325611e-01
40656: 1.633676e+00 1.569409e+00 6.645244e-01 1.323907e-01
40656: 1.632863e+00 1.569961e+00 6.649551e-01 1.322208e-01
40656: 1.634615e+00 1.569231e+00 6.641026e-01 1.320513e-01
40656: 1.633803e+00 1.571063e+00 6.632522e-01 1.318822e-01
40656: 1.634271e+00 1.569054e+00 6.649616e-01 1.317136e-01
40656: 1.633461e+00 1.569604e+00 6.641124e-01 1.328225e-01
40656: 1.635204e+00 1.568878e+00 6.632653e-01 1.326531e-01
40656: 1.634395e+00 1.569427e+00 6.636943e-01 1.324841e-01
40656: 1.634860e+00 1.569975e+00 6.628499e-01 1.323155e-01
40656: 1.635324e+00 1.569250e+00 6.632783e-01 1.321474e-01
40656: 1.634518e+00 1.569797e+00 6.624365e-01 1.332487e-01
40656: 1.634981e+00 1.570342e+00 6.615970e-01 1.330798e-01
40656: 1.635443e+00 1.568354e+00 6.632911e-01 1.329114e-01
40656: 1.634640e+00 1.568900e+00 6.624526e-01 1.340076e-01
40656: 1.635101e+00 1.568182e+00 6.616162e-01 1.351010e-01
40656: 1.634300e+00 1.568726e+00 6.607818e-01 1.361917e-01
40656: 1.634761e+00 1.569270e+00 6.599496e-01 1.360202e-01
40656: 1.633962e+00 1.569811e+00 6.603774e-01 1.358491e-01
40656: 1.634422e+00 1.570352e+00 6.595477e-01 1.356784e-01
40656: 1.633626e+00 1.569636e+00 6.612296e-01 1.355082e-01
40656: 1.634085e+00 1.570175e+00 6.604010e-01 1.353383e-01
40656: 1.633292e+00 1.568210e+00 6.633292e-01 1.351690e-01
40656: 1.633750e+00 1.568750e+00 6.625000e-01 1.350000e-01
40656: 1.632959e+00 1.568040e+00 6.641698e-01 1.348315e-01
40656: 1.633416e+00 1.567332e+00 6.645885e-01 1.346633e-01
40656: 1.633873e+00 1.567870e+00 6.637609e-01 1.344956e-01
40656: 1.633085e+00 1.567164e+00 6.654229e-01 1.343284e-01
40656: 1.633540e+00 1.566460e+00 6.645963e-01 1.354037e-01
40656: 1.633995e+00 1.566998e+00 6.637717e-01 1.352357e-01
40656: 1.634449e+00 1.566295e+00 6.641884e-01 1.350682e-01
40656: 1.633663e+00 1.566832e+00 6.646040e-01 1.349010e-01
40656: 1.635352e+00 1.566131e+00 6.637824e-01 1.347342e-01
40656: 1.635802e+00 1.566667e+00 6.629630e-01 1.345679e-01
40656: 1.635018e+00 1.567201e+00 6.633785e-01 1.344020e-01
40656: 1.636700e+00 1.566502e+00 6.625616e-01 1.342365e-01
40656: 1.635916e+00 1.567036e+00 6.629766e-01 1.340713e-01
40656: 1.635135e+00 1.567568e+00 6.621622e-01 1.351351e-01
40656: 1.635583e+00 1.566871e+00 6.625767e-01 1.349693e-01
40656: 1.634804e+00 1.567402e+00 6.629902e-01 1.348039e-01
40656: 1.636475e+00 1.566707e+00 6.621787e-01 1.346389e-01
40656: 1.635697e+00 1.568460e+00 6.613692e-01 1.344743e-01
40656: 1.636142e+00 1.568987e+00 6.605617e-01 1.343101e-01
40656: 1.636585e+00 1.568293e+00 6.609756e-01 1.341463e-01
40656: 1.635810e+00 1.570037e+00 6.601705e-01 1.339829e-01
40656: 1.636253e+00 1.569343e+00 6.605839e-01 1.338200e-01
40656: 1.635480e+00 1.571081e+00 6.597813e-01 1.336574e-01
40656: 1.635922e+00 1.570388e+00 6.601942e-01 1.334951e-01
40656: 1.635152e+00 1.570909e+00 6.606061e-01 1.333333e-01
40656: 1.634383e+00 1.571429e+00 6.610169e-01 1.331719e-01
40656: 1.633615e+00 1.570738e+00 6.626360e-01 1.330109e-01
40656: 1.632850e+00 1.571256e+00 6.630435e-01 1.328502e-01
40656: 1.632087e+00 1.571773e+00 6.634499e-01 1.326900e-01
40656: 1.631325e+00 1.571084e+00 6.638554e-01 1.337349e-01
40656: 1.630566e+00 1.571600e+00 6.642599e-01 1.335740e-01
40656: 1.629808e+00 1.570913e+00 6.646635e-01 1.346154e-01
40656: 1.629052e+00 1.571429e+00 6.650660e-01 1.344538e-01
40656: 1.629496e+00 1.570743e+00 6.654676e-01 1.342926e-01
40656: 1.628743e+00 1.570060e+00 6.658683e-01 1.353293e-01
40656: 1.629187e+00 1.569378e+00 6.662679e-01 1.351675e-01
40656: 1.629630e+00 1.569892e+00 6.654719e-01 1.350060e-01
40656: 1.628878e+00 1.569212e+00 6.670644e-01 1.348449e-01
40656: 1.630513e+00 1.568534e+00 6.662694e-01 1.346841e-01
40656: 1.629762e+00 1.570238e+00 6.654762e-01 1.345238e-01
40656: 1.629013e+00 1.569560e+00 6.670630e-01 1.343639e-01
40656: 1.628266e+00 1.570071e+00 6.674584e-01 1.342043e-01
40656: 1.628707e+00 1.569395e+00 6.678529e-01 1.340451e-01
40656: 1.627962e+00 1.569905e+00 6.670616e-01 1.350711e-01
40656: 1.627219e+00 1.570414e+00 6.674556e-01 1.349112e-01
40656: 1.627660e+00 1.569740e+00 6.678487e-01 1.347518e-01
40656: 1.628099e+00 1.570248e+00 6.670602e-01 1.345927e-01
40656: 1.627358e+00 1.568396e+00 6.686321e-01 1.356132e-01
40656: 1.627797e+00 1.567727e+00 6.690224e-01 1.354535e-01
40656: 1.627059e+00 1.569412e+00 6.682353e-01 1.352941e-01
40656: 1.627497e+00 1.569918e+00 6.674501e-01 1.351351e-01
40656: 1.627934e+00 1.569249e+00 6.678404e-01 1.349765e-01
40656: 1.628370e+00 1.569754e+00 6.670574e-01 1.348183e-01
40656: 1.628806e+00 1.569087e+00 6.674473e-01 1.346604e-01
40656: 1.628070e+00 1.569591e+00 6.678363e-01 1.345029e-01
40656: 1.628505e+00 1.570093e+00 6.670561e-01 1.343458e-01
40656: 1.627771e+00 1.569428e+00 6.686114e-01 1.341890e-01
40656: 1.628205e+00 1.569930e+00 6.678322e-01 1.340326e-01
40656: 1.627474e+00 1.569267e+00 6.682189e-01 1.350407e-01
40656: 1.627907e+00 1.569767e+00 6.674419e-01 1.348837e-01
40656: 1.627178e+00 1.570267e+00 6.678281e-01 1.347271e-01
40656: 1.627610e+00 1.569606e+00 6.682135e-01 1.345708e-01
40656: 1.626883e+00 1.571263e+00 6.674392e-01 1.344148e-01
40656: 1.626157e+00 1.570602e+00 6.678241e-01 1.354167e-01
40656: 1.625434e+00 1.569942e+00 6.693642e-01 1.352601e-01
40656: 1.624711e+00 1.571594e+00 6.685912e-01 1.351039e-01
40656: 1.625144e+00 1.570934e+00 6.689735e-01 1.349481e-01
40656: 1.625576e+00 1.570276e+00 6.693548e-01 1.347926e-01
40656: 1.624856e+00 1.569620e+00 6.708861e-01 1.346375e-01
40656: 1.625287e+00 1.570115e+00 6.701149e-01 1.344828e-01
40656: 1.625718e+00 1.568312e+00 6.716418e-01 1.343284e-01
40656: 1.625000e+00 1.568807e+00 6.720183e-01 1.341743e-01
40656: 1.625430e+00 1.569301e+00 6.712486e-01 1.340206e-01
40656: 1.625858e+00 1.568650e+00 6.716247e-01 1.338673e-01
40656: 1.625143e+00 1.569143e+00 6.708571e-01 1.348571e-01
40656: 1.625571e+00 1.569635e+00 6.700913e-01 1.347032e-01
40656: 1.624857e+00 1.568985e+00 6.704675e-01 1.356899e-01
40656: 1.626424e+00 1.568337e+00 6.697039e-01 1.355353e-01
40656: 1.625711e+00 1.568828e+00 6.700796e-01 1.353811e-01
40656: 1.625000e+00 1.569318e+00 6.704545e-01 1.352273e-01
40656: 1.625426e+00 1.569807e+00 6.696935e-01 1.350738e-01
40656: 1.625850e+00 1.569161e+00 6.700680e-01 1.349206e-01
40656: 1.626274e+00 1.569649e+00 6.693092e-01 1.347678e-01
40656: 1.625566e+00 1.569005e+00 6.696833e-01 1.357466e-01
40656: 1.625989e+00 1.568362e+00 6.689266e-01 1.367232e-01
40656: 1.625282e+00 1.569977e+00 6.681716e-01 1.365688e-01
40656: 1.624577e+00 1.570462e+00 6.674183e-01 1.375423e-01
40656: 1.625000e+00 1.569820e+00 6.677928e-01 1.373874e-01
40656: 1.624297e+00 1.571429e+00 6.670416e-01 1.372328e-01
40656: 1.623596e+00 1.571910e+00 6.674157e-01 1.370787e-01
40656: 1.622896e+00 1.572391e+00 6.677890e-01 1.369248e-01
40656: 1.623318e+00 1.571749e+00 6.681614e-01 1.367713e-01
40656: 1.623740e+00 1.571109e+00 6.685330e-01 1.366181e-01
40656: 1.623043e+00 1.570470e+00 6.689038e-01 1.375839e-01
40656: 1.623464e+00 1.569832e+00 6.692737e-01 1.374302e-01
40656: 1.622768e+00 1.570312e+00 6.685268e-01 1.383929e-01
40656: 1.623188e+00 1.569677e+00 6.688963e-01 1.382386e-01
40656: 1.622494e+00 1.570156e+00 6.681514e-01 1.391982e-01
40656: 1.622914e+00 1.569522e+00 6.685206e-01 1.390434e-01
40656: 1.622222e+00 1.570000e+00 6.688889e-01 1.388889e-01
40656: 1.621532e+00 1.570477e+00 6.692564e-01 1.387347e-01
40656: 1.620843e+00 1.569845e+00 6.707317e-01 1.385809e-01
40656: 1.621262e+00 1.570321e+00 6.699889e-01 1.384275e-01
40656: 1.620575e+00 1.568584e+00 6.725664e-01 1.382743e-01
40656: 1.620994e+00 1.567956e+00 6.729282e-01 1.381215e-01
40656: 1.620309e+00 1.568433e+00 6.732892e-01 1.379691e-01
40656: 1.620728e+00 1.568908e+00 6.725469e-01 1.378170e-01
40656: 1.621145e+00 1.568282e+00 6.729075e-01 1.376652e-01
40656: 1.620462e+00 1.568757e+00 6.732673e-01 1.375138e-01
40656: 1.621978e+00 1.568132e+00 6.725275e-01 1.373626e-01
40656: 1.621295e+00 1.568606e+00 6.728869e-01 1.372119e-01
40656: 1.620614e+00 1.569079e+00 6.732456e-01 1.370614e-01
40656: 1.621030e+00 1.569551e+00 6.725082e-01 1.369113e-01
40656: 1.620350e+00 1.570022e+00 6.728665e-01 1.367615e-01
40656: 1.619672e+00 1.570492e+00 6.732240e-01 1.366120e-01
40656: 1.618996e+00 1.569869e+00 6.746725e-01 1.364629e-01
40656: 1.618321e+00 1.571429e+00 6.739368e-01 1.363141e-01
40656: 1.617647e+00 1.570806e+00 6.753813e-01 1.361656e-01
40656: 1.616975e+00 1.570185e+00 6.768226e-01 1.360174e-01
40656: 1.616304e+00 1.570652e+00 6.771739e-01 1.358696e-01
40656: 1.615635e+00 1.570033e+00 6.786102e-01 1.357220e-01
40656: 1.614967e+00 1.569414e+00 6.789588e-01 1.366594e-01
40656: 1.614301e+00 1.569881e+00 6.782232e-01 1.375948e-01
40656: 1.613636e+00 1.570346e+00 6.785714e-01 1.374459e-01
40656: 1.612973e+00 1.569730e+00 6.789189e-01 1.383784e-01
40656: 1.613391e+00 1.570194e+00 6.781857e-01 1.382289e-01
40656: 1.613808e+00 1.568501e+00 6.796117e-01 1.380798e-01
40656: 1.613147e+00 1.568966e+00 6.788793e-01 1.390086e-01
40656: 1.612487e+00 1.570506e+00 6.781485e-01 1.388590e-01
40656: 1.613978e+00 1.568817e+00 6.784946e-01 1.387097e-01
40656: 1.614393e+00 1.569280e+00 6.777658e-01 1.385607e-01
40656: 1.613734e+00 1.569742e+00 6.781116e-01 1.384120e-01
40656: 1.614148e+00 1.570204e+00 6.773848e-01 1.382637e-01
40656: 1.614561e+00 1.568522e+00 6.788009e-01 1.381156e-01
40656: 1.613904e+00 1.570053e+00 6.780749e-01 1.379679e-01
40656: 1.614316e+00 1.568376e+00 6.794872e-01 1.378205e-01
40656: 1.614728e+00 1.568837e+00 6.787620e-01 1.376734e-01
40656: 1.615139e+00 1.568230e+00 6.791045e-01 1.375267e-01
40656: 1.615548e+00 1.568690e+00 6.783813e-01 1.373802e-01
40656: 1.615957e+00 1.568085e+00 6.787234e-01 1.372340e-01
40656: 1.615303e+00 1.569607e+00 6.780021e-01 1.370882e-01
40656: 1.614650e+00 1.571125e+00 6.772824e-01 1.369427e-01
40656: 1.613998e+00 1.571580e+00 6.776246e-01 1.367975e-01
40656: 1.613347e+00 1.572034e+00 6.779661e-01 1.366525e-01
40656: 1.613757e+00 1.571429e+00 6.783069e-01 1.365079e-01
40656: 1.613108e+00 1.570825e+00 6.786469e-01 1.374207e-01
40656: 1.613516e+00 1.570222e+00 6.789863e-01 1.372756e-01
40656: 1.612869e+00 1.570675e+00 6.793249e-01 1.371308e-01
40656: 1.612223e+00 1.570074e+00 6.796628e-01 1.380400e-01
40656: 1.612632e+00 1.569474e+00 6.800000e-01 1.378947e-01
40656: 1.613039e+00 1.569926e+00 6.792850e-01 1.377497e-01
40656: 1.613445e+00 1.569328e+00 6.796218e-01 1.376050e-01
40656: 1.612802e+00 1.570829e+00 6.789087e-01 1.374607e-01
40656: 1.612159e+00 1.570231e+00 6.802935e-01 1.373166e-01
40656: 1.611518e+00 1.570681e+00 6.806283e-01 1.371728e-01
40656: 1.610879e+00 1.570084e+00 6.820084e-01 1.370293e-01
40656: 1.610240e+00 1.569488e+00 6.833856e-01 1.368861e-01
40656: 1.609603e+00 1.569937e+00 6.837161e-01 1.367432e-01
40656: 1.608968e+00 1.571429e+00 6.830031e-01 1.366006e-01
40656: 1.608333e+00 1.570833e+00 6.833333e-01 1.375000e-01
40656: 1.608741e+00 1.570239e+00 6.836629e-01 1.373569e-01
40656: 1.608108e+00 1.570686e+00 6.839917e-01 1.372141e-01
40656: 1.608515e+00 1.570093e+00 6.843198e-01 1.370717e-01
40656: 1.607884e+00 1.569502e+00 6.846473e-01 1.379668e-01
40656: 1.607254e+00 1.570984e+00 6.839378e-01 1.378238e-01
40656: 1.606625e+00 1.570393e+00 6.853002e-01 1.376812e-01
40656: 1.605998e+00 1.569804e+00 6.856256e-01 1.385729e-01
40656: 1.606405e+00 1.570248e+00 6.849174e-01 1.384298e-01
40656: 1.606811e+00 1.568627e+00 6.862745e-01 1.382869e-01
40656: 1.606186e+00 1.570103e+00 6.855670e-01 1.381443e-01
40656: 1.605561e+00 1.569516e+00 6.869207e-01 1.380021e-01
40656: 1.605967e+00 1.569959e+00 6.862140e-01 1.378601e-01
40656: 1.605344e+00 1.569373e+00 6.865365e-01 1.387461e-01
40656: 1.606776e+00 1.568789e+00 6.858316e-01 1.386037e-01
40656: 1.606154e+00 1.570256e+00 6.851282e-01 1.384615e-01
40656: 1.605533e+00 1.570697e+00 6.854508e-01 1.383197e-01
40656: 1.604913e+00 1.570113e+00 6.867963e-01 1.381781e-01
40656: 1.604294e+00 1.570552e+00 6.871166e-01 1.380368e-01
40656: 1.603677e+00 1.569969e+00 6.884576e-01 1.378958e-01
40656: 1.603061e+00 1.570408e+00 6.887755e-01 1.377551e-01
40656: 1.603466e+00 1.569827e+00 6.890928e-01 1.376147e-01
40656: 1.603870e+00 1.570265e+00 6.883910e-01 1.374745e-01
40656: 1.603255e+00 1.569685e+00 6.897253e-01 1.373347e-01
40656: 1.603659e+00 1.570122e+00 6.890244e-01 1.371951e-01
40656: 1.604061e+00 1.568528e+00 6.903553e-01 1.370558e-01
40656: 1.604462e+00 1.568966e+00 6.896552e-01 1.369168e-01
40656: 1.604863e+00 1.568389e+00 6.899696e-01 1.367781e-01
40656: 1.604251e+00 1.568826e+00 6.902834e-01 1.366397e-01
40656: 1.603640e+00 1.570273e+00 6.895854e-01 1.365015e-01
40656: 1.604040e+00 1.569697e+00 6.898990e-01 1.363636e-01
40656: 1.603431e+00 1.571140e+00 6.892028e-01 1.362260e-01
40656: 1.603831e+00 1.570565e+00 6.895161e-01 1.360887e-01
40656: 1.604230e+00 1.569990e+00 6.898288e-01 1.359517e-01
40656: 1.603622e+00 1.570423e+00 6.901408e-01 1.358149e-01
40656: 1.603015e+00 1.570854e+00 6.904523e-01 1.356784e-01
40656: 1.603414e+00 1.570281e+00 6.907631e-01 1.355422e-01
40656: 1.603811e+00 1.569709e+00 6.910732e-01 1.354062e-01
40656: 1.603206e+00 1.571142e+00 6.903808e-01 1.352705e-01
40656: 1.603604e+00 1.570571e+00 6.906907e-01 1.351351e-01
40656: Done!
Traceback (most recent call last):
  File "/lowest-unique-number/tournament0/elexunix.py", line 25, in <module>
    input()
EOFError: EOF when reading a line
