Forked 38315
Starting to reopen 0 and 1
Calling execv `tournament0/alex_dany` (pid 38315)
38315: Started!
38315: Number of players: 4, position: 0, number of turns: 1000
38315: Random seed: 2171042830
Strategy 0: first ans is 1
Forked 38316
Starting to reopen 0 and 1
Calling execv `tournament0/the_best_strategy.py` (pid 38316)
Strategy 1: first ans is 0
Forked 38317
Starting to reopen 0 and 1
Calling execv `tournament0/lounres.py` (pid 38317)
Strategy 2: first ans is 1
Forked 38318
Starting to reopen 0 and 1
Calling execv `tournament0/pzakorko.py` (pid 38318)
Strategy 3: first ans is 0
38315: 2.000000e+00 2.000000e+00 0.000000e+00 0.000000e+00
38315: 1.500000e+00 1.500000e+00 1.000000e+00 0.000000e+00
38315: 2.000000e+00 1.000000e+00 1.000000e+00 0.000000e+00
38315: 1.750000e+00 1.250000e+00 1.000000e+00 0.000000e+00
38315: 2.000000e+00 1.200000e+00 8.000000e-01 0.000000e+00
38315: 1.833333e+00 1.500000e+00 6.666667e-01 0.000000e+00
38315: 2.000000e+00 1.428571e+00 5.714286e-01 0.000000e+00
38315: 1.875000e+00 1.500000e+00 6.250000e-01 0.000000e+00
38315: 1.888889e+00 1.444444e+00 6.666667e-01 0.000000e+00
38315: 1.900000e+00 1.500000e+00 6.000000e-01 0.000000e+00
38315: 1.818182e+00 1.454545e+00 7.272727e-01 0.000000e+00
38315: 1.833333e+00 1.500000e+00 6.666667e-01 0.000000e+00
38315: 1.769231e+00 1.461538e+00 7.692308e-01 0.000000e+00
38315: 1.785714e+00 1.428571e+00 7.857143e-01 0.000000e+00
38315: 1.733333e+00 1.466667e+00 8.000000e-01 0.000000e+00
38315: 1.750000e+00 1.500000e+00 7.500000e-01 0.000000e+00
38315: 1.705882e+00 1.470588e+00 8.235294e-01 0.000000e+00
38315: 1.777778e+00 1.444444e+00 7.777778e-01 0.000000e+00
38315: 1.789474e+00 1.473684e+00 7.368421e-01 0.000000e+00
38315: 1.750000e+00 1.450000e+00 8.000000e-01 0.000000e+00
38315: 1.809524e+00 1.428571e+00 7.619048e-01 0.000000e+00
38315: 1.772727e+00 1.454545e+00 7.727273e-01 0.000000e+00
38315: 1.826087e+00 1.434783e+00 7.391304e-01 0.000000e+00
38315: 1.791667e+00 1.500000e+00 7.083333e-01 0.000000e+00
38315: 1.840000e+00 1.480000e+00 6.800000e-01 0.000000e+00
38315: 1.846154e+00 1.500000e+00 6.538462e-01 0.000000e+00
38315: 1.814815e+00 1.518519e+00 6.666667e-01 0.000000e+00
38315: 1.857143e+00 1.500000e+00 6.428571e-01 0.000000e+00
38315: 1.827586e+00 1.517241e+00 6.551724e-01 0.000000e+00
38315: 1.833333e+00 1.500000e+00 6.666667e-01 0.000000e+00
38315: 1.806452e+00 1.516129e+00 6.774194e-01 0.000000e+00
38315: 1.812500e+00 1.500000e+00 6.875000e-01 0.000000e+00
38315: 1.787879e+00 1.545455e+00 6.666667e-01 0.000000e+00
38315: 1.823529e+00 1.529412e+00 6.470588e-01 0.000000e+00
38315: 1.800000e+00 1.542857e+00 6.571429e-01 0.000000e+00
38315: 1.833333e+00 1.527778e+00 6.388889e-01 0.000000e+00
38315: 1.837838e+00 1.540541e+00 6.216216e-01 0.000000e+00
38315: 1.842105e+00 1.526316e+00 6.315789e-01 0.000000e+00
38315: 1.820513e+00 1.538462e+00 6.410256e-01 0.000000e+00
38315: 1.850000e+00 1.525000e+00 6.250000e-01 0.000000e+00
38315: 1.829268e+00 1.536585e+00 6.341463e-01 0.000000e+00
38315: 1.857143e+00 1.523810e+00 6.190476e-01 0.000000e+00
38315: 1.837209e+00 1.534884e+00 6.279070e-01 0.000000e+00
38315: 1.840909e+00 1.522727e+00 6.363636e-01 0.000000e+00
38315: 1.822222e+00 1.533333e+00 6.444444e-01 0.000000e+00
38315: 1.847826e+00 1.521739e+00 6.304348e-01 0.000000e+00
38315: 1.829787e+00 1.531915e+00 6.382979e-01 0.000000e+00
38315: 1.833333e+00 1.520833e+00 6.458333e-01 0.000000e+00
38315: 1.816327e+00 1.551020e+00 6.326531e-01 0.000000e+00
38315: 1.820000e+00 1.540000e+00 6.400000e-01 0.000000e+00
38315: 1.803922e+00 1.568627e+00 6.274510e-01 0.000000e+00
38315: 1.826923e+00 1.557692e+00 6.153846e-01 0.000000e+00
38315: 1.811321e+00 1.584906e+00 6.037736e-01 0.000000e+00
38315: 1.814815e+00 1.574074e+00 6.111111e-01 0.000000e+00
38315: 1.818182e+00 1.563636e+00 6.181818e-01 0.000000e+00
38315: 1.785714e+00 1.589286e+00 6.250000e-01 0.000000e+00
38315: 1.789474e+00 1.561404e+00 6.491228e-01 0.000000e+00
38315: 1.793103e+00 1.568966e+00 6.379310e-01 0.000000e+00
38315: 1.779661e+00 1.559322e+00 6.610169e-01 0.000000e+00
38315: 1.783333e+00 1.566667e+00 6.500000e-01 0.000000e+00
38315: 1.786885e+00 1.557377e+00 6.557377e-01 0.000000e+00
38315: 1.790323e+00 1.564516e+00 6.451613e-01 0.000000e+00
38315: 1.793651e+00 1.555556e+00 6.507937e-01 0.000000e+00
38315: 1.781250e+00 1.562500e+00 6.562500e-01 0.000000e+00
38315: 1.784615e+00 1.553846e+00 6.615385e-01 0.000000e+00
38315: 1.787879e+00 1.560606e+00 6.515152e-01 0.000000e+00
38315: 1.776119e+00 1.552239e+00 6.716418e-01 0.000000e+00
38315: 1.794118e+00 1.544118e+00 6.617647e-01 0.000000e+00
38315: 1.782609e+00 1.550725e+00 6.666667e-01 0.000000e+00
38315: 1.800000e+00 1.542857e+00 6.571429e-01 0.000000e+00
38315: 1.788732e+00 1.549296e+00 6.619718e-01 0.000000e+00
38315: 1.791667e+00 1.541667e+00 6.666667e-01 0.000000e+00
38315: 1.794521e+00 1.547945e+00 6.575342e-01 0.000000e+00
38315: 1.783784e+00 1.554054e+00 6.621622e-01 0.000000e+00
38315: 1.786667e+00 1.546667e+00 6.666667e-01 0.000000e+00
38315: 1.776316e+00 1.552632e+00 6.710526e-01 0.000000e+00
38315: 1.792208e+00 1.545455e+00 6.623377e-01 0.000000e+00
38315: 1.782051e+00 1.551282e+00 6.666667e-01 0.000000e+00
38315: 1.784810e+00 1.544304e+00 6.708861e-01 0.000000e+00
38315: 1.775000e+00 1.562500e+00 6.625000e-01 0.000000e+00
38315: 1.790123e+00 1.555556e+00 6.543210e-01 0.000000e+00
38315: 1.780488e+00 1.560976e+00 6.585366e-01 0.000000e+00
38315: 1.795181e+00 1.554217e+00 6.506024e-01 0.000000e+00
38315: 1.785714e+00 1.559524e+00 6.547619e-01 0.000000e+00
38315: 1.776471e+00 1.564706e+00 6.588235e-01 0.000000e+00
38315: 1.779070e+00 1.558140e+00 6.627907e-01 0.000000e+00
38315: 1.770115e+00 1.563218e+00 6.666667e-01 0.000000e+00
38315: 1.772727e+00 1.556818e+00 6.704545e-01 0.000000e+00
38315: 1.764045e+00 1.561798e+00 6.741573e-01 0.000000e+00
38315: 1.777778e+00 1.555556e+00 6.666667e-01 0.000000e+00
38315: 1.780220e+00 1.560440e+00 6.593407e-01 0.000000e+00
38315: 1.782609e+00 1.554348e+00 6.630435e-01 0.000000e+00
38315: 1.784946e+00 1.559140e+00 6.559140e-01 0.000000e+00
38315: 1.776596e+00 1.553191e+00 6.702128e-01 0.000000e+00
38315: 1.789474e+00 1.547368e+00 6.631579e-01 0.000000e+00
38315: 1.791667e+00 1.552083e+00 6.562500e-01 0.000000e+00
38315: 1.793814e+00 1.546392e+00 6.597938e-01 0.000000e+00
38315: 1.795918e+00 1.551020e+00 6.530612e-01 0.000000e+00
38315: 1.787879e+00 1.555556e+00 6.565657e-01 0.000000e+00
38315: 1.790000e+00 1.550000e+00 6.600000e-01 0.000000e+00
38315: 1.792079e+00 1.554455e+00 6.534653e-01 0.000000e+00
38315: 1.794118e+00 1.549020e+00 6.568627e-01 0.000000e+00
38315: 1.786408e+00 1.563107e+00 6.504854e-01 0.000000e+00
38315: 1.788462e+00 1.567308e+00 6.442308e-01 0.000000e+00
38315: 1.780952e+00 1.561905e+00 6.571429e-01 0.000000e+00
38315: 1.792453e+00 1.556604e+00 6.509434e-01 0.000000e+00
38315: 1.794393e+00 1.560748e+00 6.448598e-01 0.000000e+00
38315: 1.796296e+00 1.555556e+00 6.481481e-01 0.000000e+00
38315: 1.788991e+00 1.559633e+00 6.513761e-01 0.000000e+00
38315: 1.790909e+00 1.554545e+00 6.545455e-01 0.000000e+00
38315: 1.783784e+00 1.558559e+00 6.576577e-01 0.000000e+00
38315: 1.785714e+00 1.562500e+00 6.517857e-01 0.000000e+00
38315: 1.778761e+00 1.566372e+00 6.548673e-01 0.000000e+00
38315: 1.789474e+00 1.561404e+00 6.491228e-01 0.000000e+00
38315: 1.791304e+00 1.565217e+00 6.434783e-01 0.000000e+00
38315: 1.784483e+00 1.560345e+00 6.551724e-01 0.000000e+00
38315: 1.794872e+00 1.555556e+00 6.495726e-01 0.000000e+00
38315: 1.788136e+00 1.559322e+00 6.525424e-01 0.000000e+00
38315: 1.798319e+00 1.554622e+00 6.470588e-01 0.000000e+00
38315: 1.791667e+00 1.558333e+00 6.500000e-01 0.000000e+00
38315: 1.793388e+00 1.561983e+00 6.446281e-01 0.000000e+00
38315: 1.786885e+00 1.565574e+00 6.475410e-01 0.000000e+00
38315: 1.788618e+00 1.560976e+00 6.504065e-01 0.000000e+00
38315: 1.790323e+00 1.564516e+00 6.451613e-01 0.000000e+00
38315: 1.792000e+00 1.560000e+00 6.480000e-01 0.000000e+00
38315: 1.793651e+00 1.563492e+00 6.428571e-01 0.000000e+00
38315: 1.795276e+00 1.559055e+00 6.456693e-01 0.000000e+00
38315: 1.796875e+00 1.562500e+00 6.406250e-01 0.000000e+00
38315: 1.790698e+00 1.565891e+00 6.434109e-01 0.000000e+00
38315: 1.792308e+00 1.561538e+00 6.461538e-01 0.000000e+00
38315: 1.793893e+00 1.564885e+00 6.412214e-01 0.000000e+00
38315: 1.787879e+00 1.560606e+00 6.515152e-01 0.000000e+00
38315: 1.789474e+00 1.556391e+00 6.541353e-01 0.000000e+00
38315: 1.791045e+00 1.559701e+00 6.492537e-01 0.000000e+00
38315: 1.785185e+00 1.562963e+00 6.518519e-01 0.000000e+00
38315: 1.786765e+00 1.566176e+00 6.470588e-01 0.000000e+00
38315: 1.781022e+00 1.562044e+00 6.569343e-01 0.000000e+00
38315: 1.782609e+00 1.557971e+00 6.594203e-01 0.000000e+00
38315: 1.776978e+00 1.568345e+00 6.546763e-01 0.000000e+00
38315: 1.785714e+00 1.564286e+00 6.500000e-01 0.000000e+00
38315: 1.787234e+00 1.567376e+00 6.453901e-01 0.000000e+00
38315: 1.781690e+00 1.563380e+00 6.549296e-01 0.000000e+00
38315: 1.783217e+00 1.566434e+00 6.503497e-01 0.000000e+00
38315: 1.784722e+00 1.562500e+00 6.527778e-01 0.000000e+00
38315: 1.779310e+00 1.565517e+00 6.551724e-01 0.000000e+00
38315: 1.780822e+00 1.561644e+00 6.575342e-01 0.000000e+00
38315: 1.775510e+00 1.564626e+00 6.598639e-01 0.000000e+00
38315: 1.777027e+00 1.560811e+00 6.621622e-01 0.000000e+00
38315: 1.778523e+00 1.563758e+00 6.577181e-01 0.000000e+00
38315: 1.773333e+00 1.566667e+00 6.600000e-01 0.000000e+00
38315: 1.781457e+00 1.562914e+00 6.556291e-01 0.000000e+00
38315: 1.776316e+00 1.565789e+00 6.578947e-01 0.000000e+00
38315: 1.777778e+00 1.568627e+00 6.535948e-01 0.000000e+00
38315: 1.779221e+00 1.564935e+00 6.558442e-01 0.000000e+00
38315: 1.774194e+00 1.574194e+00 6.516129e-01 0.000000e+00
38315: 1.775641e+00 1.564103e+00 6.602564e-01 0.000000e+00
38315: 1.777070e+00 1.566879e+00 6.560510e-01 0.000000e+00
38315: 1.772152e+00 1.569620e+00 6.582278e-01 0.000000e+00
38315: 1.773585e+00 1.572327e+00 6.540881e-01 0.000000e+00
38315: 1.775000e+00 1.562500e+00 6.625000e-01 0.000000e+00
38315: 1.770186e+00 1.571429e+00 6.583851e-01 0.000000e+00
38315: 1.771605e+00 1.567901e+00 6.604938e-01 0.000000e+00
38315: 1.766871e+00 1.570552e+00 6.625767e-01 0.000000e+00
38315: 1.768293e+00 1.560976e+00 6.707317e-01 0.000000e+00
38315: 1.769697e+00 1.563636e+00 6.666667e-01 0.000000e+00
38315: 1.765060e+00 1.560241e+00 6.746988e-01 0.000000e+00
38315: 1.772455e+00 1.556886e+00 6.706587e-01 0.000000e+00
38315: 1.773810e+00 1.559524e+00 6.666667e-01 0.000000e+00
38315: 1.769231e+00 1.562130e+00 6.686391e-01 0.000000e+00
38315: 1.770588e+00 1.564706e+00 6.647059e-01 0.000000e+00
38315: 1.766082e+00 1.567251e+00 6.666667e-01 0.000000e+00
38315: 1.767442e+00 1.563953e+00 6.686047e-01 0.000000e+00
38315: 1.768786e+00 1.566474e+00 6.647399e-01 0.000000e+00
38315: 1.770115e+00 1.563218e+00 6.666667e-01 0.000000e+00
38315: 1.771429e+00 1.565714e+00 6.628571e-01 0.000000e+00
38315: 1.767045e+00 1.562500e+00 6.704545e-01 0.000000e+00
38315: 1.768362e+00 1.559322e+00 6.723164e-01 0.000000e+00
38315: 1.769663e+00 1.561798e+00 6.685393e-01 0.000000e+00
38315: 1.770950e+00 1.558659e+00 6.703911e-01 0.000000e+00
38315: 1.766667e+00 1.561111e+00 6.722222e-01 0.000000e+00
38315: 1.767956e+00 1.563536e+00 6.685083e-01 0.000000e+00
38315: 1.769231e+00 1.560440e+00 6.703297e-01 0.000000e+00
38315: 1.765027e+00 1.562842e+00 6.721311e-01 0.000000e+00
38315: 1.771739e+00 1.559783e+00 6.684783e-01 0.000000e+00
38315: 1.767568e+00 1.562162e+00 6.702703e-01 0.000000e+00
38315: 1.768817e+00 1.559140e+00 6.720430e-01 0.000000e+00
38315: 1.770053e+00 1.561497e+00 6.684492e-01 0.000000e+00
38315: 1.765957e+00 1.563830e+00 6.702128e-01 0.000000e+00
38315: 1.767196e+00 1.560847e+00 6.719577e-01 0.000000e+00
38315: 1.763158e+00 1.563158e+00 6.736842e-01 0.000000e+00
38315: 1.769634e+00 1.560209e+00 6.701571e-01 0.000000e+00
38315: 1.765625e+00 1.562500e+00 6.718750e-01 0.000000e+00
38315: 1.761658e+00 1.564767e+00 6.735751e-01 0.000000e+00
38315: 1.762887e+00 1.567010e+00 6.701031e-01 0.000000e+00
38315: 1.764103e+00 1.564103e+00 6.717949e-01 0.000000e+00
38315: 1.760204e+00 1.571429e+00 6.683673e-01 0.000000e+00
38315: 1.761421e+00 1.563452e+00 6.751269e-01 0.000000e+00
38315: 1.762626e+00 1.565657e+00 6.717172e-01 0.000000e+00
38315: 1.758794e+00 1.562814e+00 6.783920e-01 0.000000e+00
38315: 1.765000e+00 1.560000e+00 6.750000e-01 0.000000e+00
38315: 1.766169e+00 1.562189e+00 6.716418e-01 0.000000e+00
38315: 1.767327e+00 1.559406e+00 6.732673e-01 0.000000e+00
38315: 1.763547e+00 1.561576e+00 6.748768e-01 0.000000e+00
38315: 1.764706e+00 1.563725e+00 6.715686e-01 0.000000e+00
38315: 1.765854e+00 1.560976e+00 6.731707e-01 0.000000e+00
38315: 1.766990e+00 1.563107e+00 6.699029e-01 0.000000e+00
38315: 1.768116e+00 1.560386e+00 6.714976e-01 0.000000e+00
38315: 1.769231e+00 1.562500e+00 6.682692e-01 0.000000e+00
38315: 1.765550e+00 1.564593e+00 6.698565e-01 0.000000e+00
38315: 1.771429e+00 1.561905e+00 6.666667e-01 0.000000e+00
38315: 1.767773e+00 1.563981e+00 6.682464e-01 0.000000e+00
38315: 1.773585e+00 1.561321e+00 6.650943e-01 0.000000e+00
38315: 1.769953e+00 1.563380e+00 6.666667e-01 0.000000e+00
38315: 1.771028e+00 1.560748e+00 6.682243e-01 0.000000e+00
38315: 1.767442e+00 1.562791e+00 6.697674e-01 0.000000e+00
38315: 1.773148e+00 1.560185e+00 6.666667e-01 0.000000e+00
38315: 1.774194e+00 1.562212e+00 6.635945e-01 0.000000e+00
38315: 1.770642e+00 1.564220e+00 6.651376e-01 0.000000e+00
38315: 1.776256e+00 1.561644e+00 6.621005e-01 0.000000e+00
38315: 1.772727e+00 1.563636e+00 6.636364e-01 0.000000e+00
38315: 1.773756e+00 1.561086e+00 6.651584e-01 0.000000e+00
38315: 1.770270e+00 1.563063e+00 6.666667e-01 0.000000e+00
38315: 1.771300e+00 1.560538e+00 6.681614e-01 0.000000e+00
38315: 1.767857e+00 1.566964e+00 6.651786e-01 0.000000e+00
38315: 1.768889e+00 1.568889e+00 6.622222e-01 0.000000e+00
38315: 1.765487e+00 1.566372e+00 6.681416e-01 0.000000e+00
38315: 1.770925e+00 1.563877e+00 6.651982e-01 0.000000e+00
38315: 1.767544e+00 1.565789e+00 6.666667e-01 0.000000e+00
38315: 1.768559e+00 1.563319e+00 6.681223e-01 0.000000e+00
38315: 1.769565e+00 1.565217e+00 6.652174e-01 0.000000e+00
38315: 1.770563e+00 1.562771e+00 6.666667e-01 0.000000e+00
38315: 1.771552e+00 1.564655e+00 6.637931e-01 0.000000e+00
38315: 1.768240e+00 1.562232e+00 6.695279e-01 0.000000e+00
38315: 1.773504e+00 1.559829e+00 6.666667e-01 0.000000e+00
38315: 1.770213e+00 1.561702e+00 6.680851e-01 0.000000e+00
38315: 1.771186e+00 1.559322e+00 6.694915e-01 0.000000e+00
38315: 1.767932e+00 1.561181e+00 6.708861e-01 0.000000e+00
38315: 1.773109e+00 1.558824e+00 6.680672e-01 0.000000e+00
38315: 1.769874e+00 1.564854e+00 6.652720e-01 0.000000e+00
38315: 1.770833e+00 1.562500e+00 6.666667e-01 0.000000e+00
38315: 1.767635e+00 1.564315e+00 6.680498e-01 0.000000e+00
38315: 1.768595e+00 1.561983e+00 6.694215e-01 0.000000e+00
38315: 1.769547e+00 1.563786e+00 6.666667e-01 0.000000e+00
38315: 1.766393e+00 1.561475e+00 6.721311e-01 0.000000e+00
38315: 1.771429e+00 1.559184e+00 6.693878e-01 0.000000e+00
38315: 1.768293e+00 1.560976e+00 6.707317e-01 0.000000e+00
38315: 1.769231e+00 1.558704e+00 6.720648e-01 0.000000e+00
38315: 1.770161e+00 1.560484e+00 6.693548e-01 0.000000e+00
38315: 1.771084e+00 1.558233e+00 6.706827e-01 0.000000e+00
38315: 1.772000e+00 1.560000e+00 6.680000e-01 0.000000e+00
38315: 1.772908e+00 1.557769e+00 6.693227e-01 0.000000e+00
38315: 1.769841e+00 1.559524e+00 6.706349e-01 0.000000e+00
38315: 1.770751e+00 1.561265e+00 6.679842e-01 0.000000e+00
38315: 1.771654e+00 1.559055e+00 6.692913e-01 0.000000e+00
38315: 1.768627e+00 1.560784e+00 6.705882e-01 0.000000e+00
38315: 1.773438e+00 1.558594e+00 6.679688e-01 0.000000e+00
38315: 1.774319e+00 1.560311e+00 6.653696e-01 0.000000e+00
38315: 1.771318e+00 1.558140e+00 6.705426e-01 0.000000e+00
38315: 1.776062e+00 1.555985e+00 6.679537e-01 0.000000e+00
38315: 1.776923e+00 1.557692e+00 6.653846e-01 0.000000e+00
38315: 1.777778e+00 1.555556e+00 6.666667e-01 0.000000e+00
38315: 1.778626e+00 1.557252e+00 6.641221e-01 0.000000e+00
38315: 1.775665e+00 1.555133e+00 6.692015e-01 0.000000e+00
38315: 1.776515e+00 1.553030e+00 6.704545e-01 0.000000e+00
38315: 1.777358e+00 1.554717e+00 6.679245e-01 0.000000e+00
38315: 1.778195e+00 1.552632e+00 6.691729e-01 0.000000e+00
38315: 1.779026e+00 1.554307e+00 6.666667e-01 0.000000e+00
38315: 1.779851e+00 1.552239e+00 6.679104e-01 0.000000e+00
38315: 1.776952e+00 1.553903e+00 6.691450e-01 0.000000e+00
38315: 1.777778e+00 1.551852e+00 6.703704e-01 0.000000e+00
38315: 1.778598e+00 1.553506e+00 6.678967e-01 0.000000e+00
38315: 1.779412e+00 1.551471e+00 6.691176e-01 0.000000e+00
38315: 1.780220e+00 1.553114e+00 6.666667e-01 0.000000e+00
38315: 1.781022e+00 1.551095e+00 6.678832e-01 0.000000e+00
38315: 1.778182e+00 1.552727e+00 6.690909e-01 0.000000e+00
38315: 1.778986e+00 1.554348e+00 6.666667e-01 0.000000e+00
38315: 1.779783e+00 1.552347e+00 6.678700e-01 0.000000e+00
38315: 1.780576e+00 1.553957e+00 6.654676e-01 0.000000e+00
38315: 1.781362e+00 1.551971e+00 6.666667e-01 0.000000e+00
38315: 1.778571e+00 1.553571e+00 6.678571e-01 0.000000e+00
38315: 1.779359e+00 1.551601e+00 6.690391e-01 0.000000e+00
38315: 1.780142e+00 1.553191e+00 6.666667e-01 0.000000e+00
38315: 1.777385e+00 1.551237e+00 6.713781e-01 0.000000e+00
38315: 1.778169e+00 1.552817e+00 6.690141e-01 0.000000e+00
38315: 1.775439e+00 1.554386e+00 6.701754e-01 0.000000e+00
38315: 1.776224e+00 1.555944e+00 6.678322e-01 0.000000e+00
38315: 1.773519e+00 1.557491e+00 6.689895e-01 0.000000e+00
38315: 1.774306e+00 1.555556e+00 6.701389e-01 0.000000e+00
38315: 1.775087e+00 1.557093e+00 6.678201e-01 0.000000e+00
38315: 1.772414e+00 1.555172e+00 6.724138e-01 0.000000e+00
38315: 1.773196e+00 1.553265e+00 6.735395e-01 0.000000e+00
38315: 1.770548e+00 1.558219e+00 6.712329e-01 0.000000e+00
38315: 1.774744e+00 1.556314e+00 6.689420e-01 0.000000e+00
38315: 1.775510e+00 1.557823e+00 6.666667e-01 0.000000e+00
38315: 1.776271e+00 1.555932e+00 6.677966e-01 0.000000e+00
38315: 1.777027e+00 1.557432e+00 6.655405e-01 0.000000e+00
38315: 1.774411e+00 1.555556e+00 6.700337e-01 0.000000e+00
38315: 1.775168e+00 1.553691e+00 6.711409e-01 0.000000e+00
38315: 1.775920e+00 1.555184e+00 6.688963e-01 0.000000e+00
38315: 1.776667e+00 1.553333e+00 6.700000e-01 0.000000e+00
38315: 1.774086e+00 1.554817e+00 6.710963e-01 0.000000e+00
38315: 1.774834e+00 1.552980e+00 6.721854e-01 0.000000e+00
38315: 1.772277e+00 1.554455e+00 6.732673e-01 0.000000e+00
38315: 1.776316e+00 1.552632e+00 6.710526e-01 0.000000e+00
38315: 1.777049e+00 1.554098e+00 6.688525e-01 0.000000e+00
38315: 1.774510e+00 1.552288e+00 6.732026e-01 0.000000e+00
38315: 1.775244e+00 1.553746e+00 6.710098e-01 0.000000e+00
38315: 1.772727e+00 1.551948e+00 6.753247e-01 0.000000e+00
38315: 1.773463e+00 1.550162e+00 6.763754e-01 0.000000e+00
38315: 1.774194e+00 1.551613e+00 6.741935e-01 0.000000e+00
38315: 1.771704e+00 1.549839e+00 6.784566e-01 0.000000e+00
38315: 1.775641e+00 1.548077e+00 6.762821e-01 0.000000e+00
38315: 1.776358e+00 1.549521e+00 6.741214e-01 0.000000e+00
38315: 1.773885e+00 1.550955e+00 6.751592e-01 0.000000e+00
38315: 1.774603e+00 1.549206e+00 6.761905e-01 0.000000e+00
38315: 1.772152e+00 1.550633e+00 6.772152e-01 0.000000e+00
38315: 1.772871e+00 1.548896e+00 6.782334e-01 0.000000e+00
38315: 1.770440e+00 1.550314e+00 6.792453e-01 0.000000e+00
38315: 1.771160e+00 1.548589e+00 6.802508e-01 0.000000e+00
38315: 1.771875e+00 1.550000e+00 6.781250e-01 0.000000e+00
38315: 1.769470e+00 1.548287e+00 6.822430e-01 0.000000e+00
38315: 1.770186e+00 1.549689e+00 6.801242e-01 0.000000e+00
38315: 1.770898e+00 1.547988e+00 6.811146e-01 0.000000e+00
38315: 1.771605e+00 1.549383e+00 6.790123e-01 0.000000e+00
38315: 1.772308e+00 1.547692e+00 6.800000e-01 0.000000e+00
38315: 1.773006e+00 1.549080e+00 6.779141e-01 0.000000e+00
38315: 1.770642e+00 1.547401e+00 6.819572e-01 0.000000e+00
38315: 1.771341e+00 1.545732e+00 6.829268e-01 0.000000e+00
38315: 1.768997e+00 1.547112e+00 6.838906e-01 0.000000e+00
38315: 1.772727e+00 1.545455e+00 6.818182e-01 0.000000e+00
38315: 1.770393e+00 1.549849e+00 6.797583e-01 0.000000e+00
38315: 1.771084e+00 1.551205e+00 6.777108e-01 0.000000e+00
38315: 1.768769e+00 1.549550e+00 6.816817e-01 0.000000e+00
38315: 1.772455e+00 1.547904e+00 6.796407e-01 0.000000e+00
38315: 1.773134e+00 1.549254e+00 6.776119e-01 0.000000e+00
38315: 1.770833e+00 1.550595e+00 6.785714e-01 0.000000e+00
38315: 1.774481e+00 1.548961e+00 6.765579e-01 0.000000e+00
38315: 1.772189e+00 1.553254e+00 6.745562e-01 0.000000e+00
38315: 1.772861e+00 1.551622e+00 6.755162e-01 0.000000e+00
38315: 1.770588e+00 1.555882e+00 6.735294e-01 0.000000e+00
38315: 1.771261e+00 1.554252e+00 6.744868e-01 0.000000e+00
38315: 1.769006e+00 1.555556e+00 6.754386e-01 0.000000e+00
38315: 1.769679e+00 1.553936e+00 6.763848e-01 0.000000e+00
38315: 1.767442e+00 1.555233e+00 6.773256e-01 0.000000e+00
38315: 1.771014e+00 1.553623e+00 6.753623e-01 0.000000e+00
38315: 1.771676e+00 1.554913e+00 6.734104e-01 0.000000e+00
38315: 1.772334e+00 1.553314e+00 6.743516e-01 0.000000e+00
38315: 1.772989e+00 1.554598e+00 6.724138e-01 0.000000e+00
38315: 1.770774e+00 1.553009e+00 6.762178e-01 0.000000e+00
38315: 1.774286e+00 1.551429e+00 6.742857e-01 0.000000e+00
38315: 1.774929e+00 1.552707e+00 6.723647e-01 0.000000e+00
38315: 1.775568e+00 1.551136e+00 6.732955e-01 0.000000e+00
38315: 1.776204e+00 1.552408e+00 6.713881e-01 0.000000e+00
38315: 1.774011e+00 1.550847e+00 6.751412e-01 0.000000e+00
38315: 1.774648e+00 1.552113e+00 6.732394e-01 0.000000e+00
38315: 1.775281e+00 1.550562e+00 6.741573e-01 0.000000e+00
38315: 1.775910e+00 1.551821e+00 6.722689e-01 0.000000e+00
38315: 1.776536e+00 1.550279e+00 6.731844e-01 0.000000e+00
38315: 1.774373e+00 1.551532e+00 6.740947e-01 0.000000e+00
38315: 1.775000e+00 1.552778e+00 6.722222e-01 0.000000e+00
38315: 1.772853e+00 1.551247e+00 6.759003e-01 0.000000e+00
38315: 1.773481e+00 1.549724e+00 6.767956e-01 0.000000e+00
38315: 1.771350e+00 1.553719e+00 6.749311e-01 0.000000e+00
38315: 1.774725e+00 1.552198e+00 6.730769e-01 0.000000e+00
38315: 1.772603e+00 1.556164e+00 6.712329e-01 0.000000e+00
38315: 1.773224e+00 1.554645e+00 6.721311e-01 0.000000e+00
38315: 1.773842e+00 1.555858e+00 6.702997e-01 0.000000e+00
38315: 1.771739e+00 1.554348e+00 6.739130e-01 0.000000e+00
38315: 1.775068e+00 1.552846e+00 6.720867e-01 0.000000e+00
38315: 1.775676e+00 1.554054e+00 6.702703e-01 0.000000e+00
38315: 1.776280e+00 1.552561e+00 6.711590e-01 0.000000e+00
38315: 1.774194e+00 1.556452e+00 6.693548e-01 0.000000e+00
38315: 1.774799e+00 1.554960e+00 6.702413e-01 0.000000e+00
38315: 1.772727e+00 1.556150e+00 6.711230e-01 0.000000e+00
38315: 1.776000e+00 1.554667e+00 6.693333e-01 0.000000e+00
38315: 1.773936e+00 1.555851e+00 6.702128e-01 0.000000e+00
38315: 1.774536e+00 1.557029e+00 6.684350e-01 0.000000e+00
38315: 1.772487e+00 1.558201e+00 6.693122e-01 0.000000e+00
38315: 1.773087e+00 1.559367e+00 6.675462e-01 0.000000e+00
38315: 1.773684e+00 1.557895e+00 6.684211e-01 0.000000e+00
38315: 1.771654e+00 1.559055e+00 6.692913e-01 0.000000e+00
38315: 1.772251e+00 1.560209e+00 6.675393e-01 0.000000e+00
38315: 1.770235e+00 1.558747e+00 6.710183e-01 0.000000e+00
38315: 1.773438e+00 1.557292e+00 6.692708e-01 0.000000e+00
38315: 1.774026e+00 1.558442e+00 6.675325e-01 0.000000e+00
38315: 1.772021e+00 1.559585e+00 6.683938e-01 0.000000e+00
38315: 1.772610e+00 1.558140e+00 6.692506e-01 0.000000e+00
38315: 1.773196e+00 1.559278e+00 6.675258e-01 0.000000e+00
38315: 1.773779e+00 1.557841e+00 6.683805e-01 0.000000e+00
38315: 1.769231e+00 1.564103e+00 6.666667e-01 0.000000e+00
38315: 1.772379e+00 1.562660e+00 6.649616e-01 0.000000e+00
38315: 1.770408e+00 1.563776e+00 6.658163e-01 0.000000e+00
38315: 1.770992e+00 1.562341e+00 6.666667e-01 0.000000e+00
38315: 1.771574e+00 1.563452e+00 6.649746e-01 0.000000e+00
38315: 1.772152e+00 1.562025e+00 6.658228e-01 0.000000e+00
38315: 1.770202e+00 1.563131e+00 6.666667e-01 0.000000e+00
38315: 1.773300e+00 1.561713e+00 6.649874e-01 0.000000e+00
38315: 1.771357e+00 1.562814e+00 6.658291e-01 0.000000e+00
38315: 1.774436e+00 1.561404e+00 6.641604e-01 0.000000e+00
38315: 1.772500e+00 1.562500e+00 6.650000e-01 0.000000e+00
38315: 1.775561e+00 1.561097e+00 6.633416e-01 0.000000e+00
38315: 1.776119e+00 1.562189e+00 6.616915e-01 0.000000e+00
38315: 1.774194e+00 1.560794e+00 6.650124e-01 0.000000e+00
38315: 1.777228e+00 1.559406e+00 6.633663e-01 0.000000e+00
38315: 1.775309e+00 1.562963e+00 6.617284e-01 0.000000e+00
38315: 1.775862e+00 1.564039e+00 6.600985e-01 0.000000e+00
38315: 1.776413e+00 1.562654e+00 6.609337e-01 0.000000e+00
38315: 1.776961e+00 1.563725e+00 6.593137e-01 0.000000e+00
38315: 1.775061e+00 1.564792e+00 6.601467e-01 0.000000e+00
38315: 1.775610e+00 1.563415e+00 6.609756e-01 0.000000e+00
38315: 1.773723e+00 1.564477e+00 6.618005e-01 0.000000e+00
38315: 1.774272e+00 1.565534e+00 6.601942e-01 0.000000e+00
38315: 1.774818e+00 1.564165e+00 6.610169e-01 0.000000e+00
38315: 1.772947e+00 1.565217e+00 6.618357e-01 0.000000e+00
38315: 1.773494e+00 1.566265e+00 6.602410e-01 0.000000e+00
38315: 1.771635e+00 1.564904e+00 6.634615e-01 0.000000e+00
38315: 1.772182e+00 1.565947e+00 6.618705e-01 0.000000e+00
38315: 1.770335e+00 1.566986e+00 6.626794e-01 0.000000e+00
38315: 1.773270e+00 1.565632e+00 6.610979e-01 0.000000e+00
38315: 1.773810e+00 1.566667e+00 6.595238e-01 0.000000e+00
38315: 1.774347e+00 1.565321e+00 6.603325e-01 0.000000e+00
38315: 1.774882e+00 1.566351e+00 6.587678e-01 0.000000e+00
38315: 1.775414e+00 1.565012e+00 6.595745e-01 0.000000e+00
38315: 1.773585e+00 1.566038e+00 6.603774e-01 0.000000e+00
38315: 1.774118e+00 1.567059e+00 6.588235e-01 0.000000e+00
38315: 1.774648e+00 1.565728e+00 6.596244e-01 0.000000e+00
38315: 1.772834e+00 1.569087e+00 6.580796e-01 0.000000e+00
38315: 1.773364e+00 1.567757e+00 6.588785e-01 0.000000e+00
38315: 1.771562e+00 1.571096e+00 6.573427e-01 0.000000e+00
38315: 1.772093e+00 1.567442e+00 6.604651e-01 0.000000e+00
38315: 1.770302e+00 1.568445e+00 6.612529e-01 0.000000e+00
38315: 1.770833e+00 1.567130e+00 6.620370e-01 0.000000e+00
38315: 1.769053e+00 1.570439e+00 6.605081e-01 0.000000e+00
38315: 1.769585e+00 1.569124e+00 6.612903e-01 0.000000e+00
38315: 1.767816e+00 1.570115e+00 6.620690e-01 0.000000e+00
38315: 1.770642e+00 1.566514e+00 6.628440e-01 0.000000e+00
38315: 1.768879e+00 1.567506e+00 6.636156e-01 0.000000e+00
38315: 1.771689e+00 1.566210e+00 6.621005e-01 0.000000e+00
38315: 1.769932e+00 1.567198e+00 6.628702e-01 0.000000e+00
38315: 1.770455e+00 1.568182e+00 6.613636e-01 0.000000e+00
38315: 1.770975e+00 1.566893e+00 6.621315e-01 0.000000e+00
38315: 1.769231e+00 1.567873e+00 6.628959e-01 0.000000e+00
38315: 1.769752e+00 1.566591e+00 6.636569e-01 0.000000e+00
38315: 1.768018e+00 1.569820e+00 6.621622e-01 0.000000e+00
38315: 1.768539e+00 1.568539e+00 6.629213e-01 0.000000e+00
38315: 1.766816e+00 1.571749e+00 6.614350e-01 0.000000e+00
38315: 1.767338e+00 1.568233e+00 6.644295e-01 0.000000e+00
38315: 1.765625e+00 1.571429e+00 6.629464e-01 0.000000e+00
38315: 1.766147e+00 1.567929e+00 6.659243e-01 0.000000e+00
38315: 1.766667e+00 1.568889e+00 6.644444e-01 0.000000e+00
38315: 1.767184e+00 1.567627e+00 6.651885e-01 0.000000e+00
38315: 1.767699e+00 1.568584e+00 6.637168e-01 0.000000e+00
38315: 1.766004e+00 1.567329e+00 6.666667e-01 0.000000e+00
38315: 1.766520e+00 1.566079e+00 6.674009e-01 0.000000e+00
38315: 1.764835e+00 1.569231e+00 6.659341e-01 0.000000e+00
38315: 1.767544e+00 1.567982e+00 6.644737e-01 0.000000e+00
38315: 1.765864e+00 1.571116e+00 6.630197e-01 0.000000e+00
38315: 1.766376e+00 1.567686e+00 6.659389e-01 0.000000e+00
38315: 1.764706e+00 1.568627e+00 6.666667e-01 0.000000e+00
38315: 1.765217e+00 1.569565e+00 6.652174e-01 0.000000e+00
38315: 1.763557e+00 1.568330e+00 6.681128e-01 0.000000e+00
38315: 1.764069e+00 1.567100e+00 6.688312e-01 0.000000e+00
38315: 1.764579e+00 1.568035e+00 6.673866e-01 0.000000e+00
38315: 1.762931e+00 1.566810e+00 6.702586e-01 0.000000e+00
38315: 1.763441e+00 1.567742e+00 6.688172e-01 0.000000e+00
38315: 1.761803e+00 1.566524e+00 6.716738e-01 0.000000e+00
38315: 1.762313e+00 1.565310e+00 6.723769e-01 0.000000e+00
38315: 1.760684e+00 1.568376e+00 6.709402e-01 0.000000e+00
38315: 1.761194e+00 1.567164e+00 6.716418e-01 0.000000e+00
38315: 1.759574e+00 1.568085e+00 6.723404e-01 0.000000e+00
38315: 1.760085e+00 1.566879e+00 6.730361e-01 0.000000e+00
38315: 1.760593e+00 1.567797e+00 6.716102e-01 0.000000e+00
38315: 1.758985e+00 1.566596e+00 6.744186e-01 0.000000e+00
38315: 1.761603e+00 1.565401e+00 6.729958e-01 0.000000e+00
38315: 1.760000e+00 1.566316e+00 6.736842e-01 0.000000e+00
38315: 1.762605e+00 1.565126e+00 6.722689e-01 0.000000e+00
38315: 1.761006e+00 1.568134e+00 6.708595e-01 0.000000e+00
38315: 1.761506e+00 1.566946e+00 6.715481e-01 0.000000e+00
38315: 1.762004e+00 1.567850e+00 6.701461e-01 0.000000e+00
38315: 1.762500e+00 1.566667e+00 6.708333e-01 0.000000e+00
38315: 1.762994e+00 1.567568e+00 6.694387e-01 0.000000e+00
38315: 1.763485e+00 1.566390e+00 6.701245e-01 0.000000e+00
38315: 1.761905e+00 1.567288e+00 6.708075e-01 0.000000e+00
38315: 1.762397e+00 1.568182e+00 6.694215e-01 0.000000e+00
38315: 1.760825e+00 1.567010e+00 6.721649e-01 0.000000e+00
38315: 1.761317e+00 1.565844e+00 6.728395e-01 0.000000e+00
38315: 1.761807e+00 1.566735e+00 6.714579e-01 0.000000e+00
38315: 1.762295e+00 1.565574e+00 6.721311e-01 0.000000e+00
38315: 1.760736e+00 1.566462e+00 6.728016e-01 0.000000e+00
38315: 1.761224e+00 1.567347e+00 6.714286e-01 0.000000e+00
38315: 1.759674e+00 1.566191e+00 6.741344e-01 0.000000e+00
38315: 1.762195e+00 1.565041e+00 6.727642e-01 0.000000e+00
38315: 1.760649e+00 1.565923e+00 6.734280e-01 0.000000e+00
38315: 1.761134e+00 1.566802e+00 6.720648e-01 0.000000e+00
38315: 1.759596e+00 1.565657e+00 6.747475e-01 0.000000e+00
38315: 1.760081e+00 1.564516e+00 6.754032e-01 0.000000e+00
38315: 1.758551e+00 1.565392e+00 6.760563e-01 0.000000e+00
38315: 1.759036e+00 1.564257e+00 6.767068e-01 0.000000e+00
38315: 1.759519e+00 1.565130e+00 6.753507e-01 0.000000e+00
38315: 1.760000e+00 1.564000e+00 6.760000e-01 0.000000e+00
38315: 1.758483e+00 1.564870e+00 6.766467e-01 0.000000e+00
38315: 1.758964e+00 1.563745e+00 6.772908e-01 0.000000e+00
38315: 1.757455e+00 1.564612e+00 6.779324e-01 0.000000e+00
38315: 1.757937e+00 1.563492e+00 6.785714e-01 0.000000e+00
38315: 1.756436e+00 1.564356e+00 6.792079e-01 0.000000e+00
38315: 1.756917e+00 1.565217e+00 6.778656e-01 0.000000e+00
38315: 1.755424e+00 1.564103e+00 6.804734e-01 0.000000e+00
38315: 1.755906e+00 1.562992e+00 6.811024e-01 0.000000e+00
38315: 1.754420e+00 1.563851e+00 6.817289e-01 0.000000e+00
38315: 1.756863e+00 1.562745e+00 6.803922e-01 0.000000e+00
38315: 1.757339e+00 1.563601e+00 6.790607e-01 0.000000e+00
38315: 1.757812e+00 1.562500e+00 6.796875e-01 0.000000e+00
38315: 1.756335e+00 1.563353e+00 6.803119e-01 0.000000e+00
38315: 1.756809e+00 1.562257e+00 6.809339e-01 0.000000e+00
38315: 1.755340e+00 1.565049e+00 6.796117e-01 0.000000e+00
38315: 1.757752e+00 1.563953e+00 6.782946e-01 0.000000e+00
38315: 1.756286e+00 1.564797e+00 6.789168e-01 0.000000e+00
38315: 1.756757e+00 1.565637e+00 6.776062e-01 0.000000e+00
38315: 1.755299e+00 1.564547e+00 6.801541e-01 0.000000e+00
38315: 1.755769e+00 1.563462e+00 6.807692e-01 0.000000e+00
38315: 1.754319e+00 1.566219e+00 6.794626e-01 0.000000e+00
38315: 1.756705e+00 1.565134e+00 6.781609e-01 0.000000e+00
38315: 1.755258e+00 1.565966e+00 6.787763e-01 0.000000e+00
38315: 1.757634e+00 1.564885e+00 6.774809e-01 0.000000e+00
38315: 1.756190e+00 1.565714e+00 6.780952e-01 0.000000e+00
38315: 1.756654e+00 1.566540e+00 6.768061e-01 0.000000e+00
38315: 1.755218e+00 1.567362e+00 6.774194e-01 0.000000e+00
38315: 1.755682e+00 1.566288e+00 6.780303e-01 0.000000e+00
38315: 1.754253e+00 1.568998e+00 6.767486e-01 0.000000e+00
38315: 1.756604e+00 1.567925e+00 6.754717e-01 0.000000e+00
38315: 1.757062e+00 1.568738e+00 6.741996e-01 0.000000e+00
38315: 1.755639e+00 1.567669e+00 6.766917e-01 0.000000e+00
38315: 1.756098e+00 1.566604e+00 6.772983e-01 0.000000e+00
38315: 1.754682e+00 1.567416e+00 6.779026e-01 0.000000e+00
38315: 1.755140e+00 1.566355e+00 6.785047e-01 0.000000e+00
38315: 1.753731e+00 1.567164e+00 6.791045e-01 0.000000e+00
38315: 1.754190e+00 1.566108e+00 6.797020e-01 0.000000e+00
38315: 1.754647e+00 1.566914e+00 6.784387e-01 0.000000e+00
38315: 1.755102e+00 1.565863e+00 6.790353e-01 0.000000e+00
38315: 1.755556e+00 1.566667e+00 6.777778e-01 0.000000e+00
38315: 1.756007e+00 1.565619e+00 6.783734e-01 0.000000e+00
38315: 1.756458e+00 1.566421e+00 6.771218e-01 0.000000e+00
38315: 1.755064e+00 1.565378e+00 6.795580e-01 0.000000e+00
38315: 1.755515e+00 1.566176e+00 6.783088e-01 0.000000e+00
38315: 1.754128e+00 1.566972e+00 6.788991e-01 0.000000e+00
38315: 1.754579e+00 1.565934e+00 6.794872e-01 0.000000e+00
38315: 1.753199e+00 1.566728e+00 6.800731e-01 0.000000e+00
38315: 1.755474e+00 1.565693e+00 6.788321e-01 0.000000e+00
38315: 1.755920e+00 1.566485e+00 6.775956e-01 0.000000e+00
38315: 1.756364e+00 1.565455e+00 6.781818e-01 0.000000e+00
38315: 1.756806e+00 1.566243e+00 6.769510e-01 0.000000e+00
38315: 1.755435e+00 1.565217e+00 6.793478e-01 0.000000e+00
38315: 1.755877e+00 1.564195e+00 6.799277e-01 0.000000e+00
38315: 1.756318e+00 1.564982e+00 6.787004e-01 0.000000e+00
38315: 1.754955e+00 1.563964e+00 6.810811e-01 0.000000e+00
38315: 1.755396e+00 1.564748e+00 6.798561e-01 0.000000e+00
38315: 1.755835e+00 1.563734e+00 6.804309e-01 0.000000e+00
38315: 1.754480e+00 1.564516e+00 6.810036e-01 0.000000e+00
38315: 1.756708e+00 1.563506e+00 6.797853e-01 0.000000e+00
38315: 1.755357e+00 1.564286e+00 6.803571e-01 0.000000e+00
38315: 1.755793e+00 1.563280e+00 6.809269e-01 0.000000e+00
38315: 1.756228e+00 1.564057e+00 6.797153e-01 0.000000e+00
38315: 1.756661e+00 1.563055e+00 6.802842e-01 0.000000e+00
38315: 1.757092e+00 1.563830e+00 6.790780e-01 0.000000e+00
38315: 1.757522e+00 1.562832e+00 6.796460e-01 0.000000e+00
38315: 1.756184e+00 1.565371e+00 6.784452e-01 0.000000e+00
38315: 1.756614e+00 1.566138e+00 6.772487e-01 0.000000e+00
38315: 1.755282e+00 1.566901e+00 6.778169e-01 0.000000e+00
38315: 1.755712e+00 1.565905e+00 6.783831e-01 0.000000e+00
38315: 1.754386e+00 1.566667e+00 6.789474e-01 0.000000e+00
38315: 1.754816e+00 1.567426e+00 6.777583e-01 0.000000e+00
38315: 1.753497e+00 1.566434e+00 6.800699e-01 0.000000e+00
38315: 1.753927e+00 1.565445e+00 6.806283e-01 0.000000e+00
38315: 1.754355e+00 1.566202e+00 6.794425e-01 0.000000e+00
38315: 1.753043e+00 1.565217e+00 6.817391e-01 0.000000e+00
38315: 1.753472e+00 1.565972e+00 6.805556e-01 0.000000e+00
38315: 1.752166e+00 1.564991e+00 6.828423e-01 0.000000e+00
38315: 1.752595e+00 1.564014e+00 6.833910e-01 0.000000e+00
38315: 1.753022e+00 1.564767e+00 6.822107e-01 0.000000e+00
38315: 1.751724e+00 1.563793e+00 6.844828e-01 0.000000e+00
38315: 1.752151e+00 1.562823e+00 6.850258e-01 0.000000e+00
38315: 1.750859e+00 1.565292e+00 6.838488e-01 0.000000e+00
38315: 1.751286e+00 1.566038e+00 6.826758e-01 0.000000e+00
38315: 1.751712e+00 1.565068e+00 6.832192e-01 0.000000e+00
38315: 1.750427e+00 1.565812e+00 6.837607e-01 0.000000e+00
38315: 1.750853e+00 1.566553e+00 6.825939e-01 0.000000e+00
38315: 1.749574e+00 1.565588e+00 6.848382e-01 0.000000e+00
38315: 1.750000e+00 1.564626e+00 6.853741e-01 0.000000e+00
38315: 1.750424e+00 1.565365e+00 6.842105e-01 0.000000e+00
38315: 1.749153e+00 1.566102e+00 6.847458e-01 0.000000e+00
38315: 1.751269e+00 1.565144e+00 6.835871e-01 0.000000e+00
38315: 1.751689e+00 1.565878e+00 6.824324e-01 0.000000e+00
38315: 1.752108e+00 1.564924e+00 6.829680e-01 0.000000e+00
38315: 1.750842e+00 1.565657e+00 6.835017e-01 0.000000e+00
38315: 1.751261e+00 1.566387e+00 6.823529e-01 0.000000e+00
38315: 1.750000e+00 1.565436e+00 6.845638e-01 0.000000e+00
38315: 1.752094e+00 1.564489e+00 6.834171e-01 0.000000e+00
38315: 1.750836e+00 1.565217e+00 6.839465e-01 0.000000e+00
38315: 1.752922e+00 1.564274e+00 6.828047e-01 0.000000e+00
38315: 1.753333e+00 1.565000e+00 6.816667e-01 0.000000e+00
38315: 1.753744e+00 1.564060e+00 6.821963e-01 0.000000e+00
38315: 1.752492e+00 1.564784e+00 6.827243e-01 0.000000e+00
38315: 1.754561e+00 1.563847e+00 6.815920e-01 0.000000e+00
38315: 1.754967e+00 1.564570e+00 6.804636e-01 0.000000e+00
38315: 1.753719e+00 1.563636e+00 6.826446e-01 0.000000e+00
38315: 1.754125e+00 1.562706e+00 6.831683e-01 0.000000e+00
38315: 1.754530e+00 1.563427e+00 6.820428e-01 0.000000e+00
38315: 1.754934e+00 1.562500e+00 6.825658e-01 0.000000e+00
38315: 1.753695e+00 1.563218e+00 6.830870e-01 0.000000e+00
38315: 1.755738e+00 1.562295e+00 6.819672e-01 0.000000e+00
38315: 1.756137e+00 1.563011e+00 6.808511e-01 0.000000e+00
38315: 1.756536e+00 1.562092e+00 6.813725e-01 0.000000e+00
38315: 1.756933e+00 1.562806e+00 6.802610e-01 0.000000e+00
38315: 1.755700e+00 1.561889e+00 6.824104e-01 0.000000e+00
38315: 1.756098e+00 1.562602e+00 6.813008e-01 0.000000e+00
38315: 1.754870e+00 1.561688e+00 6.834416e-01 0.000000e+00
38315: 1.755267e+00 1.562399e+00 6.823339e-01 0.000000e+00
38315: 1.755663e+00 1.561489e+00 6.828479e-01 0.000000e+00
38315: 1.754443e+00 1.563813e+00 6.817447e-01 0.000000e+00
38315: 1.754839e+00 1.564516e+00 6.806452e-01 0.000000e+00
38315: 1.755233e+00 1.563607e+00 6.811594e-01 0.000000e+00
38315: 1.754019e+00 1.564309e+00 6.816720e-01 0.000000e+00
38315: 1.754414e+00 1.563403e+00 6.821830e-01 0.000000e+00
38315: 1.753205e+00 1.564103e+00 6.826923e-01 0.000000e+00
38315: 1.753600e+00 1.563200e+00 6.832000e-01 0.000000e+00
38315: 1.752396e+00 1.563898e+00 6.837061e-01 0.000000e+00
38315: 1.754386e+00 1.562998e+00 6.826156e-01 0.000000e+00
38315: 1.754777e+00 1.563694e+00 6.815287e-01 0.000000e+00
38315: 1.755167e+00 1.562798e+00 6.820350e-01 0.000000e+00
38315: 1.755556e+00 1.563492e+00 6.809524e-01 0.000000e+00
38315: 1.754358e+00 1.562599e+00 6.830428e-01 0.000000e+00
38315: 1.754747e+00 1.561709e+00 6.835443e-01 0.000000e+00
38315: 1.753555e+00 1.562401e+00 6.840442e-01 0.000000e+00
38315: 1.753943e+00 1.563091e+00 6.829653e-01 0.000000e+00
38315: 1.752756e+00 1.562205e+00 6.850394e-01 0.000000e+00
38315: 1.753145e+00 1.561321e+00 6.855346e-01 0.000000e+00
38315: 1.753532e+00 1.562009e+00 6.844584e-01 0.000000e+00
38315: 1.752351e+00 1.562696e+00 6.849530e-01 0.000000e+00
38315: 1.754304e+00 1.561815e+00 6.838811e-01 0.000000e+00
38315: 1.753125e+00 1.562500e+00 6.843750e-01 0.000000e+00
38315: 1.755070e+00 1.561622e+00 6.833073e-01 0.000000e+00
38315: 1.755452e+00 1.562305e+00 6.822430e-01 0.000000e+00
38315: 1.755832e+00 1.561431e+00 6.827372e-01 0.000000e+00
38315: 1.756211e+00 1.562112e+00 6.816770e-01 0.000000e+00
38315: 1.755039e+00 1.561240e+00 6.837209e-01 0.000000e+00
38315: 1.756966e+00 1.560372e+00 6.826625e-01 0.000000e+00
38315: 1.755796e+00 1.562597e+00 6.816074e-01 0.000000e+00
38315: 1.756173e+00 1.561728e+00 6.820988e-01 0.000000e+00
38315: 1.756549e+00 1.562404e+00 6.810478e-01 0.000000e+00
38315: 1.755385e+00 1.563077e+00 6.815385e-01 0.000000e+00
38315: 1.757296e+00 1.562212e+00 6.804916e-01 0.000000e+00
38315: 1.756135e+00 1.562883e+00 6.809816e-01 0.000000e+00
38315: 1.756508e+00 1.563553e+00 6.799387e-01 0.000000e+00
38315: 1.756881e+00 1.562691e+00 6.804281e-01 0.000000e+00
38315: 1.755725e+00 1.564885e+00 6.793893e-01 0.000000e+00
38315: 1.756098e+00 1.564024e+00 6.798780e-01 0.000000e+00
38315: 1.754947e+00 1.566210e+00 6.788432e-01 0.000000e+00
38315: 1.756839e+00 1.565350e+00 6.778116e-01 0.000000e+00
38315: 1.755690e+00 1.566009e+00 6.783005e-01 0.000000e+00
38315: 1.756061e+00 1.566667e+00 6.772727e-01 0.000000e+00
38315: 1.754917e+00 1.567322e+00 6.777610e-01 0.000000e+00
38315: 1.755287e+00 1.567976e+00 6.767372e-01 0.000000e+00
38315: 1.754148e+00 1.567119e+00 6.787330e-01 0.000000e+00
38315: 1.756024e+00 1.566265e+00 6.777108e-01 0.000000e+00
38315: 1.754887e+00 1.566917e+00 6.781955e-01 0.000000e+00
38315: 1.755255e+00 1.566066e+00 6.786787e-01 0.000000e+00
38315: 1.754123e+00 1.566717e+00 6.791604e-01 0.000000e+00
38315: 1.755988e+00 1.565868e+00 6.781437e-01 0.000000e+00
38315: 1.756353e+00 1.566517e+00 6.771300e-01 0.000000e+00
38315: 1.756716e+00 1.565672e+00 6.776119e-01 0.000000e+00
38315: 1.755589e+00 1.566319e+00 6.780924e-01 0.000000e+00
38315: 1.755952e+00 1.566964e+00 6.770833e-01 0.000000e+00
38315: 1.754829e+00 1.566122e+00 6.790490e-01 0.000000e+00
38315: 1.755193e+00 1.566766e+00 6.780415e-01 0.000000e+00
38315: 1.754074e+00 1.565926e+00 6.800000e-01 0.000000e+00
38315: 1.754438e+00 1.565089e+00 6.804734e-01 0.000000e+00
38315: 1.753323e+00 1.565731e+00 6.809453e-01 0.000000e+00
38315: 1.753687e+00 1.564897e+00 6.814159e-01 0.000000e+00
38315: 1.752577e+00 1.567010e+00 6.804124e-01 0.000000e+00
38315: 1.754412e+00 1.566176e+00 6.794118e-01 0.000000e+00
38315: 1.754772e+00 1.566814e+00 6.784141e-01 0.000000e+00
38315: 1.753666e+00 1.567449e+00 6.788856e-01 0.000000e+00
38315: 1.755490e+00 1.566618e+00 6.778917e-01 0.000000e+00
38315: 1.755848e+00 1.567251e+00 6.769006e-01 0.000000e+00
38315: 1.756204e+00 1.566423e+00 6.773723e-01 0.000000e+00
38315: 1.755102e+00 1.567055e+00 6.778426e-01 0.000000e+00
38315: 1.756914e+00 1.566230e+00 6.768559e-01 0.000000e+00
38315: 1.755814e+00 1.566860e+00 6.773256e-01 0.000000e+00
38315: 1.757620e+00 1.566038e+00 6.763425e-01 0.000000e+00
38315: 1.757971e+00 1.566667e+00 6.753623e-01 0.000000e+00
38315: 1.756874e+00 1.565847e+00 6.772793e-01 0.000000e+00
38315: 1.757225e+00 1.566474e+00 6.763006e-01 0.000000e+00
38315: 1.756133e+00 1.565657e+00 6.782107e-01 0.000000e+00
38315: 1.757925e+00 1.564841e+00 6.772334e-01 0.000000e+00
38315: 1.756835e+00 1.565468e+00 6.776978e-01 0.000000e+00
38315: 1.758621e+00 1.564655e+00 6.767241e-01 0.000000e+00
38315: 1.757532e+00 1.565280e+00 6.771879e-01 0.000000e+00
38315: 1.757880e+00 1.564470e+00 6.776504e-01 0.000000e+00
38315: 1.756795e+00 1.566524e+00 6.766810e-01 0.000000e+00
38315: 1.758571e+00 1.565714e+00 6.757143e-01 0.000000e+00
38315: 1.758916e+00 1.566334e+00 6.747504e-01 0.000000e+00
38315: 1.759259e+00 1.565527e+00 6.752137e-01 0.000000e+00
38315: 1.758179e+00 1.567568e+00 6.742532e-01 0.000000e+00
38315: 1.758523e+00 1.566761e+00 6.747159e-01 0.000000e+00
38315: 1.757447e+00 1.567376e+00 6.751773e-01 0.000000e+00
38315: 1.759207e+00 1.566572e+00 6.742210e-01 0.000000e+00
38315: 1.759547e+00 1.567185e+00 6.732673e-01 0.000000e+00
38315: 1.758475e+00 1.567797e+00 6.737288e-01 0.000000e+00
38315: 1.758815e+00 1.568406e+00 6.727786e-01 0.000000e+00
38315: 1.757746e+00 1.567606e+00 6.746479e-01 0.000000e+00
38315: 1.759494e+00 1.566807e+00 6.736990e-01 0.000000e+00
38315: 1.759831e+00 1.567416e+00 6.727528e-01 0.000000e+00
38315: 1.760168e+00 1.566620e+00 6.732118e-01 0.000000e+00
38315: 1.759104e+00 1.567227e+00 6.736695e-01 0.000000e+00
38315: 1.759441e+00 1.567832e+00 6.727273e-01 0.000000e+00
38315: 1.758380e+00 1.567039e+00 6.745810e-01 0.000000e+00
38315: 1.758717e+00 1.566248e+00 6.750349e-01 0.000000e+00
38315: 1.757660e+00 1.566852e+00 6.754875e-01 0.000000e+00
38315: 1.757997e+00 1.567455e+00 6.745480e-01 0.000000e+00
38315: 1.756944e+00 1.566667e+00 6.763889e-01 0.000000e+00
38315: 1.757282e+00 1.565881e+00 6.768377e-01 0.000000e+00
38315: 1.756233e+00 1.566482e+00 6.772853e-01 0.000000e+00
38315: 1.757953e+00 1.565698e+00 6.763485e-01 0.000000e+00
38315: 1.756906e+00 1.566298e+00 6.767956e-01 0.000000e+00
38315: 1.758621e+00 1.565517e+00 6.758621e-01 0.000000e+00
38315: 1.757576e+00 1.567493e+00 6.749311e-01 0.000000e+00
38315: 1.757909e+00 1.568088e+00 6.740028e-01 0.000000e+00
38315: 1.756868e+00 1.567308e+00 6.758242e-01 0.000000e+00
38315: 1.758573e+00 1.566529e+00 6.748971e-01 0.000000e+00
38315: 1.757534e+00 1.568493e+00 6.739726e-01 0.000000e+00
38315: 1.759234e+00 1.567715e+00 6.730506e-01 0.000000e+00
38315: 1.759563e+00 1.568306e+00 6.721311e-01 0.000000e+00
38315: 1.759891e+00 1.567531e+00 6.725784e-01 0.000000e+00
38315: 1.760218e+00 1.568120e+00 6.716621e-01 0.000000e+00
38315: 1.760544e+00 1.567347e+00 6.721088e-01 0.000000e+00
38315: 1.759511e+00 1.569293e+00 6.711957e-01 0.000000e+00
38315: 1.759837e+00 1.568521e+00 6.716418e-01 0.000000e+00
38315: 1.760163e+00 1.569106e+00 6.707317e-01 0.000000e+00
38315: 1.759134e+00 1.568336e+00 6.725304e-01 0.000000e+00
38315: 1.759459e+00 1.567568e+00 6.729730e-01 0.000000e+00
38315: 1.759784e+00 1.568151e+00 6.720648e-01 0.000000e+00
38315: 1.758760e+00 1.567385e+00 6.738544e-01 0.000000e+00
38315: 1.759085e+00 1.567968e+00 6.729475e-01 0.000000e+00
38315: 1.758065e+00 1.567204e+00 6.747312e-01 0.000000e+00
38315: 1.758389e+00 1.566443e+00 6.751678e-01 0.000000e+00
38315: 1.758713e+00 1.567024e+00 6.742627e-01 0.000000e+00
38315: 1.757697e+00 1.566265e+00 6.760375e-01 0.000000e+00
38315: 1.758021e+00 1.565508e+00 6.764706e-01 0.000000e+00
38315: 1.758344e+00 1.566088e+00 6.755674e-01 0.000000e+00
38315: 1.757333e+00 1.565333e+00 6.773333e-01 0.000000e+00
38315: 1.758988e+00 1.564581e+00 6.764314e-01 0.000000e+00
38315: 1.759309e+00 1.565160e+00 6.755319e-01 0.000000e+00
38315: 1.759628e+00 1.564409e+00 6.759628e-01 0.000000e+00
38315: 1.758621e+00 1.566313e+00 6.750663e-01 0.000000e+00
38315: 1.760265e+00 1.565563e+00 6.741722e-01 0.000000e+00
38315: 1.760582e+00 1.566138e+00 6.732804e-01 0.000000e+00
38315: 1.760898e+00 1.565390e+00 6.737120e-01 0.000000e+00
38315: 1.761214e+00 1.565963e+00 6.728232e-01 0.000000e+00
38315: 1.760211e+00 1.566535e+00 6.732543e-01 0.000000e+00
38315: 1.761842e+00 1.565789e+00 6.723684e-01 0.000000e+00
38315: 1.760841e+00 1.566360e+00 6.727989e-01 0.000000e+00
38315: 1.762467e+00 1.565617e+00 6.719160e-01 0.000000e+00
38315: 1.761468e+00 1.567497e+00 6.710354e-01 0.000000e+00
38315: 1.761780e+00 1.566754e+00 6.714660e-01 0.000000e+00
38315: 1.762092e+00 1.567320e+00 6.705882e-01 0.000000e+00
38315: 1.761097e+00 1.566580e+00 6.723238e-01 0.000000e+00
38315: 1.761408e+00 1.567145e+00 6.714472e-01 0.000000e+00
38315: 1.760417e+00 1.566406e+00 6.731771e-01 0.000000e+00
38315: 1.762029e+00 1.565670e+00 6.723017e-01 0.000000e+00
38315: 1.761039e+00 1.566234e+00 6.727273e-01 0.000000e+00
38315: 1.761349e+00 1.566796e+00 6.718547e-01 0.000000e+00
38315: 1.761658e+00 1.566062e+00 6.722798e-01 0.000000e+00
38315: 1.760673e+00 1.567917e+00 6.714101e-01 0.000000e+00
38315: 1.762274e+00 1.567183e+00 6.705426e-01 0.000000e+00
38315: 1.762581e+00 1.567742e+00 6.696774e-01 0.000000e+00
38315: 1.761598e+00 1.567010e+00 6.713918e-01 0.000000e+00
38315: 1.761905e+00 1.566281e+00 6.718147e-01 0.000000e+00
38315: 1.762211e+00 1.566838e+00 6.709512e-01 0.000000e+00
38315: 1.762516e+00 1.566110e+00 6.713736e-01 0.000000e+00
38315: 1.761538e+00 1.566667e+00 6.717949e-01 0.000000e+00
38315: 1.761844e+00 1.565941e+00 6.722151e-01 0.000000e+00
38315: 1.760870e+00 1.567775e+00 6.713555e-01 0.000000e+00
38315: 1.761175e+00 1.567050e+00 6.717752e-01 0.000000e+00
38315: 1.760204e+00 1.567602e+00 6.721939e-01 0.000000e+00
38315: 1.761783e+00 1.566879e+00 6.713376e-01 0.000000e+00
38315: 1.762087e+00 1.567430e+00 6.704835e-01 0.000000e+00
38315: 1.761118e+00 1.567980e+00 6.709022e-01 0.000000e+00
38315: 1.761421e+00 1.568528e+00 6.700508e-01 0.000000e+00
38315: 1.761724e+00 1.567807e+00 6.704689e-01 0.000000e+00
38315: 1.760759e+00 1.568354e+00 6.708861e-01 0.000000e+00
38315: 1.762326e+00 1.567636e+00 6.700379e-01 0.000000e+00
38315: 1.762626e+00 1.568182e+00 6.691919e-01 0.000000e+00
38315: 1.761665e+00 1.567465e+00 6.708701e-01 0.000000e+00
38315: 1.761965e+00 1.568010e+00 6.700252e-01 0.000000e+00
38315: 1.761006e+00 1.567296e+00 6.716981e-01 0.000000e+00
38315: 1.762563e+00 1.566583e+00 6.708543e-01 0.000000e+00
38315: 1.761606e+00 1.568381e+00 6.700125e-01 0.000000e+00
38315: 1.761905e+00 1.567669e+00 6.704261e-01 0.000000e+00
38315: 1.760951e+00 1.568210e+00 6.708385e-01 0.000000e+00
38315: 1.762500e+00 1.567500e+00 6.700000e-01 0.000000e+00
38315: 1.761548e+00 1.568040e+00 6.704120e-01 0.000000e+00
38315: 1.761845e+00 1.567332e+00 6.708229e-01 0.000000e+00
38315: 1.762142e+00 1.567870e+00 6.699875e-01 0.000000e+00
38315: 1.761194e+00 1.568408e+00 6.703980e-01 0.000000e+00
38315: 1.761491e+00 1.567702e+00 6.708075e-01 0.000000e+00
38315: 1.760546e+00 1.568238e+00 6.712159e-01 0.000000e+00
38315: 1.762082e+00 1.567534e+00 6.703841e-01 0.000000e+00
38315: 1.761139e+00 1.568069e+00 6.707921e-01 0.000000e+00
38315: 1.762670e+00 1.567367e+00 6.699629e-01 0.000000e+00
38315: 1.762963e+00 1.567901e+00 6.691358e-01 0.000000e+00
38315: 1.762022e+00 1.567201e+00 6.707768e-01 0.000000e+00
38315: 1.762315e+00 1.566502e+00 6.711823e-01 0.000000e+00
38315: 1.761378e+00 1.568266e+00 6.703567e-01 0.000000e+00
38315: 1.761671e+00 1.567568e+00 6.707617e-01 0.000000e+00
38315: 1.760736e+00 1.568098e+00 6.711656e-01 0.000000e+00
38315: 1.761029e+00 1.568627e+00 6.703431e-01 0.000000e+00
38315: 1.760098e+00 1.567931e+00 6.719706e-01 0.000000e+00
38315: 1.760391e+00 1.568460e+00 6.711491e-01 0.000000e+00
38315: 1.760684e+00 1.567766e+00 6.715507e-01 0.000000e+00
38315: 1.760976e+00 1.568293e+00 6.707317e-01 0.000000e+00
38315: 1.761267e+00 1.567600e+00 6.711328e-01 0.000000e+00
38315: 1.760341e+00 1.569343e+00 6.703163e-01 0.000000e+00
38315: 1.761847e+00 1.568651e+00 6.695018e-01 0.000000e+00
38315: 1.762136e+00 1.569175e+00 6.686893e-01 0.000000e+00
38315: 1.761212e+00 1.568485e+00 6.703030e-01 0.000000e+00
38315: 1.761501e+00 1.567797e+00 6.707022e-01 0.000000e+00
38315: 1.760580e+00 1.569528e+00 6.698912e-01 0.000000e+00
38315: 1.760870e+00 1.570048e+00 6.690821e-01 0.000000e+00
38315: 1.759952e+00 1.569361e+00 6.706876e-01 0.000000e+00
38315: 1.761446e+00 1.568675e+00 6.698795e-01 0.000000e+00
38315: 1.760529e+00 1.569194e+00 6.702768e-01 0.000000e+00
38315: 1.760817e+00 1.568510e+00 6.706731e-01 0.000000e+00
38315: 1.761104e+00 1.569028e+00 6.698679e-01 0.000000e+00
38315: 1.760192e+00 1.568345e+00 6.714628e-01 0.000000e+00
38315: 1.760479e+00 1.567665e+00 6.718563e-01 0.000000e+00
38315: 1.759569e+00 1.568182e+00 6.722488e-01 0.000000e+00
38315: 1.759857e+00 1.568698e+00 6.714456e-01 0.000000e+00
38315: 1.758950e+00 1.569212e+00 6.718377e-01 0.000000e+00
38315: 1.759237e+00 1.568534e+00 6.722288e-01 0.000000e+00
38315: 1.759524e+00 1.569048e+00 6.714286e-01 0.000000e+00
38315: 1.759810e+00 1.568371e+00 6.718193e-01 0.000000e+00
38315: 1.760095e+00 1.568884e+00 6.710214e-01 0.000000e+00
38315: 1.760380e+00 1.568209e+00 6.714116e-01 0.000000e+00
38315: 1.759479e+00 1.568720e+00 6.718009e-01 0.000000e+00
38315: 1.760947e+00 1.568047e+00 6.710059e-01 0.000000e+00
38315: 1.760047e+00 1.569740e+00 6.702128e-01 0.000000e+00
38315: 1.761511e+00 1.569067e+00 6.694215e-01 0.000000e+00
38315: 1.761792e+00 1.569575e+00 6.686321e-01 0.000000e+00
38315: 1.762073e+00 1.568905e+00 6.690224e-01 0.000000e+00
38315: 1.762353e+00 1.569412e+00 6.682353e-01 0.000000e+00
38315: 1.762632e+00 1.568743e+00 6.686251e-01 0.000000e+00
38315: 1.762911e+00 1.569249e+00 6.678404e-01 0.000000e+00
38315: 1.763189e+00 1.568581e+00 6.682298e-01 0.000000e+00
38315: 1.763466e+00 1.569087e+00 6.674473e-01 0.000000e+00
38315: 1.763743e+00 1.568421e+00 6.678363e-01 0.000000e+00
38315: 1.762850e+00 1.568925e+00 6.682243e-01 0.000000e+00
38315: 1.763127e+00 1.568261e+00 6.686114e-01 0.000000e+00
38315: 1.763403e+00 1.568765e+00 6.678322e-01 0.000000e+00
38315: 1.763679e+00 1.568102e+00 6.682189e-01 0.000000e+00
38315: 1.762791e+00 1.569767e+00 6.674419e-01 0.000000e+00
38315: 1.763066e+00 1.570267e+00 6.666667e-01 0.000000e+00
38315: 1.762181e+00 1.568445e+00 6.693735e-01 0.000000e+00
38315: 1.763615e+00 1.567787e+00 6.685979e-01 0.000000e+00
38315: 1.762731e+00 1.569444e+00 6.678241e-01 0.000000e+00
38315: 1.763006e+00 1.568786e+00 6.682081e-01 0.000000e+00
38315: 1.762125e+00 1.570439e+00 6.674365e-01 0.000000e+00
38315: 1.763552e+00 1.568627e+00 6.678201e-01 0.000000e+00
38315: 1.762673e+00 1.570276e+00 6.670507e-01 0.000000e+00
38315: 1.764097e+00 1.568470e+00 6.674338e-01 0.000000e+00
38315: 1.763218e+00 1.568966e+00 6.678161e-01 0.000000e+00
38315: 1.763490e+00 1.568312e+00 6.681975e-01 0.000000e+00
38315: 1.762615e+00 1.568807e+00 6.685780e-01 0.000000e+00
38315: 1.762887e+00 1.568156e+00 6.689576e-01 0.000000e+00
38315: 1.762014e+00 1.569794e+00 6.681922e-01 0.000000e+00
38315: 1.762286e+00 1.569143e+00 6.685714e-01 0.000000e+00
38315: 1.762557e+00 1.569635e+00 6.678082e-01 0.000000e+00
38315: 1.762828e+00 1.568985e+00 6.681870e-01 0.000000e+00
38315: 1.761959e+00 1.569476e+00 6.685649e-01 0.000000e+00
38315: 1.763367e+00 1.568828e+00 6.678043e-01 0.000000e+00
38315: 1.762500e+00 1.569318e+00 6.681818e-01 0.000000e+00
38315: 1.762770e+00 1.569807e+00 6.674234e-01 0.000000e+00
38315: 1.763039e+00 1.569161e+00 6.678005e-01 0.000000e+00
38315: 1.762174e+00 1.570781e+00 6.670442e-01 0.000000e+00
38315: 1.762443e+00 1.569005e+00 6.685520e-01 0.000000e+00
38315: 1.762712e+00 1.569492e+00 6.677966e-01 0.000000e+00
38315: 1.761851e+00 1.568849e+00 6.693002e-01 0.000000e+00
38315: 1.763247e+00 1.568207e+00 6.685457e-01 0.000000e+00
38315: 1.762387e+00 1.568694e+00 6.689189e-01 0.000000e+00
38315: 1.762655e+00 1.569179e+00 6.681665e-01 0.000000e+00
38315: 1.761798e+00 1.569663e+00 6.685393e-01 0.000000e+00
38315: 1.762065e+00 1.569024e+00 6.689113e-01 0.000000e+00
38315: 1.761211e+00 1.569507e+00 6.692825e-01 0.000000e+00
38315: 1.761478e+00 1.568869e+00 6.696529e-01 0.000000e+00
38315: 1.760626e+00 1.569351e+00 6.700224e-01 0.000000e+00
38315: 1.760894e+00 1.568715e+00 6.703911e-01 0.000000e+00
38315: 1.761161e+00 1.569196e+00 6.696429e-01 0.000000e+00
38315: 1.760312e+00 1.568562e+00 6.711260e-01 0.000000e+00
38315: 1.761693e+00 1.567929e+00 6.703786e-01 0.000000e+00
38315: 1.760845e+00 1.568409e+00 6.707453e-01 0.000000e+00
38315: 1.762222e+00 1.567778e+00 6.700000e-01 0.000000e+00
38315: 1.762486e+00 1.568257e+00 6.692564e-01 0.000000e+00
38315: 1.761641e+00 1.567627e+00 6.707317e-01 0.000000e+00
38315: 1.763012e+00 1.566999e+00 6.699889e-01 0.000000e+00
38315: 1.762168e+00 1.567478e+00 6.703540e-01 0.000000e+00
38315: 1.762431e+00 1.567956e+00 6.696133e-01 0.000000e+00
38315: 1.761589e+00 1.567329e+00 6.710817e-01 0.000000e+00
38315: 1.762955e+00 1.566703e+00 6.703418e-01 0.000000e+00
38315: 1.763216e+00 1.567181e+00 6.696035e-01 0.000000e+00
38315: 1.762376e+00 1.566557e+00 6.710671e-01 0.000000e+00
38315: 1.762637e+00 1.565934e+00 6.714286e-01 0.000000e+00
38315: 1.762898e+00 1.566411e+00 6.706915e-01 0.000000e+00
38315: 1.762061e+00 1.565789e+00 6.721491e-01 0.000000e+00
38315: 1.762322e+00 1.566265e+00 6.714129e-01 0.000000e+00
38315: 1.762582e+00 1.565646e+00 6.717724e-01 0.000000e+00
38315: 1.761749e+00 1.567213e+00 6.710383e-01 0.000000e+00
38315: 1.762009e+00 1.566594e+00 6.713974e-01 0.000000e+00
38315: 1.762268e+00 1.567067e+00 6.706652e-01 0.000000e+00
38315: 1.762527e+00 1.566449e+00 6.710240e-01 0.000000e+00
38315: 1.762786e+00 1.566921e+00 6.702938e-01 0.000000e+00
38315: 1.761957e+00 1.566304e+00 6.717391e-01 0.000000e+00
38315: 1.762215e+00 1.566775e+00 6.710098e-01 0.000000e+00
38315: 1.761388e+00 1.566161e+00 6.724512e-01 0.000000e+00
38315: 1.761647e+00 1.565547e+00 6.728061e-01 0.000000e+00
38315: 1.760823e+00 1.567100e+00 6.720779e-01 0.000000e+00
38315: 1.762162e+00 1.566486e+00 6.713514e-01 0.000000e+00
38315: 1.762419e+00 1.566955e+00 6.706263e-01 0.000000e+00
38315: 1.761597e+00 1.566343e+00 6.720604e-01 0.000000e+00
38315: 1.762931e+00 1.565733e+00 6.713362e-01 0.000000e+00
38315: 1.762110e+00 1.567277e+00 6.706136e-01 0.000000e+00
38315: 1.762366e+00 1.566667e+00 6.709677e-01 0.000000e+00
38315: 1.761547e+00 1.567132e+00 6.713212e-01 0.000000e+00
38315: 1.762876e+00 1.566524e+00 6.706009e-01 0.000000e+00
38315: 1.762058e+00 1.568060e+00 6.698821e-01 0.000000e+00
38315: 1.763383e+00 1.567452e+00 6.691649e-01 0.000000e+00
38315: 1.763636e+00 1.567914e+00 6.684492e-01 0.000000e+00
38315: 1.762821e+00 1.568376e+00 6.688034e-01 0.000000e+00
38315: 1.763074e+00 1.567769e+00 6.691569e-01 0.000000e+00
38315: 1.762260e+00 1.568230e+00 6.695096e-01 0.000000e+00
38315: 1.763578e+00 1.567625e+00 6.687966e-01 0.000000e+00
38315: 1.762766e+00 1.568085e+00 6.691489e-01 0.000000e+00
38315: 1.763018e+00 1.567481e+00 6.695005e-01 0.000000e+00
38315: 1.762208e+00 1.569002e+00 6.687898e-01 0.000000e+00
38315: 1.762460e+00 1.568399e+00 6.691410e-01 0.000000e+00
38315: 1.761653e+00 1.569915e+00 6.684322e-01 0.000000e+00
38315: 1.761905e+00 1.569312e+00 6.687831e-01 0.000000e+00
38315: 1.761099e+00 1.569767e+00 6.691332e-01 0.000000e+00
38315: 1.761352e+00 1.570222e+00 6.684266e-01 0.000000e+00
38315: 1.761603e+00 1.568565e+00 6.698312e-01 0.000000e+00
38315: 1.760801e+00 1.570074e+00 6.691254e-01 0.000000e+00
38315: 1.761053e+00 1.568421e+00 6.705263e-01 0.000000e+00
38315: 1.761304e+00 1.568875e+00 6.698212e-01 0.000000e+00
38315: 1.761555e+00 1.568277e+00 6.701681e-01 0.000000e+00
38315: 1.761805e+00 1.568730e+00 6.694648e-01 0.000000e+00
38315: 1.762055e+00 1.568134e+00 6.698113e-01 0.000000e+00
38315: 1.762304e+00 1.568586e+00 6.691099e-01 0.000000e+00
38315: 1.762552e+00 1.567992e+00 6.694561e-01 0.000000e+00
38315: 1.762800e+00 1.568443e+00 6.687565e-01 0.000000e+00
38315: 1.762004e+00 1.567850e+00 6.701461e-01 0.000000e+00
38315: 1.762252e+00 1.567258e+00 6.704901e-01 0.000000e+00
38315: 1.762500e+00 1.567708e+00 6.697917e-01 0.000000e+00
38315: 1.761707e+00 1.567118e+00 6.711759e-01 0.000000e+00
38315: 1.761954e+00 1.567568e+00 6.704782e-01 0.000000e+00
38315: 1.762201e+00 1.566978e+00 6.708204e-01 0.000000e+00
38315: 1.762448e+00 1.567427e+00 6.701245e-01 0.000000e+00
38315: 1.761658e+00 1.567876e+00 6.704663e-01 0.000000e+00
38315: 1.761905e+00 1.567288e+00 6.708075e-01 0.000000e+00
38315: 1.762151e+00 1.567735e+00 6.701138e-01 0.000000e+00
38315: 1.761364e+00 1.567149e+00 6.714876e-01 0.000000e+00
38315: 1.761610e+00 1.566563e+00 6.718266e-01 0.000000e+00
38315: 1.760825e+00 1.568041e+00 6.711340e-01 0.000000e+00
38315: 1.761071e+00 1.567456e+00 6.714727e-01 0.000000e+00
38315: 1.761317e+00 1.567901e+00 6.707819e-01 0.000000e+00
38315: 1.760534e+00 1.567318e+00 6.721480e-01 0.000000e+00
38315: 1.760780e+00 1.567762e+00 6.714579e-01 0.000000e+00
38315: 1.761026e+00 1.567179e+00 6.717949e-01 0.000000e+00
38315: 1.760246e+00 1.567623e+00 6.721311e-01 0.000000e+00
38315: 1.760491e+00 1.567042e+00 6.724667e-01 0.000000e+00
38315: 1.760736e+00 1.567485e+00 6.717791e-01 0.000000e+00
38315: 1.759959e+00 1.566905e+00 6.731359e-01 0.000000e+00
38315: 1.760204e+00 1.566327e+00 6.734694e-01 0.000000e+00
38315: 1.759429e+00 1.566769e+00 6.738022e-01 0.000000e+00
38315: 1.760692e+00 1.566191e+00 6.731161e-01 0.000000e+00
38315: 1.759919e+00 1.566633e+00 6.734486e-01 0.000000e+00
38315: 1.760163e+00 1.566057e+00 6.737805e-01 0.000000e+00
38315: 1.760406e+00 1.566497e+00 6.730964e-01 0.000000e+00
38315: 1.760649e+00 1.565923e+00 6.734280e-01 0.000000e+00
38315: 1.760892e+00 1.566363e+00 6.727457e-01 0.000000e+00
38315: 1.761134e+00 1.565789e+00 6.730769e-01 0.000000e+00
38315: 1.760364e+00 1.567240e+00 6.723964e-01 0.000000e+00
38315: 1.761616e+00 1.566667e+00 6.717172e-01 0.000000e+00
38315: 1.761857e+00 1.567104e+00 6.710394e-01 0.000000e+00
38315: 1.761089e+00 1.567540e+00 6.713710e-01 0.000000e+00
38315: 1.761329e+00 1.566969e+00 6.717019e-01 0.000000e+00
38315: 1.760563e+00 1.567404e+00 6.720322e-01 0.000000e+00
38315: 1.761809e+00 1.566834e+00 6.713568e-01 0.000000e+00
38315: 1.762048e+00 1.567269e+00 6.706827e-01 0.000000e+00
38315: 1.762287e+00 1.566700e+00 6.710130e-01 0.000000e+00
38315: 1.762525e+00 1.567134e+00 6.703407e-01 0.000000e+00
38315: 1.761762e+00 1.566567e+00 6.716717e-01 0.000000e+00
38315: Done!
