Forked 36053
Starting to reopen 0 and 1
Calling execv `tournament0/lounres.py` (pid 36053)
Strategy 0: first ans is 1
Forked 36054
Starting to reopen 0 and 1
Calling execv `tournament0/pzakorko.py` (pid 36054)
Strategy 1: first ans is 0
Forked 36055
Starting to reopen 0 and 1
Calling execv `tournament0/elexunix.py` (pid 36055)
Strategy 2: first ans is 2
Forked 36079
Starting to reopen 0 and 1
Calling execv `tournament0/fedro.py` (pid 36079)
Strategy 3: first ans is 0
Forked 36103
Starting to reopen 0 and 1
Calling execv `tournament0/alex_dany` (pid 36103)
36103: Started!
36103: Number of players: 5, position: 4, number of turns: 1000
36103: Random seed: 730378265
Strategy 4: first ans is 1
36103: 2.000000e+00 2.000000e+00 1.000000e+00 0.000000e+00 0.000000e+00
36103: 1.500000e+00 1.500000e+00 2.000000e+00 0.000000e+00 0.000000e+00
36103: 2.000000e+00 1.666667e+00 1.333333e+00 0.000000e+00 0.000000e+00
36103: 2.000000e+00 1.250000e+00 1.500000e+00 2.500000e-01 0.000000e+00
36103: 2.000000e+00 1.600000e+00 1.200000e+00 2.000000e-01 0.000000e+00
36103: 1.833333e+00 1.500000e+00 1.333333e+00 3.333333e-01 0.000000e+00
36103: 1.857143e+00 1.571429e+00 1.285714e+00 2.857143e-01 0.000000e+00
36103: 1.750000e+00 1.375000e+00 1.625000e+00 2.500000e-01 0.000000e+00
36103: 1.777778e+00 1.333333e+00 1.555556e+00 3.333333e-01 0.000000e+00
36103: 1.900000e+00 1.400000e+00 1.400000e+00 3.000000e-01 0.000000e+00
36103: 1.909091e+00 1.363636e+00 1.454545e+00 2.727273e-01 0.000000e+00
36103: 1.916667e+00 1.500000e+00 1.333333e+00 2.500000e-01 0.000000e+00
36103: 1.923077e+00 1.538462e+00 1.307692e+00 2.307692e-01 0.000000e+00
36103: 1.928571e+00 1.500000e+00 1.357143e+00 2.142857e-01 0.000000e+00
36103: 1.866667e+00 1.600000e+00 1.333333e+00 2.000000e-01 0.000000e+00
36103: 1.875000e+00 1.562500e+00 1.375000e+00 1.875000e-01 0.000000e+00
36103: 1.882353e+00 1.647059e+00 1.294118e+00 1.764706e-01 0.000000e+00
36103: 1.833333e+00 1.555556e+00 1.444444e+00 1.666667e-01 0.000000e+00
36103: 1.842105e+00 1.526316e+00 1.473684e+00 1.578947e-01 0.000000e+00
36103: 1.800000e+00 1.600000e+00 1.450000e+00 1.500000e-01 0.000000e+00
36103: 1.809524e+00 1.571429e+00 1.476190e+00 1.428571e-01 0.000000e+00
36103: 1.818182e+00 1.545455e+00 1.500000e+00 1.363636e-01 0.000000e+00
36103: 1.782609e+00 1.608696e+00 1.434783e+00 1.739130e-01 0.000000e+00
36103: 1.791667e+00 1.541667e+00 1.416667e+00 2.083333e-01 4.166667e-02
36103: 1.760000e+00 1.600000e+00 1.360000e+00 2.400000e-01 4.000000e-02
36103: 1.769231e+00 1.576923e+00 1.384615e+00 2.307692e-01 3.846154e-02
36103: 1.814815e+00 1.555556e+00 1.370370e+00 2.222222e-01 3.703704e-02
36103: 1.821429e+00 1.571429e+00 1.321429e+00 2.142857e-01 7.142857e-02
36103: 1.793103e+00 1.517241e+00 1.344828e+00 2.413793e-01 1.034483e-01
36103: 1.800000e+00 1.500000e+00 1.333333e+00 2.666667e-01 1.000000e-01
36103: 1.774194e+00 1.580645e+00 1.290323e+00 2.580645e-01 9.677419e-02
36103: 1.812500e+00 1.562500e+00 1.281250e+00 2.500000e-01 9.375000e-02
36103: 1.818182e+00 1.575758e+00 1.272727e+00 2.424242e-01 9.090909e-02
36103: 1.794118e+00 1.529412e+00 1.352941e+00 2.352941e-01 8.823529e-02
36103: 1.800000e+00 1.571429e+00 1.314286e+00 2.285714e-01 8.571429e-02
36103: 1.805556e+00 1.527778e+00 1.333333e+00 2.222222e-01 1.111111e-01
36103: 1.810811e+00 1.540541e+00 1.297297e+00 2.432432e-01 1.081081e-01
36103: 1.815789e+00 1.526316e+00 1.289474e+00 2.368421e-01 1.315789e-01
36103: 1.794872e+00 1.564103e+00 1.282051e+00 2.307692e-01 1.282051e-01
36103: 1.800000e+00 1.550000e+00 1.275000e+00 2.500000e-01 1.250000e-01
36103: 1.780488e+00 1.560976e+00 1.292683e+00 2.439024e-01 1.219512e-01
36103: 1.809524e+00 1.547619e+00 1.261905e+00 2.619048e-01 1.190476e-01
36103: 1.790698e+00 1.558140e+00 1.232558e+00 2.790698e-01 1.395349e-01
36103: 1.840909e+00 1.545455e+00 1.204545e+00 2.727273e-01 1.363636e-01
36103: 1.844444e+00 1.577778e+00 1.177778e+00 2.666667e-01 1.333333e-01
36103: 1.826087e+00 1.565217e+00 1.195652e+00 2.826087e-01 1.304348e-01
36103: 1.851064e+00 1.553191e+00 1.191489e+00 2.765957e-01 1.276596e-01
36103: 1.833333e+00 1.583333e+00 1.187500e+00 2.708333e-01 1.250000e-01
36103: 1.857143e+00 1.571429e+00 1.183673e+00 2.653061e-01 1.224490e-01
36103: 1.840000e+00 1.560000e+00 1.220000e+00 2.600000e-01 1.200000e-01
36103: 1.862745e+00 1.549020e+00 1.196078e+00 2.745098e-01 1.176471e-01
36103: 1.846154e+00 1.557692e+00 1.192308e+00 2.884615e-01 1.153846e-01
36103: 1.867925e+00 1.566038e+00 1.169811e+00 2.830189e-01 1.132075e-01
36103: 1.851852e+00 1.574074e+00 1.166667e+00 2.962963e-01 1.111111e-01
36103: 1.872727e+00 1.563636e+00 1.163636e+00 2.909091e-01 1.090909e-01
36103: 1.857143e+00 1.589286e+00 1.142857e+00 3.035714e-01 1.071429e-01
36103: 1.877193e+00 1.578947e+00 1.140351e+00 2.982456e-01 1.052632e-01
36103: 1.862069e+00 1.568966e+00 1.172414e+00 2.931034e-01 1.034483e-01
36103: 1.881356e+00 1.576271e+00 1.152542e+00 2.881356e-01 1.016949e-01
36103: 1.866667e+00 1.566667e+00 1.183333e+00 2.833333e-01 1.000000e-01
36103: 1.868852e+00 1.573770e+00 1.180328e+00 2.786885e-01 9.836066e-02
36103: 1.870968e+00 1.564516e+00 1.193548e+00 2.741935e-01 9.677419e-02
36103: 1.888889e+00 1.571429e+00 1.174603e+00 2.698413e-01 9.523810e-02
36103: 1.875000e+00 1.546875e+00 1.218750e+00 2.656250e-01 9.375000e-02
36103: 1.876923e+00 1.538462e+00 1.230769e+00 2.615385e-01 9.230769e-02
36103: 1.863636e+00 1.560606e+00 1.212121e+00 2.575758e-01 1.060606e-01
36103: 1.865672e+00 1.567164e+00 1.208955e+00 2.537313e-01 1.044776e-01
36103: 1.882353e+00 1.558824e+00 1.205882e+00 2.500000e-01 1.029412e-01
36103: 1.884058e+00 1.579710e+00 1.188406e+00 2.463768e-01 1.014493e-01
36103: 1.871429e+00 1.571429e+00 1.214286e+00 2.428571e-01 1.000000e-01
36103: 1.873239e+00 1.549296e+00 1.225352e+00 2.535211e-01 9.859155e-02
36103: 1.861111e+00 1.555556e+00 1.222222e+00 2.500000e-01 1.111111e-01
36103: 1.863014e+00 1.547945e+00 1.219178e+00 2.602740e-01 1.095890e-01
36103: 1.851351e+00 1.554054e+00 1.216216e+00 2.702703e-01 1.081081e-01
36103: 1.853333e+00 1.546667e+00 1.213333e+00 2.800000e-01 1.066667e-01
36103: 1.842105e+00 1.552632e+00 1.210526e+00 2.894737e-01 1.052632e-01
36103: 1.844156e+00 1.545455e+00 1.194805e+00 3.116883e-01 1.038961e-01
36103: 1.846154e+00 1.551282e+00 1.179487e+00 3.205128e-01 1.025641e-01
36103: 1.848101e+00 1.544304e+00 1.189873e+00 3.164557e-01 1.012658e-01
36103: 1.850000e+00 1.562500e+00 1.175000e+00 3.125000e-01 1.000000e-01
36103: 1.839506e+00 1.567901e+00 1.185185e+00 3.086420e-01 9.876543e-02
36103: 1.841463e+00 1.560976e+00 1.195122e+00 3.048780e-01 9.756098e-02
36103: 1.831325e+00 1.578313e+00 1.192771e+00 3.012048e-01 9.638554e-02
36103: 1.833333e+00 1.571429e+00 1.190476e+00 3.095238e-01 9.523810e-02
36103: 1.835294e+00 1.564706e+00 1.188235e+00 3.058824e-01 1.058824e-01
36103: 1.848837e+00 1.569767e+00 1.174419e+00 3.023256e-01 1.046512e-01
36103: 1.839080e+00 1.563218e+00 1.183908e+00 3.103448e-01 1.034483e-01
36103: 1.852273e+00 1.556818e+00 1.170455e+00 3.181818e-01 1.022727e-01
36103: 1.853933e+00 1.573034e+00 1.157303e+00 3.146067e-01 1.011236e-01
36103: 1.844444e+00 1.555556e+00 1.177778e+00 3.222222e-01 1.000000e-01
36103: 1.868132e+00 1.549451e+00 1.164835e+00 3.186813e-01 9.890110e-02
36103: 1.869565e+00 1.565217e+00 1.152174e+00 3.152174e-01 9.782609e-02
36103: 1.870968e+00 1.559140e+00 1.161290e+00 3.118280e-01 9.677419e-02
36103: 1.872340e+00 1.574468e+00 1.148936e+00 3.085106e-01 9.574468e-02
36103: 1.863158e+00 1.568421e+00 1.157895e+00 3.157895e-01 9.473684e-02
36103: 1.875000e+00 1.562500e+00 1.145833e+00 3.125000e-01 1.041667e-01
36103: 1.865979e+00 1.577320e+00 1.134021e+00 3.195876e-01 1.030928e-01
36103: 1.867347e+00 1.561224e+00 1.153061e+00 3.163265e-01 1.020408e-01
36103: 1.868687e+00 1.575758e+00 1.141414e+00 3.131313e-01 1.010101e-01
36103: 1.870000e+00 1.560000e+00 1.150000e+00 3.100000e-01 1.100000e-01
36103: 1.861386e+00 1.574257e+00 1.148515e+00 3.069307e-01 1.089109e-01
36103: 1.872549e+00 1.558824e+00 1.156863e+00 3.039216e-01 1.078431e-01
36103: 1.864078e+00 1.572816e+00 1.155340e+00 3.009709e-01 1.067961e-01
36103: 1.865385e+00 1.557692e+00 1.163462e+00 3.076923e-01 1.057692e-01
36103: 1.866667e+00 1.561905e+00 1.161905e+00 3.047619e-01 1.047619e-01
36103: 1.867925e+00 1.556604e+00 1.160377e+00 3.113208e-01 1.037736e-01
36103: 1.859813e+00 1.570093e+00 1.158879e+00 3.084112e-01 1.028037e-01
36103: 1.861111e+00 1.555556e+00 1.175926e+00 3.055556e-01 1.018519e-01
36103: 1.853211e+00 1.577982e+00 1.165138e+00 3.027523e-01 1.009174e-01
36103: 1.863636e+00 1.572727e+00 1.163636e+00 3.000000e-01 1.000000e-01
36103: 1.855856e+00 1.567568e+00 1.162162e+00 3.153153e-01 9.909910e-02
36103: 1.866071e+00 1.562500e+00 1.160714e+00 3.125000e-01 9.821429e-02
36103: 1.858407e+00 1.566372e+00 1.159292e+00 3.185841e-01 9.734513e-02
36103: 1.859649e+00 1.570175e+00 1.149123e+00 3.245614e-01 9.649123e-02
36103: 1.852174e+00 1.556522e+00 1.173913e+00 3.217391e-01 9.565217e-02
36103: 1.870690e+00 1.551724e+00 1.163793e+00 3.189655e-01 9.482759e-02
36103: 1.871795e+00 1.555556e+00 1.153846e+00 3.247863e-01 9.401709e-02
36103: 1.872881e+00 1.550847e+00 1.161017e+00 3.220339e-01 9.322034e-02
36103: 1.873950e+00 1.554622e+00 1.159664e+00 3.193277e-01 9.243697e-02
36103: 1.875000e+00 1.558333e+00 1.158333e+00 3.166667e-01 9.166667e-02
36103: 1.867769e+00 1.553719e+00 1.173554e+00 3.140496e-01 9.090909e-02
36103: 1.868852e+00 1.549180e+00 1.172131e+00 3.196721e-01 9.016393e-02
36103: 1.861789e+00 1.560976e+00 1.162602e+00 3.252033e-01 8.943089e-02
36103: 1.870968e+00 1.564516e+00 1.153226e+00 3.225806e-01 8.870968e-02
36103: 1.864000e+00 1.576000e+00 1.152000e+00 3.200000e-01 8.800000e-02
36103: 1.857143e+00 1.571429e+00 1.150794e+00 3.333333e-01 8.730159e-02
36103: 1.858268e+00 1.559055e+00 1.157480e+00 3.385827e-01 8.661417e-02
36103: 1.851562e+00 1.570312e+00 1.148438e+00 3.359375e-01 9.375000e-02
36103: 1.860465e+00 1.558140e+00 1.155039e+00 3.333333e-01 9.302326e-02
36103: 1.853846e+00 1.569231e+00 1.153846e+00 3.307692e-01 9.230769e-02
36103: 1.854962e+00 1.564885e+00 1.152672e+00 3.358779e-01 9.160305e-02
36103: 1.848485e+00 1.568182e+00 1.151515e+00 3.409091e-01 9.090909e-02
36103: 1.849624e+00 1.563910e+00 1.150376e+00 3.458647e-01 9.022556e-02
36103: 1.843284e+00 1.567164e+00 1.141791e+00 3.582090e-01 8.955224e-02
36103: 1.844444e+00 1.562963e+00 1.140741e+00 3.555556e-01 9.629630e-02
36103: 1.838235e+00 1.566176e+00 1.147059e+00 3.529412e-01 9.558824e-02
36103: 1.839416e+00 1.576642e+00 1.138686e+00 3.503650e-01 9.489051e-02
36103: 1.833333e+00 1.565217e+00 1.152174e+00 3.550725e-01 9.420290e-02
36103: 1.841727e+00 1.561151e+00 1.151079e+00 3.525180e-01 9.352518e-02
36103: 1.835714e+00 1.571429e+00 1.150000e+00 3.500000e-01 9.285714e-02
36103: 1.843972e+00 1.560284e+00 1.156028e+00 3.475177e-01 9.219858e-02
36103: 1.838028e+00 1.570423e+00 1.147887e+00 3.450704e-01 9.859155e-02
36103: 1.853147e+00 1.559441e+00 1.146853e+00 3.426573e-01 9.790210e-02
36103: 1.847222e+00 1.569444e+00 1.138889e+00 3.472222e-01 9.722222e-02
36103: 1.848276e+00 1.572414e+00 1.131034e+00 3.517241e-01 9.655172e-02
36103: 1.842466e+00 1.568493e+00 1.136986e+00 3.561644e-01 9.589041e-02
36103: 1.850340e+00 1.571429e+00 1.129252e+00 3.537415e-01 9.523810e-02
36103: 1.844595e+00 1.567568e+00 1.141892e+00 3.513514e-01 9.459459e-02
36103: 1.852349e+00 1.563758e+00 1.140940e+00 3.489933e-01 9.395973e-02
36103: 1.846667e+00 1.566667e+00 1.140000e+00 3.466667e-01 1.000000e-01
36103: 1.847682e+00 1.562914e+00 1.139073e+00 3.443709e-01 1.059603e-01
36103: 1.848684e+00 1.565789e+00 1.138158e+00 3.421053e-01 1.052632e-01
36103: 1.843137e+00 1.575163e+00 1.137255e+00 3.398693e-01 1.045752e-01
36103: 1.844156e+00 1.564935e+00 1.149351e+00 3.376623e-01 1.038961e-01
36103: 1.851613e+00 1.567742e+00 1.141935e+00 3.354839e-01 1.032258e-01
36103: 1.846154e+00 1.564103e+00 1.141026e+00 3.397436e-01 1.089744e-01
36103: 1.853503e+00 1.566879e+00 1.133758e+00 3.375796e-01 1.082803e-01
36103: 1.848101e+00 1.569620e+00 1.139241e+00 3.354430e-01 1.075949e-01
36103: 1.855346e+00 1.572327e+00 1.132075e+00 3.333333e-01 1.069182e-01
36103: 1.850000e+00 1.568750e+00 1.137500e+00 3.375000e-01 1.062500e-01
36103: 1.850932e+00 1.565217e+00 1.136646e+00 3.416149e-01 1.055901e-01
36103: 1.845679e+00 1.574074e+00 1.135802e+00 3.395062e-01 1.049383e-01
36103: 1.840491e+00 1.570552e+00 1.141104e+00 3.374233e-01 1.104294e-01
36103: 1.853659e+00 1.560976e+00 1.140244e+00 3.353659e-01 1.097561e-01
36103: 1.848485e+00 1.569697e+00 1.133333e+00 3.393939e-01 1.090909e-01
36103: 1.843373e+00 1.572289e+00 1.132530e+00 3.433735e-01 1.084337e-01
36103: 1.850299e+00 1.562874e+00 1.131737e+00 3.473054e-01 1.077844e-01
36103: 1.845238e+00 1.565476e+00 1.136905e+00 3.452381e-01 1.071429e-01
36103: 1.852071e+00 1.562130e+00 1.130178e+00 3.491124e-01 1.065089e-01
36103: 1.852941e+00 1.570588e+00 1.123529e+00 3.470588e-01 1.058824e-01
36103: 1.847953e+00 1.561404e+00 1.134503e+00 3.508772e-01 1.052632e-01
36103: 1.848837e+00 1.558140e+00 1.133721e+00 3.488372e-01 1.104651e-01
36103: 1.843931e+00 1.560694e+00 1.132948e+00 3.526012e-01 1.098266e-01
36103: 1.850575e+00 1.557471e+00 1.132184e+00 3.505747e-01 1.091954e-01
36103: 1.845714e+00 1.560000e+00 1.131429e+00 3.542857e-01 1.085714e-01
36103: 1.840909e+00 1.568182e+00 1.125000e+00 3.579545e-01 1.079545e-01
36103: 1.847458e+00 1.564972e+00 1.124294e+00 3.559322e-01 1.073446e-01
36103: 1.842697e+00 1.573034e+00 1.117978e+00 3.539326e-01 1.123596e-01
36103: 1.843575e+00 1.569832e+00 1.122905e+00 3.519553e-01 1.117318e-01
36103: 1.850000e+00 1.572222e+00 1.116667e+00 3.500000e-01 1.111111e-01
36103: 1.845304e+00 1.574586e+00 1.121547e+00 3.480663e-01 1.104972e-01
36103: 1.840659e+00 1.571429e+00 1.126374e+00 3.461538e-01 1.153846e-01
36103: 1.852459e+00 1.562842e+00 1.125683e+00 3.442623e-01 1.147541e-01
36103: 1.858696e+00 1.565217e+00 1.119565e+00 3.423913e-01 1.141304e-01
36103: 1.859459e+00 1.567568e+00 1.118919e+00 3.405405e-01 1.135135e-01
36103: 1.854839e+00 1.564516e+00 1.118280e+00 3.440860e-01 1.182796e-01
36103: 1.855615e+00 1.561497e+00 1.122995e+00 3.422460e-01 1.176471e-01
36103: 1.856383e+00 1.569149e+00 1.117021e+00 3.404255e-01 1.170213e-01
36103: 1.857143e+00 1.571429e+00 1.116402e+00 3.386243e-01 1.164021e-01
36103: 1.852632e+00 1.563158e+00 1.131579e+00 3.368421e-01 1.157895e-01
36103: 1.848168e+00 1.565445e+00 1.130890e+00 3.350785e-01 1.204188e-01
36103: 1.848958e+00 1.567708e+00 1.125000e+00 3.385417e-01 1.197917e-01
36103: 1.849741e+00 1.564767e+00 1.129534e+00 3.367876e-01 1.191710e-01
36103: 1.840206e+00 1.572165e+00 1.128866e+00 3.402062e-01 1.185567e-01
36103: 1.846154e+00 1.564103e+00 1.133333e+00 3.384615e-01 1.179487e-01
36103: 1.841837e+00 1.576531e+00 1.127551e+00 3.367347e-01 1.173469e-01
36103: 1.837563e+00 1.578680e+00 1.126904e+00 3.401015e-01 1.167513e-01
36103: 1.833333e+00 1.580808e+00 1.131313e+00 3.383838e-01 1.161616e-01
36103: 1.834171e+00 1.572864e+00 1.135678e+00 3.366834e-01 1.206030e-01
36103: 1.830000e+00 1.570000e+00 1.140000e+00 3.350000e-01 1.250000e-01
36103: 1.825871e+00 1.572139e+00 1.139303e+00 3.333333e-01 1.293532e-01
36103: 1.831683e+00 1.564356e+00 1.143564e+00 3.316832e-01 1.287129e-01
36103: 1.827586e+00 1.571429e+00 1.137931e+00 3.300493e-01 1.330049e-01
36103: 1.828431e+00 1.573529e+00 1.137255e+00 3.284314e-01 1.323529e-01
36103: 1.829268e+00 1.565854e+00 1.146341e+00 3.268293e-01 1.317073e-01
36103: 1.830097e+00 1.572816e+00 1.140777e+00 3.252427e-01 1.310680e-01
36103: 1.830918e+00 1.570048e+00 1.144928e+00 3.236715e-01 1.304348e-01
36103: 1.822115e+00 1.572115e+00 1.149038e+00 3.269231e-01 1.298077e-01
36103: 1.818182e+00 1.574163e+00 1.148325e+00 3.301435e-01 1.291866e-01
36103: 1.819048e+00 1.566667e+00 1.152381e+00 3.333333e-01 1.285714e-01
36103: 1.819905e+00 1.573460e+00 1.146919e+00 3.317536e-01 1.279621e-01
36103: 1.816038e+00 1.566038e+00 1.155660e+00 3.349057e-01 1.273585e-01
36103: 1.816901e+00 1.563380e+00 1.154930e+00 3.380282e-01 1.267606e-01
36103: 1.817757e+00 1.570093e+00 1.149533e+00 3.364486e-01 1.261682e-01
36103: 1.813953e+00 1.572093e+00 1.153488e+00 3.348837e-01 1.255814e-01
36103: 1.810185e+00 1.574074e+00 1.157407e+00 3.333333e-01 1.250000e-01
36103: 1.806452e+00 1.576037e+00 1.161290e+00 3.317972e-01 1.244240e-01
36103: 1.811927e+00 1.568807e+00 1.165138e+00 3.302752e-01 1.238532e-01
36103: 1.812785e+00 1.570776e+00 1.159817e+00 3.333333e-01 1.232877e-01
36103: 1.809091e+00 1.568182e+00 1.163636e+00 3.363636e-01 1.227273e-01
36103: 1.809955e+00 1.574661e+00 1.158371e+00 3.348416e-01 1.221719e-01
36103: 1.810811e+00 1.567568e+00 1.162162e+00 3.333333e-01 1.261261e-01
36103: 1.807175e+00 1.569507e+00 1.165919e+00 3.318386e-01 1.255605e-01
36103: 1.812500e+00 1.571429e+00 1.160714e+00 3.303571e-01 1.250000e-01
36103: 1.808889e+00 1.568889e+00 1.164444e+00 3.288889e-01 1.288889e-01
36103: 1.805310e+00 1.570796e+00 1.163717e+00 3.274336e-01 1.327434e-01
36103: 1.806167e+00 1.568282e+00 1.167401e+00 3.259912e-01 1.321586e-01
36103: 1.807018e+00 1.570175e+00 1.162281e+00 3.289474e-01 1.315789e-01
36103: 1.807860e+00 1.563319e+00 1.170306e+00 3.275109e-01 1.310044e-01
36103: 1.804348e+00 1.565217e+00 1.173913e+00 3.260870e-01 1.304348e-01
36103: 1.805195e+00 1.562771e+00 1.177489e+00 3.246753e-01 1.298701e-01
36103: 1.801724e+00 1.564655e+00 1.181034e+00 3.232759e-01 1.293103e-01
36103: 1.802575e+00 1.562232e+00 1.184549e+00 3.218884e-01 1.287554e-01
36103: 1.799145e+00 1.568376e+00 1.183761e+00 3.205128e-01 1.282051e-01
36103: 1.800000e+00 1.565957e+00 1.187234e+00 3.191489e-01 1.276596e-01
36103: 1.796610e+00 1.567797e+00 1.186441e+00 3.177966e-01 1.313559e-01
36103: 1.797468e+00 1.565401e+00 1.185654e+00 3.206751e-01 1.308017e-01
36103: 1.794118e+00 1.567227e+00 1.184874e+00 3.235294e-01 1.302521e-01
36103: 1.794979e+00 1.569038e+00 1.179916e+00 3.263598e-01 1.297071e-01
36103: 1.795833e+00 1.570833e+00 1.179167e+00 3.250000e-01 1.291667e-01
36103: 1.792531e+00 1.564315e+00 1.186722e+00 3.278008e-01 1.286307e-01
36103: 1.797521e+00 1.561983e+00 1.185950e+00 3.264463e-01 1.280992e-01
36103: 1.802469e+00 1.563786e+00 1.181070e+00 3.251029e-01 1.275720e-01
36103: 1.803279e+00 1.565574e+00 1.180328e+00 3.237705e-01 1.270492e-01
36103: 1.804082e+00 1.567347e+00 1.179592e+00 3.224490e-01 1.265306e-01
36103: 1.804878e+00 1.565041e+00 1.182927e+00 3.211382e-01 1.260163e-01
36103: 1.801619e+00 1.570850e+00 1.182186e+00 3.198381e-01 1.255061e-01
36103: 1.802419e+00 1.564516e+00 1.189516e+00 3.185484e-01 1.250000e-01
36103: 1.799197e+00 1.566265e+00 1.188755e+00 3.172691e-01 1.285141e-01
36103: 1.800000e+00 1.564000e+00 1.192000e+00 3.160000e-01 1.280000e-01
36103: 1.796813e+00 1.565737e+00 1.191235e+00 3.147410e-01 1.314741e-01
36103: 1.797619e+00 1.571429e+00 1.186508e+00 3.134921e-01 1.309524e-01
36103: 1.794466e+00 1.565217e+00 1.189723e+00 3.201581e-01 1.304348e-01
36103: 1.795276e+00 1.562992e+00 1.188976e+00 3.228346e-01 1.299213e-01
36103: 1.792157e+00 1.564706e+00 1.192157e+00 3.215686e-01 1.294118e-01
36103: 1.796875e+00 1.566406e+00 1.187500e+00 3.203125e-01 1.289062e-01
36103: 1.793774e+00 1.568093e+00 1.186770e+00 3.190661e-01 1.322957e-01
36103: 1.794574e+00 1.565891e+00 1.186047e+00 3.178295e-01 1.356589e-01
36103: 1.791506e+00 1.571429e+00 1.185328e+00 3.166023e-01 1.351351e-01
36103: 1.796154e+00 1.565385e+00 1.184615e+00 3.192308e-01 1.346154e-01
36103: 1.796935e+00 1.567050e+00 1.180077e+00 3.218391e-01 1.340996e-01
36103: 1.797710e+00 1.564885e+00 1.183206e+00 3.206107e-01 1.335878e-01
36103: 1.794677e+00 1.570342e+00 1.182510e+00 3.193916e-01 1.330798e-01
36103: 1.795455e+00 1.564394e+00 1.181818e+00 3.219697e-01 1.363636e-01
36103: 1.796226e+00 1.566038e+00 1.181132e+00 3.207547e-01 1.358491e-01
36103: 1.793233e+00 1.567669e+00 1.184211e+00 3.195489e-01 1.353383e-01
36103: 1.794007e+00 1.569288e+00 1.179775e+00 3.220974e-01 1.348315e-01
36103: 1.791045e+00 1.567164e+00 1.182836e+00 3.246269e-01 1.343284e-01
36103: 1.791822e+00 1.568773e+00 1.182156e+00 3.234201e-01 1.338290e-01
36103: 1.796296e+00 1.566667e+00 1.181481e+00 3.222222e-01 1.333333e-01
36103: 1.797048e+00 1.571956e+00 1.177122e+00 3.210332e-01 1.328413e-01
36103: 1.794118e+00 1.566176e+00 1.180147e+00 3.272059e-01 1.323529e-01
36103: 1.798535e+00 1.564103e+00 1.179487e+00 3.260073e-01 1.318681e-01
36103: 1.799270e+00 1.565693e+00 1.175182e+00 3.284672e-01 1.313869e-01
36103: 1.803636e+00 1.563636e+00 1.174545e+00 3.272727e-01 1.309091e-01
36103: 1.800725e+00 1.568841e+00 1.170290e+00 3.297101e-01 1.304348e-01
36103: 1.801444e+00 1.570397e+00 1.169675e+00 3.285199e-01 1.299639e-01
36103: 1.798561e+00 1.568345e+00 1.172662e+00 3.309353e-01 1.294964e-01
36103: 1.806452e+00 1.566308e+00 1.168459e+00 3.297491e-01 1.290323e-01
36103: 1.803571e+00 1.567857e+00 1.171429e+00 3.285714e-01 1.285714e-01
36103: 1.804270e+00 1.569395e+00 1.170819e+00 3.274021e-01 1.281139e-01
36103: 1.801418e+00 1.570922e+00 1.170213e+00 3.262411e-01 1.312057e-01
36103: 1.802120e+00 1.568905e+00 1.173145e+00 3.250883e-01 1.307420e-01
36103: 1.799296e+00 1.573944e+00 1.169014e+00 3.274648e-01 1.302817e-01
36103: 1.803509e+00 1.571930e+00 1.168421e+00 3.263158e-01 1.298246e-01
36103: 1.804196e+00 1.573427e+00 1.167832e+00 3.251748e-01 1.293706e-01
36103: 1.801394e+00 1.574913e+00 1.170732e+00 3.240418e-01 1.289199e-01
36103: 1.805556e+00 1.569444e+00 1.173611e+00 3.229167e-01 1.284722e-01
36103: 1.802768e+00 1.570934e+00 1.176471e+00 3.217993e-01 1.280277e-01
36103: 1.810345e+00 1.565517e+00 1.175862e+00 3.206897e-01 1.275862e-01
36103: 1.807560e+00 1.567010e+00 1.178694e+00 3.195876e-01 1.271478e-01
36103: 1.808219e+00 1.565068e+00 1.178082e+00 3.184932e-01 1.301370e-01
36103: 1.808874e+00 1.566553e+00 1.174061e+00 3.208191e-01 1.296928e-01
36103: 1.806122e+00 1.568027e+00 1.176871e+00 3.197279e-01 1.292517e-01
36103: 1.806780e+00 1.566102e+00 1.179661e+00 3.186441e-01 1.288136e-01
36103: 1.804054e+00 1.567568e+00 1.175676e+00 3.209459e-01 1.317568e-01
36103: 1.801347e+00 1.565657e+00 1.175084e+00 3.265993e-01 1.313131e-01
36103: 1.805369e+00 1.563758e+00 1.174497e+00 3.255034e-01 1.308725e-01
36103: 1.802676e+00 1.571906e+00 1.170569e+00 3.244147e-01 1.304348e-01
36103: 1.803333e+00 1.570000e+00 1.173333e+00 3.233333e-01 1.300000e-01
36103: 1.800664e+00 1.571429e+00 1.172757e+00 3.255814e-01 1.295681e-01
36103: 1.801325e+00 1.569536e+00 1.172185e+00 3.278146e-01 1.291391e-01
36103: 1.798680e+00 1.574257e+00 1.168317e+00 3.267327e-01 1.320132e-01
36103: 1.796053e+00 1.578947e+00 1.167763e+00 3.256579e-01 1.315789e-01
36103: 1.796721e+00 1.573770e+00 1.167213e+00 3.278689e-01 1.344262e-01
36103: 1.794118e+00 1.578431e+00 1.166667e+00 3.267974e-01 1.339869e-01
36103: 1.798046e+00 1.576547e+00 1.166124e+00 3.257329e-01 1.335505e-01
36103: 1.795455e+00 1.574675e+00 1.168831e+00 3.279221e-01 1.331169e-01
36103: 1.792880e+00 1.572816e+00 1.174757e+00 3.268608e-01 1.326861e-01
36103: 1.793548e+00 1.570968e+00 1.174194e+00 3.290323e-01 1.322581e-01
36103: 1.794212e+00 1.572347e+00 1.173633e+00 3.279743e-01 1.318328e-01
36103: 1.791667e+00 1.567308e+00 1.179487e+00 3.269231e-01 1.346154e-01
36103: 1.795527e+00 1.565495e+00 1.178914e+00 3.258786e-01 1.341853e-01
36103: 1.796178e+00 1.570064e+00 1.175159e+00 3.248408e-01 1.337580e-01
36103: 1.796825e+00 1.568254e+00 1.177778e+00 3.238095e-01 1.333333e-01
36103: 1.797468e+00 1.572785e+00 1.174051e+00 3.227848e-01 1.329114e-01
36103: 1.798107e+00 1.567823e+00 1.179811e+00 3.217666e-01 1.324921e-01
36103: 1.795597e+00 1.572327e+00 1.176101e+00 3.238994e-01 1.320755e-01
36103: 1.793103e+00 1.573668e+00 1.178683e+00 3.228840e-01 1.316614e-01
36103: 1.796875e+00 1.568750e+00 1.181250e+00 3.218750e-01 1.312500e-01
36103: 1.794393e+00 1.573209e+00 1.177570e+00 3.239875e-01 1.308411e-01
36103: 1.791925e+00 1.574534e+00 1.177019e+00 3.260870e-01 1.304348e-01
36103: 1.795666e+00 1.572755e+00 1.176471e+00 3.250774e-01 1.300310e-01
36103: 1.796296e+00 1.574074e+00 1.175926e+00 3.240741e-01 1.296296e-01
36103: 1.796923e+00 1.569231e+00 1.178462e+00 3.261538e-01 1.292308e-01
36103: 1.794479e+00 1.570552e+00 1.174847e+00 3.312883e-01 1.288344e-01
36103: 1.792049e+00 1.568807e+00 1.177370e+00 3.333333e-01 1.284404e-01
36103: 1.792683e+00 1.567073e+00 1.179878e+00 3.323171e-01 1.280488e-01
36103: 1.790274e+00 1.568389e+00 1.179331e+00 3.343465e-01 1.276596e-01
36103: 1.787879e+00 1.569697e+00 1.181818e+00 3.333333e-01 1.272727e-01
36103: 1.791541e+00 1.567976e+00 1.178248e+00 3.353474e-01 1.268882e-01
36103: 1.789157e+00 1.569277e+00 1.177711e+00 3.373494e-01 1.265060e-01
36103: 1.789790e+00 1.573574e+00 1.174174e+00 3.363363e-01 1.261261e-01
36103: 1.787425e+00 1.568862e+00 1.179641e+00 3.383234e-01 1.257485e-01
36103: 1.788060e+00 1.573134e+00 1.176119e+00 3.373134e-01 1.253731e-01
36103: 1.788690e+00 1.571429e+00 1.178571e+00 3.363095e-01 1.250000e-01
36103: 1.786350e+00 1.572700e+00 1.181009e+00 3.353116e-01 1.246291e-01
36103: 1.786982e+00 1.571006e+00 1.180473e+00 3.372781e-01 1.242604e-01
36103: 1.787611e+00 1.569322e+00 1.182891e+00 3.362832e-01 1.238938e-01
36103: 1.785294e+00 1.570588e+00 1.185294e+00 3.352941e-01 1.235294e-01
36103: 1.782991e+00 1.574780e+00 1.184751e+00 3.343109e-01 1.231672e-01
36103: 1.786550e+00 1.573099e+00 1.184211e+00 3.333333e-01 1.228070e-01
36103: 1.784257e+00 1.571429e+00 1.186589e+00 3.352770e-01 1.224490e-01
36103: 1.781977e+00 1.569767e+00 1.191860e+00 3.343023e-01 1.220930e-01
36103: 1.785507e+00 1.571014e+00 1.188406e+00 3.333333e-01 1.217391e-01
36103: 1.786127e+00 1.569364e+00 1.190751e+00 3.323699e-01 1.213873e-01
36103: 1.783862e+00 1.570605e+00 1.193084e+00 3.314121e-01 1.210375e-01
36103: 1.787356e+00 1.566092e+00 1.195402e+00 3.304598e-01 1.206897e-01
36103: 1.787966e+00 1.567335e+00 1.191977e+00 3.323782e-01 1.203438e-01
36103: 1.785714e+00 1.565714e+00 1.194286e+00 3.342857e-01 1.200000e-01
36103: 1.786325e+00 1.566952e+00 1.190883e+00 3.361823e-01 1.196581e-01
36103: 1.784091e+00 1.565341e+00 1.196023e+00 3.352273e-01 1.193182e-01
36103: 1.784703e+00 1.563739e+00 1.195467e+00 3.342776e-01 1.218130e-01
36103: 1.785311e+00 1.564972e+00 1.194915e+00 3.333333e-01 1.214689e-01
36103: 1.783099e+00 1.566197e+00 1.194366e+00 3.352113e-01 1.211268e-01
36103: 1.786517e+00 1.564607e+00 1.193820e+00 3.342697e-01 1.207865e-01
36103: 1.787115e+00 1.565826e+00 1.190476e+00 3.333333e-01 1.232493e-01
36103: 1.787709e+00 1.564246e+00 1.192737e+00 3.324022e-01 1.229050e-01
36103: 1.788301e+00 1.568245e+00 1.189415e+00 3.314763e-01 1.225627e-01
36103: 1.788889e+00 1.569444e+00 1.188889e+00 3.305556e-01 1.222222e-01
36103: 1.786704e+00 1.567867e+00 1.193906e+00 3.296399e-01 1.218837e-01
36103: 1.787293e+00 1.566298e+00 1.193370e+00 3.287293e-01 1.243094e-01
36103: 1.785124e+00 1.567493e+00 1.192837e+00 3.305785e-01 1.239669e-01
36103: 1.788462e+00 1.565934e+00 1.189560e+00 3.296703e-01 1.263736e-01
36103: 1.789041e+00 1.567123e+00 1.189041e+00 3.287671e-01 1.260274e-01
36103: 1.789617e+00 1.565574e+00 1.188525e+00 3.306011e-01 1.256831e-01
36103: 1.790191e+00 1.566757e+00 1.185286e+00 3.324251e-01 1.253406e-01
36103: 1.788043e+00 1.565217e+00 1.187500e+00 3.342391e-01 1.250000e-01
36103: 1.785908e+00 1.566396e+00 1.186992e+00 3.360434e-01 1.246612e-01
36103: 1.786486e+00 1.567568e+00 1.186486e+00 3.351351e-01 1.243243e-01
36103: 1.787062e+00 1.566038e+00 1.188679e+00 3.342318e-01 1.239892e-01
36103: 1.784946e+00 1.567204e+00 1.190860e+00 3.333333e-01 1.236559e-01
36103: 1.785523e+00 1.568365e+00 1.190349e+00 3.324397e-01 1.233244e-01
36103: 1.788770e+00 1.566845e+00 1.189840e+00 3.315508e-01 1.229947e-01
36103: 1.789333e+00 1.568000e+00 1.186667e+00 3.333333e-01 1.226667e-01
36103: 1.789894e+00 1.566489e+00 1.186170e+00 3.351064e-01 1.223404e-01
36103: 1.787798e+00 1.570292e+00 1.185676e+00 3.342175e-01 1.220159e-01
36103: 1.788360e+00 1.568783e+00 1.185185e+00 3.359788e-01 1.216931e-01
36103: 1.786280e+00 1.569921e+00 1.182058e+00 3.350923e-01 1.266491e-01
36103: 1.786842e+00 1.571053e+00 1.181579e+00 3.342105e-01 1.263158e-01
36103: 1.784777e+00 1.572178e+00 1.183727e+00 3.333333e-01 1.259843e-01
36103: 1.785340e+00 1.573298e+00 1.183246e+00 3.324607e-01 1.256545e-01
36103: 1.788512e+00 1.569191e+00 1.185379e+00 3.315927e-01 1.253264e-01
36103: 1.786458e+00 1.575521e+00 1.182292e+00 3.307292e-01 1.250000e-01
36103: 1.787013e+00 1.571429e+00 1.181818e+00 3.350649e-01 1.246753e-01
36103: 1.784974e+00 1.569948e+00 1.183938e+00 3.341969e-01 1.269430e-01
36103: 1.788114e+00 1.568475e+00 1.183463e+00 3.333333e-01 1.266150e-01
36103: 1.788660e+00 1.569588e+00 1.182990e+00 3.324742e-01 1.262887e-01
36103: 1.786632e+00 1.568123e+00 1.185090e+00 3.341902e-01 1.259640e-01
36103: 1.787179e+00 1.566667e+00 1.182051e+00 3.384615e-01 1.256410e-01
36103: 1.787724e+00 1.567775e+00 1.181586e+00 3.375959e-01 1.253197e-01
36103: 1.788265e+00 1.566327e+00 1.181122e+00 3.367347e-01 1.275510e-01
36103: 1.786260e+00 1.569975e+00 1.180662e+00 3.358779e-01 1.272265e-01
36103: 1.789340e+00 1.571066e+00 1.177665e+00 3.350254e-01 1.269036e-01
36103: 1.787342e+00 1.569620e+00 1.182278e+00 3.341772e-01 1.265823e-01
36103: 1.790404e+00 1.570707e+00 1.179293e+00 3.333333e-01 1.262626e-01
36103: 1.790932e+00 1.566751e+00 1.181360e+00 3.324937e-01 1.284635e-01
36103: 1.788945e+00 1.572864e+00 1.178392e+00 3.316583e-01 1.281407e-01
36103: 1.791980e+00 1.568922e+00 1.180451e+00 3.308271e-01 1.278195e-01
36103: 1.792500e+00 1.572500e+00 1.177500e+00 3.300000e-01 1.275000e-01
36103: 1.790524e+00 1.571072e+00 1.182045e+00 3.291771e-01 1.271820e-01
36103: 1.791045e+00 1.567164e+00 1.181592e+00 3.308458e-01 1.293532e-01
36103: 1.791563e+00 1.568238e+00 1.181141e+00 3.300248e-01 1.290323e-01
36103: 1.794554e+00 1.566832e+00 1.180693e+00 3.292079e-01 1.287129e-01
36103: 1.792593e+00 1.567901e+00 1.180247e+00 3.308642e-01 1.283951e-01
36103: 1.795567e+00 1.566502e+00 1.177340e+00 3.300493e-01 1.305419e-01
36103: 1.796069e+00 1.567568e+00 1.176904e+00 3.292383e-01 1.302211e-01
36103: 1.796569e+00 1.566176e+00 1.176471e+00 3.284314e-01 1.323529e-01
36103: 1.794621e+00 1.569682e+00 1.176039e+00 3.276284e-01 1.320293e-01
36103: 1.795122e+00 1.568293e+00 1.178049e+00 3.268293e-01 1.317073e-01
36103: 1.793187e+00 1.569343e+00 1.177616e+00 3.284672e-01 1.313869e-01
36103: 1.793689e+00 1.567961e+00 1.177184e+00 3.300971e-01 1.310680e-01
36103: 1.794189e+00 1.569007e+00 1.174334e+00 3.317191e-01 1.307506e-01
36103: 1.792271e+00 1.572464e+00 1.173913e+00 3.309179e-01 1.304348e-01
36103: 1.790361e+00 1.575904e+00 1.173494e+00 3.301205e-01 1.301205e-01
36103: 1.790865e+00 1.574519e+00 1.173077e+00 3.317308e-01 1.298077e-01
36103: 1.788969e+00 1.577938e+00 1.172662e+00 3.309353e-01 1.294964e-01
36103: 1.787081e+00 1.578947e+00 1.174641e+00 3.301435e-01 1.291866e-01
36103: 1.787589e+00 1.577566e+00 1.174224e+00 3.317422e-01 1.288783e-01
36103: 1.788095e+00 1.578571e+00 1.173810e+00 3.309524e-01 1.285714e-01
36103: 1.786223e+00 1.577197e+00 1.178147e+00 3.301663e-01 1.282660e-01
36103: 1.789100e+00 1.575829e+00 1.177725e+00 3.293839e-01 1.279621e-01
36103: 1.787234e+00 1.576832e+00 1.177305e+00 3.286052e-01 1.300236e-01
36103: 1.790094e+00 1.575472e+00 1.176887e+00 3.278302e-01 1.297170e-01
36103: 1.788235e+00 1.574118e+00 1.181176e+00 3.270588e-01 1.294118e-01
36103: 1.786385e+00 1.572770e+00 1.185446e+00 3.262911e-01 1.291080e-01
36103: 1.786885e+00 1.569087e+00 1.187354e+00 3.278689e-01 1.288056e-01
36103: 1.785047e+00 1.574766e+00 1.184579e+00 3.271028e-01 1.285047e-01
36103: 1.785548e+00 1.573427e+00 1.184149e+00 3.286713e-01 1.282051e-01
36103: 1.788372e+00 1.572093e+00 1.183721e+00 3.279070e-01 1.279070e-01
36103: 1.788863e+00 1.573086e+00 1.183295e+00 3.271462e-01 1.276102e-01
36103: 1.787037e+00 1.571759e+00 1.187500e+00 3.263889e-01 1.273148e-01
36103: 1.785219e+00 1.572748e+00 1.189376e+00 3.256351e-01 1.270208e-01
36103: 1.783410e+00 1.571429e+00 1.191244e+00 3.248848e-01 1.290323e-01
36103: 1.786207e+00 1.570115e+00 1.190805e+00 3.241379e-01 1.287356e-01
36103: 1.784404e+00 1.571101e+00 1.190367e+00 3.233945e-01 1.307339e-01
36103: 1.784897e+00 1.569794e+00 1.189931e+00 3.249428e-01 1.304348e-01
36103: 1.783105e+00 1.570776e+00 1.189498e+00 3.264840e-01 1.301370e-01
36103: 1.785877e+00 1.567198e+00 1.191344e+00 3.257403e-01 1.298405e-01
36103: 1.784091e+00 1.568182e+00 1.190909e+00 3.272727e-01 1.295455e-01
36103: 1.786848e+00 1.566893e+00 1.190476e+00 3.265306e-01 1.292517e-01
36103: 1.785068e+00 1.570136e+00 1.190045e+00 3.257919e-01 1.289593e-01
36103: 1.785553e+00 1.568849e+00 1.191874e+00 3.250564e-01 1.286682e-01
36103: 1.783784e+00 1.574324e+00 1.189189e+00 3.243243e-01 1.283784e-01
36103: 1.784270e+00 1.575281e+00 1.188764e+00 3.235955e-01 1.280899e-01
36103: 1.782511e+00 1.571749e+00 1.195067e+00 3.228700e-01 1.278027e-01
36103: 1.782998e+00 1.572707e+00 1.194631e+00 3.221477e-01 1.275168e-01
36103: 1.779018e+00 1.571429e+00 1.198661e+00 3.236607e-01 1.272321e-01
36103: 1.779510e+00 1.572383e+00 1.198218e+00 3.229399e-01 1.269488e-01
36103: 1.780000e+00 1.568889e+00 1.202222e+00 3.222222e-01 1.266667e-01
36103: 1.778271e+00 1.569845e+00 1.201774e+00 3.237251e-01 1.263858e-01
36103: 1.776549e+00 1.570796e+00 1.203540e+00 3.230088e-01 1.261062e-01
36103: 1.779249e+00 1.567329e+00 1.205298e+00 3.222958e-01 1.258278e-01
36103: 1.777533e+00 1.568282e+00 1.207048e+00 3.215859e-01 1.255507e-01
36103: 1.775824e+00 1.569231e+00 1.206593e+00 3.230769e-01 1.252747e-01
36103: 1.776316e+00 1.570175e+00 1.203947e+00 3.223684e-01 1.271930e-01
36103: 1.774617e+00 1.566740e+00 1.207877e+00 3.238512e-01 1.269147e-01
36103: 1.775109e+00 1.565502e+00 1.209607e+00 3.231441e-01 1.266376e-01
36103: 1.775599e+00 1.566449e+00 1.206972e+00 3.224401e-01 1.285403e-01
36103: 1.773913e+00 1.569565e+00 1.206522e+00 3.217391e-01 1.282609e-01
36103: 1.774403e+00 1.568330e+00 1.206074e+00 3.232104e-01 1.279826e-01
36103: 1.774892e+00 1.571429e+00 1.203463e+00 3.225108e-01 1.277056e-01
36103: 1.773218e+00 1.568035e+00 1.207343e+00 3.239741e-01 1.274298e-01
36103: 1.773707e+00 1.568966e+00 1.206897e+00 3.232759e-01 1.271552e-01
36103: 1.772043e+00 1.569892e+00 1.208602e+00 3.225806e-01 1.268817e-01
36103: 1.774678e+00 1.568670e+00 1.206009e+00 3.240343e-01 1.266094e-01
36103: 1.773019e+00 1.569593e+00 1.205567e+00 3.233405e-01 1.284797e-01
36103: 1.773504e+00 1.568376e+00 1.207265e+00 3.226496e-01 1.282051e-01
36103: 1.771855e+00 1.569296e+00 1.206823e+00 3.240938e-01 1.279318e-01
36103: 1.770213e+00 1.570213e+00 1.208511e+00 3.234043e-01 1.276596e-01
36103: 1.772824e+00 1.569002e+00 1.208068e+00 3.227176e-01 1.273885e-01
36103: 1.771186e+00 1.569915e+00 1.207627e+00 3.241525e-01 1.271186e-01
36103: 1.769556e+00 1.572939e+00 1.207188e+00 3.234672e-01 1.268499e-01
36103: 1.770042e+00 1.569620e+00 1.208861e+00 3.248945e-01 1.265823e-01
36103: 1.768421e+00 1.572632e+00 1.208421e+00 3.242105e-01 1.263158e-01
36103: 1.766807e+00 1.571429e+00 1.210084e+00 3.256303e-01 1.260504e-01
36103: 1.767296e+00 1.570231e+00 1.211740e+00 3.249476e-01 1.257862e-01
36103: 1.767782e+00 1.571130e+00 1.211297e+00 3.242678e-01 1.255230e-01
36103: 1.766180e+00 1.567850e+00 1.217119e+00 3.235908e-01 1.252610e-01
36103: 1.768750e+00 1.566667e+00 1.214583e+00 3.250000e-01 1.250000e-01
36103: 1.767152e+00 1.569647e+00 1.212058e+00 3.264033e-01 1.247401e-01
36103: 1.767635e+00 1.568465e+00 1.211618e+00 3.257261e-01 1.265560e-01
36103: 1.766046e+00 1.569358e+00 1.211180e+00 3.271222e-01 1.262940e-01
36103: 1.764463e+00 1.570248e+00 1.212810e+00 3.264463e-01 1.260331e-01
36103: 1.767010e+00 1.569072e+00 1.212371e+00 3.257732e-01 1.257732e-01
36103: 1.769547e+00 1.569959e+00 1.209877e+00 3.251029e-01 1.255144e-01
36103: 1.772074e+00 1.568789e+00 1.209446e+00 3.244353e-01 1.252567e-01
36103: 1.770492e+00 1.571721e+00 1.209016e+00 3.237705e-01 1.250000e-01
36103: 1.768916e+00 1.570552e+00 1.212679e+00 3.231084e-01 1.247444e-01
36103: 1.771429e+00 1.567347e+00 1.214286e+00 3.224490e-01 1.244898e-01
36103: 1.771894e+00 1.570265e+00 1.211813e+00 3.217923e-01 1.242363e-01
36103: 1.772358e+00 1.569106e+00 1.213415e+00 3.211382e-01 1.239837e-01
36103: 1.770791e+00 1.569980e+00 1.215010e+00 3.204868e-01 1.237323e-01
36103: 1.771255e+00 1.572874e+00 1.212551e+00 3.198381e-01 1.234818e-01
36103: 1.769697e+00 1.573737e+00 1.214141e+00 3.191919e-01 1.232323e-01
36103: 1.768145e+00 1.572581e+00 1.215726e+00 3.205645e-01 1.229839e-01
36103: 1.768612e+00 1.571429e+00 1.217304e+00 3.199195e-01 1.227364e-01
36103: 1.767068e+00 1.574297e+00 1.216867e+00 3.192771e-01 1.224900e-01
36103: 1.765531e+00 1.573146e+00 1.218437e+00 3.206413e-01 1.222445e-01
36103: 1.764000e+00 1.572000e+00 1.220000e+00 3.200000e-01 1.240000e-01
36103: 1.762475e+00 1.570858e+00 1.223553e+00 3.193613e-01 1.237525e-01
36103: 1.762948e+00 1.569721e+00 1.223108e+00 3.207171e-01 1.235060e-01
36103: 1.763419e+00 1.570577e+00 1.222664e+00 3.200795e-01 1.232604e-01
36103: 1.761905e+00 1.569444e+00 1.226190e+00 3.194444e-01 1.230159e-01
36103: 1.762376e+00 1.570297e+00 1.223762e+00 3.188119e-01 1.247525e-01
36103: 1.760870e+00 1.569170e+00 1.227273e+00 3.181818e-01 1.245059e-01
36103: 1.761341e+00 1.570020e+00 1.226824e+00 3.175542e-01 1.242604e-01
36103: 1.759843e+00 1.568898e+00 1.228346e+00 3.188976e-01 1.240157e-01
36103: 1.760314e+00 1.567780e+00 1.227898e+00 3.202358e-01 1.237721e-01
36103: 1.760784e+00 1.568627e+00 1.227451e+00 3.196078e-01 1.235294e-01
36103: 1.759295e+00 1.567515e+00 1.228963e+00 3.209393e-01 1.232877e-01
36103: 1.759766e+00 1.570312e+00 1.226562e+00 3.203125e-01 1.230469e-01
36103: 1.758285e+00 1.569201e+00 1.228070e+00 3.216374e-01 1.228070e-01
36103: 1.762646e+00 1.568093e+00 1.225681e+00 3.210117e-01 1.225681e-01
36103: 1.761165e+00 1.568932e+00 1.227184e+00 3.203883e-01 1.223301e-01
36103: 1.761628e+00 1.567829e+00 1.226744e+00 3.217054e-01 1.220930e-01
36103: 1.760155e+00 1.568665e+00 1.226306e+00 3.230174e-01 1.218569e-01
36103: 1.760618e+00 1.567568e+00 1.225869e+00 3.243243e-01 1.216216e-01
36103: 1.759152e+00 1.572254e+00 1.223507e+00 3.236994e-01 1.213873e-01
36103: 1.759615e+00 1.573077e+00 1.223077e+00 3.230769e-01 1.211538e-01
36103: 1.760077e+00 1.570058e+00 1.224568e+00 3.243762e-01 1.209213e-01
36103: 1.760536e+00 1.570881e+00 1.224138e+00 3.237548e-01 1.206897e-01
36103: 1.759082e+00 1.569790e+00 1.227533e+00 3.231358e-01 1.204589e-01
36103: 1.759542e+00 1.572519e+00 1.225191e+00 3.225191e-01 1.202290e-01
36103: 1.760000e+00 1.569524e+00 1.226667e+00 3.219048e-01 1.219048e-01
36103: 1.758555e+00 1.572243e+00 1.224335e+00 3.231939e-01 1.216730e-01
36103: 1.760911e+00 1.569260e+00 1.225806e+00 3.225806e-01 1.214421e-01
36103: 1.761364e+00 1.570076e+00 1.225379e+00 3.219697e-01 1.212121e-01
36103: 1.761815e+00 1.567108e+00 1.226843e+00 3.232514e-01 1.209830e-01
36103: 1.762264e+00 1.567925e+00 1.226415e+00 3.226415e-01 1.207547e-01
36103: 1.762712e+00 1.566855e+00 1.227872e+00 3.220339e-01 1.205273e-01
36103: 1.763158e+00 1.569549e+00 1.225564e+00 3.214286e-01 1.203008e-01
36103: 1.763602e+00 1.568480e+00 1.227017e+00 3.208255e-01 1.200750e-01
36103: 1.762172e+00 1.569288e+00 1.228464e+00 3.202247e-01 1.198502e-01
36103: 1.760748e+00 1.571963e+00 1.228037e+00 3.196262e-01 1.196262e-01
36103: 1.761194e+00 1.569030e+00 1.229478e+00 3.208955e-01 1.194030e-01
36103: 1.761639e+00 1.571695e+00 1.227188e+00 3.202980e-01 1.191806e-01
36103: 1.760223e+00 1.570632e+00 1.228625e+00 3.215613e-01 1.189591e-01
36103: 1.762523e+00 1.567718e+00 1.230056e+00 3.209647e-01 1.187384e-01
36103: 1.762963e+00 1.570370e+00 1.227778e+00 3.203704e-01 1.185185e-01
36103: 1.763401e+00 1.569316e+00 1.229205e+00 3.197782e-01 1.182994e-01
36103: 1.761993e+00 1.571956e+00 1.226937e+00 3.210332e-01 1.180812e-01
36103: 1.760589e+00 1.572744e+00 1.228361e+00 3.204420e-01 1.178637e-01
36103: 1.759191e+00 1.571691e+00 1.231618e+00 3.198529e-01 1.176471e-01
36103: 1.759633e+00 1.572477e+00 1.231193e+00 3.192661e-01 1.174312e-01
36103: 1.758242e+00 1.571429e+00 1.234432e+00 3.186813e-01 1.172161e-01
36103: 1.758684e+00 1.570384e+00 1.235832e+00 3.180987e-01 1.170018e-01
36103: 1.757299e+00 1.571168e+00 1.237226e+00 3.175182e-01 1.167883e-01
36103: 1.755920e+00 1.571949e+00 1.238616e+00 3.169399e-01 1.165756e-01
36103: 1.758182e+00 1.570909e+00 1.238182e+00 3.163636e-01 1.163636e-01
36103: 1.756806e+00 1.569873e+00 1.237750e+00 3.194192e-01 1.161525e-01
36103: 1.755435e+00 1.570652e+00 1.237319e+00 3.206522e-01 1.159420e-01
36103: 1.754069e+00 1.569620e+00 1.240506e+00 3.200723e-01 1.157324e-01
36103: 1.754513e+00 1.568592e+00 1.240072e+00 3.212996e-01 1.155235e-01
36103: 1.754955e+00 1.569369e+00 1.237838e+00 3.225225e-01 1.153153e-01
36103: 1.755396e+00 1.568345e+00 1.239209e+00 3.219424e-01 1.151079e-01
36103: 1.755835e+00 1.570916e+00 1.236984e+00 3.213645e-01 1.149013e-01
36103: 1.754480e+00 1.569892e+00 1.238351e+00 3.207885e-01 1.164875e-01
36103: 1.754919e+00 1.568873e+00 1.239714e+00 3.202147e-01 1.162791e-01
36103: 1.753571e+00 1.571429e+00 1.239286e+00 3.196429e-01 1.160714e-01
36103: 1.752228e+00 1.570410e+00 1.242424e+00 3.190731e-01 1.158645e-01
36103: 1.752669e+00 1.569395e+00 1.241993e+00 3.202847e-01 1.156584e-01
36103: 1.751332e+00 1.571936e+00 1.241563e+00 3.197158e-01 1.154529e-01
36103: 1.753546e+00 1.570922e+00 1.241135e+00 3.191489e-01 1.152482e-01
36103: 1.753982e+00 1.569912e+00 1.242478e+00 3.185841e-01 1.150442e-01
36103: 1.754417e+00 1.572438e+00 1.240283e+00 3.180212e-01 1.148410e-01
36103: 1.753086e+00 1.569665e+00 1.243386e+00 3.192240e-01 1.146384e-01
36103: 1.753521e+00 1.568662e+00 1.244718e+00 3.186620e-01 1.144366e-01
36103: 1.752197e+00 1.571178e+00 1.244288e+00 3.181019e-01 1.142355e-01
36103: 1.752632e+00 1.570175e+00 1.245614e+00 3.175439e-01 1.140351e-01
36103: 1.753065e+00 1.569177e+00 1.245184e+00 3.187391e-01 1.138354e-01
36103: 1.753497e+00 1.569930e+00 1.243007e+00 3.199301e-01 1.136364e-01
36103: 1.753927e+00 1.568935e+00 1.244328e+00 3.193717e-01 1.134380e-01
36103: 1.754355e+00 1.569686e+00 1.243902e+00 3.188153e-01 1.132404e-01
36103: 1.753043e+00 1.568696e+00 1.243478e+00 3.200000e-01 1.147826e-01
36103: 1.755208e+00 1.567708e+00 1.243056e+00 3.194444e-01 1.145833e-01
36103: 1.753899e+00 1.570191e+00 1.242634e+00 3.188908e-01 1.143847e-01
36103: 1.754325e+00 1.570934e+00 1.242215e+00 3.183391e-01 1.141869e-01
36103: 1.753022e+00 1.568221e+00 1.245250e+00 3.195164e-01 1.139896e-01
36103: 1.755172e+00 1.568966e+00 1.243103e+00 3.189655e-01 1.137931e-01
36103: 1.753873e+00 1.569707e+00 1.242685e+00 3.201377e-01 1.135972e-01
36103: 1.754296e+00 1.570447e+00 1.240550e+00 3.213058e-01 1.134021e-01
36103: 1.753002e+00 1.567753e+00 1.243568e+00 3.224700e-01 1.132075e-01
36103: 1.751712e+00 1.566781e+00 1.246575e+00 3.219178e-01 1.130137e-01
36103: 1.753846e+00 1.565812e+00 1.246154e+00 3.213675e-01 1.128205e-01
36103: 1.752560e+00 1.566553e+00 1.247440e+00 3.208191e-01 1.126280e-01
36103: 1.752981e+00 1.565588e+00 1.247019e+00 3.202726e-01 1.141397e-01
36103: 1.751701e+00 1.566327e+00 1.246599e+00 3.214286e-01 1.139456e-01
36103: 1.750424e+00 1.567063e+00 1.247878e+00 3.208829e-01 1.137521e-01
36103: 1.749153e+00 1.569492e+00 1.247458e+00 3.203390e-01 1.135593e-01
36103: 1.747885e+00 1.571912e+00 1.245347e+00 3.197970e-01 1.150592e-01
36103: 1.746622e+00 1.570946e+00 1.244932e+00 3.226351e-01 1.148649e-01
36103: 1.745363e+00 1.571669e+00 1.246206e+00 3.220911e-01 1.146712e-01
36103: 1.744108e+00 1.570707e+00 1.247475e+00 3.215488e-01 1.161616e-01
36103: 1.742857e+00 1.571429e+00 1.248739e+00 3.210084e-01 1.159664e-01
36103: 1.741611e+00 1.572148e+00 1.248322e+00 3.221477e-01 1.157718e-01
36103: 1.742044e+00 1.572864e+00 1.247906e+00 3.216080e-01 1.155779e-01
36103: 1.740803e+00 1.571906e+00 1.250836e+00 3.210702e-01 1.153846e-01
36103: 1.739566e+00 1.570952e+00 1.252087e+00 3.222037e-01 1.151920e-01
36103: 1.741667e+00 1.570000e+00 1.251667e+00 3.216667e-01 1.150000e-01
36103: 1.742097e+00 1.569052e+00 1.251248e+00 3.227953e-01 1.148087e-01
36103: 1.740864e+00 1.573090e+00 1.249169e+00 3.222591e-01 1.146179e-01
36103: 1.741294e+00 1.572139e+00 1.248756e+00 3.233831e-01 1.144279e-01
36103: 1.741722e+00 1.571192e+00 1.250000e+00 3.228477e-01 1.142384e-01
36103: 1.740496e+00 1.570248e+00 1.252893e+00 3.223140e-01 1.140496e-01
36103: 1.739274e+00 1.572607e+00 1.252475e+00 3.217822e-01 1.138614e-01
36103: 1.741351e+00 1.571664e+00 1.252059e+00 3.212521e-01 1.136738e-01
36103: 1.741776e+00 1.570724e+00 1.253289e+00 3.207237e-01 1.134868e-01
36103: 1.740558e+00 1.571429e+00 1.254516e+00 3.201970e-01 1.133005e-01
36103: 1.739344e+00 1.570492e+00 1.255738e+00 3.213115e-01 1.131148e-01
36103: 1.738134e+00 1.571195e+00 1.255319e+00 3.224223e-01 1.129296e-01
36103: 1.736928e+00 1.571895e+00 1.254902e+00 3.235294e-01 1.127451e-01
36103: 1.735726e+00 1.570962e+00 1.257749e+00 3.230016e-01 1.125612e-01
36103: 1.734528e+00 1.571661e+00 1.258958e+00 3.224756e-01 1.123779e-01
36103: 1.734959e+00 1.570732e+00 1.258537e+00 3.235772e-01 1.121951e-01
36103: 1.733766e+00 1.571429e+00 1.259740e+00 3.230519e-01 1.120130e-01
36103: 1.732577e+00 1.570502e+00 1.262561e+00 3.225284e-01 1.118314e-01
36103: 1.731392e+00 1.571197e+00 1.262136e+00 3.236246e-01 1.116505e-01
36103: 1.731826e+00 1.571890e+00 1.261712e+00 3.231018e-01 1.114701e-01
36103: 1.730645e+00 1.569355e+00 1.266129e+00 3.225806e-01 1.112903e-01
36103: 1.731079e+00 1.571659e+00 1.264090e+00 3.220612e-01 1.111111e-01
36103: 1.731511e+00 1.570740e+00 1.265273e+00 3.215434e-01 1.109325e-01
36103: 1.731942e+00 1.569823e+00 1.266453e+00 3.210273e-01 1.107544e-01
36103: 1.732372e+00 1.570513e+00 1.266026e+00 3.205128e-01 1.105769e-01
36103: 1.731200e+00 1.571200e+00 1.267200e+00 3.200000e-01 1.104000e-01
36103: 1.730032e+00 1.571885e+00 1.268371e+00 3.194888e-01 1.102236e-01
36103: 1.730463e+00 1.570973e+00 1.269537e+00 3.189793e-01 1.100478e-01
36103: 1.730892e+00 1.570064e+00 1.270701e+00 3.184713e-01 1.098726e-01
36103: 1.729730e+00 1.570747e+00 1.270270e+00 3.195548e-01 1.096979e-01
36103: 1.728571e+00 1.571429e+00 1.271429e+00 3.190476e-01 1.095238e-01
36103: 1.727417e+00 1.572108e+00 1.272583e+00 3.185420e-01 1.093502e-01
36103: 1.727848e+00 1.572785e+00 1.272152e+00 3.180380e-01 1.091772e-01
36103: 1.726698e+00 1.570300e+00 1.274882e+00 3.191153e-01 1.090047e-01
36103: 1.728707e+00 1.567823e+00 1.274448e+00 3.186120e-01 1.104101e-01
36103: 1.727559e+00 1.570079e+00 1.274016e+00 3.181102e-01 1.102362e-01
36103: 1.726415e+00 1.569182e+00 1.275157e+00 3.191824e-01 1.100629e-01
36103: 1.725275e+00 1.571429e+00 1.274725e+00 3.186813e-01 1.098901e-01
36103: 1.724138e+00 1.572100e+00 1.275862e+00 3.181818e-01 1.097179e-01
36103: 1.726135e+00 1.571205e+00 1.275430e+00 3.176839e-01 1.095462e-01
36103: 1.726562e+00 1.571875e+00 1.275000e+00 3.171875e-01 1.093750e-01
36103: 1.728549e+00 1.569423e+00 1.276131e+00 3.166927e-01 1.092044e-01
36103: 1.728972e+00 1.570093e+00 1.275701e+00 3.161994e-01 1.090343e-01
36103: 1.727838e+00 1.567652e+00 1.278383e+00 3.172628e-01 1.088647e-01
36103: 1.728261e+00 1.566770e+00 1.277950e+00 3.183230e-01 1.086957e-01
36103: 1.730233e+00 1.567442e+00 1.275969e+00 3.178295e-01 1.085271e-01
36103: 1.730650e+00 1.566563e+00 1.277090e+00 3.173375e-01 1.083591e-01
36103: 1.731066e+00 1.568779e+00 1.275116e+00 3.168470e-01 1.081917e-01
36103: 1.733025e+00 1.567901e+00 1.274691e+00 3.163580e-01 1.080247e-01
36103: 1.733436e+00 1.570108e+00 1.272727e+00 3.158706e-01 1.078582e-01
36103: 1.733846e+00 1.567692e+00 1.273846e+00 3.169231e-01 1.076923e-01
36103: 1.734255e+00 1.568356e+00 1.273425e+00 3.164363e-01 1.075269e-01
36103: 1.733129e+00 1.570552e+00 1.273006e+00 3.159509e-01 1.073620e-01
36103: 1.733538e+00 1.569678e+00 1.272588e+00 3.169985e-01 1.071975e-01
36103: 1.733945e+00 1.570336e+00 1.270642e+00 3.165138e-01 1.085627e-01
36103: 1.732824e+00 1.567939e+00 1.273282e+00 3.175573e-01 1.083969e-01
36103: 1.731707e+00 1.568598e+00 1.274390e+00 3.170732e-01 1.082317e-01
36103: 1.733638e+00 1.569254e+00 1.272451e+00 3.165906e-01 1.080670e-01
36103: 1.734043e+00 1.569909e+00 1.272036e+00 3.161094e-01 1.079027e-01
36103: 1.735964e+00 1.569044e+00 1.271624e+00 3.156297e-01 1.077390e-01
36103: 1.736364e+00 1.569697e+00 1.271212e+00 3.151515e-01 1.075758e-01
36103: 1.736762e+00 1.568835e+00 1.270802e+00 3.161876e-01 1.074130e-01
36103: 1.735650e+00 1.570997e+00 1.268882e+00 3.157100e-01 1.087613e-01
36103: 1.736048e+00 1.568627e+00 1.271493e+00 3.152338e-01 1.085973e-01
36103: 1.733434e+00 1.569277e+00 1.271084e+00 3.177711e-01 1.084337e-01
36103: 1.733835e+00 1.568421e+00 1.272180e+00 3.172932e-01 1.082707e-01
36103: 1.735736e+00 1.569069e+00 1.270270e+00 3.168168e-01 1.081081e-01
36103: 1.734633e+00 1.568216e+00 1.271364e+00 3.178411e-01 1.079460e-01
36103: 1.733533e+00 1.570359e+00 1.270958e+00 3.173653e-01 1.077844e-01
36103: 1.735426e+00 1.568012e+00 1.270553e+00 3.183857e-01 1.076233e-01
36103: 1.734328e+00 1.568657e+00 1.270149e+00 3.179104e-01 1.089552e-01
36103: 1.734724e+00 1.569300e+00 1.269747e+00 3.174367e-01 1.087928e-01
36103: 1.735119e+00 1.569940e+00 1.269345e+00 3.169643e-01 1.086310e-01
36103: 1.734027e+00 1.570579e+00 1.268945e+00 3.179792e-01 1.084695e-01
36103: 1.732938e+00 1.568249e+00 1.272997e+00 3.175074e-01 1.083086e-01
36103: 1.734815e+00 1.567407e+00 1.272593e+00 3.170370e-01 1.081481e-01
36103: 1.735207e+00 1.568047e+00 1.270710e+00 3.165680e-01 1.094675e-01
36103: 1.737075e+00 1.567208e+00 1.270310e+00 3.161004e-01 1.093058e-01
36103: 1.737463e+00 1.567847e+00 1.269912e+00 3.156342e-01 1.091445e-01
36103: 1.736377e+00 1.568483e+00 1.269514e+00 3.166421e-01 1.089838e-01
36103: 1.735294e+00 1.569118e+00 1.269118e+00 3.176471e-01 1.088235e-01
36103: 1.737151e+00 1.568282e+00 1.267254e+00 3.186490e-01 1.086637e-01
36103: 1.737537e+00 1.570381e+00 1.265396e+00 3.181818e-01 1.085044e-01
36103: 1.736457e+00 1.569546e+00 1.266471e+00 3.191801e-01 1.083455e-01
36103: 1.735380e+00 1.571637e+00 1.266082e+00 3.187135e-01 1.081871e-01
36103: 1.735766e+00 1.570803e+00 1.265693e+00 3.197080e-01 1.080292e-01
36103: 1.736152e+00 1.569971e+00 1.266764e+00 3.192420e-01 1.078717e-01
36103: 1.735080e+00 1.572052e+00 1.266376e+00 3.187773e-01 1.077147e-01
36103: 1.735465e+00 1.572674e+00 1.265988e+00 3.183140e-01 1.075581e-01
36103: 1.734398e+00 1.571843e+00 1.268505e+00 3.178520e-01 1.074020e-01
36103: 1.733333e+00 1.572464e+00 1.268116e+00 3.188406e-01 1.072464e-01
36103: 1.732272e+00 1.571635e+00 1.269175e+00 3.183792e-01 1.085384e-01
36103: 1.731214e+00 1.570809e+00 1.271676e+00 3.179191e-01 1.083815e-01
36103: 1.731602e+00 1.569986e+00 1.272727e+00 3.174603e-01 1.082251e-01
36103: 1.731988e+00 1.572046e+00 1.270893e+00 3.170029e-01 1.080692e-01
36103: 1.730935e+00 1.571223e+00 1.271942e+00 3.179856e-01 1.079137e-01
36103: 1.729885e+00 1.570402e+00 1.272989e+00 3.189655e-01 1.077586e-01
36103: 1.728838e+00 1.569584e+00 1.272597e+00 3.199426e-01 1.090387e-01
36103: 1.727794e+00 1.573066e+00 1.270774e+00 3.194842e-01 1.088825e-01
36103: 1.726753e+00 1.572246e+00 1.273247e+00 3.190272e-01 1.087268e-01
36103: 1.727143e+00 1.571429e+00 1.274286e+00 3.185714e-01 1.085714e-01
36103: 1.726106e+00 1.572040e+00 1.273894e+00 3.195435e-01 1.084165e-01
36103: 1.725071e+00 1.571225e+00 1.274929e+00 3.190883e-01 1.096866e-01
36103: 1.724040e+00 1.573257e+00 1.274538e+00 3.186344e-01 1.095306e-01
36103: 1.723011e+00 1.572443e+00 1.275568e+00 3.181818e-01 1.107955e-01
36103: 1.724823e+00 1.571631e+00 1.275177e+00 3.177305e-01 1.106383e-01
36103: 1.725212e+00 1.570822e+00 1.274788e+00 3.186969e-01 1.104816e-01
36103: 1.725601e+00 1.571429e+00 1.274399e+00 3.182461e-01 1.103253e-01
36103: 1.724576e+00 1.570621e+00 1.275424e+00 3.192090e-01 1.101695e-01
36103: 1.723554e+00 1.571227e+00 1.275035e+00 3.201693e-01 1.100141e-01
36103: 1.723944e+00 1.571831e+00 1.274648e+00 3.197183e-01 1.098592e-01
36103: 1.722925e+00 1.571027e+00 1.275668e+00 3.192686e-01 1.111111e-01
36103: 1.721910e+00 1.571629e+00 1.276685e+00 3.188202e-01 1.109551e-01
36103: 1.720898e+00 1.570827e+00 1.277700e+00 3.183731e-01 1.122020e-01
36103: 1.722689e+00 1.570028e+00 1.277311e+00 3.179272e-01 1.120448e-01
36103: 1.723077e+00 1.570629e+00 1.276923e+00 3.174825e-01 1.118881e-01
36103: 1.722067e+00 1.568436e+00 1.279330e+00 3.184358e-01 1.117318e-01
36103: 1.725244e+00 1.567643e+00 1.277545e+00 3.179916e-01 1.115760e-01
36103: 1.724234e+00 1.569638e+00 1.275766e+00 3.189415e-01 1.114206e-01
36103: 1.724618e+00 1.571627e+00 1.273992e+00 3.184979e-01 1.112656e-01
36103: 1.725000e+00 1.569444e+00 1.276389e+00 3.180556e-01 1.111111e-01
36103: 1.723994e+00 1.571429e+00 1.274619e+00 3.176144e-01 1.123440e-01
36103: 1.724377e+00 1.570637e+00 1.275623e+00 3.171745e-01 1.121884e-01
36103: 1.723375e+00 1.571231e+00 1.276625e+00 3.167358e-01 1.120332e-01
36103: 1.722376e+00 1.570442e+00 1.277624e+00 3.176796e-01 1.118785e-01
36103: 1.722759e+00 1.571034e+00 1.277241e+00 3.172414e-01 1.117241e-01
36103: 1.723140e+00 1.570248e+00 1.278237e+00 3.168044e-01 1.115702e-01
36103: 1.722146e+00 1.570839e+00 1.277854e+00 3.177442e-01 1.114168e-01
36103: 1.722527e+00 1.570055e+00 1.277473e+00 3.173077e-01 1.126374e-01
36103: 1.722908e+00 1.569273e+00 1.277092e+00 3.182442e-01 1.124829e-01
36103: 1.723288e+00 1.569863e+00 1.275342e+00 3.191781e-01 1.123288e-01
36103: 1.723666e+00 1.570451e+00 1.274966e+00 3.187415e-01 1.121751e-01
36103: 1.725410e+00 1.568306e+00 1.275956e+00 3.183060e-01 1.120219e-01
36103: 1.724420e+00 1.570259e+00 1.274216e+00 3.192360e-01 1.118690e-01
36103: 1.724796e+00 1.569482e+00 1.273842e+00 3.188011e-01 1.130790e-01
36103: 1.726531e+00 1.570068e+00 1.272109e+00 3.183673e-01 1.129252e-01
36103: 1.725543e+00 1.567935e+00 1.274457e+00 3.192935e-01 1.127717e-01
36103: 1.727273e+00 1.567164e+00 1.274084e+00 3.188602e-01 1.126187e-01
36103: 1.727642e+00 1.567751e+00 1.272358e+00 3.184282e-01 1.138211e-01
36103: 1.726658e+00 1.568336e+00 1.271989e+00 3.193505e-01 1.136671e-01
36103: 1.725676e+00 1.567568e+00 1.272973e+00 3.202703e-01 1.135135e-01
36103: 1.724696e+00 1.566802e+00 1.275304e+00 3.198381e-01 1.133603e-01
36103: 1.725067e+00 1.567385e+00 1.274933e+00 3.194070e-01 1.132075e-01
36103: 1.725437e+00 1.567968e+00 1.274563e+00 3.189771e-01 1.130552e-01
36103: 1.724462e+00 1.567204e+00 1.275538e+00 3.185484e-01 1.142473e-01
36103: 1.724832e+00 1.566443e+00 1.275168e+00 3.194631e-01 1.140940e-01
36103: 1.725201e+00 1.567024e+00 1.274799e+00 3.190349e-01 1.139410e-01
36103: 1.725569e+00 1.567604e+00 1.274431e+00 3.186078e-01 1.137885e-01
36103: 1.724599e+00 1.569519e+00 1.274064e+00 3.181818e-01 1.136364e-01
36103: 1.724967e+00 1.570093e+00 1.273698e+00 3.177570e-01 1.134846e-01
36103: 1.724000e+00 1.568000e+00 1.276000e+00 3.186667e-01 1.133333e-01
36103: 1.725699e+00 1.568575e+00 1.274301e+00 3.182423e-01 1.131824e-01
36103: 1.726064e+00 1.567819e+00 1.275266e+00 3.178191e-01 1.130319e-01
36103: 1.723772e+00 1.568393e+00 1.274900e+00 3.200531e-01 1.128818e-01
36103: 1.724138e+00 1.567639e+00 1.274536e+00 3.209549e-01 1.127321e-01
36103: 1.723179e+00 1.570861e+00 1.272848e+00 3.205298e-01 1.125828e-01
36103: 1.724868e+00 1.568783e+00 1.272487e+00 3.214286e-01 1.124339e-01
36103: 1.723910e+00 1.569353e+00 1.272127e+00 3.223250e-01 1.122853e-01
36103: 1.724274e+00 1.569921e+00 1.271768e+00 3.218997e-01 1.121372e-01
36103: 1.725955e+00 1.569170e+00 1.271410e+00 3.214756e-01 1.119895e-01
36103: 1.725000e+00 1.571053e+00 1.269737e+00 3.223684e-01 1.118421e-01
36103: 1.725361e+00 1.570302e+00 1.269382e+00 3.219448e-01 1.130092e-01
36103: 1.724409e+00 1.569554e+00 1.269029e+00 3.241470e-01 1.128609e-01
36103: 1.723460e+00 1.571429e+00 1.268676e+00 3.237221e-01 1.127130e-01
36103: 1.722513e+00 1.570681e+00 1.270942e+00 3.232984e-01 1.125654e-01
36103: 1.721569e+00 1.571242e+00 1.270588e+00 3.241830e-01 1.124183e-01
36103: 1.721932e+00 1.570496e+00 1.270235e+00 3.250653e-01 1.122715e-01
36103: 1.720991e+00 1.572360e+00 1.269883e+00 3.246415e-01 1.121252e-01
36103: 1.721354e+00 1.571615e+00 1.270833e+00 3.242188e-01 1.119792e-01
36103: 1.720416e+00 1.573472e+00 1.270481e+00 3.237971e-01 1.118336e-01
36103: 1.720779e+00 1.572727e+00 1.271429e+00 3.233766e-01 1.116883e-01
36103: 1.719844e+00 1.571984e+00 1.271077e+00 3.255512e-01 1.115435e-01
36103: 1.718912e+00 1.571244e+00 1.272021e+00 3.264249e-01 1.113990e-01
36103: 1.719276e+00 1.570505e+00 1.271669e+00 3.272962e-01 1.112549e-01
36103: 1.718346e+00 1.572351e+00 1.271318e+00 3.268734e-01 1.111111e-01
36103: 1.720000e+00 1.571613e+00 1.270968e+00 3.264516e-01 1.109677e-01
36103: 1.720361e+00 1.570876e+00 1.271907e+00 3.260309e-01 1.108247e-01
36103: 1.722008e+00 1.570142e+00 1.271557e+00 3.256113e-01 1.106821e-01
36103: 1.722365e+00 1.570694e+00 1.271208e+00 3.251928e-01 1.105398e-01
36103: 1.722721e+00 1.568678e+00 1.273427e+00 3.247754e-01 1.103979e-01
36103: 1.723077e+00 1.570513e+00 1.271795e+00 3.243590e-01 1.102564e-01
36103: 1.722151e+00 1.568502e+00 1.272727e+00 3.252241e-01 1.113956e-01
36103: 1.722506e+00 1.567775e+00 1.273657e+00 3.248082e-01 1.112532e-01
36103: 1.721584e+00 1.568327e+00 1.274585e+00 3.243934e-01 1.111111e-01
36103: 1.720663e+00 1.567602e+00 1.276786e+00 3.239796e-01 1.109694e-01
36103: 1.721019e+00 1.566879e+00 1.276433e+00 3.235669e-01 1.121019e-01
36103: 1.722646e+00 1.567430e+00 1.274809e+00 3.231552e-01 1.119593e-01
36103: 1.722999e+00 1.566709e+00 1.275731e+00 3.227446e-01 1.118170e-01
36103: 1.723350e+00 1.567259e+00 1.274112e+00 3.236041e-01 1.116751e-01
36103: 1.723701e+00 1.567807e+00 1.273764e+00 3.231939e-01 1.115336e-01
36103: 1.722785e+00 1.567089e+00 1.274684e+00 3.227848e-01 1.126582e-01
36103: 1.724399e+00 1.566372e+00 1.274336e+00 3.223767e-01 1.125158e-01
36103: 1.723485e+00 1.568182e+00 1.273990e+00 3.219697e-01 1.123737e-01
36103: 1.723834e+00 1.568726e+00 1.272383e+00 3.228247e-01 1.122320e-01
36103: 1.722922e+00 1.569270e+00 1.272040e+00 3.236776e-01 1.120907e-01
36103: 1.722013e+00 1.569811e+00 1.270440e+00 3.232704e-01 1.144654e-01
36103: 1.722362e+00 1.571608e+00 1.268844e+00 3.228643e-01 1.143216e-01
36103: 1.721455e+00 1.570891e+00 1.269762e+00 3.224592e-01 1.154329e-01
36103: 1.720551e+00 1.571429e+00 1.270677e+00 3.220551e-01 1.152882e-01
36103: 1.720901e+00 1.570713e+00 1.270338e+00 3.216521e-01 1.163955e-01
36103: 1.721250e+00 1.570000e+00 1.270000e+00 3.225000e-01 1.162500e-01
36103: 1.720350e+00 1.570537e+00 1.270911e+00 3.220974e-01 1.161049e-01
36103: 1.720698e+00 1.569825e+00 1.270574e+00 3.216958e-01 1.172070e-01
36103: 1.722291e+00 1.570361e+00 1.268991e+00 3.212951e-01 1.170610e-01
36103: 1.721393e+00 1.568408e+00 1.271144e+00 3.221393e-01 1.169154e-01
36103: 1.721739e+00 1.567702e+00 1.272050e+00 3.217391e-01 1.167702e-01
36103: 1.722084e+00 1.569479e+00 1.270471e+00 3.213400e-01 1.166253e-01
36103: 1.722429e+00 1.570012e+00 1.270136e+00 3.209418e-01 1.164808e-01
36103: 1.724010e+00 1.568069e+00 1.271040e+00 3.205446e-01 1.163366e-01
36103: 1.724351e+00 1.568603e+00 1.270705e+00 3.201483e-01 1.161928e-01
36103: 1.723457e+00 1.567901e+00 1.271605e+00 3.209877e-01 1.160494e-01
36103: 1.722565e+00 1.568434e+00 1.272503e+00 3.205919e-01 1.159063e-01
36103: 1.724138e+00 1.567734e+00 1.272167e+00 3.201970e-01 1.157635e-01
36103: 1.723247e+00 1.569496e+00 1.270603e+00 3.210332e-01 1.156212e-01
36103: 1.722359e+00 1.571253e+00 1.269042e+00 3.218673e-01 1.154791e-01
36103: 1.721472e+00 1.571779e+00 1.268712e+00 3.226994e-01 1.153374e-01
36103: 1.721814e+00 1.571078e+00 1.268382e+00 3.235294e-01 1.151961e-01
36103: 1.720930e+00 1.570379e+00 1.269278e+00 3.243574e-01 1.150551e-01
36103: 1.721271e+00 1.569682e+00 1.270171e+00 3.239609e-01 1.149144e-01
36103: 1.720391e+00 1.572650e+00 1.268620e+00 3.235653e-01 1.147741e-01
36103: 1.719512e+00 1.573171e+00 1.268293e+00 3.231707e-01 1.158537e-01
36103: 1.719854e+00 1.573691e+00 1.267966e+00 3.227771e-01 1.157125e-01
36103: 1.720195e+00 1.571776e+00 1.268856e+00 3.223844e-01 1.167883e-01
36103: 1.720535e+00 1.571081e+00 1.269745e+00 3.219927e-01 1.166464e-01
36103: 1.719660e+00 1.571602e+00 1.270631e+00 3.216019e-01 1.165049e-01
36103: 1.718788e+00 1.573333e+00 1.270303e+00 3.212121e-01 1.163636e-01
36103: 1.717918e+00 1.573850e+00 1.271186e+00 3.208232e-01 1.162228e-01
36103: 1.717050e+00 1.573156e+00 1.272068e+00 3.216445e-01 1.160822e-01
36103: 1.716184e+00 1.572464e+00 1.272947e+00 3.224638e-01 1.159420e-01
36103: 1.716526e+00 1.571773e+00 1.273824e+00 3.220748e-01 1.158022e-01
36103: 1.715663e+00 1.572289e+00 1.274699e+00 3.216867e-01 1.156627e-01
36103: 1.714801e+00 1.572804e+00 1.275572e+00 3.212996e-01 1.155235e-01
36103: 1.713942e+00 1.572115e+00 1.276442e+00 3.221154e-01 1.153846e-01
36103: 1.713085e+00 1.572629e+00 1.277311e+00 3.217287e-01 1.152461e-01
36103: 1.713429e+00 1.571942e+00 1.278177e+00 3.213429e-01 1.151079e-01
36103: 1.713772e+00 1.571257e+00 1.279042e+00 3.209581e-01 1.149701e-01
36103: 1.714115e+00 1.570574e+00 1.278708e+00 3.217703e-01 1.148325e-01
36103: 1.714456e+00 1.571087e+00 1.278375e+00 3.213859e-01 1.146953e-01
36103: 1.713604e+00 1.569212e+00 1.281623e+00 3.210024e-01 1.145585e-01
36103: 1.712753e+00 1.568534e+00 1.282479e+00 3.218117e-01 1.144219e-01
36103: 1.711905e+00 1.567857e+00 1.283333e+00 3.226190e-01 1.142857e-01
36103: 1.711058e+00 1.568371e+00 1.282996e+00 3.234245e-01 1.141498e-01
36103: 1.711401e+00 1.567696e+00 1.282660e+00 3.230404e-01 1.152019e-01
36103: 1.710558e+00 1.570581e+00 1.281139e+00 3.226572e-01 1.150652e-01
36103: 1.710900e+00 1.569905e+00 1.281991e+00 3.222749e-01 1.149289e-01
36103: 1.711243e+00 1.570414e+00 1.280473e+00 3.230769e-01 1.147929e-01
36103: 1.710402e+00 1.568558e+00 1.282506e+00 3.238771e-01 1.146572e-01
36103: 1.711924e+00 1.569067e+00 1.280992e+00 3.234947e-01 1.145218e-01
36103: 1.711085e+00 1.568396e+00 1.283019e+00 3.231132e-01 1.143868e-01
36103: 1.711425e+00 1.567727e+00 1.282686e+00 3.239105e-01 1.142521e-01
36103: 1.710588e+00 1.569412e+00 1.282353e+00 3.235294e-01 1.141176e-01
36103: 1.709753e+00 1.569918e+00 1.283196e+00 3.231492e-01 1.139835e-01
36103: 1.710094e+00 1.570423e+00 1.282864e+00 3.227700e-01 1.138498e-01
36103: 1.710434e+00 1.568581e+00 1.284877e+00 3.223916e-01 1.137163e-01
36103: 1.710773e+00 1.569087e+00 1.284543e+00 3.220141e-01 1.135831e-01
36103: 1.709942e+00 1.569591e+00 1.284211e+00 3.228070e-01 1.134503e-01
36103: 1.711449e+00 1.568925e+00 1.283879e+00 3.224299e-01 1.133178e-01
36103: 1.711785e+00 1.569428e+00 1.283547e+00 3.220537e-01 1.131855e-01
36103: 1.710956e+00 1.569930e+00 1.283217e+00 3.216783e-01 1.142191e-01
36103: 1.710128e+00 1.570431e+00 1.282887e+00 3.224680e-01 1.140861e-01
36103: 1.709302e+00 1.570930e+00 1.283721e+00 3.220930e-01 1.139535e-01
36103: 1.709640e+00 1.570267e+00 1.283391e+00 3.228804e-01 1.138211e-01
36103: 1.708817e+00 1.571926e+00 1.283063e+00 3.225058e-01 1.136891e-01
36103: 1.707995e+00 1.571263e+00 1.283893e+00 3.232908e-01 1.135574e-01
36103: 1.708333e+00 1.570602e+00 1.283565e+00 3.240741e-01 1.134259e-01
36103: 1.709827e+00 1.569942e+00 1.283237e+00 3.236994e-01 1.132948e-01
36103: 1.709007e+00 1.570439e+00 1.284065e+00 3.233256e-01 1.131640e-01
36103: 1.708189e+00 1.569781e+00 1.284890e+00 3.241061e-01 1.130334e-01
36103: 1.707373e+00 1.571429e+00 1.284562e+00 3.237327e-01 1.129032e-01
36103: 1.706559e+00 1.570771e+00 1.285386e+00 3.233602e-01 1.139241e-01
36103: 1.706897e+00 1.570115e+00 1.286207e+00 3.229885e-01 1.137931e-01
36103: 1.707233e+00 1.570608e+00 1.285878e+00 3.226177e-01 1.136625e-01
36103: 1.708716e+00 1.568807e+00 1.286697e+00 3.222477e-01 1.135321e-01
36103: 1.707904e+00 1.570447e+00 1.286369e+00 3.218786e-01 1.134021e-01
36103: 1.707094e+00 1.569794e+00 1.287185e+00 3.226545e-01 1.132723e-01
36103: 1.707429e+00 1.571429e+00 1.285714e+00 3.222857e-01 1.131429e-01
36103: 1.708904e+00 1.569635e+00 1.286530e+00 3.219178e-01 1.130137e-01
36103: 1.709236e+00 1.570125e+00 1.286203e+00 3.215507e-01 1.128848e-01
36103: 1.708428e+00 1.568337e+00 1.288155e+00 3.223235e-01 1.127563e-01
36103: 1.708760e+00 1.567691e+00 1.287827e+00 3.230944e-01 1.126280e-01
36103: 1.707955e+00 1.569318e+00 1.287500e+00 3.227273e-01 1.125000e-01
36103: 1.708286e+00 1.570942e+00 1.286039e+00 3.223610e-01 1.123723e-01
36103: 1.707483e+00 1.570295e+00 1.287982e+00 3.219955e-01 1.122449e-01
36103: 1.707814e+00 1.569649e+00 1.288788e+00 3.216308e-01 1.121178e-01
36103: 1.709276e+00 1.570136e+00 1.287330e+00 3.212670e-01 1.119910e-01
36103: 1.709605e+00 1.569492e+00 1.288136e+00 3.209040e-01 1.118644e-01
36103: 1.711061e+00 1.569977e+00 1.286682e+00 3.205418e-01 1.117381e-01
36103: 1.710259e+00 1.571590e+00 1.286359e+00 3.201804e-01 1.116122e-01
36103: 1.709459e+00 1.570946e+00 1.287162e+00 3.198198e-01 1.126126e-01
36103: 1.708661e+00 1.571429e+00 1.286839e+00 3.205849e-01 1.124859e-01
36103: 1.707865e+00 1.570787e+00 1.288764e+00 3.202247e-01 1.123596e-01
36103: 1.708193e+00 1.570146e+00 1.288440e+00 3.209877e-01 1.122334e-01
36103: 1.707399e+00 1.570628e+00 1.289238e+00 3.206278e-01 1.121076e-01
36103: 1.706607e+00 1.569989e+00 1.288914e+00 3.213886e-01 1.131019e-01
36103: 1.706935e+00 1.570470e+00 1.288591e+00 3.210291e-01 1.129754e-01
36103: 1.706145e+00 1.568715e+00 1.289385e+00 3.229050e-01 1.128492e-01
36103: 1.705357e+00 1.569196e+00 1.290179e+00 3.225446e-01 1.127232e-01
36103: 1.704571e+00 1.569677e+00 1.289855e+00 3.221851e-01 1.137124e-01
36103: 1.704900e+00 1.570156e+00 1.289532e+00 3.218263e-01 1.135857e-01
36103: 1.704116e+00 1.570634e+00 1.290323e+00 3.214683e-01 1.134594e-01
36103: 1.705556e+00 1.570000e+00 1.290000e+00 3.211111e-01 1.133333e-01
36103: 1.704772e+00 1.571587e+00 1.289678e+00 3.207547e-01 1.132075e-01
36103: 1.703991e+00 1.570953e+00 1.289357e+00 3.203991e-01 1.152993e-01
36103: 1.703212e+00 1.571429e+00 1.290144e+00 3.200443e-01 1.151717e-01
36103: 1.703540e+00 1.570796e+00 1.289823e+00 3.196903e-01 1.161504e-01
36103: 1.703867e+00 1.571271e+00 1.289503e+00 3.193370e-01 1.160221e-01
36103: 1.703091e+00 1.569536e+00 1.291391e+00 3.200883e-01 1.158940e-01
36103: 1.702315e+00 1.570011e+00 1.292172e+00 3.197354e-01 1.157663e-01
36103: 1.702643e+00 1.569383e+00 1.292952e+00 3.193833e-01 1.156388e-01
36103: 1.702970e+00 1.569857e+00 1.291529e+00 3.201320e-01 1.155116e-01
36103: 1.703297e+00 1.569231e+00 1.291209e+00 3.208791e-01 1.153846e-01
36103: 1.702525e+00 1.569704e+00 1.291987e+00 3.205269e-01 1.152580e-01
36103: 1.702851e+00 1.570175e+00 1.291667e+00 3.201754e-01 1.151316e-01
36103: 1.702081e+00 1.569551e+00 1.293538e+00 3.198248e-01 1.150055e-01
36103: 1.702407e+00 1.568928e+00 1.294311e+00 3.194748e-01 1.148796e-01
36103: 1.701639e+00 1.569399e+00 1.295082e+00 3.191257e-01 1.147541e-01
36103: 1.700873e+00 1.569869e+00 1.294760e+00 3.198690e-01 1.146288e-01
36103: 1.702290e+00 1.569248e+00 1.294438e+00 3.195202e-01 1.145038e-01
36103: 1.702614e+00 1.569717e+00 1.293028e+00 3.202614e-01 1.143791e-01
36103: 1.702938e+00 1.569097e+00 1.293798e+00 3.199129e-01 1.142546e-01
36103: 1.703261e+00 1.570652e+00 1.292391e+00 3.195652e-01 1.141304e-01
36103: 1.704669e+00 1.568947e+00 1.293160e+00 3.192182e-01 1.140065e-01
36103: 1.703905e+00 1.569414e+00 1.293926e+00 3.188720e-01 1.138829e-01
36103: 1.704225e+00 1.569881e+00 1.292524e+00 3.196100e-01 1.137595e-01
36103: 1.703463e+00 1.570346e+00 1.293290e+00 3.192641e-01 1.136364e-01
36103: 1.702703e+00 1.569730e+00 1.292973e+00 3.210811e-01 1.135135e-01
36103: 1.701944e+00 1.569114e+00 1.292657e+00 3.218143e-01 1.144708e-01
36103: 1.701187e+00 1.569579e+00 1.292341e+00 3.225458e-01 1.143474e-01
36103: 1.701509e+00 1.568966e+00 1.292026e+00 3.221983e-01 1.153017e-01
36103: 1.701830e+00 1.570506e+00 1.290635e+00 3.218515e-01 1.151776e-01
36103: 1.701075e+00 1.570968e+00 1.291398e+00 3.215054e-01 1.150538e-01
36103: 1.701396e+00 1.571429e+00 1.291085e+00 3.211600e-01 1.149302e-01
36103: 1.701717e+00 1.569742e+00 1.292918e+00 3.208155e-01 1.148069e-01
36103: 1.700965e+00 1.570204e+00 1.293676e+00 3.204716e-01 1.146838e-01
36103: 1.701285e+00 1.569593e+00 1.293362e+00 3.201285e-01 1.156317e-01
36103: 1.700535e+00 1.570053e+00 1.293048e+00 3.197861e-01 1.165775e-01
36103: 1.700855e+00 1.570513e+00 1.292735e+00 3.194444e-01 1.164530e-01
36103: 1.700107e+00 1.569904e+00 1.294557e+00 3.191035e-01 1.163287e-01
36103: 1.700426e+00 1.570362e+00 1.294243e+00 3.187633e-01 1.162047e-01
36103: 1.699681e+00 1.569755e+00 1.296060e+00 3.184239e-01 1.160809e-01
36103: 1.698936e+00 1.570213e+00 1.295745e+00 3.191489e-01 1.159574e-01
36103: 1.698193e+00 1.569607e+00 1.297556e+00 3.188098e-01 1.158342e-01
36103: 1.697452e+00 1.570064e+00 1.297240e+00 3.195329e-01 1.157113e-01
36103: 1.697773e+00 1.569459e+00 1.297985e+00 3.191941e-01 1.155885e-01
36103: 1.698093e+00 1.570975e+00 1.296610e+00 3.188559e-01 1.154661e-01
36103: 1.697354e+00 1.570370e+00 1.298413e+00 3.185185e-01 1.153439e-01
36103: 1.697674e+00 1.570825e+00 1.298097e+00 3.181818e-01 1.152220e-01
36103: 1.696938e+00 1.570222e+00 1.299894e+00 3.178458e-01 1.151003e-01
36103: 1.696203e+00 1.570675e+00 1.300633e+00 3.175105e-01 1.149789e-01
36103: 1.695469e+00 1.570074e+00 1.300316e+00 3.192835e-01 1.148577e-01
36103: 1.695789e+00 1.569474e+00 1.300000e+00 3.189474e-01 1.157895e-01
36103: 1.695058e+00 1.570978e+00 1.299685e+00 3.186120e-01 1.156677e-01
36103: 1.694328e+00 1.570378e+00 1.301471e+00 3.182773e-01 1.155462e-01
36103: 1.693599e+00 1.569780e+00 1.301154e+00 3.189927e-01 1.164743e-01
36103: 1.694969e+00 1.570231e+00 1.299790e+00 3.186583e-01 1.163522e-01
36103: 1.694241e+00 1.568586e+00 1.301571e+00 3.193717e-01 1.162304e-01
36103: 1.693515e+00 1.569038e+00 1.302301e+00 3.190377e-01 1.161088e-01
36103: 1.692790e+00 1.570533e+00 1.301985e+00 3.187043e-01 1.159875e-01
36103: 1.692067e+00 1.570981e+00 1.301670e+00 3.183716e-01 1.169102e-01
36103: 1.692388e+00 1.570386e+00 1.302398e+00 3.180396e-01 1.167883e-01
36103: 1.691667e+00 1.570833e+00 1.302083e+00 3.177083e-01 1.177083e-01
36103: 1.690947e+00 1.572320e+00 1.301769e+00 3.173777e-01 1.175858e-01
36103: 1.690229e+00 1.571726e+00 1.302495e+00 3.170478e-01 1.185031e-01
36103: 1.689512e+00 1.572170e+00 1.303219e+00 3.167186e-01 1.183801e-01
36103: 1.689834e+00 1.571577e+00 1.303942e+00 3.163900e-01 1.182573e-01
36103: 1.690155e+00 1.570984e+00 1.304663e+00 3.160622e-01 1.181347e-01
36103: 1.690476e+00 1.571429e+00 1.304348e+00 3.157350e-01 1.180124e-01
36103: 1.690796e+00 1.569804e+00 1.305067e+00 3.154085e-01 1.189245e-01
36103: 1.690083e+00 1.570248e+00 1.305785e+00 3.150826e-01 1.188017e-01
36103: 1.689370e+00 1.570691e+00 1.305470e+00 3.157895e-01 1.186791e-01
36103: 1.689691e+00 1.570103e+00 1.305155e+00 3.164948e-01 1.185567e-01
36103: 1.690010e+00 1.569516e+00 1.305870e+00 3.161689e-01 1.184346e-01
36103: 1.689300e+00 1.570988e+00 1.305556e+00 3.158436e-01 1.183128e-01
36103: 1.689620e+00 1.570401e+00 1.306269e+00 3.155190e-01 1.181912e-01
36103: 1.688912e+00 1.569815e+00 1.306982e+00 3.151951e-01 1.190965e-01
36103: 1.688205e+00 1.571282e+00 1.306667e+00 3.148718e-01 1.189744e-01
36103: 1.687500e+00 1.571721e+00 1.306352e+00 3.145492e-01 1.198770e-01
36103: 1.686796e+00 1.572160e+00 1.307062e+00 3.142272e-01 1.197544e-01
36103: 1.687117e+00 1.572597e+00 1.306748e+00 3.139059e-01 1.196319e-01
36103: 1.686415e+00 1.570991e+00 1.308478e+00 3.146067e-01 1.195097e-01
36103: 1.687755e+00 1.570408e+00 1.308163e+00 3.142857e-01 1.193878e-01
36103: 1.688073e+00 1.570846e+00 1.307849e+00 3.139653e-01 1.192661e-01
36103: 1.687373e+00 1.570265e+00 1.308554e+00 3.146640e-01 1.191446e-01
36103: 1.686673e+00 1.570702e+00 1.309257e+00 3.143438e-01 1.190234e-01
36103: 1.686992e+00 1.571138e+00 1.308943e+00 3.140244e-01 1.189024e-01
36103: 1.687310e+00 1.569543e+00 1.310660e+00 3.137056e-01 1.187817e-01
36103: 1.686613e+00 1.569980e+00 1.310345e+00 3.144016e-01 1.186613e-01
36103: 1.685917e+00 1.570415e+00 1.309017e+00 3.161094e-01 1.185410e-01
36103: 1.686235e+00 1.568826e+00 1.309717e+00 3.168016e-01 1.184211e-01
36103: 1.685541e+00 1.569262e+00 1.309403e+00 3.174924e-01 1.183013e-01
36103: 1.684848e+00 1.569697e+00 1.310101e+00 3.171717e-01 1.181818e-01
36103: 1.685166e+00 1.570131e+00 1.309788e+00 3.168517e-01 1.180626e-01
36103: 1.685484e+00 1.568548e+00 1.311492e+00 3.165323e-01 1.179435e-01
36103: 1.684794e+00 1.568983e+00 1.311178e+00 3.172205e-01 1.178248e-01
36103: 1.684105e+00 1.570423e+00 1.310865e+00 3.169014e-01 1.177062e-01
36103: 1.683417e+00 1.570854e+00 1.311558e+00 3.165829e-01 1.175879e-01
36103: 1.682731e+00 1.570281e+00 1.312249e+00 3.162651e-01 1.184739e-01
36103: 1.683049e+00 1.569709e+00 1.312939e+00 3.159478e-01 1.183551e-01
36103: 1.683367e+00 1.570140e+00 1.311623e+00 3.166333e-01 1.182365e-01
36103: 1.682683e+00 1.569570e+00 1.313313e+00 3.163163e-01 1.181181e-01
36103: Done!
Traceback (most recent call last):
  File "/lowest-unique-number/tournament0/elexunix.py", line 25, in <module>
    input()
EOFError: EOF when reading a line
