Forked 38264
Starting to reopen 0 and 1
Calling execv `tournament0/elexunix.py` (pid 38264)
Strategy 0: first ans is 0
Forked 38288
Starting to reopen 0 and 1
Calling execv `tournament0/pzakorko.py` (pid 38288)
Strategy 1: first ans is 0
Forked 38289
Starting to reopen 0 and 1
Calling execv `tournament0/alex_dany` (pid 38289)
38289: Started!
38289: Number of players: 4, position: 2, number of turns: 1000
38289: Random seed: 1188106585
Strategy 2: first ans is 1
Forked 38290
Starting to reopen 0 and 1
Calling execv `tournament0/fedro.py` (pid 38290)
Strategy 3: first ans is 0
38289: 3.000000e+00 1.000000e+00 0.000000e+00 0.000000e+00
38289: 2.000000e+00 1.500000e+00 5.000000e-01 0.000000e+00
38289: 2.000000e+00 1.333333e+00 3.333333e-01 3.333333e-01
38289: 1.750000e+00 1.250000e+00 5.000000e-01 5.000000e-01
38289: 1.800000e+00 1.400000e+00 4.000000e-01 4.000000e-01
38289: 1.666667e+00 1.500000e+00 5.000000e-01 3.333333e-01
38289: 1.714286e+00 1.428571e+00 5.714286e-01 2.857143e-01
38289: 1.750000e+00 1.500000e+00 5.000000e-01 2.500000e-01
38289: 1.777778e+00 1.444444e+00 4.444444e-01 3.333333e-01
38289: 1.800000e+00 1.400000e+00 4.000000e-01 4.000000e-01
38289: 1.727273e+00 1.545455e+00 3.636364e-01 3.636364e-01
38289: 1.750000e+00 1.500000e+00 3.333333e-01 4.166667e-01
38289: 1.692308e+00 1.461538e+00 4.615385e-01 3.846154e-01
38289: 1.714286e+00 1.500000e+00 4.285714e-01 3.571429e-01
38289: 1.733333e+00 1.466667e+00 4.666667e-01 3.333333e-01
38289: 1.750000e+00 1.437500e+00 5.000000e-01 3.125000e-01
38289: 1.764706e+00 1.411765e+00 4.705882e-01 3.529412e-01
38289: 1.833333e+00 1.388889e+00 4.444444e-01 3.333333e-01
38289: 1.789474e+00 1.368421e+00 4.736842e-01 3.684211e-01
38289: 1.800000e+00 1.350000e+00 4.500000e-01 4.000000e-01
38289: 1.761905e+00 1.380952e+00 4.761905e-01 3.809524e-01
38289: 1.727273e+00 1.454545e+00 4.545455e-01 3.636364e-01
38289: 1.782609e+00 1.434783e+00 4.347826e-01 3.478261e-01
38289: 1.833333e+00 1.416667e+00 4.166667e-01 3.333333e-01
38289: 1.800000e+00 1.400000e+00 4.400000e-01 3.600000e-01
38289: 1.846154e+00 1.384615e+00 4.230769e-01 3.461538e-01
38289: 1.814815e+00 1.407407e+00 4.444444e-01 3.333333e-01
38289: 1.821429e+00 1.392857e+00 4.642857e-01 3.214286e-01
38289: 1.827586e+00 1.413793e+00 4.482759e-01 3.103448e-01
38289: 1.833333e+00 1.400000e+00 4.333333e-01 3.333333e-01
38289: 1.838710e+00 1.419355e+00 4.193548e-01 3.225806e-01
38289: 1.843750e+00 1.437500e+00 4.062500e-01 3.125000e-01
38289: 1.818182e+00 1.484848e+00 3.939394e-01 3.030303e-01
38289: 1.823529e+00 1.470588e+00 4.117647e-01 2.941176e-01
38289: 1.800000e+00 1.485714e+00 4.285714e-01 2.857143e-01
38289: 1.777778e+00 1.527778e+00 4.166667e-01 2.777778e-01
38289: 1.783784e+00 1.513514e+00 4.324324e-01 2.702703e-01
38289: 1.789474e+00 1.526316e+00 4.210526e-01 2.631579e-01
38289: 1.769231e+00 1.538462e+00 4.358974e-01 2.564103e-01
38289: 1.775000e+00 1.525000e+00 4.500000e-01 2.500000e-01
38289: 1.780488e+00 1.512195e+00 4.634146e-01 2.439024e-01
38289: 1.809524e+00 1.500000e+00 4.523810e-01 2.380952e-01
38289: 1.790698e+00 1.534884e+00 4.418605e-01 2.325581e-01
38289: 1.795455e+00 1.522727e+00 4.545455e-01 2.272727e-01
38289: 1.822222e+00 1.511111e+00 4.444444e-01 2.222222e-01
38289: 1.804348e+00 1.500000e+00 4.565217e-01 2.391304e-01
38289: 1.808511e+00 1.489362e+00 4.680851e-01 2.340426e-01
38289: 1.812500e+00 1.500000e+00 4.583333e-01 2.291667e-01
38289: 1.795918e+00 1.510204e+00 4.489796e-01 2.448980e-01
38289: 1.780000e+00 1.500000e+00 4.800000e-01 2.400000e-01
38289: 1.764706e+00 1.490196e+00 5.098039e-01 2.352941e-01
38289: 1.788462e+00 1.480769e+00 5.000000e-01 2.307692e-01
38289: 1.811321e+00 1.471698e+00 4.905660e-01 2.264151e-01
38289: 1.814815e+00 1.481481e+00 4.814815e-01 2.222222e-01
38289: 1.800000e+00 1.509091e+00 4.727273e-01 2.181818e-01
38289: 1.821429e+00 1.500000e+00 4.642857e-01 2.142857e-01
38289: 1.842105e+00 1.491228e+00 4.561404e-01 2.105263e-01
38289: 1.844828e+00 1.500000e+00 4.482759e-01 2.068966e-01
38289: 1.847458e+00 1.508475e+00 4.406780e-01 2.033898e-01
38289: 1.833333e+00 1.516667e+00 4.500000e-01 2.000000e-01
38289: 1.836066e+00 1.524590e+00 4.426230e-01 1.967213e-01
38289: 1.822581e+00 1.532258e+00 4.516129e-01 1.935484e-01
38289: 1.825397e+00 1.523810e+00 4.444444e-01 2.063492e-01
38289: 1.812500e+00 1.531250e+00 4.531250e-01 2.031250e-01
38289: 1.815385e+00 1.523077e+00 4.615385e-01 2.000000e-01
38289: 1.818182e+00 1.530303e+00 4.545455e-01 1.969697e-01
38289: 1.805970e+00 1.522388e+00 4.626866e-01 2.089552e-01
38289: 1.823529e+00 1.514706e+00 4.558824e-01 2.058824e-01
38289: 1.826087e+00 1.521739e+00 4.492754e-01 2.028986e-01
38289: 1.814286e+00 1.528571e+00 4.571429e-01 2.000000e-01
38289: 1.816901e+00 1.521127e+00 4.647887e-01 1.971831e-01
38289: 1.805556e+00 1.541667e+00 4.583333e-01 1.944444e-01
38289: 1.808219e+00 1.534247e+00 4.657534e-01 1.917808e-01
38289: 1.797297e+00 1.554054e+00 4.594595e-01 1.891892e-01
38289: 1.786667e+00 1.560000e+00 4.666667e-01 1.866667e-01
38289: 1.776316e+00 1.565789e+00 4.736842e-01 1.842105e-01
38289: 1.766234e+00 1.571429e+00 4.805195e-01 1.818182e-01
38289: 1.769231e+00 1.551282e+00 4.871795e-01 1.923077e-01
38289: 1.772152e+00 1.544304e+00 4.936709e-01 1.898734e-01
38289: 1.762500e+00 1.537500e+00 5.125000e-01 1.875000e-01
38289: 1.765432e+00 1.530864e+00 5.185185e-01 1.851852e-01
38289: 1.756098e+00 1.536585e+00 5.243902e-01 1.829268e-01
38289: 1.759036e+00 1.530120e+00 5.301205e-01 1.807229e-01
38289: 1.750000e+00 1.535714e+00 5.357143e-01 1.785714e-01
38289: 1.741176e+00 1.529412e+00 5.411765e-01 1.882353e-01
38289: 1.744186e+00 1.523256e+00 5.465116e-01 1.860465e-01
38289: 1.747126e+00 1.517241e+00 5.517241e-01 1.839080e-01
38289: 1.738636e+00 1.522727e+00 5.568182e-01 1.818182e-01
38289: 1.741573e+00 1.516854e+00 5.617978e-01 1.797753e-01
38289: 1.744444e+00 1.511111e+00 5.666667e-01 1.777778e-01
38289: 1.736264e+00 1.505495e+00 5.824176e-01 1.758242e-01
38289: 1.728261e+00 1.510870e+00 5.869565e-01 1.739130e-01
38289: 1.720430e+00 1.516129e+00 5.913978e-01 1.720430e-01
38289: 1.723404e+00 1.521277e+00 5.851064e-01 1.702128e-01
38289: 1.715789e+00 1.515789e+00 6.000000e-01 1.684211e-01
38289: 1.718750e+00 1.510417e+00 5.937500e-01 1.770833e-01
38289: 1.721649e+00 1.505155e+00 5.979381e-01 1.752577e-01
38289: 1.734694e+00 1.500000e+00 5.918367e-01 1.734694e-01
38289: 1.737374e+00 1.494949e+00 5.959596e-01 1.717172e-01
38289: 1.730000e+00 1.490000e+00 6.000000e-01 1.800000e-01
38289: 1.722772e+00 1.495050e+00 6.039604e-01 1.782178e-01
38289: 1.725490e+00 1.490196e+00 6.078431e-01 1.764706e-01
38289: 1.728155e+00 1.495146e+00 6.019417e-01 1.747573e-01
38289: 1.730769e+00 1.490385e+00 6.057692e-01 1.730769e-01
38289: 1.733333e+00 1.495238e+00 6.000000e-01 1.714286e-01
38289: 1.735849e+00 1.500000e+00 5.943396e-01 1.698113e-01
38289: 1.728972e+00 1.495327e+00 5.981308e-01 1.775701e-01
38289: 1.722222e+00 1.500000e+00 6.018519e-01 1.759259e-01
38289: 1.715596e+00 1.495413e+00 6.055046e-01 1.834862e-01
38289: 1.718182e+00 1.500000e+00 6.000000e-01 1.818182e-01
38289: 1.711712e+00 1.504505e+00 6.036036e-01 1.801802e-01
38289: 1.723214e+00 1.500000e+00 5.982143e-01 1.785714e-01
38289: 1.725664e+00 1.495575e+00 6.017699e-01 1.769912e-01
38289: 1.719298e+00 1.508772e+00 5.964912e-01 1.754386e-01
38289: 1.713043e+00 1.513043e+00 6.000000e-01 1.739130e-01
38289: 1.715517e+00 1.508621e+00 6.034483e-01 1.724138e-01
38289: 1.717949e+00 1.504274e+00 6.068376e-01 1.709402e-01
38289: 1.728814e+00 1.500000e+00 6.016949e-01 1.694915e-01
38289: 1.739496e+00 1.495798e+00 5.966387e-01 1.680672e-01
38289: 1.733333e+00 1.500000e+00 6.000000e-01 1.666667e-01
38289: 1.735537e+00 1.504132e+00 5.950413e-01 1.652893e-01
38289: 1.729508e+00 1.516393e+00 5.901639e-01 1.639344e-01
38289: 1.723577e+00 1.520325e+00 5.934959e-01 1.626016e-01
38289: 1.725806e+00 1.524194e+00 5.887097e-01 1.612903e-01
38289: 1.728000e+00 1.520000e+00 5.920000e-01 1.600000e-01
38289: 1.722222e+00 1.523810e+00 5.873016e-01 1.666667e-01
38289: 1.724409e+00 1.519685e+00 5.905512e-01 1.653543e-01
38289: 1.726562e+00 1.515625e+00 5.859375e-01 1.718750e-01
38289: 1.720930e+00 1.519380e+00 5.813953e-01 1.782946e-01
38289: 1.715385e+00 1.515385e+00 5.846154e-01 1.846154e-01
38289: 1.725191e+00 1.511450e+00 5.801527e-01 1.832061e-01
38289: 1.727273e+00 1.507576e+00 5.833333e-01 1.818182e-01
38289: 1.721805e+00 1.503759e+00 5.939850e-01 1.804511e-01
38289: 1.731343e+00 1.500000e+00 5.895522e-01 1.791045e-01
38289: 1.733333e+00 1.496296e+00 5.925926e-01 1.777778e-01
38289: 1.742647e+00 1.492647e+00 5.882353e-01 1.764706e-01
38289: 1.737226e+00 1.496350e+00 5.912409e-01 1.751825e-01
38289: 1.739130e+00 1.492754e+00 5.942029e-01 1.739130e-01
38289: 1.733813e+00 1.489209e+00 5.971223e-01 1.798561e-01
38289: 1.735714e+00 1.485714e+00 6.000000e-01 1.785714e-01
38289: 1.730496e+00 1.489362e+00 6.028369e-01 1.773050e-01
38289: 1.739437e+00 1.485915e+00 5.985915e-01 1.760563e-01
38289: 1.748252e+00 1.482517e+00 5.944056e-01 1.748252e-01
38289: 1.750000e+00 1.486111e+00 5.902778e-01 1.736111e-01
38289: 1.751724e+00 1.489655e+00 5.862069e-01 1.724138e-01
38289: 1.753425e+00 1.486301e+00 5.890411e-01 1.712329e-01
38289: 1.761905e+00 1.482993e+00 5.850340e-01 1.700680e-01
38289: 1.763514e+00 1.479730e+00 5.878378e-01 1.689189e-01
38289: 1.765101e+00 1.476510e+00 5.906040e-01 1.677852e-01
38289: 1.760000e+00 1.473333e+00 6.000000e-01 1.666667e-01
38289: 1.768212e+00 1.470199e+00 5.960265e-01 1.655629e-01
38289: 1.776316e+00 1.467105e+00 5.921053e-01 1.644737e-01
38289: 1.771242e+00 1.470588e+00 5.947712e-01 1.633987e-01
38289: 1.766234e+00 1.467532e+00 5.974026e-01 1.688312e-01
38289: 1.774194e+00 1.464516e+00 5.935484e-01 1.677419e-01
38289: 1.769231e+00 1.467949e+00 5.961538e-01 1.666667e-01
38289: 1.770701e+00 1.471338e+00 5.923567e-01 1.656051e-01
38289: 1.772152e+00 1.468354e+00 5.949367e-01 1.645570e-01
38289: 1.767296e+00 1.471698e+00 5.974843e-01 1.635220e-01
38289: 1.762500e+00 1.468750e+00 6.062500e-01 1.625000e-01
38289: 1.763975e+00 1.465839e+00 6.086957e-01 1.614907e-01
38289: 1.759259e+00 1.462963e+00 6.111111e-01 1.666667e-01
38289: 1.760736e+00 1.460123e+00 6.134969e-01 1.656442e-01
38289: 1.768293e+00 1.457317e+00 6.097561e-01 1.646341e-01
38289: 1.763636e+00 1.454545e+00 6.121212e-01 1.696970e-01
38289: 1.771084e+00 1.451807e+00 6.084337e-01 1.686747e-01
38289: 1.772455e+00 1.449102e+00 6.107784e-01 1.676647e-01
38289: 1.779762e+00 1.446429e+00 6.071429e-01 1.666667e-01
38289: 1.775148e+00 1.449704e+00 6.094675e-01 1.656805e-01
38289: 1.776471e+00 1.447059e+00 6.117647e-01 1.647059e-01
38289: 1.771930e+00 1.444444e+00 6.140351e-01 1.695906e-01
38289: 1.779070e+00 1.441860e+00 6.104651e-01 1.686047e-01
38289: 1.774566e+00 1.445087e+00 6.127168e-01 1.676301e-01
38289: 1.770115e+00 1.448276e+00 6.091954e-01 1.724138e-01
38289: 1.765714e+00 1.445714e+00 6.171429e-01 1.714286e-01
38289: 1.767045e+00 1.448864e+00 6.136364e-01 1.704545e-01
38289: 1.768362e+00 1.451977e+00 6.101695e-01 1.694915e-01
38289: 1.764045e+00 1.460674e+00 6.067416e-01 1.685393e-01
38289: 1.770950e+00 1.458101e+00 6.033520e-01 1.675978e-01
38289: 1.772222e+00 1.461111e+00 6.000000e-01 1.666667e-01
38289: 1.773481e+00 1.458564e+00 6.022099e-01 1.657459e-01
38289: 1.780220e+00 1.456044e+00 5.989011e-01 1.648352e-01
38289: 1.781421e+00 1.459016e+00 5.956284e-01 1.639344e-01
38289: 1.777174e+00 1.461957e+00 5.978261e-01 1.630435e-01
38289: 1.772973e+00 1.464865e+00 5.945946e-01 1.675676e-01
38289: 1.768817e+00 1.462366e+00 6.021505e-01 1.666667e-01
38289: 1.770053e+00 1.459893e+00 6.042781e-01 1.657754e-01
38289: 1.765957e+00 1.457447e+00 6.063830e-01 1.702128e-01
38289: 1.761905e+00 1.460317e+00 6.031746e-01 1.746032e-01
38289: 1.757895e+00 1.457895e+00 6.105263e-01 1.736842e-01
38289: 1.759162e+00 1.460733e+00 6.073298e-01 1.727749e-01
38289: 1.760417e+00 1.458333e+00 6.041667e-01 1.770833e-01
38289: 1.766839e+00 1.455959e+00 6.010363e-01 1.761658e-01
38289: 1.773196e+00 1.453608e+00 5.979381e-01 1.752577e-01
38289: 1.769231e+00 1.456410e+00 6.000000e-01 1.743590e-01
38289: 1.775510e+00 1.454082e+00 5.969388e-01 1.734694e-01
38289: 1.771574e+00 1.456853e+00 5.989848e-01 1.725888e-01
38289: 1.772727e+00 1.454545e+00 6.010101e-01 1.717172e-01
38289: 1.773869e+00 1.452261e+00 6.030151e-01 1.708543e-01
38289: 1.775000e+00 1.455000e+00 6.000000e-01 1.700000e-01
38289: 1.776119e+00 1.457711e+00 5.970149e-01 1.691542e-01
38289: 1.777228e+00 1.460396e+00 5.940594e-01 1.683168e-01
38289: 1.778325e+00 1.458128e+00 5.911330e-01 1.724138e-01
38289: 1.779412e+00 1.455882e+00 5.931373e-01 1.715686e-01
38289: 1.780488e+00 1.453659e+00 5.951220e-01 1.707317e-01
38289: 1.776699e+00 1.461165e+00 5.922330e-01 1.699029e-01
38289: 1.772947e+00 1.458937e+00 5.942029e-01 1.739130e-01
38289: 1.778846e+00 1.456731e+00 5.913462e-01 1.730769e-01
38289: 1.775120e+00 1.454545e+00 5.980861e-01 1.722488e-01
38289: 1.780952e+00 1.452381e+00 5.952381e-01 1.714286e-01
38289: 1.777251e+00 1.454976e+00 5.971564e-01 1.706161e-01
38289: 1.778302e+00 1.452830e+00 5.990566e-01 1.698113e-01
38289: 1.779343e+00 1.450704e+00 6.009390e-01 1.690141e-01
38289: 1.780374e+00 1.453271e+00 5.981308e-01 1.682243e-01
38289: 1.786047e+00 1.451163e+00 5.953488e-01 1.674419e-01
38289: 1.782407e+00 1.449074e+00 6.018519e-01 1.666667e-01
38289: 1.783410e+00 1.447005e+00 6.036866e-01 1.658986e-01
38289: 1.788991e+00 1.444954e+00 6.009174e-01 1.651376e-01
38289: 1.789954e+00 1.442922e+00 6.027397e-01 1.643836e-01
38289: 1.786364e+00 1.440909e+00 6.045455e-01 1.681818e-01
38289: 1.782805e+00 1.443439e+00 6.063348e-01 1.674208e-01
38289: 1.779279e+00 1.445946e+00 6.081081e-01 1.666667e-01
38289: 1.780269e+00 1.443946e+00 6.098655e-01 1.659193e-01
38289: 1.781250e+00 1.441964e+00 6.116071e-01 1.651786e-01
38289: 1.782222e+00 1.440000e+00 6.133333e-01 1.644444e-01
38289: 1.778761e+00 1.442478e+00 6.150442e-01 1.637168e-01
38289: 1.775330e+00 1.444934e+00 6.167401e-01 1.629956e-01
38289: 1.771930e+00 1.442982e+00 6.228070e-01 1.622807e-01
38289: 1.772926e+00 1.445415e+00 6.200873e-01 1.615721e-01
38289: 1.769565e+00 1.452174e+00 6.173913e-01 1.608696e-01
38289: 1.770563e+00 1.454545e+00 6.147186e-01 1.601732e-01
38289: 1.775862e+00 1.452586e+00 6.120690e-01 1.594828e-01
38289: 1.772532e+00 1.454936e+00 6.137339e-01 1.587983e-01
38289: 1.777778e+00 1.452991e+00 6.111111e-01 1.581197e-01
38289: 1.774468e+00 1.451064e+00 6.170213e-01 1.574468e-01
38289: 1.771186e+00 1.449153e+00 6.228814e-01 1.567797e-01
38289: 1.772152e+00 1.451477e+00 6.202532e-01 1.561181e-01
38289: 1.768908e+00 1.453782e+00 6.218487e-01 1.554622e-01
38289: 1.769874e+00 1.451883e+00 6.192469e-01 1.589958e-01
38289: 1.766667e+00 1.450000e+00 6.208333e-01 1.625000e-01
38289: 1.767635e+00 1.452282e+00 6.182573e-01 1.618257e-01
38289: 1.764463e+00 1.454545e+00 6.198347e-01 1.611570e-01
38289: 1.765432e+00 1.456790e+00 6.172840e-01 1.604938e-01
38289: 1.766393e+00 1.454918e+00 6.188525e-01 1.598361e-01
38289: 1.767347e+00 1.453061e+00 6.204082e-01 1.591837e-01
38289: 1.768293e+00 1.451220e+00 6.219512e-01 1.585366e-01
38289: 1.769231e+00 1.449393e+00 6.234818e-01 1.578947e-01
38289: 1.766129e+00 1.451613e+00 6.250000e-01 1.572581e-01
38289: 1.763052e+00 1.453815e+00 6.265060e-01 1.566265e-01
38289: 1.768000e+00 1.452000e+00 6.240000e-01 1.560000e-01
38289: 1.772908e+00 1.450199e+00 6.215139e-01 1.553785e-01
38289: 1.769841e+00 1.448413e+00 6.269841e-01 1.547619e-01
38289: 1.770751e+00 1.446640e+00 6.284585e-01 1.541502e-01
38289: 1.771654e+00 1.448819e+00 6.259843e-01 1.535433e-01
38289: 1.772549e+00 1.450980e+00 6.235294e-01 1.529412e-01
38289: 1.773438e+00 1.453125e+00 6.210938e-01 1.523438e-01
38289: 1.774319e+00 1.455253e+00 6.186770e-01 1.517510e-01
38289: 1.775194e+00 1.457364e+00 6.162791e-01 1.511628e-01
38289: 1.772201e+00 1.459459e+00 6.138996e-01 1.544402e-01
38289: 1.773077e+00 1.461538e+00 6.115385e-01 1.538462e-01
38289: 1.770115e+00 1.467433e+00 6.091954e-01 1.532567e-01
38289: 1.770992e+00 1.469466e+00 6.068702e-01 1.526718e-01
38289: 1.771863e+00 1.471483e+00 6.045627e-01 1.520913e-01
38289: 1.776515e+00 1.469697e+00 6.022727e-01 1.515152e-01
38289: 1.773585e+00 1.471698e+00 6.037736e-01 1.509434e-01
38289: 1.770677e+00 1.473684e+00 6.052632e-01 1.503759e-01
38289: 1.771536e+00 1.475655e+00 6.029963e-01 1.498127e-01
38289: 1.772388e+00 1.473881e+00 6.044776e-01 1.492537e-01
38289: 1.773234e+00 1.475836e+00 6.022305e-01 1.486989e-01
38289: 1.770370e+00 1.474074e+00 6.074074e-01 1.481481e-01
38289: 1.767528e+00 1.476015e+00 6.088561e-01 1.476015e-01
38289: 1.768382e+00 1.474265e+00 6.102941e-01 1.470588e-01
38289: 1.769231e+00 1.472527e+00 6.117216e-01 1.465201e-01
38289: 1.770073e+00 1.470803e+00 6.131387e-01 1.459854e-01
38289: 1.767273e+00 1.476364e+00 6.109091e-01 1.454545e-01
38289: 1.764493e+00 1.474638e+00 6.159420e-01 1.449275e-01
38289: 1.765343e+00 1.472924e+00 6.137184e-01 1.480144e-01
38289: 1.766187e+00 1.471223e+00 6.151079e-01 1.474820e-01
38289: 1.763441e+00 1.469534e+00 6.164875e-01 1.505376e-01
38289: 1.760714e+00 1.471429e+00 6.178571e-01 1.500000e-01
38289: 1.765125e+00 1.469751e+00 6.156584e-01 1.494662e-01
38289: 1.765957e+00 1.468085e+00 6.134752e-01 1.524823e-01
38289: 1.763251e+00 1.469965e+00 6.148410e-01 1.519435e-01
38289: 1.764085e+00 1.468310e+00 6.126761e-01 1.549296e-01
38289: 1.761404e+00 1.470175e+00 6.140351e-01 1.543860e-01
38289: 1.758741e+00 1.468531e+00 6.188811e-01 1.538462e-01
38289: 1.756098e+00 1.473868e+00 6.167247e-01 1.533101e-01
38289: 1.756944e+00 1.472222e+00 6.180556e-01 1.527778e-01
38289: 1.757785e+00 1.470588e+00 6.193772e-01 1.522491e-01
38289: 1.762069e+00 1.468966e+00 6.172414e-01 1.517241e-01
38289: 1.762887e+00 1.467354e+00 6.185567e-01 1.512027e-01
38289: 1.763699e+00 1.465753e+00 6.164384e-01 1.541096e-01
38289: 1.767918e+00 1.464164e+00 6.143345e-01 1.535836e-01
38289: 1.765306e+00 1.462585e+00 6.156463e-01 1.564626e-01
38289: 1.762712e+00 1.464407e+00 6.169492e-01 1.559322e-01
38289: 1.760135e+00 1.462838e+00 6.216216e-01 1.554054e-01
38289: 1.757576e+00 1.461279e+00 6.262626e-01 1.548822e-01
38289: 1.758389e+00 1.463087e+00 6.241611e-01 1.543624e-01
38289: 1.759197e+00 1.461538e+00 6.254181e-01 1.538462e-01
38289: 1.756667e+00 1.460000e+00 6.266667e-01 1.566667e-01
38289: 1.760797e+00 1.458472e+00 6.245847e-01 1.561462e-01
38289: 1.761589e+00 1.456954e+00 6.258278e-01 1.556291e-01
38289: 1.759076e+00 1.458746e+00 6.270627e-01 1.551155e-01
38289: 1.759868e+00 1.457237e+00 6.250000e-01 1.578947e-01
38289: 1.757377e+00 1.455738e+00 6.262295e-01 1.606557e-01
38289: 1.754902e+00 1.457516e+00 6.274510e-01 1.601307e-01
38289: 1.755700e+00 1.456026e+00 6.286645e-01 1.596091e-01
38289: 1.756494e+00 1.457792e+00 6.266234e-01 1.590909e-01
38289: 1.757282e+00 1.459547e+00 6.245955e-01 1.585761e-01
38289: 1.758065e+00 1.461290e+00 6.225806e-01 1.580645e-01
38289: 1.762058e+00 1.459807e+00 6.205788e-01 1.575563e-01
38289: 1.762821e+00 1.461538e+00 6.185897e-01 1.570513e-01
38289: 1.760383e+00 1.463259e+00 6.198083e-01 1.565495e-01
38289: 1.757962e+00 1.461783e+00 6.242038e-01 1.560510e-01
38289: 1.755556e+00 1.460317e+00 6.285714e-01 1.555556e-01
38289: 1.756329e+00 1.458861e+00 6.297468e-01 1.550633e-01
38289: 1.753943e+00 1.460568e+00 6.309148e-01 1.545741e-01
38289: 1.751572e+00 1.459119e+00 6.352201e-01 1.540881e-01
38289: 1.749216e+00 1.460815e+00 6.363636e-01 1.536050e-01
38289: 1.746875e+00 1.465625e+00 6.343750e-01 1.531250e-01
38289: 1.747664e+00 1.464174e+00 6.355140e-01 1.526480e-01
38289: 1.745342e+00 1.468944e+00 6.335404e-01 1.521739e-01
38289: 1.743034e+00 1.470588e+00 6.346749e-01 1.517028e-01
38289: 1.740741e+00 1.475309e+00 6.327160e-01 1.512346e-01
38289: 1.738462e+00 1.480000e+00 6.307692e-01 1.507692e-01
38289: 1.739264e+00 1.481595e+00 6.288344e-01 1.503067e-01
38289: 1.740061e+00 1.480122e+00 6.299694e-01 1.498471e-01
38289: 1.740854e+00 1.478659e+00 6.280488e-01 1.524390e-01
38289: 1.741641e+00 1.477204e+00 6.291793e-01 1.519757e-01
38289: 1.742424e+00 1.475758e+00 6.303030e-01 1.515152e-01
38289: 1.743202e+00 1.477341e+00 6.283988e-01 1.510574e-01
38289: 1.746988e+00 1.475904e+00 6.265060e-01 1.506024e-01
38289: 1.747748e+00 1.474474e+00 6.276276e-01 1.501502e-01
38289: 1.748503e+00 1.476048e+00 6.257485e-01 1.497006e-01
38289: 1.749254e+00 1.477612e+00 6.238806e-01 1.492537e-01
38289: 1.750000e+00 1.476190e+00 6.220238e-01 1.517857e-01
38289: 1.750742e+00 1.477745e+00 6.201780e-01 1.513353e-01
38289: 1.751479e+00 1.476331e+00 6.213018e-01 1.508876e-01
38289: 1.755162e+00 1.474926e+00 6.194690e-01 1.504425e-01
38289: 1.755882e+00 1.473529e+00 6.205882e-01 1.500000e-01
38289: 1.753666e+00 1.472141e+00 6.246334e-01 1.495601e-01
38289: 1.757310e+00 1.470760e+00 6.228070e-01 1.491228e-01
38289: 1.758017e+00 1.472303e+00 6.209913e-01 1.486880e-01
38289: 1.758721e+00 1.470930e+00 6.220930e-01 1.482558e-01
38289: 1.762319e+00 1.469565e+00 6.202899e-01 1.478261e-01
38289: 1.765896e+00 1.468208e+00 6.184971e-01 1.473988e-01
38289: 1.763689e+00 1.466859e+00 6.224784e-01 1.469741e-01
38289: 1.767241e+00 1.465517e+00 6.206897e-01 1.465517e-01
38289: 1.765043e+00 1.467049e+00 6.189112e-01 1.489971e-01
38289: 1.765714e+00 1.465714e+00 6.200000e-01 1.485714e-01
38289: 1.763533e+00 1.464387e+00 6.239316e-01 1.481481e-01
38289: 1.767045e+00 1.463068e+00 6.221591e-01 1.477273e-01
38289: 1.767705e+00 1.461756e+00 6.232295e-01 1.473088e-01
38289: 1.771186e+00 1.460452e+00 6.214689e-01 1.468927e-01
38289: 1.771831e+00 1.461972e+00 6.197183e-01 1.464789e-01
38289: 1.769663e+00 1.463483e+00 6.207865e-01 1.460674e-01
38289: 1.767507e+00 1.464986e+00 6.218487e-01 1.456583e-01
38289: 1.770950e+00 1.463687e+00 6.201117e-01 1.452514e-01
38289: 1.771588e+00 1.465181e+00 6.183844e-01 1.448468e-01
38289: 1.769444e+00 1.469444e+00 6.166667e-01 1.444444e-01
38289: 1.770083e+00 1.470914e+00 6.149584e-01 1.440443e-01
38289: 1.773481e+00 1.469613e+00 6.132597e-01 1.436464e-01
38289: 1.771350e+00 1.471074e+00 6.143251e-01 1.432507e-01
38289: 1.769231e+00 1.469780e+00 6.181319e-01 1.428571e-01
38289: 1.769863e+00 1.468493e+00 6.191781e-01 1.424658e-01
38289: 1.770492e+00 1.467213e+00 6.174863e-01 1.448087e-01
38289: 1.768392e+00 1.465940e+00 6.185286e-01 1.471390e-01
38289: 1.769022e+00 1.464674e+00 6.168478e-01 1.494565e-01
38289: 1.766938e+00 1.463415e+00 6.178862e-01 1.517615e-01
38289: 1.767568e+00 1.462162e+00 6.189189e-01 1.513514e-01
38289: 1.765499e+00 1.460916e+00 6.199461e-01 1.536388e-01
38289: 1.766129e+00 1.459677e+00 6.209677e-01 1.532258e-01
38289: 1.764075e+00 1.461126e+00 6.219839e-01 1.528150e-01
38289: 1.764706e+00 1.462567e+00 6.203209e-01 1.524064e-01
38289: 1.762667e+00 1.464000e+00 6.213333e-01 1.520000e-01
38289: 1.760638e+00 1.465426e+00 6.223404e-01 1.515957e-01
38289: 1.758621e+00 1.466844e+00 6.233422e-01 1.511936e-01
38289: 1.756614e+00 1.468254e+00 6.243386e-01 1.507937e-01
38289: 1.754617e+00 1.469657e+00 6.226913e-01 1.530343e-01
38289: 1.752632e+00 1.471053e+00 6.236842e-01 1.526316e-01
38289: 1.753281e+00 1.469816e+00 6.246719e-01 1.522310e-01
38289: 1.751309e+00 1.468586e+00 6.256545e-01 1.544503e-01
38289: 1.751958e+00 1.467363e+00 6.266319e-01 1.540470e-01
38289: 1.752604e+00 1.468750e+00 6.250000e-01 1.536458e-01
38289: 1.755844e+00 1.467532e+00 6.233766e-01 1.532468e-01
38289: 1.753886e+00 1.468912e+00 6.243523e-01 1.528497e-01
38289: 1.757106e+00 1.467700e+00 6.227390e-01 1.524548e-01
38289: 1.757732e+00 1.469072e+00 6.211340e-01 1.520619e-01
38289: 1.760925e+00 1.467866e+00 6.195373e-01 1.516710e-01
38289: 1.761538e+00 1.466667e+00 6.179487e-01 1.538462e-01
38289: 1.759591e+00 1.465473e+00 6.189258e-01 1.560102e-01
38289: 1.760204e+00 1.464286e+00 6.173469e-01 1.581633e-01
38289: 1.763359e+00 1.463104e+00 6.157761e-01 1.577608e-01
38289: 1.763959e+00 1.461929e+00 6.142132e-01 1.598985e-01
38289: 1.767089e+00 1.460759e+00 6.126582e-01 1.594937e-01
38289: 1.765152e+00 1.459596e+00 6.136364e-01 1.616162e-01
38289: 1.763224e+00 1.458438e+00 6.171285e-01 1.612091e-01
38289: 1.761307e+00 1.457286e+00 6.180905e-01 1.633166e-01
38289: 1.761905e+00 1.456140e+00 6.190476e-01 1.629073e-01
38289: 1.762500e+00 1.455000e+00 6.200000e-01 1.625000e-01
38289: 1.760599e+00 1.453865e+00 6.234414e-01 1.620948e-01
38289: 1.758706e+00 1.452736e+00 6.268657e-01 1.616915e-01
38289: 1.756824e+00 1.451613e+00 6.302730e-01 1.612903e-01
38289: 1.757426e+00 1.450495e+00 6.311881e-01 1.608911e-01
38289: 1.760494e+00 1.449383e+00 6.296296e-01 1.604938e-01
38289: 1.761084e+00 1.448276e+00 6.305419e-01 1.600985e-01
38289: 1.764128e+00 1.447174e+00 6.289926e-01 1.597052e-01
38289: 1.762255e+00 1.450980e+00 6.274510e-01 1.593137e-01
38289: 1.760391e+00 1.449878e+00 6.283619e-01 1.613692e-01
38289: 1.760976e+00 1.451220e+00 6.268293e-01 1.609756e-01
38289: 1.759124e+00 1.450122e+00 6.277372e-01 1.630170e-01
38289: 1.762136e+00 1.449029e+00 6.262136e-01 1.626214e-01
38289: 1.765133e+00 1.447942e+00 6.246973e-01 1.622276e-01
38289: 1.765700e+00 1.446860e+00 6.256039e-01 1.618357e-01
38289: 1.763855e+00 1.448193e+00 6.265060e-01 1.614458e-01
38289: 1.762019e+00 1.449519e+00 6.250000e-01 1.634615e-01
38289: 1.762590e+00 1.448441e+00 6.235012e-01 1.654676e-01
38289: 1.763158e+00 1.447368e+00 6.244019e-01 1.650718e-01
38289: 1.766110e+00 1.446301e+00 6.229117e-01 1.646778e-01
38289: 1.766667e+00 1.447619e+00 6.214286e-01 1.642857e-01
38289: 1.767221e+00 1.448931e+00 6.199525e-01 1.638955e-01
38289: 1.767773e+00 1.447867e+00 6.208531e-01 1.635071e-01
38289: 1.765957e+00 1.446809e+00 6.217494e-01 1.654846e-01
38289: 1.764151e+00 1.445755e+00 6.226415e-01 1.674528e-01
38289: 1.762353e+00 1.444706e+00 6.258824e-01 1.670588e-01
38289: 1.762911e+00 1.446009e+00 6.244131e-01 1.666667e-01
38289: 1.763466e+00 1.447307e+00 6.229508e-01 1.662763e-01
38289: 1.764019e+00 1.446262e+00 6.238318e-01 1.658879e-01
38289: 1.764569e+00 1.445221e+00 6.223776e-01 1.678322e-01
38289: 1.767442e+00 1.444186e+00 6.209302e-01 1.674419e-01
38289: 1.765661e+00 1.445476e+00 6.218097e-01 1.670534e-01
38289: 1.763889e+00 1.446759e+00 6.226852e-01 1.666667e-01
38289: 1.764434e+00 1.445727e+00 6.235566e-01 1.662818e-01
38289: 1.762673e+00 1.444700e+00 6.244240e-01 1.682028e-01
38289: 1.763218e+00 1.443678e+00 6.229885e-01 1.701149e-01
38289: 1.761468e+00 1.444954e+00 6.238532e-01 1.697248e-01
38289: 1.764302e+00 1.443936e+00 6.224256e-01 1.693364e-01
38289: 1.762557e+00 1.445205e+00 6.232877e-01 1.689498e-01
38289: 1.763098e+00 1.444191e+00 6.241458e-01 1.685649e-01
38289: 1.761364e+00 1.445455e+00 6.250000e-01 1.681818e-01
38289: 1.759637e+00 1.446712e+00 6.258503e-01 1.678005e-01
38289: 1.760181e+00 1.445701e+00 6.266968e-01 1.674208e-01
38289: 1.758465e+00 1.449210e+00 6.252822e-01 1.670429e-01
38289: 1.759009e+00 1.448198e+00 6.261261e-01 1.666667e-01
38289: 1.761798e+00 1.447191e+00 6.247191e-01 1.662921e-01
38289: 1.762332e+00 1.446188e+00 6.255605e-01 1.659193e-01
38289: 1.765101e+00 1.445190e+00 6.241611e-01 1.655481e-01
38289: 1.765625e+00 1.444196e+00 6.250000e-01 1.651786e-01
38289: 1.766147e+00 1.443207e+00 6.236080e-01 1.670379e-01
38289: 1.764444e+00 1.442222e+00 6.244444e-01 1.688889e-01
38289: 1.764967e+00 1.441242e+00 6.252772e-01 1.685144e-01
38289: 1.767699e+00 1.440265e+00 6.238938e-01 1.681416e-01
38289: 1.770419e+00 1.439294e+00 6.225166e-01 1.677704e-01
38289: 1.773128e+00 1.438326e+00 6.211454e-01 1.674009e-01
38289: 1.773626e+00 1.437363e+00 6.197802e-01 1.692308e-01
38289: 1.774123e+00 1.436404e+00 6.206140e-01 1.688596e-01
38289: 1.772429e+00 1.437637e+00 6.214442e-01 1.684902e-01
38289: 1.775109e+00 1.436681e+00 6.200873e-01 1.681223e-01
38289: 1.775599e+00 1.435730e+00 6.209150e-01 1.677560e-01
38289: 1.773913e+00 1.439130e+00 6.195652e-01 1.673913e-01
38289: 1.772234e+00 1.438178e+00 6.225597e-01 1.670282e-01
38289: 1.772727e+00 1.437229e+00 6.233766e-01 1.666667e-01
38289: 1.771058e+00 1.438445e+00 6.241901e-01 1.663067e-01
38289: 1.769397e+00 1.437500e+00 6.271552e-01 1.659483e-01
38289: 1.769892e+00 1.436559e+00 6.279570e-01 1.655914e-01
38289: 1.770386e+00 1.437768e+00 6.266094e-01 1.652361e-01
38289: 1.768737e+00 1.438972e+00 6.274090e-01 1.648822e-01
38289: 1.769231e+00 1.440171e+00 6.260684e-01 1.645299e-01
38289: 1.767591e+00 1.441365e+00 6.247335e-01 1.663113e-01
38289: 1.765957e+00 1.442553e+00 6.255319e-01 1.659574e-01
38289: 1.764331e+00 1.443737e+00 6.263270e-01 1.656051e-01
38289: 1.764831e+00 1.442797e+00 6.271186e-01 1.652542e-01
38289: 1.763214e+00 1.441860e+00 6.279070e-01 1.670190e-01
38289: 1.763713e+00 1.443038e+00 6.265823e-01 1.666667e-01
38289: 1.766316e+00 1.442105e+00 6.252632e-01 1.663158e-01
38289: 1.766807e+00 1.441176e+00 6.239496e-01 1.680672e-01
38289: 1.765199e+00 1.442348e+00 6.247379e-01 1.677149e-01
38289: 1.765690e+00 1.441423e+00 6.234310e-01 1.694561e-01
38289: 1.768267e+00 1.440501e+00 6.221294e-01 1.691023e-01
38289: 1.766667e+00 1.441667e+00 6.229167e-01 1.687500e-01
38289: 1.765073e+00 1.442827e+00 6.237006e-01 1.683992e-01
38289: 1.763485e+00 1.441909e+00 6.265560e-01 1.680498e-01
38289: 1.761905e+00 1.443064e+00 6.273292e-01 1.677019e-01
38289: 1.764463e+00 1.442149e+00 6.260331e-01 1.673554e-01
38289: 1.767010e+00 1.441237e+00 6.247423e-01 1.670103e-01
38289: 1.769547e+00 1.440329e+00 6.234568e-01 1.666667e-01
38289: 1.772074e+00 1.439425e+00 6.221766e-01 1.663244e-01
38289: 1.770492e+00 1.438525e+00 6.229508e-01 1.680328e-01
38289: 1.770961e+00 1.437628e+00 6.237219e-01 1.676892e-01
38289: 1.771429e+00 1.436735e+00 6.244898e-01 1.673469e-01
38289: 1.771894e+00 1.435845e+00 6.232179e-01 1.690428e-01
38289: 1.770325e+00 1.436992e+00 6.239837e-01 1.686992e-01
38289: 1.768763e+00 1.436105e+00 6.247465e-01 1.703854e-01
38289: 1.767206e+00 1.439271e+00 6.234818e-01 1.700405e-01
38289: 1.765657e+00 1.440404e+00 6.222222e-01 1.717172e-01
38289: 1.764113e+00 1.441532e+00 6.209677e-01 1.733871e-01
38289: 1.764588e+00 1.442656e+00 6.197183e-01 1.730382e-01
38289: 1.763052e+00 1.443775e+00 6.204819e-01 1.726908e-01
38289: 1.761523e+00 1.444890e+00 6.212425e-01 1.723447e-01
38289: 1.760000e+00 1.446000e+00 6.220000e-01 1.720000e-01
38289: 1.762475e+00 1.445110e+00 6.207585e-01 1.716567e-01
38289: 1.760956e+00 1.448207e+00 6.195219e-01 1.713147e-01
38289: 1.759443e+00 1.449304e+00 6.182903e-01 1.729622e-01
38289: 1.761905e+00 1.448413e+00 6.170635e-01 1.726190e-01
38289: 1.764356e+00 1.447525e+00 6.158416e-01 1.722772e-01
38289: 1.762846e+00 1.446640e+00 6.185771e-01 1.719368e-01
38289: 1.761341e+00 1.447732e+00 6.193294e-01 1.715976e-01
38289: 1.761811e+00 1.446850e+00 6.200787e-01 1.712598e-01
38289: 1.762279e+00 1.447937e+00 6.188605e-01 1.709234e-01
38289: 1.764706e+00 1.447059e+00 6.176471e-01 1.705882e-01
38289: 1.763209e+00 1.448141e+00 6.164384e-01 1.722114e-01
38289: 1.765625e+00 1.447266e+00 6.152344e-01 1.718750e-01
38289: 1.768031e+00 1.446394e+00 6.140351e-01 1.715400e-01
38289: 1.768482e+00 1.447471e+00 6.128405e-01 1.712062e-01
38289: 1.768932e+00 1.448544e+00 6.116505e-01 1.708738e-01
38289: 1.767442e+00 1.449612e+00 6.124031e-01 1.705426e-01
38289: 1.767892e+00 1.448743e+00 6.131528e-01 1.702128e-01
38289: 1.766409e+00 1.451737e+00 6.119691e-01 1.698842e-01
38289: 1.766859e+00 1.450867e+00 6.127168e-01 1.695568e-01
38289: 1.767308e+00 1.451923e+00 6.115385e-01 1.692308e-01
38289: 1.765835e+00 1.452975e+00 6.122841e-01 1.689060e-01
38289: 1.766284e+00 1.454023e+00 6.111111e-01 1.685824e-01
38289: 1.764818e+00 1.453155e+00 6.118547e-01 1.701721e-01
38289: 1.763359e+00 1.456107e+00 6.106870e-01 1.698473e-01
38289: 1.763810e+00 1.457143e+00 6.095238e-01 1.695238e-01
38289: 1.764259e+00 1.458175e+00 6.083650e-01 1.692015e-01
38289: 1.766603e+00 1.457306e+00 6.072106e-01 1.688805e-01
38289: 1.768939e+00 1.456439e+00 6.060606e-01 1.685606e-01
38289: 1.771267e+00 1.455577e+00 6.049149e-01 1.682420e-01
38289: 1.771698e+00 1.454717e+00 6.037736e-01 1.698113e-01
38289: 1.772128e+00 1.455744e+00 6.026365e-01 1.694915e-01
38289: 1.770677e+00 1.456767e+00 6.015038e-01 1.710526e-01
38289: 1.771107e+00 1.455910e+00 6.022514e-01 1.707317e-01
38289: 1.769663e+00 1.455056e+00 6.048689e-01 1.704120e-01
38289: 1.770093e+00 1.454206e+00 6.056075e-01 1.700935e-01
38289: 1.768657e+00 1.457090e+00 6.044776e-01 1.697761e-01
38289: 1.770950e+00 1.456238e+00 6.033520e-01 1.694600e-01
38289: 1.771375e+00 1.457249e+00 6.022305e-01 1.691450e-01
38289: 1.769944e+00 1.456401e+00 6.029685e-01 1.706865e-01
38289: 1.768519e+00 1.457407e+00 6.018519e-01 1.722222e-01
38289: 1.768946e+00 1.456562e+00 6.025878e-01 1.719039e-01
38289: 1.769373e+00 1.457565e+00 6.014760e-01 1.715867e-01
38289: 1.769797e+00 1.456722e+00 6.003683e-01 1.731123e-01
38289: 1.768382e+00 1.457721e+00 6.011029e-01 1.727941e-01
38289: 1.768807e+00 1.456881e+00 6.018349e-01 1.724771e-01
38289: 1.769231e+00 1.456044e+00 6.025641e-01 1.721612e-01
38289: 1.767824e+00 1.457038e+00 6.032907e-01 1.718464e-01
38289: 1.768248e+00 1.456204e+00 6.021898e-01 1.733577e-01
38289: 1.766849e+00 1.459016e+00 6.010929e-01 1.730419e-01
38289: 1.767273e+00 1.460000e+00 6.000000e-01 1.727273e-01
38289: 1.767695e+00 1.459165e+00 6.007260e-01 1.724138e-01
38289: 1.766304e+00 1.460145e+00 6.014493e-01 1.721014e-01
38289: 1.764919e+00 1.461121e+00 6.021700e-01 1.717902e-01
38289: 1.763538e+00 1.463899e+00 6.010830e-01 1.714801e-01
38289: 1.762162e+00 1.464865e+00 6.018018e-01 1.711712e-01
38289: 1.762590e+00 1.464029e+00 6.025180e-01 1.708633e-01
38289: 1.763016e+00 1.464991e+00 6.014363e-01 1.705566e-01
38289: 1.761649e+00 1.464158e+00 6.021505e-01 1.720430e-01
38289: 1.762075e+00 1.463327e+00 6.028623e-01 1.717352e-01
38289: 1.764286e+00 1.462500e+00 6.017857e-01 1.714286e-01
38289: 1.766488e+00 1.461676e+00 6.007130e-01 1.711230e-01
38289: 1.766904e+00 1.462633e+00 5.996441e-01 1.708185e-01
38289: 1.767318e+00 1.463588e+00 5.985790e-01 1.705151e-01
38289: 1.767730e+00 1.462766e+00 5.992908e-01 1.702128e-01
38289: 1.766372e+00 1.463717e+00 6.000000e-01 1.699115e-01
38289: 1.766784e+00 1.462898e+00 6.007067e-01 1.696113e-01
38289: 1.767196e+00 1.462081e+00 6.014109e-01 1.693122e-01
38289: 1.767606e+00 1.461268e+00 6.003521e-01 1.707746e-01
38289: 1.768014e+00 1.462214e+00 5.992970e-01 1.704745e-01
38289: 1.766667e+00 1.463158e+00 6.000000e-01 1.701754e-01
38289: 1.765324e+00 1.462347e+00 6.007005e-01 1.716287e-01
38289: 1.763986e+00 1.463287e+00 6.013986e-01 1.713287e-01
38289: 1.764398e+00 1.462478e+00 6.020942e-01 1.710297e-01
38289: 1.764808e+00 1.463415e+00 6.010453e-01 1.707317e-01
38289: 1.763478e+00 1.464348e+00 6.000000e-01 1.721739e-01
38289: 1.763889e+00 1.463542e+00 5.989583e-01 1.736111e-01
38289: 1.762565e+00 1.464471e+00 5.996534e-01 1.733102e-01
38289: 1.761246e+00 1.463668e+00 6.003460e-01 1.747405e-01
38289: 1.759931e+00 1.462867e+00 6.010363e-01 1.761658e-01
38289: 1.760345e+00 1.463793e+00 6.000000e-01 1.758621e-01
38289: 1.760757e+00 1.464716e+00 5.989673e-01 1.755594e-01
38289: 1.759450e+00 1.465636e+00 5.996564e-01 1.752577e-01
38289: 1.759863e+00 1.466552e+00 5.986278e-01 1.749571e-01
38289: 1.760274e+00 1.465753e+00 5.993151e-01 1.746575e-01
38289: 1.760684e+00 1.464957e+00 5.982906e-01 1.760684e-01
38289: 1.761092e+00 1.465870e+00 5.972696e-01 1.757679e-01
38289: 1.761499e+00 1.466780e+00 5.962521e-01 1.754685e-01
38289: 1.761905e+00 1.467687e+00 5.952381e-01 1.751701e-01
38289: 1.764007e+00 1.466893e+00 5.942275e-01 1.748727e-01
38289: 1.764407e+00 1.466102e+00 5.949153e-01 1.745763e-01
38289: 1.764805e+00 1.465313e+00 5.956007e-01 1.742809e-01
38289: 1.763514e+00 1.466216e+00 5.962838e-01 1.739865e-01
38289: 1.762226e+00 1.465430e+00 5.986509e-01 1.736931e-01
38289: 1.760943e+00 1.468013e+00 5.976431e-01 1.734007e-01
38289: 1.759664e+00 1.470588e+00 5.966387e-01 1.731092e-01
38289: 1.760067e+00 1.471477e+00 5.956376e-01 1.728188e-01
38289: 1.758794e+00 1.472362e+00 5.963149e-01 1.725293e-01
38289: 1.759197e+00 1.471572e+00 5.969900e-01 1.722408e-01
38289: 1.759599e+00 1.472454e+00 5.959933e-01 1.719533e-01
38289: 1.760000e+00 1.471667e+00 5.966667e-01 1.716667e-01
38289: 1.760399e+00 1.472546e+00 5.956739e-01 1.713810e-01
38289: 1.759136e+00 1.473422e+00 5.963455e-01 1.710963e-01
38289: 1.757877e+00 1.474295e+00 5.970149e-01 1.708126e-01
38289: 1.758278e+00 1.473510e+00 5.976821e-01 1.705298e-01
38289: 1.760331e+00 1.472727e+00 5.966942e-01 1.702479e-01
38289: 1.760726e+00 1.473597e+00 5.957096e-01 1.699670e-01
38289: 1.761120e+00 1.474465e+00 5.947282e-01 1.696870e-01
38289: 1.759868e+00 1.476974e+00 5.937500e-01 1.694079e-01
38289: 1.760263e+00 1.477833e+00 5.927750e-01 1.691297e-01
38289: 1.760656e+00 1.477049e+00 5.918033e-01 1.704918e-01
38289: 1.761047e+00 1.477905e+00 5.908347e-01 1.702128e-01
38289: 1.759804e+00 1.477124e+00 5.931373e-01 1.699346e-01
38289: 1.758564e+00 1.477977e+00 5.938010e-01 1.696574e-01
38289: 1.757329e+00 1.478827e+00 5.944625e-01 1.693811e-01
38289: 1.756098e+00 1.478049e+00 5.967480e-01 1.691057e-01
38289: 1.754870e+00 1.477273e+00 5.974026e-01 1.704545e-01
38289: 1.755267e+00 1.476499e+00 5.980551e-01 1.701783e-01
38289: 1.757282e+00 1.475728e+00 5.970874e-01 1.699029e-01
38289: 1.756058e+00 1.476575e+00 5.977383e-01 1.696284e-01
38289: 1.754839e+00 1.475806e+00 5.983871e-01 1.709677e-01
38289: 1.753623e+00 1.475040e+00 6.006441e-01 1.706924e-01
38289: 1.754019e+00 1.474277e+00 5.996785e-01 1.720257e-01
38289: 1.756019e+00 1.473515e+00 5.987159e-01 1.717496e-01
38289: 1.756410e+00 1.472756e+00 5.993590e-01 1.714744e-01
38289: 1.755200e+00 1.472000e+00 6.016000e-01 1.712000e-01
38289: 1.755591e+00 1.471246e+00 6.022364e-01 1.709265e-01
38289: 1.755981e+00 1.472089e+00 6.012759e-01 1.706539e-01
38289: 1.756369e+00 1.472930e+00 6.003185e-01 1.703822e-01
38289: 1.755167e+00 1.473768e+00 6.009539e-01 1.701113e-01
38289: 1.755556e+00 1.473016e+00 6.015873e-01 1.698413e-01
38289: 1.755943e+00 1.473851e+00 6.006339e-01 1.695721e-01
38289: 1.754747e+00 1.473101e+00 6.028481e-01 1.693038e-01
38289: 1.753555e+00 1.473934e+00 6.018957e-01 1.706161e-01
38289: 1.752366e+00 1.476341e+00 6.009464e-01 1.703470e-01
38289: 1.751181e+00 1.475591e+00 6.031496e-01 1.700787e-01
38289: 1.753145e+00 1.474843e+00 6.022013e-01 1.698113e-01
38289: 1.751962e+00 1.475667e+00 6.028257e-01 1.695447e-01
38289: 1.750784e+00 1.474922e+00 6.050157e-01 1.692790e-01
38289: 1.751174e+00 1.474178e+00 6.056338e-01 1.690141e-01
38289: 1.751562e+00 1.475000e+00 6.046875e-01 1.687500e-01
38289: 1.751950e+00 1.474259e+00 6.053042e-01 1.684867e-01
38289: 1.752336e+00 1.473520e+00 6.059190e-01 1.682243e-01
38289: 1.751166e+00 1.475894e+00 6.049767e-01 1.679627e-01
38289: 1.751553e+00 1.475155e+00 6.055901e-01 1.677019e-01
38289: 1.750388e+00 1.475969e+00 6.062016e-01 1.674419e-01
38289: 1.749226e+00 1.476780e+00 6.068111e-01 1.671827e-01
38289: 1.749614e+00 1.477589e+00 6.058733e-01 1.669243e-01
38289: 1.750000e+00 1.478395e+00 6.049383e-01 1.666667e-01
38289: 1.748844e+00 1.477658e+00 6.070878e-01 1.664099e-01
38289: 1.747692e+00 1.476923e+00 6.092308e-01 1.661538e-01
38289: 1.748080e+00 1.477727e+00 6.082949e-01 1.658986e-01
38289: 1.748466e+00 1.478528e+00 6.073620e-01 1.656442e-01
38289: 1.748851e+00 1.479326e+00 6.064319e-01 1.653905e-01
38289: 1.747706e+00 1.480122e+00 6.070336e-01 1.651376e-01
38289: 1.748092e+00 1.479389e+00 6.076336e-01 1.648855e-01
38289: 1.748476e+00 1.480183e+00 6.067073e-01 1.646341e-01
38289: 1.748858e+00 1.480974e+00 6.057839e-01 1.643836e-01
38289: 1.749240e+00 1.481763e+00 6.048632e-01 1.641337e-01
38289: 1.748103e+00 1.481032e+00 6.069803e-01 1.638847e-01
38289: 1.746970e+00 1.481818e+00 6.060606e-01 1.651515e-01
38289: 1.747352e+00 1.481089e+00 6.066566e-01 1.649017e-01
38289: 1.747734e+00 1.480363e+00 6.072508e-01 1.646526e-01
38289: 1.746606e+00 1.481146e+00 6.078431e-01 1.644042e-01
38289: 1.746988e+00 1.481928e+00 6.069277e-01 1.641566e-01
38289: 1.745865e+00 1.481203e+00 6.090226e-01 1.639098e-01
38289: 1.744745e+00 1.480480e+00 6.111111e-01 1.636637e-01
38289: 1.743628e+00 1.479760e+00 6.116942e-01 1.649175e-01
38289: 1.742515e+00 1.479042e+00 6.137725e-01 1.646707e-01
38289: 1.742900e+00 1.479821e+00 6.128550e-01 1.644245e-01
38289: 1.743284e+00 1.479104e+00 6.119403e-01 1.656716e-01
38289: 1.743666e+00 1.479881e+00 6.110283e-01 1.654247e-01
38289: 1.744048e+00 1.480655e+00 6.101190e-01 1.651786e-01
38289: 1.742942e+00 1.481426e+00 6.106984e-01 1.649331e-01
38289: 1.743323e+00 1.480712e+00 6.112760e-01 1.646884e-01
38289: 1.745185e+00 1.480000e+00 6.103704e-01 1.644444e-01
38289: 1.745562e+00 1.479290e+00 6.109467e-01 1.642012e-01
38289: 1.744461e+00 1.480059e+00 6.115214e-01 1.639586e-01
38289: 1.744838e+00 1.479351e+00 6.106195e-01 1.651917e-01
38289: 1.745214e+00 1.480118e+00 6.097202e-01 1.649485e-01
38289: 1.745588e+00 1.479412e+00 6.088235e-01 1.661765e-01
38289: 1.747430e+00 1.478708e+00 6.079295e-01 1.659325e-01
38289: 1.746334e+00 1.478006e+00 6.099707e-01 1.656891e-01
38289: 1.745242e+00 1.478770e+00 6.105417e-01 1.654466e-01
38289: 1.745614e+00 1.479532e+00 6.096491e-01 1.652047e-01
38289: 1.745985e+00 1.480292e+00 6.087591e-01 1.649635e-01
38289: 1.746356e+00 1.481050e+00 6.078717e-01 1.647230e-01
38289: 1.745269e+00 1.481805e+00 6.084425e-01 1.644833e-01
38289: 1.744186e+00 1.481105e+00 6.104651e-01 1.642442e-01
38289: 1.744557e+00 1.481858e+00 6.095791e-01 1.640058e-01
38289: 1.744928e+00 1.482609e+00 6.086957e-01 1.637681e-01
38289: 1.745297e+00 1.483357e+00 6.078148e-01 1.635311e-01
38289: 1.747110e+00 1.482659e+00 6.069364e-01 1.632948e-01
38289: 1.746032e+00 1.483405e+00 6.075036e-01 1.630592e-01
38289: 1.744957e+00 1.484150e+00 6.080692e-01 1.628242e-01
38289: 1.745324e+00 1.483453e+00 6.071942e-01 1.640288e-01
38289: 1.745690e+00 1.482759e+00 6.077586e-01 1.637931e-01
38289: 1.746055e+00 1.482066e+00 6.068867e-01 1.649928e-01
38289: 1.746418e+00 1.481375e+00 6.060172e-01 1.661891e-01
38289: 1.745351e+00 1.483548e+00 6.051502e-01 1.659514e-01
38289: 1.747143e+00 1.482857e+00 6.042857e-01 1.657143e-01
38289: 1.747504e+00 1.482168e+00 6.034237e-01 1.669044e-01
38289: 1.746439e+00 1.481481e+00 6.054131e-01 1.666667e-01
38289: 1.748222e+00 1.480797e+00 6.045519e-01 1.664296e-01
38289: 1.748580e+00 1.480114e+00 6.051136e-01 1.661932e-01
38289: 1.748936e+00 1.480851e+00 6.042553e-01 1.659574e-01
38289: 1.747875e+00 1.480170e+00 6.048159e-01 1.671388e-01
38289: 1.748232e+00 1.479491e+00 6.053748e-01 1.669024e-01
38289: 1.750000e+00 1.478814e+00 6.045198e-01 1.666667e-01
38289: 1.750353e+00 1.479549e+00 6.036671e-01 1.664316e-01
38289: 1.749296e+00 1.478873e+00 6.056338e-01 1.661972e-01
38289: 1.749648e+00 1.479606e+00 6.047820e-01 1.659634e-01
38289: 1.750000e+00 1.478933e+00 6.053371e-01 1.657303e-01
38289: 1.750351e+00 1.478261e+00 6.044881e-01 1.669004e-01
38289: 1.749300e+00 1.477591e+00 6.050420e-01 1.680672e-01
38289: 1.749650e+00 1.478322e+00 6.041958e-01 1.678322e-01
38289: 1.750000e+00 1.477654e+00 6.033520e-01 1.689944e-01
38289: 1.750349e+00 1.478382e+00 6.025105e-01 1.687587e-01
38289: 1.749304e+00 1.477716e+00 6.044568e-01 1.685237e-01
38289: 1.748261e+00 1.478442e+00 6.050070e-01 1.682893e-01
38289: 1.748611e+00 1.477778e+00 6.055556e-01 1.680556e-01
38289: 1.748960e+00 1.477115e+00 6.061026e-01 1.678225e-01
38289: 1.749307e+00 1.476454e+00 6.052632e-01 1.689751e-01
38289: 1.751037e+00 1.475795e+00 6.044260e-01 1.687414e-01
38289: 1.751381e+00 1.476519e+00 6.035912e-01 1.685083e-01
38289: 1.750345e+00 1.475862e+00 6.041379e-01 1.696552e-01
38289: 1.750689e+00 1.475207e+00 6.046832e-01 1.694215e-01
38289: 1.751032e+00 1.474553e+00 6.052270e-01 1.691884e-01
38289: 1.751374e+00 1.473901e+00 6.057692e-01 1.689560e-01
38289: 1.750343e+00 1.475995e+00 6.049383e-01 1.687243e-01
38289: 1.749315e+00 1.475342e+00 6.068493e-01 1.684932e-01
38289: 1.748290e+00 1.476060e+00 6.073871e-01 1.682627e-01
38289: 1.747268e+00 1.476776e+00 6.065574e-01 1.693989e-01
38289: 1.746248e+00 1.478854e+00 6.057299e-01 1.691678e-01
38289: 1.747956e+00 1.478202e+00 6.049046e-01 1.689373e-01
38289: 1.748299e+00 1.477551e+00 6.054422e-01 1.687075e-01
38289: 1.748641e+00 1.476902e+00 6.059783e-01 1.684783e-01
38289: 1.748982e+00 1.476255e+00 6.051560e-01 1.696065e-01
38289: 1.747967e+00 1.476965e+00 6.056911e-01 1.693767e-01
38289: 1.746955e+00 1.476319e+00 6.062246e-01 1.705007e-01
38289: 1.748649e+00 1.475676e+00 6.054054e-01 1.702703e-01
38289: 1.747638e+00 1.476383e+00 6.045884e-01 1.713900e-01
38289: 1.747978e+00 1.475741e+00 6.051213e-01 1.711590e-01
38289: 1.748318e+00 1.476447e+00 6.043069e-01 1.709287e-01
38289: 1.747312e+00 1.475806e+00 6.061828e-01 1.706989e-01
38289: 1.747651e+00 1.475168e+00 6.067114e-01 1.704698e-01
38289: 1.746649e+00 1.477212e+00 6.058981e-01 1.702413e-01
38289: 1.748327e+00 1.476573e+00 6.050870e-01 1.700134e-01
38289: 1.748663e+00 1.475936e+00 6.056150e-01 1.697861e-01
38289: 1.748999e+00 1.476636e+00 6.048064e-01 1.695594e-01
38289: 1.750667e+00 1.476000e+00 6.040000e-01 1.693333e-01
38289: 1.749667e+00 1.476698e+00 6.045273e-01 1.691079e-01
38289: 1.748670e+00 1.476064e+00 6.063830e-01 1.688830e-01
38289: 1.749004e+00 1.475432e+00 6.069057e-01 1.686587e-01
38289: 1.748011e+00 1.476127e+00 6.074271e-01 1.684350e-01
38289: 1.747020e+00 1.476821e+00 6.079470e-01 1.682119e-01
38289: 1.747354e+00 1.476190e+00 6.084656e-01 1.679894e-01
38289: 1.746367e+00 1.478203e+00 6.076618e-01 1.677675e-01
38289: 1.745383e+00 1.478892e+00 6.081794e-01 1.675462e-01
38289: 1.745718e+00 1.478261e+00 6.086957e-01 1.673254e-01
38289: 1.746053e+00 1.477632e+00 6.092105e-01 1.671053e-01
38289: 1.746386e+00 1.477004e+00 6.097240e-01 1.668857e-01
38289: 1.746719e+00 1.476378e+00 6.102362e-01 1.666667e-01
38289: 1.747051e+00 1.477064e+00 6.094364e-01 1.664482e-01
38289: 1.747382e+00 1.476440e+00 6.099476e-01 1.662304e-01
38289: 1.746405e+00 1.477124e+00 6.104575e-01 1.660131e-01
38289: 1.745431e+00 1.477807e+00 6.109661e-01 1.657963e-01
38289: 1.744459e+00 1.478488e+00 6.114733e-01 1.655802e-01
38289: 1.744792e+00 1.479167e+00 6.106771e-01 1.653646e-01
38289: 1.745124e+00 1.478544e+00 6.111834e-01 1.651495e-01
38289: 1.744156e+00 1.477922e+00 6.116883e-01 1.662338e-01
38289: 1.743191e+00 1.479896e+00 6.108949e-01 1.660182e-01
38289: 1.743523e+00 1.479275e+00 6.101036e-01 1.670984e-01
38289: 1.742561e+00 1.479948e+00 6.106080e-01 1.668823e-01
38289: 1.742894e+00 1.479328e+00 6.098191e-01 1.679587e-01
38289: 1.743226e+00 1.480000e+00 6.090323e-01 1.677419e-01
38289: 1.742268e+00 1.479381e+00 6.095361e-01 1.688144e-01
38289: 1.741313e+00 1.480051e+00 6.100386e-01 1.685972e-01
38289: 1.740360e+00 1.479434e+00 6.118252e-01 1.683805e-01
38289: 1.740693e+00 1.478819e+00 6.123235e-01 1.681643e-01
38289: 1.739744e+00 1.479487e+00 6.128205e-01 1.679487e-01
38289: 1.738796e+00 1.481434e+00 6.120359e-01 1.677337e-01
38289: 1.737852e+00 1.480818e+00 6.138107e-01 1.675192e-01
38289: 1.738186e+00 1.480204e+00 6.143040e-01 1.673052e-01
38289: 1.738520e+00 1.480867e+00 6.135204e-01 1.670918e-01
38289: 1.738854e+00 1.481529e+00 6.127389e-01 1.668790e-01
38289: 1.739186e+00 1.480916e+00 6.132316e-01 1.666667e-01
38289: 1.739517e+00 1.481576e+00 6.124524e-01 1.664549e-01
38289: 1.739848e+00 1.482234e+00 6.116751e-01 1.662437e-01
38289: 1.740177e+00 1.481622e+00 6.121673e-01 1.660330e-01
38289: 1.739241e+00 1.482278e+00 6.126582e-01 1.658228e-01
38289: 1.738306e+00 1.481669e+00 6.144121e-01 1.656131e-01
38289: 1.737374e+00 1.481061e+00 6.148990e-01 1.666667e-01
38289: 1.736444e+00 1.481715e+00 6.153846e-01 1.664565e-01
38289: 1.735516e+00 1.481108e+00 6.171285e-01 1.662469e-01
38289: 1.734591e+00 1.481761e+00 6.176101e-01 1.660377e-01
38289: 1.733668e+00 1.481156e+00 6.193467e-01 1.658291e-01
38289: 1.735257e+00 1.480552e+00 6.185696e-01 1.656211e-01
38289: 1.734336e+00 1.481203e+00 6.190476e-01 1.654135e-01
38289: 1.735920e+00 1.480601e+00 6.182728e-01 1.652065e-01
38289: 1.736250e+00 1.481250e+00 6.175000e-01 1.650000e-01
38289: 1.736579e+00 1.481898e+00 6.167291e-01 1.647940e-01
38289: 1.735661e+00 1.482544e+00 6.172070e-01 1.645885e-01
38289: 1.737235e+00 1.481943e+00 6.164384e-01 1.643836e-01
38289: 1.737562e+00 1.481343e+00 6.169154e-01 1.641791e-01
38289: 1.737888e+00 1.480745e+00 6.173913e-01 1.639752e-01
38289: 1.736973e+00 1.481390e+00 6.178660e-01 1.637717e-01
38289: 1.736059e+00 1.482032e+00 6.183395e-01 1.635688e-01
38289: 1.735149e+00 1.481436e+00 6.200495e-01 1.633663e-01
38289: 1.736712e+00 1.480841e+00 6.192831e-01 1.631644e-01
38289: 1.737037e+00 1.480247e+00 6.197531e-01 1.629630e-01
38289: 1.737361e+00 1.479655e+00 6.202219e-01 1.627620e-01
38289: 1.737685e+00 1.479064e+00 6.206897e-01 1.625616e-01
38289: 1.738007e+00 1.479705e+00 6.199262e-01 1.623616e-01
38289: 1.739558e+00 1.479115e+00 6.191646e-01 1.621622e-01
38289: 1.739877e+00 1.479755e+00 6.184049e-01 1.619632e-01
38289: 1.738971e+00 1.479167e+00 6.188725e-01 1.629902e-01
38289: 1.739290e+00 1.479804e+00 6.181151e-01 1.627907e-01
38289: 1.739609e+00 1.479218e+00 6.185819e-01 1.625917e-01
38289: 1.739927e+00 1.479853e+00 6.178266e-01 1.623932e-01
38289: 1.739024e+00 1.480488e+00 6.182927e-01 1.621951e-01
38289: 1.739342e+00 1.481121e+00 6.175396e-01 1.619976e-01
38289: 1.738443e+00 1.480535e+00 6.192214e-01 1.618005e-01
38289: 1.737546e+00 1.479951e+00 6.196841e-01 1.628190e-01
38289: 1.736650e+00 1.480583e+00 6.201456e-01 1.626214e-01
38289: 1.735758e+00 1.481212e+00 6.206061e-01 1.624242e-01
38289: 1.736077e+00 1.480630e+00 6.210654e-01 1.622276e-01
38289: 1.736397e+00 1.480048e+00 6.215236e-01 1.620314e-01
38289: 1.736715e+00 1.479469e+00 6.219807e-01 1.618357e-01
38289: 1.738239e+00 1.478890e+00 6.212304e-01 1.616405e-01
38289: 1.738554e+00 1.478313e+00 6.216867e-01 1.614458e-01
38289: 1.737665e+00 1.477738e+00 6.233454e-01 1.612515e-01
38289: 1.737981e+00 1.477163e+00 6.237981e-01 1.610577e-01
38289: 1.738295e+00 1.476591e+00 6.230492e-01 1.620648e-01
38289: 1.737410e+00 1.476019e+00 6.247002e-01 1.618705e-01
38289: 1.738922e+00 1.475449e+00 6.239521e-01 1.616766e-01
38289: 1.739234e+00 1.474880e+00 6.244019e-01 1.614833e-01
38289: 1.738351e+00 1.475508e+00 6.248507e-01 1.612903e-01
38289: 1.738663e+00 1.476134e+00 6.241050e-01 1.610979e-01
38289: 1.738975e+00 1.475566e+00 6.245530e-01 1.609058e-01
38289: 1.738095e+00 1.475000e+00 6.261905e-01 1.607143e-01
38289: 1.737218e+00 1.474435e+00 6.266350e-01 1.617122e-01
38289: 1.736342e+00 1.475059e+00 6.258907e-01 1.627078e-01
38289: 1.735469e+00 1.475682e+00 6.263345e-01 1.625148e-01
38289: 1.734597e+00 1.476303e+00 6.267773e-01 1.623223e-01
38289: 1.734911e+00 1.475740e+00 6.272189e-01 1.621302e-01
38289: 1.736407e+00 1.475177e+00 6.264775e-01 1.619385e-01
38289: 1.735537e+00 1.475797e+00 6.269185e-01 1.617473e-01
38289: 1.737028e+00 1.475236e+00 6.261792e-01 1.615566e-01
38289: 1.737338e+00 1.475854e+00 6.254417e-01 1.613663e-01
38289: 1.737647e+00 1.476471e+00 6.247059e-01 1.611765e-01
38289: 1.737955e+00 1.475911e+00 6.239718e-01 1.621622e-01
38289: 1.737089e+00 1.475352e+00 6.255869e-01 1.619718e-01
38289: 1.737397e+00 1.474795e+00 6.260258e-01 1.617819e-01
38289: 1.736534e+00 1.475410e+00 6.264637e-01 1.615925e-01
38289: 1.735673e+00 1.476023e+00 6.269006e-01 1.614035e-01
38289: 1.735981e+00 1.475467e+00 6.273364e-01 1.612150e-01
38289: 1.735123e+00 1.474912e+00 6.277713e-01 1.621937e-01
38289: 1.735431e+00 1.475524e+00 6.270396e-01 1.620047e-01
38289: 1.735739e+00 1.474971e+00 6.263097e-01 1.629802e-01
38289: 1.734884e+00 1.475581e+00 6.267442e-01 1.627907e-01
38289: 1.735192e+00 1.475029e+00 6.271777e-01 1.626016e-01
38289: 1.736659e+00 1.474478e+00 6.264501e-01 1.624130e-01
38289: 1.736964e+00 1.475087e+00 6.257242e-01 1.622248e-01
38289: 1.737269e+00 1.474537e+00 6.261574e-01 1.620370e-01
38289: 1.737572e+00 1.473988e+00 6.254335e-01 1.630058e-01
38289: 1.737875e+00 1.473441e+00 6.247113e-01 1.639723e-01
38289: 1.739331e+00 1.472895e+00 6.239908e-01 1.637832e-01
38289: 1.739631e+00 1.473502e+00 6.232719e-01 1.635945e-01
38289: 1.739931e+00 1.472957e+00 6.237054e-01 1.634062e-01
38289: 1.739080e+00 1.473563e+00 6.241379e-01 1.632184e-01
38289: 1.739380e+00 1.474168e+00 6.234214e-01 1.630310e-01
38289: 1.738532e+00 1.473624e+00 6.250000e-01 1.628440e-01
38289: 1.737686e+00 1.473081e+00 6.265750e-01 1.626575e-01
38289: 1.736842e+00 1.473684e+00 6.270023e-01 1.624714e-01
38289: 1.737143e+00 1.473143e+00 6.262857e-01 1.634286e-01
38289: 1.736301e+00 1.473744e+00 6.267123e-01 1.632420e-01
38289: 1.735462e+00 1.473204e+00 6.282782e-01 1.630559e-01
38289: 1.735763e+00 1.472665e+00 6.287016e-01 1.628702e-01
38289: 1.734926e+00 1.474403e+00 6.279863e-01 1.626849e-01
38289: 1.735227e+00 1.475000e+00 6.272727e-01 1.625000e-01
38289: 1.734393e+00 1.474461e+00 6.288309e-01 1.623156e-01
38289: 1.734694e+00 1.473923e+00 6.292517e-01 1.621315e-01
38289: 1.733862e+00 1.474519e+00 6.296716e-01 1.619479e-01
38289: 1.733032e+00 1.473982e+00 6.312217e-01 1.617647e-01
38289: 1.732203e+00 1.473446e+00 6.316384e-01 1.627119e-01
38289: 1.731377e+00 1.472912e+00 6.331828e-01 1.625282e-01
38289: 1.730552e+00 1.473506e+00 6.335964e-01 1.623450e-01
38289: 1.730856e+00 1.472973e+00 6.328829e-01 1.632883e-01
38289: 1.730034e+00 1.472441e+00 6.344207e-01 1.631046e-01
38289: 1.729213e+00 1.471910e+00 6.359551e-01 1.629213e-01
38289: 1.729517e+00 1.472503e+00 6.352413e-01 1.627385e-01
38289: 1.729821e+00 1.473094e+00 6.345291e-01 1.625561e-01
38289: 1.729003e+00 1.473684e+00 6.349384e-01 1.623740e-01
38289: 1.728188e+00 1.474273e+00 6.342282e-01 1.633110e-01
38289: 1.727374e+00 1.473743e+00 6.357542e-01 1.631285e-01
38289: 1.728795e+00 1.473214e+00 6.350446e-01 1.629464e-01
38289: 1.729097e+00 1.473802e+00 6.343367e-01 1.627648e-01
38289: 1.728285e+00 1.474388e+00 6.347439e-01 1.625835e-01
38289: 1.728587e+00 1.474972e+00 6.340378e-01 1.624027e-01
38289: 1.727778e+00 1.474444e+00 6.344444e-01 1.633333e-01
38289: 1.729190e+00 1.473918e+00 6.337403e-01 1.631521e-01
38289: 1.728381e+00 1.475610e+00 6.330377e-01 1.629712e-01
38289: 1.727575e+00 1.477298e+00 6.323367e-01 1.627907e-01
38289: 1.726770e+00 1.477876e+00 6.327434e-01 1.626106e-01
38289: 1.725967e+00 1.477348e+00 6.342541e-01 1.624309e-01
38289: 1.725166e+00 1.479029e+00 6.335541e-01 1.622517e-01
38289: 1.726571e+00 1.478501e+00 6.328556e-01 1.620728e-01
38289: 1.725771e+00 1.479075e+00 6.332599e-01 1.618943e-01
38289: 1.724972e+00 1.478548e+00 6.347635e-01 1.617162e-01
38289: 1.725275e+00 1.478022e+00 6.351648e-01 1.615385e-01
38289: 1.725576e+00 1.477497e+00 6.344676e-01 1.624588e-01
38289: 1.725877e+00 1.476974e+00 6.348684e-01 1.622807e-01
38289: 1.725082e+00 1.477547e+00 6.352683e-01 1.621030e-01
38289: 1.725383e+00 1.477024e+00 6.356674e-01 1.619256e-01
38289: 1.725683e+00 1.476503e+00 6.360656e-01 1.617486e-01
38289: 1.725983e+00 1.477074e+00 6.353712e-01 1.615721e-01
38289: 1.726281e+00 1.477644e+00 6.346783e-01 1.613959e-01
38289: 1.725490e+00 1.478214e+00 6.350763e-01 1.612200e-01
38289: 1.724701e+00 1.478781e+00 6.354733e-01 1.610446e-01
38289: 1.725000e+00 1.478261e+00 6.358696e-01 1.608696e-01
38289: 1.725299e+00 1.477742e+00 6.362649e-01 1.606949e-01
38289: 1.724512e+00 1.477223e+00 6.366594e-01 1.616052e-01
38289: 1.724810e+00 1.477790e+00 6.359697e-01 1.614301e-01
38289: 1.724026e+00 1.479437e+00 6.352814e-01 1.612554e-01
38289: 1.724324e+00 1.478919e+00 6.356757e-01 1.610811e-01
38289: 1.723542e+00 1.479482e+00 6.360691e-01 1.609071e-01
38289: 1.722762e+00 1.480043e+00 6.364617e-01 1.607335e-01
38289: 1.723060e+00 1.480603e+00 6.357759e-01 1.605603e-01
38289: 1.723358e+00 1.480086e+00 6.361679e-01 1.603875e-01
38289: 1.724731e+00 1.479570e+00 6.354839e-01 1.602151e-01
38289: 1.725027e+00 1.480129e+00 6.348013e-01 1.600430e-01
38289: 1.724249e+00 1.479614e+00 6.351931e-01 1.609442e-01
38289: 1.725616e+00 1.479100e+00 6.345123e-01 1.607717e-01
38289: 1.724839e+00 1.478587e+00 6.359743e-01 1.605996e-01
38289: 1.725134e+00 1.478075e+00 6.363636e-01 1.604278e-01
38289: 1.724359e+00 1.478632e+00 6.367521e-01 1.602564e-01
38289: 1.724653e+00 1.478122e+00 6.371398e-01 1.600854e-01
38289: 1.724947e+00 1.478678e+00 6.364606e-01 1.599147e-01
38289: 1.725240e+00 1.479233e+00 6.357827e-01 1.597444e-01
38289: 1.725532e+00 1.478723e+00 6.361702e-01 1.595745e-01
38289: 1.724761e+00 1.479277e+00 6.365569e-01 1.594049e-01
38289: 1.725053e+00 1.478769e+00 6.358811e-01 1.602972e-01
38289: 1.724284e+00 1.480382e+00 6.352068e-01 1.601273e-01
38289: 1.723517e+00 1.480932e+00 6.355932e-01 1.599576e-01
38289: 1.723810e+00 1.480423e+00 6.359788e-01 1.597884e-01
38289: 1.723044e+00 1.479915e+00 6.374207e-01 1.596195e-01
38289: 1.723337e+00 1.479409e+00 6.378036e-01 1.594509e-01
38289: 1.723629e+00 1.478903e+00 6.381857e-01 1.592827e-01
38289: 1.723920e+00 1.479452e+00 6.375132e-01 1.591149e-01
38289: 1.724211e+00 1.478947e+00 6.378947e-01 1.589474e-01
38289: 1.724501e+00 1.478444e+00 6.372240e-01 1.598318e-01
38289: 1.724790e+00 1.478992e+00 6.365546e-01 1.596639e-01
38289: 1.724029e+00 1.478489e+00 6.369360e-01 1.605456e-01
38289: 1.724319e+00 1.479036e+00 6.362683e-01 1.603774e-01
38289: 1.724607e+00 1.479581e+00 6.356021e-01 1.602094e-01
38289: 1.724895e+00 1.479079e+00 6.359833e-01 1.600418e-01
38289: 1.725183e+00 1.478579e+00 6.353187e-01 1.609195e-01
38289: 1.724426e+00 1.480167e+00 6.346555e-01 1.607516e-01
38289: 1.723670e+00 1.480709e+00 6.350365e-01 1.605839e-01
38289: 1.723958e+00 1.481250e+00 6.343750e-01 1.604167e-01
38289: 1.723205e+00 1.481790e+00 6.347555e-01 1.602497e-01
38289: 1.723493e+00 1.482328e+00 6.340956e-01 1.600832e-01
38289: 1.724818e+00 1.481828e+00 6.334372e-01 1.599169e-01
38289: 1.725104e+00 1.482365e+00 6.327801e-01 1.597510e-01
38289: 1.724352e+00 1.481865e+00 6.341969e-01 1.595855e-01
38289: 1.724638e+00 1.481366e+00 6.345756e-01 1.594203e-01
38289: 1.723888e+00 1.480869e+00 6.359876e-01 1.592554e-01
38289: 1.723140e+00 1.482438e+00 6.353306e-01 1.590909e-01
38289: 1.724458e+00 1.481940e+00 6.346749e-01 1.589267e-01
38289: 1.723711e+00 1.483505e+00 6.340206e-01 1.587629e-01
38289: 1.722966e+00 1.483007e+00 6.354274e-01 1.585994e-01
38289: 1.724280e+00 1.482510e+00 6.347737e-01 1.584362e-01
38289: 1.724563e+00 1.482014e+00 6.351490e-01 1.582734e-01
38289: 1.724846e+00 1.481520e+00 6.344969e-01 1.591376e-01
38289: 1.725128e+00 1.481026e+00 6.338462e-01 1.600000e-01
38289: 1.726434e+00 1.480533e+00 6.331967e-01 1.598361e-01
38289: 1.726714e+00 1.481064e+00 6.325486e-01 1.596725e-01
38289: 1.726994e+00 1.480573e+00 6.329243e-01 1.595092e-01
38289: 1.727273e+00 1.480082e+00 6.332993e-01 1.593463e-01
38289: 1.728571e+00 1.479592e+00 6.326531e-01 1.591837e-01
38289: 1.727829e+00 1.480122e+00 6.330275e-01 1.590214e-01
38289: 1.728106e+00 1.480652e+00 6.323829e-01 1.588595e-01
38289: 1.728383e+00 1.480163e+00 6.327569e-01 1.586979e-01
38289: 1.727642e+00 1.480691e+00 6.331301e-01 1.585366e-01
38289: 1.726904e+00 1.480203e+00 6.345178e-01 1.583756e-01
38289: 1.727181e+00 1.480730e+00 6.338742e-01 1.582150e-01
38289: 1.726444e+00 1.482270e+00 6.332320e-01 1.580547e-01
38289: 1.725709e+00 1.482794e+00 6.336032e-01 1.578947e-01
38289: 1.725986e+00 1.483316e+00 6.329626e-01 1.577351e-01
38289: 1.726263e+00 1.482828e+00 6.333333e-01 1.575758e-01
38289: 1.726539e+00 1.483350e+00 6.326942e-01 1.574168e-01
38289: 1.725806e+00 1.483871e+00 6.330645e-01 1.572581e-01
38289: 1.725076e+00 1.483384e+00 6.344411e-01 1.570997e-01
38289: 1.724346e+00 1.482897e+00 6.358149e-01 1.569416e-01
38289: 1.724623e+00 1.483417e+00 6.351759e-01 1.567839e-01
38289: 1.724900e+00 1.483936e+00 6.345382e-01 1.566265e-01
38289: 1.725176e+00 1.483450e+00 6.339017e-01 1.574724e-01
38289: 1.725451e+00 1.482966e+00 6.332665e-01 1.583166e-01
38289: 1.725726e+00 1.482482e+00 6.336336e-01 1.581582e-01
38289: Done!
Traceback (most recent call last):
  File "/lowest-unique-number/tournament0/elexunix.py", line 25, in <module>
    input()
EOFError: EOF when reading a line
