Forked 38259
Starting to reopen 0 and 1
Calling execv `tournament0/alex_dany` (pid 38259)
38259: Started!
38259: Number of players: 4, position: 0, number of turns: 1000
38259: Random seed: 2729742726
Strategy 0: first ans is 0
Forked 38260
Starting to reopen 0 and 1
Calling execv `tournament0/pzakorko.py` (pid 38260)
Strategy 1: first ans is 0
Forked 38261
Starting to reopen 0 and 1
Calling execv `tournament0/lounres.py` (pid 38261)
Strategy 2: first ans is 1
Forked 38262
Starting to reopen 0 and 1
Calling execv `tournament0/the_best_strategy.py` (pid 38262)
Strategy 3: first ans is 0
38259: 3.000000e+00 1.000000e+00 0.000000e+00 0.000000e+00
38259: 2.000000e+00 1.500000e+00 5.000000e-01 0.000000e+00
38259: 2.333333e+00 1.333333e+00 3.333333e-01 0.000000e+00
38259: 2.250000e+00 1.500000e+00 2.500000e-01 0.000000e+00
38259: 2.200000e+00 1.400000e+00 4.000000e-01 0.000000e+00
38259: 2.166667e+00 1.500000e+00 3.333333e-01 0.000000e+00
38259: 2.142857e+00 1.428571e+00 4.285714e-01 0.000000e+00
38259: 2.125000e+00 1.500000e+00 3.750000e-01 0.000000e+00
38259: 2.111111e+00 1.444444e+00 4.444444e-01 0.000000e+00
38259: 2.000000e+00 1.500000e+00 5.000000e-01 0.000000e+00
38259: 2.090909e+00 1.454545e+00 4.545455e-01 0.000000e+00
38259: 2.000000e+00 1.500000e+00 5.000000e-01 0.000000e+00
38259: 2.000000e+00 1.461538e+00 5.384615e-01 0.000000e+00
38259: 1.928571e+00 1.571429e+00 5.000000e-01 0.000000e+00
38259: 1.933333e+00 1.466667e+00 6.000000e-01 0.000000e+00
38259: 1.937500e+00 1.500000e+00 5.625000e-01 0.000000e+00
38259: 1.882353e+00 1.529412e+00 5.882353e-01 0.000000e+00
38259: 1.944444e+00 1.500000e+00 5.555556e-01 0.000000e+00
38259: 1.947368e+00 1.526316e+00 5.263158e-01 0.000000e+00
38259: 1.950000e+00 1.500000e+00 5.500000e-01 0.000000e+00
38259: 1.904762e+00 1.523810e+00 5.714286e-01 0.000000e+00
38259: 1.909091e+00 1.500000e+00 5.909091e-01 0.000000e+00
38259: 1.913043e+00 1.521739e+00 5.652174e-01 0.000000e+00
38259: 1.875000e+00 1.500000e+00 6.250000e-01 0.000000e+00
38259: 1.880000e+00 1.520000e+00 6.000000e-01 0.000000e+00
38259: 1.884615e+00 1.500000e+00 6.153846e-01 0.000000e+00
38259: 1.888889e+00 1.518519e+00 5.925926e-01 0.000000e+00
38259: 1.857143e+00 1.535714e+00 6.071429e-01 0.000000e+00
38259: 1.896552e+00 1.517241e+00 5.862069e-01 0.000000e+00
38259: 1.866667e+00 1.566667e+00 5.666667e-01 0.000000e+00
38259: 1.903226e+00 1.548387e+00 5.483871e-01 0.000000e+00
38259: 1.875000e+00 1.562500e+00 5.625000e-01 0.000000e+00
38259: 1.909091e+00 1.545455e+00 5.454545e-01 0.000000e+00
38259: 1.911765e+00 1.558824e+00 5.294118e-01 0.000000e+00
38259: 1.885714e+00 1.542857e+00 5.714286e-01 0.000000e+00
38259: 1.916667e+00 1.527778e+00 5.555556e-01 0.000000e+00
38259: 1.918919e+00 1.540541e+00 5.405405e-01 0.000000e+00
38259: 1.921053e+00 1.526316e+00 5.526316e-01 0.000000e+00
38259: 1.923077e+00 1.538462e+00 5.384615e-01 0.000000e+00
38259: 1.925000e+00 1.525000e+00 5.500000e-01 0.000000e+00
38259: 1.926829e+00 1.536585e+00 5.365854e-01 0.000000e+00
38259: 1.904762e+00 1.523810e+00 5.714286e-01 0.000000e+00
38259: 1.906977e+00 1.534884e+00 5.581395e-01 0.000000e+00
38259: 1.909091e+00 1.522727e+00 5.681818e-01 0.000000e+00
38259: 1.911111e+00 1.533333e+00 5.555556e-01 0.000000e+00
38259: 1.891304e+00 1.521739e+00 5.869565e-01 0.000000e+00
38259: 1.914894e+00 1.510638e+00 5.744681e-01 0.000000e+00
38259: 1.895833e+00 1.520833e+00 5.833333e-01 0.000000e+00
38259: 1.918367e+00 1.510204e+00 5.714286e-01 0.000000e+00
38259: 1.900000e+00 1.520000e+00 5.800000e-01 0.000000e+00
38259: 1.901961e+00 1.509804e+00 5.882353e-01 0.000000e+00
38259: 1.903846e+00 1.519231e+00 5.769231e-01 0.000000e+00
38259: 1.905660e+00 1.509434e+00 5.849057e-01 0.000000e+00
38259: 1.888889e+00 1.537037e+00 5.740741e-01 0.000000e+00
38259: 1.890909e+00 1.545455e+00 5.636364e-01 0.000000e+00
38259: 1.875000e+00 1.535714e+00 5.892857e-01 0.000000e+00
38259: 1.877193e+00 1.543860e+00 5.789474e-01 0.000000e+00
38259: 1.879310e+00 1.534483e+00 5.862069e-01 0.000000e+00
38259: 1.864407e+00 1.542373e+00 5.932203e-01 0.000000e+00
38259: 1.883333e+00 1.533333e+00 5.833333e-01 0.000000e+00
38259: 1.885246e+00 1.540984e+00 5.737705e-01 0.000000e+00
38259: 1.887097e+00 1.532258e+00 5.806452e-01 0.000000e+00
38259: 1.873016e+00 1.539683e+00 5.873016e-01 0.000000e+00
38259: 1.875000e+00 1.546875e+00 5.781250e-01 0.000000e+00
38259: 1.861538e+00 1.538462e+00 6.000000e-01 0.000000e+00
38259: 1.863636e+00 1.530303e+00 6.060606e-01 0.000000e+00
38259: 1.850746e+00 1.552239e+00 5.970149e-01 0.000000e+00
38259: 1.867647e+00 1.544118e+00 5.882353e-01 0.000000e+00
38259: 1.855072e+00 1.550725e+00 5.942029e-01 0.000000e+00
38259: 1.857143e+00 1.542857e+00 6.000000e-01 0.000000e+00
38259: 1.845070e+00 1.563380e+00 5.915493e-01 0.000000e+00
38259: 1.861111e+00 1.555556e+00 5.833333e-01 0.000000e+00
38259: 1.863014e+00 1.561644e+00 5.753425e-01 0.000000e+00
38259: 1.864865e+00 1.554054e+00 5.810811e-01 0.000000e+00
38259: 1.853333e+00 1.560000e+00 5.866667e-01 0.000000e+00
38259: 1.855263e+00 1.565789e+00 5.789474e-01 0.000000e+00
38259: 1.857143e+00 1.558442e+00 5.844156e-01 0.000000e+00
38259: 1.846154e+00 1.564103e+00 5.897436e-01 0.000000e+00
38259: 1.848101e+00 1.556962e+00 5.949367e-01 0.000000e+00
38259: 1.850000e+00 1.562500e+00 5.875000e-01 0.000000e+00
38259: 1.839506e+00 1.567901e+00 5.925926e-01 0.000000e+00
38259: 1.853659e+00 1.560976e+00 5.853659e-01 0.000000e+00
38259: 1.855422e+00 1.566265e+00 5.783133e-01 0.000000e+00
38259: 1.845238e+00 1.559524e+00 5.952381e-01 0.000000e+00
38259: 1.858824e+00 1.552941e+00 5.882353e-01 0.000000e+00
38259: 1.860465e+00 1.558140e+00 5.813953e-01 0.000000e+00
38259: 1.862069e+00 1.551724e+00 5.862069e-01 0.000000e+00
38259: 1.852273e+00 1.556818e+00 5.909091e-01 0.000000e+00
38259: 1.853933e+00 1.550562e+00 5.955056e-01 0.000000e+00
38259: 1.844444e+00 1.555556e+00 6.000000e-01 0.000000e+00
38259: 1.846154e+00 1.560440e+00 5.934066e-01 0.000000e+00
38259: 1.847826e+00 1.554348e+00 5.978261e-01 0.000000e+00
38259: 1.849462e+00 1.559140e+00 5.913978e-01 0.000000e+00
38259: 1.851064e+00 1.553191e+00 5.957447e-01 0.000000e+00
38259: 1.852632e+00 1.557895e+00 5.894737e-01 0.000000e+00
38259: 1.854167e+00 1.552083e+00 5.937500e-01 0.000000e+00
38259: 1.855670e+00 1.556701e+00 5.876289e-01 0.000000e+00
38259: 1.846939e+00 1.561224e+00 5.918367e-01 0.000000e+00
38259: 1.858586e+00 1.555556e+00 5.858586e-01 0.000000e+00
38259: 1.850000e+00 1.560000e+00 5.900000e-01 0.000000e+00
38259: 1.851485e+00 1.554455e+00 5.940594e-01 0.000000e+00
38259: 1.843137e+00 1.568627e+00 5.882353e-01 0.000000e+00
38259: 1.844660e+00 1.563107e+00 5.922330e-01 0.000000e+00
38259: 1.846154e+00 1.567308e+00 5.865385e-01 0.000000e+00
38259: 1.847619e+00 1.561905e+00 5.904762e-01 0.000000e+00
38259: 1.839623e+00 1.566038e+00 5.943396e-01 0.000000e+00
38259: 1.841121e+00 1.560748e+00 5.981308e-01 0.000000e+00
38259: 1.842593e+00 1.564815e+00 5.925926e-01 0.000000e+00
38259: 1.834862e+00 1.568807e+00 5.963303e-01 0.000000e+00
38259: 1.836364e+00 1.572727e+00 5.909091e-01 0.000000e+00
38259: 1.837838e+00 1.558559e+00 6.036036e-01 0.000000e+00
38259: 1.830357e+00 1.562500e+00 6.071429e-01 0.000000e+00
38259: 1.831858e+00 1.557522e+00 6.106195e-01 0.000000e+00
38259: 1.833333e+00 1.561404e+00 6.052632e-01 0.000000e+00
38259: 1.826087e+00 1.556522e+00 6.173913e-01 0.000000e+00
38259: 1.836207e+00 1.551724e+00 6.120690e-01 0.000000e+00
38259: 1.837607e+00 1.555556e+00 6.068376e-01 0.000000e+00
38259: 1.830508e+00 1.550847e+00 6.186441e-01 0.000000e+00
38259: 1.840336e+00 1.546218e+00 6.134454e-01 0.000000e+00
38259: 1.833333e+00 1.550000e+00 6.166667e-01 0.000000e+00
38259: 1.842975e+00 1.545455e+00 6.115702e-01 0.000000e+00
38259: 1.844262e+00 1.549180e+00 6.065574e-01 0.000000e+00
38259: 1.845528e+00 1.544715e+00 6.097561e-01 0.000000e+00
38259: 1.838710e+00 1.548387e+00 6.129032e-01 0.000000e+00
38259: 1.840000e+00 1.544000e+00 6.160000e-01 0.000000e+00
38259: 1.833333e+00 1.547619e+00 6.190476e-01 0.000000e+00
38259: 1.842520e+00 1.543307e+00 6.141732e-01 0.000000e+00
38259: 1.835938e+00 1.554688e+00 6.093750e-01 0.000000e+00
38259: 1.837209e+00 1.550388e+00 6.124031e-01 0.000000e+00
38259: 1.838462e+00 1.553846e+00 6.076923e-01 0.000000e+00
38259: 1.832061e+00 1.549618e+00 6.183206e-01 0.000000e+00
38259: 1.840909e+00 1.545455e+00 6.136364e-01 0.000000e+00
38259: 1.834586e+00 1.548872e+00 6.165414e-01 0.000000e+00
38259: 1.835821e+00 1.544776e+00 6.194030e-01 0.000000e+00
38259: 1.829630e+00 1.548148e+00 6.222222e-01 0.000000e+00
38259: 1.830882e+00 1.544118e+00 6.250000e-01 0.000000e+00
38259: 1.832117e+00 1.547445e+00 6.204380e-01 0.000000e+00
38259: 1.826087e+00 1.543478e+00 6.304348e-01 0.000000e+00
38259: 1.834532e+00 1.539568e+00 6.258993e-01 0.000000e+00
38259: 1.828571e+00 1.542857e+00 6.285714e-01 0.000000e+00
38259: 1.836879e+00 1.539007e+00 6.241135e-01 0.000000e+00
38259: 1.830986e+00 1.549296e+00 6.197183e-01 0.000000e+00
38259: 1.839161e+00 1.545455e+00 6.153846e-01 0.000000e+00
38259: 1.840278e+00 1.548611e+00 6.111111e-01 0.000000e+00
38259: 1.834483e+00 1.551724e+00 6.137931e-01 0.000000e+00
38259: 1.842466e+00 1.547945e+00 6.095890e-01 0.000000e+00
38259: 1.836735e+00 1.557823e+00 6.054422e-01 0.000000e+00
38259: 1.844595e+00 1.554054e+00 6.013514e-01 0.000000e+00
38259: 1.838926e+00 1.557047e+00 6.040268e-01 0.000000e+00
38259: 1.846667e+00 1.553333e+00 6.000000e-01 0.000000e+00
38259: 1.841060e+00 1.562914e+00 5.960265e-01 0.000000e+00
38259: 1.842105e+00 1.565789e+00 5.921053e-01 0.000000e+00
38259: 1.843137e+00 1.562092e+00 5.947712e-01 0.000000e+00
38259: 1.844156e+00 1.564935e+00 5.909091e-01 0.000000e+00
38259: 1.845161e+00 1.561290e+00 5.935484e-01 0.000000e+00
38259: 1.839744e+00 1.564103e+00 5.961538e-01 0.000000e+00
38259: 1.847134e+00 1.560510e+00 5.923567e-01 0.000000e+00
38259: 1.848101e+00 1.563291e+00 5.886076e-01 0.000000e+00
38259: 1.842767e+00 1.559748e+00 5.974843e-01 0.000000e+00
38259: 1.850000e+00 1.556250e+00 5.937500e-01 0.000000e+00
38259: 1.850932e+00 1.559006e+00 5.900621e-01 0.000000e+00
38259: 1.845679e+00 1.555556e+00 5.987654e-01 0.000000e+00
38259: 1.846626e+00 1.552147e+00 6.012270e-01 0.000000e+00
38259: 1.847561e+00 1.554878e+00 5.975610e-01 0.000000e+00
38259: 1.842424e+00 1.551515e+00 6.060606e-01 0.000000e+00
38259: 1.843373e+00 1.548193e+00 6.084337e-01 0.000000e+00
38259: 1.838323e+00 1.550898e+00 6.107784e-01 0.000000e+00
38259: 1.839286e+00 1.553571e+00 6.071429e-01 0.000000e+00
38259: 1.834320e+00 1.556213e+00 6.094675e-01 0.000000e+00
38259: 1.835294e+00 1.552941e+00 6.117647e-01 0.000000e+00
38259: 1.830409e+00 1.561404e+00 6.081871e-01 0.000000e+00
38259: 1.837209e+00 1.558140e+00 6.046512e-01 0.000000e+00
38259: 1.838150e+00 1.560694e+00 6.011561e-01 0.000000e+00
38259: 1.839080e+00 1.557471e+00 6.034483e-01 0.000000e+00
38259: 1.834286e+00 1.560000e+00 6.057143e-01 0.000000e+00
38259: 1.835227e+00 1.556818e+00 6.079545e-01 0.000000e+00
38259: 1.830508e+00 1.559322e+00 6.101695e-01 0.000000e+00
38259: 1.837079e+00 1.556180e+00 6.067416e-01 0.000000e+00
38259: 1.832402e+00 1.558659e+00 6.089385e-01 0.000000e+00
38259: 1.838889e+00 1.555556e+00 6.055556e-01 0.000000e+00
38259: 1.834254e+00 1.558011e+00 6.077348e-01 0.000000e+00
38259: 1.840659e+00 1.554945e+00 6.043956e-01 0.000000e+00
38259: 1.841530e+00 1.557377e+00 6.010929e-01 0.000000e+00
38259: 1.842391e+00 1.554348e+00 6.032609e-01 0.000000e+00
38259: 1.843243e+00 1.556757e+00 6.000000e-01 0.000000e+00
38259: 1.838710e+00 1.559140e+00 6.021505e-01 0.000000e+00
38259: 1.844920e+00 1.556150e+00 5.989305e-01 0.000000e+00
38259: 1.840426e+00 1.558511e+00 6.010638e-01 0.000000e+00
38259: 1.846561e+00 1.555556e+00 5.978836e-01 0.000000e+00
38259: 1.842105e+00 1.557895e+00 6.000000e-01 0.000000e+00
38259: 1.842932e+00 1.554974e+00 6.020942e-01 0.000000e+00
38259: 1.843750e+00 1.557292e+00 5.989583e-01 0.000000e+00
38259: 1.839378e+00 1.554404e+00 6.062176e-01 0.000000e+00
38259: 1.840206e+00 1.551546e+00 6.082474e-01 0.000000e+00
38259: 1.835897e+00 1.553846e+00 6.102564e-01 0.000000e+00
38259: 1.841837e+00 1.551020e+00 6.071429e-01 0.000000e+00
38259: 1.837563e+00 1.558376e+00 6.040609e-01 0.000000e+00
38259: 1.838384e+00 1.555556e+00 6.060606e-01 0.000000e+00
38259: 1.839196e+00 1.557789e+00 6.030151e-01 0.000000e+00
38259: 1.840000e+00 1.555000e+00 6.050000e-01 0.000000e+00
38259: 1.840796e+00 1.557214e+00 6.019900e-01 0.000000e+00
38259: 1.836634e+00 1.554455e+00 6.089109e-01 0.000000e+00
38259: 1.842365e+00 1.551724e+00 6.059113e-01 0.000000e+00
38259: 1.843137e+00 1.553922e+00 6.029412e-01 0.000000e+00
38259: 1.839024e+00 1.551220e+00 6.097561e-01 0.000000e+00
38259: 1.839806e+00 1.553398e+00 6.067961e-01 0.000000e+00
38259: 1.835749e+00 1.550725e+00 6.135266e-01 0.000000e+00
38259: 1.841346e+00 1.548077e+00 6.105769e-01 0.000000e+00
38259: 1.842105e+00 1.550239e+00 6.076555e-01 0.000000e+00
38259: 1.838095e+00 1.547619e+00 6.142857e-01 0.000000e+00
38259: 1.838863e+00 1.545024e+00 6.161137e-01 0.000000e+00
38259: 1.834906e+00 1.547170e+00 6.179245e-01 0.000000e+00
38259: 1.835681e+00 1.544601e+00 6.197183e-01 0.000000e+00
38259: 1.836449e+00 1.546729e+00 6.168224e-01 0.000000e+00
38259: 1.832558e+00 1.544186e+00 6.232558e-01 0.000000e+00
38259: 1.833333e+00 1.546296e+00 6.203704e-01 0.000000e+00
38259: 1.829493e+00 1.543779e+00 6.267281e-01 0.000000e+00
38259: 1.834862e+00 1.541284e+00 6.238532e-01 0.000000e+00
38259: 1.831050e+00 1.547945e+00 6.210046e-01 0.000000e+00
38259: 1.831818e+00 1.545455e+00 6.227273e-01 0.000000e+00
38259: 1.828054e+00 1.547511e+00 6.244344e-01 0.000000e+00
38259: 1.833333e+00 1.545045e+00 6.216216e-01 0.000000e+00
38259: 1.829596e+00 1.547085e+00 6.233184e-01 0.000000e+00
38259: 1.830357e+00 1.549107e+00 6.205357e-01 0.000000e+00
38259: 1.826667e+00 1.546667e+00 6.266667e-01 0.000000e+00
38259: 1.827434e+00 1.548673e+00 6.238938e-01 0.000000e+00
38259: 1.828194e+00 1.546256e+00 6.255507e-01 0.000000e+00
38259: 1.824561e+00 1.552632e+00 6.228070e-01 0.000000e+00
38259: 1.829694e+00 1.550218e+00 6.200873e-01 0.000000e+00
38259: 1.826087e+00 1.552174e+00 6.217391e-01 0.000000e+00
38259: 1.831169e+00 1.549784e+00 6.190476e-01 0.000000e+00
38259: 1.827586e+00 1.551724e+00 6.206897e-01 0.000000e+00
38259: 1.832618e+00 1.549356e+00 6.180258e-01 0.000000e+00
38259: 1.829060e+00 1.551282e+00 6.196581e-01 0.000000e+00
38259: 1.829787e+00 1.553191e+00 6.170213e-01 0.000000e+00
38259: 1.826271e+00 1.555085e+00 6.186441e-01 0.000000e+00
38259: 1.827004e+00 1.552743e+00 6.202532e-01 0.000000e+00
38259: 1.827731e+00 1.554622e+00 6.176471e-01 0.000000e+00
38259: 1.828452e+00 1.552301e+00 6.192469e-01 0.000000e+00
38259: 1.825000e+00 1.558333e+00 6.166667e-01 0.000000e+00
38259: 1.825726e+00 1.556017e+00 6.182573e-01 0.000000e+00
38259: 1.822314e+00 1.561983e+00 6.157025e-01 0.000000e+00
38259: 1.827160e+00 1.559671e+00 6.131687e-01 0.000000e+00
38259: 1.827869e+00 1.561475e+00 6.106557e-01 0.000000e+00
38259: 1.828571e+00 1.559184e+00 6.122449e-01 0.000000e+00
38259: 1.825203e+00 1.560976e+00 6.138211e-01 0.000000e+00
38259: 1.825911e+00 1.558704e+00 6.153846e-01 0.000000e+00
38259: 1.822581e+00 1.560484e+00 6.169355e-01 0.000000e+00
38259: 1.823293e+00 1.558233e+00 6.184739e-01 0.000000e+00
38259: 1.820000e+00 1.560000e+00 6.200000e-01 0.000000e+00
38259: 1.824701e+00 1.557769e+00 6.175299e-01 0.000000e+00
38259: 1.821429e+00 1.559524e+00 6.190476e-01 0.000000e+00
38259: 1.822134e+00 1.561265e+00 6.166008e-01 0.000000e+00
38259: 1.822835e+00 1.559055e+00 6.181102e-01 0.000000e+00
38259: 1.823529e+00 1.560784e+00 6.156863e-01 0.000000e+00
38259: 1.820312e+00 1.558594e+00 6.210938e-01 0.000000e+00
38259: 1.824903e+00 1.556420e+00 6.186770e-01 0.000000e+00
38259: 1.821705e+00 1.558140e+00 6.201550e-01 0.000000e+00
38259: 1.826255e+00 1.555985e+00 6.177606e-01 0.000000e+00
38259: 1.823077e+00 1.561538e+00 6.153846e-01 0.000000e+00
38259: 1.827586e+00 1.559387e+00 6.130268e-01 0.000000e+00
38259: 1.824427e+00 1.564885e+00 6.106870e-01 0.000000e+00
38259: 1.828897e+00 1.562738e+00 6.083650e-01 0.000000e+00
38259: 1.829545e+00 1.564394e+00 6.060606e-01 0.000000e+00
38259: 1.826415e+00 1.562264e+00 6.113208e-01 0.000000e+00
38259: 1.827068e+00 1.563910e+00 6.090226e-01 0.000000e+00
38259: 1.823970e+00 1.561798e+00 6.142322e-01 0.000000e+00
38259: 1.824627e+00 1.559701e+00 6.156716e-01 0.000000e+00
38259: 1.821561e+00 1.565056e+00 6.133829e-01 0.000000e+00
38259: 1.822222e+00 1.562963e+00 6.148148e-01 0.000000e+00
38259: 1.822878e+00 1.564576e+00 6.125461e-01 0.000000e+00
38259: 1.823529e+00 1.562500e+00 6.139706e-01 0.000000e+00
38259: 1.824176e+00 1.564103e+00 6.117216e-01 0.000000e+00
38259: 1.824818e+00 1.562044e+00 6.131387e-01 0.000000e+00
38259: 1.821818e+00 1.563636e+00 6.145455e-01 0.000000e+00
38259: 1.822464e+00 1.565217e+00 6.123188e-01 0.000000e+00
38259: 1.823105e+00 1.563177e+00 6.137184e-01 0.000000e+00
38259: 1.820144e+00 1.564748e+00 6.151079e-01 0.000000e+00
38259: 1.820789e+00 1.566308e+00 6.129032e-01 0.000000e+00
38259: 1.817857e+00 1.564286e+00 6.178571e-01 0.000000e+00
38259: 1.822064e+00 1.562278e+00 6.156584e-01 0.000000e+00
38259: 1.822695e+00 1.563830e+00 6.134752e-01 0.000000e+00
38259: 1.819788e+00 1.561837e+00 6.183746e-01 0.000000e+00
38259: 1.820423e+00 1.559859e+00 6.197183e-01 0.000000e+00
38259: 1.817544e+00 1.561404e+00 6.210526e-01 0.000000e+00
38259: 1.818182e+00 1.559441e+00 6.223776e-01 0.000000e+00
38259: 1.818815e+00 1.560976e+00 6.202091e-01 0.000000e+00
38259: 1.819444e+00 1.559028e+00 6.215278e-01 0.000000e+00
38259: 1.816609e+00 1.560554e+00 6.228374e-01 0.000000e+00
38259: 1.820690e+00 1.558621e+00 6.206897e-01 0.000000e+00
38259: 1.821306e+00 1.560137e+00 6.185567e-01 0.000000e+00
38259: 1.818493e+00 1.558219e+00 6.232877e-01 0.000000e+00
38259: 1.819113e+00 1.556314e+00 6.245734e-01 0.000000e+00
38259: 1.816327e+00 1.557823e+00 6.258503e-01 0.000000e+00
38259: 1.820339e+00 1.555932e+00 6.237288e-01 0.000000e+00
38259: 1.820946e+00 1.557432e+00 6.216216e-01 0.000000e+00
38259: 1.818182e+00 1.555556e+00 6.262626e-01 0.000000e+00
38259: 1.818792e+00 1.553691e+00 6.275168e-01 0.000000e+00
38259: 1.819398e+00 1.555184e+00 6.254181e-01 0.000000e+00
38259: 1.816667e+00 1.553333e+00 6.300000e-01 0.000000e+00
38259: 1.820598e+00 1.551495e+00 6.279070e-01 0.000000e+00
38259: 1.821192e+00 1.552980e+00 6.258278e-01 0.000000e+00
38259: 1.821782e+00 1.551155e+00 6.270627e-01 0.000000e+00
38259: 1.819079e+00 1.552632e+00 6.282895e-01 0.000000e+00
38259: 1.819672e+00 1.554098e+00 6.262295e-01 0.000000e+00
38259: 1.820261e+00 1.552288e+00 6.274510e-01 0.000000e+00
38259: 1.820847e+00 1.553746e+00 6.254072e-01 0.000000e+00
38259: 1.818182e+00 1.551948e+00 6.298701e-01 0.000000e+00
38259: 1.818770e+00 1.553398e+00 6.278317e-01 0.000000e+00
38259: 1.819355e+00 1.551613e+00 6.290323e-01 0.000000e+00
38259: 1.816720e+00 1.553055e+00 6.302251e-01 0.000000e+00
38259: 1.817308e+00 1.554487e+00 6.282051e-01 0.000000e+00
38259: 1.817891e+00 1.552716e+00 6.293930e-01 0.000000e+00
38259: 1.815287e+00 1.557325e+00 6.273885e-01 0.000000e+00
38259: 1.819048e+00 1.555556e+00 6.253968e-01 0.000000e+00
38259: 1.819620e+00 1.556962e+00 6.234177e-01 0.000000e+00
38259: 1.820189e+00 1.555205e+00 6.246057e-01 0.000000e+00
38259: 1.820755e+00 1.556604e+00 6.226415e-01 0.000000e+00
38259: 1.821317e+00 1.554859e+00 6.238245e-01 0.000000e+00
38259: 1.818750e+00 1.559375e+00 6.218750e-01 0.000000e+00
38259: 1.819315e+00 1.560748e+00 6.199377e-01 0.000000e+00
38259: 1.819876e+00 1.559006e+00 6.211180e-01 0.000000e+00
38259: 1.817337e+00 1.560372e+00 6.222910e-01 0.000000e+00
38259: 1.820988e+00 1.558642e+00 6.203704e-01 0.000000e+00
38259: 1.821538e+00 1.560000e+00 6.184615e-01 0.000000e+00
38259: 1.822086e+00 1.558282e+00 6.196319e-01 0.000000e+00
38259: 1.819572e+00 1.562691e+00 6.177370e-01 0.000000e+00
38259: 1.820122e+00 1.564024e+00 6.158537e-01 0.000000e+00
38259: 1.817629e+00 1.562310e+00 6.200608e-01 0.000000e+00
38259: 1.818182e+00 1.563636e+00 6.181818e-01 0.000000e+00
38259: 1.815710e+00 1.561934e+00 6.223565e-01 0.000000e+00
38259: 1.819277e+00 1.560241e+00 6.204819e-01 0.000000e+00
38259: 1.816817e+00 1.561562e+00 6.216216e-01 0.000000e+00
38259: 1.817365e+00 1.559880e+00 6.227545e-01 0.000000e+00
38259: 1.814925e+00 1.561194e+00 6.238806e-01 0.000000e+00
38259: 1.815476e+00 1.562500e+00 6.220238e-01 0.000000e+00
38259: 1.813056e+00 1.563798e+00 6.231454e-01 0.000000e+00
38259: 1.813609e+00 1.562130e+00 6.242604e-01 0.000000e+00
38259: 1.814159e+00 1.563422e+00 6.224189e-01 0.000000e+00
38259: 1.814706e+00 1.561765e+00 6.235294e-01 0.000000e+00
38259: 1.812317e+00 1.563050e+00 6.246334e-01 0.000000e+00
38259: 1.815789e+00 1.561404e+00 6.228070e-01 0.000000e+00
38259: 1.816327e+00 1.562682e+00 6.209913e-01 0.000000e+00
38259: 1.813953e+00 1.561047e+00 6.250000e-01 0.000000e+00
38259: 1.814493e+00 1.559420e+00 6.260870e-01 0.000000e+00
38259: 1.812139e+00 1.563584e+00 6.242775e-01 0.000000e+00
38259: 1.812680e+00 1.564841e+00 6.224784e-01 0.000000e+00
38259: 1.810345e+00 1.566092e+00 6.235632e-01 0.000000e+00
38259: 1.810888e+00 1.564470e+00 6.246418e-01 0.000000e+00
38259: 1.808571e+00 1.565714e+00 6.257143e-01 0.000000e+00
38259: 1.809117e+00 1.564103e+00 6.267806e-01 0.000000e+00
38259: 1.806818e+00 1.568182e+00 6.250000e-01 0.000000e+00
38259: 1.810198e+00 1.566572e+00 6.232295e-01 0.000000e+00
38259: 1.810734e+00 1.567797e+00 6.214689e-01 0.000000e+00
38259: 1.808451e+00 1.566197e+00 6.253521e-01 0.000000e+00
38259: 1.811798e+00 1.564607e+00 6.235955e-01 0.000000e+00
38259: 1.812325e+00 1.565826e+00 6.218487e-01 0.000000e+00
38259: 1.810056e+00 1.567039e+00 6.229050e-01 0.000000e+00
38259: 1.810585e+00 1.568245e+00 6.211699e-01 0.000000e+00
38259: 1.811111e+00 1.566667e+00 6.222222e-01 0.000000e+00
38259: 1.808864e+00 1.567867e+00 6.232687e-01 0.000000e+00
38259: 1.809392e+00 1.569061e+00 6.215470e-01 0.000000e+00
38259: 1.807163e+00 1.567493e+00 6.253444e-01 0.000000e+00
38259: 1.807692e+00 1.568681e+00 6.236264e-01 0.000000e+00
38259: 1.805479e+00 1.567123e+00 6.273973e-01 0.000000e+00
38259: 1.808743e+00 1.565574e+00 6.256831e-01 0.000000e+00
38259: 1.806540e+00 1.569482e+00 6.239782e-01 0.000000e+00
38259: 1.809783e+00 1.567935e+00 6.222826e-01 0.000000e+00
38259: 1.807588e+00 1.569106e+00 6.233062e-01 0.000000e+00
38259: 1.810811e+00 1.567568e+00 6.216216e-01 0.000000e+00
38259: 1.811321e+00 1.568733e+00 6.199461e-01 0.000000e+00
38259: 1.811828e+00 1.567204e+00 6.209677e-01 0.000000e+00
38259: 1.809651e+00 1.571046e+00 6.193029e-01 0.000000e+00
38259: 1.812834e+00 1.566845e+00 6.203209e-01 0.000000e+00
38259: 1.813333e+00 1.568000e+00 6.186667e-01 0.000000e+00
38259: 1.813830e+00 1.566489e+00 6.196809e-01 0.000000e+00
38259: 1.811671e+00 1.567639e+00 6.206897e-01 0.000000e+00
38259: 1.814815e+00 1.566138e+00 6.190476e-01 0.000000e+00
38259: 1.812665e+00 1.567282e+00 6.200528e-01 0.000000e+00
38259: 1.813158e+00 1.565789e+00 6.210526e-01 0.000000e+00
38259: 1.811024e+00 1.566929e+00 6.220472e-01 0.000000e+00
38259: 1.811518e+00 1.565445e+00 6.230366e-01 0.000000e+00
38259: 1.809399e+00 1.566580e+00 6.240209e-01 0.000000e+00
38259: 1.809896e+00 1.567708e+00 6.223958e-01 0.000000e+00
38259: 1.807792e+00 1.568831e+00 6.233766e-01 0.000000e+00
38259: 1.810881e+00 1.567358e+00 6.217617e-01 0.000000e+00
38259: 1.808786e+00 1.568475e+00 6.227390e-01 0.000000e+00
38259: 1.811856e+00 1.567010e+00 6.211340e-01 0.000000e+00
38259: 1.812339e+00 1.568123e+00 6.195373e-01 0.000000e+00
38259: 1.812821e+00 1.566667e+00 6.205128e-01 0.000000e+00
38259: 1.810742e+00 1.567775e+00 6.214834e-01 0.000000e+00
38259: 1.811224e+00 1.568878e+00 6.198980e-01 0.000000e+00
38259: 1.809160e+00 1.567430e+00 6.234097e-01 0.000000e+00
38259: 1.812183e+00 1.565990e+00 6.218274e-01 0.000000e+00
38259: 1.810127e+00 1.567089e+00 6.227848e-01 0.000000e+00
38259: 1.810606e+00 1.568182e+00 6.212121e-01 0.000000e+00
38259: 1.811083e+00 1.566751e+00 6.221662e-01 0.000000e+00
38259: 1.809045e+00 1.570352e+00 6.206030e-01 0.000000e+00
38259: 1.809524e+00 1.566416e+00 6.240602e-01 0.000000e+00
38259: 1.810000e+00 1.567500e+00 6.225000e-01 0.000000e+00
38259: 1.810474e+00 1.566085e+00 6.234414e-01 0.000000e+00
38259: 1.808458e+00 1.567164e+00 6.243781e-01 0.000000e+00
38259: 1.808933e+00 1.565757e+00 6.253102e-01 0.000000e+00
38259: 1.806931e+00 1.569307e+00 6.237624e-01 0.000000e+00
38259: 1.807407e+00 1.567901e+00 6.246914e-01 0.000000e+00
38259: 1.807882e+00 1.568966e+00 6.231527e-01 0.000000e+00
38259: 1.805897e+00 1.567568e+00 6.265356e-01 0.000000e+00
38259: 1.808824e+00 1.566176e+00 6.250000e-01 0.000000e+00
38259: 1.809291e+00 1.567237e+00 6.234719e-01 0.000000e+00
38259: 1.807317e+00 1.565854e+00 6.268293e-01 0.000000e+00
38259: 1.807786e+00 1.566910e+00 6.253041e-01 0.000000e+00
38259: 1.808252e+00 1.565534e+00 6.262136e-01 0.000000e+00
38259: 1.806295e+00 1.566586e+00 6.271186e-01 0.000000e+00
38259: 1.806763e+00 1.565217e+00 6.280193e-01 0.000000e+00
38259: 1.807229e+00 1.566265e+00 6.265060e-01 0.000000e+00
38259: 1.805288e+00 1.564904e+00 6.298077e-01 0.000000e+00
38259: 1.805755e+00 1.565947e+00 6.282974e-01 0.000000e+00
38259: 1.803828e+00 1.564593e+00 6.315789e-01 0.000000e+00
38259: 1.804296e+00 1.563246e+00 6.324582e-01 0.000000e+00
38259: 1.804762e+00 1.564286e+00 6.309524e-01 0.000000e+00
38259: 1.802850e+00 1.565321e+00 6.318290e-01 0.000000e+00
38259: 1.803318e+00 1.563981e+00 6.327014e-01 0.000000e+00
38259: 1.803783e+00 1.565012e+00 6.312057e-01 0.000000e+00
38259: 1.804245e+00 1.563679e+00 6.320755e-01 0.000000e+00
38259: 1.802353e+00 1.567059e+00 6.305882e-01 0.000000e+00
38259: 1.802817e+00 1.565728e+00 6.314554e-01 0.000000e+00
38259: 1.803279e+00 1.566745e+00 6.299766e-01 0.000000e+00
38259: 1.801402e+00 1.565421e+00 6.331776e-01 0.000000e+00
38259: 1.804196e+00 1.564103e+00 6.317016e-01 0.000000e+00
38259: 1.802326e+00 1.565116e+00 6.325581e-01 0.000000e+00
38259: 1.802784e+00 1.563805e+00 6.334107e-01 0.000000e+00
38259: 1.800926e+00 1.564815e+00 6.342593e-01 0.000000e+00
38259: 1.801386e+00 1.563510e+00 6.351039e-01 0.000000e+00
38259: 1.799539e+00 1.564516e+00 6.359447e-01 0.000000e+00
38259: 1.800000e+00 1.565517e+00 6.344828e-01 0.000000e+00
38259: 1.800459e+00 1.564220e+00 6.353211e-01 0.000000e+00
38259: 1.800915e+00 1.565217e+00 6.338673e-01 0.000000e+00
38259: 1.799087e+00 1.563927e+00 6.369863e-01 0.000000e+00
38259: 1.799544e+00 1.564920e+00 6.355353e-01 0.000000e+00
38259: 1.797727e+00 1.563636e+00 6.386364e-01 0.000000e+00
38259: 1.798186e+00 1.562358e+00 6.394558e-01 0.000000e+00
38259: 1.796380e+00 1.563348e+00 6.402715e-01 0.000000e+00
38259: 1.796840e+00 1.562077e+00 6.410835e-01 0.000000e+00
38259: 1.795045e+00 1.565315e+00 6.396396e-01 0.000000e+00
38259: 1.795506e+00 1.564045e+00 6.404494e-01 0.000000e+00
38259: 1.795964e+00 1.565022e+00 6.390135e-01 0.000000e+00
38259: 1.796421e+00 1.563758e+00 6.398210e-01 0.000000e+00
38259: 1.796875e+00 1.564732e+00 6.383929e-01 0.000000e+00
38259: 1.797327e+00 1.563474e+00 6.391982e-01 0.000000e+00
38259: 1.795556e+00 1.564444e+00 6.400000e-01 0.000000e+00
38259: 1.796009e+00 1.565410e+00 6.385809e-01 0.000000e+00
38259: 1.796460e+00 1.564159e+00 6.393805e-01 0.000000e+00
38259: 1.794702e+00 1.567329e+00 6.379691e-01 0.000000e+00
38259: 1.797357e+00 1.566079e+00 6.365639e-01 0.000000e+00
38259: 1.795604e+00 1.569231e+00 6.351648e-01 0.000000e+00
38259: 1.796053e+00 1.567982e+00 6.359649e-01 0.000000e+00
38259: 1.794311e+00 1.568928e+00 6.367615e-01 0.000000e+00
38259: 1.794760e+00 1.567686e+00 6.375546e-01 0.000000e+00
38259: 1.795207e+00 1.568627e+00 6.361656e-01 0.000000e+00
38259: 1.793478e+00 1.567391e+00 6.391304e-01 0.000000e+00
38259: 1.793926e+00 1.566161e+00 6.399132e-01 0.000000e+00
38259: 1.792208e+00 1.567100e+00 6.406926e-01 0.000000e+00
38259: 1.794816e+00 1.565875e+00 6.393089e-01 0.000000e+00
38259: 1.793103e+00 1.568966e+00 6.379310e-01 0.000000e+00
38259: 1.793548e+00 1.567742e+00 6.387097e-01 0.000000e+00
38259: 1.793991e+00 1.568670e+00 6.373391e-01 0.000000e+00
38259: 1.794433e+00 1.567452e+00 6.381156e-01 0.000000e+00
38259: 1.794872e+00 1.568376e+00 6.367521e-01 0.000000e+00
38259: 1.793177e+00 1.569296e+00 6.375267e-01 0.000000e+00
38259: 1.793617e+00 1.568085e+00 6.382979e-01 0.000000e+00
38259: 1.791932e+00 1.569002e+00 6.390658e-01 0.000000e+00
38259: 1.794492e+00 1.567797e+00 6.377119e-01 0.000000e+00
38259: 1.792812e+00 1.570825e+00 6.363636e-01 0.000000e+00
38259: 1.793249e+00 1.567511e+00 6.392405e-01 0.000000e+00
38259: 1.791579e+00 1.570526e+00 6.378947e-01 0.000000e+00
38259: 1.794118e+00 1.567227e+00 6.386555e-01 0.000000e+00
38259: 1.794549e+00 1.568134e+00 6.373166e-01 0.000000e+00
38259: 1.794979e+00 1.566946e+00 6.380753e-01 0.000000e+00
38259: 1.793319e+00 1.569937e+00 6.367432e-01 0.000000e+00
38259: 1.795833e+00 1.568750e+00 6.354167e-01 0.000000e+00
38259: 1.794179e+00 1.569647e+00 6.361746e-01 0.000000e+00
38259: 1.794606e+00 1.568465e+00 6.369295e-01 0.000000e+00
38259: 1.795031e+00 1.569358e+00 6.356108e-01 0.000000e+00
38259: 1.793388e+00 1.570248e+00 6.363636e-01 0.000000e+00
38259: 1.793814e+00 1.567010e+00 6.391753e-01 0.000000e+00
38259: 1.794239e+00 1.567901e+00 6.378601e-01 0.000000e+00
38259: 1.794661e+00 1.566735e+00 6.386037e-01 0.000000e+00
38259: 1.795082e+00 1.567623e+00 6.372951e-01 0.000000e+00
38259: 1.795501e+00 1.566462e+00 6.380368e-01 0.000000e+00
38259: 1.795918e+00 1.567347e+00 6.367347e-01 0.000000e+00
38259: 1.796334e+00 1.566191e+00 6.374745e-01 0.000000e+00
38259: 1.796748e+00 1.567073e+00 6.361789e-01 0.000000e+00
38259: 1.795132e+00 1.565923e+00 6.389452e-01 0.000000e+00
38259: 1.795547e+00 1.564777e+00 6.396761e-01 0.000000e+00
38259: 1.793939e+00 1.565657e+00 6.404040e-01 0.000000e+00
38259: 1.794355e+00 1.564516e+00 6.411290e-01 0.000000e+00
38259: 1.794769e+00 1.565392e+00 6.398390e-01 0.000000e+00
38259: 1.793173e+00 1.564257e+00 6.425703e-01 0.000000e+00
38259: 1.793587e+00 1.563126e+00 6.432866e-01 0.000000e+00
38259: 1.792000e+00 1.564000e+00 6.440000e-01 0.000000e+00
38259: 1.794411e+00 1.562874e+00 6.427146e-01 0.000000e+00
38259: 1.794821e+00 1.563745e+00 6.414343e-01 0.000000e+00
38259: 1.793241e+00 1.564612e+00 6.421471e-01 0.000000e+00
38259: 1.795635e+00 1.563492e+00 6.408730e-01 0.000000e+00
38259: 1.794059e+00 1.564356e+00 6.415842e-01 0.000000e+00
38259: 1.794466e+00 1.565217e+00 6.403162e-01 0.000000e+00
38259: 1.792899e+00 1.566075e+00 6.410256e-01 0.000000e+00
38259: 1.793307e+00 1.566929e+00 6.397638e-01 0.000000e+00
38259: 1.791749e+00 1.565815e+00 6.424361e-01 0.000000e+00
38259: 1.792157e+00 1.566667e+00 6.411765e-01 0.000000e+00
38259: 1.792564e+00 1.565558e+00 6.418787e-01 0.000000e+00
38259: 1.791016e+00 1.568359e+00 6.406250e-01 0.000000e+00
38259: 1.793372e+00 1.567251e+00 6.393762e-01 0.000000e+00
38259: 1.791829e+00 1.568093e+00 6.400778e-01 0.000000e+00
38259: 1.794175e+00 1.566990e+00 6.388350e-01 0.000000e+00
38259: 1.792636e+00 1.567829e+00 6.395349e-01 0.000000e+00
38259: 1.793037e+00 1.566731e+00 6.402321e-01 0.000000e+00
38259: 1.793436e+00 1.567568e+00 6.389961e-01 0.000000e+00
38259: 1.791908e+00 1.566474e+00 6.416185e-01 0.000000e+00
38259: 1.792308e+00 1.565385e+00 6.423077e-01 0.000000e+00
38259: 1.792706e+00 1.566219e+00 6.410749e-01 0.000000e+00
38259: 1.791188e+00 1.565134e+00 6.436782e-01 0.000000e+00
38259: 1.793499e+00 1.564054e+00 6.424474e-01 0.000000e+00
38259: 1.791985e+00 1.566794e+00 6.412214e-01 0.000000e+00
38259: 1.794286e+00 1.565714e+00 6.400000e-01 0.000000e+00
38259: 1.792776e+00 1.566540e+00 6.406844e-01 0.000000e+00
38259: 1.793169e+00 1.565465e+00 6.413662e-01 0.000000e+00
38259: 1.791667e+00 1.566288e+00 6.420455e-01 0.000000e+00
38259: 1.792060e+00 1.567108e+00 6.408318e-01 0.000000e+00
38259: 1.790566e+00 1.566038e+00 6.433962e-01 0.000000e+00
38259: 1.790960e+00 1.564972e+00 6.440678e-01 0.000000e+00
38259: 1.789474e+00 1.565789e+00 6.447368e-01 0.000000e+00
38259: 1.789869e+00 1.564728e+00 6.454034e-01 0.000000e+00
38259: 1.788390e+00 1.565543e+00 6.460674e-01 0.000000e+00
38259: 1.788785e+00 1.564486e+00 6.467290e-01 0.000000e+00
38259: 1.789179e+00 1.565299e+00 6.455224e-01 0.000000e+00
38259: 1.787709e+00 1.564246e+00 6.480447e-01 0.000000e+00
38259: 1.788104e+00 1.563197e+00 6.486989e-01 0.000000e+00
38259: 1.786642e+00 1.564007e+00 6.493506e-01 0.000000e+00
38259: 1.787037e+00 1.562963e+00 6.500000e-01 0.000000e+00
38259: 1.787431e+00 1.563771e+00 6.487985e-01 0.000000e+00
38259: 1.787823e+00 1.562731e+00 6.494465e-01 0.000000e+00
38259: 1.788214e+00 1.563536e+00 6.482505e-01 0.000000e+00
38259: 1.788603e+00 1.562500e+00 6.488971e-01 0.000000e+00
38259: 1.787156e+00 1.563303e+00 6.495413e-01 0.000000e+00
38259: 1.787546e+00 1.562271e+00 6.501832e-01 0.000000e+00
38259: 1.786106e+00 1.564899e+00 6.489945e-01 0.000000e+00
38259: 1.786496e+00 1.563869e+00 6.496350e-01 0.000000e+00
38259: 1.786885e+00 1.564663e+00 6.484517e-01 0.000000e+00
38259: 1.787273e+00 1.563636e+00 6.490909e-01 0.000000e+00
38259: 1.785844e+00 1.564428e+00 6.497278e-01 0.000000e+00
38259: 1.786232e+00 1.563406e+00 6.503623e-01 0.000000e+00
38259: 1.786618e+00 1.564195e+00 6.491863e-01 0.000000e+00
38259: 1.785199e+00 1.564982e+00 6.498195e-01 0.000000e+00
38259: 1.785586e+00 1.563964e+00 6.504505e-01 0.000000e+00
38259: 1.784173e+00 1.566547e+00 6.492806e-01 0.000000e+00
38259: 1.784560e+00 1.565530e+00 6.499102e-01 0.000000e+00
38259: 1.784946e+00 1.566308e+00 6.487455e-01 0.000000e+00
38259: 1.783542e+00 1.565295e+00 6.511628e-01 0.000000e+00
38259: 1.783929e+00 1.564286e+00 6.517857e-01 0.000000e+00
38259: 1.782531e+00 1.565062e+00 6.524064e-01 0.000000e+00
38259: 1.782918e+00 1.564057e+00 6.530249e-01 0.000000e+00
38259: 1.781528e+00 1.564831e+00 6.536412e-01 0.000000e+00
38259: 1.781915e+00 1.563830e+00 6.542553e-01 0.000000e+00
38259: 1.780531e+00 1.564602e+00 6.548673e-01 0.000000e+00
38259: 1.780919e+00 1.563604e+00 6.554770e-01 0.000000e+00
38259: 1.779541e+00 1.564374e+00 6.560847e-01 0.000000e+00
38259: 1.781690e+00 1.563380e+00 6.549296e-01 0.000000e+00
38259: 1.780316e+00 1.564148e+00 6.555360e-01 0.000000e+00
38259: 1.782456e+00 1.563158e+00 6.543860e-01 0.000000e+00
38259: 1.781086e+00 1.563923e+00 6.549912e-01 0.000000e+00
38259: 1.783217e+00 1.562937e+00 6.538462e-01 0.000000e+00
38259: 1.781850e+00 1.563700e+00 6.544503e-01 0.000000e+00
38259: 1.782230e+00 1.564460e+00 6.533101e-01 0.000000e+00
38259: 1.782609e+00 1.563478e+00 6.539130e-01 0.000000e+00
38259: 1.782986e+00 1.564236e+00 6.527778e-01 0.000000e+00
38259: 1.783362e+00 1.563258e+00 6.533795e-01 0.000000e+00
38259: 1.783737e+00 1.564014e+00 6.522491e-01 0.000000e+00
38259: 1.782383e+00 1.564767e+00 6.528497e-01 0.000000e+00
38259: 1.782759e+00 1.563793e+00 6.534483e-01 0.000000e+00
38259: 1.781411e+00 1.566265e+00 6.523236e-01 0.000000e+00
38259: 1.783505e+00 1.565292e+00 6.512027e-01 0.000000e+00
38259: 1.783877e+00 1.566038e+00 6.500858e-01 0.000000e+00
38259: 1.782534e+00 1.565068e+00 6.523973e-01 0.000000e+00
38259: 1.784615e+00 1.564103e+00 6.512821e-01 0.000000e+00
38259: 1.783276e+00 1.564846e+00 6.518771e-01 0.000000e+00
38259: 1.783646e+00 1.565588e+00 6.507666e-01 0.000000e+00
38259: 1.782313e+00 1.566327e+00 6.513605e-01 0.000000e+00
38259: 1.784380e+00 1.565365e+00 6.502547e-01 0.000000e+00
38259: 1.784746e+00 1.566102e+00 6.491525e-01 0.000000e+00
38259: 1.783418e+00 1.565144e+00 6.514382e-01 0.000000e+00
38259: 1.783784e+00 1.564189e+00 6.520270e-01 0.000000e+00
38259: 1.782462e+00 1.566610e+00 6.509275e-01 0.000000e+00
38259: 1.784512e+00 1.565657e+00 6.498316e-01 0.000000e+00
38259: 1.783193e+00 1.568067e+00 6.487395e-01 0.000000e+00
38259: 1.785235e+00 1.567114e+00 6.476510e-01 0.000000e+00
38259: 1.783920e+00 1.569514e+00 6.465662e-01 0.000000e+00
38259: 1.785953e+00 1.568562e+00 6.454849e-01 0.000000e+00
38259: 1.786311e+00 1.569282e+00 6.444073e-01 0.000000e+00
38259: 1.785000e+00 1.568333e+00 6.466667e-01 0.000000e+00
38259: 1.787022e+00 1.567388e+00 6.455907e-01 0.000000e+00
38259: 1.785714e+00 1.568106e+00 6.461794e-01 0.000000e+00
38259: 1.786070e+00 1.568823e+00 6.451078e-01 0.000000e+00
38259: 1.786424e+00 1.567881e+00 6.456954e-01 0.000000e+00
38259: 1.785124e+00 1.570248e+00 6.446281e-01 0.000000e+00
38259: 1.787129e+00 1.567657e+00 6.452145e-01 0.000000e+00
38259: 1.785832e+00 1.568369e+00 6.457990e-01 0.000000e+00
38259: 1.787829e+00 1.567434e+00 6.447368e-01 0.000000e+00
38259: 1.788177e+00 1.568144e+00 6.436782e-01 0.000000e+00
38259: 1.786885e+00 1.567213e+00 6.459016e-01 0.000000e+00
38259: 1.788871e+00 1.566285e+00 6.448445e-01 0.000000e+00
38259: 1.787582e+00 1.568627e+00 6.437908e-01 0.000000e+00
38259: 1.789560e+00 1.567700e+00 6.427406e-01 0.000000e+00
38259: 1.789902e+00 1.568404e+00 6.416938e-01 0.000000e+00
38259: 1.788618e+00 1.567480e+00 6.439024e-01 0.000000e+00
38259: 1.788961e+00 1.568182e+00 6.428571e-01 0.000000e+00
38259: 1.787682e+00 1.567261e+00 6.450567e-01 0.000000e+00
38259: 1.788026e+00 1.567961e+00 6.440129e-01 0.000000e+00
38259: 1.786753e+00 1.568659e+00 6.445880e-01 0.000000e+00
38259: 1.787097e+00 1.567742e+00 6.451613e-01 0.000000e+00
38259: 1.785829e+00 1.570048e+00 6.441224e-01 0.000000e+00
38259: 1.787781e+00 1.567524e+00 6.446945e-01 0.000000e+00
38259: 1.786517e+00 1.568218e+00 6.452648e-01 0.000000e+00
38259: 1.788462e+00 1.567308e+00 6.442308e-01 0.000000e+00
38259: 1.787200e+00 1.569600e+00 6.432000e-01 0.000000e+00
38259: 1.787540e+00 1.570288e+00 6.421725e-01 0.000000e+00
38259: 1.786284e+00 1.569378e+00 6.443381e-01 0.000000e+00
38259: 1.786624e+00 1.568471e+00 6.449045e-01 0.000000e+00
38259: 1.785374e+00 1.570747e+00 6.438792e-01 0.000000e+00
38259: 1.787302e+00 1.568254e+00 6.444444e-01 0.000000e+00
38259: 1.786054e+00 1.568938e+00 6.450079e-01 0.000000e+00
38259: 1.786392e+00 1.568038e+00 6.455696e-01 0.000000e+00
38259: 1.785150e+00 1.568720e+00 6.461295e-01 0.000000e+00
38259: 1.785489e+00 1.569401e+00 6.451104e-01 0.000000e+00
38259: 1.784252e+00 1.570079e+00 6.456693e-01 0.000000e+00
38259: 1.784591e+00 1.567610e+00 6.477987e-01 0.000000e+00
38259: 1.783359e+00 1.569859e+00 6.467818e-01 0.000000e+00
38259: 1.785266e+00 1.568966e+00 6.457680e-01 0.000000e+00
38259: 1.784038e+00 1.569640e+00 6.463224e-01 0.000000e+00
38259: 1.785937e+00 1.568750e+00 6.453125e-01 0.000000e+00
38259: 1.784711e+00 1.569423e+00 6.458658e-01 0.000000e+00
38259: 1.785047e+00 1.568536e+00 6.464174e-01 0.000000e+00
38259: 1.785381e+00 1.569207e+00 6.454121e-01 0.000000e+00
38259: 1.784161e+00 1.569876e+00 6.459627e-01 0.000000e+00
38259: 1.784496e+00 1.570543e+00 6.449612e-01 0.000000e+00
38259: 1.783282e+00 1.568111e+00 6.486068e-01 0.000000e+00
38259: 1.783617e+00 1.567233e+00 6.491499e-01 0.000000e+00
38259: 1.783951e+00 1.567901e+00 6.481481e-01 0.000000e+00
38259: 1.782743e+00 1.568567e+00 6.486903e-01 0.000000e+00
38259: 1.784615e+00 1.567692e+00 6.476923e-01 0.000000e+00
38259: 1.783410e+00 1.568356e+00 6.482335e-01 0.000000e+00
38259: 1.783742e+00 1.567485e+00 6.487730e-01 0.000000e+00
38259: 1.782542e+00 1.568147e+00 6.493109e-01 0.000000e+00
38259: 1.784404e+00 1.567278e+00 6.483180e-01 0.000000e+00
38259: 1.784733e+00 1.567939e+00 6.473282e-01 0.000000e+00
38259: 1.783537e+00 1.567073e+00 6.493902e-01 0.000000e+00
38259: 1.785388e+00 1.566210e+00 6.484018e-01 0.000000e+00
38259: 1.784195e+00 1.566869e+00 6.489362e-01 0.000000e+00
38259: 1.784522e+00 1.567527e+00 6.479514e-01 0.000000e+00
38259: 1.784848e+00 1.566667e+00 6.484848e-01 0.000000e+00
38259: 1.783661e+00 1.567322e+00 6.490166e-01 0.000000e+00
38259: 1.783988e+00 1.566465e+00 6.495468e-01 0.000000e+00
38259: 1.782805e+00 1.568627e+00 6.485671e-01 0.000000e+00
38259: 1.783133e+00 1.567771e+00 6.490964e-01 0.000000e+00
38259: 1.783459e+00 1.568421e+00 6.481203e-01 0.000000e+00
38259: 1.782282e+00 1.567568e+00 6.501502e-01 0.000000e+00
38259: 1.782609e+00 1.568216e+00 6.491754e-01 0.000000e+00
38259: 1.781437e+00 1.567365e+00 6.511976e-01 0.000000e+00
38259: 1.781764e+00 1.566517e+00 6.517190e-01 0.000000e+00
38259: 1.782090e+00 1.567164e+00 6.507463e-01 0.000000e+00
38259: 1.780924e+00 1.566319e+00 6.527571e-01 0.000000e+00
38259: 1.781250e+00 1.565476e+00 6.532738e-01 0.000000e+00
38259: 1.781575e+00 1.566122e+00 6.523031e-01 0.000000e+00
38259: 1.780415e+00 1.565282e+00 6.543027e-01 0.000000e+00
38259: 1.782222e+00 1.564444e+00 6.533333e-01 0.000000e+00
38259: 1.782544e+00 1.565089e+00 6.523669e-01 0.000000e+00
38259: 1.781388e+00 1.565731e+00 6.528804e-01 0.000000e+00
38259: 1.781711e+00 1.564897e+00 6.533923e-01 0.000000e+00
38259: 1.782032e+00 1.565538e+00 6.524300e-01 0.000000e+00
38259: 1.782353e+00 1.564706e+00 6.529412e-01 0.000000e+00
38259: 1.781204e+00 1.566814e+00 6.519824e-01 0.000000e+00
38259: 1.781525e+00 1.567449e+00 6.510264e-01 0.000000e+00
38259: 1.780381e+00 1.566618e+00 6.530015e-01 0.000000e+00
38259: 1.782164e+00 1.565789e+00 6.520468e-01 0.000000e+00
38259: 1.782482e+00 1.566423e+00 6.510949e-01 0.000000e+00
38259: 1.782799e+00 1.565598e+00 6.516035e-01 0.000000e+00
38259: 1.781659e+00 1.567686e+00 6.506550e-01 0.000000e+00
38259: 1.783430e+00 1.566860e+00 6.497093e-01 0.000000e+00
38259: 1.783745e+00 1.567489e+00 6.487663e-01 0.000000e+00
38259: 1.782609e+00 1.566667e+00 6.507246e-01 0.000000e+00
38259: 1.782923e+00 1.567294e+00 6.497829e-01 0.000000e+00
38259: 1.783237e+00 1.566474e+00 6.502890e-01 0.000000e+00
38259: 1.783550e+00 1.567100e+00 6.493506e-01 0.000000e+00
38259: 1.783862e+00 1.566282e+00 6.498559e-01 0.000000e+00
38259: 1.784173e+00 1.566906e+00 6.489209e-01 0.000000e+00
38259: 1.783046e+00 1.567529e+00 6.494253e-01 0.000000e+00
38259: 1.784792e+00 1.566714e+00 6.484935e-01 0.000000e+00
38259: 1.783668e+00 1.568768e+00 6.475645e-01 0.000000e+00
38259: 1.783977e+00 1.567954e+00 6.480687e-01 0.000000e+00
38259: 1.782857e+00 1.570000e+00 6.471429e-01 0.000000e+00
38259: 1.783167e+00 1.567760e+00 6.490728e-01 0.000000e+00
38259: 1.782051e+00 1.568376e+00 6.495726e-01 0.000000e+00
38259: 1.782361e+00 1.567568e+00 6.500711e-01 0.000000e+00
38259: 1.781250e+00 1.569602e+00 6.491477e-01 0.000000e+00
38259: 1.782979e+00 1.568794e+00 6.482270e-01 0.000000e+00
38259: 1.781870e+00 1.570822e+00 6.473088e-01 0.000000e+00
38259: 1.782178e+00 1.570014e+00 6.478076e-01 0.000000e+00
38259: 1.782486e+00 1.569209e+00 6.483051e-01 0.000000e+00
38259: 1.779972e+00 1.572638e+00 6.473907e-01 0.000000e+00
38259: 1.780282e+00 1.571831e+00 6.478873e-01 0.000000e+00
38259: 1.780591e+00 1.571027e+00 6.483826e-01 0.000000e+00
38259: 1.780899e+00 1.570225e+00 6.488764e-01 0.000000e+00
38259: 1.779804e+00 1.570827e+00 6.493689e-01 0.000000e+00
38259: 1.780112e+00 1.568627e+00 6.512605e-01 0.000000e+00
38259: 1.780420e+00 1.569231e+00 6.503497e-01 0.000000e+00
38259: 1.780726e+00 1.568436e+00 6.508380e-01 0.000000e+00
38259: 1.781032e+00 1.569038e+00 6.499303e-01 0.000000e+00
38259: 1.781337e+00 1.568245e+00 6.504178e-01 0.000000e+00
38259: 1.780250e+00 1.568846e+00 6.509040e-01 0.000000e+00
38259: 1.781944e+00 1.568056e+00 6.500000e-01 0.000000e+00
38259: 1.780860e+00 1.568655e+00 6.504854e-01 0.000000e+00
38259: 1.781163e+00 1.567867e+00 6.509695e-01 0.000000e+00
38259: 1.780083e+00 1.569848e+00 6.500692e-01 0.000000e+00
38259: 1.781768e+00 1.569061e+00 6.491713e-01 0.000000e+00
38259: 1.780690e+00 1.569655e+00 6.496552e-01 0.000000e+00
38259: 1.780992e+00 1.568871e+00 6.501377e-01 0.000000e+00
38259: 1.781293e+00 1.569464e+00 6.492435e-01 0.000000e+00
38259: 1.780220e+00 1.568681e+00 6.510989e-01 0.000000e+00
38259: 1.781893e+00 1.567901e+00 6.502058e-01 0.000000e+00
38259: 1.780822e+00 1.569863e+00 6.493151e-01 0.000000e+00
38259: 1.782490e+00 1.569083e+00 6.484268e-01 0.000000e+00
38259: 1.782787e+00 1.569672e+00 6.475410e-01 0.000000e+00
38259: 1.783083e+00 1.568895e+00 6.480218e-01 0.000000e+00
38259: 1.783379e+00 1.569482e+00 6.471390e-01 0.000000e+00
38259: 1.782313e+00 1.570068e+00 6.476190e-01 0.000000e+00
38259: 1.782609e+00 1.569293e+00 6.480978e-01 0.000000e+00
38259: 1.781547e+00 1.569878e+00 6.485753e-01 0.000000e+00
38259: 1.783198e+00 1.569106e+00 6.476965e-01 0.000000e+00
38259: 1.782138e+00 1.569689e+00 6.481732e-01 0.000000e+00
38259: 1.782432e+00 1.568919e+00 6.486486e-01 0.000000e+00
38259: 1.781377e+00 1.570850e+00 6.477733e-01 0.000000e+00
38259: 1.781671e+00 1.568733e+00 6.495957e-01 0.000000e+00
38259: 1.780619e+00 1.569314e+00 6.500673e-01 0.000000e+00
38259: 1.782258e+00 1.568548e+00 6.491935e-01 0.000000e+00
38259: 1.782550e+00 1.569128e+00 6.483221e-01 0.000000e+00
38259: 1.781501e+00 1.568365e+00 6.501340e-01 0.000000e+00
38259: 1.783133e+00 1.567604e+00 6.492637e-01 0.000000e+00
38259: 1.782086e+00 1.568182e+00 6.497326e-01 0.000000e+00
38259: 1.783712e+00 1.567423e+00 6.488652e-01 0.000000e+00
38259: 1.784000e+00 1.568000e+00 6.480000e-01 0.000000e+00
38259: 1.782956e+00 1.567244e+00 6.498003e-01 0.000000e+00
38259: 1.784574e+00 1.566489e+00 6.489362e-01 0.000000e+00
38259: 1.783533e+00 1.567065e+00 6.494024e-01 0.000000e+00
38259: 1.785146e+00 1.566313e+00 6.485411e-01 0.000000e+00
38259: 1.785430e+00 1.566887e+00 6.476821e-01 0.000000e+00
38259: 1.785714e+00 1.566138e+00 6.481481e-01 0.000000e+00
38259: 1.784676e+00 1.566711e+00 6.486129e-01 0.000000e+00
38259: 1.786280e+00 1.565963e+00 6.477573e-01 0.000000e+00
38259: 1.786561e+00 1.566535e+00 6.469038e-01 0.000000e+00
38259: 1.785526e+00 1.567105e+00 6.473684e-01 0.000000e+00
38259: 1.785808e+00 1.566360e+00 6.478318e-01 0.000000e+00
38259: 1.784777e+00 1.566929e+00 6.482940e-01 0.000000e+00
38259: 1.785059e+00 1.566186e+00 6.487549e-01 0.000000e+00
38259: 1.784031e+00 1.566754e+00 6.492147e-01 0.000000e+00
38259: 1.785621e+00 1.566013e+00 6.483660e-01 0.000000e+00
38259: 1.785901e+00 1.566580e+00 6.475196e-01 0.000000e+00
38259: 1.784876e+00 1.565841e+00 6.492829e-01 0.000000e+00
38259: 1.785156e+00 1.566406e+00 6.484375e-01 0.000000e+00
38259: 1.784135e+00 1.565670e+00 6.501951e-01 0.000000e+00
38259: 1.785714e+00 1.564935e+00 6.493506e-01 0.000000e+00
38259: 1.784695e+00 1.566796e+00 6.485084e-01 0.000000e+00
38259: 1.784974e+00 1.567358e+00 6.476684e-01 0.000000e+00
38259: 1.783959e+00 1.567917e+00 6.481242e-01 0.000000e+00
38259: 1.784238e+00 1.568475e+00 6.472868e-01 0.000000e+00
38259: 1.783226e+00 1.567742e+00 6.490323e-01 0.000000e+00
38259: 1.784794e+00 1.567010e+00 6.481959e-01 0.000000e+00
38259: 1.785071e+00 1.567568e+00 6.473616e-01 0.000000e+00
38259: 1.785347e+00 1.566838e+00 6.478149e-01 0.000000e+00
38259: 1.785623e+00 1.567394e+00 6.469833e-01 0.000000e+00
38259: 1.784615e+00 1.567949e+00 6.474359e-01 0.000000e+00
38259: 1.784891e+00 1.568502e+00 6.466069e-01 0.000000e+00
38259: 1.785166e+00 1.567775e+00 6.470588e-01 0.000000e+00
38259: 1.784163e+00 1.568327e+00 6.475096e-01 0.000000e+00
38259: 1.784439e+00 1.567602e+00 6.479592e-01 0.000000e+00
38259: 1.784713e+00 1.568153e+00 6.471338e-01 0.000000e+00
38259: 1.784987e+00 1.567430e+00 6.475827e-01 0.000000e+00
38259: 1.783990e+00 1.569250e+00 6.467598e-01 0.000000e+00
38259: 1.785533e+00 1.568528e+00 6.459391e-01 0.000000e+00
38259: 1.784537e+00 1.569075e+00 6.463878e-01 0.000000e+00
38259: 1.784810e+00 1.568354e+00 6.468354e-01 0.000000e+00
38259: 1.785082e+00 1.568900e+00 6.460177e-01 0.000000e+00
38259: 1.784091e+00 1.568182e+00 6.477273e-01 0.000000e+00
38259: 1.784363e+00 1.568726e+00 6.469105e-01 0.000000e+00
38259: 1.783375e+00 1.569270e+00 6.473552e-01 0.000000e+00
38259: 1.784906e+00 1.568553e+00 6.465409e-01 0.000000e+00
38259: 1.783920e+00 1.570352e+00 6.457286e-01 0.000000e+00
38259: 1.782936e+00 1.569636e+00 6.474279e-01 0.000000e+00
38259: 1.784461e+00 1.568922e+00 6.466165e-01 0.000000e+00
38259: 1.783479e+00 1.570713e+00 6.458073e-01 0.000000e+00
38259: 1.785000e+00 1.568750e+00 6.462500e-01 0.000000e+00
38259: 1.784020e+00 1.569288e+00 6.466916e-01 0.000000e+00
38259: 1.784289e+00 1.569825e+00 6.458853e-01 0.000000e+00
38259: 1.783313e+00 1.569116e+00 6.475716e-01 0.000000e+00
38259: 1.783582e+00 1.568408e+00 6.480100e-01 0.000000e+00
38259: 1.782609e+00 1.568944e+00 6.484472e-01 0.000000e+00
38259: 1.782878e+00 1.569479e+00 6.476427e-01 0.000000e+00
38259: 1.781908e+00 1.568773e+00 6.493185e-01 0.000000e+00
38259: 1.783416e+00 1.568069e+00 6.485149e-01 0.000000e+00
38259: 1.782447e+00 1.569839e+00 6.477132e-01 0.000000e+00
38259: 1.782716e+00 1.569136e+00 6.481481e-01 0.000000e+00
38259: 1.781751e+00 1.569667e+00 6.485820e-01 0.000000e+00
38259: 1.782020e+00 1.570197e+00 6.477833e-01 0.000000e+00
38259: 1.781058e+00 1.568266e+00 6.506765e-01 0.000000e+00
38259: 1.781327e+00 1.567568e+00 6.511057e-01 0.000000e+00
38259: 1.781595e+00 1.568098e+00 6.503067e-01 0.000000e+00
38259: 1.781863e+00 1.567402e+00 6.507353e-01 0.000000e+00
38259: 1.780906e+00 1.567931e+00 6.511628e-01 0.000000e+00
38259: 1.781174e+00 1.568460e+00 6.503667e-01 0.000000e+00
38259: 1.781441e+00 1.567766e+00 6.507937e-01 0.000000e+00
38259: 1.781707e+00 1.568293e+00 6.500000e-01 0.000000e+00
38259: 1.780755e+00 1.567600e+00 6.516443e-01 0.000000e+00
38259: 1.781022e+00 1.568127e+00 6.508516e-01 0.000000e+00
38259: 1.781288e+00 1.567436e+00 6.512758e-01 0.000000e+00
38259: 1.780340e+00 1.567961e+00 6.516990e-01 0.000000e+00
38259: 1.780606e+00 1.567273e+00 6.521212e-01 0.000000e+00
38259: 1.780872e+00 1.567797e+00 6.513317e-01 0.000000e+00
38259: 1.781137e+00 1.567110e+00 6.517533e-01 0.000000e+00
38259: 1.781401e+00 1.567633e+00 6.509662e-01 0.000000e+00
38259: 1.781665e+00 1.566948e+00 6.513872e-01 0.000000e+00
38259: 1.781928e+00 1.567470e+00 6.506024e-01 0.000000e+00
38259: 1.780987e+00 1.567990e+00 6.510229e-01 0.000000e+00
38259: 1.782452e+00 1.567308e+00 6.502404e-01 0.000000e+00
38259: 1.781513e+00 1.567827e+00 6.506603e-01 0.000000e+00
38259: 1.782974e+00 1.567146e+00 6.498801e-01 0.000000e+00
38259: 1.783234e+00 1.567665e+00 6.491018e-01 0.000000e+00
38259: 1.783493e+00 1.566986e+00 6.495215e-01 0.000000e+00
38259: 1.782557e+00 1.568698e+00 6.487455e-01 0.000000e+00
38259: 1.782816e+00 1.569212e+00 6.479714e-01 0.000000e+00
38259: 1.781883e+00 1.569726e+00 6.483909e-01 0.000000e+00
38259: 1.783333e+00 1.569048e+00 6.476190e-01 0.000000e+00
38259: 1.782402e+00 1.570749e+00 6.468490e-01 0.000000e+00
38259: 1.782660e+00 1.568884e+00 6.484561e-01 0.000000e+00
38259: 1.781732e+00 1.569395e+00 6.488731e-01 0.000000e+00
38259: 1.781991e+00 1.568720e+00 6.492891e-01 0.000000e+00
38259: 1.781065e+00 1.569231e+00 6.497041e-01 0.000000e+00
38259: 1.781324e+00 1.568558e+00 6.501182e-01 0.000000e+00
38259: 1.780401e+00 1.569067e+00 6.505313e-01 0.000000e+00
38259: 1.780660e+00 1.568396e+00 6.509434e-01 0.000000e+00
38259: 1.780919e+00 1.568905e+00 6.501767e-01 0.000000e+00
38259: 1.780000e+00 1.568235e+00 6.517647e-01 0.000000e+00
38259: 1.781434e+00 1.567568e+00 6.509988e-01 0.000000e+00
38259: 1.781690e+00 1.568075e+00 6.502347e-01 0.000000e+00
38259: 1.780774e+00 1.568581e+00 6.506448e-01 0.000000e+00
38259: 1.782201e+00 1.567916e+00 6.498829e-01 0.000000e+00
38259: 1.780117e+00 1.569591e+00 6.502924e-01 0.000000e+00
38259: 1.781542e+00 1.568925e+00 6.495327e-01 0.000000e+00
38259: 1.780630e+00 1.570595e+00 6.487748e-01 0.000000e+00
38259: 1.780886e+00 1.569930e+00 6.491841e-01 0.000000e+00
38259: 1.779977e+00 1.571595e+00 6.484284e-01 0.000000e+00
38259: 1.781395e+00 1.569767e+00 6.488372e-01 0.000000e+00
38259: 1.781649e+00 1.570267e+00 6.480836e-01 0.000000e+00
38259: 1.781903e+00 1.568445e+00 6.496520e-01 0.000000e+00
38259: 1.780997e+00 1.568946e+00 6.500579e-01 0.000000e+00
38259: 1.782407e+00 1.568287e+00 6.493056e-01 0.000000e+00
38259: 1.781503e+00 1.569942e+00 6.485549e-01 0.000000e+00
38259: 1.781755e+00 1.570439e+00 6.478060e-01 0.000000e+00
38259: 1.782007e+00 1.568627e+00 6.493656e-01 0.000000e+00
38259: 1.782258e+00 1.569124e+00 6.486175e-01 0.000000e+00
38259: 1.781358e+00 1.569620e+00 6.490219e-01 0.000000e+00
38259: 1.781609e+00 1.568966e+00 6.494253e-01 0.000000e+00
38259: 1.781860e+00 1.569460e+00 6.486797e-01 0.000000e+00
38259: 1.780963e+00 1.568807e+00 6.502294e-01 0.000000e+00
38259: 1.782360e+00 1.568156e+00 6.494845e-01 0.000000e+00
38259: 1.781465e+00 1.568650e+00 6.498856e-01 0.000000e+00
38259: 1.782857e+00 1.568000e+00 6.491429e-01 0.000000e+00
38259: 1.781963e+00 1.569635e+00 6.484018e-01 0.000000e+00
38259: 1.783352e+00 1.568985e+00 6.476625e-01 0.000000e+00
38259: 1.782460e+00 1.569476e+00 6.480638e-01 0.000000e+00
38259: 1.783845e+00 1.568828e+00 6.473265e-01 0.000000e+00
38259: 1.782955e+00 1.569318e+00 6.477273e-01 0.000000e+00
38259: 1.783201e+00 1.568672e+00 6.481271e-01 0.000000e+00
38259: 1.783447e+00 1.569161e+00 6.473923e-01 0.000000e+00
38259: 1.782559e+00 1.569649e+00 6.477916e-01 0.000000e+00
38259: 1.783937e+00 1.569005e+00 6.470588e-01 0.000000e+00
38259: 1.784181e+00 1.569492e+00 6.463277e-01 0.000000e+00
38259: 1.783296e+00 1.569977e+00 6.467269e-01 0.000000e+00
38259: 1.784667e+00 1.569335e+00 6.459977e-01 0.000000e+00
38259: 1.783784e+00 1.570946e+00 6.452703e-01 0.000000e+00
38259: 1.784027e+00 1.569179e+00 6.467942e-01 0.000000e+00
38259: 1.783146e+00 1.570787e+00 6.460674e-01 0.000000e+00
38259: 1.783389e+00 1.569024e+00 6.475870e-01 0.000000e+00
38259: 1.782511e+00 1.570628e+00 6.468610e-01 0.000000e+00
38259: 1.783875e+00 1.568869e+00 6.472564e-01 0.000000e+00
38259: 1.784116e+00 1.569351e+00 6.465324e-01 0.000000e+00
38259: 1.784358e+00 1.568715e+00 6.469274e-01 0.000000e+00
38259: 1.784598e+00 1.569196e+00 6.462054e-01 0.000000e+00
38259: 1.783724e+00 1.568562e+00 6.477146e-01 0.000000e+00
38259: 1.785078e+00 1.567929e+00 6.469933e-01 0.000000e+00
38259: 1.784205e+00 1.569522e+00 6.462736e-01 0.000000e+00
38259: 1.785556e+00 1.568889e+00 6.455556e-01 0.000000e+00
38259: 1.785794e+00 1.569367e+00 6.448391e-01 0.000000e+00
38259: 1.784922e+00 1.568736e+00 6.463415e-01 0.000000e+00
38259: 1.786268e+00 1.568106e+00 6.456257e-01 0.000000e+00
38259: 1.785398e+00 1.569690e+00 6.449115e-01 0.000000e+00
38259: 1.786740e+00 1.569061e+00 6.441989e-01 0.000000e+00
38259: 1.785872e+00 1.569536e+00 6.445916e-01 0.000000e+00
38259: 1.787211e+00 1.568908e+00 6.438809e-01 0.000000e+00
38259: 1.786344e+00 1.570485e+00 6.431718e-01 0.000000e+00
38259: 1.786579e+00 1.568757e+00 6.446645e-01 0.000000e+00
38259: 1.786813e+00 1.569231e+00 6.439560e-01 0.000000e+00
38259: 1.785950e+00 1.569704e+00 6.443469e-01 0.000000e+00
38259: 1.786184e+00 1.570175e+00 6.436404e-01 0.000000e+00
38259: 1.786418e+00 1.568456e+00 6.451260e-01 0.000000e+00
38259: 1.786652e+00 1.568928e+00 6.444201e-01 0.000000e+00
38259: 1.785792e+00 1.568306e+00 6.459016e-01 0.000000e+00
38259: 1.786026e+00 1.567686e+00 6.462882e-01 0.000000e+00
38259: 1.786260e+00 1.568157e+00 6.455834e-01 0.000000e+00
38259: 1.785403e+00 1.567538e+00 6.470588e-01 0.000000e+00
38259: 1.786725e+00 1.566921e+00 6.463547e-01 0.000000e+00
38259: 1.786957e+00 1.567391e+00 6.456522e-01 0.000000e+00
38259: 1.787188e+00 1.566775e+00 6.460369e-01 0.000000e+00
38259: 1.786334e+00 1.567245e+00 6.464208e-01 0.000000e+00
38259: 1.787649e+00 1.566631e+00 6.457205e-01 0.000000e+00
38259: 1.786797e+00 1.567100e+00 6.461039e-01 0.000000e+00
38259: 1.787027e+00 1.566486e+00 6.464865e-01 0.000000e+00
38259: 1.786177e+00 1.566955e+00 6.468683e-01 0.000000e+00
38259: 1.786408e+00 1.566343e+00 6.472492e-01 0.000000e+00
38259: 1.786638e+00 1.566810e+00 6.465517e-01 0.000000e+00
38259: 1.786868e+00 1.566200e+00 6.469322e-01 0.000000e+00
38259: 1.786022e+00 1.566667e+00 6.473118e-01 0.000000e+00
38259: 1.787325e+00 1.566058e+00 6.466165e-01 0.000000e+00
38259: 1.786481e+00 1.566524e+00 6.469957e-01 0.000000e+00
38259: 1.787781e+00 1.565916e+00 6.463023e-01 0.000000e+00
38259: 1.788009e+00 1.566381e+00 6.456103e-01 0.000000e+00
38259: 1.787166e+00 1.565775e+00 6.470588e-01 0.000000e+00
38259: 1.787393e+00 1.565171e+00 6.474359e-01 0.000000e+00
38259: 1.786553e+00 1.565635e+00 6.478122e-01 0.000000e+00
38259: 1.787846e+00 1.565032e+00 6.471215e-01 0.000000e+00
38259: 1.788072e+00 1.565495e+00 6.464324e-01 0.000000e+00
38259: 1.788298e+00 1.564894e+00 6.468085e-01 0.000000e+00
38259: 1.787460e+00 1.566419e+00 6.461211e-01 0.000000e+00
38259: 1.788747e+00 1.565817e+00 6.454352e-01 0.000000e+00
38259: 1.787911e+00 1.566278e+00 6.458112e-01 0.000000e+00
38259: 1.788136e+00 1.565678e+00 6.461864e-01 0.000000e+00
38259: 1.787302e+00 1.567196e+00 6.455026e-01 0.000000e+00
38259: 1.787526e+00 1.567653e+00 6.448203e-01 0.000000e+00
38259: 1.786695e+00 1.567054e+00 6.462513e-01 0.000000e+00
38259: 1.786920e+00 1.567511e+00 6.455696e-01 0.000000e+00
38259: 1.786091e+00 1.566913e+00 6.469968e-01 0.000000e+00
38259: 1.786316e+00 1.566316e+00 6.473684e-01 0.000000e+00
38259: 1.785489e+00 1.566772e+00 6.477392e-01 0.000000e+00
38259: 1.785714e+00 1.566176e+00 6.481092e-01 0.000000e+00
38259: 1.785939e+00 1.566632e+00 6.474292e-01 0.000000e+00
38259: 1.785115e+00 1.566038e+00 6.488470e-01 0.000000e+00
38259: 1.786387e+00 1.565445e+00 6.481675e-01 0.000000e+00
38259: 1.786611e+00 1.565900e+00 6.474895e-01 0.000000e+00
38259: 1.786834e+00 1.565308e+00 6.478579e-01 0.000000e+00
38259: 1.786013e+00 1.565762e+00 6.482255e-01 0.000000e+00
38259: 1.787278e+00 1.565172e+00 6.475495e-01 0.000000e+00
38259: 1.787500e+00 1.565625e+00 6.468750e-01 0.000000e+00
38259: 1.787721e+00 1.565036e+00 6.472425e-01 0.000000e+00
38259: 1.786902e+00 1.565489e+00 6.476091e-01 0.000000e+00
38259: 1.788162e+00 1.564901e+00 6.469367e-01 0.000000e+00
38259: 1.787344e+00 1.566390e+00 6.462656e-01 0.000000e+00
38259: 1.788601e+00 1.565803e+00 6.455959e-01 0.000000e+00
38259: 1.787785e+00 1.567288e+00 6.449275e-01 0.000000e+00
38259: 1.789038e+00 1.566701e+00 6.442606e-01 0.000000e+00
38259: 1.788223e+00 1.567149e+00 6.446281e-01 0.000000e+00
38259: 1.789474e+00 1.566563e+00 6.439628e-01 0.000000e+00
38259: 1.788660e+00 1.567010e+00 6.443299e-01 0.000000e+00
38259: 1.789907e+00 1.566426e+00 6.436663e-01 0.000000e+00
38259: 1.789095e+00 1.567901e+00 6.430041e-01 0.000000e+00
38259: 1.789311e+00 1.568345e+00 6.423433e-01 0.000000e+00
38259: 1.788501e+00 1.567762e+00 6.437372e-01 0.000000e+00
38259: 1.788718e+00 1.568205e+00 6.430769e-01 0.000000e+00
38259: 1.788934e+00 1.567623e+00 6.434426e-01 0.000000e+00
38259: 1.788127e+00 1.569089e+00 6.427840e-01 0.000000e+00
38259: 1.789366e+00 1.568507e+00 6.421268e-01 0.000000e+00
38259: 1.789581e+00 1.568948e+00 6.414709e-01 0.000000e+00
38259: 1.788776e+00 1.569388e+00 6.418367e-01 0.000000e+00
38259: 1.790010e+00 1.568807e+00 6.411825e-01 0.000000e+00
38259: 1.789206e+00 1.569246e+00 6.415479e-01 0.000000e+00
38259: 1.790437e+00 1.568667e+00 6.408952e-01 0.000000e+00
38259: 1.790650e+00 1.569106e+00 6.402439e-01 0.000000e+00
38259: 1.790863e+00 1.568528e+00 6.406091e-01 0.000000e+00
38259: 1.790061e+00 1.568966e+00 6.409736e-01 0.000000e+00
38259: 1.791287e+00 1.568389e+00 6.403242e-01 0.000000e+00
38259: 1.790486e+00 1.568826e+00 6.406883e-01 0.000000e+00
38259: 1.791709e+00 1.568251e+00 6.400404e-01 0.000000e+00
38259: 1.790909e+00 1.569697e+00 6.393939e-01 0.000000e+00
38259: 1.791120e+00 1.569122e+00 6.397578e-01 0.000000e+00
38259: 1.790323e+00 1.569556e+00 6.401210e-01 0.000000e+00
38259: 1.790534e+00 1.568983e+00 6.404834e-01 0.000000e+00
38259: 1.789738e+00 1.569416e+00 6.408451e-01 0.000000e+00
38259: 1.789950e+00 1.568844e+00 6.412060e-01 0.000000e+00
38259: 1.790161e+00 1.569277e+00 6.405622e-01 0.000000e+00
38259: 1.789368e+00 1.569709e+00 6.409228e-01 0.000000e+00
38259: 1.789579e+00 1.569138e+00 6.412826e-01 0.000000e+00
38259: 1.788789e+00 1.569570e+00 6.416416e-01 0.000000e+00
38259: Done!
