Forked 35810
Starting to reopen 0 and 1
Calling execv `tournament0/elexunix.py` (pid 35810)
Strategy 0: first ans is 0
Forked 35834
Starting to reopen 0 and 1
Calling execv `tournament0/pzakorko.py` (pid 35834)
Strategy 1: first ans is 0
Forked 35835
Starting to reopen 0 and 1
Calling execv `tournament0/alex_dany` (pid 35835)
35835: Started!
35835: Number of players: 5, position: 2, number of turns: 1000
35835: Random seed: 688918753
Strategy 2: first ans is 1
Forked 35836
Starting to reopen 0 and 1
Calling execv `tournament0/lounres.py` (pid 35836)
Strategy 3: first ans is 1
Forked 35837
Starting to reopen 0 and 1
Calling execv `tournament0/the_best_strategy.py` (pid 35837)
Strategy 4: first ans is 0
35835: 3.000000e+00 2.000000e+00 0.000000e+00 0.000000e+00 0.000000e+00
35835: 2.000000e+00 1.500000e+00 1.000000e+00 5.000000e-01 0.000000e+00
35835: 2.333333e+00 1.666667e+00 6.666667e-01 3.333333e-01 0.000000e+00
35835: 2.250000e+00 1.250000e+00 1.250000e+00 2.500000e-01 0.000000e+00
35835: 2.000000e+00 1.400000e+00 1.400000e+00 2.000000e-01 0.000000e+00
35835: 2.000000e+00 1.500000e+00 1.166667e+00 1.666667e-01 1.666667e-01
35835: 1.857143e+00 1.428571e+00 1.142857e+00 4.285714e-01 1.428571e-01
35835: 2.000000e+00 1.375000e+00 1.125000e+00 3.750000e-01 1.250000e-01
35835: 1.888889e+00 1.444444e+00 1.111111e+00 4.444444e-01 1.111111e-01
35835: 2.000000e+00 1.500000e+00 1.000000e+00 4.000000e-01 1.000000e-01
35835: 2.090909e+00 1.454545e+00 1.000000e+00 3.636364e-01 9.090909e-02
35835: 2.083333e+00 1.500000e+00 1.000000e+00 3.333333e-01 8.333333e-02
35835: 2.076923e+00 1.461538e+00 1.076923e+00 3.076923e-01 7.692308e-02
35835: 2.000000e+00 1.642857e+00 1.000000e+00 2.857143e-01 7.142857e-02
35835: 2.000000e+00 1.533333e+00 1.133333e+00 2.666667e-01 6.666667e-02
35835: 1.937500e+00 1.562500e+00 1.125000e+00 3.125000e-01 6.250000e-02
35835: 1.941176e+00 1.588235e+00 1.058824e+00 2.941176e-01 1.176471e-01
35835: 1.944444e+00 1.500000e+00 1.111111e+00 2.777778e-01 1.666667e-01
35835: 1.894737e+00 1.526316e+00 1.105263e+00 3.157895e-01 1.578947e-01
35835: 1.950000e+00 1.500000e+00 1.100000e+00 3.000000e-01 1.500000e-01
35835: 1.904762e+00 1.571429e+00 1.095238e+00 2.857143e-01 1.428571e-01
35835: 1.909091e+00 1.545455e+00 1.136364e+00 2.727273e-01 1.363636e-01
35835: 1.869565e+00 1.608696e+00 1.130435e+00 2.608696e-01 1.304348e-01
35835: 1.875000e+00 1.583333e+00 1.125000e+00 2.916667e-01 1.250000e-01
35835: 1.880000e+00 1.560000e+00 1.160000e+00 2.800000e-01 1.200000e-01
35835: 1.884615e+00 1.615385e+00 1.115385e+00 2.692308e-01 1.153846e-01
35835: 1.851852e+00 1.629630e+00 1.148148e+00 2.592593e-01 1.111111e-01
35835: 1.857143e+00 1.571429e+00 1.178571e+00 2.500000e-01 1.428571e-01
35835: 1.793103e+00 1.551724e+00 1.241379e+00 2.758621e-01 1.379310e-01
35835: 1.800000e+00 1.533333e+00 1.266667e+00 2.666667e-01 1.333333e-01
35835: 1.741935e+00 1.580645e+00 1.258065e+00 2.903226e-01 1.290323e-01
35835: 1.718750e+00 1.531250e+00 1.312500e+00 3.125000e-01 1.250000e-01
35835: 1.727273e+00 1.515152e+00 1.303030e+00 3.030303e-01 1.515152e-01
35835: 1.705882e+00 1.529412e+00 1.294118e+00 3.235294e-01 1.470588e-01
35835: 1.742857e+00 1.514286e+00 1.257143e+00 3.142857e-01 1.714286e-01
35835: 1.750000e+00 1.527778e+00 1.250000e+00 3.055556e-01 1.666667e-01
35835: 1.729730e+00 1.540541e+00 1.270270e+00 2.972973e-01 1.621622e-01
35835: 1.763158e+00 1.552632e+00 1.236842e+00 2.894737e-01 1.578947e-01
35835: 1.743590e+00 1.589744e+00 1.230769e+00 2.820513e-01 1.538462e-01
35835: 1.775000e+00 1.575000e+00 1.225000e+00 2.750000e-01 1.500000e-01
35835: 1.756098e+00 1.560976e+00 1.268293e+00 2.682927e-01 1.463415e-01
35835: 1.761905e+00 1.571429e+00 1.261905e+00 2.619048e-01 1.428571e-01
35835: 1.767442e+00 1.558140e+00 1.279070e+00 2.558140e-01 1.395349e-01
35835: 1.750000e+00 1.568182e+00 1.272727e+00 2.727273e-01 1.363636e-01
35835: 1.777778e+00 1.555556e+00 1.266667e+00 2.666667e-01 1.333333e-01
35835: 1.782609e+00 1.565217e+00 1.260870e+00 2.608696e-01 1.304348e-01
35835: 1.787234e+00 1.553191e+00 1.276596e+00 2.553191e-01 1.276596e-01
35835: 1.791667e+00 1.562500e+00 1.270833e+00 2.500000e-01 1.250000e-01
35835: 1.816327e+00 1.551020e+00 1.265306e+00 2.448980e-01 1.224490e-01
35835: 1.820000e+00 1.560000e+00 1.240000e+00 2.600000e-01 1.200000e-01
35835: 1.803922e+00 1.549020e+00 1.254902e+00 2.549020e-01 1.372549e-01
35835: 1.826923e+00 1.538462e+00 1.250000e+00 2.500000e-01 1.346154e-01
35835: 1.830189e+00 1.566038e+00 1.226415e+00 2.452830e-01 1.320755e-01
35835: 1.833333e+00 1.574074e+00 1.222222e+00 2.407407e-01 1.296296e-01
35835: 1.800000e+00 1.563636e+00 1.272727e+00 2.363636e-01 1.272727e-01
35835: 1.821429e+00 1.571429e+00 1.250000e+00 2.321429e-01 1.250000e-01
35835: 1.824561e+00 1.543860e+00 1.263158e+00 2.456140e-01 1.228070e-01
35835: 1.827586e+00 1.551724e+00 1.258621e+00 2.413793e-01 1.206897e-01
35835: 1.830508e+00 1.542373e+00 1.254237e+00 2.372881e-01 1.355932e-01
35835: 1.816667e+00 1.566667e+00 1.250000e+00 2.333333e-01 1.333333e-01
35835: 1.852459e+00 1.557377e+00 1.229508e+00 2.295082e-01 1.311475e-01
35835: 1.838710e+00 1.564516e+00 1.225806e+00 2.419355e-01 1.290323e-01
35835: 1.857143e+00 1.571429e+00 1.206349e+00 2.380952e-01 1.269841e-01
35835: 1.859375e+00 1.546875e+00 1.234375e+00 2.343750e-01 1.250000e-01
35835: 1.846154e+00 1.584615e+00 1.215385e+00 2.307692e-01 1.230769e-01
35835: 1.863636e+00 1.575758e+00 1.212121e+00 2.272727e-01 1.212121e-01
35835: 1.865672e+00 1.567164e+00 1.223881e+00 2.238806e-01 1.194030e-01
35835: 1.852941e+00 1.573529e+00 1.205882e+00 2.500000e-01 1.176471e-01
35835: 1.855072e+00 1.550725e+00 1.231884e+00 2.463768e-01 1.159420e-01
35835: 1.857143e+00 1.557143e+00 1.214286e+00 2.571429e-01 1.142857e-01
35835: 1.830986e+00 1.577465e+00 1.225352e+00 2.535211e-01 1.126761e-01
35835: 1.833333e+00 1.583333e+00 1.222222e+00 2.500000e-01 1.111111e-01
35835: 1.821918e+00 1.561644e+00 1.246575e+00 2.602740e-01 1.095890e-01
35835: 1.824324e+00 1.581081e+00 1.229730e+00 2.567568e-01 1.081081e-01
35835: 1.813333e+00 1.573333e+00 1.253333e+00 2.533333e-01 1.066667e-01
35835: 1.802632e+00 1.565789e+00 1.263158e+00 2.631579e-01 1.052632e-01
35835: 1.818182e+00 1.558442e+00 1.259740e+00 2.597403e-01 1.038961e-01
35835: 1.807692e+00 1.564103e+00 1.256410e+00 2.692308e-01 1.025641e-01
35835: 1.810127e+00 1.569620e+00 1.253165e+00 2.658228e-01 1.012658e-01
35835: 1.812500e+00 1.562500e+00 1.262500e+00 2.625000e-01 1.000000e-01
35835: 1.814815e+00 1.567901e+00 1.259259e+00 2.592593e-01 9.876543e-02
35835: 1.829268e+00 1.560976e+00 1.256098e+00 2.560976e-01 9.756098e-02
35835: 1.807229e+00 1.590361e+00 1.253012e+00 2.530120e-01 9.638554e-02
35835: 1.833333e+00 1.571429e+00 1.250000e+00 2.500000e-01 9.523810e-02
35835: 1.823529e+00 1.564706e+00 1.258824e+00 2.588235e-01 9.411765e-02
35835: 1.825581e+00 1.558140e+00 1.255814e+00 2.674419e-01 9.302326e-02
35835: 1.816092e+00 1.574713e+00 1.241379e+00 2.643678e-01 1.034483e-01
35835: 1.818182e+00 1.556818e+00 1.250000e+00 2.727273e-01 1.022727e-01
35835: 1.808989e+00 1.561798e+00 1.247191e+00 2.696629e-01 1.123596e-01
35835: 1.811111e+00 1.555556e+00 1.255556e+00 2.666667e-01 1.111111e-01
35835: 1.813187e+00 1.571429e+00 1.241758e+00 2.637363e-01 1.098901e-01
35835: 1.804348e+00 1.565217e+00 1.260870e+00 2.608696e-01 1.086957e-01
35835: 1.795699e+00 1.580645e+00 1.258065e+00 2.580645e-01 1.075269e-01
35835: 1.808511e+00 1.563830e+00 1.255319e+00 2.659574e-01 1.063830e-01
35835: 1.810526e+00 1.568421e+00 1.242105e+00 2.736842e-01 1.052632e-01
35835: 1.812500e+00 1.572917e+00 1.239583e+00 2.708333e-01 1.041667e-01
35835: 1.814433e+00 1.556701e+00 1.247423e+00 2.783505e-01 1.030928e-01
35835: 1.816327e+00 1.571429e+00 1.234694e+00 2.755102e-01 1.020408e-01
35835: 1.818182e+00 1.555556e+00 1.242424e+00 2.828283e-01 1.010101e-01
35835: 1.810000e+00 1.570000e+00 1.240000e+00 2.800000e-01 1.000000e-01
35835: 1.821782e+00 1.564356e+00 1.237624e+00 2.772277e-01 9.900990e-02
35835: 1.813725e+00 1.578431e+00 1.225490e+00 2.843137e-01 9.803922e-02
35835: 1.805825e+00 1.572816e+00 1.233010e+00 2.912621e-01 9.708738e-02
35835: 1.817308e+00 1.567308e+00 1.230769e+00 2.884615e-01 9.615385e-02
35835: 1.809524e+00 1.571429e+00 1.238095e+00 2.857143e-01 9.523810e-02
35835: 1.801887e+00 1.575472e+00 1.245283e+00 2.830189e-01 9.433962e-02
35835: 1.813084e+00 1.560748e+00 1.242991e+00 2.897196e-01 9.345794e-02
35835: 1.805556e+00 1.574074e+00 1.231481e+00 2.962963e-01 9.259259e-02
35835: 1.825688e+00 1.559633e+00 1.229358e+00 2.935780e-01 9.174312e-02
35835: 1.818182e+00 1.572727e+00 1.227273e+00 2.909091e-01 9.090909e-02
35835: 1.819820e+00 1.558559e+00 1.234234e+00 2.972973e-01 9.009009e-02
35835: 1.821429e+00 1.562500e+00 1.232143e+00 2.946429e-01 8.928571e-02
35835: 1.814159e+00 1.557522e+00 1.238938e+00 3.008850e-01 8.849558e-02
35835: 1.815789e+00 1.570175e+00 1.228070e+00 2.982456e-01 8.771930e-02
35835: 1.817391e+00 1.556522e+00 1.243478e+00 2.956522e-01 8.695652e-02
35835: 1.810345e+00 1.560345e+00 1.232759e+00 3.103448e-01 8.620690e-02
35835: 1.811966e+00 1.555556e+00 1.222222e+00 3.247863e-01 8.547009e-02
35835: 1.822034e+00 1.559322e+00 1.211864e+00 3.220339e-01 8.474576e-02
35835: 1.815126e+00 1.563025e+00 1.210084e+00 3.277311e-01 8.403361e-02
35835: 1.825000e+00 1.558333e+00 1.208333e+00 3.250000e-01 8.333333e-02
35835: 1.818182e+00 1.561983e+00 1.206612e+00 3.305785e-01 8.264463e-02
35835: 1.819672e+00 1.557377e+00 1.196721e+00 3.442623e-01 8.196721e-02
35835: 1.821138e+00 1.569106e+00 1.186992e+00 3.414634e-01 8.130081e-02
35835: 1.822581e+00 1.564516e+00 1.193548e+00 3.387097e-01 8.064516e-02
35835: 1.816000e+00 1.568000e+00 1.200000e+00 3.360000e-01 8.000000e-02
35835: 1.825397e+00 1.563492e+00 1.198413e+00 3.333333e-01 7.936508e-02
35835: 1.818898e+00 1.574803e+00 1.188976e+00 3.307087e-01 8.661417e-02
35835: 1.812500e+00 1.570312e+00 1.187500e+00 3.437500e-01 8.593750e-02
35835: 1.813953e+00 1.558140e+00 1.201550e+00 3.410853e-01 8.527132e-02
35835: 1.807692e+00 1.561538e+00 1.192308e+00 3.461538e-01 9.230769e-02
35835: 1.816794e+00 1.557252e+00 1.190840e+00 3.435115e-01 9.160305e-02
35835: 1.810606e+00 1.560606e+00 1.189394e+00 3.484848e-01 9.090909e-02
35835: 1.819549e+00 1.556391e+00 1.187970e+00 3.458647e-01 9.022556e-02
35835: 1.805970e+00 1.574627e+00 1.186567e+00 3.432836e-01 8.955224e-02
35835: 1.814815e+00 1.562963e+00 1.192593e+00 3.407407e-01 8.888889e-02
35835: 1.808824e+00 1.573529e+00 1.191176e+00 3.382353e-01 8.823529e-02
35835: 1.810219e+00 1.562044e+00 1.189781e+00 3.503650e-01 8.759124e-02
35835: 1.811594e+00 1.572464e+00 1.181159e+00 3.478261e-01 8.695652e-02
35835: 1.812950e+00 1.561151e+00 1.187050e+00 3.453237e-01 9.352518e-02
35835: 1.807143e+00 1.571429e+00 1.185714e+00 3.428571e-01 9.285714e-02
35835: 1.815603e+00 1.567376e+00 1.184397e+00 3.404255e-01 9.219858e-02
35835: 1.816901e+00 1.577465e+00 1.176056e+00 3.380282e-01 9.154930e-02
35835: 1.804196e+00 1.566434e+00 1.195804e+00 3.426573e-01 9.090909e-02
35835: 1.812500e+00 1.562500e+00 1.194444e+00 3.402778e-01 9.027778e-02
35835: 1.820690e+00 1.565517e+00 1.186207e+00 3.379310e-01 8.965517e-02
35835: 1.815068e+00 1.568493e+00 1.184932e+00 3.424658e-01 8.904110e-02
35835: 1.816327e+00 1.564626e+00 1.190476e+00 3.401361e-01 8.843537e-02
35835: 1.810811e+00 1.581081e+00 1.182432e+00 3.378378e-01 8.783784e-02
35835: 1.812081e+00 1.570470e+00 1.181208e+00 3.489933e-01 8.724832e-02
35835: 1.806667e+00 1.573333e+00 1.186667e+00 3.466667e-01 8.666667e-02
35835: 1.807947e+00 1.562914e+00 1.192053e+00 3.509934e-01 8.609272e-02
35835: 1.802632e+00 1.572368e+00 1.190789e+00 3.486842e-01 8.552632e-02
35835: 1.803922e+00 1.568627e+00 1.189542e+00 3.529412e-01 8.496732e-02
35835: 1.792208e+00 1.584416e+00 1.188312e+00 3.506494e-01 8.441558e-02
35835: 1.806452e+00 1.574194e+00 1.187097e+00 3.483871e-01 8.387097e-02
35835: 1.801282e+00 1.570513e+00 1.185897e+00 3.589744e-01 8.333333e-02
35835: 1.802548e+00 1.566879e+00 1.191083e+00 3.566879e-01 8.280255e-02
35835: 1.791139e+00 1.582278e+00 1.183544e+00 3.607595e-01 8.227848e-02
35835: 1.792453e+00 1.584906e+00 1.182390e+00 3.584906e-01 8.176101e-02
35835: 1.787500e+00 1.581250e+00 1.187500e+00 3.625000e-01 8.125000e-02
35835: 1.782609e+00 1.577640e+00 1.198758e+00 3.602484e-01 8.074534e-02
35835: 1.783951e+00 1.574074e+00 1.203704e+00 3.580247e-01 8.024691e-02
35835: 1.785276e+00 1.570552e+00 1.208589e+00 3.558282e-01 7.975460e-02
35835: 1.780488e+00 1.567073e+00 1.207317e+00 3.597561e-01 8.536585e-02
35835: 1.781818e+00 1.575758e+00 1.200000e+00 3.575758e-01 8.484848e-02
35835: 1.789157e+00 1.566265e+00 1.204819e+00 3.554217e-01 8.433735e-02
35835: 1.784431e+00 1.574850e+00 1.203593e+00 3.532934e-01 8.383234e-02
35835: 1.785714e+00 1.565476e+00 1.202381e+00 3.630952e-01 8.333333e-02
35835: 1.781065e+00 1.573964e+00 1.201183e+00 3.609467e-01 8.284024e-02
35835: 1.782353e+00 1.564706e+00 1.211765e+00 3.588235e-01 8.235294e-02
35835: 1.783626e+00 1.567251e+00 1.204678e+00 3.625731e-01 8.187135e-02
35835: 1.790698e+00 1.563953e+00 1.203488e+00 3.604651e-01 8.139535e-02
35835: 1.780347e+00 1.578035e+00 1.202312e+00 3.583815e-01 8.092486e-02
35835: 1.781609e+00 1.580460e+00 1.201149e+00 3.563218e-01 8.045977e-02
35835: 1.777143e+00 1.571429e+00 1.217143e+00 3.542857e-01 8.000000e-02
35835: 1.778409e+00 1.562500e+00 1.227273e+00 3.522727e-01 7.954545e-02
35835: 1.774011e+00 1.564972e+00 1.225989e+00 3.559322e-01 7.909605e-02
35835: 1.775281e+00 1.567416e+00 1.224719e+00 3.539326e-01 7.865169e-02
35835: 1.776536e+00 1.564246e+00 1.229050e+00 3.519553e-01 7.821229e-02
35835: 1.772222e+00 1.566667e+00 1.227778e+00 3.555556e-01 7.777778e-02
35835: 1.767956e+00 1.580110e+00 1.220994e+00 3.535912e-01 7.734807e-02
35835: 1.769231e+00 1.576923e+00 1.219780e+00 3.571429e-01 7.692308e-02
35835: 1.765027e+00 1.579235e+00 1.224044e+00 3.551913e-01 7.650273e-02
35835: 1.771739e+00 1.570652e+00 1.222826e+00 3.586957e-01 7.608696e-02
35835: 1.772973e+00 1.567568e+00 1.221622e+00 3.621622e-01 7.567568e-02
35835: 1.779570e+00 1.569892e+00 1.215054e+00 3.602151e-01 7.526882e-02
35835: 1.775401e+00 1.572193e+00 1.219251e+00 3.582888e-01 7.486631e-02
35835: 1.776596e+00 1.569149e+00 1.223404e+00 3.563830e-01 7.446809e-02
35835: 1.777778e+00 1.571429e+00 1.216931e+00 3.544974e-01 7.936508e-02
35835: 1.773684e+00 1.568421e+00 1.221053e+00 3.526316e-01 8.421053e-02
35835: 1.774869e+00 1.570681e+00 1.219895e+00 3.507853e-01 8.376963e-02
35835: 1.770833e+00 1.562500e+00 1.229167e+00 3.541667e-01 8.333333e-02
35835: 1.777202e+00 1.559585e+00 1.227979e+00 3.523316e-01 8.290155e-02
35835: 1.773196e+00 1.561856e+00 1.231959e+00 3.505155e-01 8.247423e-02
35835: 1.774359e+00 1.558974e+00 1.230769e+00 3.538462e-01 8.205128e-02
35835: 1.770408e+00 1.566327e+00 1.224490e+00 3.520408e-01 8.673469e-02
35835: 1.776650e+00 1.563452e+00 1.223350e+00 3.502538e-01 8.629442e-02
35835: 1.772727e+00 1.570707e+00 1.217172e+00 3.535354e-01 8.585859e-02
35835: 1.773869e+00 1.567839e+00 1.221106e+00 3.517588e-01 8.542714e-02
35835: 1.770000e+00 1.575000e+00 1.215000e+00 3.550000e-01 8.500000e-02
35835: 1.771144e+00 1.567164e+00 1.218905e+00 3.582090e-01 8.457711e-02
35835: 1.767327e+00 1.569307e+00 1.217822e+00 3.613861e-01 8.415842e-02
35835: 1.773399e+00 1.566502e+00 1.216749e+00 3.596059e-01 8.374384e-02
35835: 1.774510e+00 1.573529e+00 1.210784e+00 3.578431e-01 8.333333e-02
35835: 1.770732e+00 1.575610e+00 1.214634e+00 3.560976e-01 8.292683e-02
35835: 1.771845e+00 1.567961e+00 1.218447e+00 3.543689e-01 8.737864e-02
35835: 1.772947e+00 1.570048e+00 1.217391e+00 3.526570e-01 8.695652e-02
35835: 1.769231e+00 1.562500e+00 1.225962e+00 3.557692e-01 8.653846e-02
35835: 1.775120e+00 1.559809e+00 1.220096e+00 3.540670e-01 9.090909e-02
35835: 1.771429e+00 1.561905e+00 1.219048e+00 3.571429e-01 9.047619e-02
35835: 1.772512e+00 1.563981e+00 1.218009e+00 3.554502e-01 9.004739e-02
35835: 1.768868e+00 1.561321e+00 1.226415e+00 3.537736e-01 8.962264e-02
35835: 1.774648e+00 1.563380e+00 1.220657e+00 3.521127e-01 8.920188e-02
35835: 1.775701e+00 1.560748e+00 1.224299e+00 3.504673e-01 8.878505e-02
35835: 1.776744e+00 1.567442e+00 1.218605e+00 3.488372e-01 8.837209e-02
35835: 1.777778e+00 1.569444e+00 1.217593e+00 3.472222e-01 8.796296e-02
35835: 1.774194e+00 1.566820e+00 1.221198e+00 3.502304e-01 8.755760e-02
35835: 1.775229e+00 1.568807e+00 1.215596e+00 3.532110e-01 8.715596e-02
35835: 1.776256e+00 1.566210e+00 1.219178e+00 3.515982e-01 8.675799e-02
35835: 1.772727e+00 1.568182e+00 1.222727e+00 3.500000e-01 8.636364e-02
35835: 1.773756e+00 1.565611e+00 1.221719e+00 3.484163e-01 9.049774e-02
35835: 1.774775e+00 1.567568e+00 1.216216e+00 3.468468e-01 9.459459e-02
35835: 1.771300e+00 1.565022e+00 1.219731e+00 3.452915e-01 9.865471e-02
35835: 1.772321e+00 1.562500e+00 1.223214e+00 3.437500e-01 9.821429e-02
35835: 1.773333e+00 1.564444e+00 1.217778e+00 3.466667e-01 9.777778e-02
35835: 1.774336e+00 1.561947e+00 1.221239e+00 3.451327e-01 9.734513e-02
35835: 1.779736e+00 1.563877e+00 1.215859e+00 3.436123e-01 9.691630e-02
35835: 1.776316e+00 1.561404e+00 1.223684e+00 3.421053e-01 9.649123e-02
35835: 1.781659e+00 1.563319e+00 1.218341e+00 3.406114e-01 9.606987e-02
35835: 1.778261e+00 1.560870e+00 1.221739e+00 3.434783e-01 9.565217e-02
35835: 1.783550e+00 1.558442e+00 1.216450e+00 3.463203e-01 9.523810e-02
35835: 1.784483e+00 1.560345e+00 1.215517e+00 3.448276e-01 9.482759e-02
35835: 1.789700e+00 1.557940e+00 1.214592e+00 3.433476e-01 9.442060e-02
35835: 1.786325e+00 1.559829e+00 1.213675e+00 3.418803e-01 9.829060e-02
35835: 1.787234e+00 1.561702e+00 1.208511e+00 3.404255e-01 1.021277e-01
35835: 1.792373e+00 1.559322e+00 1.207627e+00 3.389831e-01 1.016949e-01
35835: 1.789030e+00 1.569620e+00 1.202532e+00 3.375527e-01 1.012658e-01
35835: 1.785714e+00 1.567227e+00 1.205882e+00 3.403361e-01 1.008403e-01
35835: 1.786611e+00 1.569038e+00 1.205021e+00 3.389121e-01 1.004184e-01
35835: 1.783333e+00 1.570833e+00 1.208333e+00 3.375000e-01 1.000000e-01
35835: 1.784232e+00 1.564315e+00 1.211618e+00 3.402490e-01 9.958506e-02
35835: 1.780992e+00 1.574380e+00 1.206612e+00 3.388430e-01 9.917355e-02
35835: 1.786008e+00 1.567901e+00 1.209877e+00 3.374486e-01 9.876543e-02
35835: 1.782787e+00 1.577869e+00 1.204918e+00 3.360656e-01 9.836066e-02
35835: 1.787755e+00 1.571429e+00 1.208163e+00 3.346939e-01 9.795918e-02
35835: 1.780488e+00 1.569106e+00 1.219512e+00 3.333333e-01 9.756098e-02
35835: 1.781377e+00 1.566802e+00 1.218623e+00 3.360324e-01 9.716599e-02
35835: 1.774194e+00 1.572581e+00 1.213710e+00 3.387097e-01 1.008065e-01
35835: 1.779116e+00 1.570281e+00 1.212851e+00 3.373494e-01 1.004016e-01
35835: 1.780000e+00 1.568000e+00 1.216000e+00 3.360000e-01 1.000000e-01
35835: 1.772908e+00 1.569721e+00 1.223108e+00 3.346614e-01 9.960159e-02
35835: 1.769841e+00 1.575397e+00 1.222222e+00 3.333333e-01 9.920635e-02
35835: 1.770751e+00 1.569170e+00 1.229249e+00 3.320158e-01 9.881423e-02
35835: 1.771654e+00 1.574803e+00 1.224409e+00 3.307087e-01 9.842520e-02
35835: 1.768627e+00 1.572549e+00 1.231373e+00 3.294118e-01 9.803922e-02
35835: 1.769531e+00 1.566406e+00 1.234375e+00 3.281250e-01 1.015625e-01
35835: 1.770428e+00 1.568093e+00 1.233463e+00 3.268482e-01 1.011673e-01
35835: 1.771318e+00 1.565891e+00 1.236434e+00 3.255814e-01 1.007752e-01
35835: 1.772201e+00 1.567568e+00 1.235521e+00 3.243243e-01 1.003861e-01
35835: 1.773077e+00 1.565385e+00 1.238462e+00 3.230769e-01 1.000000e-01
35835: 1.773946e+00 1.567050e+00 1.237548e+00 3.218391e-01 9.961686e-02
35835: 1.774809e+00 1.564885e+00 1.240458e+00 3.206107e-01 9.923664e-02
35835: 1.775665e+00 1.566540e+00 1.239544e+00 3.193916e-01 9.885932e-02
35835: 1.776515e+00 1.568182e+00 1.238636e+00 3.181818e-01 9.848485e-02
35835: 1.777358e+00 1.566038e+00 1.237736e+00 3.207547e-01 9.811321e-02
35835: 1.774436e+00 1.571429e+00 1.233083e+00 3.233083e-01 9.774436e-02
35835: 1.771536e+00 1.569288e+00 1.239700e+00 3.220974e-01 9.737828e-02
35835: 1.772388e+00 1.570896e+00 1.235075e+00 3.208955e-01 1.007463e-01
35835: 1.769517e+00 1.568773e+00 1.237918e+00 3.234201e-01 1.003717e-01
35835: 1.774074e+00 1.566667e+00 1.237037e+00 3.222222e-01 1.000000e-01
35835: 1.771218e+00 1.571956e+00 1.232472e+00 3.247232e-01 9.963100e-02
35835: 1.772059e+00 1.573529e+00 1.231618e+00 3.235294e-01 9.926471e-02
35835: 1.769231e+00 1.567766e+00 1.238095e+00 3.223443e-01 1.025641e-01
35835: 1.766423e+00 1.569343e+00 1.240876e+00 3.211679e-01 1.021898e-01
35835: 1.767273e+00 1.570909e+00 1.240000e+00 3.200000e-01 1.018182e-01
35835: 1.764493e+00 1.568841e+00 1.246377e+00 3.188406e-01 1.014493e-01
35835: 1.768953e+00 1.570397e+00 1.241877e+00 3.176895e-01 1.010830e-01
35835: 1.769784e+00 1.568345e+00 1.244604e+00 3.165468e-01 1.007194e-01
35835: 1.767025e+00 1.573477e+00 1.243728e+00 3.154122e-01 1.003584e-01
35835: 1.764286e+00 1.571429e+00 1.246429e+00 3.178571e-01 1.000000e-01
35835: 1.761566e+00 1.572954e+00 1.245552e+00 3.202847e-01 9.964413e-02
35835: 1.758865e+00 1.574468e+00 1.248227e+00 3.191489e-01 9.929078e-02
35835: 1.759717e+00 1.568905e+00 1.250883e+00 3.180212e-01 1.024735e-01
35835: 1.757042e+00 1.570423e+00 1.253521e+00 3.169014e-01 1.021127e-01
35835: 1.754386e+00 1.568421e+00 1.259649e+00 3.157895e-01 1.017544e-01
35835: 1.758741e+00 1.566434e+00 1.255245e+00 3.181818e-01 1.013986e-01
35835: 1.756098e+00 1.571429e+00 1.254355e+00 3.170732e-01 1.010453e-01
35835: 1.756944e+00 1.565972e+00 1.260417e+00 3.159722e-01 1.006944e-01
35835: 1.757785e+00 1.567474e+00 1.259516e+00 3.148789e-01 1.003460e-01
35835: 1.751724e+00 1.565517e+00 1.265517e+00 3.137931e-01 1.034483e-01
35835: 1.752577e+00 1.563574e+00 1.264605e+00 3.161512e-01 1.030928e-01
35835: 1.750000e+00 1.565068e+00 1.263699e+00 3.184932e-01 1.027397e-01
35835: 1.757679e+00 1.563140e+00 1.259386e+00 3.174061e-01 1.023891e-01
35835: 1.755102e+00 1.571429e+00 1.255102e+00 3.163265e-01 1.020408e-01
35835: 1.755932e+00 1.566102e+00 1.257627e+00 3.152542e-01 1.050847e-01
35835: 1.753378e+00 1.570946e+00 1.256757e+00 3.141892e-01 1.047297e-01
35835: 1.754209e+00 1.569024e+00 1.259259e+00 3.131313e-01 1.043771e-01
35835: 1.751678e+00 1.570470e+00 1.258389e+00 3.154362e-01 1.040268e-01
35835: 1.752508e+00 1.568562e+00 1.260870e+00 3.143813e-01 1.036789e-01
35835: 1.746667e+00 1.570000e+00 1.266667e+00 3.133333e-01 1.033333e-01
35835: 1.747508e+00 1.568106e+00 1.269103e+00 3.122924e-01 1.029900e-01
35835: 1.748344e+00 1.569536e+00 1.264901e+00 3.145695e-01 1.026490e-01
35835: 1.742574e+00 1.570957e+00 1.270627e+00 3.135314e-01 1.023102e-01
35835: 1.743421e+00 1.565789e+00 1.273026e+00 3.157895e-01 1.019737e-01
35835: 1.747541e+00 1.567213e+00 1.268852e+00 3.147541e-01 1.016393e-01
35835: 1.751634e+00 1.565359e+00 1.267974e+00 3.137255e-01 1.013072e-01
35835: 1.749186e+00 1.570033e+00 1.263844e+00 3.159609e-01 1.009772e-01
35835: 1.746753e+00 1.564935e+00 1.269481e+00 3.181818e-01 1.006494e-01
35835: 1.744337e+00 1.566343e+00 1.265372e+00 3.236246e-01 1.003236e-01
35835: 1.745161e+00 1.567742e+00 1.261290e+00 3.258065e-01 1.000000e-01
35835: 1.739550e+00 1.569132e+00 1.266881e+00 3.247588e-01 9.967846e-02
35835: 1.737179e+00 1.573718e+00 1.266026e+00 3.237179e-01 9.935897e-02
35835: 1.738019e+00 1.568690e+00 1.268371e+00 3.258786e-01 9.904153e-02
35835: 1.738854e+00 1.570064e+00 1.267516e+00 3.248408e-01 9.872611e-02
35835: 1.739683e+00 1.565079e+00 1.269841e+00 3.269841e-01 9.841270e-02
35835: 1.737342e+00 1.572785e+00 1.265823e+00 3.259494e-01 9.810127e-02
35835: 1.738170e+00 1.567823e+00 1.271293e+00 3.249211e-01 9.779180e-02
35835: 1.735849e+00 1.572327e+00 1.270440e+00 3.238994e-01 9.748428e-02
35835: 1.733542e+00 1.570533e+00 1.272727e+00 3.260188e-01 9.717868e-02
35835: 1.734375e+00 1.568750e+00 1.275000e+00 3.250000e-01 9.687500e-02
35835: 1.732087e+00 1.573209e+00 1.274143e+00 3.239875e-01 9.657321e-02
35835: 1.732919e+00 1.571429e+00 1.276398e+00 3.229814e-01 9.627329e-02
35835: 1.730650e+00 1.569659e+00 1.281734e+00 3.219814e-01 9.597523e-02
35835: 1.734568e+00 1.567901e+00 1.280864e+00 3.209877e-01 9.567901e-02
35835: 1.729231e+00 1.572308e+00 1.276923e+00 3.230769e-01 9.846154e-02
35835: 1.730061e+00 1.573620e+00 1.276074e+00 3.220859e-01 9.815951e-02
35835: 1.727829e+00 1.568807e+00 1.281346e+00 3.211009e-01 1.009174e-01
35835: 1.731707e+00 1.567073e+00 1.280488e+00 3.201220e-01 1.006098e-01
35835: 1.729483e+00 1.568389e+00 1.282675e+00 3.191489e-01 1.003040e-01
35835: 1.733333e+00 1.569697e+00 1.278788e+00 3.181818e-01 1.000000e-01
35835: 1.731118e+00 1.570997e+00 1.280967e+00 3.172205e-01 9.969789e-02
35835: 1.734940e+00 1.566265e+00 1.283133e+00 3.162651e-01 9.939759e-02
35835: 1.732733e+00 1.570571e+00 1.279279e+00 3.153153e-01 1.021021e-01
35835: 1.730539e+00 1.565868e+00 1.284431e+00 3.173653e-01 1.017964e-01
35835: 1.734328e+00 1.564179e+00 1.283582e+00 3.164179e-01 1.014925e-01
35835: 1.735119e+00 1.565476e+00 1.279762e+00 3.184524e-01 1.011905e-01
35835: 1.735905e+00 1.566766e+00 1.278932e+00 3.175074e-01 1.008902e-01
35835: 1.736686e+00 1.568047e+00 1.278107e+00 3.165680e-01 1.005917e-01
35835: 1.734513e+00 1.572271e+00 1.277286e+00 3.156342e-01 1.002950e-01
35835: 1.735294e+00 1.567647e+00 1.282353e+00 3.147059e-01 1.000000e-01
35835: 1.736070e+00 1.568915e+00 1.278592e+00 3.167155e-01 9.970674e-02
35835: 1.733918e+00 1.570175e+00 1.280702e+00 3.157895e-01 9.941520e-02
35835: 1.737609e+00 1.565598e+00 1.282799e+00 3.148688e-01 9.912536e-02
35835: 1.735465e+00 1.566860e+00 1.284884e+00 3.139535e-01 9.883721e-02
35835: 1.736232e+00 1.568116e+00 1.281159e+00 3.159420e-01 9.855072e-02
35835: 1.731214e+00 1.569364e+00 1.286127e+00 3.150289e-01 9.826590e-02
35835: 1.734870e+00 1.570605e+00 1.282421e+00 3.141210e-01 9.798271e-02
35835: 1.732759e+00 1.568966e+00 1.287356e+00 3.132184e-01 9.770115e-02
35835: 1.733524e+00 1.570201e+00 1.286533e+00 3.123209e-01 9.742120e-02
35835: 1.731429e+00 1.565714e+00 1.288571e+00 3.142857e-01 1.000000e-01
35835: 1.732194e+00 1.566952e+00 1.287749e+00 3.133903e-01 9.971510e-02
35835: 1.730114e+00 1.568182e+00 1.289773e+00 3.125000e-01 9.943182e-02
35835: 1.733711e+00 1.569405e+00 1.286119e+00 3.116147e-01 9.915014e-02
35835: 1.728814e+00 1.570621e+00 1.288136e+00 3.135593e-01 9.887006e-02
35835: 1.729577e+00 1.566197e+00 1.290141e+00 3.154930e-01 9.859155e-02
35835: 1.724719e+00 1.573034e+00 1.289326e+00 3.146067e-01 9.831461e-02
35835: 1.725490e+00 1.568627e+00 1.294118e+00 3.137255e-01 9.803922e-02
35835: 1.726257e+00 1.572626e+00 1.290503e+00 3.128492e-01 9.776536e-02
35835: 1.721448e+00 1.573816e+00 1.292479e+00 3.147632e-01 9.749304e-02
35835: 1.722222e+00 1.572222e+00 1.294444e+00 3.138889e-01 9.722222e-02
35835: 1.720222e+00 1.576177e+00 1.293629e+00 3.130194e-01 9.695291e-02
35835: 1.720994e+00 1.577348e+00 1.292818e+00 3.121547e-01 9.668508e-02
35835: 1.719008e+00 1.575758e+00 1.294766e+00 3.140496e-01 9.641873e-02
35835: 1.722527e+00 1.571429e+00 1.293956e+00 3.159341e-01 9.615385e-02
35835: 1.720548e+00 1.572603e+00 1.295890e+00 3.150685e-01 9.589041e-02
35835: 1.721311e+00 1.571038e+00 1.297814e+00 3.142077e-01 9.562842e-02
35835: 1.716621e+00 1.572207e+00 1.299728e+00 3.160763e-01 9.536785e-02
35835: 1.722826e+00 1.567935e+00 1.298913e+00 3.152174e-01 9.510870e-02
35835: 1.726287e+00 1.569106e+00 1.295393e+00 3.143631e-01 9.485095e-02
35835: 1.724324e+00 1.570270e+00 1.294595e+00 3.135135e-01 9.729730e-02
35835: 1.725067e+00 1.568733e+00 1.296496e+00 3.126685e-01 9.703504e-02
35835: 1.725806e+00 1.569892e+00 1.295699e+00 3.118280e-01 9.677419e-02
35835: 1.723861e+00 1.571046e+00 1.297587e+00 3.109920e-01 9.651475e-02
35835: 1.727273e+00 1.569519e+00 1.296791e+00 3.101604e-01 9.625668e-02
35835: 1.725333e+00 1.576000e+00 1.293333e+00 3.093333e-01 9.600000e-02
35835: 1.728723e+00 1.571809e+00 1.292553e+00 3.111702e-01 9.574468e-02
35835: 1.729443e+00 1.572944e+00 1.291777e+00 3.103448e-01 9.549072e-02
35835: 1.727513e+00 1.571429e+00 1.296296e+00 3.095238e-01 9.523810e-02
35835: 1.728232e+00 1.567282e+00 1.298153e+00 3.113456e-01 9.498681e-02
35835: 1.726316e+00 1.571053e+00 1.297368e+00 3.105263e-01 9.473684e-02
35835: 1.727034e+00 1.569554e+00 1.299213e+00 3.097113e-01 9.448819e-02
35835: 1.725131e+00 1.573298e+00 1.298429e+00 3.089005e-01 9.424084e-02
35835: 1.725849e+00 1.569191e+00 1.302872e+00 3.080940e-01 9.399478e-02
35835: 1.726562e+00 1.572917e+00 1.299479e+00 3.072917e-01 9.375000e-02
35835: 1.724675e+00 1.568831e+00 1.306494e+00 3.064935e-01 9.350649e-02
35835: 1.727979e+00 1.569948e+00 1.303109e+00 3.056995e-01 9.326425e-02
35835: 1.726098e+00 1.571059e+00 1.304910e+00 3.049096e-01 9.302326e-02
35835: 1.726804e+00 1.569588e+00 1.306701e+00 3.041237e-01 9.278351e-02
35835: 1.724936e+00 1.570694e+00 1.308483e+00 3.033419e-01 9.254499e-02
35835: 1.725641e+00 1.566667e+00 1.310256e+00 3.051282e-01 9.230769e-02
35835: 1.726343e+00 1.570332e+00 1.306905e+00 3.043478e-01 9.207161e-02
35835: 1.727041e+00 1.566327e+00 1.311224e+00 3.035714e-01 9.183673e-02
35835: 1.725191e+00 1.567430e+00 1.310433e+00 3.053435e-01 9.160305e-02
35835: 1.725888e+00 1.568528e+00 1.309645e+00 3.045685e-01 9.137056e-02
35835: 1.726582e+00 1.567089e+00 1.308861e+00 3.063291e-01 9.113924e-02
35835: 1.727273e+00 1.570707e+00 1.305556e+00 3.055556e-01 9.090909e-02
35835: 1.722922e+00 1.571788e+00 1.309824e+00 3.047859e-01 9.068010e-02
35835: 1.723618e+00 1.570352e+00 1.311558e+00 3.040201e-01 9.045226e-02
35835: 1.719298e+00 1.571429e+00 1.315789e+00 3.032581e-01 9.022556e-02
35835: 1.722500e+00 1.567500e+00 1.317500e+00 3.025000e-01 9.000000e-02
35835: 1.720698e+00 1.568579e+00 1.314214e+00 3.017456e-01 9.476309e-02
35835: 1.721393e+00 1.569652e+00 1.313433e+00 3.009950e-01 9.452736e-02
35835: 1.722084e+00 1.570720e+00 1.312655e+00 3.002481e-01 9.429280e-02
35835: 1.722772e+00 1.566832e+00 1.314356e+00 3.019802e-01 9.405941e-02
35835: 1.720988e+00 1.567901e+00 1.311111e+00 3.012346e-01 9.876543e-02
35835: 1.721675e+00 1.566502e+00 1.312808e+00 3.004926e-01 9.852217e-02
35835: 1.717445e+00 1.572482e+00 1.309582e+00 2.997543e-01 1.007371e-01
35835: 1.718137e+00 1.571078e+00 1.311275e+00 2.990196e-01 1.004902e-01
35835: 1.713936e+00 1.569682e+00 1.315403e+00 3.007335e-01 1.002445e-01
35835: 1.717073e+00 1.570732e+00 1.312195e+00 3.000000e-01 1.000000e-01
35835: 1.712895e+00 1.571776e+00 1.316302e+00 2.992701e-01 9.975669e-02
35835: 1.713592e+00 1.570388e+00 1.315534e+00 3.009709e-01 9.951456e-02
35835: 1.714286e+00 1.571429e+00 1.314770e+00 3.002421e-01 9.927361e-02
35835: 1.712560e+00 1.570048e+00 1.318841e+00 2.995169e-01 9.903382e-02
35835: 1.713253e+00 1.568675e+00 1.320482e+00 2.987952e-01 9.879518e-02
35835: 1.711538e+00 1.572115e+00 1.317308e+00 3.004808e-01 9.855769e-02
35835: 1.714628e+00 1.568345e+00 1.316547e+00 3.021583e-01 9.832134e-02
35835: 1.712919e+00 1.571770e+00 1.315789e+00 3.014354e-01 9.808612e-02
35835: 1.713604e+00 1.570406e+00 1.317422e+00 3.007160e-01 9.785203e-02
35835: 1.711905e+00 1.569048e+00 1.321429e+00 3.000000e-01 9.761905e-02
35835: 1.714964e+00 1.567696e+00 1.320665e+00 2.992874e-01 9.738717e-02
35835: 1.713270e+00 1.568720e+00 1.322275e+00 2.985782e-01 9.715640e-02
35835: 1.713948e+00 1.567376e+00 1.321513e+00 2.978723e-01 9.929078e-02
35835: 1.712264e+00 1.570755e+00 1.320755e+00 2.971698e-01 9.905660e-02
35835: 1.712941e+00 1.569412e+00 1.320000e+00 2.988235e-01 9.882353e-02
35835: 1.711268e+00 1.570423e+00 1.319249e+00 2.981221e-01 1.009390e-01
35835: 1.711944e+00 1.566745e+00 1.323185e+00 2.974239e-01 1.007026e-01
35835: 1.710280e+00 1.567757e+00 1.324766e+00 2.967290e-01 1.004673e-01
35835: 1.715618e+00 1.566434e+00 1.321678e+00 2.960373e-01 1.002331e-01
35835: 1.713953e+00 1.572093e+00 1.318605e+00 2.953488e-01 1.000000e-01
35835: 1.716937e+00 1.568445e+00 1.317865e+00 2.946636e-01 1.020882e-01
35835: 1.715278e+00 1.569444e+00 1.317130e+00 2.962963e-01 1.018519e-01
35835: 1.715935e+00 1.568129e+00 1.316397e+00 2.979215e-01 1.016166e-01
35835: 1.716590e+00 1.569124e+00 1.315668e+00 2.972350e-01 1.013825e-01
35835: 1.714943e+00 1.570115e+00 1.317241e+00 2.965517e-01 1.011494e-01
35835: 1.715596e+00 1.568807e+00 1.318807e+00 2.958716e-01 1.009174e-01
35835: 1.716247e+00 1.569794e+00 1.318078e+00 2.951945e-01 1.006865e-01
35835: 1.714612e+00 1.568493e+00 1.319635e+00 2.968037e-01 1.004566e-01
35835: 1.717540e+00 1.569476e+00 1.316629e+00 2.961276e-01 1.002278e-01
35835: 1.713636e+00 1.572727e+00 1.315909e+00 2.977273e-01 1.000000e-01
35835: 1.714286e+00 1.569161e+00 1.319728e+00 2.970522e-01 9.977324e-02
35835: 1.714932e+00 1.572398e+00 1.316742e+00 2.963801e-01 9.954751e-02
35835: 1.715576e+00 1.568849e+00 1.320542e+00 2.957111e-01 9.932280e-02
35835: 1.713964e+00 1.572072e+00 1.317568e+00 2.950450e-01 1.013514e-01
35835: 1.719101e+00 1.568539e+00 1.316854e+00 2.943820e-01 1.011236e-01
35835: 1.715247e+00 1.573991e+00 1.316143e+00 2.937220e-01 1.008969e-01
35835: 1.713647e+00 1.577181e+00 1.315436e+00 2.930649e-01 1.006711e-01
35835: 1.716518e+00 1.573661e+00 1.314732e+00 2.946429e-01 1.004464e-01
35835: 1.714922e+00 1.574610e+00 1.316258e+00 2.939866e-01 1.002227e-01
35835: 1.715556e+00 1.573333e+00 1.317778e+00 2.933333e-01 1.000000e-01
35835: 1.713969e+00 1.574279e+00 1.319290e+00 2.926829e-01 9.977827e-02
35835: 1.714602e+00 1.573009e+00 1.318584e+00 2.942478e-01 9.955752e-02
35835: 1.717439e+00 1.571744e+00 1.317881e+00 2.935982e-01 9.933775e-02
35835: 1.715859e+00 1.570485e+00 1.319383e+00 2.929515e-01 1.013216e-01
35835: 1.716484e+00 1.567033e+00 1.318681e+00 2.967033e-01 1.010989e-01
35835: 1.712719e+00 1.567982e+00 1.320175e+00 2.982456e-01 1.008772e-01
35835: 1.713348e+00 1.571116e+00 1.317287e+00 2.975930e-01 1.006565e-01
35835: 1.713974e+00 1.569869e+00 1.318777e+00 2.969432e-01 1.004367e-01
35835: 1.714597e+00 1.570806e+00 1.315904e+00 2.984749e-01 1.002179e-01
35835: 1.713043e+00 1.569565e+00 1.317391e+00 2.978261e-01 1.021739e-01
35835: 1.715835e+00 1.570499e+00 1.314534e+00 2.971800e-01 1.019523e-01
35835: 1.712121e+00 1.567100e+00 1.322511e+00 2.965368e-01 1.017316e-01
35835: 1.712743e+00 1.565875e+00 1.319654e+00 2.980562e-01 1.036717e-01
35835: 1.711207e+00 1.566810e+00 1.321121e+00 2.974138e-01 1.034483e-01
35835: 1.711828e+00 1.565591e+00 1.320430e+00 2.989247e-01 1.032258e-01
35835: 1.710300e+00 1.566524e+00 1.317597e+00 3.004292e-01 1.051502e-01
35835: 1.715203e+00 1.565310e+00 1.314775e+00 2.997859e-01 1.049251e-01
35835: 1.713675e+00 1.568376e+00 1.314103e+00 2.991453e-01 1.047009e-01
35835: 1.714286e+00 1.571429e+00 1.311301e+00 2.985075e-01 1.044776e-01
35835: 1.712766e+00 1.570213e+00 1.314894e+00 2.978723e-01 1.042553e-01
35835: 1.713376e+00 1.566879e+00 1.316348e+00 2.972399e-01 1.061571e-01
35835: 1.713983e+00 1.567797e+00 1.315678e+00 2.966102e-01 1.059322e-01
35835: 1.714588e+00 1.568710e+00 1.315011e+00 2.959831e-01 1.057082e-01
35835: 1.717300e+00 1.567511e+00 1.314346e+00 2.953586e-01 1.054852e-01
35835: 1.715789e+00 1.570526e+00 1.313684e+00 2.947368e-01 1.052632e-01
35835: 1.718487e+00 1.567227e+00 1.313025e+00 2.962185e-01 1.050420e-01
35835: 1.716981e+00 1.570231e+00 1.310273e+00 2.955975e-01 1.069182e-01
35835: 1.719665e+00 1.566946e+00 1.309623e+00 2.970711e-01 1.066946e-01
35835: 1.718163e+00 1.567850e+00 1.308977e+00 2.985386e-01 1.064718e-01
35835: 1.718750e+00 1.566667e+00 1.306250e+00 3.020833e-01 1.062500e-01
35835: 1.719335e+00 1.567568e+00 1.303534e+00 3.035343e-01 1.060291e-01
35835: 1.719917e+00 1.566390e+00 1.304979e+00 3.029046e-01 1.058091e-01
35835: 1.720497e+00 1.567288e+00 1.304348e+00 3.022774e-01 1.055901e-01
35835: 1.719008e+00 1.566116e+00 1.305785e+00 3.037190e-01 1.053719e-01
35835: 1.719588e+00 1.567010e+00 1.303093e+00 3.030928e-01 1.072165e-01
35835: 1.718107e+00 1.567901e+00 1.304527e+00 3.024691e-01 1.069959e-01
35835: 1.718686e+00 1.568789e+00 1.303901e+00 3.018480e-01 1.067762e-01
35835: 1.717213e+00 1.567623e+00 1.305328e+00 3.032787e-01 1.065574e-01
35835: 1.719836e+00 1.568507e+00 1.302658e+00 3.026585e-01 1.063395e-01
35835: 1.718367e+00 1.567347e+00 1.304082e+00 3.040816e-01 1.061224e-01
35835: 1.718941e+00 1.568228e+00 1.301426e+00 3.054990e-01 1.059063e-01
35835: 1.717480e+00 1.569106e+00 1.302846e+00 3.048780e-01 1.056911e-01
35835: 1.718053e+00 1.567951e+00 1.302231e+00 3.062880e-01 1.054767e-01
35835: 1.720648e+00 1.568826e+00 1.299595e+00 3.056680e-01 1.052632e-01
35835: 1.719192e+00 1.569697e+00 1.301010e+00 3.050505e-01 1.050505e-01
35835: 1.719758e+00 1.568548e+00 1.300403e+00 3.064516e-01 1.048387e-01
35835: 1.720322e+00 1.569416e+00 1.297787e+00 3.078471e-01 1.046278e-01
35835: 1.718876e+00 1.570281e+00 1.297189e+00 3.092369e-01 1.044177e-01
35835: 1.723447e+00 1.567134e+00 1.296593e+00 3.086172e-01 1.042084e-01
35835: 1.720000e+00 1.570000e+00 1.296000e+00 3.100000e-01 1.040000e-01
35835: 1.722555e+00 1.566866e+00 1.297405e+00 3.093812e-01 1.037924e-01
35835: 1.721116e+00 1.569721e+00 1.294821e+00 3.107570e-01 1.035857e-01
35835: 1.723658e+00 1.570577e+00 1.292247e+00 3.101392e-01 1.033797e-01
35835: 1.722222e+00 1.567460e+00 1.293651e+00 3.134921e-01 1.031746e-01
35835: 1.722772e+00 1.566337e+00 1.295050e+00 3.128713e-01 1.029703e-01
35835: 1.719368e+00 1.569170e+00 1.296443e+00 3.122530e-01 1.027668e-01
35835: 1.721893e+00 1.568047e+00 1.293886e+00 3.136095e-01 1.025641e-01
35835: 1.722441e+00 1.570866e+00 1.291339e+00 3.129921e-01 1.023622e-01
35835: 1.722986e+00 1.567780e+00 1.294695e+00 3.123772e-01 1.021611e-01
35835: 1.721569e+00 1.568627e+00 1.294118e+00 3.137255e-01 1.019608e-01
35835: 1.724070e+00 1.567515e+00 1.291585e+00 3.131115e-01 1.037182e-01
35835: 1.722656e+00 1.572266e+00 1.289062e+00 3.125000e-01 1.035156e-01
35835: 1.723197e+00 1.571150e+00 1.288499e+00 3.138402e-01 1.033138e-01
35835: 1.719844e+00 1.571984e+00 1.289883e+00 3.151751e-01 1.031128e-01
35835: 1.722330e+00 1.570874e+00 1.289320e+00 3.145631e-01 1.029126e-01
35835: 1.722868e+00 1.569767e+00 1.290698e+00 3.139535e-01 1.027132e-01
35835: 1.721470e+00 1.570600e+00 1.292070e+00 3.133462e-01 1.025145e-01
35835: 1.722008e+00 1.567568e+00 1.293436e+00 3.146718e-01 1.023166e-01
35835: 1.718690e+00 1.570328e+00 1.292871e+00 3.140655e-01 1.040462e-01
35835: 1.721154e+00 1.567308e+00 1.294231e+00 3.134615e-01 1.038462e-01
35835: 1.721689e+00 1.568138e+00 1.293666e+00 3.128599e-01 1.036468e-01
35835: 1.722222e+00 1.567050e+00 1.295019e+00 3.122605e-01 1.034483e-01
35835: 1.722753e+00 1.567878e+00 1.294455e+00 3.116635e-01 1.032505e-01
35835: 1.721374e+00 1.570611e+00 1.293893e+00 3.110687e-01 1.030534e-01
35835: 1.723810e+00 1.567619e+00 1.295238e+00 3.104762e-01 1.028571e-01
35835: 1.722433e+00 1.570342e+00 1.292776e+00 3.117871e-01 1.026616e-01
35835: 1.722960e+00 1.567362e+00 1.294118e+00 3.111954e-01 1.043643e-01
35835: 1.723485e+00 1.568182e+00 1.293561e+00 3.106061e-01 1.041667e-01
35835: 1.722117e+00 1.568998e+00 1.294896e+00 3.100189e-01 1.039698e-01
35835: 1.726415e+00 1.567925e+00 1.292453e+00 3.094340e-01 1.037736e-01
35835: 1.725047e+00 1.568738e+00 1.293785e+00 3.088512e-01 1.035782e-01
35835: 1.727444e+00 1.567669e+00 1.291353e+00 3.101504e-01 1.033835e-01
35835: 1.726079e+00 1.570356e+00 1.290807e+00 3.095685e-01 1.031895e-01
35835: 1.730337e+00 1.567416e+00 1.290262e+00 3.089888e-01 1.029963e-01
35835: 1.730841e+00 1.570093e+00 1.287850e+00 3.084112e-01 1.028037e-01
35835: 1.729478e+00 1.569030e+00 1.291045e+00 3.078358e-01 1.026119e-01
35835: 1.729981e+00 1.569832e+00 1.288641e+00 3.091248e-01 1.024209e-01
35835: 1.726766e+00 1.570632e+00 1.291822e+00 3.085502e-01 1.022305e-01
35835: 1.727273e+00 1.567718e+00 1.291280e+00 3.079777e-01 1.057514e-01
35835: 1.725926e+00 1.572222e+00 1.288889e+00 3.074074e-01 1.055556e-01
35835: 1.724584e+00 1.571165e+00 1.290203e+00 3.086876e-01 1.053604e-01
35835: 1.726937e+00 1.568266e+00 1.291513e+00 3.081181e-01 1.051661e-01
35835: 1.725599e+00 1.569061e+00 1.290976e+00 3.075506e-01 1.068140e-01
35835: 1.726103e+00 1.568015e+00 1.292279e+00 3.069853e-01 1.066176e-01
35835: 1.724771e+00 1.570642e+00 1.289908e+00 3.064220e-01 1.082569e-01
35835: 1.723443e+00 1.569597e+00 1.291209e+00 3.076923e-01 1.080586e-01
35835: 1.725777e+00 1.570384e+00 1.288848e+00 3.071298e-01 1.078611e-01
35835: 1.722628e+00 1.571168e+00 1.291971e+00 3.065693e-01 1.076642e-01
35835: 1.721311e+00 1.570128e+00 1.295082e+00 3.060109e-01 1.074681e-01
35835: 1.721818e+00 1.569091e+00 1.294545e+00 3.072727e-01 1.072727e-01
35835: 1.720508e+00 1.571688e+00 1.292196e+00 3.067151e-01 1.088929e-01
35835: 1.722826e+00 1.570652e+00 1.291667e+00 3.061594e-01 1.086957e-01
35835: 1.721519e+00 1.569620e+00 1.292948e+00 3.074141e-01 1.084991e-01
35835: 1.723827e+00 1.570397e+00 1.290614e+00 3.068592e-01 1.083032e-01
35835: 1.726126e+00 1.567568e+00 1.291892e+00 3.063063e-01 1.081081e-01
35835: 1.726619e+00 1.568345e+00 1.291367e+00 3.057554e-01 1.079137e-01
35835: 1.723519e+00 1.570916e+00 1.292639e+00 3.052065e-01 1.077199e-01
35835: 1.727599e+00 1.568100e+00 1.292115e+00 3.046595e-01 1.075269e-01
35835: 1.726297e+00 1.570662e+00 1.289803e+00 3.059034e-01 1.073345e-01
35835: 1.725000e+00 1.567857e+00 1.292857e+00 3.071429e-01 1.071429e-01
35835: 1.727273e+00 1.566845e+00 1.292335e+00 3.065954e-01 1.069519e-01
35835: 1.725979e+00 1.567616e+00 1.293594e+00 3.060498e-01 1.067616e-01
35835: 1.726465e+00 1.568384e+00 1.291297e+00 3.055062e-01 1.083481e-01
35835: 1.726950e+00 1.567376e+00 1.292553e+00 3.049645e-01 1.081560e-01
35835: 1.725664e+00 1.569912e+00 1.290265e+00 3.061947e-01 1.079646e-01
35835: 1.724382e+00 1.570671e+00 1.289753e+00 3.074205e-01 1.077739e-01
35835: 1.726631e+00 1.567901e+00 1.289242e+00 3.068783e-01 1.093474e-01
35835: 1.725352e+00 1.570423e+00 1.286972e+00 3.080986e-01 1.091549e-01
35835: 1.727592e+00 1.567663e+00 1.288225e+00 3.075571e-01 1.089631e-01
35835: 1.726316e+00 1.570175e+00 1.285965e+00 3.087719e-01 1.087719e-01
35835: 1.726795e+00 1.569177e+00 1.287215e+00 3.082312e-01 1.085814e-01
35835: 1.727273e+00 1.569930e+00 1.284965e+00 3.094406e-01 1.083916e-01
35835: 1.727749e+00 1.568935e+00 1.284468e+00 3.106457e-01 1.082024e-01
35835: 1.726481e+00 1.573171e+00 1.282230e+00 3.101045e-01 1.080139e-01
35835: 1.726957e+00 1.570435e+00 1.285217e+00 3.095652e-01 1.078261e-01
35835: 1.725694e+00 1.569444e+00 1.286458e+00 3.107639e-01 1.076389e-01
35835: 1.726170e+00 1.570191e+00 1.285962e+00 3.102253e-01 1.074523e-01
35835: 1.723183e+00 1.572664e+00 1.287197e+00 3.096886e-01 1.072664e-01
35835: 1.723661e+00 1.571675e+00 1.288428e+00 3.091537e-01 1.070812e-01
35835: 1.724138e+00 1.570690e+00 1.289655e+00 3.086207e-01 1.068966e-01
35835: 1.722892e+00 1.569707e+00 1.290878e+00 3.098107e-01 1.067126e-01
35835: 1.725086e+00 1.568729e+00 1.290378e+00 3.092784e-01 1.065292e-01
35835: 1.723842e+00 1.571184e+00 1.288165e+00 3.104631e-01 1.063465e-01
35835: 1.726027e+00 1.568493e+00 1.287671e+00 3.116438e-01 1.061644e-01
35835: 1.724786e+00 1.570940e+00 1.287179e+00 3.111111e-01 1.059829e-01
35835: 1.723549e+00 1.573379e+00 1.286689e+00 3.105802e-01 1.058020e-01
35835: 1.725724e+00 1.572402e+00 1.286201e+00 3.100511e-01 1.056218e-01
35835: 1.724490e+00 1.571429e+00 1.285714e+00 3.112245e-01 1.071429e-01
35835: 1.723260e+00 1.568761e+00 1.290323e+00 3.106961e-01 1.069610e-01
35835: 1.723729e+00 1.569492e+00 1.289831e+00 3.101695e-01 1.067797e-01
35835: 1.722504e+00 1.568528e+00 1.291032e+00 3.113367e-01 1.065990e-01
35835: 1.724662e+00 1.567568e+00 1.290541e+00 3.108108e-01 1.064189e-01
35835: 1.721754e+00 1.569983e+00 1.291737e+00 3.102867e-01 1.062395e-01
35835: 1.722222e+00 1.569024e+00 1.291246e+00 3.114478e-01 1.060606e-01
35835: 1.721008e+00 1.569748e+00 1.292437e+00 3.109244e-01 1.058824e-01
35835: 1.721477e+00 1.570470e+00 1.290268e+00 3.120805e-01 1.057047e-01
35835: 1.720268e+00 1.567839e+00 1.294807e+00 3.115578e-01 1.055276e-01
35835: 1.720736e+00 1.568562e+00 1.292642e+00 3.110368e-01 1.070234e-01
35835: 1.721202e+00 1.569282e+00 1.292154e+00 3.105175e-01 1.068447e-01
35835: 1.721667e+00 1.568333e+00 1.293333e+00 3.100000e-01 1.066667e-01
35835: 1.718802e+00 1.570715e+00 1.294509e+00 3.094842e-01 1.064892e-01
35835: 1.720930e+00 1.568106e+00 1.295681e+00 3.089701e-01 1.063123e-01
35835: 1.719735e+00 1.568823e+00 1.295191e+00 3.084577e-01 1.077944e-01
35835: 1.721854e+00 1.569536e+00 1.293046e+00 3.079470e-01 1.076159e-01
35835: 1.719008e+00 1.568595e+00 1.297521e+00 3.074380e-01 1.074380e-01
35835: 1.717822e+00 1.570957e+00 1.295380e+00 3.069307e-01 1.089109e-01
35835: 1.719934e+00 1.568369e+00 1.294893e+00 3.080725e-01 1.087315e-01
35835: 1.717105e+00 1.570724e+00 1.294408e+00 3.092105e-01 1.085526e-01
35835: 1.717570e+00 1.569787e+00 1.295567e+00 3.087028e-01 1.083744e-01
35835: 1.718033e+00 1.570492e+00 1.293443e+00 3.098361e-01 1.081967e-01
35835: 1.718494e+00 1.567921e+00 1.296236e+00 3.093290e-01 1.080196e-01
35835: 1.718954e+00 1.568627e+00 1.295752e+00 3.088235e-01 1.078431e-01
35835: 1.717781e+00 1.569331e+00 1.296900e+00 3.083197e-01 1.076672e-01
35835: 1.716612e+00 1.570033e+00 1.296417e+00 3.078176e-01 1.091205e-01
35835: 1.717073e+00 1.569106e+00 1.295935e+00 3.089431e-01 1.089431e-01
35835: 1.717532e+00 1.571429e+00 1.293831e+00 3.084416e-01 1.087662e-01
35835: 1.716370e+00 1.570502e+00 1.294976e+00 3.095624e-01 1.085900e-01
35835: 1.716828e+00 1.567961e+00 1.294498e+00 3.106796e-01 1.100324e-01
35835: 1.715670e+00 1.568659e+00 1.295638e+00 3.101777e-01 1.098546e-01
35835: 1.716129e+00 1.569355e+00 1.293548e+00 3.112903e-01 1.096774e-01
35835: 1.714976e+00 1.570048e+00 1.294686e+00 3.107890e-01 1.095008e-01
35835: 1.715434e+00 1.569132e+00 1.294212e+00 3.118971e-01 1.093248e-01
35835: 1.712681e+00 1.573034e+00 1.293740e+00 3.113965e-01 1.091493e-01
35835: 1.714744e+00 1.570513e+00 1.293269e+00 3.108974e-01 1.105769e-01
35835: 1.712000e+00 1.574400e+00 1.292800e+00 3.104000e-01 1.104000e-01
35835: 1.715655e+00 1.571885e+00 1.292332e+00 3.099042e-01 1.102236e-01
35835: 1.716108e+00 1.570973e+00 1.293461e+00 3.094099e-01 1.100478e-01
35835: 1.714968e+00 1.571656e+00 1.292994e+00 3.089172e-01 1.114650e-01
35835: 1.715421e+00 1.570747e+00 1.294118e+00 3.084261e-01 1.112878e-01
35835: 1.715873e+00 1.571429e+00 1.293651e+00 3.079365e-01 1.111111e-01
35835: 1.714739e+00 1.570523e+00 1.294770e+00 3.090333e-01 1.109350e-01
35835: 1.715190e+00 1.568038e+00 1.295886e+00 3.101266e-01 1.107595e-01
35835: 1.717220e+00 1.568720e+00 1.293839e+00 3.096367e-01 1.105845e-01
35835: 1.714511e+00 1.569401e+00 1.294953e+00 3.091483e-01 1.119874e-01
35835: 1.714961e+00 1.570079e+00 1.292913e+00 3.102362e-01 1.118110e-01
35835: 1.715409e+00 1.569182e+00 1.294025e+00 3.097484e-01 1.116352e-01
35835: 1.715856e+00 1.571429e+00 1.291994e+00 3.092622e-01 1.114600e-01
35835: 1.717868e+00 1.568966e+00 1.293103e+00 3.087774e-01 1.112853e-01
35835: 1.718310e+00 1.569640e+00 1.291080e+00 3.098592e-01 1.111111e-01
35835: 1.718750e+00 1.568750e+00 1.290625e+00 3.109375e-01 1.109375e-01
35835: 1.719189e+00 1.570983e+00 1.288612e+00 3.104524e-01 1.107644e-01
35835: 1.719626e+00 1.568536e+00 1.289720e+00 3.115265e-01 1.105919e-01
35835: 1.718507e+00 1.570762e+00 1.289269e+00 3.110420e-01 1.104199e-01
35835: 1.718944e+00 1.568323e+00 1.291925e+00 3.105590e-01 1.102484e-01
35835: 1.717829e+00 1.568992e+00 1.293023e+00 3.100775e-01 1.100775e-01
35835: 1.718266e+00 1.571207e+00 1.291022e+00 3.095975e-01 1.099071e-01
35835: 1.717156e+00 1.568779e+00 1.293663e+00 3.106646e-01 1.097372e-01
35835: 1.719136e+00 1.567901e+00 1.291667e+00 3.117284e-01 1.095679e-01
35835: 1.718028e+00 1.568567e+00 1.289676e+00 3.127889e-01 1.109399e-01
35835: 1.720000e+00 1.569231e+00 1.287692e+00 3.123077e-01 1.107692e-01
35835: 1.720430e+00 1.569892e+00 1.287250e+00 3.118280e-01 1.105991e-01
35835: 1.719325e+00 1.572086e+00 1.286810e+00 3.113497e-01 1.104294e-01
35835: 1.721286e+00 1.571210e+00 1.286371e+00 3.108729e-01 1.102603e-01
35835: 1.723242e+00 1.570336e+00 1.285933e+00 3.103976e-01 1.100917e-01
35835: 1.725191e+00 1.569466e+00 1.285496e+00 3.099237e-01 1.099237e-01
35835: 1.724085e+00 1.571646e+00 1.285061e+00 3.094512e-01 1.097561e-01
35835: 1.722983e+00 1.572298e+00 1.286149e+00 3.089802e-01 1.095890e-01
35835: 1.723404e+00 1.571429e+00 1.287234e+00 3.085106e-01 1.094225e-01
35835: 1.722307e+00 1.573596e+00 1.286798e+00 3.080425e-01 1.092564e-01
35835: 1.722727e+00 1.571212e+00 1.287879e+00 3.090909e-01 1.090909e-01
35835: 1.721634e+00 1.570348e+00 1.288956e+00 3.101362e-01 1.089259e-01
35835: 1.722054e+00 1.569486e+00 1.288520e+00 3.111782e-01 1.087613e-01
35835: 1.722474e+00 1.570136e+00 1.286576e+00 3.107089e-01 1.101056e-01
35835: 1.721386e+00 1.569277e+00 1.289157e+00 3.102410e-01 1.099398e-01
35835: 1.723308e+00 1.568421e+00 1.287218e+00 3.112782e-01 1.097744e-01
35835: 1.722222e+00 1.569069e+00 1.288288e+00 3.108108e-01 1.096096e-01
35835: 1.722639e+00 1.568216e+00 1.287856e+00 3.118441e-01 1.094453e-01
35835: 1.721557e+00 1.570359e+00 1.287425e+00 3.113772e-01 1.092814e-01
35835: 1.721973e+00 1.568012e+00 1.289985e+00 3.109118e-01 1.091181e-01
35835: 1.722388e+00 1.570149e+00 1.288060e+00 3.104478e-01 1.089552e-01
35835: 1.721311e+00 1.567809e+00 1.292101e+00 3.099851e-01 1.087928e-01
35835: 1.723214e+00 1.566964e+00 1.290179e+00 3.110119e-01 1.086310e-01
35835: 1.722140e+00 1.567608e+00 1.289747e+00 3.120357e-01 1.084695e-01
35835: 1.724036e+00 1.566766e+00 1.287834e+00 3.130564e-01 1.083086e-01
35835: 1.725926e+00 1.567407e+00 1.285926e+00 3.125926e-01 1.081481e-01
35835: 1.726331e+00 1.566568e+00 1.286982e+00 3.121302e-01 1.079882e-01
35835: 1.726736e+00 1.568685e+00 1.285081e+00 3.116691e-01 1.078287e-01
35835: 1.725664e+00 1.567847e+00 1.286136e+00 3.126844e-01 1.076696e-01
35835: 1.726068e+00 1.568483e+00 1.284242e+00 3.122239e-01 1.089838e-01
35835: 1.725000e+00 1.567647e+00 1.285294e+00 3.132353e-01 1.088235e-01
35835: 1.725404e+00 1.566814e+00 1.283407e+00 3.142438e-01 1.101322e-01
35835: 1.722874e+00 1.570381e+00 1.282991e+00 3.137830e-01 1.099707e-01
35835: 1.724744e+00 1.568082e+00 1.282577e+00 3.147877e-01 1.098097e-01
35835: 1.725146e+00 1.570175e+00 1.280702e+00 3.143275e-01 1.096491e-01
35835: 1.724088e+00 1.570803e+00 1.281752e+00 3.138686e-01 1.094891e-01
35835: 1.725948e+00 1.568513e+00 1.282799e+00 3.134111e-01 1.093294e-01
35835: 1.726346e+00 1.570597e+00 1.280932e+00 3.129549e-01 1.091703e-01
35835: 1.725291e+00 1.569767e+00 1.283430e+00 3.125000e-01 1.090116e-01
35835: 1.725689e+00 1.568940e+00 1.284470e+00 3.120464e-01 1.088534e-01
35835: 1.724638e+00 1.569565e+00 1.284058e+00 3.115942e-01 1.101449e-01
35835: 1.725036e+00 1.568741e+00 1.282200e+00 3.111433e-01 1.128799e-01
35835: 1.722543e+00 1.569364e+00 1.283237e+00 3.106936e-01 1.141618e-01
35835: 1.722944e+00 1.568543e+00 1.284271e+00 3.102453e-01 1.139971e-01
35835: 1.721902e+00 1.570605e+00 1.282421e+00 3.112392e-01 1.138329e-01
35835: 1.725180e+00 1.568345e+00 1.282014e+00 3.107914e-01 1.136691e-01
35835: 1.722701e+00 1.568966e+00 1.283046e+00 3.103448e-01 1.149425e-01
35835: 1.724534e+00 1.568149e+00 1.282640e+00 3.098996e-01 1.147776e-01
35835: 1.724928e+00 1.568768e+00 1.282235e+00 3.094556e-01 1.146132e-01
35835: 1.726753e+00 1.567954e+00 1.281831e+00 3.090129e-01 1.144492e-01
35835: 1.725714e+00 1.570000e+00 1.280000e+00 3.085714e-01 1.157143e-01
35835: 1.726106e+00 1.567760e+00 1.281027e+00 3.081312e-01 1.169757e-01
35835: 1.725071e+00 1.568376e+00 1.280627e+00 3.091168e-01 1.168091e-01
35835: 1.726885e+00 1.567568e+00 1.278805e+00 3.100996e-01 1.166430e-01
35835: 1.727273e+00 1.568182e+00 1.278409e+00 3.096591e-01 1.164773e-01
35835: 1.726241e+00 1.568794e+00 1.279433e+00 3.092199e-01 1.163121e-01
35835: 1.728045e+00 1.567989e+00 1.279037e+00 3.087819e-01 1.161473e-01
35835: 1.727016e+00 1.568600e+00 1.278642e+00 3.097595e-01 1.159830e-01
35835: 1.730226e+00 1.567797e+00 1.276836e+00 3.093220e-01 1.158192e-01
35835: 1.729196e+00 1.569817e+00 1.276446e+00 3.088858e-01 1.156559e-01
35835: 1.729577e+00 1.569014e+00 1.276056e+00 3.098592e-01 1.154930e-01
35835: 1.728551e+00 1.569620e+00 1.275668e+00 3.108298e-01 1.153305e-01
35835: 1.728933e+00 1.570225e+00 1.273876e+00 3.117978e-01 1.151685e-01
35835: 1.727910e+00 1.570827e+00 1.274895e+00 3.113604e-01 1.150070e-01
35835: 1.729692e+00 1.570028e+00 1.274510e+00 3.109244e-01 1.148459e-01
35835: 1.730070e+00 1.570629e+00 1.274126e+00 3.104895e-01 1.146853e-01
35835: 1.730447e+00 1.568436e+00 1.276536e+00 3.100559e-01 1.145251e-01
35835: 1.730823e+00 1.570432e+00 1.274756e+00 3.096234e-01 1.143654e-01
35835: 1.729805e+00 1.569638e+00 1.275766e+00 3.105850e-01 1.142061e-01
35835: 1.728790e+00 1.568846e+00 1.278164e+00 3.101530e-01 1.140473e-01
35835: 1.730556e+00 1.569444e+00 1.276389e+00 3.097222e-01 1.138889e-01
35835: 1.729542e+00 1.568655e+00 1.276006e+00 3.120666e-01 1.137309e-01
35835: 1.732687e+00 1.567867e+00 1.274238e+00 3.116343e-01 1.135734e-01
35835: 1.731674e+00 1.568465e+00 1.275242e+00 3.112033e-01 1.134163e-01
35835: 1.730663e+00 1.571823e+00 1.273481e+00 3.107735e-01 1.132597e-01
35835: 1.731034e+00 1.569655e+00 1.275862e+00 3.103448e-01 1.131034e-01
35835: 1.728650e+00 1.573003e+00 1.275482e+00 3.099174e-01 1.129477e-01
35835: 1.731774e+00 1.570839e+00 1.275103e+00 3.094911e-01 1.127923e-01
35835: 1.730769e+00 1.572802e+00 1.274725e+00 3.090659e-01 1.126374e-01
35835: 1.732510e+00 1.570645e+00 1.275720e+00 3.086420e-01 1.124829e-01
35835: 1.731507e+00 1.571233e+00 1.276712e+00 3.082192e-01 1.123288e-01
35835: 1.734610e+00 1.569083e+00 1.276334e+00 3.077975e-01 1.121751e-01
35835: 1.733607e+00 1.571038e+00 1.275956e+00 3.073770e-01 1.120219e-01
35835: 1.732606e+00 1.570259e+00 1.278308e+00 3.069577e-01 1.118690e-01
35835: 1.732970e+00 1.569482e+00 1.277929e+00 3.079019e-01 1.117166e-01
35835: 1.733333e+00 1.571429e+00 1.276190e+00 3.074830e-01 1.115646e-01
35835: 1.733696e+00 1.570652e+00 1.277174e+00 3.070652e-01 1.114130e-01
35835: 1.731343e+00 1.569878e+00 1.278155e+00 3.080054e-01 1.126187e-01
35835: 1.731707e+00 1.569106e+00 1.277778e+00 3.075881e-01 1.138211e-01
35835: 1.729364e+00 1.571042e+00 1.278755e+00 3.071719e-01 1.136671e-01
35835: 1.729730e+00 1.570270e+00 1.278378e+00 3.067568e-01 1.148649e-01
35835: 1.730094e+00 1.569501e+00 1.278003e+00 3.063428e-01 1.160594e-01
35835: 1.730458e+00 1.570081e+00 1.277628e+00 3.059299e-01 1.159030e-01
35835: 1.730821e+00 1.569314e+00 1.278600e+00 3.055182e-01 1.157470e-01
35835: 1.731183e+00 1.571237e+00 1.276882e+00 3.051075e-01 1.155914e-01
35835: 1.731544e+00 1.569128e+00 1.279195e+00 3.046980e-01 1.154362e-01
35835: 1.731903e+00 1.569705e+00 1.277480e+00 3.056300e-01 1.152815e-01
35835: 1.730924e+00 1.570281e+00 1.278447e+00 3.052209e-01 1.151272e-01
35835: 1.729947e+00 1.569519e+00 1.280749e+00 3.048128e-01 1.149733e-01
35835: 1.731642e+00 1.568758e+00 1.280374e+00 3.044059e-01 1.148198e-01
35835: 1.730667e+00 1.569333e+00 1.281333e+00 3.040000e-01 1.146667e-01
35835: 1.732357e+00 1.568575e+00 1.280959e+00 3.035952e-01 1.145140e-01
35835: 1.731383e+00 1.570479e+00 1.280585e+00 3.031915e-01 1.143617e-01
35835: 1.730412e+00 1.571049e+00 1.281541e+00 3.027888e-01 1.142098e-01
35835: 1.730769e+00 1.570292e+00 1.282493e+00 3.023873e-01 1.140584e-01
35835: 1.731126e+00 1.570861e+00 1.282119e+00 3.019868e-01 1.139073e-01
35835: 1.728836e+00 1.570106e+00 1.285714e+00 3.015873e-01 1.137566e-01
35835: 1.727873e+00 1.570674e+00 1.286658e+00 3.011889e-01 1.136063e-01
35835: 1.729551e+00 1.569921e+00 1.286280e+00 3.007916e-01 1.134565e-01
35835: 1.727273e+00 1.570487e+00 1.287220e+00 3.003953e-01 1.146245e-01
35835: 1.727632e+00 1.569737e+00 1.286842e+00 3.000000e-01 1.157895e-01
35835: 1.725361e+00 1.572930e+00 1.285151e+00 2.996058e-01 1.169514e-01
35835: 1.725722e+00 1.573491e+00 1.284777e+00 2.992126e-01 1.167979e-01
35835: 1.724771e+00 1.572739e+00 1.287025e+00 2.988204e-01 1.166448e-01
35835: 1.725131e+00 1.570681e+00 1.289267e+00 2.984293e-01 1.164921e-01
35835: 1.725490e+00 1.571242e+00 1.288889e+00 2.980392e-01 1.163399e-01
35835: 1.724543e+00 1.570496e+00 1.289817e+00 2.989556e-01 1.161880e-01
35835: 1.724902e+00 1.569752e+00 1.290743e+00 2.985658e-01 1.160365e-01
35835: 1.722656e+00 1.570312e+00 1.291667e+00 2.981771e-01 1.171875e-01
35835: 1.723017e+00 1.570871e+00 1.291287e+00 2.977893e-01 1.170351e-01
35835: 1.722078e+00 1.568831e+00 1.294805e+00 2.974026e-01 1.168831e-01
35835: 1.723735e+00 1.568093e+00 1.294423e+00 2.970169e-01 1.167315e-01
35835: 1.722798e+00 1.568653e+00 1.295337e+00 2.966321e-01 1.165803e-01
35835: 1.724450e+00 1.569211e+00 1.293661e+00 2.962484e-01 1.164295e-01
35835: 1.724806e+00 1.568475e+00 1.294574e+00 2.958656e-01 1.162791e-01
35835: 1.725161e+00 1.569032e+00 1.294194e+00 2.954839e-01 1.161290e-01
35835: 1.722938e+00 1.570876e+00 1.295103e+00 2.951031e-01 1.159794e-01
35835: 1.723295e+00 1.571429e+00 1.294723e+00 2.947233e-01 1.158301e-01
35835: 1.723650e+00 1.569409e+00 1.295630e+00 2.956298e-01 1.156812e-01
35835: 1.721438e+00 1.572529e+00 1.293967e+00 2.965340e-01 1.155327e-01
35835: 1.721795e+00 1.570513e+00 1.293590e+00 2.974359e-01 1.166667e-01
35835: 1.720871e+00 1.569782e+00 1.294494e+00 2.983355e-01 1.165173e-01
35835: 1.722506e+00 1.570332e+00 1.292839e+00 2.979540e-01 1.163683e-01
35835: 1.721584e+00 1.569604e+00 1.293742e+00 2.988506e-01 1.162197e-01
35835: 1.721939e+00 1.568878e+00 1.293367e+00 2.997449e-01 1.160714e-01
35835: 1.721019e+00 1.569427e+00 1.292994e+00 3.006369e-01 1.159236e-01
35835: 1.721374e+00 1.569975e+00 1.291349e+00 3.015267e-01 1.157761e-01
35835: 1.720457e+00 1.570521e+00 1.290978e+00 3.024142e-01 1.156290e-01
35835: 1.720812e+00 1.571066e+00 1.290609e+00 3.020305e-01 1.154822e-01
35835: 1.719899e+00 1.569075e+00 1.291508e+00 3.029151e-01 1.166033e-01
35835: 1.721519e+00 1.569620e+00 1.289873e+00 3.025316e-01 1.164557e-01
35835: 1.720607e+00 1.570164e+00 1.289507e+00 3.034134e-01 1.163085e-01
35835: 1.722222e+00 1.568182e+00 1.290404e+00 3.030303e-01 1.161616e-01
35835: 1.721311e+00 1.568726e+00 1.291299e+00 3.026482e-01 1.160151e-01
35835: 1.721662e+00 1.569270e+00 1.290932e+00 3.022670e-01 1.158690e-01
35835: 1.722013e+00 1.568553e+00 1.291824e+00 3.018868e-01 1.157233e-01
35835: 1.721106e+00 1.570352e+00 1.291457e+00 3.015075e-01 1.155779e-01
35835: 1.721455e+00 1.569636e+00 1.292346e+00 3.011292e-01 1.154329e-01
35835: 1.720551e+00 1.571429e+00 1.290727e+00 3.020050e-01 1.152882e-01
35835: 1.720901e+00 1.569462e+00 1.291615e+00 3.016270e-01 1.163955e-01
35835: 1.718750e+00 1.572500e+00 1.291250e+00 3.012500e-01 1.162500e-01
35835: 1.719101e+00 1.571785e+00 1.290886e+00 3.008739e-01 1.173533e-01
35835: 1.719451e+00 1.571072e+00 1.291771e+00 3.004988e-01 1.172070e-01
35835: 1.719801e+00 1.570361e+00 1.292653e+00 3.001245e-01 1.170610e-01
35835: 1.720149e+00 1.569652e+00 1.293532e+00 2.997512e-01 1.169154e-01
35835: 1.719255e+00 1.572671e+00 1.291925e+00 2.993789e-01 1.167702e-01
35835: 1.718362e+00 1.570720e+00 1.294045e+00 3.002481e-01 1.166253e-01
35835: 1.717472e+00 1.570012e+00 1.294919e+00 3.011152e-01 1.164808e-01
35835: 1.719059e+00 1.568069e+00 1.295792e+00 3.007426e-01 1.163366e-01
35835: 1.716934e+00 1.568603e+00 1.296663e+00 3.003708e-01 1.174289e-01
35835: 1.717284e+00 1.569136e+00 1.295062e+00 3.000000e-01 1.185185e-01
35835: 1.715166e+00 1.568434e+00 1.297164e+00 3.008631e-01 1.183724e-01
35835: 1.715517e+00 1.568966e+00 1.295567e+00 3.017241e-01 1.182266e-01
35835: 1.714637e+00 1.569496e+00 1.296433e+00 3.013530e-01 1.180812e-01
35835: 1.714988e+00 1.570025e+00 1.296069e+00 3.009828e-01 1.179361e-01
35835: 1.714110e+00 1.569325e+00 1.296933e+00 3.018405e-01 1.177914e-01
35835: 1.714461e+00 1.569853e+00 1.295343e+00 3.014706e-01 1.188725e-01
35835: 1.713586e+00 1.569155e+00 1.296206e+00 3.023256e-01 1.187271e-01
35835: 1.713936e+00 1.569682e+00 1.294621e+00 3.019560e-01 1.198044e-01
35835: 1.714286e+00 1.568987e+00 1.294261e+00 3.015873e-01 1.208791e-01
35835: 1.713415e+00 1.570732e+00 1.292683e+00 3.024390e-01 1.207317e-01
35835: 1.714982e+00 1.570037e+00 1.292326e+00 3.020706e-01 1.205847e-01
35835: 1.714112e+00 1.570560e+00 1.293187e+00 3.017032e-01 1.204380e-01
35835: 1.715674e+00 1.569866e+00 1.292831e+00 3.013366e-01 1.202916e-01
35835: 1.713592e+00 1.570388e+00 1.293689e+00 3.021845e-01 1.201456e-01
35835: 1.715152e+00 1.568485e+00 1.293333e+00 3.018182e-01 1.212121e-01
35835: 1.716707e+00 1.569007e+00 1.291768e+00 3.014528e-01 1.210654e-01
35835: 1.714631e+00 1.569528e+00 1.293833e+00 3.010883e-01 1.209190e-01
35835: 1.716184e+00 1.570048e+00 1.292271e+00 3.007246e-01 1.207729e-01
35835: 1.715320e+00 1.569361e+00 1.293124e+00 3.003619e-01 1.218335e-01
35835: 1.715663e+00 1.569880e+00 1.292771e+00 3.000000e-01 1.216867e-01
35835: 1.716005e+00 1.570397e+00 1.292419e+00 2.996390e-01 1.215403e-01
35835: 1.715144e+00 1.568510e+00 1.294471e+00 3.004808e-01 1.213942e-01
35835: 1.715486e+00 1.569028e+00 1.292917e+00 3.001200e-01 1.224490e-01
35835: 1.714628e+00 1.568345e+00 1.292566e+00 2.997602e-01 1.247002e-01
35835: 1.716168e+00 1.567665e+00 1.292216e+00 2.994012e-01 1.245509e-01
35835: 1.715311e+00 1.569378e+00 1.290670e+00 2.990431e-01 1.255981e-01
35835: 1.715651e+00 1.568698e+00 1.291517e+00 2.986858e-01 1.254480e-01
35835: 1.714797e+00 1.569212e+00 1.292363e+00 2.983294e-01 1.252983e-01
35835: 1.715137e+00 1.568534e+00 1.292014e+00 2.991657e-01 1.251490e-01
35835: 1.715476e+00 1.569048e+00 1.291667e+00 2.988095e-01 1.250000e-01
35835: 1.714625e+00 1.570749e+00 1.291320e+00 2.984542e-01 1.248514e-01
35835: 1.714964e+00 1.570071e+00 1.290974e+00 2.992874e-01 1.247031e-01
35835: 1.714116e+00 1.570581e+00 1.290629e+00 2.989324e-01 1.257414e-01
35835: 1.713270e+00 1.569905e+00 1.292654e+00 2.985782e-01 1.255924e-01
35835: 1.714793e+00 1.569231e+00 1.291124e+00 2.994083e-01 1.254438e-01
35835: 1.716312e+00 1.569740e+00 1.289598e+00 2.990544e-01 1.252955e-01
35835: 1.715466e+00 1.570248e+00 1.290437e+00 2.987013e-01 1.251476e-01
35835: 1.715802e+00 1.569575e+00 1.291274e+00 2.983491e-01 1.250000e-01
35835: 1.714959e+00 1.570082e+00 1.290931e+00 2.991755e-01 1.248528e-01
35835: 1.716471e+00 1.568235e+00 1.290588e+00 3.000000e-01 1.247059e-01
35835: 1.715629e+00 1.569918e+00 1.290247e+00 2.996475e-01 1.245593e-01
35835: 1.714789e+00 1.571596e+00 1.288732e+00 2.992958e-01 1.255869e-01
35835: 1.715123e+00 1.569754e+00 1.289566e+00 3.001172e-01 1.254396e-01
35835: 1.714286e+00 1.571429e+00 1.288056e+00 2.997658e-01 1.264637e-01
35835: 1.713450e+00 1.571930e+00 1.288889e+00 2.994152e-01 1.263158e-01
35835: 1.713785e+00 1.571262e+00 1.289720e+00 2.990654e-01 1.261682e-01
35835: 1.711785e+00 1.571762e+00 1.290548e+00 2.998833e-01 1.260210e-01
35835: 1.712121e+00 1.571096e+00 1.291375e+00 2.995338e-01 1.258741e-01
35835: 1.712456e+00 1.570431e+00 1.291036e+00 3.003492e-01 1.257276e-01
35835: 1.713953e+00 1.569767e+00 1.290698e+00 3.000000e-01 1.255814e-01
35835: 1.713124e+00 1.571429e+00 1.289199e+00 2.996516e-01 1.265970e-01
35835: 1.712297e+00 1.571926e+00 1.290023e+00 2.993039e-01 1.264501e-01
35835: 1.713789e+00 1.571263e+00 1.289687e+00 2.989571e-01 1.263036e-01
35835: 1.714120e+00 1.571759e+00 1.289352e+00 2.986111e-01 1.261574e-01
35835: 1.713295e+00 1.569942e+00 1.292486e+00 2.982659e-01 1.260116e-01
35835: 1.714781e+00 1.569284e+00 1.290993e+00 2.990762e-01 1.258661e-01
35835: 1.713956e+00 1.570934e+00 1.289504e+00 2.998847e-01 1.257209e-01
35835: 1.714286e+00 1.569124e+00 1.290323e+00 3.006912e-01 1.255760e-01
35835: 1.714614e+00 1.570771e+00 1.288838e+00 3.003452e-01 1.254315e-01
35835: 1.713793e+00 1.570115e+00 1.290805e+00 3.000000e-01 1.252874e-01
35835: 1.712974e+00 1.570608e+00 1.291619e+00 2.996556e-01 1.251435e-01
35835: 1.714450e+00 1.568807e+00 1.292431e+00 2.993119e-01 1.250000e-01
35835: 1.712486e+00 1.570447e+00 1.292096e+00 2.989691e-01 1.260023e-01
35835: 1.712815e+00 1.569794e+00 1.292906e+00 2.986270e-01 1.258581e-01
35835: 1.713143e+00 1.571429e+00 1.291429e+00 2.982857e-01 1.257143e-01
35835: 1.711187e+00 1.570776e+00 1.294521e+00 2.979452e-01 1.255708e-01
35835: 1.711517e+00 1.570125e+00 1.294185e+00 2.976055e-01 1.265678e-01
35835: 1.710706e+00 1.569476e+00 1.296128e+00 2.972665e-01 1.264237e-01
35835: 1.711035e+00 1.571104e+00 1.294653e+00 2.969283e-01 1.262799e-01
35835: 1.710227e+00 1.569318e+00 1.297727e+00 2.965909e-01 1.261364e-01
35835: 1.710556e+00 1.569807e+00 1.296254e+00 2.962543e-01 1.271283e-01
35835: 1.710884e+00 1.569161e+00 1.295918e+00 2.970522e-01 1.269841e-01
35835: 1.711212e+00 1.569649e+00 1.295583e+00 2.967157e-01 1.268403e-01
35835: 1.710407e+00 1.570136e+00 1.295249e+00 2.963801e-01 1.278281e-01
35835: 1.710734e+00 1.569492e+00 1.296045e+00 2.960452e-01 1.276836e-01
35835: 1.709932e+00 1.569977e+00 1.294582e+00 2.968397e-01 1.286682e-01
35835: 1.711387e+00 1.570462e+00 1.293123e+00 2.965051e-01 1.285231e-01
35835: 1.710586e+00 1.569820e+00 1.293919e+00 2.972973e-01 1.283784e-01
35835: 1.710911e+00 1.569179e+00 1.294713e+00 2.969629e-01 1.282340e-01
35835: 1.710112e+00 1.569663e+00 1.294382e+00 2.977528e-01 1.280899e-01
35835: 1.709315e+00 1.569024e+00 1.294052e+00 2.996633e-01 1.279461e-01
35835: 1.710762e+00 1.568386e+00 1.292601e+00 2.993274e-01 1.289238e-01
35835: 1.709966e+00 1.571109e+00 1.291153e+00 2.989922e-01 1.287794e-01
35835: 1.710291e+00 1.570470e+00 1.290828e+00 2.997763e-01 1.286353e-01
35835: 1.710615e+00 1.569832e+00 1.291620e+00 2.994413e-01 1.284916e-01
35835: 1.709821e+00 1.571429e+00 1.290179e+00 2.991071e-01 1.294643e-01
35835: 1.709030e+00 1.570792e+00 1.292085e+00 2.987737e-01 1.293200e-01
35835: 1.709354e+00 1.569042e+00 1.293987e+00 2.984410e-01 1.291759e-01
35835: 1.708565e+00 1.570634e+00 1.293660e+00 2.981090e-01 1.290323e-01
35835: 1.708889e+00 1.570000e+00 1.293333e+00 2.988889e-01 1.288889e-01
35835: 1.709212e+00 1.570477e+00 1.293008e+00 2.985572e-01 1.287458e-01
35835: 1.709534e+00 1.568736e+00 1.294900e+00 2.982262e-01 1.286031e-01
35835: 1.709856e+00 1.569214e+00 1.294574e+00 2.978959e-01 1.284607e-01
35835: 1.710177e+00 1.568584e+00 1.295354e+00 2.975664e-01 1.283186e-01
35835: 1.709392e+00 1.570166e+00 1.295028e+00 2.972376e-01 1.281768e-01
35835: 1.708609e+00 1.568433e+00 1.295806e+00 2.991170e-01 1.280353e-01
35835: 1.710033e+00 1.567806e+00 1.295480e+00 2.987872e-01 1.278942e-01
35835: 1.710352e+00 1.568282e+00 1.295154e+00 2.984581e-01 1.277533e-01
35835: 1.709571e+00 1.568757e+00 1.295930e+00 2.981298e-01 1.276128e-01
35835: 1.709890e+00 1.569231e+00 1.294505e+00 2.978022e-01 1.285714e-01
35835: 1.709111e+00 1.568606e+00 1.296378e+00 2.974753e-01 1.284303e-01
35835: 1.709430e+00 1.569079e+00 1.296053e+00 2.971491e-01 1.282895e-01
35835: 1.710843e+00 1.568456e+00 1.295728e+00 2.968237e-01 1.281490e-01
35835: 1.710066e+00 1.570022e+00 1.294311e+00 2.964989e-01 1.291028e-01
35835: 1.711475e+00 1.568306e+00 1.293989e+00 2.961749e-01 1.300546e-01
35835: 1.710699e+00 1.569869e+00 1.293668e+00 2.958515e-01 1.299127e-01
35835: 1.711014e+00 1.570338e+00 1.293348e+00 2.955289e-01 1.297710e-01
35835: 1.711329e+00 1.569717e+00 1.294118e+00 2.952070e-01 1.296296e-01
35835: 1.711643e+00 1.570185e+00 1.293798e+00 2.948857e-01 1.294886e-01
35835: 1.711957e+00 1.568478e+00 1.294565e+00 2.956522e-01 1.293478e-01
35835: 1.710098e+00 1.570033e+00 1.294245e+00 2.964169e-01 1.292074e-01
35835: 1.711497e+00 1.569414e+00 1.293926e+00 2.960954e-01 1.290672e-01
35835: 1.711809e+00 1.570964e+00 1.292524e+00 2.957746e-01 1.289274e-01
35835: 1.711039e+00 1.569264e+00 1.293290e+00 2.965368e-01 1.298701e-01
35835: 1.711351e+00 1.568649e+00 1.292973e+00 2.972973e-01 1.297297e-01
35835: 1.710583e+00 1.570194e+00 1.291577e+00 2.980562e-01 1.295896e-01
35835: 1.711974e+00 1.568501e+00 1.291262e+00 2.988134e-01 1.294498e-01
35835: 1.712284e+00 1.568966e+00 1.290948e+00 2.984914e-01 1.293103e-01
35835: 1.712594e+00 1.569429e+00 1.290635e+00 2.981701e-01 1.291712e-01
35835: 1.711828e+00 1.568817e+00 1.290323e+00 3.000000e-01 1.290323e-01
35835: 1.713212e+00 1.569280e+00 1.288937e+00 2.996778e-01 1.288937e-01
35835: 1.712446e+00 1.568670e+00 1.289700e+00 3.004292e-01 1.287554e-01
35835: 1.712755e+00 1.569132e+00 1.288317e+00 3.011790e-01 1.286174e-01
35835: 1.713062e+00 1.568522e+00 1.289079e+00 3.008565e-01 1.284797e-01
35835: 1.713369e+00 1.570053e+00 1.287701e+00 3.005348e-01 1.283422e-01
35835: 1.711538e+00 1.569444e+00 1.288462e+00 3.023504e-01 1.282051e-01
35835: 1.710779e+00 1.572038e+00 1.287086e+00 3.020277e-01 1.280683e-01
35835: 1.711087e+00 1.571429e+00 1.287846e+00 3.017058e-01 1.279318e-01
35835: 1.709265e+00 1.571885e+00 1.289670e+00 3.013845e-01 1.277955e-01
35835: 1.710638e+00 1.570213e+00 1.290426e+00 3.010638e-01 1.276596e-01
35835: 1.710946e+00 1.569607e+00 1.290117e+00 3.018066e-01 1.275239e-01
35835: 1.710191e+00 1.570064e+00 1.289809e+00 3.025478e-01 1.273885e-01
35835: 1.711559e+00 1.569459e+00 1.289502e+00 3.022269e-01 1.272534e-01
35835: 1.711864e+00 1.569915e+00 1.289195e+00 3.019068e-01 1.271186e-01
35835: 1.711111e+00 1.570370e+00 1.289947e+00 3.015873e-01 1.269841e-01
35835: 1.712474e+00 1.569767e+00 1.289641e+00 3.012685e-01 1.268499e-01
35835: 1.711721e+00 1.570222e+00 1.290391e+00 3.009504e-01 1.267159e-01
35835: 1.713080e+00 1.568565e+00 1.291139e+00 3.006329e-01 1.265823e-01
35835: 1.713383e+00 1.570074e+00 1.289779e+00 3.003161e-01 1.264489e-01
35835: 1.711579e+00 1.569474e+00 1.291579e+00 3.010526e-01 1.263158e-01
35835: 1.711882e+00 1.569926e+00 1.290221e+00 3.007361e-01 1.272345e-01
35835: 1.711134e+00 1.570378e+00 1.289916e+00 3.014706e-01 1.271008e-01
35835: 1.712487e+00 1.568730e+00 1.290661e+00 3.011542e-01 1.269675e-01
35835: 1.711740e+00 1.570231e+00 1.290356e+00 3.008386e-01 1.268344e-01
35835: 1.713089e+00 1.568586e+00 1.291099e+00 3.005236e-01 1.267016e-01
35835: 1.712343e+00 1.570084e+00 1.290795e+00 3.002092e-01 1.265690e-01
35835: 1.712644e+00 1.568443e+00 1.290491e+00 3.019854e-01 1.264368e-01
35835: 1.712944e+00 1.568894e+00 1.289144e+00 3.027140e-01 1.263048e-01
35835: 1.713243e+00 1.569343e+00 1.288843e+00 3.023983e-01 1.261731e-01
35835: 1.711458e+00 1.569792e+00 1.290625e+00 3.020833e-01 1.260417e-01
35835: 1.711759e+00 1.571280e+00 1.289282e+00 3.017690e-01 1.259105e-01
35835: 1.711019e+00 1.569647e+00 1.292100e+00 3.014553e-01 1.257796e-01
35835: 1.711319e+00 1.569055e+00 1.291796e+00 3.021807e-01 1.256490e-01
35835: 1.710581e+00 1.569502e+00 1.291494e+00 3.029046e-01 1.255187e-01
35835: 1.710881e+00 1.569948e+00 1.290155e+00 3.036269e-01 1.253886e-01
35835: 1.711180e+00 1.569358e+00 1.290890e+00 3.033126e-01 1.252588e-01
35835: 1.710445e+00 1.570838e+00 1.289555e+00 3.029990e-01 1.261634e-01
35835: 1.709711e+00 1.571281e+00 1.290289e+00 3.026860e-01 1.260331e-01
35835: 1.712074e+00 1.569659e+00 1.289990e+00 3.023736e-01 1.259030e-01
35835: 1.712371e+00 1.570103e+00 1.289691e+00 3.020619e-01 1.257732e-01
35835: 1.712667e+00 1.568486e+00 1.290422e+00 3.017508e-01 1.266735e-01
35835: 1.712963e+00 1.568930e+00 1.290123e+00 3.014403e-01 1.265432e-01
35835: 1.714286e+00 1.568345e+00 1.289825e+00 3.011305e-01 1.264132e-01
35835: 1.713552e+00 1.569815e+00 1.288501e+00 3.018480e-01 1.262834e-01
35835: 1.714872e+00 1.570256e+00 1.287179e+00 3.015385e-01 1.261538e-01
35835: 1.713115e+00 1.570697e+00 1.288934e+00 3.012295e-01 1.260246e-01
35835: 1.714432e+00 1.569089e+00 1.289662e+00 3.009212e-01 1.258956e-01
35835: 1.712679e+00 1.569530e+00 1.291411e+00 3.006135e-01 1.257669e-01
35835: 1.712972e+00 1.568948e+00 1.292135e+00 3.003064e-01 1.256384e-01
35835: 1.711224e+00 1.569388e+00 1.292857e+00 3.010204e-01 1.255102e-01
35835: 1.712538e+00 1.568807e+00 1.292559e+00 3.007136e-01 1.253823e-01
35835: 1.711813e+00 1.571283e+00 1.291242e+00 3.004073e-01 1.252546e-01
35835: 1.714140e+00 1.569685e+00 1.290946e+00 3.001017e-01 1.251272e-01
35835: 1.713415e+00 1.571138e+00 1.289634e+00 3.008130e-01 1.250000e-01
35835: 1.715736e+00 1.569543e+00 1.289340e+00 3.005076e-01 1.248731e-01
35835: 1.715010e+00 1.569980e+00 1.289047e+00 3.012170e-01 1.247465e-01
35835: 1.715299e+00 1.570415e+00 1.288754e+00 3.009119e-01 1.246201e-01
35835: 1.715587e+00 1.569838e+00 1.289474e+00 3.006073e-01 1.244939e-01
35835: 1.714863e+00 1.570273e+00 1.290192e+00 3.003033e-01 1.243680e-01
35835: 1.716162e+00 1.569697e+00 1.289899e+00 3.000000e-01 1.242424e-01
35835: 1.716448e+00 1.570131e+00 1.289606e+00 2.996973e-01 1.241171e-01
35835: 1.715726e+00 1.570565e+00 1.290323e+00 2.993952e-01 1.239919e-01
35835: 1.716012e+00 1.568983e+00 1.291037e+00 3.001007e-01 1.238671e-01
35835: 1.716298e+00 1.569416e+00 1.289738e+00 3.008048e-01 1.237425e-01
35835: 1.715578e+00 1.569849e+00 1.290452e+00 3.005025e-01 1.236181e-01
35835: 1.715863e+00 1.569277e+00 1.290161e+00 3.012048e-01 1.234940e-01
35835: 1.716148e+00 1.569709e+00 1.289870e+00 3.009027e-01 1.233701e-01
35835: 1.716433e+00 1.569138e+00 1.289579e+00 3.006012e-01 1.242485e-01
35835: 1.714715e+00 1.571572e+00 1.288288e+00 3.013013e-01 1.241241e-01
35835: Done!
Traceback (most recent call last):
  File "/lowest-unique-number/tournament0/elexunix.py", line 25, in <module>
    input()
EOFError: EOF when reading a line
