Forked 28358
Starting to reopen 0 and 1
Calling execv `tournament0/alex_dany` (pid 28358)
28358: Started!
28358: Number of players: 6, position: 0, number of turns: 1000
28358: Random seed: 1883314260
Strategy 0: first ans is 1
Forked 28359
Starting to reopen 0 and 1
Calling execv `tournament0/the_best_strategy.py` (pid 28359)
Strategy 1: first ans is 0
Forked 28360
Starting to reopen 0 and 1
Calling execv `tournament0/elexunix.py` (pid 28360)
Strategy 2: first ans is 4
Forked 28384
Starting to reopen 0 and 1
Calling execv `tournament0/lounres.py` (pid 28384)
Strategy 3: first ans is 1
Forked 28385
Starting to reopen 0 and 1
Calling execv `tournament0/pzakorko.py` (pid 28385)
Strategy 4: first ans is 0
Forked 28386
Starting to reopen 0 and 1
Calling execv `tournament0/fedro.py` (pid 28386)
Strategy 5: first ans is 0
28358: 3.000000e+00 2.000000e+00 0.000000e+00 0.000000e+00 1.000000e+00 0.000000e+00
28358: 2.500000e+00 1.000000e+00 1.000000e+00 0.000000e+00 1.500000e+00 0.000000e+00
28358: 2.333333e+00 1.333333e+00 1.000000e+00 0.000000e+00 1.333333e+00 0.000000e+00
28358: 2.250000e+00 1.500000e+00 1.000000e+00 0.000000e+00 1.250000e+00 0.000000e+00
28358: 2.400000e+00 1.600000e+00 1.000000e+00 0.000000e+00 1.000000e+00 0.000000e+00
28358: 2.333333e+00 1.333333e+00 1.333333e+00 1.666667e-01 8.333333e-01 0.000000e+00
28358: 2.285714e+00 1.428571e+00 1.428571e+00 1.428571e-01 7.142857e-01 0.000000e+00
28358: 2.250000e+00 1.375000e+00 1.375000e+00 3.750000e-01 6.250000e-01 0.000000e+00
28358: 2.333333e+00 1.444444e+00 1.222222e+00 3.333333e-01 6.666667e-01 0.000000e+00
28358: 2.300000e+00 1.500000e+00 1.200000e+00 4.000000e-01 6.000000e-01 0.000000e+00
28358: 2.363636e+00 1.454545e+00 1.272727e+00 3.636364e-01 5.454545e-01 0.000000e+00
28358: 2.416667e+00 1.500000e+00 1.250000e+00 3.333333e-01 5.000000e-01 0.000000e+00
28358: 2.461538e+00 1.461538e+00 1.307692e+00 3.076923e-01 4.615385e-01 0.000000e+00
28358: 2.500000e+00 1.571429e+00 1.214286e+00 2.857143e-01 4.285714e-01 0.000000e+00
28358: 2.466667e+00 1.466667e+00 1.333333e+00 3.333333e-01 4.000000e-01 0.000000e+00
28358: 2.562500e+00 1.500000e+00 1.250000e+00 3.125000e-01 3.750000e-01 0.000000e+00
28358: 2.588235e+00 1.470588e+00 1.294118e+00 2.941176e-01 3.529412e-01 0.000000e+00
28358: 2.555556e+00 1.611111e+00 1.222222e+00 2.777778e-01 3.333333e-01 0.000000e+00
28358: 2.526316e+00 1.526316e+00 1.315789e+00 2.631579e-01 3.684211e-01 0.000000e+00
28358: 2.550000e+00 1.550000e+00 1.250000e+00 2.500000e-01 4.000000e-01 0.000000e+00
28358: 2.523810e+00 1.523810e+00 1.285714e+00 2.857143e-01 3.809524e-01 0.000000e+00
28358: 2.590909e+00 1.545455e+00 1.227273e+00 2.727273e-01 3.636364e-01 0.000000e+00
28358: 2.608696e+00 1.565217e+00 1.217391e+00 2.608696e-01 3.478261e-01 0.000000e+00
28358: 2.583333e+00 1.583333e+00 1.208333e+00 2.916667e-01 3.333333e-01 0.000000e+00
28358: 2.600000e+00 1.520000e+00 1.240000e+00 3.200000e-01 3.200000e-01 0.000000e+00
28358: 2.576923e+00 1.576923e+00 1.192308e+00 3.461538e-01 3.076923e-01 0.000000e+00
28358: 2.555556e+00 1.518519e+00 1.259259e+00 3.703704e-01 2.962963e-01 0.000000e+00
28358: 2.571429e+00 1.571429e+00 1.214286e+00 3.571429e-01 2.857143e-01 0.000000e+00
28358: 2.551724e+00 1.586207e+00 1.241379e+00 3.448276e-01 2.758621e-01 0.000000e+00
28358: 2.566667e+00 1.533333e+00 1.266667e+00 3.666667e-01 2.666667e-01 0.000000e+00
28358: 2.548387e+00 1.580645e+00 1.258065e+00 3.548387e-01 2.580645e-01 0.000000e+00
28358: 2.562500e+00 1.562500e+00 1.281250e+00 3.437500e-01 2.500000e-01 0.000000e+00
28358: 2.575758e+00 1.575758e+00 1.272727e+00 3.333333e-01 2.424242e-01 0.000000e+00
28358: 2.588235e+00 1.529412e+00 1.323529e+00 3.235294e-01 2.352941e-01 0.000000e+00
28358: 2.571429e+00 1.571429e+00 1.314286e+00 3.142857e-01 2.285714e-01 0.000000e+00
28358: 2.555556e+00 1.527778e+00 1.361111e+00 3.333333e-01 2.222222e-01 0.000000e+00
28358: 2.513514e+00 1.540541e+00 1.405405e+00 3.243243e-01 2.162162e-01 0.000000e+00
28358: 2.526316e+00 1.526316e+00 1.421053e+00 3.157895e-01 2.105263e-01 0.000000e+00
28358: 2.512821e+00 1.564103e+00 1.384615e+00 3.333333e-01 2.051282e-01 0.000000e+00
28358: 2.475000e+00 1.575000e+00 1.400000e+00 3.500000e-01 2.000000e-01 0.000000e+00
28358: 2.487805e+00 1.536585e+00 1.414634e+00 3.658537e-01 1.951220e-01 0.000000e+00
28358: 2.452381e+00 1.571429e+00 1.404762e+00 3.809524e-01 1.904762e-01 0.000000e+00
28358: 2.441860e+00 1.558140e+00 1.441860e+00 3.720930e-01 1.860465e-01 0.000000e+00
28358: 2.409091e+00 1.590909e+00 1.454545e+00 3.636364e-01 1.818182e-01 0.000000e+00
28358: 2.422222e+00 1.555556e+00 1.466667e+00 3.777778e-01 1.777778e-01 0.000000e+00
28358: 2.391304e+00 1.608696e+00 1.434783e+00 3.695652e-01 1.956522e-01 0.000000e+00
28358: 2.382979e+00 1.595745e+00 1.425532e+00 3.829787e-01 2.127660e-01 0.000000e+00
28358: 2.354167e+00 1.583333e+00 1.479167e+00 3.750000e-01 2.083333e-01 0.000000e+00
28358: 2.387755e+00 1.551020e+00 1.489796e+00 3.673469e-01 2.040816e-01 0.000000e+00
28358: 2.360000e+00 1.600000e+00 1.460000e+00 3.800000e-01 2.000000e-01 0.000000e+00
28358: 2.352941e+00 1.607843e+00 1.450980e+00 3.921569e-01 1.960784e-01 0.000000e+00
28358: 2.346154e+00 1.596154e+00 1.461538e+00 4.038462e-01 1.923077e-01 0.000000e+00
28358: 2.320755e+00 1.603774e+00 1.490566e+00 3.962264e-01 1.886792e-01 0.000000e+00
28358: 2.333333e+00 1.574074e+00 1.518519e+00 3.888889e-01 1.851852e-01 0.000000e+00
28358: 2.327273e+00 1.600000e+00 1.509091e+00 3.818182e-01 1.818182e-01 0.000000e+00
28358: 2.303571e+00 1.607143e+00 1.535714e+00 3.750000e-01 1.785714e-01 0.000000e+00
28358: 2.315789e+00 1.596491e+00 1.526316e+00 3.859649e-01 1.754386e-01 0.000000e+00
28358: 2.293103e+00 1.603448e+00 1.534483e+00 3.965517e-01 1.724138e-01 0.000000e+00
28358: 2.288136e+00 1.610169e+00 1.542373e+00 3.898305e-01 1.694915e-01 0.000000e+00
28358: 2.266667e+00 1.600000e+00 1.533333e+00 4.166667e-01 1.833333e-01 0.000000e+00
28358: 2.262295e+00 1.573770e+00 1.573770e+00 4.098361e-01 1.803279e-01 0.000000e+00
28358: 2.258065e+00 1.564516e+00 1.564516e+00 4.354839e-01 1.774194e-01 0.000000e+00
28358: 2.238095e+00 1.587302e+00 1.555556e+00 4.285714e-01 1.904762e-01 0.000000e+00
28358: 2.234375e+00 1.578125e+00 1.578125e+00 4.218750e-01 1.875000e-01 0.000000e+00
28358: 2.215385e+00 1.584615e+00 1.569231e+00 4.461538e-01 1.846154e-01 0.000000e+00
28358: 2.212121e+00 1.575758e+00 1.590909e+00 4.393939e-01 1.818182e-01 0.000000e+00
28358: 2.194030e+00 1.597015e+00 1.567164e+00 4.477612e-01 1.940299e-01 0.000000e+00
28358: 2.191176e+00 1.588235e+00 1.573529e+00 4.558824e-01 1.911765e-01 0.000000e+00
28358: 2.173913e+00 1.594203e+00 1.579710e+00 4.637681e-01 1.884058e-01 0.000000e+00
28358: 2.185714e+00 1.585714e+00 1.571429e+00 4.714286e-01 1.857143e-01 0.000000e+00
28358: 2.183099e+00 1.605634e+00 1.549296e+00 4.788732e-01 1.830986e-01 0.000000e+00
28358: 2.180556e+00 1.597222e+00 1.569444e+00 4.722222e-01 1.805556e-01 0.000000e+00
28358: 2.178082e+00 1.589041e+00 1.575342e+00 4.794521e-01 1.780822e-01 0.000000e+00
28358: 2.189189e+00 1.581081e+00 1.567568e+00 4.864865e-01 1.756757e-01 0.000000e+00
28358: 2.173333e+00 1.600000e+00 1.573333e+00 4.800000e-01 1.733333e-01 0.000000e+00
28358: 2.171053e+00 1.592105e+00 1.578947e+00 4.868421e-01 1.710526e-01 0.000000e+00
28358: 2.155844e+00 1.597403e+00 1.584416e+00 4.935065e-01 1.688312e-01 0.000000e+00
28358: 2.166667e+00 1.589744e+00 1.576923e+00 5.000000e-01 1.666667e-01 0.000000e+00
28358: 2.164557e+00 1.594937e+00 1.569620e+00 5.063291e-01 1.645570e-01 0.000000e+00
28358: 2.150000e+00 1.587500e+00 1.587500e+00 5.000000e-01 1.625000e-01 1.250000e-02
28358: 2.148148e+00 1.592593e+00 1.580247e+00 5.061728e-01 1.604938e-01 1.234568e-02
28358: 2.146341e+00 1.597561e+00 1.573171e+00 5.121951e-01 1.585366e-01 1.219512e-02
28358: 2.132530e+00 1.602410e+00 1.578313e+00 5.180723e-01 1.566265e-01 1.204819e-02
28358: 2.142857e+00 1.607143e+00 1.559524e+00 5.238095e-01 1.547619e-01 1.190476e-02
28358: 2.141176e+00 1.600000e+00 1.576471e+00 5.176471e-01 1.529412e-01 1.176471e-02
28358: 2.127907e+00 1.604651e+00 1.569767e+00 5.232558e-01 1.627907e-01 1.162791e-02
28358: 2.126437e+00 1.586207e+00 1.586207e+00 5.172414e-01 1.724138e-01 1.149425e-02
28358: 2.125000e+00 1.590909e+00 1.579545e+00 5.227273e-01 1.704545e-01 1.136364e-02
28358: 2.112360e+00 1.595506e+00 1.573034e+00 5.280899e-01 1.797753e-01 1.123596e-02
28358: 2.122222e+00 1.588889e+00 1.555556e+00 5.444444e-01 1.777778e-01 1.111111e-02
28358: 2.109890e+00 1.582418e+00 1.571429e+00 5.494505e-01 1.758242e-01 1.098901e-02
28358: 2.119565e+00 1.565217e+00 1.576087e+00 5.543478e-01 1.739130e-01 1.086957e-02
28358: 2.107527e+00 1.602151e+00 1.559140e+00 5.483871e-01 1.720430e-01 1.075269e-02
28358: 2.117021e+00 1.585106e+00 1.563830e+00 5.425532e-01 1.808511e-01 1.063830e-02
28358: 2.105263e+00 1.600000e+00 1.557895e+00 5.473684e-01 1.789474e-01 1.052632e-02
28358: 2.104167e+00 1.593750e+00 1.572917e+00 5.416667e-01 1.770833e-01 1.041667e-02
28358: 2.103093e+00 1.597938e+00 1.567010e+00 5.463918e-01 1.752577e-01 1.030928e-02
28358: 2.112245e+00 1.591837e+00 1.571429e+00 5.408163e-01 1.734694e-01 1.020408e-02
28358: 2.111111e+00 1.595960e+00 1.565657e+00 5.454545e-01 1.717172e-01 1.010101e-02
28358: 2.100000e+00 1.590000e+00 1.580000e+00 5.500000e-01 1.700000e-01 1.000000e-02
28358: 2.099010e+00 1.594059e+00 1.574257e+00 5.544554e-01 1.683168e-01 9.900990e-03
28358: 2.088235e+00 1.588235e+00 1.578431e+00 5.686275e-01 1.666667e-01 9.803922e-03
28358: 2.087379e+00 1.592233e+00 1.563107e+00 5.825243e-01 1.650485e-01 9.708738e-03
28358: 2.076923e+00 1.596154e+00 1.576923e+00 5.769231e-01 1.634615e-01 9.615385e-03
28358: 2.076190e+00 1.590476e+00 1.571429e+00 5.904762e-01 1.619048e-01 9.523810e-03
28358: 2.066038e+00 1.603774e+00 1.556604e+00 6.037736e-01 1.603774e-01 9.433962e-03
28358: 2.065421e+00 1.607477e+00 1.551402e+00 6.074766e-01 1.588785e-01 9.345794e-03
28358: 2.055556e+00 1.592593e+00 1.574074e+00 6.111111e-01 1.574074e-01 9.259259e-03
28358: 2.055046e+00 1.577982e+00 1.587156e+00 6.146789e-01 1.559633e-01 9.174312e-03
28358: 2.045455e+00 1.572727e+00 1.590909e+00 6.272727e-01 1.545455e-01 9.090909e-03
28358: 2.054054e+00 1.567568e+00 1.576577e+00 6.396396e-01 1.531532e-01 9.009009e-03
28358: 2.044643e+00 1.580357e+00 1.571429e+00 6.428571e-01 1.517857e-01 8.928571e-03
28358: 2.044248e+00 1.575221e+00 1.575221e+00 6.460177e-01 1.504425e-01 8.849558e-03
28358: 2.035088e+00 1.578947e+00 1.570175e+00 6.491228e-01 1.578947e-01 8.771930e-03
28358: 2.043478e+00 1.573913e+00 1.565217e+00 6.521739e-01 1.565217e-01 8.695652e-03
28358: 2.043103e+00 1.577586e+00 1.568966e+00 6.465517e-01 1.551724e-01 8.620690e-03
28358: 2.034188e+00 1.572650e+00 1.572650e+00 6.495726e-01 1.623932e-01 8.547009e-03
28358: 2.050847e+00 1.559322e+00 1.567797e+00 6.525424e-01 1.610169e-01 8.474576e-03
28358: 2.042017e+00 1.571429e+00 1.563025e+00 6.554622e-01 1.596639e-01 8.403361e-03
28358: 2.041667e+00 1.566667e+00 1.566667e+00 6.583333e-01 1.583333e-01 8.333333e-03
28358: 2.041322e+00 1.570248e+00 1.570248e+00 6.528926e-01 1.570248e-01 8.264463e-03
28358: 2.049180e+00 1.565574e+00 1.557377e+00 6.639344e-01 1.557377e-01 8.196721e-03
28358: 2.048780e+00 1.569106e+00 1.560976e+00 6.585366e-01 1.544715e-01 8.130081e-03
28358: 2.040323e+00 1.572581e+00 1.548387e+00 6.693548e-01 1.612903e-01 8.064516e-03
28358: 2.048000e+00 1.576000e+00 1.544000e+00 6.640000e-01 1.600000e-01 8.000000e-03
28358: 2.039683e+00 1.563492e+00 1.563492e+00 6.587302e-01 1.666667e-01 7.936508e-03
28358: 2.039370e+00 1.574803e+00 1.551181e+00 6.614173e-01 1.653543e-01 7.874016e-03
28358: 2.031250e+00 1.570312e+00 1.570312e+00 6.562500e-01 1.640625e-01 7.812500e-03
28358: 2.031008e+00 1.565891e+00 1.565891e+00 6.666667e-01 1.627907e-01 7.751938e-03
28358: 2.023077e+00 1.576923e+00 1.561538e+00 6.692308e-01 1.615385e-01 7.692308e-03
28358: 2.015267e+00 1.572519e+00 1.564885e+00 6.641221e-01 1.755725e-01 7.633588e-03
28358: 2.015152e+00 1.568182e+00 1.568182e+00 6.666667e-01 1.742424e-01 7.575758e-03
28358: 2.007519e+00 1.586466e+00 1.556391e+00 6.691729e-01 1.729323e-01 7.518797e-03
28358: 2.014925e+00 1.582090e+00 1.559701e+00 6.641791e-01 1.716418e-01 7.462687e-03
28358: 2.007407e+00 1.592593e+00 1.562963e+00 6.592593e-01 1.703704e-01 7.407407e-03
28358: 2.007353e+00 1.588235e+00 1.573529e+00 6.544118e-01 1.691176e-01 7.352941e-03
28358: 2.000000e+00 1.591241e+00 1.569343e+00 6.642336e-01 1.678832e-01 7.299270e-03
28358: 2.007246e+00 1.586957e+00 1.565217e+00 6.666667e-01 1.666667e-01 7.246377e-03
28358: 2.000000e+00 1.589928e+00 1.561151e+00 6.690647e-01 1.726619e-01 7.194245e-03
28358: 1.992857e+00 1.592857e+00 1.564286e+00 6.642857e-01 1.785714e-01 7.142857e-03
28358: 2.000000e+00 1.595745e+00 1.560284e+00 6.595745e-01 1.773050e-01 7.092199e-03
28358: 1.992958e+00 1.591549e+00 1.570423e+00 6.619718e-01 1.760563e-01 7.042254e-03
28358: 1.993007e+00 1.594406e+00 1.566434e+00 6.643357e-01 1.748252e-01 6.993007e-03
28358: 1.993056e+00 1.590278e+00 1.569444e+00 6.666667e-01 1.736111e-01 6.944444e-03
28358: 2.000000e+00 1.593103e+00 1.565517e+00 6.620690e-01 1.724138e-01 6.896552e-03
28358: 1.993151e+00 1.589041e+00 1.575342e+00 6.643836e-01 1.712329e-01 6.849315e-03
28358: 1.993197e+00 1.585034e+00 1.578231e+00 6.666667e-01 1.700680e-01 6.802721e-03
28358: 1.993243e+00 1.594595e+00 1.567568e+00 6.689189e-01 1.689189e-01 6.756757e-03
28358: 1.986577e+00 1.597315e+00 1.577181e+00 6.644295e-01 1.677852e-01 6.711409e-03
28358: 1.993333e+00 1.593333e+00 1.566667e+00 6.666667e-01 1.733333e-01 6.666667e-03
28358: 1.986755e+00 1.596026e+00 1.569536e+00 6.622517e-01 1.788079e-01 6.622517e-03
28358: 1.986842e+00 1.598684e+00 1.565789e+00 6.644737e-01 1.776316e-01 6.578947e-03
28358: 1.980392e+00 1.588235e+00 1.575163e+00 6.732026e-01 1.764706e-01 6.535948e-03
28358: 1.987013e+00 1.577922e+00 1.577922e+00 6.753247e-01 1.753247e-01 6.493506e-03
28358: 1.993548e+00 1.580645e+00 1.567742e+00 6.774194e-01 1.741935e-01 6.451613e-03
28358: 1.987179e+00 1.583333e+00 1.570513e+00 6.794872e-01 1.730769e-01 6.410256e-03
28358: 1.987261e+00 1.579618e+00 1.560510e+00 6.942675e-01 1.719745e-01 6.369427e-03
28358: 1.993671e+00 1.575949e+00 1.563291e+00 6.898734e-01 1.708861e-01 6.329114e-03
28358: 1.987421e+00 1.578616e+00 1.572327e+00 6.855346e-01 1.698113e-01 6.289308e-03
28358: 1.987500e+00 1.575000e+00 1.568750e+00 6.937500e-01 1.687500e-01 6.250000e-03
28358: 1.981366e+00 1.577640e+00 1.577640e+00 6.894410e-01 1.677019e-01 6.211180e-03
28358: 1.981481e+00 1.574074e+00 1.574074e+00 6.913580e-01 1.728395e-01 6.172840e-03
28358: 1.981595e+00 1.576687e+00 1.564417e+00 6.932515e-01 1.779141e-01 6.134969e-03
28358: 1.981707e+00 1.579268e+00 1.567073e+00 6.890244e-01 1.768293e-01 6.097561e-03
28358: 1.975758e+00 1.575758e+00 1.569697e+00 6.969697e-01 1.757576e-01 6.060606e-03
28358: 1.981928e+00 1.578313e+00 1.566265e+00 6.927711e-01 1.746988e-01 6.024096e-03
28358: 1.982036e+00 1.574850e+00 1.574850e+00 6.886228e-01 1.736527e-01 5.988024e-03
28358: 1.982143e+00 1.583333e+00 1.565476e+00 6.904762e-01 1.726190e-01 5.952381e-03
28358: 1.982249e+00 1.579882e+00 1.573964e+00 6.863905e-01 1.715976e-01 5.917160e-03
28358: 1.982353e+00 1.576471e+00 1.570588e+00 6.941176e-01 1.705882e-01 5.882353e-03
28358: 1.976608e+00 1.590643e+00 1.561404e+00 6.959064e-01 1.695906e-01 5.847953e-03
28358: 1.988372e+00 1.587209e+00 1.558140e+00 6.918605e-01 1.686047e-01 5.813953e-03
28358: 1.988439e+00 1.589595e+00 1.554913e+00 6.936416e-01 1.676301e-01 5.780347e-03
28358: 1.988506e+00 1.580460e+00 1.563218e+00 6.896552e-01 1.666667e-01 1.149425e-02
28358: 1.982857e+00 1.588571e+00 1.565714e+00 6.857143e-01 1.657143e-01 1.142857e-02
28358: 1.982955e+00 1.590909e+00 1.568182e+00 6.818182e-01 1.647727e-01 1.136364e-02
28358: 1.988701e+00 1.587571e+00 1.564972e+00 6.836158e-01 1.638418e-01 1.129944e-02
28358: 1.988764e+00 1.589888e+00 1.567416e+00 6.797753e-01 1.629213e-01 1.123596e-02
28358: 1.983240e+00 1.592179e+00 1.564246e+00 6.815642e-01 1.675978e-01 1.117318e-02
28358: 1.988889e+00 1.594444e+00 1.561111e+00 6.777778e-01 1.666667e-01 1.111111e-02
28358: 1.983425e+00 1.602210e+00 1.563536e+00 6.740331e-01 1.657459e-01 1.104972e-02
28358: 1.989011e+00 1.598901e+00 1.560440e+00 6.758242e-01 1.648352e-01 1.098901e-02
28358: 1.994536e+00 1.595628e+00 1.562842e+00 6.721311e-01 1.639344e-01 1.092896e-02
28358: 1.989130e+00 1.603261e+00 1.565217e+00 6.684783e-01 1.630435e-01 1.086957e-02
28358: 1.994595e+00 1.600000e+00 1.562162e+00 6.702703e-01 1.621622e-01 1.081081e-02
28358: 1.989247e+00 1.602151e+00 1.564516e+00 6.720430e-01 1.612903e-01 1.075269e-02
28358: 1.989305e+00 1.604278e+00 1.566845e+00 6.684492e-01 1.604278e-01 1.069519e-02
28358: 1.984043e+00 1.595745e+00 1.574468e+00 6.755319e-01 1.595745e-01 1.063830e-02
28358: 1.989418e+00 1.587302e+00 1.576720e+00 6.772487e-01 1.587302e-01 1.058201e-02
28358: 1.984211e+00 1.600000e+00 1.568421e+00 6.789474e-01 1.578947e-01 1.052632e-02
28358: 1.984293e+00 1.596859e+00 1.575916e+00 6.753927e-01 1.570681e-01 1.047120e-02
28358: 1.979167e+00 1.593750e+00 1.583333e+00 6.770833e-01 1.562500e-01 1.041667e-02
28358: 1.979275e+00 1.590674e+00 1.580311e+00 6.787565e-01 1.606218e-01 1.036269e-02
28358: 1.974227e+00 1.592784e+00 1.582474e+00 6.804124e-01 1.597938e-01 1.030928e-02
28358: 1.974359e+00 1.589744e+00 1.584615e+00 6.820513e-01 1.589744e-01 1.025641e-02
28358: 1.969388e+00 1.591837e+00 1.581633e+00 6.887755e-01 1.581633e-01 1.020408e-02
28358: 1.969543e+00 1.598985e+00 1.573604e+00 6.903553e-01 1.573604e-01 1.015228e-02
28358: 1.969697e+00 1.601010e+00 1.570707e+00 6.919192e-01 1.565657e-01 1.010101e-02
28358: 1.969849e+00 1.597990e+00 1.567839e+00 6.984925e-01 1.557789e-01 1.005025e-02
28358: 1.975000e+00 1.600000e+00 1.565000e+00 6.950000e-01 1.550000e-01 1.000000e-02
28358: 1.975124e+00 1.597015e+00 1.567164e+00 6.965174e-01 1.542289e-01 9.950249e-03
28358: 1.975248e+00 1.594059e+00 1.574257e+00 6.930693e-01 1.534653e-01 9.900990e-03
28358: 1.970443e+00 1.596059e+00 1.576355e+00 6.945813e-01 1.527094e-01 9.852217e-03
28358: 1.970588e+00 1.593137e+00 1.573529e+00 6.960784e-01 1.568627e-01 9.803922e-03
28358: 1.970732e+00 1.595122e+00 1.565854e+00 6.975610e-01 1.609756e-01 9.756098e-03
28358: 1.966019e+00 1.597087e+00 1.572816e+00 6.941748e-01 1.601942e-01 9.708738e-03
28358: 1.961353e+00 1.599034e+00 1.570048e+00 6.956522e-01 1.642512e-01 9.661836e-03
28358: 1.966346e+00 1.596154e+00 1.567308e+00 6.971154e-01 1.634615e-01 9.615385e-03
28358: 1.961722e+00 1.598086e+00 1.564593e+00 7.033493e-01 1.626794e-01 9.569378e-03
28358: 1.961905e+00 1.595238e+00 1.571429e+00 7.000000e-01 1.619048e-01 9.523810e-03
28358: 1.962085e+00 1.597156e+00 1.563981e+00 7.061611e-01 1.611374e-01 9.478673e-03
28358: 1.957547e+00 1.594340e+00 1.570755e+00 7.075472e-01 1.603774e-01 9.433962e-03
28358: 1.962441e+00 1.596244e+00 1.563380e+00 7.089202e-01 1.596244e-01 9.389671e-03
28358: 1.962617e+00 1.593458e+00 1.570093e+00 7.056075e-01 1.588785e-01 9.345794e-03
28358: 1.967442e+00 1.590698e+00 1.567442e+00 7.069767e-01 1.581395e-01 9.302326e-03
28358: 1.962963e+00 1.597222e+00 1.564815e+00 7.083333e-01 1.574074e-01 9.259259e-03
28358: 1.967742e+00 1.594470e+00 1.566820e+00 7.050691e-01 1.566820e-01 9.216590e-03
28358: 1.967890e+00 1.596330e+00 1.568807e+00 7.018349e-01 1.559633e-01 9.174312e-03
28358: 1.963470e+00 1.593607e+00 1.566210e+00 7.123288e-01 1.552511e-01 9.132420e-03
28358: 1.968182e+00 1.586364e+00 1.572727e+00 7.090909e-01 1.545455e-01 9.090909e-03
28358: 1.963801e+00 1.597285e+00 1.565611e+00 7.104072e-01 1.538462e-01 9.049774e-03
28358: 1.963964e+00 1.603604e+00 1.563063e+00 7.072072e-01 1.531532e-01 9.009009e-03
28358: 1.959641e+00 1.596413e+00 1.578475e+00 7.040359e-01 1.524664e-01 8.968610e-03
28358: 1.959821e+00 1.598214e+00 1.575893e+00 7.053571e-01 1.517857e-01 8.928571e-03
28358: 1.955556e+00 1.595556e+00 1.582222e+00 7.066667e-01 1.511111e-01 8.888889e-03
28358: 1.955752e+00 1.592920e+00 1.575221e+00 7.079646e-01 1.592920e-01 8.849558e-03
28358: 1.955947e+00 1.594714e+00 1.572687e+00 7.092511e-01 1.585903e-01 8.810573e-03
28358: 1.956140e+00 1.592105e+00 1.574561e+00 7.105263e-01 1.578947e-01 8.771930e-03
28358: 1.951965e+00 1.598253e+00 1.567686e+00 7.161572e-01 1.572052e-01 8.733624e-03
28358: 1.952174e+00 1.595652e+00 1.565217e+00 7.173913e-01 1.608696e-01 8.695652e-03
28358: 1.948052e+00 1.601732e+00 1.562771e+00 7.186147e-01 1.601732e-01 8.658009e-03
28358: 1.956897e+00 1.599138e+00 1.560345e+00 7.155172e-01 1.594828e-01 8.620690e-03
28358: 1.952790e+00 1.605150e+00 1.562232e+00 7.124464e-01 1.587983e-01 8.583691e-03
28358: 1.957265e+00 1.606838e+00 1.559829e+00 7.094017e-01 1.581197e-01 8.547009e-03
28358: 1.953191e+00 1.604255e+00 1.561702e+00 7.148936e-01 1.574468e-01 8.510638e-03
28358: 1.957627e+00 1.601695e+00 1.563559e+00 7.118644e-01 1.567797e-01 8.474576e-03
28358: 1.953586e+00 1.603376e+00 1.565401e+00 7.130802e-01 1.561181e-01 8.438819e-03
28358: 1.953782e+00 1.600840e+00 1.563025e+00 7.142857e-01 1.596639e-01 8.403361e-03
28358: 1.953975e+00 1.602510e+00 1.560669e+00 7.112971e-01 1.631799e-01 8.368201e-03
28358: 1.950000e+00 1.595833e+00 1.566667e+00 7.125000e-01 1.625000e-01 1.250000e-02
28358: 1.954357e+00 1.593361e+00 1.564315e+00 7.095436e-01 1.618257e-01 1.659751e-02
28358: 1.950413e+00 1.590909e+00 1.566116e+00 7.148760e-01 1.611570e-01 1.652893e-02
28358: 1.950617e+00 1.588477e+00 1.572016e+00 7.119342e-01 1.604938e-01 1.646091e-02
28358: 1.950820e+00 1.590164e+00 1.565574e+00 7.172131e-01 1.598361e-01 1.639344e-02
28358: 1.946939e+00 1.587755e+00 1.571429e+00 7.183673e-01 1.591837e-01 1.632653e-02
28358: 1.947154e+00 1.589431e+00 1.569106e+00 7.195122e-01 1.585366e-01 1.626016e-02
28358: 1.943320e+00 1.582996e+00 1.574899e+00 7.206478e-01 1.619433e-01 1.619433e-02
28358: 1.943548e+00 1.576613e+00 1.576613e+00 7.258065e-01 1.612903e-01 1.612903e-02
28358: 1.943775e+00 1.578313e+00 1.570281e+00 7.309237e-01 1.606426e-01 1.606426e-02
28358: 1.944000e+00 1.580000e+00 1.568000e+00 7.320000e-01 1.600000e-01 1.600000e-02
28358: 1.940239e+00 1.577689e+00 1.573705e+00 7.330677e-01 1.593625e-01 1.593625e-02
28358: 1.940476e+00 1.579365e+00 1.571429e+00 7.341270e-01 1.587302e-01 1.587302e-02
28358: 1.936759e+00 1.581028e+00 1.569170e+00 7.351779e-01 1.620553e-01 1.581028e-02
28358: 1.937008e+00 1.578740e+00 1.574803e+00 7.322835e-01 1.614173e-01 1.574803e-02
28358: 1.941176e+00 1.580392e+00 1.568627e+00 7.333333e-01 1.607843e-01 1.568627e-02
28358: 1.941406e+00 1.578125e+00 1.574219e+00 7.304688e-01 1.601562e-01 1.562500e-02
28358: 1.941634e+00 1.583658e+00 1.568093e+00 7.315175e-01 1.595331e-01 1.556420e-02
28358: 1.937984e+00 1.585271e+00 1.569767e+00 7.325581e-01 1.589147e-01 1.550388e-02
28358: 1.934363e+00 1.590734e+00 1.571429e+00 7.297297e-01 1.583012e-01 1.544402e-02
28358: 1.942308e+00 1.588462e+00 1.565385e+00 7.307692e-01 1.576923e-01 1.538462e-02
28358: 1.942529e+00 1.590038e+00 1.563218e+00 7.279693e-01 1.609195e-01 1.532567e-02
28358: 1.942748e+00 1.587786e+00 1.564885e+00 7.290076e-01 1.603053e-01 1.526718e-02
28358: 1.942966e+00 1.589354e+00 1.566540e+00 7.262357e-01 1.596958e-01 1.520913e-02
28358: 1.946970e+00 1.583333e+00 1.568182e+00 7.272727e-01 1.590909e-01 1.515152e-02
28358: 1.947170e+00 1.584906e+00 1.569811e+00 7.245283e-01 1.584906e-01 1.509434e-02
28358: 1.947368e+00 1.586466e+00 1.567669e+00 7.255639e-01 1.578947e-01 1.503759e-02
28358: 1.947566e+00 1.584270e+00 1.569288e+00 7.228464e-01 1.573034e-01 1.872659e-02
28358: 1.947761e+00 1.585821e+00 1.570896e+00 7.201493e-01 1.567164e-01 1.865672e-02
28358: 1.944238e+00 1.583643e+00 1.568773e+00 7.286245e-01 1.561338e-01 1.858736e-02
28358: 1.944444e+00 1.577778e+00 1.577778e+00 7.259259e-01 1.555556e-01 1.851852e-02
28358: 1.940959e+00 1.579336e+00 1.575646e+00 7.306273e-01 1.549815e-01 1.845018e-02
28358: 1.941176e+00 1.577206e+00 1.577206e+00 7.316176e-01 1.544118e-01 1.838235e-02
28358: 1.937729e+00 1.578755e+00 1.575092e+00 7.362637e-01 1.538462e-01 1.831502e-02
28358: 1.941606e+00 1.576642e+00 1.572993e+00 7.372263e-01 1.532847e-01 1.824818e-02
28358: 1.938182e+00 1.574545e+00 1.574545e+00 7.418182e-01 1.527273e-01 1.818182e-02
28358: 1.938406e+00 1.576087e+00 1.568841e+00 7.427536e-01 1.557971e-01 1.811594e-02
28358: 1.938628e+00 1.577617e+00 1.570397e+00 7.400722e-01 1.552347e-01 1.805054e-02
28358: 1.938849e+00 1.575540e+00 1.568345e+00 7.446043e-01 1.546763e-01 1.798561e-02
28358: 1.935484e+00 1.577061e+00 1.569892e+00 7.455197e-01 1.541219e-01 1.792115e-02
28358: 1.935714e+00 1.578571e+00 1.567857e+00 7.428571e-01 1.535714e-01 2.142857e-02
28358: 1.932384e+00 1.576512e+00 1.569395e+00 7.473310e-01 1.530249e-01 2.135231e-02
28358: 1.932624e+00 1.574468e+00 1.570922e+00 7.482270e-01 1.524823e-01 2.127660e-02
28358: 1.929329e+00 1.575972e+00 1.565371e+00 7.561837e-01 1.519435e-01 2.120141e-02
28358: 1.929577e+00 1.577465e+00 1.563380e+00 7.570423e-01 1.514085e-01 2.112676e-02
28358: 1.926316e+00 1.575439e+00 1.568421e+00 7.578947e-01 1.508772e-01 2.105263e-02
28358: 1.933566e+00 1.573427e+00 1.566434e+00 7.552448e-01 1.503497e-01 2.097902e-02
28358: 1.933798e+00 1.574913e+00 1.564460e+00 7.560976e-01 1.498258e-01 2.090592e-02
28358: 1.930556e+00 1.576389e+00 1.569444e+00 7.534722e-01 1.493056e-01 2.083333e-02
28358: 1.930796e+00 1.570934e+00 1.574394e+00 7.508651e-01 1.522491e-01 2.076125e-02
28358: 1.931034e+00 1.572414e+00 1.572414e+00 7.517241e-01 1.517241e-01 2.068966e-02
28358: 1.927835e+00 1.573883e+00 1.573883e+00 7.525773e-01 1.512027e-01 2.061856e-02
28358: 1.928082e+00 1.571918e+00 1.571918e+00 7.568493e-01 1.506849e-01 2.054795e-02
28358: 1.931741e+00 1.573379e+00 1.566553e+00 7.576792e-01 1.501706e-01 2.047782e-02
28358: 1.931973e+00 1.574830e+00 1.568027e+00 7.551020e-01 1.496599e-01 2.040816e-02
28358: 1.932203e+00 1.572881e+00 1.566102e+00 7.593220e-01 1.491525e-01 2.033898e-02
28358: 1.929054e+00 1.574324e+00 1.570946e+00 7.567568e-01 1.486486e-01 2.027027e-02
28358: 1.929293e+00 1.572391e+00 1.572391e+00 7.575758e-01 1.481481e-01 2.020202e-02
28358: 1.926174e+00 1.570470e+00 1.573826e+00 7.617450e-01 1.476510e-01 2.013423e-02
28358: 1.926421e+00 1.568562e+00 1.568562e+00 7.658863e-01 1.505017e-01 2.006689e-02
28358: 1.926667e+00 1.570000e+00 1.566667e+00 7.633333e-01 1.533333e-01 2.000000e-02
28358: 1.923588e+00 1.568106e+00 1.571429e+00 7.607973e-01 1.561462e-01 1.993355e-02
28358: 1.923841e+00 1.569536e+00 1.569536e+00 7.615894e-01 1.556291e-01 1.986755e-02
28358: 1.920792e+00 1.570957e+00 1.567657e+00 7.656766e-01 1.551155e-01 1.980198e-02
28358: 1.924342e+00 1.569079e+00 1.569079e+00 7.631579e-01 1.546053e-01 1.973684e-02
28358: 1.924590e+00 1.573770e+00 1.567213e+00 7.606557e-01 1.540984e-01 1.967213e-02
28358: 1.924837e+00 1.571895e+00 1.571895e+00 7.581699e-01 1.535948e-01 1.960784e-02
28358: 1.921824e+00 1.576547e+00 1.570033e+00 7.589577e-01 1.530945e-01 1.954397e-02
28358: 1.925325e+00 1.577922e+00 1.564935e+00 7.597403e-01 1.525974e-01 1.948052e-02
28358: 1.922330e+00 1.576052e+00 1.569579e+00 7.572816e-01 1.553398e-01 1.941748e-02
28358: 1.922581e+00 1.580645e+00 1.567742e+00 7.548387e-01 1.548387e-01 1.935484e-02
28358: 1.922830e+00 1.578778e+00 1.572347e+00 7.524116e-01 1.543408e-01 1.929260e-02
28358: 1.919872e+00 1.586538e+00 1.567308e+00 7.532051e-01 1.538462e-01 1.923077e-02
28358: 1.923323e+00 1.581470e+00 1.568690e+00 7.507987e-01 1.565495e-01 1.916933e-02
28358: 1.920382e+00 1.585987e+00 1.566879e+00 7.484076e-01 1.592357e-01 1.910828e-02
28358: 1.920635e+00 1.590476e+00 1.565079e+00 7.460317e-01 1.587302e-01 1.904762e-02
28358: 1.917722e+00 1.588608e+00 1.569620e+00 7.436709e-01 1.582278e-01 2.215190e-02
28358: 1.921136e+00 1.589905e+00 1.567823e+00 7.413249e-01 1.577287e-01 2.208202e-02
28358: 1.918239e+00 1.594340e+00 1.569182e+00 7.389937e-01 1.572327e-01 2.201258e-02
28358: 1.921630e+00 1.592476e+00 1.570533e+00 7.366771e-01 1.567398e-01 2.194357e-02
28358: 1.918750e+00 1.596875e+00 1.568750e+00 7.375000e-01 1.562500e-01 2.187500e-02
28358: 1.919003e+00 1.595016e+00 1.570093e+00 7.383178e-01 1.557632e-01 2.180685e-02
28358: 1.916149e+00 1.596273e+00 1.568323e+00 7.422360e-01 1.552795e-01 2.173913e-02
28358: 1.919505e+00 1.597523e+00 1.566563e+00 7.399381e-01 1.547988e-01 2.167183e-02
28358: 1.916667e+00 1.595679e+00 1.570988e+00 7.376543e-01 1.574074e-01 2.160494e-02
28358: 1.920000e+00 1.596923e+00 1.566154e+00 7.384615e-01 1.569231e-01 2.153846e-02
28358: 1.920245e+00 1.598160e+00 1.567485e+00 7.361963e-01 1.564417e-01 2.147239e-02
28358: 1.923547e+00 1.596330e+00 1.565749e+00 7.370031e-01 1.559633e-01 2.140673e-02
28358: 1.920732e+00 1.597561e+00 1.570122e+00 7.347561e-01 1.554878e-01 2.134146e-02
28358: 1.920973e+00 1.598784e+00 1.568389e+00 7.355623e-01 1.550152e-01 2.127660e-02
28358: 1.921212e+00 1.596970e+00 1.569697e+00 7.333333e-01 1.575758e-01 2.121212e-02
28358: 1.918429e+00 1.595166e+00 1.577039e+00 7.311178e-01 1.570997e-01 2.114804e-02
28358: 1.918675e+00 1.590361e+00 1.575301e+00 7.379518e-01 1.566265e-01 2.108434e-02
28358: 1.915916e+00 1.591592e+00 1.573574e+00 7.417417e-01 1.561562e-01 2.102102e-02
28358: 1.919162e+00 1.589820e+00 1.568862e+00 7.425150e-01 1.586826e-01 2.095808e-02
28358: 1.919403e+00 1.591045e+00 1.567164e+00 7.432836e-01 1.582090e-01 2.089552e-02
28358: 1.919643e+00 1.592262e+00 1.568452e+00 7.410714e-01 1.577381e-01 2.083333e-02
28358: 1.916914e+00 1.593472e+00 1.566766e+00 7.448071e-01 1.572700e-01 2.077151e-02
28358: 1.920118e+00 1.591716e+00 1.568047e+00 7.426036e-01 1.568047e-01 2.071006e-02
28358: 1.917404e+00 1.595870e+00 1.569322e+00 7.404130e-01 1.563422e-01 2.064897e-02
28358: 1.920588e+00 1.597059e+00 1.567647e+00 7.382353e-01 1.558824e-01 2.058824e-02
28358: 1.920821e+00 1.595308e+00 1.571848e+00 7.360704e-01 1.554252e-01 2.052786e-02
28358: 1.918129e+00 1.599415e+00 1.567251e+00 7.397661e-01 1.549708e-01 2.046784e-02
28358: 1.924198e+00 1.594752e+00 1.568513e+00 7.376093e-01 1.545190e-01 2.040816e-02
28358: 1.921512e+00 1.601744e+00 1.566860e+00 7.354651e-01 1.540698e-01 2.034884e-02
28358: 1.921739e+00 1.605797e+00 1.565217e+00 7.333333e-01 1.536232e-01 2.028986e-02
28358: 1.919075e+00 1.604046e+00 1.569364e+00 7.341040e-01 1.531792e-01 2.023121e-02
28358: 1.919308e+00 1.605187e+00 1.567723e+00 7.348703e-01 1.527378e-01 2.017291e-02
28358: 1.916667e+00 1.606322e+00 1.568966e+00 7.356322e-01 1.522989e-01 2.011494e-02
28358: 1.916905e+00 1.604585e+00 1.573066e+00 7.335244e-01 1.518625e-01 2.005731e-02
28358: 1.914286e+00 1.608571e+00 1.568571e+00 7.342857e-01 1.542857e-01 2.000000e-02
28358: 1.914530e+00 1.609687e+00 1.566952e+00 7.350427e-01 1.538462e-01 1.994302e-02
28358: 1.914773e+00 1.610795e+00 1.568182e+00 7.329545e-01 1.534091e-01 1.988636e-02
28358: 1.915014e+00 1.606232e+00 1.572238e+00 7.337110e-01 1.529745e-01 1.983003e-02
28358: 1.912429e+00 1.610169e+00 1.567797e+00 7.372881e-01 1.525424e-01 1.977401e-02
28358: 1.915493e+00 1.608451e+00 1.569014e+00 7.352113e-01 1.521127e-01 1.971831e-02
28358: 1.912921e+00 1.612360e+00 1.570225e+00 7.331461e-01 1.516854e-01 1.966292e-02
28358: 1.913165e+00 1.610644e+00 1.568627e+00 7.366947e-01 1.512605e-01 1.960784e-02
28358: 1.910615e+00 1.614525e+00 1.569832e+00 7.346369e-01 1.508380e-01 1.955307e-02
28358: 1.916435e+00 1.612813e+00 1.568245e+00 7.325905e-01 1.504178e-01 1.949861e-02
28358: 1.913889e+00 1.616667e+00 1.569444e+00 7.305556e-01 1.500000e-01 1.944444e-02
28358: 1.914127e+00 1.614958e+00 1.570637e+00 7.313019e-01 1.495845e-01 1.939058e-02
28358: 1.914365e+00 1.618785e+00 1.566298e+00 7.320442e-01 1.491713e-01 1.933702e-02
28358: 1.911846e+00 1.619835e+00 1.570248e+00 7.300275e-01 1.487603e-01 1.928375e-02
28358: 1.912088e+00 1.623626e+00 1.565934e+00 7.307692e-01 1.483516e-01 1.923077e-02
28358: 1.909589e+00 1.624658e+00 1.567123e+00 7.315068e-01 1.479452e-01 1.917808e-02
28358: 1.915301e+00 1.620219e+00 1.568306e+00 7.295082e-01 1.475410e-01 1.912568e-02
28358: 1.918256e+00 1.621253e+00 1.566757e+00 7.275204e-01 1.471390e-01 1.907357e-02
28358: 1.915761e+00 1.622283e+00 1.570652e+00 7.255435e-01 1.467391e-01 1.902174e-02
28358: 1.921409e+00 1.617886e+00 1.569106e+00 7.262873e-01 1.463415e-01 1.897019e-02
28358: 1.921622e+00 1.621622e+00 1.567568e+00 7.243243e-01 1.459459e-01 1.891892e-02
28358: 1.919137e+00 1.622642e+00 1.568733e+00 7.250674e-01 1.455526e-01 1.886792e-02
28358: 1.916667e+00 1.626344e+00 1.569892e+00 7.231183e-01 1.451613e-01 1.881720e-02
28358: 1.919571e+00 1.624665e+00 1.568365e+00 7.211796e-01 1.474531e-01 1.876676e-02
28358: 1.919786e+00 1.628342e+00 1.566845e+00 7.192513e-01 1.470588e-01 1.871658e-02
28358: 1.920000e+00 1.626667e+00 1.568000e+00 7.173333e-01 1.493333e-01 1.866667e-02
28358: 1.917553e+00 1.627660e+00 1.569149e+00 7.180851e-01 1.489362e-01 1.861702e-02
28358: 1.917772e+00 1.631300e+00 1.567639e+00 7.161804e-01 1.485411e-01 1.856764e-02
28358: 1.915344e+00 1.629630e+00 1.574074e+00 7.142857e-01 1.481481e-01 1.851852e-02
28358: 1.920844e+00 1.627968e+00 1.569921e+00 7.150396e-01 1.477573e-01 1.846966e-02
28358: 1.918421e+00 1.628947e+00 1.568421e+00 7.157895e-01 1.500000e-01 1.842105e-02
28358: 1.918635e+00 1.629921e+00 1.569554e+00 7.139108e-01 1.496063e-01 1.837270e-02
28358: 1.918848e+00 1.628272e+00 1.570681e+00 7.146597e-01 1.492147e-01 1.832461e-02
28358: 1.916449e+00 1.629243e+00 1.571802e+00 7.154047e-01 1.488251e-01 1.827676e-02
28358: 1.916667e+00 1.630208e+00 1.570312e+00 7.161458e-01 1.484375e-01 1.822917e-02
28358: 1.914286e+00 1.628571e+00 1.568831e+00 7.220779e-01 1.480519e-01 1.818182e-02
28358: 1.911917e+00 1.626943e+00 1.575130e+00 7.202073e-01 1.476684e-01 1.813472e-02
28358: 1.914729e+00 1.625323e+00 1.573643e+00 7.209302e-01 1.472868e-01 1.808786e-02
28358: 1.912371e+00 1.623711e+00 1.572165e+00 7.268041e-01 1.469072e-01 1.804124e-02
28358: 1.912596e+00 1.627249e+00 1.568123e+00 7.275064e-01 1.465296e-01 1.799486e-02
28358: 1.912821e+00 1.625641e+00 1.569231e+00 7.256410e-01 1.461538e-01 2.051282e-02
28358: 1.910486e+00 1.629156e+00 1.567775e+00 7.263427e-01 1.457801e-01 2.046036e-02
28358: 1.910714e+00 1.627551e+00 1.568878e+00 7.244898e-01 1.479592e-01 2.040816e-02
28358: 1.910941e+00 1.628499e+00 1.567430e+00 7.226463e-01 1.501272e-01 2.035623e-02
28358: 1.911168e+00 1.626904e+00 1.571066e+00 7.208122e-01 1.497462e-01 2.030457e-02
28358: 1.911392e+00 1.630380e+00 1.567089e+00 7.215190e-01 1.493671e-01 2.025316e-02
28358: 1.909091e+00 1.631313e+00 1.568182e+00 7.196970e-01 1.515152e-01 2.020202e-02
28358: 1.911839e+00 1.629723e+00 1.566751e+00 7.204030e-01 1.511335e-01 2.015113e-02
28358: 1.909548e+00 1.630653e+00 1.567839e+00 7.211055e-01 1.507538e-01 2.010050e-02
28358: 1.907268e+00 1.634085e+00 1.568922e+00 7.192982e-01 1.503759e-01 2.005013e-02
28358: 1.907500e+00 1.632500e+00 1.572500e+00 7.175000e-01 1.500000e-01 2.000000e-02
28358: 1.905237e+00 1.635910e+00 1.568579e+00 7.182045e-01 1.496259e-01 2.244389e-02
28358: 1.910448e+00 1.634328e+00 1.567164e+00 7.164179e-01 1.492537e-01 2.238806e-02
28358: 1.908189e+00 1.635236e+00 1.570720e+00 7.146402e-01 1.488834e-01 2.233251e-02
28358: 1.905941e+00 1.636139e+00 1.569307e+00 7.178218e-01 1.485149e-01 2.227723e-02
28358: 1.906173e+00 1.634568e+00 1.570370e+00 7.160494e-01 1.481481e-01 2.469136e-02
28358: 1.903941e+00 1.635468e+00 1.568966e+00 7.192118e-01 1.477833e-01 2.463054e-02
28358: 1.904177e+00 1.633907e+00 1.570025e+00 7.174447e-01 1.498771e-01 2.457002e-02
28358: 1.901961e+00 1.634804e+00 1.571078e+00 7.181373e-01 1.495098e-01 2.450980e-02
28358: 1.904645e+00 1.633252e+00 1.569682e+00 7.188264e-01 1.491443e-01 2.444988e-02
28358: 1.904878e+00 1.634146e+00 1.570732e+00 7.170732e-01 1.487805e-01 2.439024e-02
28358: 1.902676e+00 1.632603e+00 1.566910e+00 7.250608e-01 1.484185e-01 2.433090e-02
28358: 1.905340e+00 1.633495e+00 1.565534e+00 7.233010e-01 1.480583e-01 2.427184e-02
28358: 1.903148e+00 1.631961e+00 1.566586e+00 7.239709e-01 1.501211e-01 2.421308e-02
28358: 1.905797e+00 1.632850e+00 1.565217e+00 7.222222e-01 1.497585e-01 2.415459e-02
28358: 1.903614e+00 1.633735e+00 1.568675e+00 7.204819e-01 1.493976e-01 2.409639e-02
28358: 1.903846e+00 1.629808e+00 1.569712e+00 7.235577e-01 1.490385e-01 2.403846e-02
28358: 1.901679e+00 1.633094e+00 1.570743e+00 7.218225e-01 1.486811e-01 2.398082e-02
28358: 1.904306e+00 1.631579e+00 1.569378e+00 7.224880e-01 1.483254e-01 2.392344e-02
28358: 1.902148e+00 1.637232e+00 1.568019e+00 7.207637e-01 1.479714e-01 2.386635e-02
28358: 1.902381e+00 1.635714e+00 1.571429e+00 7.190476e-01 1.476190e-01 2.380952e-02
28358: 1.900238e+00 1.641330e+00 1.567696e+00 7.197150e-01 1.472684e-01 2.375297e-02
28358: 1.902844e+00 1.642180e+00 1.566351e+00 7.180095e-01 1.469194e-01 2.369668e-02
28358: 1.900709e+00 1.645390e+00 1.567376e+00 7.163121e-01 1.465721e-01 2.364066e-02
28358: 1.898585e+00 1.646226e+00 1.568396e+00 7.169811e-01 1.462264e-01 2.358491e-02
28358: 1.898824e+00 1.647059e+00 1.569412e+00 7.152941e-01 1.458824e-01 2.352941e-02
28358: 1.896714e+00 1.645540e+00 1.570423e+00 7.183099e-01 1.455399e-01 2.347418e-02
28358: 1.899297e+00 1.646370e+00 1.566745e+00 7.189696e-01 1.451991e-01 2.341920e-02
28358: 1.899533e+00 1.644860e+00 1.567757e+00 7.172897e-01 1.471963e-01 2.336449e-02
28358: 1.897436e+00 1.643357e+00 1.571096e+00 7.179487e-01 1.468531e-01 2.331002e-02
28358: 1.897674e+00 1.644186e+00 1.569767e+00 7.186047e-01 1.465116e-01 2.325581e-02
28358: 1.895592e+00 1.642691e+00 1.573086e+00 7.192575e-01 1.461717e-01 2.320186e-02
28358: 1.895833e+00 1.641204e+00 1.571759e+00 7.222222e-01 1.458333e-01 2.314815e-02
28358: 1.896074e+00 1.642032e+00 1.570439e+00 7.228637e-01 1.454965e-01 2.309469e-02
28358: 1.896313e+00 1.640553e+00 1.571429e+00 7.235023e-01 1.451613e-01 2.304147e-02
28358: 1.896552e+00 1.641379e+00 1.567816e+00 7.264368e-01 1.448276e-01 2.298851e-02
28358: 1.894495e+00 1.639908e+00 1.571101e+00 7.247706e-01 1.467890e-01 2.293578e-02
28358: 1.897025e+00 1.638444e+00 1.567506e+00 7.254005e-01 1.487414e-01 2.288330e-02
28358: 1.894977e+00 1.639269e+00 1.570776e+00 7.237443e-01 1.484018e-01 2.283105e-02
28358: 1.892938e+00 1.637813e+00 1.574032e+00 7.243736e-01 1.480638e-01 2.277904e-02
28358: 1.893182e+00 1.638636e+00 1.572727e+00 7.250000e-01 1.477273e-01 2.272727e-02
28358: 1.891156e+00 1.637188e+00 1.571429e+00 7.278912e-01 1.496599e-01 2.267574e-02
28358: 1.891403e+00 1.640271e+00 1.567873e+00 7.285068e-01 1.493213e-01 2.262443e-02
28358: 1.889391e+00 1.636569e+00 1.571106e+00 7.291196e-01 1.512415e-01 2.257336e-02
28358: 1.889640e+00 1.635135e+00 1.569820e+00 7.319820e-01 1.509009e-01 2.252252e-02
28358: 1.889888e+00 1.633708e+00 1.573034e+00 7.303371e-01 1.505618e-01 2.247191e-02
28358: 1.890135e+00 1.634529e+00 1.571749e+00 7.309417e-01 1.502242e-01 2.242152e-02
28358: 1.890380e+00 1.633110e+00 1.570470e+00 7.315436e-01 1.521253e-01 2.237136e-02
28358: 1.890625e+00 1.636161e+00 1.566964e+00 7.321429e-01 1.517857e-01 2.232143e-02
28358: 1.890869e+00 1.634744e+00 1.570156e+00 7.305122e-01 1.514477e-01 2.227171e-02
28358: 1.888889e+00 1.637778e+00 1.568889e+00 7.311111e-01 1.511111e-01 2.222222e-02
28358: 1.886918e+00 1.638581e+00 1.569845e+00 7.294900e-01 1.529933e-01 2.217295e-02
28358: 1.889381e+00 1.637168e+00 1.570796e+00 7.278761e-01 1.526549e-01 2.212389e-02
28358: 1.887417e+00 1.640177e+00 1.569536e+00 7.284768e-01 1.523179e-01 2.207506e-02
28358: 1.885463e+00 1.640969e+00 1.570485e+00 7.268722e-01 1.541850e-01 2.202643e-02
28358: 1.887912e+00 1.641758e+00 1.567033e+00 7.274725e-01 1.538462e-01 2.197802e-02
28358: 1.885965e+00 1.644737e+00 1.567982e+00 7.258772e-01 1.535088e-01 2.192982e-02
28358: 1.886214e+00 1.645514e+00 1.566740e+00 7.264770e-01 1.531729e-01 2.188184e-02
28358: 1.884279e+00 1.646288e+00 1.567686e+00 7.270742e-01 1.528384e-01 2.183406e-02
28358: 1.882353e+00 1.649237e+00 1.568627e+00 7.254902e-01 1.525054e-01 2.178649e-02
28358: 1.884783e+00 1.645652e+00 1.569565e+00 7.239130e-01 1.543478e-01 2.173913e-02
28358: 1.882863e+00 1.648590e+00 1.568330e+00 7.245119e-01 1.540130e-01 2.169197e-02
28358: 1.880952e+00 1.649351e+00 1.569264e+00 7.251082e-01 1.536797e-01 2.164502e-02
28358: 1.881210e+00 1.650108e+00 1.568035e+00 7.257019e-01 1.533477e-01 2.159827e-02
28358: 1.879310e+00 1.648707e+00 1.571121e+00 7.262931e-01 1.530172e-01 2.155172e-02
28358: 1.877419e+00 1.647312e+00 1.572043e+00 7.268817e-01 1.548387e-01 2.150538e-02
28358: 1.877682e+00 1.645923e+00 1.572961e+00 7.274678e-01 1.545064e-01 2.145923e-02
28358: 1.877944e+00 1.648822e+00 1.569593e+00 7.280514e-01 1.541756e-01 2.141328e-02
28358: 1.876068e+00 1.649573e+00 1.570513e+00 7.264957e-01 1.559829e-01 2.136752e-02
28358: 1.878465e+00 1.648188e+00 1.567164e+00 7.292111e-01 1.556503e-01 2.132196e-02
28358: 1.876596e+00 1.648936e+00 1.565957e+00 7.319149e-01 1.553191e-01 2.127660e-02
28358: 1.874735e+00 1.651805e+00 1.564756e+00 7.324841e-01 1.549894e-01 2.123142e-02
28358: 1.877119e+00 1.650424e+00 1.565678e+00 7.309322e-01 1.546610e-01 2.118644e-02
28358: 1.875264e+00 1.649049e+00 1.566596e+00 7.315011e-01 1.564482e-01 2.114165e-02
28358: 1.875527e+00 1.649789e+00 1.565401e+00 7.299578e-01 1.582278e-01 2.109705e-02
28358: 1.875789e+00 1.648421e+00 1.568421e+00 7.284211e-01 1.578947e-01 2.105263e-02
28358: 1.873950e+00 1.649160e+00 1.567227e+00 7.310924e-01 1.575630e-01 2.100840e-02
28358: 1.874214e+00 1.649895e+00 1.566038e+00 7.295597e-01 1.593291e-01 2.096436e-02
28358: 1.874477e+00 1.646444e+00 1.571130e+00 7.280335e-01 1.589958e-01 2.092050e-02
28358: 1.874739e+00 1.649269e+00 1.567850e+00 7.286013e-01 1.586639e-01 2.087683e-02
28358: 1.872917e+00 1.650000e+00 1.570833e+00 7.270833e-01 1.583333e-01 2.083333e-02
28358: 1.873181e+00 1.650728e+00 1.569647e+00 7.276507e-01 1.580042e-01 2.079002e-02
28358: 1.871369e+00 1.647303e+00 1.574689e+00 7.261411e-01 1.576763e-01 2.282158e-02
28358: 1.871636e+00 1.645963e+00 1.571429e+00 7.308489e-01 1.573499e-01 2.277433e-02
28358: 1.869835e+00 1.646694e+00 1.570248e+00 7.314050e-01 1.570248e-01 2.479339e-02
28358: 1.870103e+00 1.645361e+00 1.571134e+00 7.319588e-01 1.567010e-01 2.474227e-02
28358: 1.868313e+00 1.646091e+00 1.567901e+00 7.366255e-01 1.563786e-01 2.469136e-02
28358: 1.870637e+00 1.642710e+00 1.570842e+00 7.351129e-01 1.560575e-01 2.464066e-02
28358: 1.868852e+00 1.643443e+00 1.567623e+00 7.377049e-01 1.577869e-01 2.459016e-02
28358: 1.869121e+00 1.642127e+00 1.568507e+00 7.382413e-01 1.574642e-01 2.453988e-02
28358: 1.867347e+00 1.642857e+00 1.569388e+00 7.387755e-01 1.571429e-01 2.448980e-02
28358: 1.867617e+00 1.643585e+00 1.568228e+00 7.372709e-01 1.588595e-01 2.443992e-02
28358: 1.869919e+00 1.642276e+00 1.569106e+00 7.357724e-01 1.585366e-01 2.439024e-02
28358: 1.868154e+00 1.645030e+00 1.567951e+00 7.342799e-01 1.602434e-01 2.434077e-02
28358: 1.868421e+00 1.647773e+00 1.566802e+00 7.327935e-01 1.599190e-01 2.429150e-02
28358: 1.868687e+00 1.648485e+00 1.567677e+00 7.313131e-01 1.595960e-01 2.424242e-02
28358: 1.866935e+00 1.649194e+00 1.568548e+00 7.318548e-01 1.592742e-01 2.419355e-02
28358: 1.867203e+00 1.649899e+00 1.569416e+00 7.303823e-01 1.589537e-01 2.414487e-02
28358: 1.867470e+00 1.648594e+00 1.570281e+00 7.309237e-01 1.586345e-01 2.409639e-02
28358: 1.865731e+00 1.651303e+00 1.567134e+00 7.334669e-01 1.583166e-01 2.404810e-02
28358: 1.866000e+00 1.652000e+00 1.566000e+00 7.340000e-01 1.580000e-01 2.400000e-02
28358: 1.866267e+00 1.650699e+00 1.566866e+00 7.325349e-01 1.596806e-01 2.395210e-02
28358: 1.864542e+00 1.651394e+00 1.565737e+00 7.330677e-01 1.593625e-01 2.589641e-02
28358: 1.864811e+00 1.650099e+00 1.566600e+00 7.335984e-01 1.590457e-01 2.584493e-02
28358: 1.863095e+00 1.650794e+00 1.567460e+00 7.341270e-01 1.587302e-01 2.579365e-02
28358: 1.863366e+00 1.649505e+00 1.568317e+00 7.346535e-01 1.584158e-01 2.574257e-02
28358: 1.861660e+00 1.654150e+00 1.567194e+00 7.332016e-01 1.581028e-01 2.569170e-02
28358: 1.863905e+00 1.652860e+00 1.566075e+00 7.337278e-01 1.577909e-01 2.564103e-02
28358: 1.862205e+00 1.653543e+00 1.566929e+00 7.322835e-01 1.594488e-01 2.559055e-02
28358: 1.862475e+00 1.652259e+00 1.565815e+00 7.328094e-01 1.611002e-01 2.554028e-02
28358: 1.862745e+00 1.650980e+00 1.568627e+00 7.313725e-01 1.607843e-01 2.549020e-02
28358: 1.863014e+00 1.649706e+00 1.571429e+00 7.299413e-01 1.604697e-01 2.544031e-02
28358: 1.861328e+00 1.648438e+00 1.574219e+00 7.304688e-01 1.601562e-01 2.539062e-02
28358: 1.861598e+00 1.651072e+00 1.571150e+00 7.309942e-01 1.598441e-01 2.534113e-02
28358: 1.859922e+00 1.649805e+00 1.571984e+00 7.334630e-01 1.595331e-01 2.529183e-02
28358: 1.860194e+00 1.648544e+00 1.572816e+00 7.339806e-01 1.592233e-01 2.524272e-02
28358: 1.860465e+00 1.649225e+00 1.571705e+00 7.344961e-01 1.589147e-01 2.519380e-02
28358: 1.858801e+00 1.647969e+00 1.572534e+00 7.369439e-01 1.586074e-01 2.514507e-02
28358: 1.861004e+00 1.646718e+00 1.571429e+00 7.374517e-01 1.583012e-01 2.509653e-02
28358: 1.861272e+00 1.649326e+00 1.568401e+00 7.379576e-01 1.579961e-01 2.504817e-02
28358: 1.859615e+00 1.646154e+00 1.573077e+00 7.384615e-01 1.576923e-01 2.500000e-02
28358: 1.861804e+00 1.644914e+00 1.570058e+00 7.408829e-01 1.573896e-01 2.495202e-02
28358: 1.860153e+00 1.647510e+00 1.568966e+00 7.413793e-01 1.570881e-01 2.490421e-02
28358: 1.860421e+00 1.646272e+00 1.571702e+00 7.399618e-01 1.567878e-01 2.485660e-02
28358: 1.860687e+00 1.646947e+00 1.568702e+00 7.423664e-01 1.564885e-01 2.480916e-02
28358: 1.859048e+00 1.647619e+00 1.571429e+00 7.409524e-01 1.561905e-01 2.476190e-02
28358: 1.861217e+00 1.648289e+00 1.568441e+00 7.414449e-01 1.558935e-01 2.471483e-02
28358: 1.859583e+00 1.648956e+00 1.571157e+00 7.400380e-01 1.555977e-01 2.466793e-02
28358: 1.859848e+00 1.649621e+00 1.568182e+00 7.424242e-01 1.553030e-01 2.462121e-02
28358: 1.858223e+00 1.652174e+00 1.568998e+00 7.410208e-01 1.550095e-01 2.457467e-02
28358: 1.860377e+00 1.650943e+00 1.569811e+00 7.396226e-01 1.547170e-01 2.452830e-02
28358: 1.858757e+00 1.651601e+00 1.572505e+00 7.382298e-01 1.544256e-01 2.448211e-02
28358: 1.857143e+00 1.654135e+00 1.569549e+00 7.387218e-01 1.560150e-01 2.443609e-02
28358: 1.857411e+00 1.654784e+00 1.568480e+00 7.392120e-01 1.557223e-01 2.439024e-02
28358: 1.855805e+00 1.655431e+00 1.571161e+00 7.378277e-01 1.554307e-01 2.434457e-02
28358: 1.854206e+00 1.656075e+00 1.570093e+00 7.383178e-01 1.570093e-01 2.429907e-02
28358: 1.856343e+00 1.654851e+00 1.569030e+00 7.388060e-01 1.567164e-01 2.425373e-02
28358: 1.854749e+00 1.657356e+00 1.567970e+00 7.374302e-01 1.582868e-01 2.420857e-02
28358: 1.855019e+00 1.654275e+00 1.570632e+00 7.379182e-01 1.579926e-01 2.416357e-02
28358: 1.855288e+00 1.653061e+00 1.569573e+00 7.384045e-01 1.595547e-01 2.411874e-02
28358: 1.855556e+00 1.653704e+00 1.570370e+00 7.370370e-01 1.592593e-01 2.407407e-02
28358: 1.855823e+00 1.652495e+00 1.569316e+00 7.393715e-01 1.589649e-01 2.402957e-02
28358: 1.856089e+00 1.654982e+00 1.568266e+00 7.380074e-01 1.586716e-01 2.398524e-02
28358: 1.854512e+00 1.653775e+00 1.570902e+00 7.384899e-01 1.583794e-01 2.394107e-02
28358: 1.856618e+00 1.652574e+00 1.569853e+00 7.389706e-01 1.580882e-01 2.389706e-02
28358: 1.856881e+00 1.651376e+00 1.572477e+00 7.376147e-01 1.577982e-01 2.385321e-02
28358: 1.857143e+00 1.653846e+00 1.569597e+00 7.380952e-01 1.575092e-01 2.380952e-02
28358: 1.855576e+00 1.652651e+00 1.574040e+00 7.367459e-01 1.572212e-01 2.376600e-02
28358: 1.854015e+00 1.651460e+00 1.576642e+00 7.372263e-01 1.569343e-01 2.372263e-02
28358: 1.856102e+00 1.650273e+00 1.575592e+00 7.377049e-01 1.566485e-01 2.367942e-02
28358: 1.856364e+00 1.650909e+00 1.574545e+00 7.381818e-01 1.563636e-01 2.363636e-02
28358: 1.856624e+00 1.649728e+00 1.575318e+00 7.386570e-01 1.560799e-01 2.359347e-02
28358: 1.855072e+00 1.650362e+00 1.572464e+00 7.391304e-01 1.594203e-01 2.355072e-02
28358: 1.853526e+00 1.650995e+00 1.573237e+00 7.396022e-01 1.591320e-01 2.350814e-02
28358: 1.853791e+00 1.649819e+00 1.572202e+00 7.400722e-01 1.606498e-01 2.346570e-02
28358: 1.852252e+00 1.652252e+00 1.569369e+00 7.423423e-01 1.603604e-01 2.342342e-02
28358: 1.850719e+00 1.652878e+00 1.571942e+00 7.410072e-01 1.600719e-01 2.338129e-02
28358: 1.852783e+00 1.653501e+00 1.569120e+00 7.414722e-01 1.597846e-01 2.333932e-02
28358: 1.853047e+00 1.652330e+00 1.569892e+00 7.401434e-01 1.612903e-01 2.329749e-02
28358: 1.853309e+00 1.652952e+00 1.570662e+00 7.388193e-01 1.610018e-01 2.325581e-02
28358: 1.851786e+00 1.653571e+00 1.567857e+00 7.428571e-01 1.607143e-01 2.321429e-02
28358: 1.850267e+00 1.654189e+00 1.570410e+00 7.415330e-01 1.604278e-01 2.317291e-02
28358: 1.848754e+00 1.653025e+00 1.571174e+00 7.437722e-01 1.601423e-01 2.313167e-02
28358: 1.849023e+00 1.653641e+00 1.568384e+00 7.460036e-01 1.598579e-01 2.309059e-02
28358: 1.847518e+00 1.654255e+00 1.570922e+00 7.446809e-01 1.595745e-01 2.304965e-02
28358: 1.847788e+00 1.653097e+00 1.571681e+00 7.451327e-01 1.592920e-01 2.300885e-02
28358: 1.846290e+00 1.653710e+00 1.570671e+00 7.455830e-01 1.590106e-01 2.473498e-02
28358: 1.846561e+00 1.656085e+00 1.567901e+00 7.460317e-01 1.587302e-01 2.469136e-02
28358: 1.846831e+00 1.656690e+00 1.568662e+00 7.447183e-01 1.584507e-01 2.464789e-02
28358: 1.847100e+00 1.655536e+00 1.569420e+00 7.451670e-01 1.581722e-01 2.460457e-02
28358: 1.845614e+00 1.656140e+00 1.568421e+00 7.456140e-01 1.596491e-01 2.456140e-02
28358: 1.845884e+00 1.654991e+00 1.567426e+00 7.460595e-01 1.611208e-01 2.451839e-02
28358: 1.844406e+00 1.657343e+00 1.566434e+00 7.447552e-01 1.608392e-01 2.622378e-02
28358: 1.844677e+00 1.659686e+00 1.565445e+00 7.434555e-01 1.605585e-01 2.617801e-02
28358: 1.843206e+00 1.660279e+00 1.566202e+00 7.421603e-01 1.620209e-01 2.613240e-02
28358: 1.841739e+00 1.662609e+00 1.566957e+00 7.408696e-01 1.617391e-01 2.608696e-02
28358: 1.842014e+00 1.661458e+00 1.567708e+00 7.413194e-01 1.614583e-01 2.604167e-02
28358: 1.842288e+00 1.662045e+00 1.566724e+00 7.417678e-01 1.611785e-01 2.599653e-02
28358: 1.840830e+00 1.660900e+00 1.567474e+00 7.422145e-01 1.608997e-01 2.768166e-02
28358: 1.841105e+00 1.661485e+00 1.568221e+00 7.409326e-01 1.606218e-01 2.763385e-02
28358: 1.841379e+00 1.660345e+00 1.567241e+00 7.431034e-01 1.603448e-01 2.758621e-02
28358: 1.839931e+00 1.660929e+00 1.569707e+00 7.418244e-01 1.600688e-01 2.753873e-02
28358: 1.840206e+00 1.659794e+00 1.570447e+00 7.405498e-01 1.615120e-01 2.749141e-02
28358: 1.838765e+00 1.662093e+00 1.569468e+00 7.409949e-01 1.612350e-01 2.744425e-02
28358: 1.839041e+00 1.662671e+00 1.570205e+00 7.397260e-01 1.609589e-01 2.739726e-02
28358: 1.839316e+00 1.661538e+00 1.567521e+00 7.418803e-01 1.623932e-01 2.735043e-02
28358: 1.837884e+00 1.662116e+00 1.568259e+00 7.423208e-01 1.621160e-01 2.730375e-02
28358: 1.838160e+00 1.662692e+00 1.568995e+00 7.410562e-01 1.618399e-01 2.725724e-02
28358: 1.836735e+00 1.661565e+00 1.569728e+00 7.431973e-01 1.615646e-01 2.721088e-02
28358: 1.840407e+00 1.660441e+00 1.568761e+00 7.419355e-01 1.612903e-01 2.716469e-02
28358: 1.838983e+00 1.662712e+00 1.567797e+00 7.423729e-01 1.610169e-01 2.711864e-02
28358: 1.839255e+00 1.661591e+00 1.570220e+00 7.411168e-01 1.607445e-01 2.707276e-02
28358: 1.839527e+00 1.663851e+00 1.567568e+00 7.415541e-01 1.604730e-01 2.702703e-02
28358: 1.839798e+00 1.662732e+00 1.569983e+00 7.403035e-01 1.602024e-01 2.698145e-02
28358: 1.838384e+00 1.664983e+00 1.569024e+00 7.407407e-01 1.599327e-01 2.693603e-02
28358: 1.838655e+00 1.663866e+00 1.571429e+00 7.394958e-01 1.596639e-01 2.689076e-02
28358: 1.838926e+00 1.666107e+00 1.568792e+00 7.399329e-01 1.593960e-01 2.684564e-02
28358: 1.837521e+00 1.664992e+00 1.571189e+00 7.403685e-01 1.591290e-01 2.680067e-02
28358: 1.837793e+00 1.663880e+00 1.571906e+00 7.408027e-01 1.588629e-01 2.675585e-02
28358: 1.836394e+00 1.667780e+00 1.569282e+00 7.412354e-01 1.585977e-01 2.671119e-02
28358: 1.838333e+00 1.668333e+00 1.568333e+00 7.400000e-01 1.583333e-01 2.666667e-02
28358: 1.840266e+00 1.665557e+00 1.570715e+00 7.387687e-01 1.580699e-01 2.662230e-02
28358: 1.838870e+00 1.667774e+00 1.568106e+00 7.408638e-01 1.578073e-01 2.657807e-02
28358: 1.842454e+00 1.666667e+00 1.567164e+00 7.396352e-01 1.575456e-01 2.653400e-02
28358: 1.841060e+00 1.668874e+00 1.566225e+00 7.400662e-01 1.572848e-01 2.649007e-02
28358: 1.841322e+00 1.669421e+00 1.565289e+00 7.388430e-01 1.586777e-01 2.644628e-02
28358: 1.839934e+00 1.668317e+00 1.569307e+00 7.376238e-01 1.584158e-01 2.640264e-02
28358: 1.840198e+00 1.667216e+00 1.570016e+00 7.380560e-01 1.581549e-01 2.635914e-02
28358: 1.838816e+00 1.666118e+00 1.570724e+00 7.384868e-01 1.595395e-01 2.631579e-02
28358: 1.840722e+00 1.665025e+00 1.568144e+00 7.405583e-01 1.592775e-01 2.627258e-02
28358: 1.839344e+00 1.665574e+00 1.568852e+00 7.393443e-01 1.590164e-01 2.786885e-02
28358: 1.837971e+00 1.667758e+00 1.569558e+00 7.381342e-01 1.587561e-01 2.782324e-02
28358: 1.839869e+00 1.668301e+00 1.568627e+00 7.369281e-01 1.584967e-01 2.777778e-02
28358: 1.838499e+00 1.667210e+00 1.572594e+00 7.357259e-01 1.582382e-01 2.773246e-02
28358: 1.837134e+00 1.669381e+00 1.571661e+00 7.361564e-01 1.579805e-01 2.768730e-02
28358: 1.839024e+00 1.668293e+00 1.570732e+00 7.365854e-01 1.577236e-01 2.764228e-02
28358: 1.837662e+00 1.670455e+00 1.569805e+00 7.370130e-01 1.574675e-01 2.759740e-02
28358: 1.836305e+00 1.669368e+00 1.570502e+00 7.374392e-01 1.588331e-01 2.755267e-02
28358: 1.838188e+00 1.668285e+00 1.569579e+00 7.378641e-01 1.585761e-01 2.750809e-02
28358: 1.836834e+00 1.672052e+00 1.568659e+00 7.366721e-01 1.583199e-01 2.746365e-02
28358: 1.837097e+00 1.670968e+00 1.569355e+00 7.354839e-01 1.596774e-01 2.741935e-02
28358: 1.835749e+00 1.669887e+00 1.573269e+00 7.342995e-01 1.594203e-01 2.737520e-02
28358: 1.837621e+00 1.668810e+00 1.570740e+00 7.363344e-01 1.591640e-01 2.733119e-02
28358: 1.836276e+00 1.669342e+00 1.571429e+00 7.367576e-01 1.589085e-01 2.728732e-02
28358: 1.834936e+00 1.671474e+00 1.570513e+00 7.371795e-01 1.586538e-01 2.724359e-02
28358: 1.833600e+00 1.672000e+00 1.569600e+00 7.392000e-01 1.584000e-01 2.720000e-02
28358: 1.835463e+00 1.670927e+00 1.570288e+00 7.380192e-01 1.581470e-01 2.715655e-02
28358: 1.834131e+00 1.671451e+00 1.570973e+00 7.384370e-01 1.578947e-01 2.711324e-02
28358: 1.835987e+00 1.670382e+00 1.570064e+00 7.388535e-01 1.576433e-01 2.707006e-02
28358: 1.834658e+00 1.670906e+00 1.570747e+00 7.392687e-01 1.573927e-01 2.702703e-02
28358: 1.834921e+00 1.668254e+00 1.571429e+00 7.412698e-01 1.571429e-01 2.698413e-02
28358: 1.833597e+00 1.670365e+00 1.570523e+00 7.416799e-01 1.568938e-01 2.694136e-02
28358: 1.835443e+00 1.669304e+00 1.569620e+00 7.420886e-01 1.566456e-01 2.689873e-02
28358: 1.835703e+00 1.671406e+00 1.568720e+00 7.409163e-01 1.563981e-01 2.685624e-02
28358: 1.834385e+00 1.670347e+00 1.570978e+00 7.397476e-01 1.561514e-01 2.839117e-02
28358: 1.834646e+00 1.669291e+00 1.571654e+00 7.401575e-01 1.559055e-01 2.834646e-02
28358: 1.833333e+00 1.671384e+00 1.570755e+00 7.405660e-01 1.556604e-01 2.830189e-02
28358: 1.832025e+00 1.671900e+00 1.571429e+00 7.409733e-01 1.554160e-01 2.825746e-02
28358: 1.830721e+00 1.673981e+00 1.570533e+00 7.413793e-01 1.551724e-01 2.821317e-02
28358: 1.832551e+00 1.674491e+00 1.568075e+00 7.417840e-01 1.549296e-01 2.816901e-02
28358: 1.832812e+00 1.673437e+00 1.570312e+00 7.406250e-01 1.546875e-01 2.812500e-02
28358: 1.833073e+00 1.675507e+00 1.567863e+00 7.410296e-01 1.544462e-01 2.808112e-02
28358: 1.831776e+00 1.676012e+00 1.568536e+00 7.414330e-01 1.542056e-01 2.803738e-02
28358: 1.832037e+00 1.676516e+00 1.569207e+00 7.402799e-01 1.539658e-01 2.799378e-02
28358: 1.832298e+00 1.675466e+00 1.569876e+00 7.406832e-01 1.537267e-01 2.795031e-02
28358: 1.832558e+00 1.677519e+00 1.568992e+00 7.395349e-01 1.534884e-01 2.790698e-02
28358: 1.832817e+00 1.678019e+00 1.569659e+00 7.383901e-01 1.532508e-01 2.786378e-02
28358: 1.833076e+00 1.676971e+00 1.570325e+00 7.387944e-01 1.530139e-01 2.782071e-02
28358: 1.831790e+00 1.677469e+00 1.569444e+00 7.391975e-01 1.543210e-01 2.777778e-02
28358: 1.832049e+00 1.676425e+00 1.571649e+00 7.380586e-01 1.540832e-01 2.773498e-02
28358: 1.830769e+00 1.676923e+00 1.572308e+00 7.384615e-01 1.538462e-01 2.769231e-02
28358: 1.831029e+00 1.677419e+00 1.571429e+00 7.388633e-01 1.536098e-01 2.764977e-02
28358: 1.829755e+00 1.676380e+00 1.572086e+00 7.392638e-01 1.549080e-01 2.760736e-02
28358: 1.830015e+00 1.676876e+00 1.569678e+00 7.396631e-01 1.562021e-01 2.756508e-02
28358: 1.830275e+00 1.675841e+00 1.571865e+00 7.385321e-01 1.559633e-01 2.752294e-02
28358: 1.830534e+00 1.676336e+00 1.569466e+00 7.389313e-01 1.557252e-01 2.900763e-02
28358: 1.829268e+00 1.676829e+00 1.571646e+00 7.378049e-01 1.554878e-01 2.896341e-02
28358: 1.832572e+00 1.675799e+00 1.569254e+00 7.382040e-01 1.552511e-01 2.891933e-02
28358: 1.831307e+00 1.676292e+00 1.569909e+00 7.370821e-01 1.565350e-01 2.887538e-02
28358: 1.830046e+00 1.676783e+00 1.572079e+00 7.359636e-01 1.562974e-01 2.883156e-02
28358: 1.831818e+00 1.674242e+00 1.572727e+00 7.363636e-01 1.560606e-01 2.878788e-02
28358: 1.830560e+00 1.676248e+00 1.571861e+00 7.367625e-01 1.558245e-01 2.874433e-02
28358: 1.829305e+00 1.675227e+00 1.574018e+00 7.371601e-01 1.555891e-01 2.870091e-02
28358: 1.829563e+00 1.672700e+00 1.574661e+00 7.375566e-01 1.568627e-01 2.865762e-02
28358: 1.828313e+00 1.673193e+00 1.575301e+00 7.379518e-01 1.566265e-01 2.861446e-02
28358: 1.827068e+00 1.673684e+00 1.574436e+00 7.383459e-01 1.578947e-01 2.857143e-02
28358: 1.828829e+00 1.674174e+00 1.572072e+00 7.387387e-01 1.576577e-01 2.852853e-02
28358: 1.829085e+00 1.674663e+00 1.571214e+00 7.391304e-01 1.574213e-01 2.848576e-02
28358: 1.827844e+00 1.675150e+00 1.570359e+00 7.395210e-01 1.586826e-01 2.844311e-02
28358: 1.826607e+00 1.674141e+00 1.571001e+00 7.414051e-01 1.584454e-01 2.840060e-02
28358: 1.826866e+00 1.674627e+00 1.570149e+00 7.417910e-01 1.582090e-01 2.835821e-02
28358: 1.825633e+00 1.675112e+00 1.570790e+00 7.421759e-01 1.579732e-01 2.831595e-02
28358: 1.824405e+00 1.678571e+00 1.568452e+00 7.425595e-01 1.577381e-01 2.827381e-02
28358: 1.824666e+00 1.677563e+00 1.569094e+00 7.414562e-01 1.589896e-01 2.823180e-02
28358: 1.823442e+00 1.679525e+00 1.569733e+00 7.403561e-01 1.587537e-01 2.818991e-02
28358: 1.823704e+00 1.681481e+00 1.568889e+00 7.392593e-01 1.585185e-01 2.814815e-02
28358: 1.822485e+00 1.681953e+00 1.571006e+00 7.381657e-01 1.582840e-01 2.810651e-02
28358: 1.822747e+00 1.680945e+00 1.571640e+00 7.385524e-01 1.580502e-01 2.806499e-02
28358: 1.823009e+00 1.681416e+00 1.569322e+00 7.389381e-01 1.592920e-01 2.802360e-02
28358: 1.823270e+00 1.680412e+00 1.569956e+00 7.393225e-01 1.590574e-01 2.798233e-02
28358: 1.822059e+00 1.680882e+00 1.572059e+00 7.382353e-01 1.588235e-01 2.794118e-02
28358: 1.823789e+00 1.681351e+00 1.569750e+00 7.386197e-01 1.585903e-01 2.790015e-02
28358: 1.822581e+00 1.678886e+00 1.574780e+00 7.375367e-01 1.583578e-01 2.785924e-02
28358: 1.822840e+00 1.677892e+00 1.573939e+00 7.393851e-01 1.581259e-01 2.781845e-02
28358: 1.821637e+00 1.678363e+00 1.571637e+00 7.426901e-01 1.578947e-01 2.777778e-02
28358: 1.821898e+00 1.677372e+00 1.572263e+00 7.430657e-01 1.576642e-01 2.773723e-02
28358: 1.820700e+00 1.677843e+00 1.572886e+00 7.434402e-01 1.574344e-01 2.769679e-02
28358: 1.819505e+00 1.678311e+00 1.572052e+00 7.452693e-01 1.572052e-01 2.765648e-02
28358: 1.819767e+00 1.677326e+00 1.571221e+00 7.470930e-01 1.569767e-01 2.761628e-02
28358: 1.818578e+00 1.677794e+00 1.571843e+00 7.474601e-01 1.567489e-01 2.757620e-02
28358: 1.818841e+00 1.675362e+00 1.572464e+00 7.478261e-01 1.579710e-01 2.753623e-02
28358: 1.817656e+00 1.678726e+00 1.570188e+00 7.481910e-01 1.577424e-01 2.749638e-02
28358: 1.819364e+00 1.676301e+00 1.569364e+00 7.500000e-01 1.575145e-01 2.745665e-02
28358: 1.818182e+00 1.678211e+00 1.568543e+00 7.503608e-01 1.572872e-01 2.741703e-02
28358: 1.819885e+00 1.677233e+00 1.569164e+00 7.492795e-01 1.570605e-01 2.737752e-02
28358: 1.821583e+00 1.677698e+00 1.568345e+00 7.482014e-01 1.568345e-01 2.733813e-02
28358: 1.821839e+00 1.676724e+00 1.570402e+00 7.471264e-01 1.566092e-01 2.729885e-02
28358: 1.822095e+00 1.677188e+00 1.569584e+00 7.474892e-01 1.563845e-01 2.725968e-02
28358: 1.820917e+00 1.676218e+00 1.573066e+00 7.464183e-01 1.561605e-01 2.722063e-02
28358: 1.822604e+00 1.675250e+00 1.570815e+00 7.482117e-01 1.559371e-01 2.718169e-02
28358: 1.822857e+00 1.675714e+00 1.568571e+00 7.500000e-01 1.557143e-01 2.714286e-02
28358: 1.824536e+00 1.674750e+00 1.569187e+00 7.489301e-01 1.554922e-01 2.710414e-02
28358: 1.823362e+00 1.675214e+00 1.569801e+00 7.492877e-01 1.552707e-01 2.706553e-02
28358: 1.822191e+00 1.675676e+00 1.570413e+00 7.482219e-01 1.564723e-01 2.702703e-02
28358: 1.822443e+00 1.674716e+00 1.569602e+00 7.485795e-01 1.576705e-01 2.698864e-02
28358: 1.822695e+00 1.673759e+00 1.570213e+00 7.475177e-01 1.588652e-01 2.695035e-02
28358: 1.822946e+00 1.675637e+00 1.567989e+00 7.478754e-01 1.586402e-01 2.691218e-02
28358: 1.824611e+00 1.674682e+00 1.568600e+00 7.468175e-01 1.584158e-01 2.687412e-02
28358: 1.824859e+00 1.675141e+00 1.569209e+00 7.457627e-01 1.581921e-01 2.683616e-02
28358: 1.825106e+00 1.674189e+00 1.568406e+00 7.475317e-01 1.579690e-01 2.679831e-02
28358: 1.825352e+00 1.674648e+00 1.567606e+00 7.478873e-01 1.577465e-01 2.676056e-02
28358: 1.825598e+00 1.673699e+00 1.569620e+00 7.468354e-01 1.575246e-01 2.672293e-02
28358: 1.825843e+00 1.672753e+00 1.570225e+00 7.471910e-01 1.573034e-01 2.668539e-02
28358: 1.824684e+00 1.673212e+00 1.569425e+00 7.489481e-01 1.570827e-01 2.664797e-02
28358: 1.826331e+00 1.672269e+00 1.570028e+00 7.478992e-01 1.568627e-01 2.661064e-02
28358: 1.826573e+00 1.672727e+00 1.567832e+00 7.482517e-01 1.580420e-01 2.657343e-02
28358: 1.826816e+00 1.670391e+00 1.569832e+00 7.472067e-01 1.592179e-01 2.653631e-02
28358: 1.828452e+00 1.670851e+00 1.569038e+00 7.461646e-01 1.589958e-01 2.649930e-02
28358: 1.827298e+00 1.671309e+00 1.569638e+00 7.451253e-01 1.587744e-01 2.785515e-02
28358: 1.827538e+00 1.671766e+00 1.568846e+00 7.440890e-01 1.599444e-01 2.781641e-02
28358: 1.826389e+00 1.670833e+00 1.569444e+00 7.444444e-01 1.611111e-01 2.777778e-02
28358: 1.826630e+00 1.671290e+00 1.568655e+00 7.434119e-01 1.622746e-01 2.773925e-02
28358: 1.826870e+00 1.670360e+00 1.570637e+00 7.423823e-01 1.620499e-01 2.770083e-02
28358: 1.825726e+00 1.670816e+00 1.569848e+00 7.427386e-01 1.632089e-01 2.766252e-02
28358: 1.824586e+00 1.672652e+00 1.569061e+00 7.417127e-01 1.629834e-01 2.900552e-02
28358: 1.823448e+00 1.674483e+00 1.568276e+00 7.406897e-01 1.641379e-01 2.896552e-02
28358: 1.826446e+00 1.673554e+00 1.567493e+00 7.396694e-01 1.639118e-01 2.892562e-02
28358: 1.825309e+00 1.675378e+00 1.566713e+00 7.400275e-01 1.636864e-01 2.888583e-02
28358: 1.826923e+00 1.674451e+00 1.567308e+00 7.390110e-01 1.634615e-01 2.884615e-02
28358: 1.825789e+00 1.674897e+00 1.567901e+00 7.379973e-01 1.646091e-01 2.880658e-02
28358: 1.824658e+00 1.673973e+00 1.568493e+00 7.383562e-01 1.657534e-01 2.876712e-02
28358: 1.824897e+00 1.675787e+00 1.567715e+00 7.373461e-01 1.655267e-01 2.872777e-02
28358: 1.825137e+00 1.674863e+00 1.568306e+00 7.377049e-01 1.653005e-01 2.868852e-02
28358: 1.825375e+00 1.675307e+00 1.567531e+00 7.380628e-01 1.650750e-01 2.864939e-02
28358: 1.826975e+00 1.674387e+00 1.568120e+00 7.370572e-01 1.648501e-01 2.861035e-02
28358: 1.827211e+00 1.676190e+00 1.567347e+00 7.360544e-01 1.646259e-01 2.857143e-02
28358: 1.826087e+00 1.676630e+00 1.569293e+00 7.350543e-01 1.644022e-01 2.853261e-02
28358: 1.826323e+00 1.678426e+00 1.568521e+00 7.340570e-01 1.641791e-01 2.849389e-02
28358: 1.826558e+00 1.677507e+00 1.569106e+00 7.344173e-01 1.639566e-01 2.845528e-02
28358: 1.825440e+00 1.679296e+00 1.569689e+00 7.334235e-01 1.637348e-01 2.841678e-02
28358: 1.825676e+00 1.679730e+00 1.568919e+00 7.324324e-01 1.648649e-01 2.837838e-02
28358: 1.825911e+00 1.678812e+00 1.570850e+00 7.314440e-01 1.646424e-01 2.834008e-02
28358: 1.824798e+00 1.677898e+00 1.571429e+00 7.318059e-01 1.657682e-01 2.830189e-02
28358: 1.825034e+00 1.676985e+00 1.572005e+00 7.321669e-01 1.655451e-01 2.826380e-02
28358: 1.826613e+00 1.677419e+00 1.569892e+00 7.325269e-01 1.653226e-01 2.822581e-02
28358: 1.825503e+00 1.676510e+00 1.571812e+00 7.328859e-01 1.651007e-01 2.818792e-02
28358: 1.825737e+00 1.676944e+00 1.571046e+00 7.332440e-01 1.648794e-01 2.815013e-02
28358: 1.825971e+00 1.677376e+00 1.570281e+00 7.336011e-01 1.646586e-01 2.811245e-02
28358: 1.824866e+00 1.676471e+00 1.572193e+00 7.339572e-01 1.644385e-01 2.807487e-02
28358: 1.825100e+00 1.675567e+00 1.572764e+00 7.343124e-01 1.642190e-01 2.803738e-02
28358: 1.824000e+00 1.676000e+00 1.573333e+00 7.346667e-01 1.640000e-01 2.800000e-02
28358: 1.822903e+00 1.676431e+00 1.573901e+00 7.350200e-01 1.637816e-01 2.796272e-02
28358: 1.821809e+00 1.676862e+00 1.573138e+00 7.367021e-01 1.635638e-01 2.792553e-02
28358: 1.822045e+00 1.677291e+00 1.572377e+00 7.370518e-01 1.633466e-01 2.788845e-02
28358: 1.822281e+00 1.677719e+00 1.571618e+00 7.374005e-01 1.631300e-01 2.785146e-02
28358: 1.821192e+00 1.676821e+00 1.572185e+00 7.390728e-01 1.629139e-01 2.781457e-02
28358: 1.820106e+00 1.677249e+00 1.571429e+00 7.407407e-01 1.626984e-01 2.777778e-02
28358: 1.821664e+00 1.676354e+00 1.570674e+00 7.410832e-01 1.624835e-01 2.774108e-02
28358: 1.821900e+00 1.676781e+00 1.568602e+00 7.427441e-01 1.622691e-01 2.770449e-02
28358: 1.822134e+00 1.675889e+00 1.569170e+00 7.430830e-01 1.620553e-01 2.766798e-02
28358: 1.821053e+00 1.677632e+00 1.568421e+00 7.421053e-01 1.631579e-01 2.763158e-02
28358: 1.821288e+00 1.678055e+00 1.568988e+00 7.411301e-01 1.629435e-01 2.759527e-02
28358: 1.820210e+00 1.678478e+00 1.568241e+00 7.427822e-01 1.627297e-01 2.755906e-02
28358: 1.819135e+00 1.677588e+00 1.568807e+00 7.418087e-01 1.651376e-01 2.752294e-02
28358: 1.819372e+00 1.676702e+00 1.568063e+00 7.434555e-01 1.649215e-01 2.748691e-02
28358: 1.818301e+00 1.678431e+00 1.568627e+00 7.424837e-01 1.647059e-01 2.745098e-02
28358: 1.819843e+00 1.677546e+00 1.569191e+00 7.415144e-01 1.644909e-01 2.741514e-02
28358: 1.818774e+00 1.679270e+00 1.569752e+00 7.405476e-01 1.642764e-01 2.737940e-02
28358: 1.817708e+00 1.680990e+00 1.569010e+00 7.408854e-01 1.640625e-01 2.734375e-02
28358: 1.817945e+00 1.681404e+00 1.569571e+00 7.399220e-01 1.638492e-01 2.730819e-02
28358: 1.818182e+00 1.681818e+00 1.568831e+00 7.402597e-01 1.636364e-01 2.727273e-02
28358: 1.817121e+00 1.680934e+00 1.570687e+00 7.392996e-01 1.647211e-01 2.723735e-02
28358: 1.816062e+00 1.682642e+00 1.568653e+00 7.409326e-01 1.645078e-01 2.720207e-02
28358: 1.816300e+00 1.680466e+00 1.570505e+00 7.399741e-01 1.655886e-01 2.716688e-02
28358: 1.815245e+00 1.683463e+00 1.568475e+00 7.403101e-01 1.653747e-01 2.713178e-02
28358: 1.815484e+00 1.682581e+00 1.569032e+00 7.406452e-01 1.651613e-01 2.709677e-02
28358: 1.814433e+00 1.685567e+00 1.568299e+00 7.396907e-01 1.649485e-01 2.706186e-02
28358: 1.815959e+00 1.684685e+00 1.568855e+00 7.387387e-01 1.647362e-01 2.702703e-02
28358: 1.816195e+00 1.683805e+00 1.570694e+00 7.377892e-01 1.645244e-01 2.699229e-02
28358: 1.815148e+00 1.682927e+00 1.572529e+00 7.381258e-01 1.643132e-01 2.695764e-02
28358: 1.814103e+00 1.682051e+00 1.573077e+00 7.397436e-01 1.641026e-01 2.692308e-02
28358: 1.815621e+00 1.679898e+00 1.573624e+00 7.400768e-01 1.638924e-01 2.688860e-02
28358: 1.814578e+00 1.680307e+00 1.571611e+00 7.416880e-01 1.649616e-01 2.685422e-02
28358: 1.814815e+00 1.679438e+00 1.572158e+00 7.420179e-01 1.647510e-01 2.681992e-02
28358: 1.813776e+00 1.681122e+00 1.571429e+00 7.423469e-01 1.645408e-01 2.678571e-02
28358: 1.814013e+00 1.681529e+00 1.569427e+00 7.426752e-01 1.656051e-01 2.675159e-02
28358: 1.814249e+00 1.680662e+00 1.571247e+00 7.417303e-01 1.653944e-01 2.671756e-02
28358: 1.814485e+00 1.681067e+00 1.570521e+00 7.420584e-01 1.651842e-01 2.668361e-02
28358: 1.813452e+00 1.680203e+00 1.572335e+00 7.423858e-01 1.649746e-01 2.664975e-02
28358: 1.813688e+00 1.679341e+00 1.572877e+00 7.427123e-01 1.647655e-01 2.661597e-02
28358: 1.812658e+00 1.679747e+00 1.573418e+00 7.430380e-01 1.645570e-01 2.658228e-02
28358: 1.811631e+00 1.680152e+00 1.572693e+00 7.446271e-01 1.643489e-01 2.654867e-02
28358: 1.810606e+00 1.681818e+00 1.571970e+00 7.449495e-01 1.641414e-01 2.651515e-02
28358: 1.812106e+00 1.682219e+00 1.569987e+00 7.452711e-01 1.639344e-01 2.648172e-02
28358: 1.811083e+00 1.681360e+00 1.571788e+00 7.443325e-01 1.649874e-01 2.644836e-02
28358: 1.810063e+00 1.680503e+00 1.572327e+00 7.459119e-01 1.647799e-01 2.641509e-02
28358: 1.810302e+00 1.678392e+00 1.572864e+00 7.462312e-01 1.645729e-01 2.763819e-02
28358: 1.810540e+00 1.678795e+00 1.572146e+00 7.465496e-01 1.643664e-01 2.760351e-02
28358: 1.809524e+00 1.679198e+00 1.572682e+00 7.468672e-01 1.641604e-01 2.756892e-02
28358: 1.808511e+00 1.678348e+00 1.574468e+00 7.471840e-01 1.639549e-01 2.753442e-02
28358: 1.810000e+00 1.677500e+00 1.573750e+00 7.475000e-01 1.637500e-01 2.750000e-02
28358: 1.808989e+00 1.679151e+00 1.573034e+00 7.478152e-01 1.635456e-01 2.746567e-02
28358: 1.807980e+00 1.679551e+00 1.572319e+00 7.493766e-01 1.633416e-01 2.743142e-02
28358: 1.810710e+00 1.677460e+00 1.571606e+00 7.496887e-01 1.631382e-01 2.739726e-02
28358: 1.810945e+00 1.676617e+00 1.570896e+00 7.512438e-01 1.629353e-01 2.736318e-02
28358: 1.811180e+00 1.677019e+00 1.570186e+00 7.515528e-01 1.627329e-01 2.732919e-02
28358: 1.811414e+00 1.677419e+00 1.569479e+00 7.518610e-01 1.625310e-01 2.729529e-02
28358: 1.810409e+00 1.676580e+00 1.571252e+00 7.509294e-01 1.635688e-01 2.726146e-02
28358: 1.809406e+00 1.678218e+00 1.570545e+00 7.512376e-01 1.633663e-01 2.722772e-02
28358: 1.809642e+00 1.678616e+00 1.569839e+00 7.515451e-01 1.631644e-01 2.719407e-02
28358: 1.808642e+00 1.677778e+00 1.571605e+00 7.518519e-01 1.629630e-01 2.716049e-02
28358: 1.807645e+00 1.678175e+00 1.572133e+00 7.521578e-01 1.627620e-01 2.712700e-02
28358: 1.807882e+00 1.678571e+00 1.570197e+00 7.536946e-01 1.625616e-01 2.709360e-02
28358: 1.808118e+00 1.677737e+00 1.570726e+00 7.539975e-01 1.623616e-01 2.706027e-02
28358: 1.809582e+00 1.676904e+00 1.570025e+00 7.542998e-01 1.621622e-01 2.702703e-02
28358: 1.811043e+00 1.677301e+00 1.568098e+00 7.546012e-01 1.619632e-01 2.699387e-02
28358: 1.810049e+00 1.676471e+00 1.569853e+00 7.549020e-01 1.617647e-01 2.696078e-02
28358: 1.810282e+00 1.675643e+00 1.571603e+00 7.539780e-01 1.615667e-01 2.692778e-02
28358: 1.809291e+00 1.677262e+00 1.570905e+00 7.542787e-01 1.613692e-01 2.689487e-02
28358: 1.809524e+00 1.677656e+00 1.568987e+00 7.545788e-01 1.623932e-01 2.686203e-02
28358: 1.809756e+00 1.676829e+00 1.569512e+00 7.536585e-01 1.621951e-01 2.804878e-02
28358: 1.809988e+00 1.678441e+00 1.568819e+00 7.527406e-01 1.619976e-01 2.801462e-02
28358: 1.810219e+00 1.677616e+00 1.569343e+00 7.518248e-01 1.630170e-01 2.798054e-02
28358: 1.809235e+00 1.678007e+00 1.569866e+00 7.509113e-01 1.640340e-01 2.794654e-02
28358: 1.810680e+00 1.678398e+00 1.569175e+00 7.500000e-01 1.638350e-01 2.791262e-02
28358: 1.809697e+00 1.676364e+00 1.570909e+00 7.503030e-01 1.648485e-01 2.787879e-02
28358: 1.809927e+00 1.675545e+00 1.569007e+00 7.530266e-01 1.646489e-01 2.784504e-02
28358: 1.808948e+00 1.677146e+00 1.569528e+00 7.521161e-01 1.644498e-01 2.781137e-02
28358: 1.810386e+00 1.677536e+00 1.568841e+00 7.512077e-01 1.642512e-01 2.777778e-02
28358: 1.809409e+00 1.677925e+00 1.570567e+00 7.503016e-01 1.640531e-01 2.774427e-02
28358: 1.808434e+00 1.679518e+00 1.568675e+00 7.518072e-01 1.638554e-01 2.771084e-02
28358: 1.808664e+00 1.681107e+00 1.567990e+00 7.509025e-01 1.636582e-01 2.767750e-02
28358: 1.807692e+00 1.681490e+00 1.568510e+00 7.512019e-01 1.634615e-01 2.764423e-02
28358: 1.806723e+00 1.684274e+00 1.567827e+00 7.503001e-01 1.632653e-01 2.761104e-02
28358: 1.806954e+00 1.684652e+00 1.567146e+00 7.505995e-01 1.630695e-01 2.757794e-02
28358: 1.805988e+00 1.685030e+00 1.567665e+00 7.508982e-01 1.628743e-01 2.754491e-02
28358: 1.806220e+00 1.684211e+00 1.569378e+00 7.500000e-01 1.626794e-01 2.751196e-02
28358: 1.805257e+00 1.685783e+00 1.569892e+00 7.491039e-01 1.624851e-01 2.747909e-02
28358: 1.804296e+00 1.687351e+00 1.570406e+00 7.482100e-01 1.622912e-01 2.744630e-02
28358: 1.804529e+00 1.688915e+00 1.568534e+00 7.485101e-01 1.620977e-01 2.741359e-02
28358: 1.804762e+00 1.688095e+00 1.569048e+00 7.476190e-01 1.630952e-01 2.738095e-02
28358: 1.803805e+00 1.689655e+00 1.569560e+00 7.467301e-01 1.629013e-01 2.734839e-02
28358: 1.802850e+00 1.688836e+00 1.572447e+00 7.458432e-01 1.627078e-01 2.731591e-02
28358: 1.803084e+00 1.688019e+00 1.571767e+00 7.461447e-01 1.637011e-01 2.728351e-02
28358: 1.802133e+00 1.689573e+00 1.571090e+00 7.464455e-01 1.635071e-01 2.725118e-02
28358: 1.803550e+00 1.688757e+00 1.570414e+00 7.467456e-01 1.633136e-01 2.721893e-02
28358: 1.802600e+00 1.689125e+00 1.569740e+00 7.482270e-01 1.631206e-01 2.718676e-02
28358: 1.801653e+00 1.688312e+00 1.571429e+00 7.485242e-01 1.629280e-01 2.715466e-02
28358: 1.801887e+00 1.687500e+00 1.570755e+00 7.488208e-01 1.639151e-01 2.712264e-02
28358: 1.802120e+00 1.687868e+00 1.570082e+00 7.491166e-01 1.637220e-01 2.709069e-02
28358: 1.802353e+00 1.688235e+00 1.569412e+00 7.494118e-01 1.635294e-01 2.705882e-02
28358: 1.801410e+00 1.688602e+00 1.571093e+00 7.485311e-01 1.633373e-01 2.702703e-02
28358: 1.801643e+00 1.687793e+00 1.570423e+00 7.488263e-01 1.643192e-01 2.699531e-02
28358: 1.801876e+00 1.686987e+00 1.569754e+00 7.491208e-01 1.652989e-01 2.696366e-02
28358: 1.800937e+00 1.687354e+00 1.570258e+00 7.494145e-01 1.651054e-01 2.693208e-02
28358: 1.801170e+00 1.686550e+00 1.570760e+00 7.497076e-01 1.649123e-01 2.690058e-02
28358: 1.800234e+00 1.686916e+00 1.571262e+00 7.500000e-01 1.647196e-01 2.686916e-02
28358: 1.800467e+00 1.686114e+00 1.571762e+00 7.502917e-01 1.645274e-01 2.683781e-02
28358: 1.799534e+00 1.687646e+00 1.569930e+00 7.505828e-01 1.643357e-01 2.797203e-02
28358: 1.799767e+00 1.688009e+00 1.570431e+00 7.497090e-01 1.641444e-01 2.793946e-02
28358: 1.798837e+00 1.689535e+00 1.568605e+00 7.511628e-01 1.639535e-01 2.790698e-02
28358: 1.799071e+00 1.688734e+00 1.570267e+00 7.502904e-01 1.637631e-01 2.787456e-02
28358: 1.799304e+00 1.689095e+00 1.568445e+00 7.517401e-01 1.635731e-01 2.784223e-02
28358: 1.799537e+00 1.688297e+00 1.568946e+00 7.508691e-01 1.645423e-01 2.780997e-02
28358: 1.799769e+00 1.688657e+00 1.569444e+00 7.500000e-01 1.643519e-01 2.777778e-02
28358: 1.800000e+00 1.689017e+00 1.568786e+00 7.502890e-01 1.641618e-01 2.774566e-02
28358: 1.799076e+00 1.689376e+00 1.570439e+00 7.494226e-01 1.639723e-01 2.771363e-02
28358: 1.801615e+00 1.688581e+00 1.568627e+00 7.497116e-01 1.637832e-01 2.768166e-02
28358: 1.800691e+00 1.690092e+00 1.569124e+00 7.488479e-01 1.635945e-01 2.764977e-02
28358: 1.799770e+00 1.690449e+00 1.569620e+00 7.479862e-01 1.645570e-01 2.761795e-02
28358: 1.798851e+00 1.688506e+00 1.572414e+00 7.482759e-01 1.643678e-01 2.758621e-02
28358: 1.800230e+00 1.686567e+00 1.571757e+00 7.485649e-01 1.641791e-01 2.870264e-02
28358: 1.799312e+00 1.686927e+00 1.572248e+00 7.488532e-01 1.639908e-01 2.866972e-02
28358: 1.798396e+00 1.686140e+00 1.572738e+00 7.502864e-01 1.638030e-01 2.863688e-02
28358: 1.799771e+00 1.685355e+00 1.572082e+00 7.505721e-01 1.636156e-01 2.860412e-02
28358: 1.798857e+00 1.686857e+00 1.571429e+00 7.508571e-01 1.634286e-01 2.857143e-02
28358: 1.797945e+00 1.686073e+00 1.571918e+00 7.511416e-01 1.643836e-01 2.853881e-02
28358: 1.799316e+00 1.685291e+00 1.571266e+00 7.514253e-01 1.641961e-01 2.850627e-02
28358: 1.799544e+00 1.685649e+00 1.569476e+00 7.517084e-01 1.651481e-01 2.847380e-02
28358: 1.799772e+00 1.684869e+00 1.569966e+00 7.519909e-01 1.649602e-01 2.844141e-02
28358: 1.798864e+00 1.684091e+00 1.572727e+00 7.511364e-01 1.647727e-01 2.840909e-02
28358: 1.799092e+00 1.683314e+00 1.572077e+00 7.525539e-01 1.645857e-01 2.837684e-02
28358: 1.800454e+00 1.683673e+00 1.570295e+00 7.528345e-01 1.643991e-01 2.834467e-02
28358: 1.800680e+00 1.684032e+00 1.569649e+00 7.531144e-01 1.642129e-01 2.831257e-02
28358: 1.799774e+00 1.683258e+00 1.570136e+00 7.545249e-01 1.640271e-01 2.828054e-02
28358: 1.798870e+00 1.683616e+00 1.569492e+00 7.559322e-01 1.638418e-01 2.824859e-02
28358: 1.797968e+00 1.685102e+00 1.568849e+00 7.562077e-01 1.636569e-01 2.821670e-02
28358: 1.798196e+00 1.685457e+00 1.569335e+00 7.553551e-01 1.634724e-01 2.818489e-02
28358: 1.797297e+00 1.685811e+00 1.568694e+00 7.556306e-01 1.644144e-01 2.815315e-02
28358: 1.797525e+00 1.685039e+00 1.570304e+00 7.547807e-01 1.642295e-01 2.812148e-02
28358: 1.796629e+00 1.686517e+00 1.568539e+00 7.550562e-01 1.651685e-01 2.808989e-02
28358: 1.796857e+00 1.685746e+00 1.569024e+00 7.553311e-01 1.649832e-01 2.805836e-02
28358: 1.798206e+00 1.686099e+00 1.568386e+00 7.544843e-01 1.647982e-01 2.802691e-02
28358: 1.797312e+00 1.686450e+00 1.569989e+00 7.536394e-01 1.646137e-01 2.799552e-02
28358: 1.797539e+00 1.684564e+00 1.572707e+00 7.527964e-01 1.644295e-01 2.796421e-02
28358: 1.796648e+00 1.686034e+00 1.572067e+00 7.530726e-01 1.642458e-01 2.793296e-02
28358: 1.795759e+00 1.686384e+00 1.570312e+00 7.555804e-01 1.640625e-01 2.790179e-02
28358: 1.794872e+00 1.684504e+00 1.570792e+00 7.569677e-01 1.649944e-01 2.787068e-02
28358: 1.796214e+00 1.683742e+00 1.570156e+00 7.572383e-01 1.648107e-01 2.783964e-02
28358: 1.796440e+00 1.684093e+00 1.569522e+00 7.575083e-01 1.646274e-01 2.780868e-02
28358: 1.796667e+00 1.683333e+00 1.570000e+00 7.566667e-01 1.655556e-01 2.777778e-02
28358: 1.795782e+00 1.683685e+00 1.569367e+00 7.580466e-01 1.653718e-01 2.774695e-02
28358: 1.794900e+00 1.686253e+00 1.568736e+00 7.572062e-01 1.651885e-01 2.771619e-02
28358: 1.796235e+00 1.685493e+00 1.569214e+00 7.563677e-01 1.650055e-01 2.768549e-02
28358: 1.796460e+00 1.686947e+00 1.568584e+00 7.555310e-01 1.648230e-01 2.765487e-02
28358: 1.795580e+00 1.686188e+00 1.570166e+00 7.558011e-01 1.646409e-01 2.762431e-02
28358: 1.796909e+00 1.686534e+00 1.568433e+00 7.560706e-01 1.644592e-01 2.759382e-02
28358: 1.796031e+00 1.687982e+00 1.568908e+00 7.552370e-01 1.642778e-01 2.756340e-02
28358: 1.796256e+00 1.688326e+00 1.569383e+00 7.544053e-01 1.640969e-01 2.753304e-02
28358: 1.795380e+00 1.687569e+00 1.569857e+00 7.546755e-01 1.650165e-01 2.750275e-02
28358: 1.796703e+00 1.685714e+00 1.570330e+00 7.538462e-01 1.648352e-01 2.857143e-02
28358: 1.795829e+00 1.686059e+00 1.570801e+00 7.541164e-01 1.646542e-01 2.854007e-02
28358: 1.796053e+00 1.686404e+00 1.570175e+00 7.543860e-01 1.644737e-01 2.850877e-02
28358: 1.796276e+00 1.685652e+00 1.569551e+00 7.546550e-01 1.653888e-01 2.847755e-02
28358: 1.795405e+00 1.684902e+00 1.572210e+00 7.538293e-01 1.652079e-01 2.844639e-02
28358: 1.794536e+00 1.686339e+00 1.571585e+00 7.540984e-01 1.650273e-01 2.841530e-02
28358: 1.793668e+00 1.687773e+00 1.570961e+00 7.543668e-01 1.648472e-01 2.838428e-02
28358: 1.792803e+00 1.688113e+00 1.570338e+00 7.557252e-01 1.646674e-01 2.835333e-02
28358: 1.793028e+00 1.687364e+00 1.569717e+00 7.570806e-01 1.644880e-01 2.832244e-02
28358: 1.792165e+00 1.687704e+00 1.569097e+00 7.573449e-01 1.653972e-01 2.829162e-02
28358: 1.792391e+00 1.686957e+00 1.569565e+00 7.576087e-01 1.652174e-01 2.826087e-02
28358: 1.791531e+00 1.688382e+00 1.568947e+00 7.578719e-01 1.650380e-01 2.823018e-02
28358: 1.792842e+00 1.687636e+00 1.568330e+00 7.581345e-01 1.648590e-01 2.819957e-02
28358: 1.791983e+00 1.689057e+00 1.567714e+00 7.583965e-01 1.646804e-01 2.816901e-02
28358: 1.791126e+00 1.688312e+00 1.570346e+00 7.575758e-01 1.645022e-01 2.813853e-02
28358: 1.791351e+00 1.687568e+00 1.569730e+00 7.578378e-01 1.654054e-01 2.810811e-02
28358: 1.791577e+00 1.688985e+00 1.569114e+00 7.570194e-01 1.652268e-01 2.807775e-02
28358: 1.790723e+00 1.687163e+00 1.571737e+00 7.572816e-01 1.650485e-01 2.804746e-02
28358: 1.792026e+00 1.686422e+00 1.570043e+00 7.586207e-01 1.648707e-01 2.801724e-02
28358: 1.792250e+00 1.686760e+00 1.569429e+00 7.588805e-01 1.646932e-01 2.798708e-02
28358: 1.791398e+00 1.686022e+00 1.570968e+00 7.580645e-01 1.655914e-01 2.795699e-02
28358: 1.792696e+00 1.685285e+00 1.569280e+00 7.593985e-01 1.654135e-01 2.792696e-02
28358: 1.791845e+00 1.685622e+00 1.568670e+00 7.596567e-01 1.663090e-01 2.789700e-02
28358: 1.790997e+00 1.687031e+00 1.568060e+00 7.588424e-01 1.672026e-01 2.786710e-02
28358: 1.792291e+00 1.686296e+00 1.568522e+00 7.580300e-01 1.670236e-01 2.783726e-02
28358: 1.791444e+00 1.687701e+00 1.567914e+00 7.582888e-01 1.668449e-01 2.780749e-02
28358: 1.793803e+00 1.686966e+00 1.567308e+00 7.574786e-01 1.666667e-01 2.777778e-02
28358: 1.792956e+00 1.687300e+00 1.568837e+00 7.566702e-01 1.664888e-01 2.774813e-02
28358: 1.792111e+00 1.688699e+00 1.568230e+00 7.569296e-01 1.663113e-01 2.771855e-02
28358: 1.791267e+00 1.690096e+00 1.568690e+00 7.561235e-01 1.661342e-01 2.768903e-02
28358: 1.792553e+00 1.689362e+00 1.569149e+00 7.553191e-01 1.659574e-01 2.765957e-02
28358: 1.791711e+00 1.690755e+00 1.568544e+00 7.555792e-01 1.657811e-01 2.763018e-02
28358: 1.790870e+00 1.692144e+00 1.567941e+00 7.547771e-01 1.666667e-01 2.760085e-02
28358: 1.791092e+00 1.692471e+00 1.567338e+00 7.550371e-01 1.664899e-01 2.757158e-02
28358: 1.790254e+00 1.692797e+00 1.568856e+00 7.542373e-01 1.663136e-01 2.754237e-02
28358: 1.791534e+00 1.692063e+00 1.569312e+00 7.534392e-01 1.661376e-01 2.751323e-02
28358: 1.790698e+00 1.693446e+00 1.568710e+00 7.526427e-01 1.659619e-01 2.854123e-02
28358: 1.789863e+00 1.694826e+00 1.568110e+00 7.518479e-01 1.657867e-01 2.956705e-02
28358: 1.790084e+00 1.694093e+00 1.569620e+00 7.510549e-01 1.656118e-01 2.953586e-02
28358: 1.789252e+00 1.694415e+00 1.570074e+00 7.502634e-01 1.664910e-01 2.950474e-02
28358: 1.790526e+00 1.692632e+00 1.570526e+00 7.505263e-01 1.663158e-01 2.947368e-02
28358: 1.789695e+00 1.692955e+00 1.569926e+00 7.507886e-01 1.671924e-01 2.944269e-02
28358: 1.788866e+00 1.693277e+00 1.570378e+00 7.510504e-01 1.670168e-01 2.941176e-02
28358: 1.789087e+00 1.694648e+00 1.568730e+00 7.513116e-01 1.668416e-01 2.938090e-02
28358: 1.788260e+00 1.693920e+00 1.570231e+00 7.515723e-01 1.666667e-01 2.935010e-02
28358: 1.788482e+00 1.693194e+00 1.570681e+00 7.518325e-01 1.664921e-01 2.931937e-02
28358: 1.788703e+00 1.693515e+00 1.570084e+00 7.520921e-01 1.663180e-01 2.928870e-02
28358: 1.787879e+00 1.693835e+00 1.569488e+00 7.533960e-01 1.661442e-01 2.925810e-02
28358: 1.787056e+00 1.694154e+00 1.569937e+00 7.526096e-01 1.670146e-01 2.922756e-02
28358: 1.788321e+00 1.692388e+00 1.571429e+00 7.518248e-01 1.668405e-01 2.919708e-02
28358: 1.788542e+00 1.692708e+00 1.569792e+00 7.520833e-01 1.677083e-01 2.916667e-02
28358: 1.787721e+00 1.693028e+00 1.570239e+00 7.513007e-01 1.675338e-01 3.017690e-02
28358: 1.787942e+00 1.693347e+00 1.568607e+00 7.525988e-01 1.673597e-01 3.014553e-02
28358: 1.788162e+00 1.692627e+00 1.570093e+00 7.518172e-01 1.671859e-01 3.011423e-02
28358: 1.787344e+00 1.693983e+00 1.569502e+00 7.520747e-01 1.670124e-01 3.008299e-02
28358: 1.787565e+00 1.694301e+00 1.568912e+00 7.512953e-01 1.678756e-01 3.005181e-02
28358: 1.786749e+00 1.693582e+00 1.570393e+00 7.505176e-01 1.687371e-01 3.002070e-02
28358: 1.786970e+00 1.693899e+00 1.569804e+00 7.507756e-01 1.685626e-01 2.998966e-02
28358: 1.787190e+00 1.694215e+00 1.570248e+00 7.500000e-01 1.683884e-01 2.995868e-02
28358: 1.787410e+00 1.694530e+00 1.568627e+00 7.512900e-01 1.682147e-01 2.992776e-02
28358: 1.788660e+00 1.693814e+00 1.569072e+00 7.505155e-01 1.680412e-01 2.989691e-02
28358: 1.787848e+00 1.694130e+00 1.568486e+00 7.507724e-01 1.688980e-01 2.986612e-02
28358: 1.788066e+00 1.693416e+00 1.568930e+00 7.510288e-01 1.687243e-01 2.983539e-02
28358: 1.787256e+00 1.694758e+00 1.569373e+00 7.502569e-01 1.685509e-01 2.980473e-02
28358: 1.787474e+00 1.695072e+00 1.568789e+00 7.505133e-01 1.683778e-01 2.977413e-02
28358: 1.787692e+00 1.694359e+00 1.569231e+00 7.507692e-01 1.682051e-01 2.974359e-02
28358: 1.786885e+00 1.694672e+00 1.569672e+00 7.500000e-01 1.690574e-01 2.971311e-02
28358: 1.788127e+00 1.693961e+00 1.570113e+00 7.492323e-01 1.688843e-01 2.968270e-02
28358: 1.787321e+00 1.694274e+00 1.569530e+00 7.494888e-01 1.697342e-01 2.965235e-02
28358: 1.786517e+00 1.694586e+00 1.569969e+00 7.497446e-01 1.695608e-01 2.962206e-02
28358: 1.786735e+00 1.694898e+00 1.569388e+00 7.489796e-01 1.704082e-01 2.959184e-02
28358: 1.786952e+00 1.694190e+00 1.569827e+00 7.492355e-01 1.702345e-01 2.956167e-02
28358: 1.786151e+00 1.694501e+00 1.571283e+00 7.484725e-01 1.700611e-01 2.953157e-02
28358: 1.786368e+00 1.693795e+00 1.570702e+00 7.487284e-01 1.709054e-01 2.950153e-02
28358: 1.786585e+00 1.694106e+00 1.569106e+00 7.500000e-01 1.707317e-01 2.947154e-02
28358: 1.785787e+00 1.694416e+00 1.569543e+00 7.492386e-01 1.715736e-01 2.944162e-02
28358: 1.784990e+00 1.694726e+00 1.569980e+00 7.494929e-01 1.713996e-01 2.941176e-02
28358: 1.785208e+00 1.695035e+00 1.569402e+00 7.497467e-01 1.712259e-01 2.938197e-02
28358: 1.784413e+00 1.695344e+00 1.570850e+00 7.489879e-01 1.710526e-01 2.935223e-02
28358: 1.784631e+00 1.695652e+00 1.570273e+00 7.492417e-01 1.708797e-01 2.932255e-02
28358: 1.783838e+00 1.694949e+00 1.570707e+00 7.505051e-01 1.707071e-01 2.929293e-02
28358: 1.785066e+00 1.694248e+00 1.570131e+00 7.507568e-01 1.705348e-01 2.926337e-02
28358: 1.784274e+00 1.694556e+00 1.568548e+00 7.520161e-01 1.713710e-01 2.923387e-02
28358: 1.784491e+00 1.695871e+00 1.567976e+00 7.512588e-01 1.711984e-01 2.920443e-02
28358: 1.784708e+00 1.695171e+00 1.569416e+00 7.505030e-01 1.710262e-01 2.917505e-02
28358: 1.783920e+00 1.695477e+00 1.569849e+00 7.507538e-01 1.708543e-01 2.914573e-02
28358: 1.784137e+00 1.695783e+00 1.569277e+00 7.500000e-01 1.706827e-01 3.012048e-02
28358: 1.783350e+00 1.696088e+00 1.570712e+00 7.492477e-01 1.705115e-01 3.009027e-02
28358: 1.784569e+00 1.695391e+00 1.570140e+00 7.494990e-01 1.703407e-01 3.006012e-02
28358: 1.784785e+00 1.695696e+00 1.568569e+00 7.497497e-01 1.711712e-01 3.003003e-02
28358: Done!
Traceback (most recent call last):
  File "/lowest-unique-number/tournament0/elexunix.py", line 25, in <module>
    input()
EOFError: EOF when reading a line
