Forked 32810
Starting to reopen 0 and 1
Calling execv `tournament0/lounres.py` (pid 32810)
Strategy 0: first ans is 1
Forked 32811
Starting to reopen 0 and 1
Calling execv `tournament0/pzakorko.py` (pid 32811)
Strategy 1: first ans is 0
Forked 32812
Starting to reopen 0 and 1
Calling execv `tournament0/elexunix.py` (pid 32812)
Strategy 2: first ans is 1
Forked 32836
Starting to reopen 0 and 1
Calling execv `tournament0/alex_dany` (pid 32836)
32836: Started!
32836: Number of players: 6, position: 3, number of turns: 1000
32836: Random seed: 2479755980
Strategy 3: first ans is 1
Forked 32837
Starting to reopen 0 and 1
Calling execv `tournament0/the_best_strategy.py` (pid 32837)
Strategy 4: first ans is 0
Forked 32838
Starting to reopen 0 and 1
Calling execv `tournament0/fedro.py` (pid 32838)
Strategy 5: first ans is 0
32836: 3.000000e+00 3.000000e+00 0.000000e+00 0.000000e+00 0.000000e+00 0.000000e+00
32836: 2.500000e+00 2.000000e+00 1.500000e+00 0.000000e+00 0.000000e+00 0.000000e+00
32836: 2.333333e+00 2.000000e+00 1.666667e+00 0.000000e+00 0.000000e+00 0.000000e+00
32836: 2.250000e+00 1.750000e+00 1.500000e+00 5.000000e-01 0.000000e+00 0.000000e+00
32836: 2.200000e+00 2.000000e+00 1.400000e+00 4.000000e-01 0.000000e+00 0.000000e+00
32836: 2.166667e+00 1.666667e+00 1.833333e+00 3.333333e-01 0.000000e+00 0.000000e+00
32836: 2.142857e+00 1.571429e+00 1.714286e+00 5.714286e-01 0.000000e+00 0.000000e+00
32836: 2.125000e+00 1.625000e+00 1.500000e+00 6.250000e-01 1.250000e-01 0.000000e+00
32836: 2.222222e+00 1.444444e+00 1.666667e+00 5.555556e-01 1.111111e-01 0.000000e+00
32836: 2.400000e+00 1.500000e+00 1.500000e+00 5.000000e-01 1.000000e-01 0.000000e+00
32836: 2.363636e+00 1.636364e+00 1.454545e+00 4.545455e-01 9.090909e-02 0.000000e+00
32836: 2.333333e+00 1.500000e+00 1.583333e+00 5.000000e-01 8.333333e-02 0.000000e+00
32836: 2.384615e+00 1.538462e+00 1.461538e+00 5.384615e-01 7.692308e-02 0.000000e+00
32836: 2.357143e+00 1.642857e+00 1.428571e+00 5.000000e-01 7.142857e-02 0.000000e+00
32836: 2.333333e+00 1.533333e+00 1.533333e+00 5.333333e-01 6.666667e-02 0.000000e+00
32836: 2.375000e+00 1.625000e+00 1.437500e+00 5.000000e-01 6.250000e-02 0.000000e+00
32836: 2.352941e+00 1.647059e+00 1.470588e+00 4.705882e-01 5.882353e-02 0.000000e+00
32836: 2.388889e+00 1.611111e+00 1.444444e+00 5.000000e-01 5.555556e-02 0.000000e+00
32836: 2.421053e+00 1.578947e+00 1.473684e+00 4.736842e-01 5.263158e-02 0.000000e+00
32836: 2.450000e+00 1.550000e+00 1.450000e+00 5.000000e-01 5.000000e-02 0.000000e+00
32836: 2.523810e+00 1.571429e+00 1.380952e+00 4.761905e-01 4.761905e-02 0.000000e+00
32836: 2.500000e+00 1.500000e+00 1.409091e+00 5.000000e-01 9.090909e-02 0.000000e+00
32836: 2.478261e+00 1.565217e+00 1.391304e+00 4.782609e-01 8.695652e-02 0.000000e+00
32836: 2.458333e+00 1.541667e+00 1.458333e+00 4.583333e-01 8.333333e-02 0.000000e+00
32836: 2.440000e+00 1.560000e+00 1.440000e+00 4.400000e-01 1.200000e-01 0.000000e+00
32836: 2.461538e+00 1.538462e+00 1.423077e+00 4.615385e-01 1.153846e-01 0.000000e+00
32836: 2.444444e+00 1.555556e+00 1.407407e+00 4.444444e-01 1.481481e-01 0.000000e+00
32836: 2.428571e+00 1.535714e+00 1.464286e+00 4.285714e-01 1.428571e-01 0.000000e+00
32836: 2.448276e+00 1.586207e+00 1.413793e+00 4.137931e-01 1.379310e-01 0.000000e+00
32836: 2.433333e+00 1.600000e+00 1.433333e+00 4.000000e-01 1.333333e-01 0.000000e+00
32836: 2.419355e+00 1.580645e+00 1.419355e+00 4.516129e-01 1.290323e-01 0.000000e+00
32836: 2.406250e+00 1.562500e+00 1.437500e+00 4.375000e-01 1.562500e-01 0.000000e+00
32836: 2.393939e+00 1.636364e+00 1.393939e+00 4.242424e-01 1.515152e-01 0.000000e+00
32836: 2.382353e+00 1.588235e+00 1.441176e+00 4.411765e-01 1.470588e-01 0.000000e+00
32836: 2.371429e+00 1.600000e+00 1.457143e+00 4.285714e-01 1.428571e-01 0.000000e+00
32836: 2.361111e+00 1.555556e+00 1.500000e+00 4.444444e-01 1.388889e-01 0.000000e+00
32836: 2.351351e+00 1.567568e+00 1.513514e+00 4.324324e-01 1.351351e-01 0.000000e+00
32836: 2.342105e+00 1.552632e+00 1.500000e+00 4.736842e-01 1.315789e-01 0.000000e+00
32836: 2.333333e+00 1.589744e+00 1.461538e+00 4.871795e-01 1.282051e-01 0.000000e+00
32836: 2.325000e+00 1.550000e+00 1.525000e+00 4.750000e-01 1.250000e-01 0.000000e+00
32836: 2.365854e+00 1.560976e+00 1.487805e+00 4.634146e-01 1.219512e-01 0.000000e+00
32836: 2.357143e+00 1.547619e+00 1.476190e+00 5.000000e-01 1.190476e-01 0.000000e+00
32836: 2.372093e+00 1.558140e+00 1.465116e+00 4.883721e-01 1.162791e-01 0.000000e+00
32836: 2.363636e+00 1.568182e+00 1.454545e+00 5.000000e-01 1.136364e-01 0.000000e+00
32836: 2.377778e+00 1.555556e+00 1.444444e+00 4.888889e-01 1.333333e-01 0.000000e+00
32836: 2.369565e+00 1.586957e+00 1.413043e+00 5.000000e-01 1.304348e-01 0.000000e+00
32836: 2.382979e+00 1.553191e+00 1.446809e+00 4.893617e-01 1.276596e-01 0.000000e+00
32836: 2.375000e+00 1.562500e+00 1.458333e+00 4.791667e-01 1.250000e-01 0.000000e+00
32836: 2.367347e+00 1.571429e+00 1.448980e+00 4.897959e-01 1.224490e-01 0.000000e+00
32836: 2.380000e+00 1.540000e+00 1.480000e+00 4.800000e-01 1.200000e-01 0.000000e+00
32836: 2.352941e+00 1.588235e+00 1.470588e+00 4.705882e-01 1.176471e-01 0.000000e+00
32836: 2.365385e+00 1.557692e+00 1.500000e+00 4.615385e-01 1.153846e-01 0.000000e+00
32836: 2.339623e+00 1.566038e+00 1.490566e+00 4.716981e-01 1.320755e-01 0.000000e+00
32836: 2.351852e+00 1.574074e+00 1.462963e+00 4.814815e-01 1.296296e-01 0.000000e+00
32836: 2.345455e+00 1.563636e+00 1.490909e+00 4.727273e-01 1.272727e-01 0.000000e+00
32836: 2.339286e+00 1.571429e+00 1.500000e+00 4.642857e-01 1.250000e-01 0.000000e+00
32836: 2.333333e+00 1.543860e+00 1.508772e+00 4.736842e-01 1.403509e-01 0.000000e+00
32836: 2.310345e+00 1.568966e+00 1.517241e+00 4.655172e-01 1.379310e-01 0.000000e+00
32836: 2.322034e+00 1.576271e+00 1.508475e+00 4.576271e-01 1.355932e-01 0.000000e+00
32836: 2.300000e+00 1.566667e+00 1.550000e+00 4.500000e-01 1.333333e-01 0.000000e+00
32836: 2.311475e+00 1.590164e+00 1.524590e+00 4.426230e-01 1.311475e-01 0.000000e+00
32836: 2.306452e+00 1.580645e+00 1.548387e+00 4.354839e-01 1.290323e-01 0.000000e+00
32836: 2.285714e+00 1.603175e+00 1.539683e+00 4.444444e-01 1.269841e-01 0.000000e+00
32836: 2.281250e+00 1.593750e+00 1.562500e+00 4.375000e-01 1.250000e-01 0.000000e+00
32836: 2.261538e+00 1.600000e+00 1.584615e+00 4.307692e-01 1.230769e-01 0.000000e+00
32836: 2.272727e+00 1.606061e+00 1.560606e+00 4.393939e-01 1.212121e-01 0.000000e+00
32836: 2.283582e+00 1.582090e+00 1.582090e+00 4.328358e-01 1.194030e-01 0.000000e+00
32836: 2.264706e+00 1.588235e+00 1.588235e+00 4.411765e-01 1.176471e-01 0.000000e+00
32836: 2.275362e+00 1.579710e+00 1.579710e+00 4.492754e-01 1.159420e-01 0.000000e+00
32836: 2.257143e+00 1.571429e+00 1.585714e+00 4.571429e-01 1.285714e-01 0.000000e+00
32836: 2.253521e+00 1.577465e+00 1.577465e+00 4.647887e-01 1.267606e-01 0.000000e+00
32836: 2.250000e+00 1.555556e+00 1.583333e+00 4.861111e-01 1.250000e-01 0.000000e+00
32836: 2.232877e+00 1.602740e+00 1.561644e+00 4.794521e-01 1.232877e-01 0.000000e+00
32836: 2.229730e+00 1.594595e+00 1.554054e+00 4.729730e-01 1.351351e-01 1.351351e-02
32836: 2.213333e+00 1.586667e+00 1.586667e+00 4.666667e-01 1.333333e-01 1.333333e-02
32836: 2.210526e+00 1.565789e+00 1.592105e+00 4.736842e-01 1.447368e-01 1.315789e-02
32836: 2.194805e+00 1.571429e+00 1.597403e+00 4.805195e-01 1.428571e-01 1.298701e-02
32836: 2.192308e+00 1.551282e+00 1.615385e+00 4.871795e-01 1.410256e-01 1.282051e-02
32836: 2.177215e+00 1.569620e+00 1.620253e+00 4.810127e-01 1.392405e-01 1.265823e-02
32836: 2.175000e+00 1.562500e+00 1.625000e+00 4.875000e-01 1.375000e-01 1.250000e-02
32836: 2.160494e+00 1.592593e+00 1.617284e+00 4.814815e-01 1.358025e-01 1.234568e-02
32836: 2.170732e+00 1.585366e+00 1.609756e+00 4.878049e-01 1.341463e-01 1.219512e-02
32836: 2.156627e+00 1.602410e+00 1.590361e+00 4.939759e-01 1.445783e-01 1.204819e-02
32836: 2.154762e+00 1.595238e+00 1.583333e+00 5.119048e-01 1.428571e-01 1.190476e-02
32836: 2.152941e+00 1.600000e+00 1.576471e+00 5.176471e-01 1.411765e-01 1.176471e-02
32836: 2.139535e+00 1.616279e+00 1.569767e+00 5.232558e-01 1.395349e-01 1.162791e-02
32836: 2.137931e+00 1.632184e+00 1.563218e+00 5.172414e-01 1.379310e-01 1.149425e-02
32836: 2.125000e+00 1.636364e+00 1.568182e+00 5.227273e-01 1.363636e-01 1.136364e-02
32836: 2.123596e+00 1.640449e+00 1.573034e+00 5.168539e-01 1.348315e-01 1.123596e-02
32836: 2.111111e+00 1.633333e+00 1.566667e+00 5.333333e-01 1.444444e-01 1.111111e-02
32836: 2.109890e+00 1.637363e+00 1.560440e+00 5.384615e-01 1.428571e-01 1.098901e-02
32836: 2.108696e+00 1.630435e+00 1.576087e+00 5.326087e-01 1.413043e-01 1.086957e-02
32836: 2.096774e+00 1.634409e+00 1.580645e+00 5.376344e-01 1.397849e-01 1.075269e-02
32836: 2.106383e+00 1.627660e+00 1.563830e+00 5.531915e-01 1.382979e-01 1.063830e-02
32836: 2.115789e+00 1.621053e+00 1.568421e+00 5.473684e-01 1.368421e-01 1.052632e-02
32836: 2.104167e+00 1.625000e+00 1.562500e+00 5.416667e-01 1.458333e-01 2.083333e-02
32836: 2.103093e+00 1.608247e+00 1.577320e+00 5.463918e-01 1.443299e-01 2.061856e-02
32836: 2.091837e+00 1.612245e+00 1.571429e+00 5.510204e-01 1.428571e-01 3.061224e-02
32836: 2.101010e+00 1.616162e+00 1.555556e+00 5.555556e-01 1.414141e-01 3.030303e-02
32836: 2.090000e+00 1.600000e+00 1.590000e+00 5.500000e-01 1.400000e-01 3.000000e-02
32836: 2.089109e+00 1.594059e+00 1.584158e+00 5.643564e-01 1.386139e-01 2.970297e-02
32836: 2.088235e+00 1.598039e+00 1.578431e+00 5.686275e-01 1.372549e-01 2.941176e-02
32836: 2.087379e+00 1.601942e+00 1.572816e+00 5.728155e-01 1.359223e-01 2.912621e-02
32836: 2.076923e+00 1.596154e+00 1.576923e+00 5.865385e-01 1.346154e-01 2.884615e-02
32836: 2.085714e+00 1.590476e+00 1.561905e+00 6.000000e-01 1.333333e-01 2.857143e-02
32836: 2.084906e+00 1.594340e+00 1.566038e+00 5.943396e-01 1.320755e-01 2.830189e-02
32836: 2.074766e+00 1.579439e+00 1.570093e+00 6.074766e-01 1.308411e-01 3.738318e-02
32836: 2.083333e+00 1.574074e+00 1.564815e+00 6.111111e-01 1.296296e-01 3.703704e-02
32836: 2.082569e+00 1.587156e+00 1.559633e+00 6.055046e-01 1.284404e-01 3.669725e-02
32836: 2.072727e+00 1.590909e+00 1.572727e+00 6.000000e-01 1.272727e-01 3.636364e-02
32836: 2.081081e+00 1.576577e+00 1.567568e+00 6.126126e-01 1.261261e-01 3.603604e-02
32836: 2.071429e+00 1.589286e+00 1.571429e+00 6.071429e-01 1.250000e-01 3.571429e-02
32836: 2.079646e+00 1.584071e+00 1.557522e+00 6.194690e-01 1.238938e-01 3.539823e-02
32836: 2.070175e+00 1.578947e+00 1.578947e+00 6.140351e-01 1.228070e-01 3.508772e-02
32836: 2.069565e+00 1.573913e+00 1.573913e+00 6.173913e-01 1.304348e-01 3.478261e-02
32836: 2.060345e+00 1.577586e+00 1.577586e+00 6.206897e-01 1.293103e-01 3.448276e-02
32836: 2.059829e+00 1.572650e+00 1.581197e+00 6.239316e-01 1.282051e-01 3.418803e-02
32836: 2.050847e+00 1.584746e+00 1.576271e+00 6.271186e-01 1.271186e-01 3.389831e-02
32836: 2.050420e+00 1.579832e+00 1.571429e+00 6.302521e-01 1.344538e-01 3.361345e-02
32836: 2.041667e+00 1.591667e+00 1.558333e+00 6.333333e-01 1.416667e-01 3.333333e-02
32836: 2.049587e+00 1.586777e+00 1.561983e+00 6.280992e-01 1.404959e-01 3.305785e-02
32836: 2.040984e+00 1.590164e+00 1.573770e+00 6.229508e-01 1.393443e-01 3.278689e-02
32836: 2.048780e+00 1.585366e+00 1.569106e+00 6.260163e-01 1.382114e-01 3.252033e-02
32836: 2.040323e+00 1.588710e+00 1.564516e+00 6.370968e-01 1.370968e-01 3.225806e-02
32836: 2.048000e+00 1.584000e+00 1.560000e+00 6.400000e-01 1.360000e-01 3.200000e-02
32836: 2.039683e+00 1.587302e+00 1.563492e+00 6.349206e-01 1.428571e-01 3.174603e-02
32836: 2.047244e+00 1.574803e+00 1.566929e+00 6.377953e-01 1.417323e-01 3.149606e-02
32836: 2.054688e+00 1.578125e+00 1.562500e+00 6.328125e-01 1.406250e-01 3.125000e-02
32836: 2.046512e+00 1.581395e+00 1.565891e+00 6.279070e-01 1.472868e-01 3.100775e-02
32836: 2.046154e+00 1.584615e+00 1.561538e+00 6.307692e-01 1.461538e-01 3.076923e-02
32836: 2.045802e+00 1.580153e+00 1.572519e+00 6.259542e-01 1.450382e-01 3.053435e-02
32836: 2.045455e+00 1.575758e+00 1.568182e+00 6.363636e-01 1.439394e-01 3.030303e-02
32836: 2.037594e+00 1.586466e+00 1.571429e+00 6.315789e-01 1.428571e-01 3.007519e-02
32836: 2.044776e+00 1.582090e+00 1.567164e+00 6.343284e-01 1.417910e-01 2.985075e-02
32836: 2.037037e+00 1.585185e+00 1.562963e+00 6.444444e-01 1.407407e-01 2.962963e-02
32836: 2.036765e+00 1.588235e+00 1.558824e+00 6.397059e-01 1.470588e-01 2.941176e-02
32836: 2.029197e+00 1.583942e+00 1.569343e+00 6.423358e-01 1.459854e-01 2.919708e-02
32836: 2.028986e+00 1.586957e+00 1.565217e+00 6.376812e-01 1.521739e-01 2.898551e-02
32836: 2.021583e+00 1.589928e+00 1.575540e+00 6.330935e-01 1.510791e-01 2.877698e-02
32836: 2.021429e+00 1.592857e+00 1.571429e+00 6.357143e-01 1.500000e-01 2.857143e-02
32836: 2.014184e+00 1.588652e+00 1.567376e+00 6.453901e-01 1.560284e-01 2.836879e-02
32836: 2.014085e+00 1.584507e+00 1.570423e+00 6.408451e-01 1.619718e-01 2.816901e-02
32836: 2.013986e+00 1.580420e+00 1.573427e+00 6.433566e-01 1.608392e-01 2.797203e-02
32836: 2.006944e+00 1.590278e+00 1.562500e+00 6.458333e-01 1.666667e-01 2.777778e-02
32836: 2.006897e+00 1.579310e+00 1.572414e+00 6.482759e-01 1.655172e-01 2.758621e-02
32836: 2.000000e+00 1.582192e+00 1.561644e+00 6.506849e-01 1.780822e-01 2.739726e-02
32836: 2.013605e+00 1.578231e+00 1.557823e+00 6.462585e-01 1.768707e-01 2.721088e-02
32836: 2.006757e+00 1.574324e+00 1.560811e+00 6.486486e-01 1.824324e-01 2.702703e-02
32836: 2.006711e+00 1.570470e+00 1.570470e+00 6.442953e-01 1.812081e-01 2.684564e-02
32836: 2.000000e+00 1.580000e+00 1.560000e+00 6.533333e-01 1.800000e-01 2.666667e-02
32836: 2.000000e+00 1.589404e+00 1.556291e+00 6.490066e-01 1.788079e-01 2.649007e-02
32836: 1.993421e+00 1.592105e+00 1.565789e+00 6.447368e-01 1.776316e-01 2.631579e-02
32836: 2.000000e+00 1.588235e+00 1.568627e+00 6.405229e-01 1.764706e-01 2.614379e-02
32836: 1.993506e+00 1.597403e+00 1.564935e+00 6.363636e-01 1.753247e-01 3.246753e-02
32836: 2.006452e+00 1.593548e+00 1.561290e+00 6.322581e-01 1.741935e-01 3.225806e-02
32836: 2.000000e+00 1.596154e+00 1.564103e+00 6.346154e-01 1.730769e-01 3.205128e-02
32836: 2.000000e+00 1.598726e+00 1.560510e+00 6.369427e-01 1.719745e-01 3.184713e-02
32836: 1.993671e+00 1.601266e+00 1.563291e+00 6.392405e-01 1.708861e-01 3.164557e-02
32836: 1.993711e+00 1.603774e+00 1.566038e+00 6.352201e-01 1.698113e-01 3.144654e-02
32836: 1.993750e+00 1.600000e+00 1.562500e+00 6.375000e-01 1.750000e-01 3.125000e-02
32836: 1.987578e+00 1.608696e+00 1.565217e+00 6.335404e-01 1.739130e-01 3.105590e-02
32836: 2.000000e+00 1.598765e+00 1.567901e+00 6.296296e-01 1.728395e-01 3.086420e-02
32836: 1.993865e+00 1.607362e+00 1.564417e+00 6.319018e-01 1.717791e-01 3.067485e-02
32836: 1.987805e+00 1.615854e+00 1.567073e+00 6.280488e-01 1.707317e-01 3.048780e-02
32836: 1.993939e+00 1.612121e+00 1.563636e+00 6.242424e-01 1.757576e-01 3.030303e-02
32836: 1.993976e+00 1.614458e+00 1.560241e+00 6.265060e-01 1.746988e-01 3.012048e-02
32836: 1.988024e+00 1.622754e+00 1.562874e+00 6.227545e-01 1.736527e-01 2.994012e-02
32836: 1.988095e+00 1.619048e+00 1.565476e+00 6.250000e-01 1.726190e-01 2.976190e-02
32836: 1.988166e+00 1.621302e+00 1.562130e+00 6.213018e-01 1.775148e-01 2.958580e-02
32836: 1.994118e+00 1.617647e+00 1.564706e+00 6.176471e-01 1.764706e-01 2.941176e-02
32836: 1.988304e+00 1.625731e+00 1.561404e+00 6.140351e-01 1.812865e-01 2.923977e-02
32836: 1.988372e+00 1.627907e+00 1.563953e+00 6.104651e-01 1.802326e-01 2.906977e-02
32836: 1.988439e+00 1.618497e+00 1.566474e+00 6.127168e-01 1.849711e-01 2.890173e-02
32836: 1.982759e+00 1.632184e+00 1.563218e+00 6.091954e-01 1.839080e-01 2.873563e-02
32836: 1.982857e+00 1.634286e+00 1.560000e+00 6.057143e-01 1.885714e-01 2.857143e-02
32836: 1.977273e+00 1.630682e+00 1.568182e+00 6.022727e-01 1.931818e-01 2.840909e-02
32836: 1.977401e+00 1.627119e+00 1.576271e+00 5.988701e-01 1.920904e-01 2.824859e-02
32836: 1.971910e+00 1.634831e+00 1.573034e+00 6.011236e-01 1.910112e-01 2.808989e-02
32836: 1.977654e+00 1.631285e+00 1.569832e+00 6.033520e-01 1.899441e-01 2.793296e-02
32836: 1.972222e+00 1.633333e+00 1.566667e+00 6.055556e-01 1.944444e-01 2.777778e-02
32836: 1.972376e+00 1.629834e+00 1.563536e+00 6.132597e-01 1.933702e-01 2.762431e-02
32836: 1.967033e+00 1.631868e+00 1.565934e+00 6.098901e-01 1.978022e-01 2.747253e-02
32836: 1.967213e+00 1.628415e+00 1.573770e+00 6.065574e-01 1.967213e-01 2.732240e-02
32836: 1.961957e+00 1.641304e+00 1.565217e+00 6.086957e-01 1.956522e-01 2.717391e-02
32836: 1.967568e+00 1.637838e+00 1.567568e+00 6.054054e-01 1.945946e-01 2.702703e-02
32836: 1.962366e+00 1.634409e+00 1.580645e+00 6.021505e-01 1.935484e-01 2.688172e-02
32836: 1.962567e+00 1.636364e+00 1.572193e+00 6.096257e-01 1.925134e-01 2.673797e-02
32836: 1.957447e+00 1.638298e+00 1.574468e+00 6.117021e-01 1.914894e-01 2.659574e-02
32836: 1.957672e+00 1.640212e+00 1.566138e+00 6.137566e-01 1.957672e-01 2.645503e-02
32836: 1.957895e+00 1.636842e+00 1.568421e+00 6.105263e-01 2.000000e-01 2.631579e-02
32836: 1.958115e+00 1.638743e+00 1.570681e+00 6.073298e-01 1.989529e-01 2.617801e-02
32836: 1.958333e+00 1.635417e+00 1.562500e+00 6.145833e-01 2.031250e-01 2.604167e-02
32836: 1.953368e+00 1.647668e+00 1.559585e+00 6.113990e-01 2.020725e-01 2.590674e-02
32836: 1.958763e+00 1.639175e+00 1.561856e+00 6.134021e-01 2.010309e-01 2.577320e-02
32836: 1.953846e+00 1.646154e+00 1.564103e+00 6.102564e-01 2.000000e-01 2.564103e-02
32836: 1.954082e+00 1.647959e+00 1.561224e+00 6.071429e-01 2.040816e-01 2.551020e-02
32836: 1.949239e+00 1.649746e+00 1.563452e+00 6.040609e-01 2.081218e-01 2.538071e-02
32836: 1.954545e+00 1.641414e+00 1.570707e+00 6.010101e-01 2.070707e-01 2.525253e-02
32836: 1.949749e+00 1.648241e+00 1.562814e+00 6.080402e-01 2.060302e-01 2.512563e-02
32836: 1.955000e+00 1.650000e+00 1.560000e+00 6.050000e-01 2.050000e-01 2.500000e-02
32836: 1.955224e+00 1.651741e+00 1.562189e+00 6.019900e-01 2.039801e-01 2.487562e-02
32836: 1.955446e+00 1.653465e+00 1.559406e+00 6.039604e-01 2.029703e-01 2.475248e-02
32836: 1.955665e+00 1.650246e+00 1.566502e+00 6.009852e-01 2.019704e-01 2.463054e-02
32836: 1.955882e+00 1.651961e+00 1.568627e+00 5.980392e-01 2.009804e-01 2.450980e-02
32836: 1.951220e+00 1.648780e+00 1.575610e+00 6.000000e-01 2.000000e-01 2.439024e-02
32836: 1.956311e+00 1.645631e+00 1.572816e+00 6.019417e-01 1.990291e-01 2.427184e-02
32836: 1.956522e+00 1.647343e+00 1.565217e+00 6.038647e-01 1.980676e-01 2.898551e-02
32836: 1.956731e+00 1.644231e+00 1.567308e+00 6.057692e-01 1.971154e-01 2.884615e-02
32836: 1.956938e+00 1.645933e+00 1.564593e+00 6.028708e-01 1.961722e-01 3.349282e-02
32836: 1.952381e+00 1.642857e+00 1.566667e+00 6.047619e-01 2.000000e-01 3.333333e-02
32836: 1.952607e+00 1.639810e+00 1.573460e+00 6.018957e-01 1.990521e-01 3.317536e-02
32836: 1.952830e+00 1.641509e+00 1.566038e+00 6.084906e-01 1.981132e-01 3.301887e-02
32836: 1.953052e+00 1.638498e+00 1.572770e+00 6.056338e-01 1.971831e-01 3.286385e-02
32836: 1.948598e+00 1.640187e+00 1.574766e+00 6.074766e-01 1.962617e-01 3.271028e-02
32836: 1.948837e+00 1.646512e+00 1.567442e+00 6.093023e-01 1.953488e-01 3.255814e-02
32836: 1.944444e+00 1.643519e+00 1.569444e+00 6.157407e-01 1.944444e-01 3.240741e-02
32836: 1.944700e+00 1.640553e+00 1.571429e+00 6.175115e-01 1.935484e-01 3.225806e-02
32836: 1.944954e+00 1.642202e+00 1.568807e+00 6.192661e-01 1.926606e-01 3.211009e-02
32836: 1.940639e+00 1.648402e+00 1.570776e+00 6.164384e-01 1.917808e-01 3.196347e-02
32836: 1.940909e+00 1.650000e+00 1.568182e+00 6.181818e-01 1.909091e-01 3.181818e-02
32836: 1.941176e+00 1.642534e+00 1.574661e+00 6.153846e-01 1.945701e-01 3.167421e-02
32836: 1.941441e+00 1.644144e+00 1.572072e+00 6.171171e-01 1.936937e-01 3.153153e-02
32836: 1.937220e+00 1.641256e+00 1.578475e+00 6.188341e-01 1.928251e-01 3.139013e-02
32836: 1.937500e+00 1.642857e+00 1.571429e+00 6.205357e-01 1.964286e-01 3.125000e-02
32836: 1.942222e+00 1.640000e+00 1.568889e+00 6.222222e-01 1.955556e-01 3.111111e-02
32836: 1.938053e+00 1.646018e+00 1.570796e+00 6.194690e-01 1.946903e-01 3.097345e-02
32836: 1.938326e+00 1.647577e+00 1.568282e+00 6.211454e-01 1.938326e-01 3.083700e-02
32836: 1.934211e+00 1.649123e+00 1.574561e+00 6.184211e-01 1.929825e-01 3.070175e-02
32836: 1.938865e+00 1.650655e+00 1.567686e+00 6.200873e-01 1.921397e-01 3.056769e-02
32836: 1.934783e+00 1.643478e+00 1.578261e+00 6.173913e-01 1.956522e-01 3.043478e-02
32836: 1.939394e+00 1.645022e+00 1.571429e+00 6.190476e-01 1.948052e-01 3.030303e-02
32836: 1.935345e+00 1.642241e+00 1.577586e+00 6.206897e-01 1.939655e-01 3.017241e-02
32836: 1.935622e+00 1.643777e+00 1.570815e+00 6.223176e-01 1.931330e-01 3.433476e-02
32836: 1.935897e+00 1.641026e+00 1.572650e+00 6.239316e-01 1.923077e-01 3.418803e-02
32836: 1.936170e+00 1.646809e+00 1.565957e+00 6.255319e-01 1.914894e-01 3.404255e-02
32836: 1.932203e+00 1.644068e+00 1.576271e+00 6.228814e-01 1.906780e-01 3.389831e-02
32836: 1.936709e+00 1.641350e+00 1.569620e+00 6.244726e-01 1.940928e-01 3.375527e-02
32836: 1.941176e+00 1.642857e+00 1.567227e+00 6.218487e-01 1.932773e-01 3.361345e-02
32836: 1.941423e+00 1.640167e+00 1.573222e+00 6.192469e-01 1.924686e-01 3.347280e-02
32836: 1.941667e+00 1.645833e+00 1.566667e+00 6.208333e-01 1.916667e-01 3.333333e-02
32836: 1.941909e+00 1.643154e+00 1.572614e+00 6.182573e-01 1.908714e-01 3.319502e-02
32836: 1.942149e+00 1.644628e+00 1.570248e+00 6.198347e-01 1.900826e-01 3.305785e-02
32836: 1.938272e+00 1.641975e+00 1.572016e+00 6.213992e-01 1.934156e-01 3.292181e-02
32836: 1.938525e+00 1.639344e+00 1.569672e+00 6.270492e-01 1.926230e-01 3.278689e-02
32836: 1.934694e+00 1.640816e+00 1.571429e+00 6.244898e-01 1.959184e-01 3.265306e-02
32836: 1.934959e+00 1.638211e+00 1.569106e+00 6.300813e-01 1.951220e-01 3.252033e-02
32836: 1.935223e+00 1.635628e+00 1.570850e+00 6.315789e-01 1.943320e-01 3.238866e-02
32836: 1.931452e+00 1.633065e+00 1.576613e+00 6.330645e-01 1.935484e-01 3.225806e-02
32836: 1.939759e+00 1.630522e+00 1.570281e+00 6.345382e-01 1.927711e-01 3.212851e-02
32836: 1.936000e+00 1.636000e+00 1.564000e+00 6.360000e-01 1.920000e-01 3.600000e-02
32836: 1.936255e+00 1.633466e+00 1.565737e+00 6.374502e-01 1.912351e-01 3.585657e-02
32836: 1.936508e+00 1.634921e+00 1.563492e+00 6.349206e-01 1.944444e-01 3.571429e-02
32836: 1.940711e+00 1.632411e+00 1.565217e+00 6.324111e-01 1.936759e-01 3.557312e-02
32836: 1.940945e+00 1.633858e+00 1.566929e+00 6.299213e-01 1.929134e-01 3.543307e-02
32836: 1.937255e+00 1.639216e+00 1.564706e+00 6.313725e-01 1.921569e-01 3.529412e-02
32836: 1.937500e+00 1.636719e+00 1.562500e+00 6.367188e-01 1.914062e-01 3.515625e-02
32836: 1.933852e+00 1.642023e+00 1.564202e+00 6.342412e-01 1.906615e-01 3.501946e-02
32836: 1.930233e+00 1.647287e+00 1.562016e+00 6.356589e-01 1.899225e-01 3.488372e-02
32836: 1.934363e+00 1.644788e+00 1.559846e+00 6.332046e-01 1.930502e-01 3.474903e-02
32836: 1.930769e+00 1.650000e+00 1.561538e+00 6.307692e-01 1.923077e-01 3.461538e-02
32836: 1.931034e+00 1.651341e+00 1.559387e+00 6.321839e-01 1.915709e-01 3.448276e-02
32836: 1.931298e+00 1.648855e+00 1.561069e+00 6.335878e-01 1.908397e-01 3.435115e-02
32836: 1.931559e+00 1.646388e+00 1.566540e+00 6.311787e-01 1.901141e-01 3.422053e-02
32836: 1.931818e+00 1.647727e+00 1.564394e+00 6.287879e-01 1.893939e-01 3.787879e-02
32836: 1.928302e+00 1.649057e+00 1.569811e+00 6.264151e-01 1.886792e-01 3.773585e-02
32836: 1.928571e+00 1.654135e+00 1.567669e+00 6.240602e-01 1.879699e-01 3.759398e-02
32836: 1.925094e+00 1.651685e+00 1.569288e+00 6.292135e-01 1.872659e-01 3.745318e-02
32836: 1.929104e+00 1.645522e+00 1.570896e+00 6.268657e-01 1.902985e-01 3.731343e-02
32836: 1.925651e+00 1.650558e+00 1.568773e+00 6.282528e-01 1.895911e-01 3.717472e-02
32836: 1.929630e+00 1.648148e+00 1.566667e+00 6.296296e-01 1.888889e-01 3.703704e-02
32836: 1.933579e+00 1.649446e+00 1.564576e+00 6.273063e-01 1.881919e-01 3.690037e-02
32836: 1.930147e+00 1.647059e+00 1.569853e+00 6.250000e-01 1.911765e-01 3.676471e-02
32836: 1.934066e+00 1.648352e+00 1.567766e+00 6.227106e-01 1.904762e-01 3.663004e-02
32836: 1.934307e+00 1.649635e+00 1.569343e+00 6.204380e-01 1.897810e-01 3.649635e-02
32836: 1.930909e+00 1.643636e+00 1.578182e+00 6.218182e-01 1.890909e-01 3.636364e-02
32836: 1.934783e+00 1.644928e+00 1.572464e+00 6.231884e-01 1.884058e-01 3.623188e-02
32836: 1.935018e+00 1.642599e+00 1.570397e+00 6.245487e-01 1.913357e-01 3.610108e-02
32836: 1.935252e+00 1.640288e+00 1.571942e+00 6.258993e-01 1.906475e-01 3.597122e-02
32836: 1.931900e+00 1.645161e+00 1.566308e+00 6.308244e-01 1.899642e-01 3.584229e-02
32836: 1.939286e+00 1.642857e+00 1.564286e+00 6.285714e-01 1.892857e-01 3.571429e-02
32836: 1.939502e+00 1.647687e+00 1.562278e+00 6.263345e-01 1.886121e-01 3.558719e-02
32836: 1.936170e+00 1.645390e+00 1.570922e+00 6.241135e-01 1.879433e-01 3.546099e-02
32836: 1.936396e+00 1.643110e+00 1.568905e+00 6.289753e-01 1.872792e-01 3.533569e-02
32836: 1.936620e+00 1.644366e+00 1.566901e+00 6.267606e-01 1.866197e-01 3.873239e-02
32836: 1.933333e+00 1.642105e+00 1.571930e+00 6.245614e-01 1.859649e-01 4.210526e-02
32836: 1.937063e+00 1.639860e+00 1.566434e+00 6.293706e-01 1.853147e-01 4.195804e-02
32836: 1.937282e+00 1.641115e+00 1.567944e+00 6.271777e-01 1.846690e-01 4.181185e-02
32836: 1.934028e+00 1.642361e+00 1.565972e+00 6.284722e-01 1.875000e-01 4.166667e-02
32836: 1.934256e+00 1.643599e+00 1.567474e+00 6.262976e-01 1.868512e-01 4.152249e-02
32836: 1.931034e+00 1.641379e+00 1.568966e+00 6.275862e-01 1.896552e-01 4.137931e-02
32836: 1.931271e+00 1.642612e+00 1.567010e+00 6.288660e-01 1.890034e-01 4.123711e-02
32836: 1.928082e+00 1.640411e+00 1.568493e+00 6.301370e-01 1.917808e-01 4.109589e-02
32836: 1.928328e+00 1.638225e+00 1.566553e+00 6.279863e-01 1.979522e-01 4.095563e-02
32836: 1.925170e+00 1.642857e+00 1.568027e+00 6.258503e-01 1.972789e-01 4.081633e-02
32836: 1.925424e+00 1.647458e+00 1.566102e+00 6.237288e-01 1.966102e-01 4.067797e-02
32836: 1.922297e+00 1.648649e+00 1.570946e+00 6.216216e-01 1.959459e-01 4.054054e-02
32836: 1.922559e+00 1.649832e+00 1.565657e+00 6.262626e-01 1.952862e-01 4.040404e-02
32836: 1.919463e+00 1.651007e+00 1.567114e+00 6.241611e-01 1.946309e-01 4.362416e-02
32836: 1.919732e+00 1.648829e+00 1.568562e+00 6.254181e-01 1.939799e-01 4.347826e-02
32836: 1.920000e+00 1.650000e+00 1.566667e+00 6.266667e-01 1.933333e-01 4.333333e-02
32836: 1.916944e+00 1.647841e+00 1.571429e+00 6.279070e-01 1.926910e-01 4.318937e-02
32836: 1.917219e+00 1.649007e+00 1.566225e+00 6.324503e-01 1.920530e-01 4.304636e-02
32836: 1.914191e+00 1.643564e+00 1.574257e+00 6.336634e-01 1.914191e-01 4.290429e-02
32836: 1.914474e+00 1.644737e+00 1.569079e+00 6.381579e-01 1.907895e-01 4.276316e-02
32836: 1.914754e+00 1.642623e+00 1.573770e+00 6.360656e-01 1.901639e-01 4.262295e-02
32836: 1.911765e+00 1.647059e+00 1.568627e+00 6.372549e-01 1.928105e-01 4.248366e-02
32836: 1.918567e+00 1.644951e+00 1.566775e+00 6.351792e-01 1.921824e-01 4.234528e-02
32836: 1.918831e+00 1.649351e+00 1.564935e+00 6.331169e-01 1.915584e-01 4.220779e-02
32836: 1.919094e+00 1.647249e+00 1.569579e+00 6.310680e-01 1.909385e-01 4.207120e-02
32836: 1.916129e+00 1.648387e+00 1.570968e+00 6.290323e-01 1.903226e-01 4.516129e-02
32836: 1.916399e+00 1.649518e+00 1.569132e+00 6.302251e-01 1.897106e-01 4.501608e-02
32836: 1.913462e+00 1.644231e+00 1.576923e+00 6.282051e-01 1.923077e-01 4.487179e-02
32836: 1.913738e+00 1.645367e+00 1.571885e+00 6.325879e-01 1.916933e-01 4.472843e-02
32836: 1.910828e+00 1.649682e+00 1.570064e+00 6.337580e-01 1.910828e-01 4.458599e-02
32836: 1.911111e+00 1.647619e+00 1.571429e+00 6.349206e-01 1.904762e-01 4.444444e-02
32836: 1.908228e+00 1.648734e+00 1.572785e+00 6.360759e-01 1.898734e-01 4.430380e-02
32836: 1.908517e+00 1.646688e+00 1.570978e+00 6.372240e-01 1.924290e-01 4.416404e-02
32836: 1.905660e+00 1.650943e+00 1.569182e+00 6.383648e-01 1.918239e-01 4.402516e-02
32836: 1.909091e+00 1.645768e+00 1.570533e+00 6.394984e-01 1.912226e-01 4.388715e-02
32836: 1.906250e+00 1.643750e+00 1.568750e+00 6.406250e-01 1.968750e-01 4.375000e-02
32836: 1.909657e+00 1.644860e+00 1.566978e+00 6.386293e-01 1.962617e-01 4.361371e-02
32836: 1.906832e+00 1.645963e+00 1.571429e+00 6.366460e-01 1.956522e-01 4.347826e-02
32836: 1.910217e+00 1.643963e+00 1.566563e+00 6.408669e-01 1.950464e-01 4.334365e-02
32836: 1.907407e+00 1.645062e+00 1.567901e+00 6.419753e-01 1.944444e-01 4.320988e-02
32836: 1.910769e+00 1.643077e+00 1.566154e+00 6.430769e-01 1.938462e-01 4.307692e-02
32836: 1.907975e+00 1.644172e+00 1.567485e+00 6.441718e-01 1.932515e-01 4.294479e-02
32836: 1.908257e+00 1.642202e+00 1.568807e+00 6.422018e-01 1.957187e-01 4.281346e-02
32836: 1.905488e+00 1.646341e+00 1.570122e+00 6.402439e-01 1.951220e-01 4.268293e-02
32836: 1.905775e+00 1.644377e+00 1.565350e+00 6.474164e-01 1.945289e-01 4.255319e-02
32836: 1.906061e+00 1.645455e+00 1.563636e+00 6.484848e-01 1.939394e-01 4.242424e-02
32836: 1.906344e+00 1.643505e+00 1.567976e+00 6.465257e-01 1.933535e-01 4.229607e-02
32836: 1.906627e+00 1.644578e+00 1.569277e+00 6.445783e-01 1.927711e-01 4.216867e-02
32836: 1.903904e+00 1.645646e+00 1.570571e+00 6.456456e-01 1.921922e-01 4.204204e-02
32836: 1.907186e+00 1.643713e+00 1.565868e+00 6.497006e-01 1.916168e-01 4.191617e-02
32836: 1.910448e+00 1.641791e+00 1.567164e+00 6.477612e-01 1.910448e-01 4.179104e-02
32836: 1.910714e+00 1.642857e+00 1.568452e+00 6.458333e-01 1.904762e-01 4.166667e-02
32836: 1.910979e+00 1.640950e+00 1.569733e+00 6.468843e-01 1.899110e-01 4.154303e-02
32836: 1.911243e+00 1.639053e+00 1.571006e+00 6.449704e-01 1.923077e-01 4.142012e-02
32836: 1.908555e+00 1.640118e+00 1.569322e+00 6.460177e-01 1.946903e-01 4.129794e-02
32836: 1.908824e+00 1.641176e+00 1.570588e+00 6.441176e-01 1.941176e-01 4.117647e-02
32836: 1.906158e+00 1.639296e+00 1.568915e+00 6.480938e-01 1.935484e-01 4.398827e-02
32836: 1.906433e+00 1.637427e+00 1.570175e+00 6.491228e-01 1.929825e-01 4.385965e-02
32836: 1.903790e+00 1.638484e+00 1.571429e+00 6.501458e-01 1.924198e-01 4.373178e-02
32836: 1.904070e+00 1.633721e+00 1.572674e+00 6.540698e-01 1.918605e-01 4.360465e-02
32836: 1.901449e+00 1.640580e+00 1.568116e+00 6.550725e-01 1.913043e-01 4.347826e-02
32836: 1.901734e+00 1.644509e+00 1.566474e+00 6.531792e-01 1.907514e-01 4.335260e-02
32836: 1.899135e+00 1.645533e+00 1.570605e+00 6.512968e-01 1.902017e-01 4.322767e-02
32836: 1.902299e+00 1.643678e+00 1.566092e+00 6.551724e-01 1.896552e-01 4.310345e-02
32836: 1.902579e+00 1.644699e+00 1.564470e+00 6.532951e-01 1.919771e-01 4.297994e-02
32836: 1.900000e+00 1.645714e+00 1.565714e+00 6.542857e-01 1.914286e-01 4.285714e-02
32836: 1.900285e+00 1.643875e+00 1.566952e+00 6.552707e-01 1.908832e-01 4.273504e-02
32836: 1.897727e+00 1.647727e+00 1.568182e+00 6.534091e-01 1.903409e-01 4.261364e-02
32836: 1.898017e+00 1.645892e+00 1.569405e+00 6.543909e-01 1.898017e-01 4.249292e-02
32836: 1.898305e+00 1.649718e+00 1.567797e+00 6.525424e-01 1.892655e-01 4.237288e-02
32836: 1.898592e+00 1.650704e+00 1.569014e+00 6.507042e-01 1.887324e-01 4.225352e-02
32836: 1.896067e+00 1.648876e+00 1.570225e+00 6.516854e-01 1.910112e-01 4.213483e-02
32836: 1.896359e+00 1.647059e+00 1.568627e+00 6.554622e-01 1.904762e-01 4.201681e-02
32836: 1.893855e+00 1.648045e+00 1.569832e+00 6.564246e-01 1.899441e-01 4.189944e-02
32836: 1.896936e+00 1.646240e+00 1.568245e+00 6.573816e-01 1.894150e-01 4.178273e-02
32836: 1.897222e+00 1.647222e+00 1.569444e+00 6.555556e-01 1.888889e-01 4.166667e-02
32836: 1.897507e+00 1.648199e+00 1.567867e+00 6.565097e-01 1.883657e-01 4.155125e-02
32836: 1.897790e+00 1.643646e+00 1.571823e+00 6.574586e-01 1.878453e-01 4.143646e-02
32836: 1.895317e+00 1.647383e+00 1.567493e+00 6.584022e-01 1.900826e-01 4.132231e-02
32836: 1.895604e+00 1.645604e+00 1.571429e+00 6.565934e-01 1.895604e-01 4.120879e-02
32836: 1.893151e+00 1.649315e+00 1.569863e+00 6.575342e-01 1.890411e-01 4.109589e-02
32836: 1.896175e+00 1.647541e+00 1.571038e+00 6.557377e-01 1.885246e-01 4.098361e-02
32836: 1.896458e+00 1.648501e+00 1.569482e+00 6.566757e-01 1.880109e-01 4.087193e-02
32836: 1.894022e+00 1.646739e+00 1.573370e+00 6.576087e-01 1.875000e-01 4.076087e-02
32836: 1.894309e+00 1.647696e+00 1.571816e+00 6.585366e-01 1.869919e-01 4.065041e-02
32836: 1.894595e+00 1.648649e+00 1.570270e+00 6.594595e-01 1.864865e-01 4.054054e-02
32836: 1.894879e+00 1.646900e+00 1.568733e+00 6.630728e-01 1.859838e-01 4.043127e-02
32836: 1.892473e+00 1.647849e+00 1.567204e+00 6.639785e-01 1.854839e-01 4.301075e-02
32836: 1.895442e+00 1.646113e+00 1.568365e+00 6.621984e-01 1.849866e-01 4.289544e-02
32836: 1.895722e+00 1.647059e+00 1.566845e+00 6.604278e-01 1.871658e-01 4.278075e-02
32836: 1.896000e+00 1.645333e+00 1.570667e+00 6.586667e-01 1.866667e-01 4.266667e-02
32836: 1.893617e+00 1.646277e+00 1.569149e+00 6.595745e-01 1.888298e-01 4.255319e-02
32836: 1.893899e+00 1.644562e+00 1.567639e+00 6.631300e-01 1.883289e-01 4.244032e-02
32836: 1.891534e+00 1.648148e+00 1.566138e+00 6.613757e-01 1.904762e-01 4.232804e-02
32836: 1.894459e+00 1.646438e+00 1.564644e+00 6.596306e-01 1.926121e-01 4.221636e-02
32836: 1.894737e+00 1.650000e+00 1.563158e+00 6.578947e-01 1.921053e-01 4.210526e-02
32836: 1.895013e+00 1.650919e+00 1.564304e+00 6.561680e-01 1.916010e-01 4.199475e-02
32836: 1.895288e+00 1.649215e+00 1.565445e+00 6.570681e-01 1.910995e-01 4.188482e-02
32836: 1.892950e+00 1.652742e+00 1.566580e+00 6.553525e-01 1.906005e-01 4.177546e-02
32836: 1.893229e+00 1.653646e+00 1.567708e+00 6.536458e-01 1.901042e-01 4.166667e-02
32836: 1.893506e+00 1.654545e+00 1.566234e+00 6.545455e-01 1.896104e-01 4.155844e-02
32836: 1.893782e+00 1.652850e+00 1.567358e+00 6.554404e-01 1.891192e-01 4.145078e-02
32836: 1.891473e+00 1.656331e+00 1.565891e+00 6.537468e-01 1.912145e-01 4.134367e-02
32836: 1.894330e+00 1.654639e+00 1.567010e+00 6.520619e-01 1.907216e-01 4.123711e-02
32836: 1.892031e+00 1.658098e+00 1.565553e+00 6.503856e-01 1.928021e-01 4.113111e-02
32836: 1.892308e+00 1.658974e+00 1.566667e+00 6.487179e-01 1.923077e-01 4.102564e-02
32836: 1.892583e+00 1.659847e+00 1.565217e+00 6.496164e-01 1.918159e-01 4.092072e-02
32836: 1.890306e+00 1.658163e+00 1.568878e+00 6.505102e-01 1.913265e-01 4.081633e-02
32836: 1.890585e+00 1.656489e+00 1.569975e+00 6.513995e-01 1.908397e-01 4.071247e-02
32836: 1.888325e+00 1.657360e+00 1.573604e+00 6.497462e-01 1.903553e-01 4.060914e-02
32836: 1.888608e+00 1.660759e+00 1.569620e+00 6.506329e-01 1.898734e-01 4.050633e-02
32836: 1.886364e+00 1.661616e+00 1.570707e+00 6.489899e-01 1.919192e-01 4.040404e-02
32836: 1.889169e+00 1.659950e+00 1.569270e+00 6.498741e-01 1.914358e-01 4.030227e-02
32836: 1.886935e+00 1.663317e+00 1.567839e+00 6.507538e-01 1.909548e-01 4.020101e-02
32836: 1.887218e+00 1.661654e+00 1.568922e+00 6.491228e-01 1.929825e-01 4.010025e-02
32836: 1.885000e+00 1.662500e+00 1.570000e+00 6.475000e-01 1.950000e-01 4.000000e-02
32836: 1.887781e+00 1.660848e+00 1.568579e+00 6.483791e-01 1.945137e-01 3.990025e-02
32836: 1.885572e+00 1.664179e+00 1.569652e+00 6.467662e-01 1.940299e-01 3.980100e-02
32836: 1.885856e+00 1.665012e+00 1.570720e+00 6.451613e-01 1.935484e-01 3.970223e-02
32836: 1.886139e+00 1.663366e+00 1.566832e+00 6.485149e-01 1.955446e-01 3.960396e-02
32836: 1.883951e+00 1.666667e+00 1.567901e+00 6.469136e-01 1.950617e-01 3.950617e-02
32836: 1.884236e+00 1.665025e+00 1.568966e+00 6.477833e-01 1.945813e-01 3.940887e-02
32836: 1.882064e+00 1.665848e+00 1.572482e+00 6.461916e-01 1.941032e-01 3.931204e-02
32836: 1.884804e+00 1.664216e+00 1.568627e+00 6.495098e-01 1.936275e-01 3.921569e-02
32836: 1.882641e+00 1.667482e+00 1.569682e+00 6.479218e-01 1.931540e-01 3.911980e-02
32836: 1.887805e+00 1.665854e+00 1.568293e+00 6.463415e-01 1.926829e-01 3.902439e-02
32836: 1.885645e+00 1.669100e+00 1.569343e+00 6.447689e-01 1.922141e-01 3.892944e-02
32836: 1.885922e+00 1.669903e+00 1.570388e+00 6.432039e-01 1.917476e-01 3.883495e-02
32836: 1.886199e+00 1.670702e+00 1.566586e+00 6.464891e-01 1.912833e-01 3.874092e-02
32836: 1.886473e+00 1.669082e+00 1.570048e+00 6.449275e-01 1.908213e-01 3.864734e-02
32836: 1.884337e+00 1.669880e+00 1.571084e+00 6.457831e-01 1.903614e-01 3.855422e-02
32836: 1.889423e+00 1.668269e+00 1.567308e+00 6.466346e-01 1.899038e-01 3.846154e-02
32836: 1.889688e+00 1.669065e+00 1.565947e+00 6.450839e-01 1.918465e-01 3.836930e-02
32836: 1.887560e+00 1.667464e+00 1.566986e+00 6.459330e-01 1.937799e-01 3.827751e-02
32836: 1.887828e+00 1.668258e+00 1.565632e+00 6.467780e-01 1.933174e-01 3.818616e-02
32836: 1.885714e+00 1.671429e+00 1.566667e+00 6.452381e-01 1.928571e-01 3.809524e-02
32836: 1.888361e+00 1.669834e+00 1.567696e+00 6.437055e-01 1.923990e-01 3.800475e-02
32836: 1.888626e+00 1.670616e+00 1.568720e+00 6.421801e-01 1.919431e-01 3.791469e-02
32836: 1.888889e+00 1.666667e+00 1.569740e+00 6.430260e-01 1.938534e-01 3.782506e-02
32836: 1.889151e+00 1.667453e+00 1.570755e+00 6.415094e-01 1.933962e-01 3.773585e-02
32836: 1.887059e+00 1.665882e+00 1.569412e+00 6.447059e-01 1.952941e-01 3.764706e-02
32836: 1.887324e+00 1.669014e+00 1.568075e+00 6.431925e-01 1.948357e-01 3.755869e-02
32836: 1.885246e+00 1.669789e+00 1.569087e+00 6.416862e-01 1.967213e-01 3.747073e-02
32836: 1.885514e+00 1.668224e+00 1.570093e+00 6.401869e-01 1.985981e-01 3.738318e-02
32836: 1.885781e+00 1.668998e+00 1.566434e+00 6.410256e-01 2.004662e-01 3.729604e-02
32836: 1.883721e+00 1.669767e+00 1.569767e+00 6.395349e-01 2.000000e-01 3.720930e-02
32836: 1.886311e+00 1.665893e+00 1.570766e+00 6.403712e-01 1.995360e-01 3.712297e-02
32836: 1.886574e+00 1.666667e+00 1.569444e+00 6.412037e-01 1.990741e-01 3.703704e-02
32836: 1.886836e+00 1.662818e+00 1.572748e+00 6.420323e-01 1.986143e-01 3.695150e-02
32836: 1.884793e+00 1.663594e+00 1.571429e+00 6.451613e-01 1.981567e-01 3.686636e-02
32836: 1.885057e+00 1.666667e+00 1.567816e+00 6.459770e-01 1.977011e-01 3.678161e-02
32836: 1.885321e+00 1.665138e+00 1.571101e+00 6.444954e-01 1.972477e-01 3.669725e-02
32836: 1.883295e+00 1.665904e+00 1.569794e+00 6.475973e-01 1.967963e-01 3.661327e-02
32836: 1.883562e+00 1.664384e+00 1.570776e+00 6.484018e-01 1.963470e-01 3.652968e-02
32836: 1.881549e+00 1.667426e+00 1.567198e+00 6.492027e-01 1.981777e-01 3.644647e-02
32836: 1.884091e+00 1.668182e+00 1.565909e+00 6.477273e-01 1.977273e-01 3.636364e-02
32836: 1.882086e+00 1.664399e+00 1.571429e+00 6.462585e-01 1.995465e-01 3.628118e-02
32836: 1.882353e+00 1.665158e+00 1.567873e+00 6.493213e-01 1.990950e-01 3.619910e-02
32836: 1.880361e+00 1.665914e+00 1.568849e+00 6.478555e-01 2.009029e-01 3.611738e-02
32836: 1.880631e+00 1.666667e+00 1.567568e+00 6.486486e-01 2.004505e-01 3.603604e-02
32836: 1.878652e+00 1.665169e+00 1.570787e+00 6.494382e-01 2.000000e-01 3.595506e-02
32836: 1.878924e+00 1.668161e+00 1.567265e+00 6.502242e-01 1.995516e-01 3.587444e-02
32836: 1.876957e+00 1.666667e+00 1.572707e+00 6.487696e-01 1.991051e-01 3.579418e-02
32836: 1.879464e+00 1.665179e+00 1.571429e+00 6.495536e-01 1.986607e-01 3.571429e-02
32836: 1.881960e+00 1.665924e+00 1.567929e+00 6.503341e-01 1.982183e-01 3.563474e-02
32836: 1.882222e+00 1.664444e+00 1.568889e+00 6.488889e-01 2.000000e-01 3.555556e-02
32836: 1.880266e+00 1.667406e+00 1.569845e+00 6.474501e-01 1.995565e-01 3.547672e-02
32836: 1.880531e+00 1.663717e+00 1.575221e+00 6.460177e-01 1.991150e-01 3.539823e-02
32836: 1.883002e+00 1.664459e+00 1.571744e+00 6.467991e-01 1.986755e-01 3.532009e-02
32836: 1.881057e+00 1.665198e+00 1.570485e+00 6.475771e-01 2.004405e-01 3.524229e-02
32836: 1.883516e+00 1.661538e+00 1.569231e+00 6.505495e-01 2.000000e-01 3.516484e-02
32836: 1.881579e+00 1.662281e+00 1.567982e+00 6.513158e-01 2.017544e-01 3.508772e-02
32836: 1.881838e+00 1.665208e+00 1.566740e+00 6.498906e-01 2.013129e-01 3.501094e-02
32836: 1.882096e+00 1.663755e+00 1.569869e+00 6.484716e-01 2.008734e-01 3.493450e-02
32836: 1.884532e+00 1.664488e+00 1.568627e+00 6.470588e-01 2.004357e-01 3.485839e-02
32836: 1.882609e+00 1.663043e+00 1.571739e+00 6.456522e-01 2.021739e-01 3.478261e-02
32836: 1.882863e+00 1.663774e+00 1.570499e+00 6.464208e-01 2.017354e-01 3.470716e-02
32836: 1.883117e+00 1.662338e+00 1.569264e+00 6.471861e-01 2.012987e-01 3.679654e-02
32836: 1.881210e+00 1.663067e+00 1.568035e+00 6.501080e-01 2.008639e-01 3.671706e-02
32836: 1.881466e+00 1.663793e+00 1.568966e+00 6.487069e-01 2.004310e-01 3.663793e-02
32836: 1.883871e+00 1.662366e+00 1.567742e+00 6.494624e-01 2.000000e-01 3.655914e-02
32836: 1.884120e+00 1.660944e+00 1.568670e+00 6.502146e-01 1.995708e-01 3.648069e-02
32836: 1.882227e+00 1.663812e+00 1.567452e+00 6.488223e-01 1.991435e-01 3.854390e-02
32836: 1.882479e+00 1.666667e+00 1.566239e+00 6.474359e-01 1.987179e-01 3.846154e-02
32836: 1.880597e+00 1.665245e+00 1.569296e+00 6.481876e-01 1.982942e-01 3.837953e-02
32836: 1.885106e+00 1.663830e+00 1.568085e+00 6.468085e-01 1.978723e-01 3.829787e-02
32836: 1.885350e+00 1.666667e+00 1.566879e+00 6.454352e-01 1.974522e-01 3.821656e-02
32836: 1.885593e+00 1.665254e+00 1.569915e+00 6.440678e-01 1.970339e-01 3.813559e-02
32836: 1.883721e+00 1.665962e+00 1.570825e+00 6.448203e-01 1.966173e-01 3.805497e-02
32836: 1.883966e+00 1.668776e+00 1.567511e+00 6.455696e-01 1.962025e-01 3.797468e-02
32836: 1.882105e+00 1.667368e+00 1.570526e+00 6.442105e-01 1.978947e-01 3.789474e-02
32836: 1.882353e+00 1.668067e+00 1.567227e+00 6.470588e-01 1.974790e-01 3.781513e-02
32836: 1.880503e+00 1.668763e+00 1.568134e+00 6.477987e-01 1.970650e-01 3.773585e-02
32836: 1.880753e+00 1.669456e+00 1.566946e+00 6.485356e-01 1.966527e-01 3.765690e-02
32836: 1.878914e+00 1.670146e+00 1.569937e+00 6.471816e-01 1.962422e-01 3.757829e-02
32836: 1.877083e+00 1.668750e+00 1.572917e+00 6.479167e-01 1.958333e-01 3.750000e-02
32836: 1.877339e+00 1.669439e+00 1.569647e+00 6.486486e-01 1.975052e-01 3.742204e-02
32836: 1.875519e+00 1.670124e+00 1.570539e+00 6.493776e-01 1.970954e-01 3.734440e-02
32836: 1.877847e+00 1.670807e+00 1.567288e+00 6.501035e-01 1.966874e-01 3.726708e-02
32836: 1.876033e+00 1.669421e+00 1.568182e+00 6.487603e-01 2.004132e-01 3.719008e-02
32836: 1.876289e+00 1.670103e+00 1.569072e+00 6.474227e-01 2.000000e-01 3.711340e-02
32836: 1.874486e+00 1.666667e+00 1.572016e+00 6.502058e-01 1.995885e-01 3.703704e-02
32836: 1.876797e+00 1.665298e+00 1.568789e+00 6.529774e-01 1.991786e-01 3.696099e-02
32836: 1.877049e+00 1.665984e+00 1.569672e+00 6.516393e-01 1.987705e-01 3.688525e-02
32836: 1.875256e+00 1.666667e+00 1.568507e+00 6.543967e-01 1.983640e-01 3.680982e-02
32836: 1.877551e+00 1.667347e+00 1.567347e+00 6.530612e-01 1.979592e-01 3.673469e-02
32836: 1.875764e+00 1.668024e+00 1.570265e+00 6.517312e-01 1.975560e-01 3.665988e-02
32836: 1.878049e+00 1.666667e+00 1.569106e+00 6.524390e-01 1.971545e-01 3.658537e-02
32836: 1.876268e+00 1.667343e+00 1.569980e+00 6.531440e-01 1.967546e-01 3.651116e-02
32836: 1.876518e+00 1.665992e+00 1.570850e+00 6.538462e-01 1.963563e-01 3.643725e-02
32836: 1.874747e+00 1.668687e+00 1.569697e+00 6.545455e-01 1.959596e-01 3.636364e-02
32836: 1.875000e+00 1.667339e+00 1.570565e+00 6.532258e-01 1.975806e-01 3.629032e-02
32836: 1.873239e+00 1.668008e+00 1.569416e+00 6.559356e-01 1.971831e-01 3.621730e-02
32836: 1.873494e+00 1.668675e+00 1.568273e+00 6.546185e-01 1.967871e-01 3.815261e-02
32836: 1.871743e+00 1.667335e+00 1.573146e+00 6.533066e-01 1.963928e-01 3.807615e-02
32836: 1.874000e+00 1.666000e+00 1.572000e+00 6.540000e-01 1.960000e-01 3.800000e-02
32836: 1.874251e+00 1.668663e+00 1.568862e+00 6.546906e-01 1.956088e-01 3.792415e-02
32836: 1.872510e+00 1.667331e+00 1.573705e+00 6.533865e-01 1.952191e-01 3.784861e-02
32836: 1.872763e+00 1.666004e+00 1.572565e+00 6.540755e-01 1.968191e-01 3.777336e-02
32836: 1.873016e+00 1.666667e+00 1.571429e+00 6.547619e-01 1.964286e-01 3.769841e-02
32836: 1.871287e+00 1.669307e+00 1.570297e+00 6.554455e-01 1.960396e-01 3.762376e-02
32836: 1.873518e+00 1.667984e+00 1.567194e+00 6.561265e-01 1.976285e-01 3.754941e-02
32836: 1.871795e+00 1.668639e+00 1.568047e+00 6.548323e-01 1.992110e-01 3.747535e-02
32836: 1.872047e+00 1.669291e+00 1.566929e+00 6.555118e-01 1.988189e-01 3.740157e-02
32836: 1.870334e+00 1.669941e+00 1.567780e+00 6.561886e-01 1.984283e-01 3.732809e-02
32836: 1.874510e+00 1.668627e+00 1.566667e+00 6.549020e-01 1.980392e-01 3.725490e-02
32836: 1.874755e+00 1.671233e+00 1.565558e+00 6.536204e-01 1.976517e-01 3.718200e-02
32836: 1.873047e+00 1.669922e+00 1.568359e+00 6.542969e-01 1.972656e-01 3.710938e-02
32836: 1.873294e+00 1.668616e+00 1.571150e+00 6.530214e-01 1.968811e-01 3.703704e-02
32836: 1.873541e+00 1.669261e+00 1.568093e+00 6.556420e-01 1.964981e-01 3.696498e-02
32836: 1.873786e+00 1.667961e+00 1.568932e+00 6.563107e-01 1.961165e-01 3.689320e-02
32836: 1.872093e+00 1.672481e+00 1.567829e+00 6.550388e-01 1.957364e-01 3.682171e-02
32836: 1.874275e+00 1.671180e+00 1.566731e+00 6.537718e-01 1.972921e-01 3.675048e-02
32836: 1.872587e+00 1.671815e+00 1.569498e+00 6.525097e-01 1.969112e-01 3.667954e-02
32836: 1.872832e+00 1.670520e+00 1.570328e+00 6.531792e-01 1.965318e-01 3.660886e-02
32836: 1.873077e+00 1.671154e+00 1.567308e+00 6.557692e-01 1.961538e-01 3.653846e-02
32836: 1.875240e+00 1.669866e+00 1.568138e+00 6.545106e-01 1.957774e-01 3.646833e-02
32836: 1.875479e+00 1.670498e+00 1.568966e+00 6.532567e-01 1.954023e-01 3.639847e-02
32836: 1.873805e+00 1.671128e+00 1.569790e+00 6.539197e-01 1.950287e-01 3.632887e-02
32836: 1.875954e+00 1.667939e+00 1.570611e+00 6.545802e-01 1.946565e-01 3.625954e-02
32836: 1.874286e+00 1.668571e+00 1.567619e+00 6.571429e-01 1.942857e-01 3.809524e-02
32836: 1.874525e+00 1.667300e+00 1.566540e+00 6.596958e-01 1.939163e-01 3.802281e-02
32836: 1.872865e+00 1.667932e+00 1.567362e+00 6.603416e-01 1.935484e-01 3.795066e-02
32836: 1.873106e+00 1.666667e+00 1.570076e+00 6.590909e-01 1.931818e-01 3.787879e-02
32836: 1.871456e+00 1.667297e+00 1.568998e+00 6.597353e-01 1.947070e-01 3.780718e-02
32836: 1.871698e+00 1.666038e+00 1.571698e+00 6.584906e-01 1.943396e-01 3.773585e-02
32836: 1.870056e+00 1.668550e+00 1.570621e+00 6.591337e-01 1.939736e-01 3.766478e-02
32836: 1.870301e+00 1.669173e+00 1.569549e+00 6.597744e-01 1.936090e-01 3.759398e-02
32836: 1.870544e+00 1.669794e+00 1.570356e+00 6.585366e-01 1.932458e-01 3.752345e-02
32836: 1.868914e+00 1.668539e+00 1.569288e+00 6.629213e-01 1.928839e-01 3.745318e-02
32836: 1.869159e+00 1.671028e+00 1.568224e+00 6.616822e-01 1.925234e-01 3.738318e-02
32836: 1.869403e+00 1.671642e+00 1.569030e+00 6.604478e-01 1.921642e-01 3.731343e-02
32836: 1.867784e+00 1.670391e+00 1.569832e+00 6.610801e-01 1.936685e-01 3.724395e-02
32836: 1.868030e+00 1.669145e+00 1.568773e+00 6.598513e-01 1.970260e-01 3.717472e-02
32836: 1.868275e+00 1.669759e+00 1.567718e+00 6.604824e-01 1.966605e-01 3.710575e-02
32836: 1.868519e+00 1.670370e+00 1.568519e+00 6.592593e-01 1.962963e-01 3.703704e-02
32836: 1.868762e+00 1.670980e+00 1.567468e+00 6.598891e-01 1.959335e-01 3.696858e-02
32836: 1.869004e+00 1.671587e+00 1.568266e+00 6.586716e-01 1.955720e-01 3.690037e-02
32836: 1.867403e+00 1.672192e+00 1.567219e+00 6.611418e-01 1.952118e-01 3.683241e-02
32836: 1.867647e+00 1.672794e+00 1.568015e+00 6.599265e-01 1.948529e-01 3.676471e-02
32836: 1.867890e+00 1.671560e+00 1.568807e+00 6.605505e-01 1.944954e-01 3.669725e-02
32836: 1.868132e+00 1.672161e+00 1.569597e+00 6.593407e-01 1.941392e-01 3.663004e-02
32836: 1.868373e+00 1.670932e+00 1.568556e+00 6.617916e-01 1.937843e-01 3.656307e-02
32836: 1.866788e+00 1.673358e+00 1.567518e+00 6.624088e-01 1.934307e-01 3.649635e-02
32836: 1.867031e+00 1.673953e+00 1.568306e+00 6.612022e-01 1.930783e-01 3.642987e-02
32836: 1.867273e+00 1.672727e+00 1.569091e+00 6.618182e-01 1.927273e-01 3.636364e-02
32836: 1.865699e+00 1.673321e+00 1.571688e+00 6.606171e-01 1.923775e-01 3.629764e-02
32836: 1.865942e+00 1.672101e+00 1.572464e+00 6.612319e-01 1.920290e-01 3.623188e-02
32836: 1.864376e+00 1.672694e+00 1.573237e+00 6.618445e-01 1.916817e-01 3.616637e-02
32836: 1.862816e+00 1.671480e+00 1.575812e+00 6.624549e-01 1.913357e-01 3.610108e-02
32836: 1.863063e+00 1.670270e+00 1.574775e+00 6.630631e-01 1.927928e-01 3.603604e-02
32836: 1.861511e+00 1.672662e+00 1.571942e+00 6.654676e-01 1.924460e-01 3.597122e-02
32836: 1.861759e+00 1.671454e+00 1.569120e+00 6.678636e-01 1.938959e-01 3.590664e-02
32836: 1.860215e+00 1.672043e+00 1.571685e+00 6.666667e-01 1.935484e-01 3.584229e-02
32836: 1.862254e+00 1.669052e+00 1.572451e+00 6.672630e-01 1.932021e-01 3.577818e-02
32836: 1.862500e+00 1.669643e+00 1.571429e+00 6.678571e-01 1.928571e-01 3.571429e-02
32836: 1.860963e+00 1.668449e+00 1.572193e+00 6.684492e-01 1.942959e-01 3.565062e-02
32836: 1.861210e+00 1.665480e+00 1.574733e+00 6.690391e-01 1.939502e-01 3.558719e-02
32836: 1.859680e+00 1.666075e+00 1.571936e+00 6.714032e-01 1.953819e-01 3.552398e-02
32836: 1.859929e+00 1.666667e+00 1.570922e+00 6.719858e-01 1.950355e-01 3.546099e-02
32836: 1.858407e+00 1.665487e+00 1.571681e+00 6.725664e-01 1.964602e-01 3.539823e-02
32836: 1.858657e+00 1.664311e+00 1.570671e+00 6.749117e-01 1.961131e-01 3.533569e-02
32836: 1.857143e+00 1.668430e+00 1.567901e+00 6.754850e-01 1.957672e-01 3.527337e-02
32836: 1.859155e+00 1.667254e+00 1.566901e+00 6.760563e-01 1.954225e-01 3.521127e-02
32836: 1.859402e+00 1.667838e+00 1.565905e+00 6.766257e-01 1.950791e-01 3.514938e-02
32836: 1.859649e+00 1.666667e+00 1.568421e+00 6.754386e-01 1.947368e-01 3.508772e-02
32836: 1.858144e+00 1.667250e+00 1.569177e+00 6.742557e-01 1.961471e-01 3.502627e-02
32836: 1.858392e+00 1.669580e+00 1.568182e+00 6.730769e-01 1.958042e-01 3.496503e-02
32836: 1.858639e+00 1.666667e+00 1.570681e+00 6.719023e-01 1.972077e-01 3.490401e-02
32836: 1.857143e+00 1.667247e+00 1.571429e+00 6.724739e-01 1.968641e-01 3.484321e-02
32836: 1.859130e+00 1.666087e+00 1.568696e+00 6.730435e-01 1.982609e-01 3.478261e-02
32836: 1.861111e+00 1.666667e+00 1.567708e+00 6.718750e-01 1.979167e-01 3.472222e-02
32836: 1.861352e+00 1.665511e+00 1.570191e+00 6.707106e-01 1.975737e-01 3.466205e-02
32836: 1.859862e+00 1.666090e+00 1.567474e+00 6.730104e-01 1.989619e-01 3.460208e-02
32836: 1.860104e+00 1.664940e+00 1.568221e+00 6.735751e-01 1.986183e-01 3.454231e-02
32836: 1.858621e+00 1.667241e+00 1.567241e+00 6.724138e-01 2.000000e-01 3.448276e-02
32836: 1.860585e+00 1.667814e+00 1.566265e+00 6.712565e-01 1.996558e-01 3.442341e-02
32836: 1.859107e+00 1.668385e+00 1.568729e+00 6.701031e-01 1.993127e-01 3.436426e-02
32836: 1.861063e+00 1.667238e+00 1.569468e+00 6.689537e-01 1.989708e-01 3.430532e-02
32836: 1.859589e+00 1.667808e+00 1.570205e+00 6.695205e-01 1.986301e-01 3.424658e-02
32836: 1.861538e+00 1.668376e+00 1.567521e+00 6.700855e-01 1.982906e-01 3.418803e-02
32836: 1.860068e+00 1.667235e+00 1.571672e+00 6.689420e-01 1.979522e-01 3.412969e-02
32836: 1.860307e+00 1.667802e+00 1.570698e+00 6.695060e-01 1.976150e-01 3.407155e-02
32836: 1.858844e+00 1.666667e+00 1.571429e+00 6.717687e-01 1.972789e-01 3.401361e-02
32836: 1.860781e+00 1.665535e+00 1.570458e+00 6.723260e-01 1.969440e-01 3.395586e-02
32836: 1.859322e+00 1.666102e+00 1.567797e+00 6.762712e-01 1.966102e-01 3.389831e-02
32836: 1.862944e+00 1.664975e+00 1.566836e+00 6.751269e-01 1.962775e-01 3.384095e-02
32836: 1.861486e+00 1.665541e+00 1.567568e+00 6.756757e-01 1.959459e-01 3.378378e-02
32836: 1.861720e+00 1.664418e+00 1.568297e+00 6.745363e-01 1.973019e-01 3.372681e-02
32836: 1.860269e+00 1.668350e+00 1.567340e+00 6.734007e-01 1.969697e-01 3.367003e-02
32836: 1.862185e+00 1.668908e+00 1.566387e+00 6.722689e-01 1.966387e-01 3.361345e-02
32836: 1.860738e+00 1.667785e+00 1.570470e+00 6.711409e-01 1.963087e-01 3.355705e-02
32836: 1.859296e+00 1.668342e+00 1.571189e+00 6.716918e-01 1.959799e-01 3.350084e-02
32836: 1.861204e+00 1.667224e+00 1.568562e+00 6.722408e-01 1.973244e-01 3.344482e-02
32836: 1.859766e+00 1.667780e+00 1.567613e+00 6.744574e-01 1.969950e-01 3.338898e-02
32836: 1.860000e+00 1.666667e+00 1.568333e+00 6.750000e-01 1.966667e-01 3.333333e-02
32836: 1.860233e+00 1.668885e+00 1.567388e+00 6.738769e-01 1.963394e-01 3.327787e-02
32836: 1.860465e+00 1.667774e+00 1.568106e+00 6.727575e-01 1.976744e-01 3.322259e-02
32836: 1.859038e+00 1.669983e+00 1.568823e+00 6.716418e-01 1.973466e-01 3.316750e-02
32836: 1.859272e+00 1.670530e+00 1.567881e+00 6.721854e-01 1.970199e-01 3.311258e-02
32836: 1.857851e+00 1.669421e+00 1.570248e+00 6.727273e-01 1.966942e-01 3.305785e-02
32836: 1.858086e+00 1.669967e+00 1.569307e+00 6.732673e-01 1.963696e-01 3.300330e-02
32836: 1.856672e+00 1.670511e+00 1.570016e+00 6.738056e-01 1.960461e-01 3.294893e-02
32836: 1.855263e+00 1.671053e+00 1.569079e+00 6.759868e-01 1.957237e-01 3.289474e-02
32836: 1.857143e+00 1.669951e+00 1.569787e+00 6.748768e-01 1.954023e-01 3.284072e-02
32836: 1.859016e+00 1.670492e+00 1.568852e+00 6.737705e-01 1.950820e-01 3.278689e-02
32836: 1.857610e+00 1.669394e+00 1.571195e+00 6.743044e-01 1.947627e-01 3.273322e-02
32836: 1.859477e+00 1.669935e+00 1.568627e+00 6.748366e-01 1.944444e-01 3.267974e-02
32836: 1.858075e+00 1.668842e+00 1.570962e+00 6.753670e-01 1.941272e-01 3.262643e-02
32836: 1.861564e+00 1.667752e+00 1.568404e+00 6.758958e-01 1.938111e-01 3.257329e-02
32836: 1.861789e+00 1.668293e+00 1.569106e+00 6.747967e-01 1.934959e-01 3.252033e-02
32836: 1.863636e+00 1.667208e+00 1.568182e+00 6.753247e-01 1.931818e-01 3.246753e-02
32836: 1.862237e+00 1.667747e+00 1.568882e+00 6.758509e-01 1.928687e-01 3.241491e-02
32836: 1.862460e+00 1.668285e+00 1.567961e+00 6.763754e-01 1.925566e-01 3.236246e-02
32836: 1.862682e+00 1.668821e+00 1.568659e+00 6.752827e-01 1.922456e-01 3.231018e-02
32836: 1.861290e+00 1.666129e+00 1.572581e+00 6.758065e-01 1.919355e-01 3.225806e-02
32836: 1.863124e+00 1.665056e+00 1.570048e+00 6.763285e-01 1.932367e-01 3.220612e-02
32836: 1.863344e+00 1.665595e+00 1.569132e+00 6.768489e-01 1.929260e-01 3.215434e-02
32836: 1.863563e+00 1.664526e+00 1.571429e+00 6.757624e-01 1.926164e-01 3.210273e-02
32836: 1.862179e+00 1.665064e+00 1.572115e+00 6.762821e-01 1.923077e-01 3.205128e-02
32836: 1.860800e+00 1.665600e+00 1.571200e+00 6.784000e-01 1.920000e-01 3.200000e-02
32836: 1.862620e+00 1.664537e+00 1.570288e+00 6.789137e-01 1.916933e-01 3.194888e-02
32836: 1.862839e+00 1.666667e+00 1.567783e+00 6.794258e-01 1.913876e-01 3.189793e-02
32836: 1.861465e+00 1.667197e+00 1.568471e+00 6.783439e-01 1.926752e-01 3.184713e-02
32836: 1.861685e+00 1.667727e+00 1.567568e+00 6.788553e-01 1.923688e-01 3.179650e-02
32836: 1.860317e+00 1.665079e+00 1.573016e+00 6.777778e-01 1.920635e-01 3.174603e-02
32836: 1.860539e+00 1.665610e+00 1.572108e+00 6.782884e-01 1.917591e-01 3.169572e-02
32836: 1.859177e+00 1.666139e+00 1.572785e+00 6.787975e-01 1.914557e-01 3.164557e-02
32836: 1.859400e+00 1.666667e+00 1.571880e+00 6.793049e-01 1.911532e-01 3.159558e-02
32836: 1.858044e+00 1.665615e+00 1.572555e+00 6.798107e-01 1.908517e-01 3.312303e-02
32836: 1.856693e+00 1.664567e+00 1.574803e+00 6.803150e-01 1.905512e-01 3.307087e-02
32836: 1.856918e+00 1.663522e+00 1.573899e+00 6.823899e-01 1.902516e-01 3.301887e-02
32836: 1.855573e+00 1.665620e+00 1.571429e+00 6.844584e-01 1.899529e-01 3.296703e-02
32836: 1.855799e+00 1.664577e+00 1.572100e+00 6.849530e-01 1.896552e-01 3.291536e-02
32836: 1.857590e+00 1.665102e+00 1.569640e+00 6.854460e-01 1.893584e-01 3.286385e-02
32836: 1.857813e+00 1.664062e+00 1.571875e+00 6.843750e-01 1.890625e-01 3.281250e-02
32836: 1.856474e+00 1.666147e+00 1.570983e+00 6.848674e-01 1.887676e-01 3.276131e-02
32836: 1.858255e+00 1.666667e+00 1.568536e+00 6.853583e-01 1.884735e-01 3.271028e-02
32836: 1.858476e+00 1.665630e+00 1.569207e+00 6.842924e-01 1.897356e-01 3.265941e-02
32836: 1.857143e+00 1.666149e+00 1.568323e+00 6.863354e-01 1.894410e-01 3.260870e-02
32836: 1.857364e+00 1.668217e+00 1.567442e+00 6.852713e-01 1.891473e-01 3.255814e-02
32836: 1.857585e+00 1.665635e+00 1.569659e+00 6.857585e-01 1.888545e-01 3.250774e-02
32836: 1.856260e+00 1.667697e+00 1.568779e+00 6.862442e-01 1.885626e-01 3.245750e-02
32836: 1.856481e+00 1.668210e+00 1.569444e+00 6.851852e-01 1.882716e-01 3.240741e-02
32836: 1.855162e+00 1.668721e+00 1.568567e+00 6.856703e-01 1.895223e-01 3.235747e-02
32836: 1.856923e+00 1.669231e+00 1.567692e+00 6.846154e-01 1.892308e-01 3.230769e-02
32836: 1.857143e+00 1.668203e+00 1.568356e+00 6.850998e-01 1.889401e-01 3.225806e-02
32836: 1.857362e+00 1.668712e+00 1.567485e+00 6.840491e-01 1.901840e-01 3.220859e-02
32836: 1.857580e+00 1.667688e+00 1.569678e+00 6.830015e-01 1.898928e-01 3.215926e-02
32836: 1.856269e+00 1.668196e+00 1.571865e+00 6.819572e-01 1.896024e-01 3.211009e-02
32836: 1.856489e+00 1.668702e+00 1.570992e+00 6.824427e-01 1.893130e-01 3.206107e-02
32836: 1.855183e+00 1.669207e+00 1.571646e+00 6.829268e-01 1.890244e-01 3.201220e-02
32836: 1.856925e+00 1.668189e+00 1.570776e+00 6.834094e-01 1.887367e-01 3.196347e-02
32836: 1.855623e+00 1.670213e+00 1.568389e+00 6.854103e-01 1.884498e-01 3.191489e-02
32836: 1.857360e+00 1.669196e+00 1.567527e+00 6.858877e-01 1.881639e-01 3.186646e-02
32836: 1.856061e+00 1.669697e+00 1.569697e+00 6.848485e-01 1.878788e-01 3.181818e-02
32836: 1.854766e+00 1.668684e+00 1.573374e+00 6.838124e-01 1.875946e-01 3.177005e-02
32836: 1.856495e+00 1.667674e+00 1.570997e+00 6.858006e-01 1.873112e-01 3.172205e-02
32836: 1.858220e+00 1.668175e+00 1.568627e+00 6.862745e-01 1.870287e-01 3.167421e-02
32836: 1.856928e+00 1.667169e+00 1.572289e+00 6.852410e-01 1.867470e-01 3.162651e-02
32836: 1.860150e+00 1.666165e+00 1.569925e+00 6.857143e-01 1.864662e-01 3.157895e-02
32836: 1.860360e+00 1.668168e+00 1.569069e+00 6.846847e-01 1.861862e-01 3.153153e-02
32836: 1.862069e+00 1.665667e+00 1.571214e+00 6.836582e-01 1.859070e-01 3.148426e-02
32836: 1.860778e+00 1.666168e+00 1.570359e+00 6.856287e-01 1.856287e-01 3.143713e-02
32836: 1.859492e+00 1.666667e+00 1.571001e+00 6.860987e-01 1.853513e-01 3.139013e-02
32836: 1.861194e+00 1.665672e+00 1.570149e+00 6.865672e-01 1.850746e-01 3.134328e-02
32836: 1.861401e+00 1.666170e+00 1.567809e+00 6.870343e-01 1.862891e-01 3.129657e-02
32836: 1.860119e+00 1.666667e+00 1.568452e+00 6.875000e-01 1.860119e-01 3.125000e-02
32836: 1.860327e+00 1.667162e+00 1.569094e+00 6.864785e-01 1.857355e-01 3.120357e-02
32836: 1.859050e+00 1.666172e+00 1.571217e+00 6.869436e-01 1.854599e-01 3.115727e-02
32836: 1.857778e+00 1.666667e+00 1.571852e+00 6.874074e-01 1.851852e-01 3.111111e-02
32836: 1.857988e+00 1.665680e+00 1.571006e+00 6.878698e-01 1.863905e-01 3.106509e-02
32836: 1.858198e+00 1.666174e+00 1.570162e+00 6.883309e-01 1.861152e-01 3.101920e-02
32836: 1.856932e+00 1.666667e+00 1.569322e+00 6.902655e-01 1.858407e-01 3.097345e-02
32836: 1.857143e+00 1.667158e+00 1.569956e+00 6.892489e-01 1.855670e-01 3.092784e-02
32836: 1.857353e+00 1.666176e+00 1.570588e+00 6.897059e-01 1.852941e-01 3.088235e-02
32836: 1.856094e+00 1.668135e+00 1.568282e+00 6.916300e-01 1.850220e-01 3.083700e-02
32836: 1.857771e+00 1.667155e+00 1.568915e+00 6.906158e-01 1.847507e-01 3.079179e-02
32836: 1.856515e+00 1.667643e+00 1.571010e+00 6.896047e-01 1.844802e-01 3.074671e-02
32836: 1.855263e+00 1.668129e+00 1.570175e+00 6.915205e-01 1.842105e-01 3.070175e-02
32836: 1.856934e+00 1.667153e+00 1.569343e+00 6.919708e-01 1.839416e-01 3.065693e-02
32836: 1.855685e+00 1.670554e+00 1.568513e+00 6.909621e-01 1.836735e-01 3.061224e-02
32836: 1.855895e+00 1.669578e+00 1.569141e+00 6.914119e-01 1.834061e-01 3.056769e-02
32836: 1.856105e+00 1.670058e+00 1.569767e+00 6.904070e-01 1.831395e-01 3.052326e-02
32836: 1.856313e+00 1.669086e+00 1.568940e+00 6.908563e-01 1.843251e-01 3.047896e-02
32836: 1.855072e+00 1.671014e+00 1.568116e+00 6.913043e-01 1.840580e-01 3.043478e-02
32836: 1.856729e+00 1.671491e+00 1.567294e+00 6.903039e-01 1.837916e-01 3.039074e-02
32836: 1.855491e+00 1.671965e+00 1.569364e+00 6.893064e-01 1.835260e-01 3.034682e-02
32836: 1.855700e+00 1.672439e+00 1.569986e+00 6.883117e-01 1.832612e-01 3.030303e-02
32836: 1.854467e+00 1.671470e+00 1.570605e+00 6.887608e-01 1.844380e-01 3.025937e-02
32836: 1.856115e+00 1.670504e+00 1.569784e+00 6.892086e-01 1.841727e-01 3.021583e-02
32836: 1.856322e+00 1.670977e+00 1.568966e+00 6.896552e-01 1.839080e-01 3.017241e-02
32836: 1.855093e+00 1.671449e+00 1.569584e+00 6.901004e-01 1.836442e-01 3.012912e-02
32836: 1.856734e+00 1.671920e+00 1.568768e+00 6.891117e-01 1.833811e-01 3.008596e-02
32836: 1.855508e+00 1.673820e+00 1.569385e+00 6.881259e-01 1.831187e-01 3.004292e-02
32836: 1.854286e+00 1.675714e+00 1.568571e+00 6.885714e-01 1.828571e-01 3.000000e-02
32836: 1.855920e+00 1.674750e+00 1.567760e+00 6.890157e-01 1.825963e-01 2.995720e-02
32836: 1.854701e+00 1.676638e+00 1.568376e+00 6.880342e-01 1.823362e-01 2.991453e-02
32836: 1.854908e+00 1.677098e+00 1.568990e+00 6.870555e-01 1.820768e-01 2.987198e-02
32836: 1.855114e+00 1.677557e+00 1.568182e+00 6.875000e-01 1.818182e-01 2.982955e-02
32836: 1.853901e+00 1.678014e+00 1.568794e+00 6.865248e-01 1.815603e-01 3.120567e-02
32836: 1.855524e+00 1.677054e+00 1.567989e+00 6.869688e-01 1.813031e-01 3.116147e-02
32836: 1.854314e+00 1.678925e+00 1.568600e+00 6.859972e-01 1.810467e-01 3.111740e-02
32836: 1.854520e+00 1.677966e+00 1.569209e+00 6.864407e-01 1.807910e-01 3.107345e-02
32836: 1.853315e+00 1.679831e+00 1.569817e+00 6.854725e-01 1.805360e-01 3.102962e-02
32836: 1.853521e+00 1.680282e+00 1.570423e+00 6.845070e-01 1.802817e-01 3.098592e-02
32836: 1.853727e+00 1.679325e+00 1.569620e+00 6.863572e-01 1.800281e-01 3.094233e-02
32836: 1.853933e+00 1.679775e+00 1.570225e+00 6.853933e-01 1.797753e-01 3.089888e-02
32836: 1.854137e+00 1.678822e+00 1.569425e+00 6.872370e-01 1.795231e-01 3.085554e-02
32836: 1.852941e+00 1.680672e+00 1.570028e+00 6.862745e-01 1.792717e-01 3.081232e-02
32836: 1.854545e+00 1.679720e+00 1.569231e+00 6.867133e-01 1.790210e-01 3.076923e-02
32836: 1.853352e+00 1.680168e+00 1.569832e+00 6.857542e-01 1.801676e-01 3.072626e-02
32836: 1.853556e+00 1.679219e+00 1.570432e+00 6.861925e-01 1.799163e-01 3.068340e-02
32836: 1.852368e+00 1.681058e+00 1.569638e+00 6.866295e-01 1.796657e-01 3.064067e-02
32836: 1.855355e+00 1.680111e+00 1.568846e+00 6.856745e-01 1.794159e-01 3.059805e-02
32836: 1.855556e+00 1.680556e+00 1.569444e+00 6.847222e-01 1.791667e-01 3.055556e-02
32836: 1.854369e+00 1.680999e+00 1.570042e+00 6.851595e-01 1.789182e-01 3.051318e-02
32836: 1.855956e+00 1.681440e+00 1.567867e+00 6.855956e-01 1.786704e-01 3.047091e-02
32836: 1.854772e+00 1.680498e+00 1.569848e+00 6.846473e-01 1.798064e-01 3.042877e-02
32836: 1.856354e+00 1.679558e+00 1.569061e+00 6.837017e-01 1.809392e-01 3.038674e-02
32836: 1.855172e+00 1.681379e+00 1.568276e+00 6.827586e-01 1.820690e-01 3.034483e-02
32836: 1.856749e+00 1.680441e+00 1.568871e+00 6.818182e-01 1.818182e-01 3.030303e-02
32836: 1.855571e+00 1.680880e+00 1.570839e+00 6.808803e-01 1.815681e-01 3.026135e-02
32836: 1.857143e+00 1.679945e+00 1.570055e+00 6.813187e-01 1.813187e-01 3.021978e-02
32836: 1.855967e+00 1.681756e+00 1.567901e+00 6.831276e-01 1.810700e-01 3.017833e-02
32836: 1.856164e+00 1.682192e+00 1.568493e+00 6.821918e-01 1.808219e-01 3.013699e-02
32836: 1.854993e+00 1.683995e+00 1.567715e+00 6.826265e-01 1.805746e-01 3.009576e-02
32836: 1.855191e+00 1.681694e+00 1.569672e+00 6.816940e-01 1.816940e-01 3.005464e-02
32836: 1.855389e+00 1.683492e+00 1.568895e+00 6.807640e-01 1.814461e-01 3.001364e-02
32836: 1.854223e+00 1.682561e+00 1.570845e+00 6.798365e-01 1.825613e-01 2.997275e-02
32836: 1.855782e+00 1.681633e+00 1.570068e+00 6.802721e-01 1.823129e-01 2.993197e-02
32836: 1.854620e+00 1.682065e+00 1.567935e+00 6.820652e-01 1.834239e-01 2.989130e-02
32836: 1.853460e+00 1.682497e+00 1.569878e+00 6.811398e-01 1.831750e-01 2.985075e-02
32836: 1.853659e+00 1.684282e+00 1.569106e+00 6.802168e-01 1.829268e-01 2.981030e-02
32836: 1.853857e+00 1.683356e+00 1.569689e+00 6.792963e-01 1.840325e-01 2.976996e-02
32836: 1.854054e+00 1.685135e+00 1.568919e+00 6.783784e-01 1.837838e-01 2.972973e-02
32836: 1.854251e+00 1.684211e+00 1.569501e+00 6.788124e-01 1.835358e-01 2.968961e-02
32836: 1.853100e+00 1.684636e+00 1.570081e+00 6.778976e-01 1.846361e-01 2.964960e-02
32836: 1.854643e+00 1.685061e+00 1.567968e+00 6.783311e-01 1.843876e-01 2.960969e-02
32836: 1.853495e+00 1.686828e+00 1.568548e+00 6.774194e-01 1.841398e-01 2.956989e-02
32836: 1.853691e+00 1.685906e+00 1.569128e+00 6.765101e-01 1.852349e-01 2.953020e-02
32836: 1.852547e+00 1.686327e+00 1.569705e+00 6.756032e-01 1.863271e-01 2.949062e-02
32836: 1.851406e+00 1.686747e+00 1.571620e+00 6.746988e-01 1.860776e-01 2.945114e-02
32836: 1.852941e+00 1.687166e+00 1.569519e+00 6.751337e-01 1.858289e-01 2.941176e-02
32836: 1.853138e+00 1.686248e+00 1.571429e+00 6.742323e-01 1.855808e-01 2.937250e-02
32836: 1.853333e+00 1.686667e+00 1.569333e+00 6.760000e-01 1.853333e-01 2.933333e-02
32836: 1.854860e+00 1.684421e+00 1.571238e+00 6.750999e-01 1.850866e-01 2.929427e-02
32836: 1.856383e+00 1.684840e+00 1.569149e+00 6.755319e-01 1.848404e-01 2.925532e-02
32836: 1.855246e+00 1.683931e+00 1.571049e+00 6.759628e-01 1.845950e-01 2.921647e-02
32836: 1.856764e+00 1.683024e+00 1.570292e+00 6.763926e-01 1.843501e-01 2.917772e-02
32836: 1.855629e+00 1.684768e+00 1.568212e+00 6.781457e-01 1.841060e-01 2.913907e-02
32836: 1.857143e+00 1.683862e+00 1.568783e+00 6.772487e-01 1.838624e-01 2.910053e-02
32836: 1.857332e+00 1.684280e+00 1.569353e+00 6.763540e-01 1.836196e-01 2.906209e-02
32836: 1.857520e+00 1.684697e+00 1.568602e+00 6.767810e-01 1.833773e-01 2.902375e-02
32836: 1.857708e+00 1.683794e+00 1.569170e+00 6.772069e-01 1.831357e-01 2.898551e-02
32836: 1.856579e+00 1.684211e+00 1.569737e+00 6.763158e-01 1.842105e-01 2.894737e-02
32836: 1.858081e+00 1.683311e+00 1.568988e+00 6.767411e-01 1.839685e-01 2.890933e-02
32836: 1.858268e+00 1.685039e+00 1.568241e+00 6.758530e-01 1.837270e-01 2.887139e-02
32836: 1.859764e+00 1.684142e+00 1.568807e+00 6.749672e-01 1.834862e-01 2.883355e-02
32836: 1.859948e+00 1.684555e+00 1.569372e+00 6.740838e-01 1.832461e-01 2.879581e-02
32836: 1.858824e+00 1.683660e+00 1.571242e+00 6.745098e-01 1.830065e-01 2.875817e-02
32836: 1.857702e+00 1.682768e+00 1.573107e+00 6.749347e-01 1.827676e-01 2.872063e-02
32836: 1.857888e+00 1.681877e+00 1.573664e+00 6.753585e-01 1.825293e-01 2.868318e-02
32836: 1.856771e+00 1.680990e+00 1.574219e+00 6.757812e-01 1.835938e-01 2.864583e-02
32836: 1.855657e+00 1.680104e+00 1.574772e+00 6.762029e-01 1.833550e-01 2.990897e-02
32836: 1.857143e+00 1.679221e+00 1.572727e+00 6.766234e-01 1.831169e-01 3.116883e-02
32836: 1.856031e+00 1.679637e+00 1.571984e+00 6.783398e-01 1.828794e-01 3.112840e-02
32836: 1.854922e+00 1.678756e+00 1.571244e+00 6.813472e-01 1.826425e-01 3.108808e-02
32836: 1.856404e+00 1.677878e+00 1.570505e+00 6.817594e-01 1.824062e-01 3.104787e-02
32836: 1.855297e+00 1.678295e+00 1.568475e+00 6.834625e-01 1.834625e-01 3.100775e-02
32836: 1.855484e+00 1.678710e+00 1.569032e+00 6.825806e-01 1.832258e-01 3.096774e-02
32836: 1.854381e+00 1.679124e+00 1.568299e+00 6.842784e-01 1.829897e-01 3.092784e-02
32836: 1.854569e+00 1.679537e+00 1.567568e+00 6.846847e-01 1.827542e-01 3.088803e-02
32836: 1.853470e+00 1.679949e+00 1.569409e+00 6.838046e-01 1.825193e-01 3.084833e-02
32836: 1.854942e+00 1.680359e+00 1.568678e+00 6.829268e-01 1.822850e-01 3.080873e-02
32836: 1.855128e+00 1.679487e+00 1.569231e+00 6.833333e-01 1.820513e-01 3.076923e-02
32836: 1.855314e+00 1.679898e+00 1.568502e+00 6.837388e-01 1.818182e-01 3.072983e-02
32836: 1.855499e+00 1.679028e+00 1.570332e+00 6.828645e-01 1.815857e-01 3.069054e-02
32836: 1.855683e+00 1.679438e+00 1.569604e+00 6.832695e-01 1.813538e-01 3.065134e-02
32836: 1.854592e+00 1.679847e+00 1.570153e+00 6.836735e-01 1.811224e-01 3.061224e-02
32836: 1.853503e+00 1.678981e+00 1.570701e+00 6.853503e-01 1.808917e-01 3.057325e-02
32836: 1.853690e+00 1.678117e+00 1.571247e+00 6.857506e-01 1.806616e-01 3.053435e-02
32836: 1.852605e+00 1.677255e+00 1.573062e+00 6.861499e-01 1.804320e-01 3.049555e-02
32836: 1.854061e+00 1.676396e+00 1.572335e+00 6.865482e-01 1.802030e-01 3.045685e-02
32836: 1.854246e+00 1.676806e+00 1.571610e+00 6.869455e-01 1.799747e-01 3.041825e-02
32836: 1.854430e+00 1.677215e+00 1.570886e+00 6.873418e-01 1.797468e-01 3.037975e-02
32836: 1.853350e+00 1.675095e+00 1.573957e+00 6.877370e-01 1.795196e-01 3.034134e-02
32836: 1.854798e+00 1.674242e+00 1.573232e+00 6.881313e-01 1.792929e-01 3.030303e-02
32836: 1.853720e+00 1.674653e+00 1.573770e+00 6.885246e-01 1.790668e-01 3.026482e-02
32836: 1.852645e+00 1.677582e+00 1.571788e+00 6.889169e-01 1.788413e-01 3.022670e-02
32836: 1.854088e+00 1.677987e+00 1.569811e+00 6.893082e-01 1.786164e-01 3.018868e-02
32836: 1.853015e+00 1.678392e+00 1.570352e+00 6.896985e-01 1.783920e-01 3.015075e-02
32836: 1.853199e+00 1.680050e+00 1.568381e+00 6.900878e-01 1.781681e-01 3.011292e-02
32836: 1.852130e+00 1.679198e+00 1.570175e+00 6.892231e-01 1.779449e-01 3.132832e-02
32836: 1.852315e+00 1.679599e+00 1.568210e+00 6.908636e-01 1.777222e-01 3.128911e-02
32836: 1.851250e+00 1.681250e+00 1.568750e+00 6.900000e-01 1.775000e-01 3.125000e-02
32836: 1.851436e+00 1.681648e+00 1.569288e+00 6.891386e-01 1.772784e-01 3.121099e-02
32836: 1.851621e+00 1.680798e+00 1.568579e+00 6.895262e-01 1.783042e-01 3.117207e-02
32836: 1.851806e+00 1.681196e+00 1.569116e+00 6.886675e-01 1.780822e-01 3.113325e-02
32836: 1.850746e+00 1.681592e+00 1.569652e+00 6.890547e-01 1.778607e-01 3.109453e-02
32836: 1.849689e+00 1.684472e+00 1.568944e+00 6.881988e-01 1.776398e-01 3.105590e-02
32836: 1.849876e+00 1.686104e+00 1.568238e+00 6.873449e-01 1.774194e-01 3.101737e-02
32836: 1.851301e+00 1.685254e+00 1.568773e+00 6.864932e-01 1.771995e-01 3.097893e-02
32836: 1.850248e+00 1.686881e+00 1.569307e+00 6.856436e-01 1.769802e-01 3.094059e-02
32836: 1.850433e+00 1.686032e+00 1.571075e+00 6.847960e-01 1.767614e-01 3.090235e-02
32836: 1.850617e+00 1.686420e+00 1.569136e+00 6.851852e-01 1.765432e-01 3.209877e-02
32836: 1.849568e+00 1.686806e+00 1.570900e+00 6.843403e-01 1.763255e-01 3.205919e-02
32836: 1.849754e+00 1.684729e+00 1.572660e+00 6.847291e-01 1.761084e-01 3.201970e-02
32836: 1.849938e+00 1.685117e+00 1.570726e+00 6.851169e-01 1.771218e-01 3.198032e-02
32836: 1.848894e+00 1.684275e+00 1.571253e+00 6.855037e-01 1.781327e-01 3.194103e-02
32836: 1.847853e+00 1.684663e+00 1.571779e+00 6.858896e-01 1.779141e-01 3.190184e-02
32836: 1.848039e+00 1.683824e+00 1.571078e+00 6.862745e-01 1.789216e-01 3.186275e-02
32836: 1.848225e+00 1.685435e+00 1.569155e+00 6.866585e-01 1.787026e-01 3.182375e-02
32836: 1.847188e+00 1.684597e+00 1.570905e+00 6.858191e-01 1.797066e-01 3.178484e-02
32836: 1.846154e+00 1.684982e+00 1.571429e+00 6.862027e-01 1.794872e-01 3.174603e-02
32836: 1.846341e+00 1.685366e+00 1.570732e+00 6.865854e-01 1.792683e-01 3.170732e-02
32836: 1.846529e+00 1.684531e+00 1.571255e+00 6.869671e-01 1.790499e-01 3.166870e-02
32836: 1.846715e+00 1.684915e+00 1.570560e+00 6.873479e-01 1.788321e-01 3.163017e-02
32836: 1.845687e+00 1.684083e+00 1.571081e+00 6.877278e-01 1.798299e-01 3.159174e-02
32836: 1.844660e+00 1.684466e+00 1.571602e+00 6.881068e-01 1.796117e-01 3.155340e-02
32836: 1.843636e+00 1.684848e+00 1.570909e+00 6.896970e-01 1.793939e-01 3.151515e-02
32836: 1.843826e+00 1.685230e+00 1.570218e+00 6.900726e-01 1.791768e-01 3.147700e-02
32836: 1.842805e+00 1.685611e+00 1.570738e+00 6.904474e-01 1.789601e-01 3.143894e-02
32836: 1.842995e+00 1.684783e+00 1.570048e+00 6.920290e-01 1.787440e-01 3.140097e-02
32836: 1.843185e+00 1.686369e+00 1.568154e+00 6.924005e-01 1.785283e-01 3.136309e-02
32836: 1.843373e+00 1.685542e+00 1.569880e+00 6.915663e-01 1.783133e-01 3.132530e-02
32836: 1.843562e+00 1.685921e+00 1.569194e+00 6.919374e-01 1.780987e-01 3.128761e-02
32836: 1.843750e+00 1.685096e+00 1.569712e+00 6.911058e-01 1.790865e-01 3.125000e-02
32836: 1.843938e+00 1.685474e+00 1.569028e+00 6.902761e-01 1.788715e-01 3.241297e-02
32836: 1.842926e+00 1.685851e+00 1.570743e+00 6.894484e-01 1.786571e-01 3.237410e-02
32836: 1.844311e+00 1.685030e+00 1.570060e+00 6.898204e-01 1.784431e-01 3.233533e-02
32836: 1.843301e+00 1.687799e+00 1.568182e+00 6.901914e-01 1.782297e-01 3.229665e-02
32836: 1.843489e+00 1.688172e+00 1.567503e+00 6.905615e-01 1.780167e-01 3.225806e-02
32836: 1.843675e+00 1.687351e+00 1.568019e+00 6.909308e-01 1.778043e-01 3.221957e-02
32836: 1.842670e+00 1.688915e+00 1.567342e+00 6.912992e-01 1.775924e-01 3.218117e-02
32836: 1.844048e+00 1.689286e+00 1.566667e+00 6.904762e-01 1.773810e-01 3.214286e-02
32836: 1.844233e+00 1.688466e+00 1.567182e+00 6.908442e-01 1.771700e-01 3.210464e-02
32836: 1.844418e+00 1.688836e+00 1.567696e+00 6.900238e-01 1.769596e-01 3.206651e-02
32836: 1.843416e+00 1.689205e+00 1.567023e+00 6.903915e-01 1.779359e-01 3.202847e-02
32836: 1.843602e+00 1.689573e+00 1.567536e+00 6.895735e-01 1.777251e-01 3.199052e-02
32836: 1.843787e+00 1.688757e+00 1.568047e+00 6.899408e-01 1.775148e-01 3.195266e-02
32836: 1.842790e+00 1.689125e+00 1.568558e+00 6.891253e-01 1.784870e-01 3.191489e-02
32836: 1.841795e+00 1.690673e+00 1.569067e+00 6.883117e-01 1.782763e-01 3.187721e-02
32836: 1.841981e+00 1.689858e+00 1.570755e+00 6.875000e-01 1.780660e-01 3.183962e-02
32836: 1.840989e+00 1.691402e+00 1.568905e+00 6.890459e-01 1.778563e-01 3.180212e-02
32836: 1.841176e+00 1.692941e+00 1.568235e+00 6.882353e-01 1.776471e-01 3.176471e-02
32836: 1.840188e+00 1.693302e+00 1.569918e+00 6.874266e-01 1.774383e-01 3.172738e-02
32836: 1.842723e+00 1.692488e+00 1.569249e+00 6.866197e-01 1.772300e-01 3.169014e-02
32836: 1.841735e+00 1.692849e+00 1.568581e+00 6.869871e-01 1.781946e-01 3.165299e-02
32836: 1.841920e+00 1.693208e+00 1.567916e+00 6.873536e-01 1.779859e-01 3.161593e-02
32836: 1.842105e+00 1.692398e+00 1.568421e+00 6.877193e-01 1.777778e-01 3.157895e-02
32836: 1.842290e+00 1.692757e+00 1.567757e+00 6.880841e-01 1.775701e-01 3.154206e-02
32836: 1.841307e+00 1.690782e+00 1.570595e+00 6.884481e-01 1.773629e-01 3.150525e-02
32836: 1.840326e+00 1.689977e+00 1.571096e+00 6.899767e-01 1.771562e-01 3.146853e-02
32836: 1.839348e+00 1.690338e+00 1.570431e+00 6.903376e-01 1.781141e-01 3.143190e-02
32836: 1.838372e+00 1.689535e+00 1.572093e+00 6.906977e-01 1.779070e-01 3.139535e-02
32836: 1.838560e+00 1.691057e+00 1.570267e+00 6.910569e-01 1.777003e-01 3.135889e-02
32836: 1.838747e+00 1.690255e+00 1.569606e+00 6.925754e-01 1.774942e-01 3.132251e-02
32836: 1.837775e+00 1.690614e+00 1.570104e+00 6.929316e-01 1.772885e-01 3.128621e-02
32836: 1.839120e+00 1.689815e+00 1.569444e+00 6.932870e-01 1.770833e-01 3.125000e-02
32836: 1.840462e+00 1.690173e+00 1.568786e+00 6.924855e-01 1.768786e-01 3.121387e-02
32836: 1.839492e+00 1.689376e+00 1.570439e+00 6.928406e-01 1.766744e-01 3.117783e-02
32836: 1.839677e+00 1.688581e+00 1.569781e+00 6.943483e-01 1.764706e-01 3.114187e-02
32836: 1.839862e+00 1.690092e+00 1.569124e+00 6.935484e-01 1.762673e-01 3.110599e-02
32836: 1.840046e+00 1.689298e+00 1.570771e+00 6.927503e-01 1.760644e-01 3.107020e-02
32836: 1.839080e+00 1.690805e+00 1.570115e+00 6.931034e-01 1.758621e-01 3.103448e-02
32836: 1.839265e+00 1.691160e+00 1.569460e+00 6.934558e-01 1.756602e-01 3.099885e-02
32836: 1.838303e+00 1.691514e+00 1.569954e+00 6.926606e-01 1.754587e-01 3.211009e-02
32836: 1.838488e+00 1.691867e+00 1.570447e+00 6.918671e-01 1.752577e-01 3.207331e-02
32836: 1.838673e+00 1.691076e+00 1.569794e+00 6.933638e-01 1.750572e-01 3.203661e-02
32836: 1.837714e+00 1.691429e+00 1.569143e+00 6.948571e-01 1.748571e-01 3.200000e-02
32836: 1.837900e+00 1.690639e+00 1.568493e+00 6.963470e-01 1.746575e-01 3.196347e-02
32836: 1.839225e+00 1.690992e+00 1.567845e+00 6.955530e-01 1.744584e-01 3.192702e-02
32836: 1.838269e+00 1.692483e+00 1.568337e+00 6.947608e-01 1.742597e-01 3.189066e-02
32836: 1.838453e+00 1.692833e+00 1.567691e+00 6.939704e-01 1.751991e-01 3.185438e-02
32836: 1.838636e+00 1.692045e+00 1.568182e+00 6.943182e-01 1.750000e-01 3.181818e-02
32836: 1.837684e+00 1.692395e+00 1.568672e+00 6.935301e-01 1.759364e-01 3.178207e-02
32836: 1.837868e+00 1.691610e+00 1.570295e+00 6.927438e-01 1.757370e-01 3.174603e-02
32836: 1.836920e+00 1.694224e+00 1.568516e+00 6.930917e-01 1.755379e-01 3.171008e-02
32836: 1.837104e+00 1.694570e+00 1.569005e+00 6.923077e-01 1.753394e-01 3.167421e-02
32836: 1.836158e+00 1.694915e+00 1.568362e+00 6.926554e-01 1.762712e-01 3.163842e-02
32836: 1.836343e+00 1.695260e+00 1.568849e+00 6.918736e-01 1.760722e-01 3.160271e-02
32836: 1.835400e+00 1.694476e+00 1.570462e+00 6.922210e-01 1.758737e-01 3.156708e-02
32836: 1.836712e+00 1.693694e+00 1.568694e+00 6.936937e-01 1.756757e-01 3.153153e-02
32836: 1.835771e+00 1.692913e+00 1.569179e+00 6.951631e-01 1.754781e-01 3.149606e-02
32836: 1.835955e+00 1.692135e+00 1.570787e+00 6.943820e-01 1.752809e-01 3.146067e-02
32836: 1.836139e+00 1.691358e+00 1.571268e+00 6.947250e-01 1.750842e-01 3.142536e-02
32836: 1.836323e+00 1.691704e+00 1.569507e+00 6.961883e-01 1.748879e-01 3.139013e-02
32836: 1.835386e+00 1.692049e+00 1.571109e+00 6.954087e-01 1.746920e-01 3.135498e-02
32836: 1.834452e+00 1.691275e+00 1.571588e+00 6.957494e-01 1.756152e-01 3.131991e-02
32836: 1.834637e+00 1.691620e+00 1.570950e+00 6.960894e-01 1.754190e-01 3.128492e-02
32836: 1.834821e+00 1.690848e+00 1.570312e+00 6.964286e-01 1.763393e-01 3.125000e-02
32836: 1.833891e+00 1.691193e+00 1.568562e+00 6.989967e-01 1.761427e-01 3.121516e-02
32836: 1.836303e+00 1.690423e+00 1.567929e+00 6.982183e-01 1.759465e-01 3.118040e-02
32836: 1.835373e+00 1.690768e+00 1.568409e+00 6.974416e-01 1.768632e-01 3.114572e-02
32836: 1.837778e+00 1.690000e+00 1.567778e+00 6.966667e-01 1.766667e-01 3.111111e-02
32836: 1.836848e+00 1.690344e+00 1.569367e+00 6.958935e-01 1.764706e-01 3.107658e-02
32836: 1.837029e+00 1.689579e+00 1.569845e+00 6.962306e-01 1.762749e-01 3.104213e-02
32836: 1.836102e+00 1.689922e+00 1.571429e+00 6.954596e-01 1.760797e-01 3.100775e-02
32836: 1.838496e+00 1.689159e+00 1.569690e+00 6.957965e-01 1.758850e-01 3.097345e-02
32836: 1.837569e+00 1.690608e+00 1.570166e+00 6.950276e-01 1.756906e-01 3.093923e-02
32836: 1.837748e+00 1.689845e+00 1.569536e+00 6.953642e-01 1.766004e-01 3.090508e-02
32836: 1.836825e+00 1.690187e+00 1.570011e+00 6.957001e-01 1.764057e-01 3.087100e-02
32836: 1.839207e+00 1.689427e+00 1.568282e+00 6.960352e-01 1.762115e-01 3.083700e-02
32836: 1.840484e+00 1.689769e+00 1.567657e+00 6.952695e-01 1.760176e-01 3.080308e-02
32836: 1.839560e+00 1.687912e+00 1.570330e+00 6.945055e-01 1.769231e-01 3.076923e-02
32836: 1.840834e+00 1.687157e+00 1.568606e+00 6.948408e-01 1.778266e-01 3.073546e-02
32836: 1.839912e+00 1.688596e+00 1.567982e+00 6.940789e-01 1.787281e-01 3.070175e-02
32836: 1.840088e+00 1.687842e+00 1.568456e+00 6.944140e-01 1.785323e-01 3.066813e-02
32836: 1.840263e+00 1.689278e+00 1.567834e+00 6.936543e-01 1.783370e-01 3.063457e-02
32836: 1.839344e+00 1.688525e+00 1.569399e+00 6.939891e-01 1.781421e-01 3.060109e-02
32836: 1.839520e+00 1.688865e+00 1.568777e+00 6.943231e-01 1.779476e-01 3.056769e-02
32836: 1.839695e+00 1.688113e+00 1.569248e+00 6.946565e-01 1.777535e-01 3.053435e-02
32836: 1.838780e+00 1.689542e+00 1.568627e+00 6.949891e-01 1.775599e-01 3.050109e-02
32836: 1.838955e+00 1.690968e+00 1.568009e+00 6.942329e-01 1.773667e-01 3.046790e-02
32836: 1.838043e+00 1.690217e+00 1.569565e+00 6.934783e-01 1.782609e-01 3.043478e-02
32836: 1.838219e+00 1.689468e+00 1.570033e+00 6.927253e-01 1.791531e-01 3.040174e-02
32836: 1.838395e+00 1.688720e+00 1.570499e+00 6.930586e-01 1.789588e-01 3.036876e-02
32836: 1.838570e+00 1.689057e+00 1.569881e+00 6.933911e-01 1.787649e-01 3.033586e-02
32836: 1.837662e+00 1.687229e+00 1.572511e+00 6.937229e-01 1.785714e-01 3.030303e-02
32836: 1.838919e+00 1.687568e+00 1.570811e+00 6.940541e-01 1.783784e-01 3.027027e-02
32836: 1.838013e+00 1.687905e+00 1.571274e+00 6.943844e-01 1.781857e-01 3.023758e-02
32836: 1.838188e+00 1.689320e+00 1.569579e+00 6.947141e-01 1.779935e-01 3.020496e-02
32836: 1.837284e+00 1.688578e+00 1.571121e+00 6.939655e-01 1.788793e-01 3.017241e-02
32836: 1.837460e+00 1.688913e+00 1.569429e+00 6.953714e-01 1.786868e-01 3.013994e-02
32836: 1.837634e+00 1.688172e+00 1.570968e+00 6.946237e-01 1.784946e-01 3.010753e-02
32836: 1.836735e+00 1.690655e+00 1.569280e+00 6.949517e-01 1.783029e-01 3.007519e-02
32836: 1.836910e+00 1.689914e+00 1.568670e+00 6.952790e-01 1.791845e-01 3.004292e-02
32836: 1.836013e+00 1.690247e+00 1.570204e+00 6.945338e-01 1.789925e-01 3.001072e-02
32836: 1.837259e+00 1.690578e+00 1.568522e+00 6.948608e-01 1.788009e-01 2.997859e-02
32836: 1.837433e+00 1.690909e+00 1.568984e+00 6.941176e-01 1.786096e-01 2.994652e-02
32836: 1.836538e+00 1.690171e+00 1.569444e+00 6.955128e-01 1.784188e-01 2.991453e-02
32836: 1.837780e+00 1.689434e+00 1.568837e+00 6.947705e-01 1.782284e-01 3.094984e-02
32836: 1.836887e+00 1.691898e+00 1.568230e+00 6.940299e-01 1.780384e-01 3.091684e-02
32836: 1.837061e+00 1.691161e+00 1.568690e+00 6.943557e-01 1.778488e-01 3.088392e-02
32836: 1.836170e+00 1.691489e+00 1.570213e+00 6.936170e-01 1.776596e-01 3.085106e-02
32836: 1.835282e+00 1.690755e+00 1.570670e+00 6.939426e-01 1.785335e-01 3.081828e-02
32836: 1.836518e+00 1.691083e+00 1.569002e+00 6.942675e-01 1.783439e-01 3.078556e-02
32836: 1.835631e+00 1.691410e+00 1.569459e+00 6.945917e-01 1.781548e-01 3.075292e-02
32836: 1.835805e+00 1.690678e+00 1.570975e+00 6.938559e-01 1.779661e-01 3.072034e-02
32836: 1.835979e+00 1.691005e+00 1.569312e+00 6.941799e-01 1.788360e-01 3.068783e-02
32836: 1.836152e+00 1.689218e+00 1.571882e+00 6.934461e-01 1.786469e-01 3.065539e-02
32836: 1.836325e+00 1.689546e+00 1.571278e+00 6.937698e-01 1.784583e-01 3.062302e-02
32836: 1.836498e+00 1.688819e+00 1.571730e+00 6.940928e-01 1.782700e-01 3.059072e-02
32836: 1.835616e+00 1.690200e+00 1.570074e+00 6.944152e-01 1.791359e-01 3.055848e-02
32836: 1.835789e+00 1.690526e+00 1.569474e+00 6.947368e-01 1.789474e-01 3.052632e-02
32836: 1.834911e+00 1.689800e+00 1.569926e+00 6.961094e-01 1.787592e-01 3.049422e-02
32836: 1.834034e+00 1.689076e+00 1.571429e+00 6.964286e-01 1.785714e-01 3.046218e-02
32836: 1.835257e+00 1.688353e+00 1.570829e+00 6.967471e-01 1.783841e-01 3.043022e-02
32836: 1.835430e+00 1.689727e+00 1.569182e+00 6.970650e-01 1.781971e-01 3.039832e-02
32836: 1.834555e+00 1.689005e+00 1.570681e+00 6.973822e-01 1.780105e-01 3.036649e-02
32836: 1.836820e+00 1.688285e+00 1.569038e+00 6.976987e-01 1.778243e-01 3.033473e-02
32836: 1.835946e+00 1.689655e+00 1.569488e+00 6.969697e-01 1.776385e-01 3.030303e-02
32836: 1.836117e+00 1.691023e+00 1.568894e+00 6.962422e-01 1.774530e-01 3.027140e-02
32836: 1.835245e+00 1.690302e+00 1.571429e+00 6.955162e-01 1.772680e-01 3.023983e-02
32836: 1.834375e+00 1.689583e+00 1.571875e+00 6.958333e-01 1.781250e-01 3.020833e-02
32836: 1.834547e+00 1.689906e+00 1.571280e+00 6.961498e-01 1.779396e-01 3.017690e-02
32836: 1.833680e+00 1.688150e+00 1.572765e+00 6.975052e-01 1.777547e-01 3.014553e-02
32836: 1.834891e+00 1.687435e+00 1.571132e+00 6.988577e-01 1.775701e-01 3.011423e-02
32836: 1.835062e+00 1.686722e+00 1.571577e+00 6.991701e-01 1.773859e-01 3.008299e-02
32836: 1.834197e+00 1.687047e+00 1.572021e+00 6.994819e-01 1.772021e-01 3.005181e-02
32836: 1.834369e+00 1.687371e+00 1.571429e+00 6.997930e-01 1.770186e-01 3.002070e-02
32836: 1.835574e+00 1.686660e+00 1.570838e+00 7.001034e-01 1.768356e-01 2.998966e-02
32836: 1.834711e+00 1.688017e+00 1.569215e+00 7.014463e-01 1.766529e-01 2.995868e-02
32836: 1.835913e+00 1.687307e+00 1.569659e+00 7.007224e-01 1.764706e-01 2.992776e-02
32836: 1.835052e+00 1.688660e+00 1.570103e+00 7.000000e-01 1.762887e-01 2.989691e-02
32836: 1.834192e+00 1.688980e+00 1.570546e+00 7.003090e-01 1.761071e-01 2.986612e-02
32836: 1.834362e+00 1.690329e+00 1.568930e+00 7.006173e-01 1.759259e-01 2.983539e-02
32836: 1.833505e+00 1.689620e+00 1.570401e+00 6.998972e-01 1.767729e-01 2.980473e-02
32836: 1.833676e+00 1.689938e+00 1.569815e+00 7.002053e-01 1.765914e-01 2.977413e-02
32836: 1.832821e+00 1.690256e+00 1.570256e+00 7.005128e-01 1.764103e-01 2.974359e-02
32836: 1.832992e+00 1.691598e+00 1.568648e+00 7.008197e-01 1.762295e-01 2.971311e-02
32836: 1.833163e+00 1.691914e+00 1.569089e+00 7.001024e-01 1.760491e-01 2.968270e-02
32836: 1.832311e+00 1.691207e+00 1.570552e+00 7.004090e-01 1.758691e-01 2.965235e-02
32836: 1.832482e+00 1.690501e+00 1.570991e+00 7.007150e-01 1.756895e-01 2.962206e-02
32836: 1.832653e+00 1.691837e+00 1.569388e+00 7.010204e-01 1.755102e-01 2.959184e-02
32836: 1.832824e+00 1.692151e+00 1.569827e+00 7.003058e-01 1.753313e-01 2.956167e-02
32836: 1.834012e+00 1.690428e+00 1.570265e+00 7.006110e-01 1.751527e-01 2.953157e-02
32836: 1.833164e+00 1.690743e+00 1.569685e+00 7.019329e-01 1.749746e-01 2.950153e-02
32836: 1.833333e+00 1.690041e+00 1.571138e+00 7.012195e-01 1.747967e-01 2.947154e-02
32836: 1.832487e+00 1.691371e+00 1.569543e+00 7.015228e-01 1.756345e-01 2.944162e-02
32836: 1.831643e+00 1.692698e+00 1.569980e+00 7.008114e-01 1.754564e-01 2.941176e-02
32836: 1.831814e+00 1.691996e+00 1.570415e+00 7.011145e-01 1.752786e-01 2.938197e-02
32836: 1.830972e+00 1.692308e+00 1.569838e+00 7.024291e-01 1.751012e-01 2.935223e-02
32836: 1.830131e+00 1.693630e+00 1.570273e+00 7.017189e-01 1.749242e-01 2.932255e-02
32836: 1.830303e+00 1.692929e+00 1.569697e+00 7.020202e-01 1.757576e-01 2.929293e-02
32836: 1.829465e+00 1.693239e+00 1.570131e+00 7.013118e-01 1.765893e-01 2.926337e-02
32836: 1.829637e+00 1.693548e+00 1.569556e+00 7.016129e-01 1.764113e-01 2.923387e-02
32836: 1.828802e+00 1.693857e+00 1.570997e+00 7.009063e-01 1.762336e-01 2.920443e-02
32836: 1.828974e+00 1.693159e+00 1.570423e+00 7.012072e-01 1.770624e-01 2.917505e-02
32836: 1.828141e+00 1.694472e+00 1.568844e+00 7.025126e-01 1.768844e-01 2.914573e-02
32836: 1.828313e+00 1.693775e+00 1.569277e+00 7.028112e-01 1.767068e-01 2.911647e-02
32836: 1.827482e+00 1.694082e+00 1.568706e+00 7.041123e-01 1.765296e-01 2.908726e-02
32836: 1.827655e+00 1.693387e+00 1.569138e+00 7.034068e-01 1.773547e-01 2.905812e-02
32836: 1.826827e+00 1.695696e+00 1.568569e+00 7.027027e-01 1.771772e-01 2.902903e-02
32836: Done!
Traceback (most recent call last):
  File "/lowest-unique-number/tournament0/elexunix.py", line 25, in <module>
    input()
EOFError: EOF when reading a line
