Forked 35891
Starting to reopen 0 and 1
Calling execv `tournament0/elexunix.py` (pid 35891)
Strategy 0: first ans is 0
Forked 35915
Starting to reopen 0 and 1
Calling execv `tournament0/alex_dany` (pid 35915)
35915: Started!
35915: Number of players: 5, position: 1, number of turns: 1000
35915: Random seed: 957009417
Strategy 1: first ans is 1
Forked 35916
Starting to reopen 0 and 1
Calling execv `tournament0/lounres.py` (pid 35916)
Strategy 2: first ans is 1
Forked 35917
Starting to reopen 0 and 1
Calling execv `tournament0/fedro.py` (pid 35917)
Strategy 3: first ans is 0
Forked 35941
Starting to reopen 0 and 1
Calling execv `tournament0/the_best_strategy.py` (pid 35941)
Strategy 4: first ans is 0
35915: 3.000000e+00 2.000000e+00 0.000000e+00 0.000000e+00 0.000000e+00
35915: 2.500000e+00 1.000000e+00 1.500000e+00 0.000000e+00 0.000000e+00
35915: 2.333333e+00 1.666667e+00 1.000000e+00 0.000000e+00 0.000000e+00
35915: 2.500000e+00 1.250000e+00 1.250000e+00 0.000000e+00 0.000000e+00
35915: 2.400000e+00 1.400000e+00 1.200000e+00 0.000000e+00 0.000000e+00
35915: 2.333333e+00 1.333333e+00 1.166667e+00 1.666667e-01 0.000000e+00
35915: 2.285714e+00 1.571429e+00 1.000000e+00 1.428571e-01 0.000000e+00
35915: 2.375000e+00 1.375000e+00 1.125000e+00 1.250000e-01 0.000000e+00
35915: 2.333333e+00 1.555556e+00 1.000000e+00 1.111111e-01 0.000000e+00
35915: 2.300000e+00 1.600000e+00 1.000000e+00 1.000000e-01 0.000000e+00
35915: 2.272727e+00 1.454545e+00 1.090909e+00 9.090909e-02 9.090909e-02
35915: 2.250000e+00 1.500000e+00 1.083333e+00 8.333333e-02 8.333333e-02
35915: 2.230769e+00 1.461538e+00 1.076923e+00 1.538462e-01 7.692308e-02
35915: 2.214286e+00 1.500000e+00 1.071429e+00 1.428571e-01 7.142857e-02
35915: 2.200000e+00 1.466667e+00 1.066667e+00 1.333333e-01 1.333333e-01
35915: 2.187500e+00 1.500000e+00 1.000000e+00 1.250000e-01 1.875000e-01
35915: 2.176471e+00 1.529412e+00 1.000000e+00 1.176471e-01 1.764706e-01
35915: 2.166667e+00 1.500000e+00 1.000000e+00 1.666667e-01 1.666667e-01
35915: 2.157895e+00 1.578947e+00 9.473684e-01 1.578947e-01 1.578947e-01
35915: 2.150000e+00 1.550000e+00 1.000000e+00 1.500000e-01 1.500000e-01
35915: 2.142857e+00 1.571429e+00 1.000000e+00 1.428571e-01 1.428571e-01
35915: 2.181818e+00 1.500000e+00 1.045455e+00 1.363636e-01 1.363636e-01
35915: 2.173913e+00 1.521739e+00 1.043478e+00 1.304348e-01 1.304348e-01
35915: 2.208333e+00 1.500000e+00 1.041667e+00 1.250000e-01 1.250000e-01
35915: 2.200000e+00 1.520000e+00 1.040000e+00 1.200000e-01 1.200000e-01
35915: 2.192308e+00 1.538462e+00 1.038462e+00 1.153846e-01 1.153846e-01
35915: 2.222222e+00 1.518519e+00 1.037037e+00 1.111111e-01 1.111111e-01
35915: 2.214286e+00 1.535714e+00 1.035714e+00 1.071429e-01 1.071429e-01
35915: 2.206897e+00 1.551724e+00 1.034483e+00 1.034483e-01 1.034483e-01
35915: 2.200000e+00 1.566667e+00 1.033333e+00 1.000000e-01 1.000000e-01
35915: 2.193548e+00 1.580645e+00 1.032258e+00 9.677419e-02 9.677419e-02
35915: 2.187500e+00 1.531250e+00 1.062500e+00 1.250000e-01 9.375000e-02
35915: 2.181818e+00 1.545455e+00 1.030303e+00 1.212121e-01 1.212121e-01
35915: 2.176471e+00 1.529412e+00 1.058824e+00 1.176471e-01 1.176471e-01
35915: 2.171429e+00 1.571429e+00 1.028571e+00 1.142857e-01 1.142857e-01
35915: 2.166667e+00 1.527778e+00 1.055556e+00 1.388889e-01 1.111111e-01
35915: 2.162162e+00 1.540541e+00 1.027027e+00 1.621622e-01 1.081081e-01
35915: 2.157895e+00 1.526316e+00 1.052632e+00 1.578947e-01 1.052632e-01
35915: 2.153846e+00 1.564103e+00 1.025641e+00 1.538462e-01 1.025641e-01
35915: 2.150000e+00 1.550000e+00 1.050000e+00 1.500000e-01 1.000000e-01
35915: 2.146341e+00 1.585366e+00 1.024390e+00 1.463415e-01 9.756098e-02
35915: 2.142857e+00 1.547619e+00 1.047619e+00 1.666667e-01 9.523810e-02
35915: 2.139535e+00 1.558140e+00 1.023256e+00 1.860465e-01 9.302326e-02
35915: 2.136364e+00 1.568182e+00 1.022727e+00 1.818182e-01 9.090909e-02
35915: 2.133333e+00 1.577778e+00 1.022222e+00 1.777778e-01 8.888889e-02
35915: 2.130435e+00 1.543478e+00 1.065217e+00 1.739130e-01 8.695652e-02
35915: 2.127660e+00 1.553191e+00 1.063830e+00 1.702128e-01 8.510638e-02
35915: 2.145833e+00 1.541667e+00 1.062500e+00 1.666667e-01 8.333333e-02
35915: 2.142857e+00 1.551020e+00 1.061224e+00 1.632653e-01 8.163265e-02
35915: 2.140000e+00 1.540000e+00 1.060000e+00 1.800000e-01 8.000000e-02
35915: 2.137255e+00 1.568627e+00 1.039216e+00 1.764706e-01 7.843137e-02
35915: 2.134615e+00 1.576923e+00 1.038462e+00 1.730769e-01 7.692308e-02
35915: 2.132075e+00 1.547170e+00 1.056604e+00 1.886792e-01 7.547170e-02
35915: 2.129630e+00 1.555556e+00 1.055556e+00 1.851852e-01 7.407407e-02
35915: 2.127273e+00 1.563636e+00 1.054545e+00 1.818182e-01 7.272727e-02
35915: 2.142857e+00 1.553571e+00 1.053571e+00 1.785714e-01 7.142857e-02
35915: 2.140351e+00 1.561404e+00 1.052632e+00 1.754386e-01 7.017544e-02
35915: 2.137931e+00 1.568966e+00 1.051724e+00 1.724138e-01 6.896552e-02
35915: 2.135593e+00 1.576271e+00 1.050847e+00 1.694915e-01 6.779661e-02
35915: 2.133333e+00 1.566667e+00 1.066667e+00 1.666667e-01 6.666667e-02
35915: 2.131148e+00 1.590164e+00 1.049180e+00 1.639344e-01 6.557377e-02
35915: 2.129032e+00 1.580645e+00 1.064516e+00 1.612903e-01 6.451613e-02
35915: 2.126984e+00 1.571429e+00 1.063492e+00 1.746032e-01 6.349206e-02
35915: 2.125000e+00 1.562500e+00 1.078125e+00 1.718750e-01 6.250000e-02
35915: 2.123077e+00 1.584615e+00 1.061538e+00 1.692308e-01 6.153846e-02
35915: 2.121212e+00 1.560606e+00 1.090909e+00 1.666667e-01 6.060606e-02
35915: 2.134328e+00 1.567164e+00 1.074627e+00 1.641791e-01 5.970149e-02
35915: 2.147059e+00 1.558824e+00 1.073529e+00 1.617647e-01 5.882353e-02
35915: 2.144928e+00 1.565217e+00 1.072464e+00 1.594203e-01 5.797101e-02
35915: 2.157143e+00 1.557143e+00 1.071429e+00 1.571429e-01 5.714286e-02
35915: 2.154930e+00 1.563380e+00 1.056338e+00 1.690141e-01 5.633803e-02
35915: 2.152778e+00 1.555556e+00 1.069444e+00 1.666667e-01 5.555556e-02
35915: 2.164384e+00 1.561644e+00 1.054795e+00 1.643836e-01 5.479452e-02
35915: 2.162162e+00 1.554054e+00 1.054054e+00 1.621622e-01 6.756757e-02
35915: 2.160000e+00 1.560000e+00 1.040000e+00 1.733333e-01 6.666667e-02
35915: 2.171053e+00 1.552632e+00 1.039474e+00 1.710526e-01 6.578947e-02
35915: 2.181818e+00 1.558442e+00 1.025974e+00 1.688312e-01 6.493506e-02
35915: 2.179487e+00 1.564103e+00 1.025641e+00 1.666667e-01 6.410256e-02
35915: 2.177215e+00 1.569620e+00 1.025316e+00 1.645570e-01 6.329114e-02
35915: 2.175000e+00 1.575000e+00 1.025000e+00 1.625000e-01 6.250000e-02
35915: 2.172840e+00 1.555556e+00 1.037037e+00 1.728395e-01 6.172840e-02
35915: 2.170732e+00 1.560976e+00 1.024390e+00 1.829268e-01 6.097561e-02
35915: 2.168675e+00 1.566265e+00 1.024096e+00 1.807229e-01 6.024096e-02
35915: 2.166667e+00 1.559524e+00 1.023810e+00 1.904762e-01 5.952381e-02
35915: 2.164706e+00 1.564706e+00 1.011765e+00 1.882353e-01 7.058824e-02
35915: 2.162791e+00 1.558140e+00 1.011628e+00 1.860465e-01 8.139535e-02
35915: 2.160920e+00 1.563218e+00 1.011494e+00 1.839080e-01 8.045977e-02
35915: 2.159091e+00 1.556818e+00 1.022727e+00 1.818182e-01 7.954545e-02
35915: 2.157303e+00 1.561798e+00 1.011236e+00 1.797753e-01 8.988764e-02
35915: 2.155556e+00 1.566667e+00 1.011111e+00 1.777778e-01 8.888889e-02
35915: 2.164835e+00 1.560440e+00 1.010989e+00 1.758242e-01 8.791209e-02
35915: 2.163043e+00 1.565217e+00 1.010870e+00 1.739130e-01 8.695652e-02
35915: 2.161290e+00 1.559140e+00 1.021505e+00 1.720430e-01 8.602151e-02
35915: 2.159574e+00 1.563830e+00 1.010638e+00 1.808511e-01 8.510638e-02
35915: 2.168421e+00 1.557895e+00 1.010526e+00 1.789474e-01 8.421053e-02
35915: 2.166667e+00 1.562500e+00 1.000000e+00 1.875000e-01 8.333333e-02
35915: 2.164948e+00 1.556701e+00 1.000000e+00 1.958763e-01 8.247423e-02
35915: 2.173469e+00 1.561224e+00 9.897959e-01 1.938776e-01 8.163265e-02
35915: 2.171717e+00 1.555556e+00 1.000000e+00 1.919192e-01 8.080808e-02
35915: 2.170000e+00 1.570000e+00 9.900000e-01 1.900000e-01 8.000000e-02
35915: 2.158416e+00 1.564356e+00 1.000000e+00 1.980198e-01 7.920792e-02
35915: 2.156863e+00 1.558824e+00 1.000000e+00 2.058824e-01 7.843137e-02
35915: 2.145631e+00 1.572816e+00 9.902913e-01 2.135922e-01 7.766990e-02
35915: 2.134615e+00 1.567308e+00 1.009615e+00 2.115385e-01 7.692308e-02
35915: 2.133333e+00 1.561905e+00 1.019048e+00 2.095238e-01 7.619048e-02
35915: 2.122642e+00 1.575472e+00 1.018868e+00 2.075472e-01 7.547170e-02
35915: 2.130841e+00 1.560748e+00 1.018692e+00 2.149533e-01 7.476636e-02
35915: 2.111111e+00 1.583333e+00 1.018519e+00 2.129630e-01 7.407407e-02
35915: 2.110092e+00 1.577982e+00 1.027523e+00 2.110092e-01 7.339450e-02
35915: 2.090909e+00 1.590909e+00 1.036364e+00 2.090909e-01 7.272727e-02
35915: 2.090090e+00 1.594595e+00 1.036036e+00 2.072072e-01 7.207207e-02
35915: 2.080357e+00 1.598214e+00 1.044643e+00 2.053571e-01 7.142857e-02
35915: 2.079646e+00 1.601770e+00 1.044248e+00 2.035398e-01 7.079646e-02
35915: 2.078947e+00 1.587719e+00 1.061404e+00 2.017544e-01 7.017544e-02
35915: 2.078261e+00 1.582609e+00 1.069565e+00 2.000000e-01 6.956522e-02
35915: 2.068966e+00 1.577586e+00 1.077586e+00 1.982759e-01 7.758621e-02
35915: 2.068376e+00 1.564103e+00 1.094017e+00 1.965812e-01 7.692308e-02
35915: 2.067797e+00 1.567797e+00 1.093220e+00 1.949153e-01 7.627119e-02
35915: 2.058824e+00 1.579832e+00 1.092437e+00 1.932773e-01 7.563025e-02
35915: 2.066667e+00 1.575000e+00 1.091667e+00 1.916667e-01 7.500000e-02
35915: 2.074380e+00 1.570248e+00 1.090909e+00 1.900826e-01 7.438017e-02
35915: 2.073770e+00 1.573770e+00 1.090164e+00 1.885246e-01 7.377049e-02
35915: 2.056911e+00 1.585366e+00 1.097561e+00 1.869919e-01 7.317073e-02
35915: 2.056452e+00 1.588710e+00 1.096774e+00 1.854839e-01 7.258065e-02
35915: 2.056000e+00 1.584000e+00 1.104000e+00 1.840000e-01 7.200000e-02
35915: 2.047619e+00 1.595238e+00 1.103175e+00 1.825397e-01 7.142857e-02
35915: 2.055118e+00 1.582677e+00 1.102362e+00 1.889764e-01 7.086614e-02
35915: 2.046875e+00 1.578125e+00 1.109375e+00 1.953125e-01 7.031250e-02
35915: 2.054264e+00 1.573643e+00 1.108527e+00 1.937984e-01 6.976744e-02
35915: 2.061538e+00 1.569231e+00 1.107692e+00 1.923077e-01 6.923077e-02
35915: 2.053435e+00 1.587786e+00 1.099237e+00 1.908397e-01 6.870229e-02
35915: 2.053030e+00 1.583333e+00 1.098485e+00 1.893939e-01 7.575758e-02
35915: 2.052632e+00 1.578947e+00 1.105263e+00 1.879699e-01 7.518797e-02
35915: 2.037313e+00 1.589552e+00 1.111940e+00 1.865672e-01 7.462687e-02
35915: 2.037037e+00 1.585185e+00 1.118519e+00 1.851852e-01 7.407407e-02
35915: 2.029412e+00 1.580882e+00 1.132353e+00 1.838235e-01 7.352941e-02
35915: 2.036496e+00 1.576642e+00 1.131387e+00 1.824818e-01 7.299270e-02
35915: 2.021739e+00 1.586957e+00 1.130435e+00 1.884058e-01 7.246377e-02
35915: 2.014388e+00 1.597122e+00 1.129496e+00 1.870504e-01 7.194245e-02
35915: 2.007143e+00 1.600000e+00 1.128571e+00 1.857143e-01 7.857143e-02
35915: 2.007092e+00 1.602837e+00 1.127660e+00 1.843972e-01 7.801418e-02
35915: 2.007042e+00 1.591549e+00 1.140845e+00 1.830986e-01 7.746479e-02
35915: 2.013986e+00 1.587413e+00 1.139860e+00 1.818182e-01 7.692308e-02
35915: 2.013889e+00 1.590278e+00 1.138889e+00 1.805556e-01 7.638889e-02
35915: 2.006897e+00 1.579310e+00 1.151724e+00 1.862069e-01 7.586207e-02
35915: 2.013699e+00 1.575342e+00 1.150685e+00 1.849315e-01 7.534247e-02
35915: 2.000000e+00 1.585034e+00 1.149660e+00 1.904762e-01 7.482993e-02
35915: 2.000000e+00 1.574324e+00 1.162162e+00 1.891892e-01 7.432432e-02
35915: 2.000000e+00 1.577181e+00 1.161074e+00 1.879195e-01 7.382550e-02
35915: 2.000000e+00 1.573333e+00 1.166667e+00 1.866667e-01 7.333333e-02
35915: 2.000000e+00 1.576159e+00 1.165563e+00 1.854305e-01 7.284768e-02
35915: 2.000000e+00 1.565789e+00 1.177632e+00 1.842105e-01 7.236842e-02
35915: 2.006536e+00 1.568627e+00 1.169935e+00 1.830065e-01 7.189542e-02
35915: 2.000000e+00 1.577922e+00 1.168831e+00 1.818182e-01 7.142857e-02
35915: 2.000000e+00 1.574194e+00 1.174194e+00 1.806452e-01 7.096774e-02
35915: 1.993590e+00 1.576923e+00 1.179487e+00 1.794872e-01 7.051282e-02
35915: 1.987261e+00 1.579618e+00 1.178344e+00 1.783439e-01 7.643312e-02
35915: 1.987342e+00 1.582278e+00 1.177215e+00 1.772152e-01 7.594937e-02
35915: 1.981132e+00 1.584906e+00 1.182390e+00 1.761006e-01 7.547170e-02
35915: 1.987500e+00 1.575000e+00 1.187500e+00 1.750000e-01 7.500000e-02
35915: 1.981366e+00 1.571429e+00 1.198758e+00 1.739130e-01 7.453416e-02
35915: 1.981481e+00 1.561728e+00 1.203704e+00 1.728395e-01 8.024691e-02
35915: 1.981595e+00 1.570552e+00 1.196319e+00 1.717791e-01 7.975460e-02
35915: 1.987805e+00 1.560976e+00 1.201220e+00 1.707317e-01 7.926829e-02
35915: 1.993939e+00 1.563636e+00 1.193939e+00 1.696970e-01 7.878788e-02
35915: 1.987952e+00 1.566265e+00 1.198795e+00 1.686747e-01 7.831325e-02
35915: 1.994012e+00 1.562874e+00 1.197605e+00 1.676647e-01 7.784431e-02
35915: 2.000000e+00 1.565476e+00 1.190476e+00 1.666667e-01 7.738095e-02
35915: 1.994083e+00 1.568047e+00 1.189349e+00 1.715976e-01 7.692308e-02
35915: 2.000000e+00 1.564706e+00 1.188235e+00 1.705882e-01 7.647059e-02
35915: 2.000000e+00 1.567251e+00 1.187135e+00 1.695906e-01 7.602339e-02
35915: 2.000000e+00 1.569767e+00 1.186047e+00 1.686047e-01 7.558140e-02
35915: 1.994220e+00 1.566474e+00 1.190751e+00 1.734104e-01 7.514451e-02
35915: 2.000000e+00 1.568966e+00 1.183908e+00 1.724138e-01 7.471264e-02
35915: 1.994286e+00 1.565714e+00 1.188571e+00 1.771429e-01 7.428571e-02
35915: 2.000000e+00 1.562500e+00 1.187500e+00 1.761364e-01 7.386364e-02
35915: 1.994350e+00 1.564972e+00 1.192090e+00 1.751412e-01 7.344633e-02
35915: 1.994382e+00 1.567416e+00 1.185393e+00 1.797753e-01 7.303371e-02
35915: 1.994413e+00 1.564246e+00 1.184358e+00 1.843575e-01 7.262570e-02
35915: 1.988889e+00 1.577778e+00 1.177778e+00 1.833333e-01 7.222222e-02
35915: 1.994475e+00 1.574586e+00 1.176796e+00 1.823204e-01 7.182320e-02
35915: 1.989011e+00 1.576923e+00 1.181319e+00 1.813187e-01 7.142857e-02
35915: 1.994536e+00 1.568306e+00 1.185792e+00 1.803279e-01 7.103825e-02
35915: 1.994565e+00 1.570652e+00 1.184783e+00 1.793478e-01 7.065217e-02
35915: 1.989189e+00 1.562162e+00 1.200000e+00 1.783784e-01 7.027027e-02
35915: 1.989247e+00 1.559140e+00 1.198925e+00 1.774194e-01 7.526882e-02
35915: 1.983957e+00 1.566845e+00 1.197861e+00 1.764706e-01 7.486631e-02
35915: 1.984043e+00 1.569149e+00 1.196809e+00 1.755319e-01 7.446809e-02
35915: 1.978836e+00 1.571429e+00 1.201058e+00 1.746032e-01 7.407407e-02
35915: 1.984211e+00 1.568421e+00 1.200000e+00 1.736842e-01 7.368421e-02
35915: 1.984293e+00 1.575916e+00 1.193717e+00 1.727749e-01 7.329843e-02
35915: 1.984375e+00 1.572917e+00 1.197917e+00 1.718750e-01 7.291667e-02
35915: 1.984456e+00 1.569948e+00 1.196891e+00 1.761658e-01 7.253886e-02
35915: 1.984536e+00 1.577320e+00 1.190722e+00 1.752577e-01 7.216495e-02
35915: 1.979487e+00 1.574359e+00 1.200000e+00 1.743590e-01 7.179487e-02
35915: 1.979592e+00 1.571429e+00 1.204082e+00 1.734694e-01 7.142857e-02
35915: 1.974619e+00 1.573604e+00 1.203046e+00 1.776650e-01 7.106599e-02
35915: 1.974747e+00 1.570707e+00 1.202020e+00 1.818182e-01 7.070707e-02
35915: 1.974874e+00 1.572864e+00 1.201005e+00 1.809045e-01 7.035176e-02
35915: 1.980000e+00 1.565000e+00 1.205000e+00 1.800000e-01 7.000000e-02
35915: 1.980100e+00 1.567164e+00 1.203980e+00 1.791045e-01 6.965174e-02
35915: 1.980198e+00 1.569307e+00 1.202970e+00 1.782178e-01 6.930693e-02
35915: 1.980296e+00 1.566502e+00 1.201970e+00 1.773399e-01 7.389163e-02
35915: 1.975490e+00 1.573529e+00 1.200980e+00 1.764706e-01 7.352941e-02
35915: 1.975610e+00 1.575610e+00 1.200000e+00 1.756098e-01 7.317073e-02
35915: 1.970874e+00 1.577670e+00 1.203883e+00 1.747573e-01 7.281553e-02
35915: 1.975845e+00 1.570048e+00 1.207729e+00 1.739130e-01 7.246377e-02
35915: 1.971154e+00 1.572115e+00 1.211538e+00 1.730769e-01 7.211538e-02
35915: 1.971292e+00 1.564593e+00 1.215311e+00 1.770335e-01 7.177033e-02
35915: 1.966667e+00 1.571429e+00 1.214286e+00 1.761905e-01 7.142857e-02
35915: 1.966825e+00 1.568720e+00 1.213270e+00 1.800948e-01 7.109005e-02
35915: 1.962264e+00 1.575472e+00 1.207547e+00 1.839623e-01 7.075472e-02
35915: 1.962441e+00 1.568075e+00 1.211268e+00 1.830986e-01 7.511737e-02
35915: 1.957944e+00 1.570093e+00 1.214953e+00 1.822430e-01 7.476636e-02
35915: 1.962791e+00 1.567442e+00 1.213953e+00 1.813953e-01 7.441860e-02
35915: 1.958333e+00 1.574074e+00 1.212963e+00 1.805556e-01 7.407407e-02
35915: 1.963134e+00 1.571429e+00 1.211982e+00 1.797235e-01 7.373272e-02
35915: 1.958716e+00 1.573394e+00 1.215596e+00 1.788991e-01 7.339450e-02
35915: 1.963470e+00 1.570776e+00 1.214612e+00 1.780822e-01 7.305936e-02
35915: 1.963636e+00 1.572727e+00 1.213636e+00 1.772727e-01 7.272727e-02
35915: 1.963801e+00 1.565611e+00 1.217195e+00 1.809955e-01 7.239819e-02
35915: 1.959459e+00 1.567568e+00 1.220721e+00 1.801802e-01 7.207207e-02
35915: 1.959641e+00 1.565022e+00 1.224215e+00 1.793722e-01 7.174888e-02
35915: 1.955357e+00 1.575893e+00 1.218750e+00 1.785714e-01 7.142857e-02
35915: 1.955556e+00 1.577778e+00 1.217778e+00 1.777778e-01 7.111111e-02
35915: 1.951327e+00 1.575221e+00 1.221239e+00 1.769912e-01 7.522124e-02
35915: 1.951542e+00 1.572687e+00 1.224670e+00 1.762115e-01 7.488987e-02
35915: 1.951754e+00 1.574561e+00 1.223684e+00 1.754386e-01 7.456140e-02
35915: 1.947598e+00 1.572052e+00 1.227074e+00 1.790393e-01 7.423581e-02
35915: 1.947826e+00 1.569565e+00 1.230435e+00 1.782609e-01 7.391304e-02
35915: 1.943723e+00 1.580087e+00 1.225108e+00 1.774892e-01 7.359307e-02
35915: 1.943966e+00 1.573276e+00 1.232759e+00 1.767241e-01 7.327586e-02
35915: 1.939914e+00 1.570815e+00 1.240343e+00 1.759657e-01 7.296137e-02
35915: 1.940171e+00 1.568376e+00 1.239316e+00 1.794872e-01 7.264957e-02
35915: 1.936170e+00 1.570213e+00 1.242553e+00 1.787234e-01 7.234043e-02
35915: 1.932203e+00 1.576271e+00 1.241525e+00 1.779661e-01 7.203390e-02
35915: 1.932489e+00 1.573840e+00 1.244726e+00 1.772152e-01 7.172996e-02
35915: 1.932773e+00 1.575630e+00 1.243697e+00 1.764706e-01 7.142857e-02
35915: 1.937238e+00 1.569038e+00 1.246862e+00 1.757322e-01 7.112971e-02
35915: 1.933333e+00 1.570833e+00 1.250000e+00 1.750000e-01 7.083333e-02
35915: 1.933610e+00 1.564315e+00 1.253112e+00 1.784232e-01 7.053942e-02
35915: 1.929752e+00 1.566116e+00 1.252066e+00 1.818182e-01 7.024793e-02
35915: 1.930041e+00 1.563786e+00 1.255144e+00 1.810700e-01 6.995885e-02
35915: 1.930328e+00 1.569672e+00 1.250000e+00 1.803279e-01 6.967213e-02
35915: 1.926531e+00 1.575510e+00 1.248980e+00 1.795918e-01 6.938776e-02
35915: 1.930894e+00 1.573171e+00 1.247967e+00 1.788618e-01 6.910569e-02
35915: 1.927126e+00 1.578947e+00 1.246964e+00 1.781377e-01 6.882591e-02
35915: 1.931452e+00 1.576613e+00 1.245968e+00 1.774194e-01 6.854839e-02
35915: 1.931727e+00 1.578313e+00 1.244980e+00 1.767068e-01 6.827309e-02
35915: 1.928000e+00 1.580000e+00 1.248000e+00 1.760000e-01 6.800000e-02
35915: 1.928287e+00 1.581673e+00 1.247012e+00 1.752988e-01 6.772908e-02
35915: 1.924603e+00 1.579365e+00 1.253968e+00 1.746032e-01 6.746032e-02
35915: 1.928854e+00 1.573123e+00 1.252964e+00 1.778656e-01 6.719368e-02
35915: 1.925197e+00 1.574803e+00 1.255906e+00 1.771654e-01 6.692913e-02
35915: 1.921569e+00 1.576471e+00 1.258824e+00 1.764706e-01 6.666667e-02
35915: 1.925781e+00 1.570312e+00 1.257812e+00 1.796875e-01 6.640625e-02
35915: 1.922179e+00 1.575875e+00 1.256809e+00 1.789883e-01 6.614786e-02
35915: 1.918605e+00 1.581395e+00 1.255814e+00 1.782946e-01 6.589147e-02
35915: 1.918919e+00 1.579151e+00 1.258687e+00 1.776062e-01 6.563707e-02
35915: 1.915385e+00 1.584615e+00 1.257692e+00 1.769231e-01 6.538462e-02
35915: 1.915709e+00 1.578544e+00 1.260536e+00 1.762452e-01 6.896552e-02
35915: 1.912214e+00 1.583969e+00 1.259542e+00 1.755725e-01 6.870229e-02
35915: 1.912548e+00 1.577947e+00 1.262357e+00 1.749049e-01 7.224335e-02
35915: 1.909091e+00 1.579545e+00 1.261364e+00 1.780303e-01 7.196970e-02
35915: 1.913208e+00 1.577358e+00 1.260377e+00 1.773585e-01 7.169811e-02
35915: 1.909774e+00 1.578947e+00 1.259398e+00 1.804511e-01 7.142857e-02
35915: 1.913858e+00 1.573034e+00 1.262172e+00 1.797753e-01 7.116105e-02
35915: 1.910448e+00 1.578358e+00 1.261194e+00 1.791045e-01 7.089552e-02
35915: 1.910781e+00 1.576208e+00 1.263941e+00 1.784387e-01 7.063197e-02
35915: 1.911111e+00 1.577778e+00 1.262963e+00 1.777778e-01 7.037037e-02
35915: 1.907749e+00 1.571956e+00 1.269373e+00 1.808118e-01 7.011070e-02
35915: 1.908088e+00 1.569853e+00 1.272059e+00 1.801471e-01 6.985294e-02
35915: 1.908425e+00 1.575092e+00 1.267399e+00 1.794872e-01 6.959707e-02
35915: 1.912409e+00 1.569343e+00 1.270073e+00 1.788321e-01 6.934307e-02
35915: 1.909091e+00 1.574545e+00 1.269091e+00 1.781818e-01 6.909091e-02
35915: 1.909420e+00 1.572464e+00 1.271739e+00 1.775362e-01 6.884058e-02
35915: 1.909747e+00 1.574007e+00 1.270758e+00 1.768953e-01 6.859206e-02
35915: 1.906475e+00 1.571942e+00 1.276978e+00 1.762590e-01 6.834532e-02
35915: 1.906810e+00 1.569892e+00 1.279570e+00 1.756272e-01 6.810036e-02
35915: 1.903571e+00 1.575000e+00 1.275000e+00 1.750000e-01 7.142857e-02
35915: 1.903915e+00 1.572954e+00 1.274021e+00 1.743772e-01 7.473310e-02
35915: 1.904255e+00 1.570922e+00 1.276596e+00 1.737589e-01 7.446809e-02
35915: 1.901060e+00 1.575972e+00 1.275618e+00 1.731449e-01 7.420495e-02
35915: 1.901408e+00 1.577465e+00 1.274648e+00 1.725352e-01 7.394366e-02
35915: 1.905263e+00 1.571930e+00 1.277193e+00 1.719298e-01 7.368421e-02
35915: 1.902098e+00 1.573427e+00 1.279720e+00 1.713287e-01 7.342657e-02
35915: 1.902439e+00 1.571429e+00 1.282230e+00 1.707317e-01 7.317073e-02
35915: 1.902778e+00 1.572917e+00 1.281250e+00 1.701389e-01 7.291667e-02
35915: 1.903114e+00 1.570934e+00 1.283737e+00 1.695502e-01 7.266436e-02
35915: 1.903448e+00 1.572414e+00 1.282759e+00 1.689655e-01 7.241379e-02
35915: 1.900344e+00 1.570447e+00 1.288660e+00 1.683849e-01 7.216495e-02
35915: 1.900685e+00 1.568493e+00 1.291096e+00 1.678082e-01 7.191781e-02
35915: 1.897611e+00 1.576792e+00 1.286689e+00 1.672355e-01 7.167235e-02
35915: 1.897959e+00 1.574830e+00 1.289116e+00 1.666667e-01 7.142857e-02
35915: 1.894915e+00 1.579661e+00 1.288136e+00 1.661017e-01 7.118644e-02
35915: 1.895270e+00 1.577703e+00 1.290541e+00 1.655405e-01 7.094595e-02
35915: 1.892256e+00 1.582492e+00 1.289562e+00 1.649832e-01 7.070707e-02
35915: 1.892617e+00 1.583893e+00 1.288591e+00 1.644295e-01 7.046980e-02
35915: 1.892977e+00 1.581940e+00 1.290970e+00 1.638796e-01 7.023411e-02
35915: 1.890000e+00 1.586667e+00 1.290000e+00 1.633333e-01 7.000000e-02
35915: 1.890365e+00 1.581395e+00 1.292359e+00 1.661130e-01 6.976744e-02
35915: 1.887417e+00 1.582781e+00 1.294702e+00 1.655629e-01 6.953642e-02
35915: 1.891089e+00 1.577558e+00 1.297030e+00 1.650165e-01 6.930693e-02
35915: 1.888158e+00 1.575658e+00 1.299342e+00 1.677632e-01 6.907895e-02
35915: 1.888525e+00 1.577049e+00 1.298361e+00 1.672131e-01 6.885246e-02
35915: 1.892157e+00 1.571895e+00 1.300654e+00 1.666667e-01 6.862745e-02
35915: 1.889251e+00 1.576547e+00 1.299674e+00 1.661238e-01 6.840391e-02
35915: 1.889610e+00 1.577922e+00 1.298701e+00 1.655844e-01 6.818182e-02
35915: 1.886731e+00 1.579288e+00 1.300971e+00 1.650485e-01 6.796117e-02
35915: 1.887097e+00 1.577419e+00 1.300000e+00 1.677419e-01 6.774194e-02
35915: 1.884244e+00 1.578778e+00 1.299035e+00 1.704180e-01 6.752412e-02
35915: 1.884615e+00 1.576923e+00 1.298077e+00 1.730769e-01 6.730769e-02
35915: 1.881789e+00 1.578275e+00 1.300319e+00 1.725240e-01 6.709265e-02
35915: 1.882166e+00 1.573248e+00 1.302548e+00 1.751592e-01 6.687898e-02
35915: 1.882540e+00 1.574603e+00 1.301587e+00 1.746032e-01 6.666667e-02
35915: 1.879747e+00 1.572785e+00 1.303797e+00 1.772152e-01 6.645570e-02
35915: 1.880126e+00 1.570978e+00 1.305994e+00 1.766562e-01 6.624606e-02
35915: 1.877358e+00 1.572327e+00 1.308176e+00 1.761006e-01 6.603774e-02
35915: 1.877743e+00 1.570533e+00 1.310345e+00 1.755486e-01 6.583072e-02
35915: 1.875000e+00 1.575000e+00 1.309375e+00 1.750000e-01 6.562500e-02
35915: 1.878505e+00 1.573209e+00 1.308411e+00 1.744548e-01 6.542056e-02
35915: 1.878882e+00 1.571429e+00 1.310559e+00 1.739130e-01 6.521739e-02
35915: 1.876161e+00 1.572755e+00 1.312693e+00 1.733746e-01 6.501548e-02
35915: 1.876543e+00 1.570988e+00 1.314815e+00 1.728395e-01 6.481481e-02
35915: 1.873846e+00 1.572308e+00 1.316923e+00 1.723077e-01 6.461538e-02
35915: 1.874233e+00 1.570552e+00 1.319018e+00 1.717791e-01 6.441718e-02
35915: 1.871560e+00 1.571865e+00 1.318043e+00 1.743119e-01 6.422018e-02
35915: 1.871951e+00 1.573171e+00 1.317073e+00 1.737805e-01 6.402439e-02
35915: 1.875380e+00 1.568389e+00 1.319149e+00 1.732523e-01 6.382979e-02
35915: 1.872727e+00 1.572727e+00 1.318182e+00 1.727273e-01 6.363636e-02
35915: 1.873112e+00 1.567976e+00 1.323263e+00 1.722054e-01 6.344411e-02
35915: 1.870482e+00 1.572289e+00 1.322289e+00 1.716867e-01 6.325301e-02
35915: 1.870871e+00 1.573574e+00 1.321321e+00 1.711712e-01 6.306306e-02
35915: 1.871257e+00 1.571856e+00 1.323353e+00 1.706587e-01 6.287425e-02
35915: 1.868657e+00 1.576119e+00 1.322388e+00 1.701493e-01 6.268657e-02
35915: 1.872024e+00 1.571429e+00 1.324405e+00 1.696429e-01 6.250000e-02
35915: 1.872404e+00 1.569733e+00 1.326409e+00 1.691395e-01 6.231454e-02
35915: 1.872781e+00 1.573964e+00 1.322485e+00 1.686391e-01 6.213018e-02
35915: 1.870206e+00 1.569322e+00 1.327434e+00 1.681416e-01 6.489676e-02
35915: 1.870588e+00 1.570588e+00 1.326471e+00 1.676471e-01 6.470588e-02
35915: 1.868035e+00 1.568915e+00 1.328446e+00 1.671554e-01 6.744868e-02
35915: 1.871345e+00 1.567251e+00 1.327485e+00 1.666667e-01 6.725146e-02
35915: 1.871720e+00 1.571429e+00 1.323615e+00 1.661808e-01 6.705539e-02
35915: 1.869186e+00 1.569767e+00 1.328488e+00 1.656977e-01 6.686047e-02
35915: 1.869565e+00 1.571014e+00 1.324638e+00 1.652174e-01 6.956522e-02
35915: 1.867052e+00 1.572254e+00 1.326590e+00 1.647399e-01 6.936416e-02
35915: 1.867435e+00 1.570605e+00 1.328530e+00 1.642651e-01 6.916427e-02
35915: 1.864943e+00 1.571839e+00 1.330460e+00 1.637931e-01 6.896552e-02
35915: 1.868195e+00 1.567335e+00 1.332378e+00 1.633238e-01 6.876791e-02
35915: 1.865714e+00 1.568571e+00 1.331429e+00 1.628571e-01 7.142857e-02
35915: 1.866097e+00 1.566952e+00 1.330484e+00 1.652422e-01 7.122507e-02
35915: 1.863636e+00 1.571023e+00 1.329545e+00 1.647727e-01 7.102273e-02
35915: 1.864023e+00 1.572238e+00 1.328612e+00 1.643059e-01 7.082153e-02
35915: 1.861582e+00 1.573446e+00 1.330508e+00 1.638418e-01 7.062147e-02
35915: 1.861972e+00 1.571831e+00 1.332394e+00 1.633803e-01 7.042254e-02
35915: 1.859551e+00 1.573034e+00 1.331461e+00 1.657303e-01 7.022472e-02
35915: 1.862745e+00 1.571429e+00 1.330532e+00 1.652661e-01 7.002801e-02
35915: 1.860335e+00 1.575419e+00 1.329609e+00 1.648045e-01 6.983240e-02
35915: 1.860724e+00 1.576602e+00 1.328691e+00 1.643454e-01 6.963788e-02
35915: 1.863889e+00 1.572222e+00 1.330556e+00 1.638889e-01 6.944444e-02
35915: 1.867036e+00 1.570637e+00 1.329640e+00 1.634349e-01 6.925208e-02
35915: 1.864641e+00 1.574586e+00 1.328729e+00 1.629834e-01 6.906077e-02
35915: 1.865014e+00 1.575758e+00 1.327824e+00 1.625344e-01 6.887052e-02
35915: 1.862637e+00 1.574176e+00 1.329670e+00 1.648352e-01 6.868132e-02
35915: 1.863014e+00 1.572603e+00 1.331507e+00 1.643836e-01 6.849315e-02
35915: 1.863388e+00 1.573770e+00 1.330601e+00 1.639344e-01 6.830601e-02
35915: 1.861035e+00 1.572207e+00 1.332425e+00 1.662125e-01 6.811989e-02
35915: 1.864130e+00 1.567935e+00 1.334239e+00 1.657609e-01 6.793478e-02
35915: 1.864499e+00 1.571816e+00 1.330623e+00 1.653117e-01 6.775068e-02
35915: 1.864865e+00 1.567568e+00 1.332432e+00 1.675676e-01 6.756757e-02
35915: 1.865229e+00 1.571429e+00 1.328841e+00 1.671159e-01 6.738544e-02
35915: 1.862903e+00 1.567204e+00 1.333333e+00 1.693548e-01 6.720430e-02
35915: 1.863271e+00 1.568365e+00 1.329759e+00 1.715818e-01 6.702413e-02
35915: 1.860963e+00 1.569519e+00 1.331551e+00 1.711230e-01 6.684492e-02
35915: 1.864000e+00 1.570667e+00 1.328000e+00 1.706667e-01 6.666667e-02
35915: 1.864362e+00 1.569149e+00 1.329787e+00 1.702128e-01 6.648936e-02
35915: 1.862069e+00 1.572944e+00 1.328912e+00 1.697613e-01 6.631300e-02
35915: 1.862434e+00 1.574074e+00 1.328042e+00 1.693122e-01 6.613757e-02
35915: 1.860158e+00 1.572559e+00 1.332454e+00 1.688654e-01 6.596306e-02
35915: 1.860526e+00 1.573684e+00 1.331579e+00 1.684211e-01 6.578947e-02
35915: 1.858268e+00 1.574803e+00 1.333333e+00 1.679790e-01 6.561680e-02
35915: 1.858639e+00 1.573298e+00 1.335079e+00 1.675393e-01 6.544503e-02
35915: 1.859008e+00 1.574413e+00 1.334204e+00 1.671018e-01 6.527415e-02
35915: 1.859375e+00 1.570312e+00 1.338542e+00 1.666667e-01 6.510417e-02
35915: 1.857143e+00 1.571429e+00 1.340260e+00 1.662338e-01 6.493506e-02
35915: 1.860104e+00 1.569948e+00 1.339378e+00 1.658031e-01 6.476684e-02
35915: 1.857881e+00 1.576227e+00 1.335917e+00 1.653747e-01 6.459948e-02
35915: 1.858247e+00 1.574742e+00 1.337629e+00 1.649485e-01 6.443299e-02
35915: 1.858612e+00 1.573265e+00 1.336761e+00 1.670951e-01 6.426735e-02
35915: 1.856410e+00 1.576923e+00 1.335897e+00 1.666667e-01 6.410256e-02
35915: 1.859335e+00 1.575448e+00 1.335038e+00 1.662404e-01 6.393862e-02
35915: 1.857143e+00 1.576531e+00 1.334184e+00 1.683673e-01 6.377551e-02
35915: 1.860051e+00 1.575064e+00 1.333333e+00 1.679389e-01 6.361323e-02
35915: 1.857868e+00 1.576142e+00 1.332487e+00 1.700508e-01 6.345178e-02
35915: 1.858228e+00 1.577215e+00 1.331646e+00 1.696203e-01 6.329114e-02
35915: 1.856061e+00 1.578283e+00 1.333333e+00 1.691919e-01 6.313131e-02
35915: 1.856423e+00 1.576826e+00 1.335013e+00 1.687657e-01 6.297229e-02
35915: 1.854271e+00 1.577889e+00 1.336683e+00 1.683417e-01 6.281407e-02
35915: 1.854637e+00 1.576441e+00 1.338346e+00 1.679198e-01 6.265664e-02
35915: 1.852500e+00 1.577500e+00 1.337500e+00 1.700000e-01 6.250000e-02
35915: 1.852868e+00 1.578554e+00 1.336658e+00 1.695761e-01 6.234414e-02
35915: 1.850746e+00 1.579602e+00 1.338308e+00 1.691542e-01 6.218905e-02
35915: 1.851117e+00 1.578164e+00 1.337469e+00 1.712159e-01 6.203474e-02
35915: 1.849010e+00 1.581683e+00 1.336634e+00 1.707921e-01 6.188119e-02
35915: 1.849383e+00 1.580247e+00 1.338272e+00 1.703704e-01 6.172840e-02
35915: 1.847291e+00 1.578818e+00 1.339901e+00 1.724138e-01 6.157635e-02
35915: 1.847666e+00 1.579853e+00 1.339066e+00 1.719902e-01 6.142506e-02
35915: 1.845588e+00 1.578431e+00 1.343137e+00 1.715686e-01 6.127451e-02
35915: 1.848411e+00 1.577017e+00 1.342298e+00 1.711491e-01 6.112469e-02
35915: 1.846341e+00 1.575610e+00 1.343902e+00 1.731707e-01 6.097561e-02
35915: 1.846715e+00 1.574209e+00 1.343066e+00 1.751825e-01 6.082725e-02
35915: 1.844660e+00 1.577670e+00 1.342233e+00 1.747573e-01 6.067961e-02
35915: 1.845036e+00 1.573850e+00 1.346247e+00 1.743341e-01 6.053269e-02
35915: 1.842995e+00 1.574879e+00 1.347826e+00 1.739130e-01 6.038647e-02
35915: 1.843373e+00 1.573494e+00 1.349398e+00 1.734940e-01 6.024096e-02
35915: 1.843750e+00 1.572115e+00 1.350962e+00 1.730769e-01 6.009615e-02
35915: 1.841727e+00 1.575540e+00 1.350120e+00 1.726619e-01 5.995204e-02
35915: 1.844498e+00 1.574163e+00 1.349282e+00 1.722488e-01 5.980861e-02
35915: 1.844869e+00 1.575179e+00 1.348449e+00 1.718377e-01 5.966587e-02
35915: 1.842857e+00 1.573810e+00 1.352381e+00 1.714286e-01 5.952381e-02
35915: 1.843230e+00 1.572447e+00 1.353919e+00 1.710214e-01 5.938242e-02
35915: 1.841232e+00 1.575829e+00 1.353081e+00 1.706161e-01 5.924171e-02
35915: 1.843972e+00 1.572104e+00 1.352246e+00 1.725768e-01 5.910165e-02
35915: 1.841981e+00 1.570755e+00 1.353774e+00 1.745283e-01 5.896226e-02
35915: 1.842353e+00 1.567059e+00 1.357647e+00 1.741176e-01 5.882353e-02
35915: 1.840376e+00 1.570423e+00 1.356808e+00 1.737089e-01 5.868545e-02
35915: 1.840749e+00 1.569087e+00 1.355972e+00 1.733021e-01 6.088993e-02
35915: 1.838785e+00 1.572430e+00 1.355140e+00 1.728972e-01 6.074766e-02
35915: 1.839161e+00 1.571096e+00 1.356643e+00 1.724942e-01 6.060606e-02
35915: 1.841860e+00 1.569767e+00 1.355814e+00 1.720930e-01 6.046512e-02
35915: 1.839907e+00 1.573086e+00 1.352668e+00 1.740139e-01 6.032483e-02
35915: 1.842593e+00 1.571759e+00 1.351852e+00 1.736111e-01 6.018519e-02
35915: 1.842956e+00 1.572748e+00 1.351039e+00 1.732102e-01 6.004619e-02
35915: 1.843318e+00 1.569124e+00 1.352535e+00 1.751152e-01 5.990783e-02
35915: 1.841379e+00 1.572414e+00 1.349425e+00 1.770115e-01 5.977011e-02
35915: 1.841743e+00 1.573394e+00 1.348624e+00 1.766055e-01 5.963303e-02
35915: 1.839817e+00 1.574371e+00 1.350114e+00 1.762014e-01 5.949657e-02
35915: 1.842466e+00 1.570776e+00 1.351598e+00 1.757991e-01 5.936073e-02
35915: 1.842825e+00 1.571754e+00 1.350797e+00 1.753986e-01 5.922551e-02
35915: 1.840909e+00 1.572727e+00 1.352273e+00 1.750000e-01 5.909091e-02
35915: 1.841270e+00 1.571429e+00 1.353741e+00 1.746032e-01 5.895692e-02
35915: 1.839367e+00 1.572398e+00 1.352941e+00 1.742081e-01 6.108597e-02
35915: 1.839729e+00 1.573363e+00 1.352144e+00 1.738149e-01 6.094808e-02
35915: 1.837838e+00 1.574324e+00 1.353604e+00 1.734234e-01 6.081081e-02
35915: 1.835955e+00 1.575281e+00 1.355056e+00 1.730337e-01 6.067416e-02
35915: 1.836323e+00 1.576233e+00 1.354260e+00 1.726457e-01 6.053812e-02
35915: 1.834452e+00 1.577181e+00 1.355705e+00 1.722595e-01 6.040268e-02
35915: 1.834821e+00 1.578125e+00 1.354911e+00 1.718750e-01 6.026786e-02
35915: 1.835189e+00 1.576837e+00 1.356347e+00 1.714922e-01 6.013363e-02
35915: 1.833333e+00 1.580000e+00 1.355556e+00 1.711111e-01 6.000000e-02
35915: 1.833703e+00 1.580931e+00 1.354767e+00 1.707317e-01 5.986696e-02
35915: 1.834071e+00 1.579646e+00 1.356195e+00 1.703540e-01 5.973451e-02
35915: 1.832230e+00 1.580574e+00 1.357616e+00 1.699779e-01 5.960265e-02
35915: 1.832599e+00 1.581498e+00 1.356828e+00 1.696035e-01 5.947137e-02
35915: 1.832967e+00 1.580220e+00 1.358242e+00 1.692308e-01 5.934066e-02
35915: 1.831140e+00 1.583333e+00 1.357456e+00 1.688596e-01 5.921053e-02
35915: 1.831510e+00 1.579869e+00 1.361050e+00 1.684902e-01 5.908096e-02
35915: 1.831878e+00 1.580786e+00 1.360262e+00 1.681223e-01 5.895197e-02
35915: 1.830065e+00 1.581699e+00 1.361656e+00 1.677560e-01 5.882353e-02
35915: 1.830435e+00 1.580435e+00 1.363043e+00 1.673913e-01 5.869565e-02
35915: 1.828633e+00 1.581345e+00 1.362256e+00 1.691974e-01 5.856833e-02
35915: 1.829004e+00 1.580087e+00 1.363636e+00 1.688312e-01 5.844156e-02
35915: 1.829374e+00 1.580994e+00 1.362851e+00 1.684665e-01 5.831533e-02
35915: 1.827586e+00 1.579741e+00 1.366379e+00 1.681034e-01 5.818966e-02
35915: 1.830108e+00 1.578495e+00 1.365591e+00 1.677419e-01 5.806452e-02
35915: 1.830472e+00 1.579399e+00 1.364807e+00 1.673820e-01 5.793991e-02
35915: 1.830835e+00 1.578158e+00 1.366167e+00 1.670236e-01 5.781585e-02
35915: 1.829060e+00 1.581197e+00 1.365385e+00 1.666667e-01 5.769231e-02
35915: 1.829424e+00 1.582090e+00 1.364606e+00 1.663113e-01 5.756930e-02
35915: 1.827660e+00 1.580851e+00 1.365957e+00 1.680851e-01 5.744681e-02
35915: 1.828025e+00 1.581741e+00 1.365180e+00 1.677282e-01 5.732484e-02
35915: 1.828390e+00 1.580508e+00 1.366525e+00 1.673729e-01 5.720339e-02
35915: 1.828753e+00 1.579281e+00 1.367865e+00 1.670190e-01 5.708245e-02
35915: 1.829114e+00 1.580169e+00 1.367089e+00 1.666667e-01 5.696203e-02
35915: 1.827368e+00 1.581053e+00 1.368421e+00 1.663158e-01 5.684211e-02
35915: 1.829832e+00 1.577731e+00 1.369748e+00 1.659664e-01 5.672269e-02
35915: 1.830189e+00 1.578616e+00 1.368973e+00 1.656184e-01 5.660377e-02
35915: 1.830544e+00 1.575314e+00 1.372385e+00 1.652720e-01 5.648536e-02
35915: 1.828810e+00 1.574113e+00 1.375783e+00 1.649269e-01 5.636743e-02
35915: 1.829167e+00 1.572917e+00 1.377083e+00 1.645833e-01 5.625000e-02
35915: 1.827443e+00 1.571726e+00 1.378378e+00 1.642412e-01 5.821206e-02
35915: 1.827801e+00 1.572614e+00 1.377593e+00 1.639004e-01 5.809129e-02
35915: 1.828157e+00 1.571429e+00 1.378882e+00 1.635611e-01 5.797101e-02
35915: 1.826446e+00 1.572314e+00 1.380165e+00 1.632231e-01 5.785124e-02
35915: 1.826804e+00 1.571134e+00 1.379381e+00 1.649485e-01 5.773196e-02
35915: 1.825103e+00 1.572016e+00 1.380658e+00 1.646091e-01 5.761317e-02
35915: 1.825462e+00 1.570842e+00 1.381930e+00 1.642710e-01 5.749487e-02
35915: 1.823770e+00 1.571721e+00 1.383197e+00 1.639344e-01 5.737705e-02
35915: 1.824131e+00 1.570552e+00 1.382413e+00 1.656442e-01 5.725971e-02
35915: 1.824490e+00 1.571429e+00 1.381633e+00 1.653061e-01 5.714286e-02
35915: 1.822811e+00 1.568228e+00 1.386965e+00 1.649695e-01 5.702648e-02
35915: 1.823171e+00 1.567073e+00 1.386179e+00 1.666667e-01 5.691057e-02
35915: 1.823529e+00 1.569980e+00 1.383367e+00 1.663286e-01 5.679513e-02
35915: 1.821862e+00 1.572874e+00 1.382591e+00 1.659919e-01 5.668016e-02
35915: 1.822222e+00 1.573737e+00 1.381818e+00 1.656566e-01 5.656566e-02
35915: 1.820565e+00 1.572581e+00 1.383065e+00 1.673387e-01 5.645161e-02
35915: 1.820926e+00 1.571429e+00 1.382294e+00 1.690141e-01 5.633803e-02
35915: 1.819277e+00 1.572289e+00 1.381526e+00 1.706827e-01 5.622490e-02
35915: 1.821643e+00 1.571142e+00 1.380762e+00 1.703407e-01 5.611222e-02
35915: 1.822000e+00 1.572000e+00 1.380000e+00 1.700000e-01 5.600000e-02
35915: 1.822355e+00 1.570858e+00 1.381238e+00 1.696607e-01 5.588822e-02
35915: 1.822709e+00 1.571713e+00 1.380478e+00 1.693227e-01 5.577689e-02
35915: 1.821074e+00 1.570577e+00 1.383698e+00 1.689861e-01 5.566600e-02
35915: 1.823413e+00 1.569444e+00 1.382937e+00 1.686508e-01 5.555556e-02
35915: 1.821782e+00 1.574257e+00 1.380198e+00 1.683168e-01 5.544554e-02
35915: 1.824111e+00 1.573123e+00 1.379447e+00 1.679842e-01 5.533597e-02
35915: 1.824458e+00 1.573964e+00 1.378698e+00 1.676529e-01 5.522682e-02
35915: 1.822835e+00 1.572835e+00 1.381890e+00 1.673228e-01 5.511811e-02
35915: 1.825147e+00 1.571709e+00 1.381139e+00 1.669941e-01 5.500982e-02
35915: 1.825490e+00 1.572549e+00 1.380392e+00 1.666667e-01 5.490196e-02
35915: 1.823875e+00 1.571429e+00 1.383562e+00 1.663405e-01 5.479452e-02
35915: 1.822266e+00 1.572266e+00 1.384766e+00 1.660156e-01 5.468750e-02
35915: 1.822612e+00 1.573099e+00 1.384016e+00 1.656920e-01 5.458090e-02
35915: 1.821012e+00 1.571984e+00 1.387160e+00 1.653696e-01 5.447471e-02
35915: 1.819417e+00 1.572816e+00 1.386408e+00 1.669903e-01 5.436893e-02
35915: 1.819767e+00 1.571705e+00 1.387597e+00 1.666667e-01 5.426357e-02
35915: 1.820116e+00 1.572534e+00 1.386847e+00 1.663443e-01 5.415861e-02
35915: 1.818533e+00 1.571429e+00 1.388031e+00 1.679537e-01 5.405405e-02
35915: 1.820809e+00 1.570328e+00 1.387283e+00 1.676301e-01 5.394990e-02
35915: 1.819231e+00 1.571154e+00 1.386538e+00 1.692308e-01 5.384615e-02
35915: 1.821497e+00 1.570058e+00 1.385797e+00 1.689060e-01 5.374280e-02
35915: 1.819923e+00 1.570881e+00 1.385057e+00 1.704981e-01 5.363985e-02
35915: 1.822180e+00 1.569790e+00 1.384321e+00 1.701721e-01 5.353728e-02
35915: 1.820611e+00 1.572519e+00 1.381679e+00 1.698473e-01 5.534351e-02
35915: 1.822857e+00 1.571429e+00 1.380952e+00 1.695238e-01 5.523810e-02
35915: 1.821293e+00 1.572243e+00 1.380228e+00 1.711027e-01 5.513308e-02
35915: 1.823529e+00 1.569260e+00 1.381404e+00 1.707780e-01 5.502846e-02
35915: 1.823864e+00 1.571970e+00 1.378788e+00 1.704545e-01 5.492424e-02
35915: 1.824197e+00 1.570888e+00 1.379962e+00 1.701323e-01 5.482042e-02
35915: 1.824528e+00 1.571698e+00 1.379245e+00 1.698113e-01 5.471698e-02
35915: 1.822976e+00 1.572505e+00 1.380414e+00 1.694915e-01 5.461394e-02
35915: 1.823308e+00 1.573308e+00 1.379699e+00 1.691729e-01 5.451128e-02
35915: 1.823640e+00 1.572233e+00 1.380863e+00 1.688555e-01 5.440901e-02
35915: 1.822097e+00 1.573034e+00 1.380150e+00 1.704120e-01 5.430712e-02
35915: 1.822430e+00 1.573832e+00 1.379439e+00 1.700935e-01 5.420561e-02
35915: 1.822761e+00 1.572761e+00 1.380597e+00 1.697761e-01 5.410448e-02
35915: 1.821229e+00 1.575419e+00 1.379888e+00 1.694600e-01 5.400372e-02
35915: 1.821561e+00 1.574349e+00 1.379182e+00 1.691450e-01 5.576208e-02
35915: 1.820037e+00 1.576994e+00 1.378479e+00 1.688312e-01 5.565863e-02
35915: 1.820370e+00 1.575926e+00 1.379630e+00 1.685185e-01 5.555556e-02
35915: 1.820702e+00 1.576710e+00 1.378928e+00 1.682070e-01 5.545287e-02
35915: 1.819188e+00 1.577491e+00 1.380074e+00 1.678967e-01 5.535055e-02
35915: 1.819521e+00 1.578269e+00 1.379374e+00 1.675875e-01 5.524862e-02
35915: 1.818015e+00 1.577206e+00 1.380515e+00 1.691176e-01 5.514706e-02
35915: 1.818349e+00 1.576147e+00 1.379817e+00 1.706422e-01 5.504587e-02
35915: 1.816850e+00 1.578755e+00 1.379121e+00 1.703297e-01 5.494505e-02
35915: 1.817185e+00 1.579525e+00 1.378428e+00 1.700183e-01 5.484461e-02
35915: 1.815693e+00 1.580292e+00 1.379562e+00 1.697080e-01 5.474453e-02
35915: 1.816029e+00 1.581056e+00 1.378871e+00 1.693989e-01 5.464481e-02
35915: 1.816364e+00 1.578182e+00 1.381818e+00 1.690909e-01 5.454545e-02
35915: 1.816697e+00 1.578947e+00 1.381125e+00 1.687840e-01 5.444646e-02
35915: 1.815217e+00 1.579710e+00 1.382246e+00 1.684783e-01 5.434783e-02
35915: 1.815552e+00 1.578662e+00 1.383363e+00 1.681736e-01 5.424955e-02
35915: 1.814079e+00 1.581227e+00 1.382671e+00 1.678700e-01 5.415162e-02
35915: 1.814414e+00 1.581982e+00 1.381982e+00 1.675676e-01 5.405405e-02
35915: 1.814748e+00 1.580935e+00 1.383094e+00 1.672662e-01 5.395683e-02
35915: 1.813285e+00 1.583483e+00 1.382406e+00 1.669659e-01 5.385996e-02
35915: 1.815412e+00 1.582437e+00 1.381720e+00 1.666667e-01 5.376344e-02
35915: 1.813953e+00 1.583184e+00 1.381038e+00 1.681574e-01 5.366726e-02
35915: 1.814286e+00 1.580357e+00 1.382143e+00 1.696429e-01 5.357143e-02
35915: 1.812834e+00 1.581105e+00 1.383244e+00 1.693405e-01 5.347594e-02
35915: 1.814947e+00 1.578292e+00 1.384342e+00 1.690391e-01 5.338078e-02
35915: 1.813499e+00 1.579041e+00 1.385435e+00 1.687389e-01 5.328597e-02
35915: 1.813830e+00 1.579787e+00 1.384752e+00 1.684397e-01 5.319149e-02
35915: 1.814159e+00 1.578761e+00 1.385841e+00 1.681416e-01 5.309735e-02
35915: 1.812721e+00 1.579505e+00 1.385159e+00 1.678445e-01 5.477032e-02
35915: 1.813051e+00 1.578483e+00 1.386243e+00 1.675485e-01 5.467372e-02
35915: 1.811620e+00 1.579225e+00 1.387324e+00 1.672535e-01 5.457746e-02
35915: 1.811951e+00 1.579965e+00 1.386643e+00 1.669596e-01 5.448155e-02
35915: 1.810526e+00 1.578947e+00 1.387719e+00 1.684211e-01 5.438596e-02
35915: 1.810858e+00 1.579685e+00 1.387040e+00 1.681261e-01 5.429072e-02
35915: 1.811189e+00 1.578671e+00 1.388112e+00 1.678322e-01 5.419580e-02
35915: 1.809773e+00 1.579407e+00 1.387435e+00 1.692845e-01 5.410122e-02
35915: 1.811847e+00 1.578397e+00 1.386760e+00 1.689895e-01 5.400697e-02
35915: 1.810435e+00 1.579130e+00 1.386087e+00 1.704348e-01 5.391304e-02
35915: 1.812500e+00 1.576389e+00 1.387153e+00 1.701389e-01 5.381944e-02
35915: 1.812825e+00 1.577123e+00 1.386482e+00 1.698440e-01 5.372617e-02
35915: 1.813149e+00 1.574394e+00 1.389273e+00 1.695502e-01 5.363322e-02
35915: 1.811744e+00 1.573402e+00 1.390328e+00 1.709845e-01 5.354059e-02
35915: 1.812069e+00 1.572414e+00 1.389655e+00 1.706897e-01 5.517241e-02
35915: 1.812392e+00 1.573150e+00 1.388985e+00 1.703959e-01 5.507745e-02
35915: 1.810997e+00 1.572165e+00 1.391753e+00 1.701031e-01 5.498282e-02
35915: 1.811321e+00 1.572899e+00 1.391081e+00 1.698113e-01 5.488851e-02
35915: 1.809932e+00 1.571918e+00 1.393836e+00 1.695205e-01 5.479452e-02
35915: 1.811966e+00 1.569231e+00 1.394872e+00 1.692308e-01 5.470085e-02
35915: 1.810580e+00 1.571672e+00 1.392491e+00 1.689420e-01 5.631399e-02
35915: 1.810903e+00 1.570698e+00 1.393526e+00 1.686542e-01 5.621806e-02
35915: 1.809524e+00 1.571429e+00 1.394558e+00 1.683673e-01 5.612245e-02
35915: 1.809847e+00 1.572156e+00 1.393888e+00 1.680815e-01 5.602716e-02
35915: 1.808475e+00 1.571186e+00 1.396610e+00 1.677966e-01 5.593220e-02
35915: 1.808799e+00 1.570220e+00 1.397631e+00 1.675127e-01 5.583756e-02
35915: 1.809122e+00 1.570946e+00 1.396959e+00 1.672297e-01 5.574324e-02
35915: 1.807757e+00 1.569983e+00 1.399663e+00 1.669477e-01 5.564924e-02
35915: 1.808081e+00 1.570707e+00 1.398990e+00 1.666667e-01 5.555556e-02
35915: 1.806723e+00 1.569748e+00 1.401681e+00 1.663866e-01 5.546218e-02
35915: 1.808725e+00 1.568792e+00 1.401007e+00 1.661074e-01 5.536913e-02
35915: 1.807370e+00 1.572864e+00 1.398660e+00 1.658291e-01 5.527638e-02
35915: 1.807692e+00 1.571906e+00 1.397993e+00 1.672241e-01 5.518395e-02
35915: 1.806344e+00 1.574290e+00 1.397329e+00 1.669449e-01 5.509182e-02
35915: 1.806667e+00 1.575000e+00 1.396667e+00 1.666667e-01 5.500000e-02
35915: 1.806988e+00 1.574043e+00 1.397671e+00 1.663894e-01 5.490849e-02
35915: 1.808970e+00 1.573090e+00 1.397010e+00 1.661130e-01 5.481728e-02
35915: 1.807629e+00 1.573798e+00 1.398010e+00 1.658375e-01 5.472637e-02
35915: 1.806291e+00 1.574503e+00 1.397351e+00 1.672185e-01 5.463576e-02
35915: 1.808264e+00 1.573554e+00 1.396694e+00 1.669421e-01 5.454545e-02
35915: 1.806931e+00 1.574257e+00 1.397690e+00 1.666667e-01 5.445545e-02
35915: 1.805601e+00 1.574959e+00 1.397035e+00 1.680395e-01 5.436573e-02
35915: 1.805921e+00 1.575658e+00 1.396382e+00 1.677632e-01 5.427632e-02
35915: 1.804598e+00 1.574713e+00 1.399015e+00 1.674877e-01 5.418719e-02
35915: 1.803279e+00 1.575410e+00 1.400000e+00 1.672131e-01 5.409836e-02
35915: 1.803601e+00 1.574468e+00 1.399345e+00 1.685761e-01 5.400982e-02
35915: 1.805556e+00 1.573529e+00 1.398693e+00 1.683007e-01 5.392157e-02
35915: 1.805873e+00 1.574225e+00 1.398042e+00 1.680261e-01 5.383361e-02
35915: 1.804560e+00 1.574919e+00 1.399023e+00 1.677524e-01 5.374593e-02
35915: 1.803252e+00 1.575610e+00 1.400000e+00 1.674797e-01 5.365854e-02
35915: 1.803571e+00 1.576299e+00 1.399351e+00 1.672078e-01 5.357143e-02
35915: 1.805511e+00 1.573744e+00 1.400324e+00 1.669368e-01 5.348460e-02
35915: 1.805825e+00 1.574434e+00 1.399676e+00 1.666667e-01 5.339806e-02
35915: 1.804523e+00 1.575121e+00 1.400646e+00 1.663974e-01 5.331179e-02
35915: 1.804839e+00 1.575806e+00 1.400000e+00 1.661290e-01 5.322581e-02
35915: 1.803543e+00 1.576490e+00 1.400966e+00 1.658615e-01 5.314010e-02
35915: 1.803859e+00 1.577170e+00 1.400322e+00 1.655949e-01 5.305466e-02
35915: 1.804173e+00 1.576244e+00 1.401284e+00 1.653291e-01 5.296950e-02
35915: 1.802885e+00 1.576923e+00 1.400641e+00 1.650641e-01 5.448718e-02
35915: 1.801600e+00 1.577600e+00 1.400000e+00 1.664000e-01 5.440000e-02
35915: 1.801917e+00 1.576677e+00 1.400958e+00 1.661342e-01 5.431310e-02
35915: 1.800638e+00 1.577352e+00 1.401914e+00 1.658692e-01 5.422648e-02
35915: 1.799363e+00 1.579618e+00 1.401274e+00 1.656051e-01 5.414013e-02
35915: 1.801272e+00 1.578696e+00 1.400636e+00 1.653418e-01 5.405405e-02
35915: 1.800000e+00 1.580952e+00 1.400000e+00 1.650794e-01 5.396825e-02
35915: 1.800317e+00 1.580032e+00 1.400951e+00 1.648177e-01 5.388273e-02
35915: 1.800633e+00 1.580696e+00 1.400316e+00 1.645570e-01 5.379747e-02
35915: 1.799368e+00 1.579779e+00 1.401264e+00 1.658768e-01 5.371248e-02
35915: 1.798107e+00 1.582019e+00 1.400631e+00 1.656151e-01 5.362776e-02
35915: 1.798425e+00 1.582677e+00 1.400000e+00 1.653543e-01 5.354331e-02
35915: 1.798742e+00 1.581761e+00 1.400943e+00 1.650943e-01 5.345912e-02
35915: 1.797488e+00 1.583987e+00 1.400314e+00 1.648352e-01 5.337520e-02
35915: 1.797806e+00 1.583072e+00 1.399687e+00 1.661442e-01 5.329154e-02
35915: 1.796557e+00 1.583725e+00 1.399061e+00 1.674491e-01 5.320814e-02
35915: 1.795313e+00 1.584375e+00 1.398438e+00 1.671875e-01 5.468750e-02
35915: 1.795632e+00 1.583463e+00 1.399376e+00 1.669267e-01 5.460218e-02
35915: 1.794393e+00 1.584112e+00 1.398754e+00 1.682243e-01 5.451713e-02
35915: 1.796267e+00 1.583204e+00 1.398134e+00 1.679627e-01 5.443235e-02
35915: 1.798137e+00 1.582298e+00 1.397516e+00 1.677019e-01 5.434783e-02
35915: 1.796899e+00 1.582946e+00 1.396899e+00 1.689922e-01 5.426357e-02
35915: 1.795666e+00 1.583591e+00 1.396285e+00 1.702786e-01 5.417957e-02
35915: 1.795981e+00 1.582689e+00 1.395672e+00 1.715611e-01 5.409583e-02
35915: 1.794753e+00 1.583333e+00 1.395062e+00 1.728395e-01 5.401235e-02
35915: 1.793529e+00 1.583975e+00 1.394453e+00 1.741140e-01 5.392912e-02
35915: 1.793846e+00 1.581538e+00 1.396923e+00 1.738462e-01 5.384615e-02
35915: 1.794163e+00 1.582181e+00 1.396313e+00 1.735791e-01 5.376344e-02
35915: 1.792945e+00 1.581288e+00 1.397239e+00 1.733129e-01 5.521472e-02
35915: 1.791730e+00 1.581930e+00 1.396631e+00 1.730475e-01 5.666156e-02
35915: 1.792049e+00 1.581040e+00 1.396024e+00 1.743119e-01 5.657492e-02
35915: 1.792366e+00 1.581679e+00 1.395420e+00 1.740458e-01 5.648855e-02
35915: 1.791159e+00 1.582317e+00 1.396341e+00 1.737805e-01 5.640244e-02
35915: 1.789954e+00 1.584475e+00 1.395738e+00 1.735160e-01 5.631659e-02
35915: 1.790274e+00 1.583587e+00 1.396657e+00 1.732523e-01 5.623100e-02
35915: 1.790592e+00 1.584219e+00 1.396055e+00 1.729894e-01 5.614568e-02
35915: 1.790909e+00 1.583333e+00 1.396970e+00 1.727273e-01 5.606061e-02
35915: 1.789713e+00 1.585477e+00 1.396369e+00 1.724660e-01 5.597579e-02
35915: 1.791541e+00 1.584592e+00 1.395770e+00 1.722054e-01 5.589124e-02
35915: 1.790347e+00 1.585219e+00 1.396682e+00 1.719457e-01 5.580694e-02
35915: 1.789157e+00 1.585843e+00 1.397590e+00 1.716867e-01 5.572289e-02
35915: 1.789474e+00 1.586466e+00 1.396992e+00 1.714286e-01 5.563910e-02
35915: 1.789790e+00 1.585586e+00 1.397898e+00 1.711712e-01 5.555556e-02
35915: 1.788606e+00 1.584708e+00 1.398801e+00 1.724138e-01 5.547226e-02
35915: 1.788922e+00 1.583832e+00 1.398204e+00 1.736527e-01 5.538922e-02
35915: 1.789238e+00 1.582960e+00 1.399103e+00 1.733931e-01 5.530643e-02
35915: 1.789552e+00 1.583582e+00 1.398507e+00 1.731343e-01 5.522388e-02
35915: 1.788376e+00 1.582712e+00 1.400894e+00 1.728763e-01 5.514158e-02
35915: 1.788690e+00 1.581845e+00 1.400298e+00 1.741071e-01 5.505952e-02
35915: 1.787519e+00 1.582467e+00 1.401189e+00 1.738484e-01 5.497771e-02
35915: 1.787834e+00 1.583086e+00 1.400593e+00 1.735905e-01 5.489614e-02
35915: 1.788148e+00 1.582222e+00 1.401481e+00 1.733333e-01 5.481481e-02
35915: 1.788462e+00 1.582840e+00 1.400888e+00 1.730769e-01 5.473373e-02
35915: 1.787297e+00 1.581979e+00 1.401773e+00 1.742984e-01 5.465288e-02
35915: 1.787611e+00 1.581121e+00 1.401180e+00 1.755162e-01 5.457227e-02
35915: 1.787923e+00 1.581738e+00 1.400589e+00 1.752577e-01 5.449190e-02
35915: 1.786765e+00 1.580882e+00 1.402941e+00 1.750000e-01 5.441176e-02
35915: 1.787078e+00 1.581498e+00 1.402349e+00 1.747430e-01 5.433186e-02
35915: 1.785924e+00 1.580645e+00 1.403226e+00 1.759531e-01 5.425220e-02
35915: 1.787701e+00 1.579795e+00 1.402635e+00 1.756955e-01 5.417277e-02
35915: 1.786550e+00 1.580409e+00 1.402047e+00 1.769006e-01 5.409357e-02
35915: 1.785401e+00 1.581022e+00 1.401460e+00 1.781022e-01 5.401460e-02
35915: 1.785714e+00 1.581633e+00 1.400875e+00 1.778426e-01 5.393586e-02
35915: 1.784571e+00 1.580786e+00 1.401747e+00 1.790393e-01 5.385735e-02
35915: 1.784884e+00 1.579942e+00 1.401163e+00 1.787791e-01 5.523256e-02
35915: 1.783745e+00 1.580552e+00 1.402032e+00 1.785196e-01 5.515239e-02
35915: 1.782609e+00 1.581159e+00 1.401449e+00 1.797101e-01 5.507246e-02
35915: 1.784370e+00 1.580318e+00 1.400868e+00 1.794501e-01 5.499276e-02
35915: 1.786127e+00 1.579480e+00 1.400289e+00 1.791908e-01 5.491329e-02
35915: 1.784993e+00 1.580087e+00 1.399711e+00 1.803752e-01 5.483405e-02
35915: 1.783862e+00 1.582133e+00 1.399135e+00 1.801153e-01 5.475504e-02
35915: 1.785612e+00 1.581295e+00 1.398561e+00 1.798561e-01 5.467626e-02
35915: 1.784483e+00 1.581897e+00 1.397989e+00 1.810345e-01 5.459770e-02
35915: 1.784792e+00 1.582496e+00 1.397418e+00 1.807747e-01 5.451937e-02
35915: 1.785100e+00 1.581662e+00 1.398281e+00 1.805158e-01 5.444126e-02
35915: 1.783977e+00 1.582260e+00 1.399142e+00 1.802575e-01 5.436338e-02
35915: 1.785714e+00 1.581429e+00 1.398571e+00 1.800000e-01 5.428571e-02
35915: 1.784593e+00 1.582026e+00 1.399429e+00 1.797432e-01 5.420827e-02
35915: 1.784900e+00 1.581197e+00 1.400285e+00 1.794872e-01 5.413105e-02
35915: 1.785206e+00 1.581792e+00 1.399716e+00 1.792319e-01 5.405405e-02
35915: 1.785511e+00 1.580966e+00 1.400568e+00 1.789773e-01 5.397727e-02
35915: 1.784397e+00 1.582979e+00 1.400000e+00 1.787234e-01 5.390071e-02
35915: 1.784703e+00 1.582153e+00 1.399433e+00 1.784703e-01 5.524079e-02
35915: 1.783593e+00 1.584158e+00 1.398868e+00 1.782178e-01 5.516266e-02
35915: 1.783898e+00 1.584746e+00 1.398305e+00 1.779661e-01 5.508475e-02
35915: 1.782793e+00 1.583921e+00 1.399154e+00 1.791255e-01 5.500705e-02
35915: 1.783099e+00 1.583099e+00 1.400000e+00 1.788732e-01 5.492958e-02
35915: 1.783404e+00 1.583685e+00 1.399437e+00 1.786217e-01 5.485232e-02
35915: 1.782303e+00 1.582865e+00 1.400281e+00 1.783708e-01 5.617978e-02
35915: 1.782609e+00 1.583450e+00 1.399719e+00 1.781206e-01 5.610098e-02
35915: 1.781513e+00 1.582633e+00 1.401961e+00 1.778711e-01 5.602241e-02
35915: 1.781818e+00 1.581818e+00 1.401399e+00 1.790210e-01 5.594406e-02
35915: 1.780726e+00 1.582402e+00 1.400838e+00 1.801676e-01 5.586592e-02
35915: 1.781032e+00 1.582985e+00 1.400279e+00 1.799163e-01 5.578801e-02
35915: 1.779944e+00 1.583565e+00 1.401114e+00 1.796657e-01 5.571031e-02
35915: 1.781641e+00 1.582754e+00 1.400556e+00 1.794159e-01 5.563282e-02
35915: 1.780556e+00 1.583333e+00 1.401389e+00 1.791667e-01 5.555556e-02
35915: 1.779473e+00 1.585298e+00 1.400832e+00 1.789182e-01 5.547850e-02
35915: 1.779778e+00 1.585873e+00 1.400277e+00 1.786704e-01 5.540166e-02
35915: 1.778700e+00 1.586445e+00 1.401107e+00 1.784232e-01 5.532503e-02
35915: 1.779006e+00 1.587017e+00 1.400552e+00 1.781768e-01 5.524862e-02
35915: 1.777931e+00 1.587586e+00 1.401379e+00 1.779310e-01 5.517241e-02
35915: 1.779614e+00 1.586777e+00 1.400826e+00 1.776860e-01 5.509642e-02
35915: 1.778542e+00 1.587345e+00 1.401651e+00 1.774415e-01 5.502063e-02
35915: 1.777473e+00 1.587912e+00 1.401099e+00 1.771978e-01 5.631868e-02
35915: 1.779150e+00 1.585734e+00 1.401920e+00 1.769547e-01 5.624143e-02
35915: 1.778082e+00 1.586301e+00 1.401370e+00 1.780822e-01 5.616438e-02
35915: 1.778386e+00 1.584131e+00 1.403557e+00 1.778386e-01 5.608755e-02
35915: 1.777322e+00 1.586066e+00 1.403005e+00 1.775956e-01 5.601093e-02
35915: 1.777626e+00 1.586630e+00 1.402456e+00 1.773533e-01 5.593452e-02
35915: 1.776567e+00 1.585831e+00 1.404632e+00 1.771117e-01 5.585831e-02
35915: 1.778231e+00 1.585034e+00 1.404082e+00 1.768707e-01 5.578231e-02
35915: 1.778533e+00 1.584239e+00 1.403533e+00 1.779891e-01 5.570652e-02
35915: 1.777476e+00 1.586160e+00 1.402985e+00 1.777476e-01 5.563094e-02
35915: 1.777778e+00 1.585366e+00 1.403794e+00 1.775068e-01 5.555556e-02
35915: 1.776725e+00 1.585927e+00 1.403248e+00 1.786198e-01 5.548038e-02
35915: 1.775676e+00 1.587838e+00 1.402703e+00 1.783784e-01 5.540541e-02
35915: 1.775978e+00 1.587045e+00 1.402159e+00 1.781377e-01 5.668016e-02
35915: 1.776280e+00 1.587601e+00 1.401617e+00 1.778976e-01 5.660377e-02
35915: 1.775236e+00 1.588156e+00 1.402423e+00 1.776581e-01 5.652759e-02
35915: 1.776882e+00 1.587366e+00 1.401882e+00 1.774194e-01 5.645161e-02
35915: 1.775839e+00 1.587919e+00 1.402685e+00 1.771812e-01 5.637584e-02
35915: 1.774799e+00 1.588472e+00 1.402145e+00 1.782842e-01 5.630027e-02
35915: 1.775100e+00 1.589023e+00 1.401606e+00 1.780455e-01 5.622490e-02
35915: 1.774064e+00 1.588235e+00 1.403743e+00 1.778075e-01 5.614973e-02
35915: 1.775701e+00 1.587450e+00 1.403204e+00 1.775701e-01 5.607477e-02
35915: 1.774667e+00 1.588000e+00 1.404000e+00 1.773333e-01 5.600000e-02
35915: 1.774967e+00 1.588549e+00 1.403462e+00 1.770972e-01 5.592543e-02
35915: 1.773936e+00 1.589096e+00 1.404255e+00 1.768617e-01 5.585106e-02
35915: 1.775564e+00 1.588313e+00 1.403718e+00 1.766268e-01 5.577689e-02
35915: 1.774536e+00 1.587533e+00 1.405836e+00 1.763926e-01 5.570292e-02
35915: 1.774834e+00 1.586755e+00 1.406623e+00 1.761589e-01 5.562914e-02
35915: 1.773810e+00 1.587302e+00 1.407407e+00 1.759259e-01 5.555556e-02
35915: 1.774108e+00 1.587847e+00 1.406869e+00 1.756935e-01 5.548217e-02
35915: 1.773087e+00 1.588391e+00 1.407652e+00 1.754617e-01 5.540897e-02
35915: 1.773386e+00 1.588933e+00 1.407115e+00 1.752306e-01 5.533597e-02
35915: 1.772368e+00 1.588158e+00 1.407895e+00 1.763158e-01 5.526316e-02
35915: 1.773982e+00 1.587385e+00 1.407359e+00 1.760841e-01 5.519054e-02
35915: 1.772966e+00 1.589239e+00 1.406824e+00 1.758530e-01 5.511811e-02
35915: 1.773263e+00 1.589777e+00 1.406291e+00 1.756225e-01 5.504587e-02
35915: 1.773560e+00 1.589005e+00 1.407068e+00 1.753927e-01 5.497382e-02
35915: 1.773856e+00 1.589542e+00 1.406536e+00 1.751634e-01 5.490196e-02
35915: 1.772846e+00 1.588773e+00 1.408616e+00 1.749347e-01 5.483029e-02
35915: 1.773142e+00 1.589309e+00 1.408083e+00 1.747066e-01 5.475880e-02
35915: 1.773438e+00 1.588542e+00 1.408854e+00 1.744792e-01 5.468750e-02
35915: 1.772432e+00 1.589077e+00 1.408322e+00 1.755527e-01 5.461638e-02
35915: 1.774026e+00 1.587013e+00 1.407792e+00 1.753247e-01 5.584416e-02
35915: 1.773022e+00 1.587549e+00 1.407263e+00 1.763943e-01 5.577173e-02
35915: 1.773316e+00 1.588083e+00 1.406736e+00 1.761658e-01 5.569948e-02
35915: 1.772316e+00 1.588616e+00 1.407503e+00 1.759379e-01 5.562743e-02
35915: 1.773902e+00 1.587855e+00 1.406977e+00 1.757106e-01 5.555556e-02
35915: 1.772903e+00 1.588387e+00 1.406452e+00 1.767742e-01 5.548387e-02
35915: 1.773196e+00 1.588918e+00 1.405928e+00 1.765464e-01 5.541237e-02
35915: 1.772201e+00 1.589447e+00 1.406692e+00 1.763192e-01 5.534106e-02
35915: 1.771208e+00 1.589974e+00 1.407455e+00 1.760925e-01 5.526992e-02
35915: 1.771502e+00 1.589217e+00 1.408216e+00 1.758665e-01 5.519897e-02
35915: 1.770513e+00 1.589744e+00 1.408974e+00 1.756410e-01 5.512821e-02
35915: 1.770807e+00 1.588988e+00 1.409731e+00 1.754161e-01 5.505762e-02
35915: 1.769821e+00 1.589514e+00 1.409207e+00 1.751918e-01 5.626598e-02
35915: 1.768838e+00 1.590038e+00 1.408685e+00 1.762452e-01 5.619413e-02
35915: 1.770408e+00 1.588010e+00 1.409439e+00 1.760204e-01 5.612245e-02
35915: 1.769427e+00 1.588535e+00 1.408917e+00 1.770701e-01 5.605096e-02
35915: 1.768448e+00 1.589059e+00 1.409669e+00 1.768448e-01 5.597964e-02
35915: 1.770013e+00 1.588310e+00 1.409149e+00 1.766201e-01 5.590851e-02
35915: 1.769036e+00 1.588832e+00 1.408629e+00 1.776650e-01 5.583756e-02
35915: 1.768061e+00 1.590621e+00 1.408112e+00 1.774398e-01 5.576679e-02
35915: 1.768354e+00 1.591139e+00 1.407595e+00 1.772152e-01 5.569620e-02
35915: 1.768647e+00 1.590392e+00 1.408344e+00 1.769912e-01 5.562579e-02
35915: 1.768939e+00 1.590909e+00 1.407828e+00 1.767677e-01 5.555556e-02
35915: 1.767970e+00 1.591425e+00 1.408575e+00 1.765448e-01 5.548550e-02
35915: 1.768262e+00 1.591940e+00 1.408060e+00 1.763224e-01 5.541562e-02
35915: 1.767296e+00 1.592453e+00 1.408805e+00 1.761006e-01 5.534591e-02
35915: 1.767588e+00 1.592965e+00 1.408291e+00 1.758794e-01 5.527638e-02
35915: 1.767880e+00 1.592221e+00 1.409034e+00 1.756587e-01 5.520703e-02
35915: 1.768170e+00 1.592732e+00 1.408521e+00 1.754386e-01 5.513784e-02
35915: 1.768461e+00 1.590738e+00 1.410513e+00 1.752190e-01 5.506884e-02
35915: 1.767500e+00 1.591250e+00 1.410000e+00 1.762500e-01 5.500000e-02
35915: 1.769039e+00 1.590512e+00 1.409488e+00 1.760300e-01 5.493134e-02
35915: 1.769327e+00 1.591022e+00 1.408978e+00 1.758105e-01 5.486284e-02
35915: 1.769614e+00 1.590286e+00 1.409714e+00 1.755915e-01 5.479452e-02
35915: 1.768657e+00 1.590796e+00 1.409204e+00 1.753731e-01 5.597015e-02
35915: 1.767702e+00 1.591304e+00 1.409938e+00 1.751553e-01 5.590062e-02
35915: 1.767990e+00 1.591811e+00 1.409429e+00 1.749380e-01 5.583127e-02
35915: 1.767038e+00 1.591078e+00 1.410161e+00 1.759603e-01 5.576208e-02
35915: 1.766089e+00 1.592822e+00 1.409653e+00 1.757426e-01 5.569307e-02
35915: 1.766378e+00 1.592089e+00 1.409147e+00 1.767614e-01 5.562423e-02
35915: 1.765432e+00 1.592593e+00 1.408642e+00 1.765432e-01 5.679012e-02
35915: 1.764488e+00 1.593095e+00 1.409371e+00 1.763255e-01 5.672010e-02
35915: 1.764778e+00 1.592365e+00 1.410099e+00 1.761084e-01 5.665025e-02
35915: 1.765068e+00 1.592866e+00 1.409594e+00 1.758918e-01 5.658057e-02
35915: 1.765356e+00 1.592138e+00 1.410319e+00 1.756757e-01 5.651106e-02
35915: 1.764417e+00 1.593865e+00 1.409816e+00 1.754601e-01 5.644172e-02
35915: 1.764706e+00 1.594363e+00 1.409314e+00 1.752451e-01 5.637255e-02
35915: 1.763770e+00 1.594859e+00 1.410037e+00 1.750306e-01 5.630355e-02
35915: 1.764059e+00 1.594132e+00 1.409535e+00 1.748166e-01 5.745721e-02
35915: 1.763126e+00 1.594628e+00 1.410256e+00 1.746032e-01 5.738706e-02
35915: 1.763415e+00 1.595122e+00 1.409756e+00 1.743902e-01 5.731707e-02
35915: 1.762485e+00 1.595615e+00 1.410475e+00 1.741778e-01 5.724726e-02
35915: 1.762774e+00 1.594891e+00 1.411192e+00 1.739659e-01 5.717762e-02
35915: 1.761847e+00 1.595383e+00 1.410693e+00 1.737546e-01 5.832321e-02
35915: 1.762136e+00 1.594660e+00 1.410194e+00 1.747573e-01 5.825243e-02
35915: 1.762424e+00 1.595152e+00 1.409697e+00 1.745455e-01 5.818182e-02
35915: 1.761501e+00 1.594431e+00 1.411622e+00 1.743341e-01 5.811138e-02
35915: 1.761790e+00 1.593712e+00 1.411125e+00 1.753325e-01 5.804111e-02
35915: 1.760870e+00 1.595411e+00 1.410628e+00 1.751208e-01 5.797101e-02
35915: 1.761158e+00 1.594692e+00 1.411339e+00 1.749095e-01 5.790109e-02
35915: 1.761446e+00 1.595181e+00 1.410843e+00 1.746988e-01 5.783133e-02
35915: 1.761733e+00 1.594465e+00 1.411552e+00 1.744886e-01 5.776173e-02
35915: 1.760817e+00 1.594952e+00 1.411058e+00 1.754808e-01 5.769231e-02
35915: 1.761104e+00 1.594238e+00 1.410564e+00 1.752701e-01 5.882353e-02
35915: 1.761391e+00 1.594724e+00 1.410072e+00 1.750600e-01 5.875300e-02
35915: 1.760479e+00 1.595210e+00 1.410778e+00 1.748503e-01 5.868263e-02
35915: 1.760766e+00 1.594498e+00 1.410287e+00 1.758373e-01 5.861244e-02
35915: 1.759857e+00 1.594982e+00 1.410992e+00 1.756272e-01 5.854241e-02
35915: 1.760143e+00 1.595465e+00 1.410501e+00 1.754177e-01 5.847255e-02
35915: 1.759237e+00 1.595948e+00 1.411204e+00 1.752086e-01 5.840286e-02
35915: 1.759524e+00 1.595238e+00 1.411905e+00 1.750000e-01 5.833333e-02
35915: 1.758621e+00 1.595719e+00 1.411415e+00 1.747919e-01 5.945303e-02
35915: 1.758907e+00 1.593824e+00 1.413302e+00 1.745843e-01 5.938242e-02
35915: 1.758007e+00 1.594306e+00 1.413998e+00 1.743772e-01 5.931198e-02
35915: 1.758294e+00 1.593602e+00 1.413507e+00 1.753555e-01 5.924171e-02
35915: 1.757396e+00 1.594083e+00 1.414201e+00 1.751479e-01 5.917160e-02
35915: 1.758865e+00 1.592199e+00 1.414894e+00 1.749409e-01 5.910165e-02
35915: 1.757969e+00 1.592680e+00 1.415584e+00 1.747344e-01 5.903188e-02
35915: 1.758255e+00 1.593160e+00 1.415094e+00 1.745283e-01 5.896226e-02
35915: 1.757362e+00 1.593640e+00 1.415783e+00 1.743227e-01 5.889282e-02
35915: 1.758824e+00 1.592941e+00 1.415294e+00 1.741176e-01 5.882353e-02
35915: 1.757932e+00 1.593420e+00 1.415981e+00 1.739130e-01 5.875441e-02
35915: 1.758216e+00 1.591549e+00 1.416667e+00 1.737089e-01 5.985915e-02
35915: 1.757327e+00 1.592028e+00 1.416178e+00 1.746776e-01 5.978898e-02
35915: 1.757611e+00 1.592506e+00 1.415691e+00 1.744731e-01 5.971897e-02
35915: 1.757895e+00 1.591813e+00 1.416374e+00 1.742690e-01 5.964912e-02
35915: 1.757009e+00 1.593458e+00 1.415888e+00 1.740654e-01 5.957944e-02
35915: 1.757293e+00 1.592765e+00 1.416569e+00 1.738623e-01 5.950992e-02
35915: 1.756410e+00 1.593240e+00 1.417249e+00 1.736597e-01 5.944056e-02
35915: 1.757858e+00 1.592549e+00 1.416764e+00 1.734575e-01 5.937136e-02
35915: 1.756977e+00 1.591860e+00 1.417442e+00 1.732558e-01 6.046512e-02
35915: 1.756098e+00 1.592334e+00 1.416957e+00 1.742160e-01 6.039489e-02
35915: 1.756381e+00 1.591647e+00 1.417633e+00 1.740139e-01 6.032483e-02
35915: 1.756663e+00 1.592121e+00 1.417149e+00 1.738123e-01 6.025492e-02
35915: 1.755787e+00 1.592593e+00 1.417824e+00 1.736111e-01 6.018519e-02
35915: 1.757225e+00 1.591908e+00 1.417341e+00 1.734104e-01 6.011561e-02
35915: 1.756351e+00 1.592379e+00 1.416859e+00 1.743649e-01 6.004619e-02
35915: 1.755479e+00 1.592849e+00 1.417532e+00 1.741638e-01 5.997693e-02
35915: 1.755760e+00 1.592166e+00 1.418203e+00 1.739631e-01 5.990783e-02
35915: 1.754891e+00 1.593786e+00 1.417722e+00 1.737629e-01 5.983890e-02
35915: 1.756322e+00 1.593103e+00 1.417241e+00 1.735632e-01 5.977011e-02
35915: 1.756602e+00 1.593571e+00 1.416762e+00 1.733639e-01 5.970149e-02
35915: 1.755734e+00 1.594037e+00 1.417431e+00 1.731651e-01 5.963303e-02
35915: 1.757159e+00 1.593356e+00 1.416953e+00 1.729668e-01 5.956472e-02
35915: 1.756293e+00 1.594966e+00 1.416476e+00 1.727689e-01 5.949657e-02
35915: 1.755429e+00 1.596571e+00 1.416000e+00 1.725714e-01 5.942857e-02
35915: 1.755708e+00 1.595890e+00 1.416667e+00 1.723744e-01 5.936073e-02
35915: 1.754846e+00 1.597491e+00 1.416192e+00 1.721779e-01 5.929304e-02
35915: 1.756264e+00 1.596811e+00 1.415718e+00 1.719818e-01 5.922551e-02
35915: 1.756542e+00 1.597270e+00 1.415245e+00 1.717861e-01 5.915813e-02
35915: 1.755682e+00 1.597727e+00 1.415909e+00 1.715909e-01 5.909091e-02
35915: 1.754824e+00 1.598184e+00 1.415437e+00 1.713961e-01 6.015891e-02
35915: 1.756236e+00 1.597506e+00 1.414966e+00 1.712018e-01 6.009070e-02
35915: 1.756512e+00 1.596829e+00 1.415629e+00 1.710079e-01 6.002265e-02
35915: 1.755656e+00 1.598416e+00 1.415158e+00 1.708145e-01 5.995475e-02
35915: 1.755932e+00 1.597740e+00 1.415819e+00 1.706215e-01 5.988701e-02
35915: 1.755079e+00 1.598194e+00 1.416479e+00 1.704289e-01 5.981941e-02
35915: 1.754228e+00 1.598647e+00 1.417136e+00 1.702368e-01 5.975197e-02
35915: 1.754505e+00 1.597973e+00 1.417793e+00 1.700450e-01 5.968468e-02
35915: 1.754781e+00 1.598425e+00 1.417323e+00 1.698538e-01 5.961755e-02
35915: 1.753933e+00 1.597753e+00 1.417978e+00 1.707865e-01 5.955056e-02
35915: 1.755331e+00 1.595960e+00 1.418631e+00 1.705948e-01 5.948373e-02
35915: 1.754484e+00 1.597534e+00 1.418161e+00 1.704036e-01 5.941704e-02
35915: 1.754759e+00 1.596865e+00 1.417693e+00 1.713326e-01 5.935050e-02
35915: 1.755034e+00 1.597315e+00 1.417226e+00 1.711409e-01 5.928412e-02
35915: 1.754190e+00 1.596648e+00 1.417877e+00 1.720670e-01 5.921788e-02
35915: 1.754464e+00 1.597098e+00 1.417411e+00 1.718750e-01 5.915179e-02
35915: 1.753623e+00 1.597547e+00 1.418060e+00 1.716834e-01 5.908584e-02
35915: 1.753898e+00 1.597996e+00 1.417595e+00 1.714922e-01 5.902004e-02
35915: 1.753059e+00 1.597330e+00 1.419355e+00 1.713014e-01 5.895439e-02
35915: 1.753333e+00 1.596667e+00 1.420000e+00 1.711111e-01 5.888889e-02
35915: 1.753607e+00 1.597114e+00 1.419534e+00 1.709212e-01 5.882353e-02
35915: 1.752772e+00 1.596452e+00 1.421286e+00 1.707317e-01 5.875831e-02
35915: 1.753045e+00 1.595792e+00 1.421927e+00 1.705426e-01 5.869324e-02
35915: 1.753319e+00 1.596239e+00 1.421460e+00 1.703540e-01 5.862832e-02
35915: 1.752486e+00 1.596685e+00 1.422099e+00 1.701657e-01 5.856354e-02
35915: 1.751656e+00 1.597130e+00 1.422737e+00 1.699779e-01 5.849890e-02
35915: 1.751929e+00 1.596472e+00 1.422271e+00 1.708931e-01 5.843440e-02
35915: 1.751101e+00 1.598018e+00 1.421806e+00 1.707048e-01 5.837004e-02
35915: 1.752475e+00 1.597360e+00 1.421342e+00 1.705171e-01 5.830583e-02
35915: 1.751648e+00 1.597802e+00 1.420879e+00 1.703297e-01 5.934066e-02
35915: 1.753019e+00 1.597146e+00 1.420417e+00 1.701427e-01 5.927552e-02
35915: 1.753289e+00 1.596491e+00 1.421053e+00 1.699561e-01 5.921053e-02
35915: 1.753560e+00 1.596933e+00 1.420591e+00 1.697700e-01 5.914567e-02
35915: 1.753829e+00 1.596280e+00 1.421225e+00 1.695842e-01 5.908096e-02
35915: 1.754098e+00 1.596721e+00 1.420765e+00 1.693989e-01 5.901639e-02
35915: 1.753275e+00 1.596070e+00 1.422489e+00 1.692140e-01 5.895197e-02
35915: 1.754635e+00 1.595420e+00 1.422028e+00 1.690294e-01 5.888768e-02
35915: 1.753813e+00 1.595861e+00 1.422658e+00 1.688453e-01 5.882353e-02
35915: 1.754081e+00 1.596300e+00 1.422198e+00 1.686616e-01 5.875952e-02
35915: 1.753261e+00 1.596739e+00 1.422826e+00 1.684783e-01 5.869565e-02
35915: 1.753529e+00 1.597177e+00 1.422367e+00 1.682953e-01 5.863192e-02
35915: 1.752711e+00 1.595445e+00 1.425163e+00 1.681128e-01 5.856833e-02
35915: 1.752979e+00 1.594800e+00 1.425785e+00 1.679307e-01 5.850488e-02
35915: 1.752165e+00 1.595238e+00 1.426407e+00 1.677489e-01 5.844156e-02
35915: 1.752432e+00 1.595676e+00 1.425946e+00 1.675676e-01 5.837838e-02
35915: 1.751620e+00 1.593952e+00 1.428726e+00 1.673866e-01 5.831533e-02
35915: 1.751888e+00 1.594391e+00 1.428263e+00 1.672060e-01 5.825243e-02
35915: 1.751078e+00 1.593750e+00 1.429957e+00 1.670259e-01 5.818966e-02
35915: 1.751346e+00 1.594187e+00 1.429494e+00 1.668461e-01 5.812702e-02
35915: 1.751613e+00 1.592473e+00 1.431183e+00 1.666667e-01 5.806452e-02
35915: 1.751880e+00 1.592911e+00 1.430720e+00 1.664876e-01 5.800215e-02
35915: 1.751073e+00 1.592275e+00 1.432403e+00 1.663090e-01 5.793991e-02
35915: 1.751340e+00 1.591640e+00 1.431940e+00 1.672026e-01 5.787781e-02
35915: 1.751606e+00 1.591006e+00 1.432548e+00 1.670236e-01 5.781585e-02
35915: 1.750802e+00 1.592513e+00 1.432086e+00 1.668449e-01 5.775401e-02
35915: 1.751068e+00 1.591880e+00 1.431624e+00 1.677350e-01 5.769231e-02
35915: 1.750267e+00 1.593383e+00 1.431163e+00 1.675560e-01 5.763074e-02
35915: 1.750533e+00 1.593817e+00 1.430704e+00 1.673774e-01 5.756930e-02
35915: 1.749734e+00 1.594249e+00 1.431310e+00 1.671991e-01 5.750799e-02
35915: 1.750000e+00 1.593617e+00 1.431915e+00 1.670213e-01 5.744681e-02
35915: 1.750266e+00 1.594049e+00 1.431456e+00 1.668438e-01 5.738576e-02
35915: 1.749469e+00 1.593418e+00 1.432059e+00 1.677282e-01 5.732484e-02
35915: 1.749735e+00 1.593849e+00 1.431601e+00 1.675504e-01 5.726405e-02
35915: 1.748941e+00 1.593220e+00 1.433263e+00 1.673729e-01 5.720339e-02
35915: 1.749206e+00 1.592593e+00 1.432804e+00 1.682540e-01 5.714286e-02
35915: 1.748414e+00 1.594080e+00 1.432347e+00 1.680761e-01 5.708245e-02
35915: 1.749736e+00 1.592397e+00 1.432946e+00 1.678986e-01 5.702218e-02
35915: 1.748945e+00 1.592827e+00 1.433544e+00 1.677215e-01 5.696203e-02
35915: 1.749210e+00 1.593256e+00 1.433087e+00 1.675448e-01 5.690200e-02
35915: 1.748421e+00 1.592632e+00 1.433684e+00 1.684211e-01 5.684211e-02
35915: 1.748686e+00 1.592008e+00 1.433228e+00 1.682440e-01 5.783386e-02
35915: 1.747899e+00 1.592437e+00 1.433824e+00 1.680672e-01 5.777311e-02
35915: 1.747114e+00 1.593914e+00 1.433368e+00 1.678909e-01 5.771249e-02
35915: 1.747379e+00 1.593291e+00 1.433962e+00 1.677149e-01 5.765199e-02
35915: 1.746597e+00 1.592670e+00 1.434555e+00 1.685864e-01 5.759162e-02
35915: 1.746862e+00 1.593096e+00 1.434100e+00 1.684100e-01 5.753138e-02
35915: 1.746082e+00 1.592476e+00 1.435737e+00 1.682341e-01 5.747126e-02
35915: 1.747390e+00 1.591858e+00 1.435282e+00 1.680585e-01 5.741127e-02
35915: 1.746611e+00 1.592284e+00 1.435871e+00 1.678832e-01 5.735141e-02
35915: 1.745833e+00 1.593750e+00 1.435417e+00 1.677083e-01 5.729167e-02
35915: 1.747138e+00 1.592092e+00 1.436004e+00 1.675338e-01 5.723205e-02
35915: 1.746362e+00 1.593555e+00 1.435551e+00 1.673597e-01 5.717256e-02
35915: 1.746625e+00 1.593977e+00 1.435099e+00 1.671859e-01 5.711319e-02
35915: 1.745851e+00 1.593361e+00 1.435685e+00 1.680498e-01 5.705394e-02
35915: 1.746114e+00 1.592746e+00 1.435233e+00 1.689119e-01 5.699482e-02
35915: 1.745342e+00 1.593168e+00 1.435818e+00 1.687371e-01 5.693582e-02
35915: 1.744571e+00 1.593588e+00 1.436401e+00 1.685626e-01 5.687694e-02
35915: 1.745868e+00 1.592975e+00 1.435950e+00 1.683884e-01 5.681818e-02
35915: 1.745098e+00 1.593395e+00 1.435501e+00 1.692466e-01 5.675955e-02
35915: 1.744330e+00 1.593814e+00 1.435052e+00 1.701031e-01 5.670103e-02
35915: 1.743563e+00 1.594233e+00 1.435633e+00 1.699279e-01 5.664264e-02
35915: 1.743827e+00 1.593621e+00 1.436214e+00 1.697531e-01 5.658436e-02
35915: 1.743063e+00 1.595067e+00 1.435766e+00 1.695786e-01 5.652621e-02
35915: 1.744353e+00 1.594456e+00 1.435318e+00 1.694045e-01 5.646817e-02
35915: 1.743590e+00 1.594872e+00 1.435897e+00 1.692308e-01 5.641026e-02
35915: 1.743852e+00 1.595287e+00 1.435451e+00 1.690574e-01 5.635246e-02
35915: 1.744115e+00 1.594678e+00 1.436029e+00 1.688843e-01 5.629478e-02
35915: 1.744376e+00 1.595092e+00 1.435583e+00 1.687117e-01 5.623722e-02
35915: 1.743616e+00 1.594484e+00 1.437181e+00 1.685393e-01 5.617978e-02
35915: 1.743878e+00 1.593878e+00 1.437755e+00 1.683673e-01 5.612245e-02
35915: 1.744139e+00 1.594292e+00 1.437309e+00 1.681957e-01 5.606524e-02
35915: 1.744399e+00 1.593686e+00 1.437882e+00 1.680244e-01 5.600815e-02
35915: 1.743642e+00 1.595117e+00 1.437436e+00 1.678535e-01 5.595117e-02
35915: 1.744919e+00 1.594512e+00 1.436992e+00 1.676829e-01 5.589431e-02
35915: 1.745178e+00 1.594924e+00 1.436548e+00 1.675127e-01 5.583756e-02
35915: 1.745436e+00 1.594320e+00 1.437120e+00 1.673428e-01 5.578093e-02
35915: 1.745694e+00 1.594732e+00 1.436677e+00 1.671733e-01 5.572442e-02
35915: 1.744939e+00 1.595142e+00 1.437247e+00 1.670040e-01 5.566802e-02
35915: 1.744186e+00 1.596562e+00 1.436805e+00 1.668352e-01 5.561173e-02
35915: 1.744444e+00 1.596970e+00 1.436364e+00 1.666667e-01 5.555556e-02
35915: 1.743693e+00 1.596367e+00 1.436932e+00 1.664985e-01 5.650858e-02
35915: 1.743952e+00 1.595766e+00 1.437500e+00 1.663306e-01 5.645161e-02
35915: 1.744209e+00 1.596173e+00 1.437059e+00 1.661631e-01 5.639476e-02
35915: 1.743461e+00 1.596579e+00 1.437626e+00 1.659960e-01 5.633803e-02
35915: 1.743719e+00 1.596985e+00 1.437186e+00 1.658291e-01 5.628141e-02
35915: 1.742972e+00 1.596386e+00 1.438755e+00 1.656627e-01 5.622490e-02
35915: 1.743230e+00 1.596790e+00 1.438315e+00 1.654965e-01 5.616851e-02
35915: 1.743487e+00 1.596192e+00 1.438878e+00 1.653307e-01 5.611222e-02
35915: 1.743744e+00 1.595596e+00 1.439439e+00 1.651652e-01 5.605606e-02
35915: Done!
Traceback (most recent call last):
  File "/lowest-unique-number/tournament0/elexunix.py", line 25, in <module>
    input()
EOFError: EOF when reading a line
