Forked 35943
Starting to reopen 0 and 1
Calling execv `tournament0/fedro.py` (pid 35943)
Strategy 0: first ans is 0
Forked 35967
Starting to reopen 0 and 1
Calling execv `tournament0/elexunix.py` (pid 35967)
Strategy 1: first ans is 4
Forked 35991
Starting to reopen 0 and 1
Calling execv `tournament0/alex_dany` (pid 35991)
35991: Started!
35991: Number of players: 5, position: 2, number of turns: 1000
35991: Random seed: 1591917840
Strategy 2: first ans is 0
Forked 35992
Starting to reopen 0 and 1
Calling execv `tournament0/lounres.py` (pid 35992)
Strategy 3: first ans is 1
Forked 35993
Starting to reopen 0 and 1
Calling execv `tournament0/pzakorko.py` (pid 35993)
Strategy 4: first ans is 0
35991: 3.000000e+00 1.000000e+00 0.000000e+00 0.000000e+00 1.000000e+00
35991: 2.500000e+00 2.000000e+00 0.000000e+00 0.000000e+00 5.000000e-01
35991: 2.000000e+00 1.333333e+00 1.000000e+00 3.333333e-01 3.333333e-01
35991: 2.500000e+00 1.250000e+00 7.500000e-01 2.500000e-01 2.500000e-01
35991: 2.200000e+00 1.400000e+00 8.000000e-01 4.000000e-01 2.000000e-01
35991: 2.166667e+00 1.666667e+00 6.666667e-01 3.333333e-01 1.666667e-01
35991: 2.000000e+00 1.714286e+00 8.571429e-01 2.857143e-01 1.428571e-01
35991: 2.000000e+00 1.500000e+00 8.750000e-01 5.000000e-01 1.250000e-01
35991: 1.888889e+00 1.555556e+00 7.777778e-01 6.666667e-01 1.111111e-01
35991: 2.000000e+00 1.500000e+00 7.000000e-01 7.000000e-01 1.000000e-01
35991: 1.909091e+00 1.636364e+00 7.272727e-01 6.363636e-01 9.090909e-02
35991: 1.916667e+00 1.583333e+00 8.333333e-01 5.833333e-01 8.333333e-02
35991: 1.846154e+00 1.538462e+00 1.000000e+00 5.384615e-01 7.692308e-02
35991: 1.928571e+00 1.500000e+00 1.000000e+00 5.000000e-01 7.142857e-02
35991: 1.866667e+00 1.533333e+00 1.000000e+00 5.333333e-01 6.666667e-02
35991: 1.875000e+00 1.562500e+00 9.375000e-01 5.625000e-01 6.250000e-02
35991: 1.823529e+00 1.588235e+00 9.411765e-01 5.882353e-01 5.882353e-02
35991: 1.944444e+00 1.500000e+00 9.444444e-01 5.555556e-01 5.555556e-02
35991: 1.894737e+00 1.578947e+00 8.947368e-01 5.263158e-01 1.052632e-01
35991: 1.950000e+00 1.500000e+00 9.000000e-01 5.000000e-01 1.500000e-01
35991: 1.904762e+00 1.523810e+00 9.047619e-01 4.761905e-01 1.904762e-01
35991: 1.954545e+00 1.500000e+00 8.636364e-01 4.545455e-01 2.272727e-01
35991: 1.913043e+00 1.565217e+00 8.260870e-01 4.782609e-01 2.173913e-01
35991: 1.958333e+00 1.541667e+00 8.333333e-01 4.583333e-01 2.083333e-01
35991: 2.000000e+00 1.560000e+00 8.000000e-01 4.400000e-01 2.000000e-01
35991: 2.000000e+00 1.576923e+00 8.076923e-01 4.230769e-01 1.923077e-01
35991: 1.962963e+00 1.555556e+00 8.888889e-01 4.074074e-01 1.851852e-01
35991: 2.000000e+00 1.535714e+00 8.571429e-01 4.285714e-01 1.785714e-01
35991: 2.000000e+00 1.551724e+00 8.275862e-01 4.482759e-01 1.724138e-01
35991: 2.000000e+00 1.533333e+00 8.666667e-01 4.333333e-01 1.666667e-01
35991: 1.967742e+00 1.580645e+00 8.709677e-01 4.193548e-01 1.612903e-01
35991: 1.968750e+00 1.562500e+00 8.750000e-01 4.375000e-01 1.562500e-01
35991: 1.969697e+00 1.606061e+00 8.484848e-01 4.242424e-01 1.515152e-01
35991: 1.970588e+00 1.558824e+00 9.117647e-01 4.117647e-01 1.470588e-01
35991: 2.000000e+00 1.571429e+00 8.857143e-01 4.000000e-01 1.428571e-01
35991: 1.972222e+00 1.555556e+00 9.444444e-01 3.888889e-01 1.388889e-01
35991: 2.000000e+00 1.540541e+00 9.459459e-01 3.783784e-01 1.351351e-01
35991: 1.973684e+00 1.552632e+00 9.210526e-01 3.684211e-01 1.842105e-01
35991: 2.000000e+00 1.538462e+00 8.974359e-01 3.846154e-01 1.794872e-01
35991: 1.975000e+00 1.550000e+00 9.250000e-01 3.750000e-01 1.750000e-01
35991: 1.975610e+00 1.536585e+00 9.512195e-01 3.658537e-01 1.707317e-01
35991: 1.976190e+00 1.547619e+00 9.523810e-01 3.571429e-01 1.666667e-01
35991: 1.953488e+00 1.558140e+00 9.534884e-01 3.720930e-01 1.627907e-01
35991: 1.977273e+00 1.545455e+00 9.318182e-01 3.863636e-01 1.590909e-01
35991: 1.977778e+00 1.555556e+00 9.111111e-01 4.000000e-01 1.555556e-01
35991: 1.978261e+00 1.543478e+00 9.130435e-01 4.130435e-01 1.521739e-01
35991: 1.978723e+00 1.553191e+00 9.148936e-01 4.042553e-01 1.489362e-01
35991: 1.958333e+00 1.562500e+00 9.166667e-01 4.166667e-01 1.458333e-01
35991: 1.979592e+00 1.551020e+00 9.183673e-01 4.081633e-01 1.428571e-01
35991: 1.980000e+00 1.580000e+00 9.000000e-01 4.000000e-01 1.400000e-01
35991: 2.000000e+00 1.549020e+00 9.215686e-01 3.921569e-01 1.372549e-01
35991: 1.980769e+00 1.557692e+00 9.230769e-01 4.038462e-01 1.346154e-01
35991: 2.000000e+00 1.547170e+00 9.056604e-01 4.150943e-01 1.320755e-01
35991: 1.981481e+00 1.555556e+00 9.259259e-01 4.074074e-01 1.296296e-01
35991: 1.981818e+00 1.563636e+00 9.272727e-01 4.000000e-01 1.272727e-01
35991: 1.964286e+00 1.553571e+00 9.642857e-01 3.928571e-01 1.250000e-01
35991: 1.964912e+00 1.578947e+00 9.473684e-01 3.859649e-01 1.228070e-01
35991: 1.965517e+00 1.551724e+00 9.655172e-01 3.965517e-01 1.206897e-01
35991: 1.949153e+00 1.593220e+00 9.491525e-01 3.898305e-01 1.186441e-01
35991: 1.950000e+00 1.566667e+00 9.666667e-01 4.000000e-01 1.166667e-01
35991: 1.950820e+00 1.573770e+00 9.508197e-01 4.098361e-01 1.147541e-01
35991: 1.935484e+00 1.564516e+00 9.838710e-01 4.032258e-01 1.129032e-01
35991: 1.936508e+00 1.571429e+00 9.682540e-01 4.126984e-01 1.111111e-01
35991: 1.937500e+00 1.546875e+00 9.843750e-01 4.218750e-01 1.093750e-01
35991: 1.923077e+00 1.553846e+00 9.846154e-01 4.307692e-01 1.076923e-01
35991: 1.939394e+00 1.545455e+00 9.848485e-01 4.242424e-01 1.060606e-01
35991: 1.940299e+00 1.552239e+00 9.850746e-01 4.179104e-01 1.044776e-01
35991: 1.926471e+00 1.544118e+00 9.852941e-01 4.117647e-01 1.323529e-01
35991: 1.927536e+00 1.536232e+00 1.000000e+00 4.057971e-01 1.304348e-01
35991: 1.942857e+00 1.542857e+00 9.857143e-01 4.000000e-01 1.285714e-01
35991: 1.929577e+00 1.549296e+00 9.859155e-01 4.084507e-01 1.267606e-01
35991: 1.930556e+00 1.541667e+00 9.861111e-01 4.027778e-01 1.388889e-01
35991: 1.931507e+00 1.547945e+00 9.863014e-01 3.972603e-01 1.369863e-01
35991: 1.932432e+00 1.554054e+00 9.864865e-01 3.918919e-01 1.351351e-01
35991: 1.920000e+00 1.560000e+00 9.866667e-01 4.000000e-01 1.333333e-01
35991: 1.921053e+00 1.552632e+00 9.736842e-01 4.078947e-01 1.447368e-01
35991: 1.935065e+00 1.558442e+00 9.610390e-01 4.025974e-01 1.428571e-01
35991: 1.923077e+00 1.576923e+00 9.615385e-01 3.974359e-01 1.410256e-01
35991: 1.924051e+00 1.569620e+00 9.620253e-01 3.924051e-01 1.518987e-01
35991: 1.925000e+00 1.575000e+00 9.500000e-01 4.000000e-01 1.500000e-01
35991: 1.913580e+00 1.567901e+00 9.753086e-01 3.950617e-01 1.481481e-01
35991: 1.914634e+00 1.560976e+00 9.756098e-01 3.902439e-01 1.585366e-01
35991: 1.903614e+00 1.566265e+00 9.759036e-01 3.975904e-01 1.566265e-01
35991: 1.916667e+00 1.559524e+00 9.761905e-01 3.928571e-01 1.547619e-01
35991: 1.929412e+00 1.564706e+00 9.647059e-01 3.882353e-01 1.529412e-01
35991: 1.918605e+00 1.558140e+00 9.651163e-01 4.069767e-01 1.511628e-01
35991: 1.919540e+00 1.563218e+00 9.540230e-01 4.022989e-01 1.609195e-01
35991: 1.909091e+00 1.568182e+00 9.545455e-01 3.977273e-01 1.704545e-01
35991: 1.921348e+00 1.561798e+00 9.550562e-01 3.932584e-01 1.685393e-01
35991: 1.911111e+00 1.577778e+00 9.555556e-01 3.888889e-01 1.666667e-01
35991: 1.912088e+00 1.571429e+00 9.670330e-01 3.846154e-01 1.648352e-01
35991: 1.902174e+00 1.565217e+00 9.782609e-01 3.913043e-01 1.630435e-01
35991: 1.903226e+00 1.559140e+00 9.784946e-01 3.978495e-01 1.612903e-01
35991: 1.893617e+00 1.563830e+00 9.893617e-01 3.936170e-01 1.595745e-01
35991: 1.894737e+00 1.568421e+00 9.789474e-01 4.000000e-01 1.578947e-01
35991: 1.895833e+00 1.572917e+00 9.791667e-01 3.958333e-01 1.562500e-01
35991: 1.896907e+00 1.556701e+00 1.000000e+00 3.917526e-01 1.546392e-01
35991: 1.908163e+00 1.561224e+00 9.897959e-01 3.877551e-01 1.530612e-01
35991: 1.909091e+00 1.565657e+00 9.898990e-01 3.838384e-01 1.515152e-01
35991: 1.900000e+00 1.570000e+00 1.000000e+00 3.800000e-01 1.500000e-01
35991: 1.910891e+00 1.554455e+00 1.009901e+00 3.762376e-01 1.485149e-01
35991: 1.901961e+00 1.558824e+00 1.000000e+00 3.921569e-01 1.470588e-01
35991: 1.912621e+00 1.563107e+00 9.902913e-01 3.883495e-01 1.456311e-01
35991: 1.903846e+00 1.567308e+00 9.903846e-01 3.942308e-01 1.442308e-01
35991: 1.904762e+00 1.571429e+00 9.904762e-01 3.904762e-01 1.428571e-01
35991: 1.896226e+00 1.556604e+00 1.009434e+00 3.962264e-01 1.415094e-01
35991: 1.906542e+00 1.551402e+00 1.009346e+00 3.925234e-01 1.401869e-01
35991: 1.907407e+00 1.555556e+00 1.000000e+00 3.981481e-01 1.388889e-01
35991: 1.908257e+00 1.550459e+00 1.009174e+00 3.944954e-01 1.376147e-01
35991: 1.900000e+00 1.554545e+00 1.009091e+00 4.000000e-01 1.363636e-01
35991: 1.900901e+00 1.549550e+00 1.000000e+00 4.144144e-01 1.351351e-01
35991: 1.901786e+00 1.553571e+00 9.910714e-01 4.196429e-01 1.339286e-01
35991: 1.902655e+00 1.548673e+00 9.911504e-01 4.247788e-01 1.327434e-01
35991: 1.903509e+00 1.561404e+00 9.824561e-01 4.210526e-01 1.315789e-01
35991: 1.904348e+00 1.556522e+00 9.913043e-01 4.173913e-01 1.304348e-01
35991: 1.896552e+00 1.577586e+00 9.827586e-01 4.137931e-01 1.293103e-01
35991: 1.905983e+00 1.564103e+00 9.914530e-01 4.102564e-01 1.282051e-01
35991: 1.898305e+00 1.576271e+00 9.915254e-01 4.067797e-01 1.271186e-01
35991: 1.899160e+00 1.563025e+00 1.008403e+00 4.033613e-01 1.260504e-01
35991: 1.891667e+00 1.575000e+00 1.008333e+00 4.000000e-01 1.250000e-01
35991: 1.892562e+00 1.561983e+00 1.016529e+00 4.049587e-01 1.239669e-01
35991: 1.893443e+00 1.573770e+00 1.008197e+00 4.016393e-01 1.229508e-01
35991: 1.894309e+00 1.560976e+00 1.024390e+00 3.983740e-01 1.219512e-01
35991: 1.887097e+00 1.572581e+00 1.016129e+00 3.951613e-01 1.290323e-01
35991: 1.888000e+00 1.568000e+00 1.016000e+00 4.000000e-01 1.280000e-01
35991: 1.880952e+00 1.579365e+00 1.007937e+00 4.047619e-01 1.269841e-01
35991: 1.881890e+00 1.566929e+00 1.007874e+00 4.094488e-01 1.338583e-01
35991: 1.875000e+00 1.578125e+00 1.007812e+00 4.062500e-01 1.328125e-01
35991: 1.875969e+00 1.573643e+00 1.007752e+00 4.108527e-01 1.317829e-01
35991: 1.869231e+00 1.569231e+00 1.015385e+00 4.153846e-01 1.307692e-01
35991: 1.877863e+00 1.572519e+00 1.007634e+00 4.122137e-01 1.297710e-01
35991: 1.871212e+00 1.568182e+00 1.022727e+00 4.090909e-01 1.287879e-01
35991: 1.872180e+00 1.563910e+00 1.022556e+00 4.060150e-01 1.353383e-01
35991: 1.873134e+00 1.567164e+00 1.014925e+00 4.104478e-01 1.343284e-01
35991: 1.874074e+00 1.570370e+00 1.014815e+00 4.074074e-01 1.333333e-01
35991: 1.875000e+00 1.566176e+00 1.022059e+00 4.044118e-01 1.323529e-01
35991: 1.868613e+00 1.569343e+00 1.021898e+00 4.014599e-01 1.386861e-01
35991: 1.876812e+00 1.565217e+00 1.021739e+00 3.985507e-01 1.376812e-01
35991: 1.884892e+00 1.568345e+00 1.014388e+00 3.956835e-01 1.366906e-01
35991: 1.885714e+00 1.571429e+00 1.014286e+00 3.928571e-01 1.357143e-01
35991: 1.886525e+00 1.560284e+00 1.028369e+00 3.900709e-01 1.347518e-01
35991: 1.880282e+00 1.570423e+00 1.028169e+00 3.873239e-01 1.338028e-01
35991: 1.874126e+00 1.566434e+00 1.027972e+00 3.846154e-01 1.468531e-01
35991: 1.881944e+00 1.569444e+00 1.020833e+00 3.819444e-01 1.458333e-01
35991: 1.875862e+00 1.572414e+00 1.020690e+00 3.862069e-01 1.448276e-01
35991: 1.876712e+00 1.568493e+00 1.020548e+00 3.904110e-01 1.438356e-01
35991: 1.877551e+00 1.578231e+00 1.013605e+00 3.877551e-01 1.428571e-01
35991: 1.878378e+00 1.567568e+00 1.020270e+00 3.918919e-01 1.418919e-01
35991: 1.879195e+00 1.570470e+00 1.020134e+00 3.892617e-01 1.409396e-01
35991: 1.873333e+00 1.560000e+00 1.040000e+00 3.866667e-01 1.400000e-01
35991: 1.874172e+00 1.556291e+00 1.046358e+00 3.841060e-01 1.390728e-01
35991: 1.868421e+00 1.559211e+00 1.052632e+00 3.815789e-01 1.381579e-01
35991: 1.869281e+00 1.555556e+00 1.052288e+00 3.790850e-01 1.437908e-01
35991: 1.870130e+00 1.564935e+00 1.045455e+00 3.766234e-01 1.428571e-01
35991: 1.870968e+00 1.567742e+00 1.045161e+00 3.741935e-01 1.419355e-01
35991: 1.878205e+00 1.564103e+00 1.044872e+00 3.717949e-01 1.410256e-01
35991: 1.878981e+00 1.573248e+00 1.038217e+00 3.694268e-01 1.401274e-01
35991: 1.873418e+00 1.575949e+00 1.044304e+00 3.670886e-01 1.392405e-01
35991: 1.874214e+00 1.566038e+00 1.044025e+00 3.710692e-01 1.446541e-01
35991: 1.868750e+00 1.568750e+00 1.043750e+00 3.750000e-01 1.437500e-01
35991: 1.869565e+00 1.571429e+00 1.037267e+00 3.788820e-01 1.428571e-01
35991: 1.864198e+00 1.561728e+00 1.055556e+00 3.765432e-01 1.419753e-01
35991: 1.871166e+00 1.564417e+00 1.049080e+00 3.742331e-01 1.411043e-01
35991: 1.871951e+00 1.560976e+00 1.054878e+00 3.719512e-01 1.402439e-01
35991: 1.872727e+00 1.569697e+00 1.048485e+00 3.696970e-01 1.393939e-01
35991: 1.867470e+00 1.566265e+00 1.048193e+00 3.734940e-01 1.445783e-01
35991: 1.862275e+00 1.562874e+00 1.053892e+00 3.712575e-01 1.497006e-01
35991: 1.875000e+00 1.559524e+00 1.047619e+00 3.690476e-01 1.488095e-01
35991: 1.869822e+00 1.562130e+00 1.047337e+00 3.727811e-01 1.479290e-01
35991: 1.876471e+00 1.564706e+00 1.041176e+00 3.705882e-01 1.470588e-01
35991: 1.871345e+00 1.567251e+00 1.040936e+00 3.742690e-01 1.461988e-01
35991: 1.872093e+00 1.563953e+00 1.034884e+00 3.779070e-01 1.511628e-01
35991: 1.867052e+00 1.572254e+00 1.028902e+00 3.815029e-01 1.502890e-01
35991: 1.873563e+00 1.563218e+00 1.034483e+00 3.793103e-01 1.494253e-01
35991: 1.868571e+00 1.565714e+00 1.040000e+00 3.771429e-01 1.485714e-01
35991: 1.863636e+00 1.579545e+00 1.034091e+00 3.750000e-01 1.477273e-01
35991: 1.864407e+00 1.576271e+00 1.033898e+00 3.785311e-01 1.468927e-01
35991: 1.865169e+00 1.578652e+00 1.033708e+00 3.764045e-01 1.460674e-01
35991: 1.860335e+00 1.569832e+00 1.050279e+00 3.743017e-01 1.452514e-01
35991: 1.861111e+00 1.572222e+00 1.044444e+00 3.722222e-01 1.500000e-01
35991: 1.856354e+00 1.569061e+00 1.049724e+00 3.701657e-01 1.546961e-01
35991: 1.857143e+00 1.565934e+00 1.049451e+00 3.736264e-01 1.538462e-01
35991: 1.857923e+00 1.568306e+00 1.043716e+00 3.715847e-01 1.584699e-01
35991: 1.853261e+00 1.565217e+00 1.048913e+00 3.695652e-01 1.630435e-01
35991: 1.859459e+00 1.567568e+00 1.043243e+00 3.675676e-01 1.621622e-01
35991: 1.860215e+00 1.564516e+00 1.048387e+00 3.655914e-01 1.612903e-01
35991: 1.860963e+00 1.572193e+00 1.042781e+00 3.636364e-01 1.604278e-01
35991: 1.861702e+00 1.563830e+00 1.053191e+00 3.617021e-01 1.595745e-01
35991: 1.857143e+00 1.571429e+00 1.052910e+00 3.597884e-01 1.587302e-01
35991: 1.857895e+00 1.568421e+00 1.057895e+00 3.578947e-01 1.578947e-01
35991: 1.858639e+00 1.575916e+00 1.052356e+00 3.560209e-01 1.570681e-01
35991: 1.859375e+00 1.567708e+00 1.057292e+00 3.541667e-01 1.614583e-01
35991: 1.860104e+00 1.575130e+00 1.051813e+00 3.523316e-01 1.606218e-01
35991: 1.855670e+00 1.572165e+00 1.061856e+00 3.505155e-01 1.597938e-01
35991: 1.861538e+00 1.569231e+00 1.061538e+00 3.487179e-01 1.589744e-01
35991: 1.857143e+00 1.581633e+00 1.056122e+00 3.469388e-01 1.581633e-01
35991: 1.857868e+00 1.573604e+00 1.065990e+00 3.451777e-01 1.573604e-01
35991: 1.858586e+00 1.575758e+00 1.065657e+00 3.434343e-01 1.565657e-01
35991: 1.859296e+00 1.572864e+00 1.070352e+00 3.417085e-01 1.557789e-01
35991: 1.855000e+00 1.575000e+00 1.075000e+00 3.400000e-01 1.550000e-01
35991: 1.860697e+00 1.567164e+00 1.079602e+00 3.383085e-01 1.542289e-01
35991: 1.861386e+00 1.569307e+00 1.074257e+00 3.415842e-01 1.534653e-01
35991: 1.857143e+00 1.571429e+00 1.078818e+00 3.399015e-01 1.527094e-01
35991: 1.857843e+00 1.568627e+00 1.083333e+00 3.382353e-01 1.519608e-01
35991: 1.863415e+00 1.570732e+00 1.078049e+00 3.365854e-01 1.512195e-01
35991: 1.859223e+00 1.567961e+00 1.087379e+00 3.349515e-01 1.504854e-01
35991: 1.864734e+00 1.570048e+00 1.082126e+00 3.333333e-01 1.497585e-01
35991: 1.865385e+00 1.562500e+00 1.086538e+00 3.365385e-01 1.490385e-01
35991: 1.866029e+00 1.564593e+00 1.081340e+00 3.397129e-01 1.483254e-01
35991: 1.871429e+00 1.561905e+00 1.080952e+00 3.380952e-01 1.476190e-01
35991: 1.867299e+00 1.568720e+00 1.080569e+00 3.364929e-01 1.469194e-01
35991: 1.867925e+00 1.570755e+00 1.080189e+00 3.349057e-01 1.462264e-01
35991: 1.863850e+00 1.568075e+00 1.084507e+00 3.380282e-01 1.455399e-01
35991: 1.864486e+00 1.565421e+00 1.088785e+00 3.364486e-01 1.448598e-01
35991: 1.865116e+00 1.567442e+00 1.083721e+00 3.395349e-01 1.441860e-01
35991: 1.861111e+00 1.564815e+00 1.087963e+00 3.425926e-01 1.435185e-01
35991: 1.861751e+00 1.562212e+00 1.087558e+00 3.456221e-01 1.428571e-01
35991: 1.862385e+00 1.564220e+00 1.087156e+00 3.440367e-01 1.422018e-01
35991: 1.863014e+00 1.561644e+00 1.086758e+00 3.470320e-01 1.415525e-01
35991: 1.859091e+00 1.568182e+00 1.086364e+00 3.454545e-01 1.409091e-01
35991: 1.864253e+00 1.565611e+00 1.085973e+00 3.438914e-01 1.402715e-01
35991: 1.864865e+00 1.567568e+00 1.085586e+00 3.423423e-01 1.396396e-01
35991: 1.865471e+00 1.569507e+00 1.085202e+00 3.408072e-01 1.390135e-01
35991: 1.870536e+00 1.566964e+00 1.084821e+00 3.392857e-01 1.383929e-01
35991: 1.871111e+00 1.568889e+00 1.084444e+00 3.377778e-01 1.377778e-01
35991: 1.871681e+00 1.566372e+00 1.084071e+00 3.362832e-01 1.415929e-01
35991: 1.867841e+00 1.568282e+00 1.079295e+00 3.436123e-01 1.409692e-01
35991: 1.868421e+00 1.565789e+00 1.078947e+00 3.464912e-01 1.403509e-01
35991: 1.864629e+00 1.572052e+00 1.078603e+00 3.449782e-01 1.397380e-01
35991: 1.865217e+00 1.565217e+00 1.082609e+00 3.478261e-01 1.391304e-01
35991: 1.865801e+00 1.567100e+00 1.082251e+00 3.463203e-01 1.385281e-01
35991: 1.862069e+00 1.573276e+00 1.081897e+00 3.448276e-01 1.379310e-01
35991: 1.862661e+00 1.575107e+00 1.081545e+00 3.433476e-01 1.373391e-01
35991: 1.863248e+00 1.568376e+00 1.085470e+00 3.461538e-01 1.367521e-01
35991: 1.859574e+00 1.570213e+00 1.080851e+00 3.531915e-01 1.361702e-01
35991: 1.864407e+00 1.563559e+00 1.080508e+00 3.559322e-01 1.355932e-01
35991: 1.860759e+00 1.573840e+00 1.075949e+00 3.544304e-01 1.350211e-01
35991: 1.865546e+00 1.567227e+00 1.075630e+00 3.571429e-01 1.344538e-01
35991: 1.861925e+00 1.573222e+00 1.071130e+00 3.556485e-01 1.380753e-01
35991: 1.866667e+00 1.570833e+00 1.070833e+00 3.541667e-01 1.375000e-01
35991: 1.863071e+00 1.568465e+00 1.078838e+00 3.526971e-01 1.369295e-01
35991: 1.863636e+00 1.570248e+00 1.074380e+00 3.553719e-01 1.363636e-01
35991: 1.864198e+00 1.567901e+00 1.078189e+00 3.539095e-01 1.358025e-01
35991: 1.864754e+00 1.573770e+00 1.073770e+00 3.524590e-01 1.352459e-01
35991: 1.869388e+00 1.567347e+00 1.077551e+00 3.510204e-01 1.346939e-01
35991: 1.865854e+00 1.573171e+00 1.077236e+00 3.495935e-01 1.341463e-01
35991: 1.866397e+00 1.574899e+00 1.076923e+00 3.481781e-01 1.336032e-01
35991: 1.862903e+00 1.572581e+00 1.080645e+00 3.508065e-01 1.330645e-01
35991: 1.863454e+00 1.574297e+00 1.080321e+00 3.493976e-01 1.325301e-01
35991: 1.860000e+00 1.568000e+00 1.088000e+00 3.520000e-01 1.320000e-01
35991: 1.864542e+00 1.565737e+00 1.083665e+00 3.545817e-01 1.314741e-01
35991: 1.861111e+00 1.567460e+00 1.079365e+00 3.571429e-01 1.349206e-01
35991: 1.857708e+00 1.569170e+00 1.079051e+00 3.557312e-01 1.383399e-01
35991: 1.858268e+00 1.566929e+00 1.078740e+00 3.582677e-01 1.377953e-01
35991: 1.862745e+00 1.568627e+00 1.074510e+00 3.568627e-01 1.372549e-01
35991: 1.859375e+00 1.566406e+00 1.074219e+00 3.632812e-01 1.367188e-01
35991: 1.856031e+00 1.571984e+00 1.073930e+00 3.618677e-01 1.361868e-01
35991: 1.852713e+00 1.573643e+00 1.073643e+00 3.604651e-01 1.395349e-01
35991: 1.857143e+00 1.567568e+00 1.077220e+00 3.590734e-01 1.389961e-01
35991: 1.857692e+00 1.569231e+00 1.073077e+00 3.576923e-01 1.423077e-01
35991: 1.854406e+00 1.574713e+00 1.072797e+00 3.563218e-01 1.417625e-01
35991: 1.858779e+00 1.572519e+00 1.072519e+00 3.549618e-01 1.412214e-01
35991: 1.855513e+00 1.570342e+00 1.076046e+00 3.536122e-01 1.444867e-01
35991: 1.856061e+00 1.571970e+00 1.075758e+00 3.522727e-01 1.439394e-01
35991: 1.852830e+00 1.569811e+00 1.083019e+00 3.509434e-01 1.433962e-01
35991: 1.853383e+00 1.571429e+00 1.082707e+00 3.496241e-01 1.428571e-01
35991: 1.850187e+00 1.569288e+00 1.089888e+00 3.483146e-01 1.423221e-01
35991: 1.850746e+00 1.567164e+00 1.093284e+00 3.470149e-01 1.417910e-01
35991: 1.855019e+00 1.568773e+00 1.089219e+00 3.457249e-01 1.412639e-01
35991: 1.851852e+00 1.566667e+00 1.096296e+00 3.444444e-01 1.407407e-01
35991: 1.848708e+00 1.571956e+00 1.095941e+00 3.431734e-01 1.402214e-01
35991: 1.845588e+00 1.569853e+00 1.099265e+00 3.455882e-01 1.397059e-01
35991: 1.849817e+00 1.567766e+00 1.098901e+00 3.443223e-01 1.391941e-01
35991: 1.846715e+00 1.569343e+00 1.102190e+00 3.430657e-01 1.386861e-01
35991: 1.847273e+00 1.567273e+00 1.105455e+00 3.418182e-01 1.381818e-01
35991: 1.847826e+00 1.568841e+00 1.101449e+00 3.442029e-01 1.376812e-01
35991: 1.844765e+00 1.566787e+00 1.101083e+00 3.465704e-01 1.407942e-01
35991: 1.852518e+00 1.564748e+00 1.097122e+00 3.453237e-01 1.402878e-01
35991: 1.853047e+00 1.569892e+00 1.093190e+00 3.440860e-01 1.397849e-01
35991: 1.846429e+00 1.571429e+00 1.096429e+00 3.464286e-01 1.392857e-01
35991: 1.843416e+00 1.565836e+00 1.106762e+00 3.451957e-01 1.387900e-01
35991: 1.840426e+00 1.563830e+00 1.106383e+00 3.510638e-01 1.382979e-01
35991: 1.840989e+00 1.568905e+00 1.102473e+00 3.498233e-01 1.378092e-01
35991: 1.841549e+00 1.566901e+00 1.105634e+00 3.485915e-01 1.373239e-01
35991: 1.842105e+00 1.571930e+00 1.101754e+00 3.473684e-01 1.368421e-01
35991: 1.842657e+00 1.566434e+00 1.108392e+00 3.461538e-01 1.363636e-01
35991: 1.839721e+00 1.571429e+00 1.104530e+00 3.484321e-01 1.358885e-01
35991: 1.836806e+00 1.572917e+00 1.104167e+00 3.472222e-01 1.388889e-01
35991: 1.844291e+00 1.567474e+00 1.103806e+00 3.460208e-01 1.384083e-01
35991: 1.844828e+00 1.568966e+00 1.103448e+00 3.448276e-01 1.379310e-01
35991: 1.845361e+00 1.567010e+00 1.106529e+00 3.436426e-01 1.374570e-01
35991: 1.842466e+00 1.575342e+00 1.102740e+00 3.424658e-01 1.369863e-01
35991: 1.839590e+00 1.576792e+00 1.102389e+00 3.447099e-01 1.365188e-01
35991: 1.840136e+00 1.574830e+00 1.105442e+00 3.435374e-01 1.360544e-01
35991: 1.833898e+00 1.579661e+00 1.105085e+00 3.423729e-01 1.389831e-01
35991: 1.834459e+00 1.581081e+00 1.104730e+00 3.412162e-01 1.385135e-01
35991: 1.831650e+00 1.579125e+00 1.107744e+00 3.434343e-01 1.380471e-01
35991: 1.835570e+00 1.577181e+00 1.107383e+00 3.422819e-01 1.375839e-01
35991: 1.832776e+00 1.575251e+00 1.113712e+00 3.411371e-01 1.371237e-01
35991: 1.833333e+00 1.573333e+00 1.116667e+00 3.400000e-01 1.366667e-01
35991: 1.830565e+00 1.571429e+00 1.119601e+00 3.421927e-01 1.362126e-01
35991: 1.827815e+00 1.569536e+00 1.125828e+00 3.410596e-01 1.357616e-01
35991: 1.828383e+00 1.567657e+00 1.128713e+00 3.399340e-01 1.353135e-01
35991: 1.828947e+00 1.569079e+00 1.128289e+00 3.388158e-01 1.348684e-01
35991: 1.826230e+00 1.567213e+00 1.134426e+00 3.377049e-01 1.344262e-01
35991: 1.826797e+00 1.565359e+00 1.133987e+00 3.366013e-01 1.372549e-01
35991: 1.824104e+00 1.570033e+00 1.130293e+00 3.387622e-01 1.368078e-01
35991: 1.831169e+00 1.564935e+00 1.129870e+00 3.376623e-01 1.363636e-01
35991: 1.828479e+00 1.566343e+00 1.129450e+00 3.398058e-01 1.359223e-01
35991: 1.825806e+00 1.567742e+00 1.129032e+00 3.387097e-01 1.387097e-01
35991: 1.829582e+00 1.565916e+00 1.128617e+00 3.376206e-01 1.382637e-01
35991: 1.826923e+00 1.567308e+00 1.125000e+00 3.429487e-01 1.378205e-01
35991: 1.827476e+00 1.568690e+00 1.121406e+00 3.450479e-01 1.373802e-01
35991: 1.828025e+00 1.570064e+00 1.121019e+00 3.439490e-01 1.369427e-01
35991: 1.825397e+00 1.568254e+00 1.126984e+00 3.428571e-01 1.365079e-01
35991: 1.822785e+00 1.569620e+00 1.126582e+00 3.449367e-01 1.360759e-01
35991: 1.820189e+00 1.574132e+00 1.126183e+00 3.438486e-01 1.356467e-01
35991: 1.820755e+00 1.569182e+00 1.132075e+00 3.427673e-01 1.352201e-01
35991: 1.824451e+00 1.570533e+00 1.128527e+00 3.416928e-01 1.347962e-01
35991: 1.821875e+00 1.568750e+00 1.131250e+00 3.437500e-01 1.343750e-01
35991: 1.822430e+00 1.570093e+00 1.127726e+00 3.457944e-01 1.339564e-01
35991: 1.822981e+00 1.565217e+00 1.133540e+00 3.447205e-01 1.335404e-01
35991: 1.823529e+00 1.566563e+00 1.133127e+00 3.436533e-01 1.331269e-01
35991: 1.824074e+00 1.564815e+00 1.132716e+00 3.456790e-01 1.327160e-01
35991: 1.824615e+00 1.569231e+00 1.129231e+00 3.446154e-01 1.323077e-01
35991: 1.822086e+00 1.570552e+00 1.128834e+00 3.466258e-01 1.319018e-01
35991: 1.819572e+00 1.571865e+00 1.131498e+00 3.455657e-01 1.314985e-01
35991: 1.820122e+00 1.570122e+00 1.134146e+00 3.445122e-01 1.310976e-01
35991: 1.814590e+00 1.574468e+00 1.136778e+00 3.434650e-01 1.306991e-01
35991: 1.812121e+00 1.575758e+00 1.136364e+00 3.454545e-01 1.303030e-01
35991: 1.815710e+00 1.570997e+00 1.135952e+00 3.474320e-01 1.299094e-01
35991: 1.813253e+00 1.572289e+00 1.135542e+00 3.493976e-01 1.295181e-01
35991: 1.813814e+00 1.573574e+00 1.135135e+00 3.483483e-01 1.291291e-01
35991: 1.814371e+00 1.568862e+00 1.140719e+00 3.473054e-01 1.287425e-01
35991: 1.811940e+00 1.573134e+00 1.140299e+00 3.462687e-01 1.283582e-01
35991: 1.812500e+00 1.571429e+00 1.142857e+00 3.452381e-01 1.279762e-01
35991: 1.810089e+00 1.572700e+00 1.145401e+00 3.442136e-01 1.275964e-01
35991: 1.810651e+00 1.571006e+00 1.147929e+00 3.431953e-01 1.272189e-01
35991: 1.808260e+00 1.569322e+00 1.150442e+00 3.421829e-01 1.297935e-01
35991: 1.805882e+00 1.570588e+00 1.150000e+00 3.411765e-01 1.323529e-01
35991: 1.809384e+00 1.565982e+00 1.152493e+00 3.401760e-01 1.319648e-01
35991: 1.809942e+00 1.570175e+00 1.149123e+00 3.391813e-01 1.315789e-01
35991: 1.807580e+00 1.565598e+00 1.151603e+00 3.411079e-01 1.341108e-01
35991: 1.808140e+00 1.566860e+00 1.148256e+00 3.430233e-01 1.337209e-01
35991: 1.808696e+00 1.568116e+00 1.147826e+00 3.420290e-01 1.333333e-01
35991: 1.806358e+00 1.572254e+00 1.147399e+00 3.410405e-01 1.329480e-01
35991: 1.806916e+00 1.570605e+00 1.149856e+00 3.400576e-01 1.325648e-01
35991: 1.807471e+00 1.568966e+00 1.149425e+00 3.419540e-01 1.321839e-01
35991: 1.805158e+00 1.570201e+00 1.148997e+00 3.409742e-01 1.346705e-01
35991: 1.805714e+00 1.568571e+00 1.148571e+00 3.428571e-01 1.342857e-01
35991: 1.803419e+00 1.572650e+00 1.145299e+00 3.447293e-01 1.339031e-01
35991: 1.806818e+00 1.568182e+00 1.144886e+00 3.437500e-01 1.363636e-01
35991: 1.804533e+00 1.572238e+00 1.144476e+00 3.427762e-01 1.359773e-01
35991: 1.802260e+00 1.573446e+00 1.146893e+00 3.418079e-01 1.355932e-01
35991: 1.802817e+00 1.574648e+00 1.146479e+00 3.408451e-01 1.352113e-01
35991: 1.800562e+00 1.575843e+00 1.148876e+00 3.398876e-01 1.348315e-01
35991: 1.798319e+00 1.574230e+00 1.151261e+00 3.417367e-01 1.344538e-01
35991: 1.798883e+00 1.569832e+00 1.153631e+00 3.435754e-01 1.340782e-01
35991: 1.802228e+00 1.571031e+00 1.150418e+00 3.426184e-01 1.337047e-01
35991: 1.800000e+00 1.569444e+00 1.152778e+00 3.416667e-01 1.361111e-01
35991: 1.797784e+00 1.570637e+00 1.155125e+00 3.407202e-01 1.357341e-01
35991: 1.798343e+00 1.569061e+00 1.154696e+00 3.397790e-01 1.381215e-01
35991: 1.801653e+00 1.570248e+00 1.151515e+00 3.388430e-01 1.377410e-01
35991: 1.802198e+00 1.565934e+00 1.153846e+00 3.406593e-01 1.373626e-01
35991: 1.800000e+00 1.572603e+00 1.150685e+00 3.397260e-01 1.369863e-01
35991: 1.803279e+00 1.568306e+00 1.150273e+00 3.415301e-01 1.366120e-01
35991: 1.801090e+00 1.569482e+00 1.147139e+00 3.460490e-01 1.362398e-01
35991: 1.801630e+00 1.573370e+00 1.144022e+00 3.451087e-01 1.358696e-01
35991: 1.804878e+00 1.569106e+00 1.146341e+00 3.441734e-01 1.355014e-01
35991: 1.805405e+00 1.570270e+00 1.145946e+00 3.432432e-01 1.351351e-01
35991: 1.805930e+00 1.568733e+00 1.148248e+00 3.423181e-01 1.347709e-01
35991: 1.803763e+00 1.572581e+00 1.147849e+00 3.413978e-01 1.344086e-01
35991: 1.804290e+00 1.573727e+00 1.147453e+00 3.404826e-01 1.340483e-01
35991: 1.802139e+00 1.572193e+00 1.152406e+00 3.395722e-01 1.336898e-01
35991: 1.800000e+00 1.570667e+00 1.154667e+00 3.413333e-01 1.333333e-01
35991: 1.800532e+00 1.569149e+00 1.154255e+00 3.404255e-01 1.356383e-01
35991: 1.801061e+00 1.570292e+00 1.153846e+00 3.395225e-01 1.352785e-01
35991: 1.801587e+00 1.566138e+00 1.158730e+00 3.386243e-01 1.349206e-01
35991: 1.799472e+00 1.569921e+00 1.155673e+00 3.377309e-01 1.372032e-01
35991: 1.800000e+00 1.568421e+00 1.152632e+00 3.421053e-01 1.368421e-01
35991: 1.800525e+00 1.569554e+00 1.149606e+00 3.412073e-01 1.391076e-01
35991: 1.798429e+00 1.568063e+00 1.154450e+00 3.403141e-01 1.387435e-01
35991: 1.798956e+00 1.566580e+00 1.156658e+00 3.394256e-01 1.383812e-01
35991: 1.802083e+00 1.567708e+00 1.153646e+00 3.385417e-01 1.380208e-01
35991: 1.800000e+00 1.566234e+00 1.153247e+00 3.428571e-01 1.376623e-01
35991: 1.800518e+00 1.564767e+00 1.155440e+00 3.419689e-01 1.373057e-01
35991: 1.801034e+00 1.565891e+00 1.155039e+00 3.410853e-01 1.369509e-01
35991: 1.798969e+00 1.564433e+00 1.154639e+00 3.453608e-01 1.365979e-01
35991: 1.799486e+00 1.562982e+00 1.151671e+00 3.496144e-01 1.362468e-01
35991: 1.800000e+00 1.564103e+00 1.151282e+00 3.487179e-01 1.358974e-01
35991: 1.800512e+00 1.565217e+00 1.150895e+00 3.478261e-01 1.355499e-01
35991: 1.798469e+00 1.566327e+00 1.153061e+00 3.469388e-01 1.352041e-01
35991: 1.798982e+00 1.567430e+00 1.152672e+00 3.460560e-01 1.348601e-01
35991: 1.796954e+00 1.571066e+00 1.152284e+00 3.451777e-01 1.345178e-01
35991: 1.797468e+00 1.572152e+00 1.151899e+00 3.443038e-01 1.341772e-01
35991: 1.795455e+00 1.570707e+00 1.156566e+00 3.434343e-01 1.338384e-01
35991: 1.793451e+00 1.574307e+00 1.156171e+00 3.425693e-01 1.335013e-01
35991: 1.791457e+00 1.575377e+00 1.158291e+00 3.417085e-01 1.331658e-01
35991: 1.789474e+00 1.576441e+00 1.160401e+00 3.408521e-01 1.328321e-01
35991: 1.792500e+00 1.572500e+00 1.160000e+00 3.425000e-01 1.325000e-01
35991: 1.790524e+00 1.571072e+00 1.162095e+00 3.416459e-01 1.346633e-01
35991: 1.791045e+00 1.569652e+00 1.164179e+00 3.407960e-01 1.343284e-01
35991: 1.789082e+00 1.573201e+00 1.161290e+00 3.424318e-01 1.339950e-01
35991: 1.787129e+00 1.574257e+00 1.163366e+00 3.415842e-01 1.336634e-01
35991: 1.785185e+00 1.572840e+00 1.165432e+00 3.407407e-01 1.358025e-01
35991: 1.788177e+00 1.571429e+00 1.165025e+00 3.399015e-01 1.354680e-01
35991: 1.786241e+00 1.572482e+00 1.167076e+00 3.390663e-01 1.351351e-01
35991: 1.786765e+00 1.571078e+00 1.166667e+00 3.406863e-01 1.348039e-01
35991: 1.787286e+00 1.569682e+00 1.168704e+00 3.398533e-01 1.344743e-01
35991: 1.785366e+00 1.570732e+00 1.168293e+00 3.414634e-01 1.341463e-01
35991: 1.783455e+00 1.569343e+00 1.170316e+00 3.430657e-01 1.338200e-01
35991: 1.786408e+00 1.567961e+00 1.169903e+00 3.422330e-01 1.334951e-01
35991: 1.784504e+00 1.569007e+00 1.171913e+00 3.414044e-01 1.331719e-01
35991: 1.782609e+00 1.570048e+00 1.169082e+00 3.454106e-01 1.328502e-01
35991: 1.783133e+00 1.568675e+00 1.168675e+00 3.469880e-01 1.325301e-01
35991: 1.781250e+00 1.574519e+00 1.165865e+00 3.461538e-01 1.322115e-01
35991: 1.781775e+00 1.573141e+00 1.165468e+00 3.477218e-01 1.318945e-01
35991: 1.782297e+00 1.571770e+00 1.167464e+00 3.468900e-01 1.315789e-01
35991: 1.780430e+00 1.570406e+00 1.169451e+00 3.484487e-01 1.312649e-01
35991: 1.778571e+00 1.569048e+00 1.171429e+00 3.500000e-01 1.309524e-01
35991: 1.779097e+00 1.570071e+00 1.171021e+00 3.491686e-01 1.306413e-01
35991: 1.777251e+00 1.571090e+00 1.172986e+00 3.483412e-01 1.303318e-01
35991: 1.780142e+00 1.569740e+00 1.172577e+00 3.475177e-01 1.300236e-01
35991: 1.778302e+00 1.570755e+00 1.174528e+00 3.466981e-01 1.297170e-01
35991: 1.778824e+00 1.571765e+00 1.174118e+00 3.458824e-01 1.294118e-01
35991: 1.776995e+00 1.568075e+00 1.178404e+00 3.450704e-01 1.314554e-01
35991: 1.777518e+00 1.566745e+00 1.177986e+00 3.466042e-01 1.311475e-01
35991: 1.775701e+00 1.567757e+00 1.177570e+00 3.457944e-01 1.331776e-01
35991: 1.778555e+00 1.568765e+00 1.174825e+00 3.449883e-01 1.328671e-01
35991: 1.781395e+00 1.567442e+00 1.174419e+00 3.441860e-01 1.325581e-01
35991: 1.779582e+00 1.570766e+00 1.171694e+00 3.457077e-01 1.322506e-01
35991: 1.777778e+00 1.569444e+00 1.173611e+00 3.449074e-01 1.342593e-01
35991: 1.780600e+00 1.570439e+00 1.170901e+00 3.441109e-01 1.339492e-01
35991: 1.783410e+00 1.566820e+00 1.172811e+00 3.433180e-01 1.336406e-01
35991: 1.781609e+00 1.570115e+00 1.172414e+00 3.425287e-01 1.333333e-01
35991: 1.782110e+00 1.568807e+00 1.174312e+00 3.417431e-01 1.330275e-01
35991: 1.782609e+00 1.569794e+00 1.171625e+00 3.409611e-01 1.350114e-01
35991: 1.780822e+00 1.570776e+00 1.171233e+00 3.401826e-01 1.369863e-01
35991: 1.781321e+00 1.569476e+00 1.170843e+00 3.416856e-01 1.366743e-01
35991: 1.781818e+00 1.570455e+00 1.168182e+00 3.409091e-01 1.386364e-01
35991: 1.782313e+00 1.569161e+00 1.170068e+00 3.401361e-01 1.383220e-01
35991: 1.782805e+00 1.572398e+00 1.167421e+00 3.393665e-01 1.380090e-01
35991: 1.783296e+00 1.568849e+00 1.169300e+00 3.408578e-01 1.376975e-01
35991: 1.786036e+00 1.569820e+00 1.166667e+00 3.400901e-01 1.373874e-01
35991: 1.786517e+00 1.568539e+00 1.166292e+00 3.393258e-01 1.393258e-01
35991: 1.784753e+00 1.571749e+00 1.165919e+00 3.385650e-01 1.390135e-01
35991: 1.785235e+00 1.568233e+00 1.167785e+00 3.400447e-01 1.387025e-01
35991: 1.783482e+00 1.569196e+00 1.167411e+00 3.415179e-01 1.383929e-01
35991: 1.783964e+00 1.570156e+00 1.164811e+00 3.407572e-01 1.403118e-01
35991: 1.784444e+00 1.566667e+00 1.166667e+00 3.422222e-01 1.400000e-01
35991: 1.782705e+00 1.569845e+00 1.164080e+00 3.436807e-01 1.396896e-01
35991: 1.780973e+00 1.575221e+00 1.161504e+00 3.429204e-01 1.393805e-01
35991: 1.779249e+00 1.573951e+00 1.163355e+00 3.421634e-01 1.412804e-01
35991: 1.777533e+00 1.574890e+00 1.165198e+00 3.414097e-01 1.409692e-01
35991: 1.775824e+00 1.575824e+00 1.167033e+00 3.406593e-01 1.406593e-01
35991: 1.776316e+00 1.576754e+00 1.166667e+00 3.399123e-01 1.403509e-01
35991: 1.774617e+00 1.573304e+00 1.170678e+00 3.413567e-01 1.400438e-01
35991: 1.772926e+00 1.574236e+00 1.170306e+00 3.427948e-01 1.397380e-01
35991: 1.771242e+00 1.575163e+00 1.172113e+00 3.420479e-01 1.394336e-01
35991: 1.769565e+00 1.576087e+00 1.171739e+00 3.434783e-01 1.391304e-01
35991: 1.770065e+00 1.577007e+00 1.171367e+00 3.427332e-01 1.388286e-01
35991: 1.768398e+00 1.577922e+00 1.173160e+00 3.419913e-01 1.385281e-01
35991: 1.766739e+00 1.576674e+00 1.174946e+00 3.412527e-01 1.403888e-01
35991: 1.765086e+00 1.575431e+00 1.176724e+00 3.405172e-01 1.422414e-01
35991: 1.765591e+00 1.574194e+00 1.178495e+00 3.397849e-01 1.419355e-01
35991: 1.763948e+00 1.575107e+00 1.180258e+00 3.390558e-01 1.416309e-01
35991: 1.762313e+00 1.578158e+00 1.179872e+00 3.383298e-01 1.413276e-01
35991: 1.760684e+00 1.579060e+00 1.181624e+00 3.376068e-01 1.410256e-01
35991: 1.761194e+00 1.579957e+00 1.181237e+00 3.368870e-01 1.407249e-01
35991: 1.761702e+00 1.576596e+00 1.185106e+00 3.361702e-01 1.404255e-01
35991: 1.760085e+00 1.575372e+00 1.188960e+00 3.354565e-01 1.401274e-01
35991: 1.758475e+00 1.574153e+00 1.190678e+00 3.368644e-01 1.398305e-01
35991: 1.761099e+00 1.570825e+00 1.192389e+00 3.361522e-01 1.395349e-01
35991: 1.761603e+00 1.569620e+00 1.191983e+00 3.354430e-01 1.413502e-01
35991: 1.760000e+00 1.572632e+00 1.191579e+00 3.347368e-01 1.410526e-01
35991: 1.758403e+00 1.571429e+00 1.195378e+00 3.340336e-01 1.407563e-01
35991: 1.756813e+00 1.572327e+00 1.194969e+00 3.333333e-01 1.425577e-01
35991: 1.757322e+00 1.571130e+00 1.194561e+00 3.347280e-01 1.422594e-01
35991: 1.757829e+00 1.569937e+00 1.196242e+00 3.340292e-01 1.419624e-01
35991: 1.758333e+00 1.570833e+00 1.195833e+00 3.333333e-01 1.416667e-01
35991: 1.756757e+00 1.569647e+00 1.199584e+00 3.326403e-01 1.413721e-01
35991: 1.757261e+00 1.568465e+00 1.201245e+00 3.319502e-01 1.410788e-01
35991: 1.757764e+00 1.569358e+00 1.200828e+00 3.312629e-01 1.407867e-01
35991: 1.756198e+00 1.570248e+00 1.202479e+00 3.305785e-01 1.404959e-01
35991: 1.754639e+00 1.571134e+00 1.204124e+00 3.298969e-01 1.402062e-01
35991: 1.753086e+00 1.572016e+00 1.203704e+00 3.312757e-01 1.399177e-01
35991: 1.755647e+00 1.570842e+00 1.203285e+00 3.305955e-01 1.396304e-01
35991: 1.754098e+00 1.571721e+00 1.204918e+00 3.299180e-01 1.393443e-01
35991: 1.756646e+00 1.570552e+00 1.204499e+00 3.292434e-01 1.390593e-01
35991: 1.755102e+00 1.569388e+00 1.208163e+00 3.285714e-01 1.387755e-01
35991: 1.753564e+00 1.572301e+00 1.207739e+00 3.279022e-01 1.384929e-01
35991: 1.756098e+00 1.569106e+00 1.207317e+00 3.292683e-01 1.382114e-01
35991: 1.754564e+00 1.572008e+00 1.204868e+00 3.306288e-01 1.379310e-01
35991: 1.755061e+00 1.570850e+00 1.206478e+00 3.299595e-01 1.376518e-01
35991: 1.753535e+00 1.569697e+00 1.208081e+00 3.313131e-01 1.373737e-01
35991: 1.752016e+00 1.572581e+00 1.205645e+00 3.326613e-01 1.370968e-01
35991: 1.754527e+00 1.571429e+00 1.205231e+00 3.319920e-01 1.368209e-01
35991: 1.753012e+00 1.574297e+00 1.204819e+00 3.313253e-01 1.365462e-01
35991: 1.753507e+00 1.573146e+00 1.206413e+00 3.306613e-01 1.362725e-01
35991: 1.752000e+00 1.574000e+00 1.206000e+00 3.300000e-01 1.380000e-01
35991: 1.750499e+00 1.572854e+00 1.205589e+00 3.313373e-01 1.397206e-01
35991: 1.749004e+00 1.571713e+00 1.209163e+00 3.306773e-01 1.394422e-01
35991: 1.747515e+00 1.570577e+00 1.208748e+00 3.339960e-01 1.391650e-01
35991: 1.748016e+00 1.569444e+00 1.208333e+00 3.353175e-01 1.388889e-01
35991: 1.746535e+00 1.570297e+00 1.209901e+00 3.346535e-01 1.386139e-01
35991: 1.747036e+00 1.571146e+00 1.209486e+00 3.339921e-01 1.383399e-01
35991: 1.747535e+00 1.570020e+00 1.211045e+00 3.333333e-01 1.380671e-01
35991: 1.746063e+00 1.568898e+00 1.210630e+00 3.346457e-01 1.397638e-01
35991: 1.744597e+00 1.571709e+00 1.210216e+00 3.339882e-01 1.394892e-01
35991: 1.743137e+00 1.570588e+00 1.211765e+00 3.352941e-01 1.392157e-01
35991: 1.741683e+00 1.571429e+00 1.211350e+00 3.346380e-01 1.409002e-01
35991: 1.740234e+00 1.570312e+00 1.210938e+00 3.359375e-01 1.425781e-01
35991: 1.740741e+00 1.571150e+00 1.210526e+00 3.352827e-01 1.423002e-01
35991: 1.739300e+00 1.568093e+00 1.214008e+00 3.365759e-01 1.420233e-01
35991: 1.739806e+00 1.566990e+00 1.211650e+00 3.398058e-01 1.417476e-01
35991: 1.738372e+00 1.567829e+00 1.211240e+00 3.410853e-01 1.414729e-01
35991: 1.736944e+00 1.566731e+00 1.212766e+00 3.423598e-01 1.411992e-01
35991: 1.735521e+00 1.565637e+00 1.216216e+00 3.416988e-01 1.409266e-01
35991: 1.737958e+00 1.566474e+00 1.213873e+00 3.410405e-01 1.406551e-01
35991: 1.736538e+00 1.565385e+00 1.215385e+00 3.423077e-01 1.403846e-01
35991: 1.735125e+00 1.564299e+00 1.218810e+00 3.416507e-01 1.401152e-01
35991: 1.735632e+00 1.565134e+00 1.218391e+00 3.409962e-01 1.398467e-01
35991: 1.738050e+00 1.564054e+00 1.217973e+00 3.403442e-01 1.395793e-01
35991: 1.736641e+00 1.564885e+00 1.217557e+00 3.396947e-01 1.412214e-01
35991: 1.735238e+00 1.567619e+00 1.217143e+00 3.390476e-01 1.409524e-01
35991: 1.735741e+00 1.568441e+00 1.214829e+00 3.403042e-01 1.406844e-01
35991: 1.736243e+00 1.567362e+00 1.214421e+00 3.415560e-01 1.404175e-01
35991: 1.734848e+00 1.570076e+00 1.212121e+00 3.428030e-01 1.401515e-01
35991: 1.737240e+00 1.568998e+00 1.211720e+00 3.421550e-01 1.398866e-01
35991: 1.735849e+00 1.571698e+00 1.209434e+00 3.433962e-01 1.396226e-01
35991: 1.734463e+00 1.570621e+00 1.212806e+00 3.427495e-01 1.393597e-01
35991: 1.733083e+00 1.569549e+00 1.214286e+00 3.439850e-01 1.390977e-01
35991: 1.731707e+00 1.572233e+00 1.212008e+00 3.433396e-01 1.407129e-01
35991: 1.732210e+00 1.573034e+00 1.211610e+00 3.426966e-01 1.404494e-01
35991: 1.732710e+00 1.570093e+00 1.214953e+00 3.420561e-01 1.401869e-01
35991: 1.733209e+00 1.570896e+00 1.214552e+00 3.414179e-01 1.399254e-01
35991: 1.731844e+00 1.567970e+00 1.217877e+00 3.426443e-01 1.396648e-01
35991: 1.732342e+00 1.568773e+00 1.217472e+00 3.420074e-01 1.394052e-01
35991: 1.730983e+00 1.567718e+00 1.218924e+00 3.432282e-01 1.391466e-01
35991: 1.733333e+00 1.568519e+00 1.216667e+00 3.425926e-01 1.388889e-01
35991: 1.731978e+00 1.569316e+00 1.216266e+00 3.438078e-01 1.386322e-01
35991: 1.732472e+00 1.568266e+00 1.217712e+00 3.431734e-01 1.383764e-01
35991: 1.731123e+00 1.570902e+00 1.215470e+00 3.425414e-01 1.399632e-01
35991: 1.729779e+00 1.569853e+00 1.218750e+00 3.419118e-01 1.397059e-01
35991: 1.730275e+00 1.568807e+00 1.220183e+00 3.412844e-01 1.394495e-01
35991: 1.730769e+00 1.569597e+00 1.217949e+00 3.406593e-01 1.410256e-01
35991: 1.731261e+00 1.568556e+00 1.217550e+00 3.418647e-01 1.407678e-01
35991: 1.731752e+00 1.569343e+00 1.215328e+00 3.430657e-01 1.405109e-01
35991: 1.732240e+00 1.570128e+00 1.214936e+00 3.424408e-01 1.402550e-01
35991: 1.730909e+00 1.569091e+00 1.218182e+00 3.418182e-01 1.400000e-01
35991: 1.731397e+00 1.568058e+00 1.217786e+00 3.411978e-01 1.415608e-01
35991: 1.731884e+00 1.568841e+00 1.215580e+00 3.423913e-01 1.413043e-01
35991: 1.730561e+00 1.569620e+00 1.216998e+00 3.417722e-01 1.410488e-01
35991: 1.731047e+00 1.568592e+00 1.216606e+00 3.429603e-01 1.407942e-01
35991: 1.729730e+00 1.569369e+00 1.214414e+00 3.459459e-01 1.405405e-01
35991: 1.732014e+00 1.570144e+00 1.212230e+00 3.453237e-01 1.402878e-01
35991: 1.730700e+00 1.569120e+00 1.213645e+00 3.447038e-01 1.418312e-01
35991: 1.731183e+00 1.568100e+00 1.215054e+00 3.440860e-01 1.415771e-01
35991: 1.731664e+00 1.568873e+00 1.214669e+00 3.434705e-01 1.413238e-01
35991: 1.730357e+00 1.569643e+00 1.214286e+00 3.446429e-01 1.410714e-01
35991: 1.732620e+00 1.568627e+00 1.212121e+00 3.440285e-01 1.426025e-01
35991: 1.733096e+00 1.569395e+00 1.211744e+00 3.434164e-01 1.423488e-01
35991: 1.731794e+00 1.568384e+00 1.214920e+00 3.428064e-01 1.420959e-01
35991: 1.732270e+00 1.567376e+00 1.212766e+00 3.421986e-01 1.453901e-01
35991: 1.730973e+00 1.568142e+00 1.214159e+00 3.415929e-01 1.451327e-01
35991: 1.729682e+00 1.567138e+00 1.215548e+00 3.427562e-01 1.448763e-01
35991: 1.730159e+00 1.566138e+00 1.215168e+00 3.439153e-01 1.446208e-01
35991: 1.730634e+00 1.568662e+00 1.213028e+00 3.433099e-01 1.443662e-01
35991: 1.731107e+00 1.567663e+00 1.214411e+00 3.427065e-01 1.441125e-01
35991: 1.729825e+00 1.570175e+00 1.212281e+00 3.438596e-01 1.438596e-01
35991: 1.732049e+00 1.567426e+00 1.213660e+00 3.432574e-01 1.436077e-01
35991: 1.732517e+00 1.568182e+00 1.213287e+00 3.426573e-01 1.433566e-01
35991: 1.731239e+00 1.568935e+00 1.212914e+00 3.420593e-01 1.448517e-01
35991: 1.733449e+00 1.567944e+00 1.212544e+00 3.414634e-01 1.445993e-01
35991: 1.732174e+00 1.570435e+00 1.210435e+00 3.408696e-01 1.460870e-01
35991: 1.734375e+00 1.569444e+00 1.210069e+00 3.402778e-01 1.458333e-01
35991: 1.733102e+00 1.570191e+00 1.207972e+00 3.414211e-01 1.473137e-01
35991: 1.733564e+00 1.569204e+00 1.209343e+00 3.408304e-01 1.470588e-01
35991: 1.732297e+00 1.569948e+00 1.208981e+00 3.419689e-01 1.468048e-01
35991: 1.731034e+00 1.570690e+00 1.210345e+00 3.413793e-01 1.465517e-01
35991: 1.734940e+00 1.567986e+00 1.209983e+00 3.407917e-01 1.462995e-01
35991: 1.733677e+00 1.570447e+00 1.209622e+00 3.402062e-01 1.460481e-01
35991: 1.732419e+00 1.572899e+00 1.209262e+00 3.396226e-01 1.457976e-01
35991: 1.731164e+00 1.571918e+00 1.212329e+00 3.390411e-01 1.455479e-01
35991: 1.731624e+00 1.570940e+00 1.213675e+00 3.384615e-01 1.452991e-01
35991: 1.730375e+00 1.571672e+00 1.215017e+00 3.378840e-01 1.450512e-01
35991: 1.729131e+00 1.572402e+00 1.216354e+00 3.373083e-01 1.448041e-01
35991: 1.729592e+00 1.571429e+00 1.217687e+00 3.367347e-01 1.445578e-01
35991: 1.730051e+00 1.570458e+00 1.219015e+00 3.361630e-01 1.443124e-01
35991: 1.728814e+00 1.569492e+00 1.220339e+00 3.372881e-01 1.440678e-01
35991: 1.729272e+00 1.570220e+00 1.219966e+00 3.367174e-01 1.438240e-01
35991: 1.728041e+00 1.567568e+00 1.224662e+00 3.361486e-01 1.435811e-01
35991: 1.728499e+00 1.568297e+00 1.222597e+00 3.355818e-01 1.450253e-01
35991: 1.728956e+00 1.567340e+00 1.222222e+00 3.367003e-01 1.447811e-01
35991: 1.727731e+00 1.568067e+00 1.223529e+00 3.361345e-01 1.445378e-01
35991: 1.729866e+00 1.567114e+00 1.223154e+00 3.355705e-01 1.442953e-01
35991: 1.730318e+00 1.567839e+00 1.222781e+00 3.350084e-01 1.440536e-01
35991: 1.732441e+00 1.566890e+00 1.222408e+00 3.344482e-01 1.438127e-01
35991: 1.731219e+00 1.569282e+00 1.222037e+00 3.338898e-01 1.435726e-01
35991: 1.730000e+00 1.571667e+00 1.221667e+00 3.333333e-01 1.433333e-01
35991: 1.730449e+00 1.570715e+00 1.221298e+00 3.344426e-01 1.430948e-01
35991: 1.732558e+00 1.569767e+00 1.220930e+00 3.338870e-01 1.428571e-01
35991: 1.734660e+00 1.570481e+00 1.218905e+00 3.333333e-01 1.426202e-01
35991: 1.735099e+00 1.567881e+00 1.220199e+00 3.344371e-01 1.423841e-01
35991: 1.733884e+00 1.568595e+00 1.219835e+00 3.355372e-01 1.421488e-01
35991: 1.734323e+00 1.569307e+00 1.219472e+00 3.349835e-01 1.419142e-01
35991: 1.733114e+00 1.568369e+00 1.219110e+00 3.360791e-01 1.433278e-01
35991: 1.733553e+00 1.567434e+00 1.218750e+00 3.371711e-01 1.430921e-01
35991: 1.732348e+00 1.568144e+00 1.218391e+00 3.382594e-01 1.428571e-01
35991: 1.731148e+00 1.568852e+00 1.218033e+00 3.393443e-01 1.426230e-01
35991: 1.729951e+00 1.569558e+00 1.217676e+00 3.404255e-01 1.423895e-01
35991: 1.728758e+00 1.570261e+00 1.217320e+00 3.415033e-01 1.421569e-01
35991: 1.729201e+00 1.569331e+00 1.216966e+00 3.425775e-01 1.419250e-01
35991: 1.728013e+00 1.571661e+00 1.216612e+00 3.420195e-01 1.416938e-01
35991: 1.728455e+00 1.570732e+00 1.217886e+00 3.414634e-01 1.414634e-01
35991: 1.728896e+00 1.569805e+00 1.217532e+00 3.409091e-01 1.428571e-01
35991: 1.729335e+00 1.570502e+00 1.217180e+00 3.403566e-01 1.426256e-01
35991: 1.728155e+00 1.569579e+00 1.220065e+00 3.398058e-01 1.423948e-01
35991: 1.728595e+00 1.571890e+00 1.218094e+00 3.392569e-01 1.421648e-01
35991: 1.727419e+00 1.570968e+00 1.219355e+00 3.403226e-01 1.419355e-01
35991: 1.729469e+00 1.570048e+00 1.219002e+00 3.397746e-01 1.417069e-01
35991: 1.729904e+00 1.569132e+00 1.218650e+00 3.392283e-01 1.430868e-01
35991: 1.728732e+00 1.571429e+00 1.218299e+00 3.386838e-01 1.428571e-01
35991: 1.727564e+00 1.570513e+00 1.221154e+00 3.381410e-01 1.426282e-01
35991: 1.726400e+00 1.569600e+00 1.220800e+00 3.408000e-01 1.424000e-01
35991: 1.726837e+00 1.571885e+00 1.218850e+00 3.402556e-01 1.421725e-01
35991: 1.725678e+00 1.570973e+00 1.221691e+00 3.397129e-01 1.419458e-01
35991: 1.726115e+00 1.571656e+00 1.221338e+00 3.391720e-01 1.417197e-01
35991: 1.726550e+00 1.569157e+00 1.224165e+00 3.386328e-01 1.414944e-01
35991: 1.725397e+00 1.571429e+00 1.223810e+00 3.380952e-01 1.412698e-01
35991: 1.725832e+00 1.572108e+00 1.223455e+00 3.375594e-01 1.410460e-01
35991: 1.727848e+00 1.569620e+00 1.224684e+00 3.370253e-01 1.408228e-01
35991: 1.728278e+00 1.570300e+00 1.224329e+00 3.364929e-01 1.406003e-01
35991: 1.727129e+00 1.567823e+00 1.225552e+00 3.391167e-01 1.403785e-01
35991: 1.727559e+00 1.568504e+00 1.223622e+00 3.401575e-01 1.401575e-01
35991: 1.726415e+00 1.569182e+00 1.224843e+00 3.396226e-01 1.399371e-01
35991: 1.726845e+00 1.569859e+00 1.222920e+00 3.390895e-01 1.412873e-01
35991: 1.727273e+00 1.568966e+00 1.222571e+00 3.385580e-01 1.426332e-01
35991: 1.726135e+00 1.571205e+00 1.220657e+00 3.380282e-01 1.439750e-01
35991: 1.725000e+00 1.571875e+00 1.220312e+00 3.390625e-01 1.437500e-01
35991: 1.723869e+00 1.574103e+00 1.219969e+00 3.385335e-01 1.435257e-01
35991: 1.722741e+00 1.573209e+00 1.222741e+00 3.380062e-01 1.433022e-01
35991: 1.723173e+00 1.573872e+00 1.222395e+00 3.374806e-01 1.430793e-01
35991: 1.722050e+00 1.572981e+00 1.225155e+00 3.369565e-01 1.428571e-01
35991: 1.720930e+00 1.573643e+00 1.226357e+00 3.364341e-01 1.426357e-01
35991: 1.719814e+00 1.572755e+00 1.227554e+00 3.374613e-01 1.424149e-01
35991: 1.720247e+00 1.571870e+00 1.227202e+00 3.384853e-01 1.421947e-01
35991: 1.719136e+00 1.570988e+00 1.229938e+00 3.379630e-01 1.419753e-01
35991: 1.719569e+00 1.571649e+00 1.229584e+00 3.374422e-01 1.417565e-01
35991: 1.718462e+00 1.569231e+00 1.232308e+00 3.384615e-01 1.415385e-01
35991: 1.717358e+00 1.569892e+00 1.233487e+00 3.379416e-01 1.413210e-01
35991: 1.717791e+00 1.570552e+00 1.233129e+00 3.374233e-01 1.411043e-01
35991: 1.718224e+00 1.569678e+00 1.234303e+00 3.369066e-01 1.408882e-01
35991: 1.718654e+00 1.570336e+00 1.232416e+00 3.379205e-01 1.406728e-01
35991: 1.717557e+00 1.567939e+00 1.235115e+00 3.389313e-01 1.404580e-01
35991: 1.717988e+00 1.568598e+00 1.233232e+00 3.399390e-01 1.402439e-01
35991: 1.716895e+00 1.569254e+00 1.232877e+00 3.409437e-01 1.400304e-01
35991: 1.717325e+00 1.568389e+00 1.234043e+00 3.404255e-01 1.398176e-01
35991: 1.717754e+00 1.569044e+00 1.232170e+00 3.399090e-01 1.411229e-01
35991: 1.716667e+00 1.569697e+00 1.231818e+00 3.409091e-01 1.409091e-01
35991: 1.715582e+00 1.571861e+00 1.231467e+00 3.403933e-01 1.406959e-01
35991: 1.714502e+00 1.572508e+00 1.231118e+00 3.398792e-01 1.419940e-01
35991: 1.713424e+00 1.571644e+00 1.232278e+00 3.408748e-01 1.417798e-01
35991: 1.712349e+00 1.570783e+00 1.231928e+00 3.418675e-01 1.430723e-01
35991: 1.712782e+00 1.571429e+00 1.231579e+00 3.413534e-01 1.428571e-01
35991: 1.713213e+00 1.570571e+00 1.232733e+00 3.408408e-01 1.426426e-01
35991: 1.712144e+00 1.569715e+00 1.233883e+00 3.418291e-01 1.424288e-01
35991: 1.711078e+00 1.570359e+00 1.233533e+00 3.428144e-01 1.422156e-01
35991: 1.713004e+00 1.568012e+00 1.233184e+00 3.437967e-01 1.420030e-01
35991: 1.711940e+00 1.570149e+00 1.232836e+00 3.432836e-01 1.417910e-01
35991: 1.712370e+00 1.570790e+00 1.232489e+00 3.427720e-01 1.415797e-01
35991: 1.712798e+00 1.569940e+00 1.233631e+00 3.422619e-01 1.413690e-01
35991: 1.713224e+00 1.572065e+00 1.231798e+00 3.417533e-01 1.411590e-01
35991: 1.713650e+00 1.569733e+00 1.234421e+00 3.412463e-01 1.409496e-01
35991: 1.714074e+00 1.571852e+00 1.232593e+00 3.407407e-01 1.407407e-01
35991: 1.715976e+00 1.569527e+00 1.233728e+00 3.402367e-01 1.405325e-01
35991: 1.714919e+00 1.571640e+00 1.233383e+00 3.397341e-01 1.403250e-01
35991: 1.713864e+00 1.573746e+00 1.233038e+00 3.392330e-01 1.401180e-01
35991: 1.712813e+00 1.574374e+00 1.234168e+00 3.387334e-01 1.399116e-01
35991: 1.711765e+00 1.575000e+00 1.235294e+00 3.382353e-01 1.397059e-01
35991: 1.712188e+00 1.575624e+00 1.234949e+00 3.377386e-01 1.395007e-01
35991: 1.712610e+00 1.573314e+00 1.237537e+00 3.372434e-01 1.392962e-01
35991: 1.713031e+00 1.573939e+00 1.237189e+00 3.367496e-01 1.390922e-01
35991: 1.713450e+00 1.571637e+00 1.239766e+00 3.362573e-01 1.388889e-01
35991: 1.712409e+00 1.570803e+00 1.240876e+00 3.372263e-01 1.386861e-01
35991: 1.712828e+00 1.569971e+00 1.241983e+00 3.367347e-01 1.384840e-01
35991: 1.711790e+00 1.573508e+00 1.240175e+00 3.362445e-01 1.382824e-01
35991: 1.710756e+00 1.574128e+00 1.239826e+00 3.372093e-01 1.380814e-01
35991: 1.709724e+00 1.574746e+00 1.240929e+00 3.367199e-01 1.378810e-01
35991: 1.711594e+00 1.573913e+00 1.240580e+00 3.362319e-01 1.376812e-01
35991: 1.712012e+00 1.573082e+00 1.241679e+00 3.357453e-01 1.374819e-01
35991: 1.710983e+00 1.573699e+00 1.241329e+00 3.352601e-01 1.387283e-01
35991: 1.709957e+00 1.574315e+00 1.240981e+00 3.362193e-01 1.385281e-01
35991: 1.710375e+00 1.573487e+00 1.240634e+00 3.371758e-01 1.383285e-01
35991: 1.709353e+00 1.572662e+00 1.240288e+00 3.381295e-01 1.395683e-01
35991: 1.709770e+00 1.571839e+00 1.241379e+00 3.376437e-01 1.393678e-01
35991: 1.708752e+00 1.571019e+00 1.242468e+00 3.385940e-01 1.391679e-01
35991: 1.707736e+00 1.571633e+00 1.243553e+00 3.381089e-01 1.389685e-01
35991: 1.706724e+00 1.570815e+00 1.244635e+00 3.390558e-01 1.387697e-01
35991: 1.707143e+00 1.570000e+00 1.244286e+00 3.400000e-01 1.385714e-01
35991: 1.708987e+00 1.569187e+00 1.243937e+00 3.395150e-01 1.383738e-01
35991: 1.709402e+00 1.571225e+00 1.242165e+00 3.390313e-01 1.381766e-01
35991: 1.709815e+00 1.568990e+00 1.243243e+00 3.385491e-01 1.394026e-01
35991: 1.710227e+00 1.569602e+00 1.242898e+00 3.380682e-01 1.392045e-01
35991: 1.710638e+00 1.568794e+00 1.242553e+00 3.390071e-01 1.390071e-01
35991: 1.711048e+00 1.569405e+00 1.240793e+00 3.385269e-01 1.402266e-01
35991: 1.711457e+00 1.568600e+00 1.241867e+00 3.380481e-01 1.400283e-01
35991: 1.713277e+00 1.569209e+00 1.240113e+00 3.375706e-01 1.398305e-01
35991: 1.712271e+00 1.568406e+00 1.242595e+00 3.370945e-01 1.396333e-01
35991: 1.711268e+00 1.567606e+00 1.243662e+00 3.380282e-01 1.394366e-01
35991: 1.711674e+00 1.568214e+00 1.243319e+00 3.375527e-01 1.392405e-01
35991: 1.712079e+00 1.568820e+00 1.242978e+00 3.370787e-01 1.390449e-01
35991: 1.711080e+00 1.568022e+00 1.244039e+00 3.380084e-01 1.388499e-01
35991: 1.710084e+00 1.570028e+00 1.243697e+00 3.375350e-01 1.386555e-01
35991: 1.709091e+00 1.570629e+00 1.243357e+00 3.384615e-01 1.384615e-01
35991: 1.708101e+00 1.572626e+00 1.243017e+00 3.379888e-01 1.382682e-01
35991: 1.707113e+00 1.571827e+00 1.244073e+00 3.389121e-01 1.380753e-01
35991: 1.707521e+00 1.572423e+00 1.243733e+00 3.384401e-01 1.378830e-01
35991: 1.707928e+00 1.571627e+00 1.244784e+00 3.379694e-01 1.376912e-01
35991: 1.706944e+00 1.573611e+00 1.244444e+00 3.375000e-01 1.375000e-01
35991: 1.705964e+00 1.572816e+00 1.245492e+00 3.370319e-01 1.386963e-01
35991: 1.704986e+00 1.572022e+00 1.245152e+00 3.379501e-01 1.398892e-01
35991: 1.706777e+00 1.571231e+00 1.244813e+00 3.374827e-01 1.396957e-01
35991: 1.707182e+00 1.570442e+00 1.244475e+00 3.383978e-01 1.395028e-01
35991: 1.706207e+00 1.571034e+00 1.245517e+00 3.379310e-01 1.393103e-01
35991: 1.705234e+00 1.570248e+00 1.246556e+00 3.388430e-01 1.391185e-01
35991: 1.707015e+00 1.569464e+00 1.246217e+00 3.383769e-01 1.389271e-01
35991: 1.707418e+00 1.570055e+00 1.245879e+00 3.379121e-01 1.387363e-01
35991: 1.706447e+00 1.567901e+00 1.248285e+00 3.388203e-01 1.385460e-01
35991: 1.708219e+00 1.567123e+00 1.247945e+00 3.383562e-01 1.383562e-01
35991: 1.708618e+00 1.567715e+00 1.246238e+00 3.392613e-01 1.381669e-01
35991: 1.707650e+00 1.568306e+00 1.245902e+00 3.387978e-01 1.393443e-01
35991: 1.706685e+00 1.567531e+00 1.248295e+00 3.383356e-01 1.391542e-01
35991: 1.708447e+00 1.566757e+00 1.247956e+00 3.378747e-01 1.389646e-01
35991: 1.707483e+00 1.568707e+00 1.247619e+00 3.374150e-01 1.387755e-01
35991: 1.707880e+00 1.567935e+00 1.248641e+00 3.369565e-01 1.385870e-01
35991: 1.706920e+00 1.568521e+00 1.248304e+00 3.378562e-01 1.383989e-01
35991: 1.707317e+00 1.567751e+00 1.247967e+00 3.387534e-01 1.382114e-01
35991: 1.706360e+00 1.569689e+00 1.247632e+00 3.382950e-01 1.380244e-01
35991: 1.705405e+00 1.568919e+00 1.250000e+00 3.378378e-01 1.378378e-01
35991: 1.705803e+00 1.570850e+00 1.248313e+00 3.373819e-01 1.376518e-01
35991: 1.704852e+00 1.568733e+00 1.250674e+00 3.369272e-01 1.388140e-01
35991: 1.705249e+00 1.569314e+00 1.248991e+00 3.364738e-01 1.399731e-01
35991: 1.705645e+00 1.569892e+00 1.248656e+00 3.360215e-01 1.397849e-01
35991: 1.706040e+00 1.569128e+00 1.249664e+00 3.355705e-01 1.395973e-01
35991: 1.705094e+00 1.571046e+00 1.247989e+00 3.351206e-01 1.407507e-01
35991: 1.705489e+00 1.570281e+00 1.247657e+00 3.360107e-01 1.405622e-01
35991: 1.705882e+00 1.569519e+00 1.247326e+00 3.355615e-01 1.417112e-01
35991: 1.706275e+00 1.571429e+00 1.245661e+00 3.351135e-01 1.415220e-01
35991: 1.706667e+00 1.569333e+00 1.246667e+00 3.360000e-01 1.413333e-01
35991: 1.705726e+00 1.569907e+00 1.245007e+00 3.368842e-01 1.424767e-01
35991: 1.706117e+00 1.570479e+00 1.244681e+00 3.364362e-01 1.422872e-01
35991: 1.706507e+00 1.568393e+00 1.247012e+00 3.359894e-01 1.420983e-01
35991: 1.706897e+00 1.570292e+00 1.245358e+00 3.355438e-01 1.419098e-01
35991: 1.707285e+00 1.568212e+00 1.247682e+00 3.350993e-01 1.417219e-01
35991: 1.708995e+00 1.568783e+00 1.246032e+00 3.346561e-01 1.415344e-01
35991: 1.708058e+00 1.569353e+00 1.247028e+00 3.342140e-01 1.413474e-01
35991: 1.707124e+00 1.571240e+00 1.245383e+00 3.337731e-01 1.424802e-01
35991: 1.706192e+00 1.570487e+00 1.247694e+00 3.333333e-01 1.422925e-01
35991: 1.705263e+00 1.571053e+00 1.247368e+00 3.342105e-01 1.421053e-01
35991: 1.706965e+00 1.570302e+00 1.247043e+00 3.337714e-01 1.419185e-01
35991: 1.706037e+00 1.570866e+00 1.248031e+00 3.333333e-01 1.417323e-01
35991: 1.705111e+00 1.570118e+00 1.250328e+00 3.328965e-01 1.415465e-01
35991: 1.704188e+00 1.569372e+00 1.250000e+00 3.337696e-01 1.426702e-01
35991: 1.703268e+00 1.569935e+00 1.248366e+00 3.359477e-01 1.424837e-01
35991: 1.703655e+00 1.571802e+00 1.246736e+00 3.355091e-01 1.422977e-01
35991: 1.702738e+00 1.572360e+00 1.247718e+00 3.350717e-01 1.421121e-01
35991: 1.701823e+00 1.572917e+00 1.247396e+00 3.359375e-01 1.419271e-01
35991: 1.700910e+00 1.572172e+00 1.248375e+00 3.368010e-01 1.417425e-01
35991: 1.701299e+00 1.571429e+00 1.248052e+00 3.363636e-01 1.428571e-01
35991: 1.701686e+00 1.570687e+00 1.247730e+00 3.372244e-01 1.426719e-01
35991: 1.702073e+00 1.569948e+00 1.247409e+00 3.380829e-01 1.424870e-01
35991: 1.701164e+00 1.571798e+00 1.247089e+00 3.376455e-01 1.423027e-01
35991: 1.700258e+00 1.572351e+00 1.248062e+00 3.372093e-01 1.421189e-01
35991: 1.699355e+00 1.571613e+00 1.250323e+00 3.367742e-01 1.419355e-01
35991: 1.698454e+00 1.572165e+00 1.250000e+00 3.363402e-01 1.430412e-01
35991: 1.697555e+00 1.572716e+00 1.250965e+00 3.359073e-01 1.428571e-01
35991: 1.699229e+00 1.571979e+00 1.250643e+00 3.354756e-01 1.426735e-01
35991: 1.698331e+00 1.572529e+00 1.250321e+00 3.363286e-01 1.424904e-01
35991: 1.697436e+00 1.573077e+00 1.250000e+00 3.371795e-01 1.423077e-01
35991: 1.696543e+00 1.573624e+00 1.250960e+00 3.367478e-01 1.421255e-01
35991: 1.696931e+00 1.572890e+00 1.251918e+00 3.363171e-01 1.419437e-01
35991: 1.696041e+00 1.573436e+00 1.252874e+00 3.358876e-01 1.417625e-01
35991: 1.696429e+00 1.572704e+00 1.252551e+00 3.354592e-01 1.428571e-01
35991: 1.695541e+00 1.571975e+00 1.252229e+00 3.363057e-01 1.439490e-01
35991: 1.694656e+00 1.571247e+00 1.254453e+00 3.358779e-01 1.437659e-01
35991: 1.693774e+00 1.571792e+00 1.255400e+00 3.354511e-01 1.435832e-01
35991: 1.692893e+00 1.572335e+00 1.256345e+00 3.350254e-01 1.434010e-01
35991: 1.692015e+00 1.572877e+00 1.257288e+00 3.346008e-01 1.432193e-01
35991: 1.692405e+00 1.572152e+00 1.258228e+00 3.341772e-01 1.430380e-01
35991: 1.691530e+00 1.573957e+00 1.257901e+00 3.337547e-01 1.428571e-01
35991: 1.690657e+00 1.574495e+00 1.258838e+00 3.333333e-01 1.426768e-01
35991: 1.691047e+00 1.575032e+00 1.258512e+00 3.329130e-01 1.424968e-01
35991: 1.690176e+00 1.574307e+00 1.260705e+00 3.324937e-01 1.423174e-01
35991: 1.690566e+00 1.573585e+00 1.261635e+00 3.320755e-01 1.421384e-01
35991: 1.689698e+00 1.572864e+00 1.261307e+00 3.341709e-01 1.419598e-01
35991: 1.688833e+00 1.573400e+00 1.262233e+00 3.337516e-01 1.417817e-01
35991: 1.687970e+00 1.572682e+00 1.263158e+00 3.345865e-01 1.416040e-01
35991: 1.687109e+00 1.571965e+00 1.262829e+00 3.341677e-01 1.439299e-01
35991: 1.686250e+00 1.571250e+00 1.263750e+00 3.337500e-01 1.450000e-01
35991: 1.686642e+00 1.571785e+00 1.263421e+00 3.333333e-01 1.448190e-01
35991: 1.687032e+00 1.571072e+00 1.264339e+00 3.329177e-01 1.446384e-01
35991: 1.686177e+00 1.570361e+00 1.265255e+00 3.337484e-01 1.444583e-01
35991: 1.685323e+00 1.570896e+00 1.266169e+00 3.333333e-01 1.442786e-01
35991: 1.685714e+00 1.570186e+00 1.265839e+00 3.341615e-01 1.440994e-01
35991: 1.684864e+00 1.570720e+00 1.266749e+00 3.337469e-01 1.439206e-01
35991: 1.684015e+00 1.570012e+00 1.268897e+00 3.333333e-01 1.437423e-01
35991: 1.683168e+00 1.570545e+00 1.268564e+00 3.329208e-01 1.448020e-01
35991: 1.682324e+00 1.571075e+00 1.269468e+00 3.325093e-01 1.446230e-01
35991: 1.682716e+00 1.571605e+00 1.269136e+00 3.320988e-01 1.444444e-01
35991: 1.681874e+00 1.570900e+00 1.270037e+00 3.316893e-01 1.454994e-01
35991: 1.681034e+00 1.570197e+00 1.272167e+00 3.312808e-01 1.453202e-01
35991: 1.681427e+00 1.569496e+00 1.273063e+00 3.308733e-01 1.451415e-01
35991: 1.681818e+00 1.570025e+00 1.272727e+00 3.304668e-01 1.449631e-01
35991: 1.680982e+00 1.569325e+00 1.273620e+00 3.312883e-01 1.447853e-01
35991: 1.680147e+00 1.571078e+00 1.273284e+00 3.308824e-01 1.446078e-01
35991: 1.679315e+00 1.570379e+00 1.272950e+00 3.329253e-01 1.444308e-01
35991: 1.679707e+00 1.570905e+00 1.272616e+00 3.325183e-01 1.442543e-01
35991: 1.681319e+00 1.568987e+00 1.273504e+00 3.321123e-01 1.440781e-01
35991: 1.682927e+00 1.569512e+00 1.271951e+00 3.317073e-01 1.439024e-01
35991: 1.683313e+00 1.568819e+00 1.271620e+00 3.325213e-01 1.437272e-01
35991: 1.683698e+00 1.569343e+00 1.271290e+00 3.321168e-01 1.435523e-01
35991: 1.685298e+00 1.568651e+00 1.270960e+00 3.317132e-01 1.433779e-01
35991: 1.685680e+00 1.569175e+00 1.270631e+00 3.313107e-01 1.432039e-01
35991: 1.684848e+00 1.570909e+00 1.270303e+00 3.309091e-01 1.430303e-01
35991: 1.685230e+00 1.569007e+00 1.269976e+00 3.329298e-01 1.428571e-01
35991: 1.684401e+00 1.569528e+00 1.269649e+00 3.337364e-01 1.426844e-01
35991: 1.683575e+00 1.571256e+00 1.268116e+00 3.345411e-01 1.425121e-01
35991: 1.682750e+00 1.570567e+00 1.270205e+00 3.341375e-01 1.423402e-01
35991: 1.683133e+00 1.569880e+00 1.271084e+00 3.337349e-01 1.421687e-01
35991: 1.682310e+00 1.570397e+00 1.271961e+00 3.333333e-01 1.419976e-01
35991: 1.681490e+00 1.569712e+00 1.274038e+00 3.329327e-01 1.418269e-01
35991: 1.680672e+00 1.572629e+00 1.272509e+00 3.325330e-01 1.416567e-01
35991: 1.682254e+00 1.570743e+00 1.273381e+00 3.321343e-01 1.414868e-01
35991: 1.682635e+00 1.571257e+00 1.273054e+00 3.317365e-01 1.413174e-01
35991: 1.681818e+00 1.570574e+00 1.273923e+00 3.325359e-01 1.411483e-01
35991: 1.683393e+00 1.569892e+00 1.273596e+00 3.321386e-01 1.409797e-01
35991: 1.684964e+00 1.570406e+00 1.272076e+00 3.317422e-01 1.408115e-01
35991: 1.684148e+00 1.570918e+00 1.272944e+00 3.313468e-01 1.406436e-01
35991: 1.683333e+00 1.572619e+00 1.272619e+00 3.309524e-01 1.404762e-01
35991: 1.682521e+00 1.573127e+00 1.273484e+00 3.305589e-01 1.403092e-01
35991: 1.684086e+00 1.572447e+00 1.273159e+00 3.301663e-01 1.401425e-01
35991: 1.683274e+00 1.572954e+00 1.274021e+00 3.297746e-01 1.399763e-01
35991: 1.682464e+00 1.573460e+00 1.274882e+00 3.293839e-01 1.398104e-01
35991: 1.682840e+00 1.572781e+00 1.274556e+00 3.301775e-01 1.396450e-01
35991: 1.684397e+00 1.572104e+00 1.274232e+00 3.297872e-01 1.394799e-01
35991: 1.683589e+00 1.571429e+00 1.273908e+00 3.305785e-01 1.404959e-01
35991: 1.682783e+00 1.570755e+00 1.275943e+00 3.301887e-01 1.403302e-01
35991: 1.683157e+00 1.570082e+00 1.276796e+00 3.297998e-01 1.401649e-01
35991: 1.682353e+00 1.570588e+00 1.277647e+00 3.294118e-01 1.400000e-01
35991: 1.681551e+00 1.569918e+00 1.277321e+00 3.301998e-01 1.410106e-01
35991: 1.680751e+00 1.571596e+00 1.275822e+00 3.309859e-01 1.408451e-01
35991: 1.679953e+00 1.570926e+00 1.275498e+00 3.329426e-01 1.406800e-01
35991: 1.680328e+00 1.570258e+00 1.276347e+00 3.325527e-01 1.405152e-01
35991: 1.680702e+00 1.570760e+00 1.276023e+00 3.321637e-01 1.403509e-01
35991: 1.681075e+00 1.568925e+00 1.276869e+00 3.329439e-01 1.401869e-01
35991: 1.682614e+00 1.569428e+00 1.275379e+00 3.325554e-01 1.400233e-01
35991: 1.682984e+00 1.568765e+00 1.275058e+00 3.333333e-01 1.398601e-01
35991: 1.683353e+00 1.569267e+00 1.273574e+00 3.341094e-01 1.396973e-01
35991: 1.683721e+00 1.568605e+00 1.274419e+00 3.337209e-01 1.395349e-01
35991: 1.684088e+00 1.570267e+00 1.272938e+00 3.333333e-01 1.393728e-01
35991: 1.683295e+00 1.568445e+00 1.276102e+00 3.329466e-01 1.392111e-01
35991: 1.683662e+00 1.568946e+00 1.275782e+00 3.325608e-01 1.390498e-01
35991: 1.684028e+00 1.568287e+00 1.275463e+00 3.321759e-01 1.400463e-01
35991: 1.685549e+00 1.568786e+00 1.273988e+00 3.317919e-01 1.398844e-01
35991: 1.685912e+00 1.568129e+00 1.273672e+00 3.325635e-01 1.397229e-01
35991: 1.686275e+00 1.568627e+00 1.272203e+00 3.333333e-01 1.395617e-01
35991: 1.685484e+00 1.569124e+00 1.271889e+00 3.341014e-01 1.394009e-01
35991: 1.685846e+00 1.569620e+00 1.271577e+00 3.337169e-01 1.392405e-01
35991: 1.686207e+00 1.568966e+00 1.272414e+00 3.333333e-01 1.390805e-01
35991: 1.685419e+00 1.569460e+00 1.272101e+00 3.329506e-01 1.400689e-01
35991: 1.685780e+00 1.569954e+00 1.271789e+00 3.325688e-01 1.399083e-01
35991: 1.684994e+00 1.569301e+00 1.272623e+00 3.333333e-01 1.397480e-01
35991: 1.685355e+00 1.569794e+00 1.272311e+00 3.329519e-01 1.395881e-01
35991: 1.684571e+00 1.571429e+00 1.272000e+00 3.325714e-01 1.394286e-01
35991: 1.683790e+00 1.573059e+00 1.271689e+00 3.321918e-01 1.392694e-01
35991: 1.684151e+00 1.573546e+00 1.271380e+00 3.318130e-01 1.391106e-01
35991: 1.682232e+00 1.575171e+00 1.272210e+00 3.314351e-01 1.389522e-01
35991: 1.681456e+00 1.574516e+00 1.273038e+00 3.321957e-01 1.387941e-01
35991: 1.681818e+00 1.573864e+00 1.273864e+00 3.318182e-01 1.386364e-01
35991: 1.681044e+00 1.575482e+00 1.273553e+00 3.314415e-01 1.384790e-01
35991: 1.681406e+00 1.574830e+00 1.274376e+00 3.310658e-01 1.383220e-01
35991: 1.681767e+00 1.574179e+00 1.274066e+00 3.318233e-01 1.381653e-01
35991: 1.680995e+00 1.574661e+00 1.273756e+00 3.325792e-01 1.380090e-01
35991: 1.680226e+00 1.574011e+00 1.275706e+00 3.322034e-01 1.378531e-01
35991: 1.680587e+00 1.574492e+00 1.275395e+00 3.318284e-01 1.376975e-01
35991: 1.680947e+00 1.573844e+00 1.276212e+00 3.314543e-01 1.375423e-01
35991: 1.680180e+00 1.573198e+00 1.277027e+00 3.310811e-01 1.385135e-01
35991: 1.679415e+00 1.572553e+00 1.277840e+00 3.307087e-01 1.394826e-01
35991: 1.679775e+00 1.573034e+00 1.277528e+00 3.303371e-01 1.393258e-01
35991: 1.680135e+00 1.571268e+00 1.279461e+00 3.299663e-01 1.391695e-01
35991: 1.679372e+00 1.571749e+00 1.279148e+00 3.307175e-01 1.390135e-01
35991: 1.678611e+00 1.571109e+00 1.279955e+00 3.314670e-01 1.388578e-01
35991: 1.678971e+00 1.570470e+00 1.279642e+00 3.322148e-01 1.387025e-01
35991: 1.679330e+00 1.570950e+00 1.279330e+00 3.318436e-01 1.385475e-01
35991: 1.678571e+00 1.569196e+00 1.282366e+00 3.314732e-01 1.383929e-01
35991: 1.678930e+00 1.569677e+00 1.280936e+00 3.322185e-01 1.382386e-01
35991: 1.678174e+00 1.570156e+00 1.281737e+00 3.318486e-01 1.380846e-01
35991: 1.678532e+00 1.569522e+00 1.282536e+00 3.314794e-01 1.379310e-01
35991: 1.678889e+00 1.571111e+00 1.281111e+00 3.311111e-01 1.377778e-01
35991: 1.678135e+00 1.569367e+00 1.284129e+00 3.307436e-01 1.376249e-01
35991: 1.677384e+00 1.572062e+00 1.282705e+00 3.303769e-01 1.374723e-01
35991: 1.678848e+00 1.571429e+00 1.282392e+00 3.300111e-01 1.373200e-01
35991: 1.678097e+00 1.573009e+00 1.282080e+00 3.296460e-01 1.371681e-01
35991: 1.677348e+00 1.572376e+00 1.281768e+00 3.303867e-01 1.381215e-01
35991: 1.676600e+00 1.571744e+00 1.281457e+00 3.322296e-01 1.379691e-01
35991: 1.676957e+00 1.571114e+00 1.282249e+00 3.318633e-01 1.378170e-01
35991: 1.677313e+00 1.571586e+00 1.281938e+00 3.314978e-01 1.376652e-01
35991: 1.676568e+00 1.570957e+00 1.282728e+00 3.322332e-01 1.375138e-01
35991: 1.676923e+00 1.571429e+00 1.282418e+00 3.318681e-01 1.373626e-01
35991: 1.676180e+00 1.570801e+00 1.283205e+00 3.326015e-01 1.372119e-01
35991: 1.675439e+00 1.570175e+00 1.282895e+00 3.322368e-01 1.392544e-01
35991: 1.674699e+00 1.569551e+00 1.282585e+00 3.340635e-01 1.391019e-01
35991: 1.673961e+00 1.570022e+00 1.282276e+00 3.347921e-01 1.389497e-01
35991: 1.674317e+00 1.570492e+00 1.281967e+00 3.344262e-01 1.387978e-01
35991: 1.674672e+00 1.569869e+00 1.282751e+00 3.340611e-01 1.386463e-01
35991: 1.673937e+00 1.571429e+00 1.282443e+00 3.336968e-01 1.384951e-01
35991: 1.673203e+00 1.570806e+00 1.284314e+00 3.333333e-01 1.383442e-01
35991: 1.673558e+00 1.571273e+00 1.284004e+00 3.329706e-01 1.381937e-01
35991: 1.673913e+00 1.569565e+00 1.284783e+00 3.336957e-01 1.380435e-01
35991: 1.674267e+00 1.571118e+00 1.283388e+00 3.333333e-01 1.378936e-01
35991: 1.673536e+00 1.569414e+00 1.285249e+00 3.340564e-01 1.377440e-01
35991: 1.672806e+00 1.568797e+00 1.287107e+00 3.336945e-01 1.375948e-01
35991: 1.672078e+00 1.569264e+00 1.287879e+00 3.333333e-01 1.374459e-01
35991: 1.671351e+00 1.568649e+00 1.289730e+00 3.329730e-01 1.372973e-01
35991: 1.670626e+00 1.568035e+00 1.290497e+00 3.336933e-01 1.371490e-01
35991: 1.670982e+00 1.567422e+00 1.290183e+00 3.344121e-01 1.370011e-01
35991: 1.671336e+00 1.567888e+00 1.289871e+00 3.340517e-01 1.368534e-01
35991: 1.672766e+00 1.567277e+00 1.289559e+00 3.336921e-01 1.367061e-01
35991: 1.673118e+00 1.567742e+00 1.288172e+00 3.344086e-01 1.365591e-01
35991: 1.673469e+00 1.567132e+00 1.287863e+00 3.340494e-01 1.374866e-01
35991: 1.672747e+00 1.567597e+00 1.287554e+00 3.336910e-01 1.384120e-01
35991: 1.672026e+00 1.569132e+00 1.287245e+00 3.333333e-01 1.382637e-01
35991: 1.673448e+00 1.569593e+00 1.285867e+00 3.329764e-01 1.381156e-01
35991: 1.672727e+00 1.570053e+00 1.285561e+00 3.336898e-01 1.379679e-01
35991: 1.673077e+00 1.569444e+00 1.286325e+00 3.333333e-01 1.378205e-01
35991: 1.673426e+00 1.569904e+00 1.284952e+00 3.329776e-01 1.387407e-01
35991: 1.673774e+00 1.569296e+00 1.285714e+00 3.326226e-01 1.385928e-01
35991: 1.673056e+00 1.570820e+00 1.285410e+00 3.322684e-01 1.384452e-01
35991: 1.673404e+00 1.570213e+00 1.286170e+00 3.319149e-01 1.382979e-01
35991: 1.672689e+00 1.570670e+00 1.286929e+00 3.315622e-01 1.381509e-01
35991: 1.671975e+00 1.570064e+00 1.288747e+00 3.312102e-01 1.380042e-01
35991: 1.672322e+00 1.569459e+00 1.288441e+00 3.319194e-01 1.378579e-01
35991: 1.672669e+00 1.569915e+00 1.288136e+00 3.315678e-01 1.377119e-01
35991: 1.673016e+00 1.569312e+00 1.288889e+00 3.312169e-01 1.375661e-01
35991: 1.672304e+00 1.569767e+00 1.289641e+00 3.308668e-01 1.374207e-01
35991: 1.672650e+00 1.569166e+00 1.289335e+00 3.315734e-01 1.372756e-01
35991: 1.671941e+00 1.570675e+00 1.289030e+00 3.312236e-01 1.371308e-01
35991: 1.671233e+00 1.571128e+00 1.289779e+00 3.308746e-01 1.369863e-01
35991: 1.670526e+00 1.570526e+00 1.290526e+00 3.305263e-01 1.378947e-01
35991: 1.669821e+00 1.569926e+00 1.291272e+00 3.312303e-01 1.377497e-01
35991: 1.671218e+00 1.570378e+00 1.289916e+00 3.308824e-01 1.376050e-01
35991: 1.670514e+00 1.569780e+00 1.291710e+00 3.305352e-01 1.374607e-01
35991: 1.669811e+00 1.570231e+00 1.290356e+00 3.322851e-01 1.373166e-01
35991: 1.670157e+00 1.569634e+00 1.291099e+00 3.319372e-01 1.371728e-01
35991: 1.670502e+00 1.571130e+00 1.289749e+00 3.315900e-01 1.370293e-01
35991: 1.669801e+00 1.570533e+00 1.290491e+00 3.322884e-01 1.368861e-01
35991: 1.670146e+00 1.569937e+00 1.291232e+00 3.319415e-01 1.367432e-01
35991: 1.670490e+00 1.570386e+00 1.289885e+00 3.315954e-01 1.376434e-01
35991: 1.670833e+00 1.568750e+00 1.291667e+00 3.312500e-01 1.375000e-01
35991: 1.670135e+00 1.570239e+00 1.291363e+00 3.309053e-01 1.373569e-01
35991: 1.669439e+00 1.570686e+00 1.291060e+00 3.316008e-01 1.372141e-01
35991: 1.668744e+00 1.570093e+00 1.291796e+00 3.322949e-01 1.370717e-01
35991: 1.668050e+00 1.570539e+00 1.292531e+00 3.319502e-01 1.369295e-01
35991: 1.667358e+00 1.570984e+00 1.293264e+00 3.316062e-01 1.367876e-01
35991: 1.667702e+00 1.570393e+00 1.292961e+00 3.322981e-01 1.366460e-01
35991: 1.668046e+00 1.569804e+00 1.292658e+00 3.329886e-01 1.365047e-01
35991: 1.667355e+00 1.571281e+00 1.291322e+00 3.336777e-01 1.363636e-01
35991: 1.666667e+00 1.571723e+00 1.292054e+00 3.333333e-01 1.362229e-01
35991: 1.665979e+00 1.572165e+00 1.292784e+00 3.329897e-01 1.360825e-01
35991: 1.666323e+00 1.571576e+00 1.292482e+00 3.336766e-01 1.359423e-01
35991: 1.665638e+00 1.572016e+00 1.293210e+00 3.333333e-01 1.358025e-01
35991: 1.664954e+00 1.572456e+00 1.293936e+00 3.329908e-01 1.356629e-01
35991: 1.664271e+00 1.571869e+00 1.293634e+00 3.347023e-01 1.355236e-01
35991: 1.663590e+00 1.571282e+00 1.294359e+00 3.353846e-01 1.353846e-01
35991: 1.662910e+00 1.571721e+00 1.294057e+00 3.360656e-01 1.352459e-01
35991: 1.663255e+00 1.571136e+00 1.294780e+00 3.357216e-01 1.351075e-01
35991: 1.662577e+00 1.570552e+00 1.294479e+00 3.364008e-01 1.359918e-01
35991: 1.661900e+00 1.570991e+00 1.295199e+00 3.360572e-01 1.358529e-01
35991: 1.661224e+00 1.571429e+00 1.295918e+00 3.357143e-01 1.357143e-01
35991: 1.660550e+00 1.572885e+00 1.295617e+00 3.353721e-01 1.355759e-01
35991: 1.659878e+00 1.573320e+00 1.295316e+00 3.360489e-01 1.354379e-01
35991: 1.659207e+00 1.573754e+00 1.295015e+00 3.357070e-01 1.363174e-01
35991: 1.658537e+00 1.573171e+00 1.295732e+00 3.363821e-01 1.361789e-01
35991: 1.659898e+00 1.572589e+00 1.295431e+00 3.360406e-01 1.360406e-01
35991: 1.660243e+00 1.572008e+00 1.296146e+00 3.356998e-01 1.359026e-01
35991: 1.659574e+00 1.571429e+00 1.296859e+00 3.363728e-01 1.357649e-01
35991: 1.659919e+00 1.571862e+00 1.296559e+00 3.360324e-01 1.356275e-01
35991: 1.660263e+00 1.571284e+00 1.297270e+00 3.356926e-01 1.354904e-01
35991: 1.660606e+00 1.570707e+00 1.297980e+00 3.353535e-01 1.353535e-01
35991: 1.661958e+00 1.570131e+00 1.297679e+00 3.350151e-01 1.352170e-01
35991: 1.662298e+00 1.569556e+00 1.297379e+00 3.356855e-01 1.350806e-01
35991: 1.662638e+00 1.569990e+00 1.296073e+00 3.353474e-01 1.359517e-01
35991: 1.661972e+00 1.569416e+00 1.297787e+00 3.350101e-01 1.358149e-01
35991: 1.661307e+00 1.568844e+00 1.299497e+00 3.346734e-01 1.356784e-01
35991: 1.661647e+00 1.568273e+00 1.299197e+00 3.343373e-01 1.365462e-01
35991: 1.660983e+00 1.568706e+00 1.298897e+00 3.350050e-01 1.364092e-01
35991: 1.660321e+00 1.569138e+00 1.298597e+00 3.346693e-01 1.372745e-01
35991: 1.659660e+00 1.569570e+00 1.299299e+00 3.343343e-01 1.371371e-01
35991: Done!
Traceback (most recent call last):
  File "/lowest-unique-number/tournament0/elexunix.py", line 25, in <module>
    input()
EOFError: EOF when reading a line
