Forked 35260
Starting to reopen 0 and 1
Calling execv `tournament0/alex_dany` (pid 35260)
35260: Started!
35260: Number of players: 5, position: 0, number of turns: 1000
35260: Random seed: 3267040897
Strategy 0: first ans is 0
Forked 35261
Starting to reopen 0 and 1
Calling execv `tournament0/fedro.py` (pid 35261)
Strategy 1: first ans is 0
Forked 35285
Starting to reopen 0 and 1
Calling execv `tournament0/the_best_strategy.py` (pid 35285)
Strategy 2: first ans is 0
Forked 35286
Starting to reopen 0 and 1
Calling execv `tournament0/elexunix.py` (pid 35286)
Strategy 3: first ans is 1
Forked 35310
Starting to reopen 0 and 1
Calling execv `tournament0/pzakorko.py` (pid 35310)
Strategy 4: first ans is 0
35260: 4.000000e+00 1.000000e+00 0.000000e+00 0.000000e+00 0.000000e+00
35260: 3.000000e+00 1.500000e+00 0.000000e+00 5.000000e-01 0.000000e+00
35260: 3.000000e+00 1.666667e+00 0.000000e+00 3.333333e-01 0.000000e+00
35260: 2.750000e+00 1.500000e+00 2.500000e-01 5.000000e-01 0.000000e+00
35260: 2.800000e+00 1.600000e+00 2.000000e-01 4.000000e-01 0.000000e+00
35260: 2.833333e+00 1.333333e+00 5.000000e-01 3.333333e-01 0.000000e+00
35260: 2.714286e+00 1.285714e+00 4.285714e-01 5.714286e-01 0.000000e+00
35260: 2.625000e+00 1.500000e+00 3.750000e-01 5.000000e-01 0.000000e+00
35260: 2.555556e+00 1.444444e+00 3.333333e-01 5.555556e-01 1.111111e-01
35260: 2.500000e+00 1.500000e+00 3.000000e-01 5.000000e-01 2.000000e-01
35260: 2.454545e+00 1.636364e+00 2.727273e-01 4.545455e-01 1.818182e-01
35260: 2.416667e+00 1.583333e+00 4.166667e-01 4.166667e-01 1.666667e-01
35260: 2.384615e+00 1.461538e+00 4.615385e-01 4.615385e-01 2.307692e-01
35260: 2.357143e+00 1.428571e+00 5.000000e-01 5.000000e-01 2.142857e-01
35260: 2.333333e+00 1.466667e+00 5.333333e-01 4.666667e-01 2.000000e-01
35260: 2.312500e+00 1.500000e+00 5.000000e-01 4.375000e-01 2.500000e-01
35260: 2.294118e+00 1.529412e+00 5.294118e-01 4.117647e-01 2.352941e-01
35260: 2.277778e+00 1.611111e+00 5.000000e-01 3.888889e-01 2.222222e-01
35260: 2.315789e+00 1.578947e+00 5.263158e-01 3.684211e-01 2.105263e-01
35260: 2.300000e+00 1.500000e+00 6.000000e-01 3.500000e-01 2.500000e-01
35260: 2.333333e+00 1.523810e+00 5.714286e-01 3.333333e-01 2.380952e-01
35260: 2.363636e+00 1.545455e+00 5.454545e-01 3.181818e-01 2.272727e-01
35260: 2.391304e+00 1.521739e+00 5.217391e-01 3.043478e-01 2.608696e-01
35260: 2.416667e+00 1.541667e+00 5.000000e-01 2.916667e-01 2.500000e-01
35260: 2.400000e+00 1.600000e+00 4.800000e-01 2.800000e-01 2.400000e-01
35260: 2.384615e+00 1.576923e+00 5.384615e-01 2.692308e-01 2.307692e-01
35260: 2.370370e+00 1.555556e+00 5.925926e-01 2.592593e-01 2.222222e-01
35260: 2.357143e+00 1.535714e+00 5.714286e-01 2.857143e-01 2.500000e-01
35260: 2.379310e+00 1.551724e+00 5.517241e-01 2.758621e-01 2.413793e-01
35260: 2.400000e+00 1.566667e+00 5.333333e-01 2.666667e-01 2.333333e-01
35260: 2.387097e+00 1.548387e+00 5.806452e-01 2.580645e-01 2.258065e-01
35260: 2.375000e+00 1.531250e+00 5.625000e-01 3.125000e-01 2.187500e-01
35260: 2.363636e+00 1.545455e+00 5.757576e-01 3.030303e-01 2.121212e-01
35260: 2.382353e+00 1.529412e+00 5.588235e-01 3.235294e-01 2.058824e-01
35260: 2.371429e+00 1.514286e+00 5.714286e-01 3.142857e-01 2.285714e-01
35260: 2.388889e+00 1.500000e+00 5.555556e-01 3.333333e-01 2.222222e-01
35260: 2.405405e+00 1.486486e+00 5.675676e-01 3.243243e-01 2.162162e-01
35260: 2.447368e+00 1.473684e+00 5.526316e-01 3.157895e-01 2.105263e-01
35260: 2.461538e+00 1.461538e+00 5.384615e-01 3.076923e-01 2.307692e-01
35260: 2.450000e+00 1.450000e+00 5.250000e-01 3.250000e-01 2.500000e-01
35260: 2.439024e+00 1.439024e+00 5.365854e-01 3.414634e-01 2.439024e-01
35260: 2.428571e+00 1.452381e+00 5.476190e-01 3.333333e-01 2.380952e-01
35260: 2.418605e+00 1.465116e+00 5.581395e-01 3.255814e-01 2.325581e-01
35260: 2.409091e+00 1.454545e+00 5.909091e-01 3.181818e-01 2.272727e-01
35260: 2.444444e+00 1.444444e+00 5.777778e-01 3.111111e-01 2.222222e-01
35260: 2.434783e+00 1.456522e+00 5.869565e-01 3.043478e-01 2.173913e-01
35260: 2.425532e+00 1.468085e+00 5.957447e-01 2.978723e-01 2.127660e-01
35260: 2.416667e+00 1.458333e+00 5.833333e-01 3.333333e-01 2.083333e-01
35260: 2.408163e+00 1.469388e+00 5.714286e-01 3.469388e-01 2.040816e-01
35260: 2.400000e+00 1.480000e+00 5.600000e-01 3.600000e-01 2.000000e-01
35260: 2.411765e+00 1.470588e+00 5.686275e-01 3.529412e-01 1.960784e-01
35260: 2.423077e+00 1.480769e+00 5.576923e-01 3.461538e-01 1.923077e-01
35260: 2.433962e+00 1.471698e+00 5.660377e-01 3.396226e-01 1.886792e-01
35260: 2.425926e+00 1.500000e+00 5.555556e-01 3.333333e-01 1.851852e-01
35260: 2.418182e+00 1.490909e+00 5.454545e-01 3.636364e-01 1.818182e-01
35260: 2.410714e+00 1.482143e+00 5.535714e-01 3.571429e-01 1.964286e-01
35260: 2.421053e+00 1.473684e+00 5.614035e-01 3.508772e-01 1.929825e-01
35260: 2.413793e+00 1.465517e+00 5.689655e-01 3.448276e-01 2.068966e-01
35260: 2.406780e+00 1.457627e+00 5.593220e-01 3.559322e-01 2.203390e-01
35260: 2.416667e+00 1.450000e+00 5.666667e-01 3.500000e-01 2.166667e-01
35260: 2.426230e+00 1.442623e+00 5.573770e-01 3.606557e-01 2.131148e-01
35260: 2.435484e+00 1.435484e+00 5.645161e-01 3.548387e-01 2.096774e-01
35260: 2.444444e+00 1.428571e+00 5.555556e-01 3.492063e-01 2.222222e-01
35260: 2.437500e+00 1.421875e+00 5.781250e-01 3.437500e-01 2.187500e-01
35260: 2.430769e+00 1.415385e+00 5.692308e-01 3.692308e-01 2.153846e-01
35260: 2.424242e+00 1.424242e+00 5.757576e-01 3.636364e-01 2.121212e-01
35260: 2.432836e+00 1.417910e+00 5.671642e-01 3.731343e-01 2.089552e-01
35260: 2.426471e+00 1.426471e+00 5.588235e-01 3.823529e-01 2.058824e-01
35260: 2.420290e+00 1.420290e+00 5.652174e-01 3.913043e-01 2.028986e-01
35260: 2.428571e+00 1.414286e+00 5.571429e-01 3.857143e-01 2.142857e-01
35260: 2.422535e+00 1.422535e+00 5.633803e-01 3.802817e-01 2.112676e-01
35260: 2.430556e+00 1.430556e+00 5.555556e-01 3.750000e-01 2.083333e-01
35260: 2.410959e+00 1.438356e+00 5.616438e-01 3.835616e-01 2.054795e-01
35260: 2.405405e+00 1.432432e+00 5.675676e-01 3.918919e-01 2.027027e-01
35260: 2.386667e+00 1.453333e+00 5.733333e-01 3.866667e-01 2.000000e-01
35260: 2.381579e+00 1.460526e+00 5.789474e-01 3.815789e-01 1.973684e-01
35260: 2.376623e+00 1.454545e+00 5.974026e-01 3.766234e-01 1.948052e-01
35260: 2.358974e+00 1.461538e+00 6.025641e-01 3.846154e-01 1.923077e-01
35260: 2.341772e+00 1.455696e+00 6.202532e-01 3.924051e-01 1.898734e-01
35260: 2.337500e+00 1.462500e+00 6.250000e-01 3.875000e-01 1.875000e-01
35260: 2.333333e+00 1.456790e+00 6.419753e-01 3.827160e-01 1.851852e-01
35260: 2.317073e+00 1.451220e+00 6.707317e-01 3.780488e-01 1.829268e-01
35260: 2.313253e+00 1.445783e+00 6.746988e-01 3.855422e-01 1.807229e-01
35260: 2.297619e+00 1.440476e+00 6.785714e-01 3.809524e-01 2.023810e-01
35260: 2.282353e+00 1.447059e+00 6.823529e-01 3.882353e-01 2.000000e-01
35260: 2.279070e+00 1.453488e+00 6.860465e-01 3.837209e-01 1.976744e-01
35260: 2.264368e+00 1.459770e+00 7.011494e-01 3.793103e-01 1.954023e-01
35260: 2.261364e+00 1.465909e+00 7.045455e-01 3.750000e-01 1.931818e-01
35260: 2.258427e+00 1.471910e+00 7.078652e-01 3.707865e-01 1.910112e-01
35260: 2.255556e+00 1.466667e+00 7.222222e-01 3.666667e-01 1.888889e-01
35260: 2.241758e+00 1.483516e+00 7.252747e-01 3.626374e-01 1.868132e-01
35260: 2.239130e+00 1.478261e+00 7.391304e-01 3.586957e-01 1.847826e-01
35260: 2.225806e+00 1.473118e+00 7.634409e-01 3.548387e-01 1.827957e-01
35260: 2.234043e+00 1.468085e+00 7.659574e-01 3.510638e-01 1.808511e-01
35260: 2.221053e+00 1.473684e+00 7.684211e-01 3.578947e-01 1.789474e-01
35260: 2.208333e+00 1.468750e+00 7.812500e-01 3.541667e-01 1.875000e-01
35260: 2.195876e+00 1.474227e+00 7.938144e-01 3.505155e-01 1.855670e-01
35260: 2.193878e+00 1.469388e+00 8.061224e-01 3.469388e-01 1.836735e-01
35260: 2.191919e+00 1.474747e+00 8.080808e-01 3.434343e-01 1.818182e-01
35260: 2.180000e+00 1.470000e+00 8.200000e-01 3.500000e-01 1.800000e-01
35260: 2.178218e+00 1.465347e+00 8.316832e-01 3.465347e-01 1.782178e-01
35260: 2.176471e+00 1.460784e+00 8.431373e-01 3.431373e-01 1.764706e-01
35260: 2.165049e+00 1.456311e+00 8.640777e-01 3.398058e-01 1.747573e-01
35260: 2.153846e+00 1.461538e+00 8.653846e-01 3.461538e-01 1.730769e-01
35260: 2.142857e+00 1.466667e+00 8.666667e-01 3.428571e-01 1.809524e-01
35260: 2.132075e+00 1.462264e+00 8.773585e-01 3.490566e-01 1.792453e-01
35260: 2.130841e+00 1.467290e+00 8.785047e-01 3.457944e-01 1.775701e-01
35260: 2.120370e+00 1.472222e+00 8.888889e-01 3.425926e-01 1.759259e-01
35260: 2.110092e+00 1.486239e+00 8.899083e-01 3.394495e-01 1.743119e-01
35260: 2.100000e+00 1.490909e+00 9.000000e-01 3.363636e-01 1.727273e-01
35260: 2.090090e+00 1.495495e+00 9.009009e-01 3.423423e-01 1.711712e-01
35260: 2.080357e+00 1.491071e+00 9.196429e-01 3.392857e-01 1.696429e-01
35260: 2.079646e+00 1.486726e+00 9.292035e-01 3.362832e-01 1.681416e-01
35260: 2.078947e+00 1.482456e+00 9.385965e-01 3.333333e-01 1.666667e-01
35260: 2.078261e+00 1.478261e+00 9.391304e-01 3.391304e-01 1.652174e-01
35260: 2.077586e+00 1.474138e+00 9.482759e-01 3.362069e-01 1.637931e-01
35260: 2.068376e+00 1.470085e+00 9.572650e-01 3.418803e-01 1.623932e-01
35260: 2.059322e+00 1.474576e+00 9.661017e-01 3.389831e-01 1.610169e-01
35260: 2.058824e+00 1.478992e+00 9.663866e-01 3.361345e-01 1.596639e-01
35260: 2.050000e+00 1.483333e+00 9.666667e-01 3.416667e-01 1.583333e-01
35260: 2.049587e+00 1.479339e+00 9.669421e-01 3.471074e-01 1.570248e-01
35260: 2.040984e+00 1.483607e+00 9.754098e-01 3.442623e-01 1.557377e-01
35260: 2.032520e+00 1.479675e+00 9.756098e-01 3.495935e-01 1.626016e-01
35260: 2.032258e+00 1.475806e+00 9.838710e-01 3.467742e-01 1.612903e-01
35260: 2.032000e+00 1.472000e+00 9.840000e-01 3.520000e-01 1.600000e-01
35260: 2.031746e+00 1.468254e+00 9.841270e-01 3.571429e-01 1.587302e-01
35260: 2.023622e+00 1.472441e+00 9.842520e-01 3.622047e-01 1.574803e-01
35260: 2.023438e+00 1.476562e+00 9.843750e-01 3.593750e-01 1.562500e-01
35260: 2.015504e+00 1.472868e+00 9.922481e-01 3.565891e-01 1.627907e-01
35260: 2.015385e+00 1.469231e+00 1.000000e+00 3.538462e-01 1.615385e-01
35260: 2.007634e+00 1.480916e+00 1.000000e+00 3.511450e-01 1.603053e-01
35260: 2.007576e+00 1.477273e+00 1.000000e+00 3.484848e-01 1.666667e-01
35260: 2.000000e+00 1.473684e+00 1.015038e+00 3.458647e-01 1.654135e-01
35260: 2.000000e+00 1.477612e+00 1.014925e+00 3.432836e-01 1.641791e-01
35260: 1.992593e+00 1.481481e+00 1.014815e+00 3.481481e-01 1.629630e-01
35260: 1.985294e+00 1.485294e+00 1.022059e+00 3.455882e-01 1.617647e-01
35260: 1.992701e+00 1.481752e+00 1.021898e+00 3.430657e-01 1.605839e-01
35260: 1.985507e+00 1.485507e+00 1.028986e+00 3.405797e-01 1.594203e-01
35260: 1.985612e+00 1.482014e+00 1.028777e+00 3.453237e-01 1.582734e-01
35260: 1.978571e+00 1.485714e+00 1.035714e+00 3.428571e-01 1.571429e-01
35260: 1.971631e+00 1.482270e+00 1.042553e+00 3.475177e-01 1.560284e-01
35260: 1.971831e+00 1.485915e+00 1.042254e+00 3.450704e-01 1.549296e-01
35260: 1.965035e+00 1.489510e+00 1.041958e+00 3.426573e-01 1.608392e-01
35260: 1.965278e+00 1.493056e+00 1.041667e+00 3.402778e-01 1.597222e-01
35260: 1.965517e+00 1.489655e+00 1.048276e+00 3.379310e-01 1.586207e-01
35260: 1.958904e+00 1.486301e+00 1.047945e+00 3.493151e-01 1.575342e-01
35260: 1.952381e+00 1.489796e+00 1.047619e+00 3.469388e-01 1.632653e-01
35260: 1.945946e+00 1.500000e+00 1.047297e+00 3.445946e-01 1.621622e-01
35260: 1.939597e+00 1.503356e+00 1.053691e+00 3.422819e-01 1.610738e-01
35260: 1.933333e+00 1.506667e+00 1.060000e+00 3.400000e-01 1.600000e-01
35260: 1.927152e+00 1.503311e+00 1.059603e+00 3.377483e-01 1.721854e-01
35260: 1.921053e+00 1.500000e+00 1.072368e+00 3.355263e-01 1.710526e-01
35260: 1.921569e+00 1.496732e+00 1.071895e+00 3.398693e-01 1.699346e-01
35260: 1.915584e+00 1.493506e+00 1.084416e+00 3.376623e-01 1.688312e-01
35260: 1.909677e+00 1.490323e+00 1.090323e+00 3.419355e-01 1.677419e-01
35260: 1.903846e+00 1.487179e+00 1.096154e+00 3.397436e-01 1.730769e-01
35260: 1.904459e+00 1.484076e+00 1.101911e+00 3.375796e-01 1.719745e-01
35260: 1.898734e+00 1.487342e+00 1.101266e+00 3.417722e-01 1.708861e-01
35260: 1.893082e+00 1.490566e+00 1.106918e+00 3.396226e-01 1.698113e-01
35260: 1.887500e+00 1.487500e+00 1.118750e+00 3.375000e-01 1.687500e-01
35260: 1.881988e+00 1.484472e+00 1.124224e+00 3.416149e-01 1.677019e-01
35260: 1.882716e+00 1.481481e+00 1.129630e+00 3.395062e-01 1.666667e-01
35260: 1.883436e+00 1.478528e+00 1.128834e+00 3.374233e-01 1.717791e-01
35260: 1.878049e+00 1.481707e+00 1.134146e+00 3.353659e-01 1.707317e-01
35260: 1.872727e+00 1.478788e+00 1.145455e+00 3.333333e-01 1.696970e-01
35260: 1.867470e+00 1.487952e+00 1.144578e+00 3.313253e-01 1.686747e-01
35260: 1.862275e+00 1.491018e+00 1.143713e+00 3.293413e-01 1.736527e-01
35260: 1.857143e+00 1.500000e+00 1.142857e+00 3.273810e-01 1.726190e-01
35260: 1.857988e+00 1.502959e+00 1.142012e+00 3.254438e-01 1.715976e-01
35260: 1.852941e+00 1.500000e+00 1.152941e+00 3.235294e-01 1.705882e-01
35260: 1.847953e+00 1.497076e+00 1.157895e+00 3.216374e-01 1.754386e-01
35260: 1.843023e+00 1.500000e+00 1.156977e+00 3.255814e-01 1.744186e-01
35260: 1.838150e+00 1.502890e+00 1.156069e+00 3.294798e-01 1.734104e-01
35260: 1.833333e+00 1.505747e+00 1.155172e+00 3.333333e-01 1.724138e-01
35260: 1.828571e+00 1.508571e+00 1.154286e+00 3.371429e-01 1.714286e-01
35260: 1.823864e+00 1.511364e+00 1.153409e+00 3.352273e-01 1.761364e-01
35260: 1.824859e+00 1.514124e+00 1.152542e+00 3.333333e-01 1.751412e-01
35260: 1.825843e+00 1.516854e+00 1.151685e+00 3.314607e-01 1.741573e-01
35260: 1.826816e+00 1.513966e+00 1.150838e+00 3.351955e-01 1.731844e-01
35260: 1.827778e+00 1.516667e+00 1.150000e+00 3.333333e-01 1.722222e-01
35260: 1.823204e+00 1.513812e+00 1.160221e+00 3.314917e-01 1.712707e-01
35260: 1.818681e+00 1.510989e+00 1.164835e+00 3.351648e-01 1.703297e-01
35260: 1.819672e+00 1.508197e+00 1.169399e+00 3.333333e-01 1.693989e-01
35260: 1.820652e+00 1.510870e+00 1.168478e+00 3.315217e-01 1.684783e-01
35260: 1.827027e+00 1.508108e+00 1.167568e+00 3.297297e-01 1.675676e-01
35260: 1.822581e+00 1.521505e+00 1.161290e+00 3.279570e-01 1.666667e-01
35260: 1.818182e+00 1.524064e+00 1.165775e+00 3.262032e-01 1.657754e-01
35260: 1.819149e+00 1.521277e+00 1.164894e+00 3.297872e-01 1.648936e-01
35260: 1.814815e+00 1.518519e+00 1.169312e+00 3.333333e-01 1.640212e-01
35260: 1.821053e+00 1.515789e+00 1.168421e+00 3.315789e-01 1.631579e-01
35260: 1.816754e+00 1.518325e+00 1.167539e+00 3.298429e-01 1.675393e-01
35260: 1.812500e+00 1.526042e+00 1.166667e+00 3.281250e-01 1.666667e-01
35260: 1.813472e+00 1.528497e+00 1.165803e+00 3.264249e-01 1.658031e-01
35260: 1.819588e+00 1.525773e+00 1.164948e+00 3.247423e-01 1.649485e-01
35260: 1.820513e+00 1.523077e+00 1.164103e+00 3.282051e-01 1.641026e-01
35260: 1.826531e+00 1.520408e+00 1.163265e+00 3.265306e-01 1.632653e-01
35260: 1.822335e+00 1.517766e+00 1.167513e+00 3.299492e-01 1.624365e-01
35260: 1.823232e+00 1.525253e+00 1.161616e+00 3.282828e-01 1.616162e-01
35260: 1.819095e+00 1.527638e+00 1.160804e+00 3.316583e-01 1.608040e-01
35260: 1.815000e+00 1.525000e+00 1.170000e+00 3.300000e-01 1.600000e-01
35260: 1.815920e+00 1.527363e+00 1.169154e+00 3.283582e-01 1.592040e-01
35260: 1.816832e+00 1.524752e+00 1.173267e+00 3.267327e-01 1.584158e-01
35260: 1.812808e+00 1.527094e+00 1.172414e+00 3.300493e-01 1.576355e-01
35260: 1.808824e+00 1.524510e+00 1.176471e+00 3.333333e-01 1.568627e-01
35260: 1.809756e+00 1.521951e+00 1.180488e+00 3.317073e-01 1.560976e-01
35260: 1.810680e+00 1.519417e+00 1.184466e+00 3.300971e-01 1.553398e-01
35260: 1.806763e+00 1.526570e+00 1.183575e+00 3.285024e-01 1.545894e-01
35260: 1.802885e+00 1.528846e+00 1.182692e+00 3.269231e-01 1.586538e-01
35260: 1.799043e+00 1.531100e+00 1.186603e+00 3.253589e-01 1.578947e-01
35260: 1.795238e+00 1.528571e+00 1.190476e+00 3.238095e-01 1.619048e-01
35260: 1.791469e+00 1.526066e+00 1.199052e+00 3.222749e-01 1.611374e-01
35260: 1.787736e+00 1.523585e+00 1.202830e+00 3.207547e-01 1.650943e-01
35260: 1.788732e+00 1.525822e+00 1.201878e+00 3.192488e-01 1.643192e-01
35260: 1.789720e+00 1.523364e+00 1.200935e+00 3.224299e-01 1.635514e-01
35260: 1.786047e+00 1.525581e+00 1.200000e+00 3.255814e-01 1.627907e-01
35260: 1.787037e+00 1.523148e+00 1.203704e+00 3.240741e-01 1.620370e-01
35260: 1.788018e+00 1.520737e+00 1.207373e+00 3.225806e-01 1.612903e-01
35260: 1.784404e+00 1.518349e+00 1.206422e+00 3.302752e-01 1.605505e-01
35260: 1.780822e+00 1.520548e+00 1.210046e+00 3.287671e-01 1.598174e-01
35260: 1.777273e+00 1.522727e+00 1.213636e+00 3.272727e-01 1.590909e-01
35260: 1.773756e+00 1.520362e+00 1.217195e+00 3.257919e-01 1.628959e-01
35260: 1.770270e+00 1.522523e+00 1.216216e+00 3.243243e-01 1.666667e-01
35260: 1.771300e+00 1.524664e+00 1.215247e+00 3.228700e-01 1.659193e-01
35260: 1.767857e+00 1.526786e+00 1.218750e+00 3.214286e-01 1.651786e-01
35260: 1.764444e+00 1.524444e+00 1.222222e+00 3.244444e-01 1.644444e-01
35260: 1.765487e+00 1.526549e+00 1.221239e+00 3.230088e-01 1.637168e-01
35260: 1.766520e+00 1.524229e+00 1.220264e+00 3.259912e-01 1.629956e-01
35260: 1.763158e+00 1.521930e+00 1.223684e+00 3.245614e-01 1.666667e-01
35260: 1.759825e+00 1.519651e+00 1.227074e+00 3.275109e-01 1.659389e-01
35260: 1.760870e+00 1.521739e+00 1.226087e+00 3.260870e-01 1.652174e-01
35260: 1.761905e+00 1.523810e+00 1.225108e+00 3.246753e-01 1.645022e-01
35260: 1.762931e+00 1.521552e+00 1.228448e+00 3.232759e-01 1.637931e-01
35260: 1.763948e+00 1.523605e+00 1.227468e+00 3.218884e-01 1.630901e-01
35260: 1.760684e+00 1.525641e+00 1.230769e+00 3.205128e-01 1.623932e-01
35260: 1.757447e+00 1.523404e+00 1.234043e+00 3.191489e-01 1.659574e-01
35260: 1.754237e+00 1.525424e+00 1.233051e+00 3.220339e-01 1.652542e-01
35260: 1.751055e+00 1.523207e+00 1.236287e+00 3.206751e-01 1.687764e-01
35260: 1.747899e+00 1.521008e+00 1.235294e+00 3.277311e-01 1.680672e-01
35260: 1.744770e+00 1.523013e+00 1.234310e+00 3.305439e-01 1.673640e-01
35260: 1.741667e+00 1.529167e+00 1.233333e+00 3.291667e-01 1.666667e-01
35260: 1.738589e+00 1.531120e+00 1.232365e+00 3.319502e-01 1.659751e-01
35260: 1.735537e+00 1.528926e+00 1.235537e+00 3.347107e-01 1.652893e-01
35260: 1.736626e+00 1.530864e+00 1.234568e+00 3.333333e-01 1.646091e-01
35260: 1.733607e+00 1.532787e+00 1.237705e+00 3.319672e-01 1.639344e-01
35260: 1.734694e+00 1.530612e+00 1.240816e+00 3.306122e-01 1.632653e-01
35260: 1.731707e+00 1.536585e+00 1.239837e+00 3.292683e-01 1.626016e-01
35260: 1.732794e+00 1.538462e+00 1.238866e+00 3.279352e-01 1.619433e-01
35260: 1.733871e+00 1.540323e+00 1.237903e+00 3.266129e-01 1.612903e-01
35260: 1.730924e+00 1.542169e+00 1.240964e+00 3.253012e-01 1.606426e-01
35260: 1.732000e+00 1.544000e+00 1.240000e+00 3.240000e-01 1.600000e-01
35260: 1.733068e+00 1.541833e+00 1.239044e+00 3.266932e-01 1.593625e-01
35260: 1.730159e+00 1.539683e+00 1.242063e+00 3.293651e-01 1.587302e-01
35260: 1.727273e+00 1.537549e+00 1.241107e+00 3.359684e-01 1.581028e-01
35260: 1.724409e+00 1.539370e+00 1.240157e+00 3.385827e-01 1.574803e-01
35260: 1.725490e+00 1.537255e+00 1.239216e+00 3.411765e-01 1.568627e-01
35260: 1.722656e+00 1.542969e+00 1.238281e+00 3.398438e-01 1.562500e-01
35260: 1.723735e+00 1.540856e+00 1.241245e+00 3.385214e-01 1.556420e-01
35260: 1.720930e+00 1.538760e+00 1.240310e+00 3.372093e-01 1.627907e-01
35260: 1.722008e+00 1.536680e+00 1.243243e+00 3.359073e-01 1.621622e-01
35260: 1.726923e+00 1.534615e+00 1.242308e+00 3.346154e-01 1.615385e-01
35260: 1.727969e+00 1.532567e+00 1.245211e+00 3.333333e-01 1.609195e-01
35260: 1.732824e+00 1.530534e+00 1.244275e+00 3.320611e-01 1.603053e-01
35260: 1.730038e+00 1.536122e+00 1.243346e+00 3.307985e-01 1.596958e-01
35260: 1.731061e+00 1.534091e+00 1.246212e+00 3.295455e-01 1.590909e-01
35260: 1.732075e+00 1.535849e+00 1.245283e+00 3.283019e-01 1.584906e-01
35260: 1.729323e+00 1.533835e+00 1.248120e+00 3.308271e-01 1.578947e-01
35260: 1.726592e+00 1.535581e+00 1.247191e+00 3.333333e-01 1.573034e-01
35260: 1.727612e+00 1.537313e+00 1.246269e+00 3.320896e-01 1.567164e-01
35260: 1.724907e+00 1.535316e+00 1.245353e+00 3.345725e-01 1.598513e-01
35260: 1.725926e+00 1.533333e+00 1.248148e+00 3.333333e-01 1.592593e-01
35260: 1.726937e+00 1.531365e+00 1.250923e+00 3.321033e-01 1.586716e-01
35260: 1.727941e+00 1.533088e+00 1.250000e+00 3.308824e-01 1.580882e-01
35260: 1.725275e+00 1.534799e+00 1.252747e+00 3.296703e-01 1.575092e-01
35260: 1.726277e+00 1.536496e+00 1.251825e+00 3.284672e-01 1.569343e-01
35260: 1.723636e+00 1.541818e+00 1.250909e+00 3.272727e-01 1.563636e-01
35260: 1.721014e+00 1.543478e+00 1.250000e+00 3.297101e-01 1.557971e-01
35260: 1.718412e+00 1.548736e+00 1.249097e+00 3.285199e-01 1.552347e-01
35260: 1.723022e+00 1.546763e+00 1.248201e+00 3.273381e-01 1.546763e-01
35260: 1.720430e+00 1.548387e+00 1.250896e+00 3.261649e-01 1.541219e-01
35260: 1.717857e+00 1.546429e+00 1.253571e+00 3.285714e-01 1.535714e-01
35260: 1.718861e+00 1.544484e+00 1.252669e+00 3.274021e-01 1.565836e-01
35260: 1.719858e+00 1.542553e+00 1.251773e+00 3.297872e-01 1.560284e-01
35260: 1.720848e+00 1.540636e+00 1.250883e+00 3.286219e-01 1.590106e-01
35260: 1.718310e+00 1.542254e+00 1.253521e+00 3.274648e-01 1.584507e-01
35260: 1.715789e+00 1.540351e+00 1.252632e+00 3.333333e-01 1.578947e-01
35260: 1.716783e+00 1.541958e+00 1.251748e+00 3.321678e-01 1.573427e-01
35260: 1.717770e+00 1.540070e+00 1.254355e+00 3.310105e-01 1.567944e-01
35260: 1.718750e+00 1.541667e+00 1.253472e+00 3.298611e-01 1.562500e-01
35260: 1.716263e+00 1.539792e+00 1.259516e+00 3.287197e-01 1.557093e-01
35260: 1.713793e+00 1.537931e+00 1.262069e+00 3.310345e-01 1.551724e-01
35260: 1.711340e+00 1.539519e+00 1.261168e+00 3.333333e-01 1.546392e-01
35260: 1.708904e+00 1.544521e+00 1.260274e+00 3.321918e-01 1.541096e-01
35260: 1.709898e+00 1.546075e+00 1.259386e+00 3.310580e-01 1.535836e-01
35260: 1.710884e+00 1.544218e+00 1.261905e+00 3.299320e-01 1.530612e-01
35260: 1.711864e+00 1.545763e+00 1.261017e+00 3.288136e-01 1.525424e-01
35260: 1.712838e+00 1.547297e+00 1.260135e+00 3.277027e-01 1.520270e-01
35260: 1.710438e+00 1.552189e+00 1.259259e+00 3.265993e-01 1.515152e-01
35260: 1.711409e+00 1.550336e+00 1.258389e+00 3.255034e-01 1.543624e-01
35260: 1.709030e+00 1.551839e+00 1.257525e+00 3.277592e-01 1.538462e-01
35260: 1.710000e+00 1.553333e+00 1.256667e+00 3.266667e-01 1.533333e-01
35260: 1.707641e+00 1.554817e+00 1.259136e+00 3.255814e-01 1.528239e-01
35260: 1.705298e+00 1.556291e+00 1.258278e+00 3.278146e-01 1.523179e-01
35260: 1.702970e+00 1.554455e+00 1.264026e+00 3.267327e-01 1.518152e-01
35260: 1.703947e+00 1.552632e+00 1.266447e+00 3.256579e-01 1.513158e-01
35260: 1.701639e+00 1.550820e+00 1.268852e+00 3.278689e-01 1.508197e-01
35260: 1.699346e+00 1.549020e+00 1.274510e+00 3.267974e-01 1.503268e-01
35260: 1.697068e+00 1.550489e+00 1.273616e+00 3.289902e-01 1.498371e-01
35260: 1.694805e+00 1.548701e+00 1.275974e+00 3.311688e-01 1.493506e-01
35260: 1.692557e+00 1.546926e+00 1.275081e+00 3.365696e-01 1.488673e-01
35260: 1.693548e+00 1.548387e+00 1.274194e+00 3.354839e-01 1.483871e-01
35260: 1.691318e+00 1.549839e+00 1.273312e+00 3.376206e-01 1.479100e-01
35260: 1.689103e+00 1.548077e+00 1.275641e+00 3.397436e-01 1.474359e-01
35260: 1.690096e+00 1.546326e+00 1.277955e+00 3.386581e-01 1.469649e-01
35260: 1.687898e+00 1.547771e+00 1.280255e+00 3.375796e-01 1.464968e-01
35260: 1.685714e+00 1.546032e+00 1.282540e+00 3.365079e-01 1.492063e-01
35260: 1.686709e+00 1.544304e+00 1.284810e+00 3.354430e-01 1.487342e-01
35260: 1.684543e+00 1.545741e+00 1.283912e+00 3.375394e-01 1.482650e-01
35260: 1.685535e+00 1.544025e+00 1.286164e+00 3.364780e-01 1.477987e-01
35260: 1.686520e+00 1.542320e+00 1.288401e+00 3.354232e-01 1.473354e-01
35260: 1.684375e+00 1.540625e+00 1.290625e+00 3.343750e-01 1.500000e-01
35260: 1.685358e+00 1.542056e+00 1.289720e+00 3.333333e-01 1.495327e-01
35260: 1.686335e+00 1.540373e+00 1.291925e+00 3.322981e-01 1.490683e-01
35260: 1.684211e+00 1.538700e+00 1.294118e+00 3.343653e-01 1.486068e-01
35260: 1.682099e+00 1.540123e+00 1.296296e+00 3.333333e-01 1.481481e-01
35260: 1.683077e+00 1.541538e+00 1.295385e+00 3.323077e-01 1.476923e-01
35260: 1.680982e+00 1.539877e+00 1.300613e+00 3.312883e-01 1.472393e-01
35260: 1.685015e+00 1.538226e+00 1.299694e+00 3.302752e-01 1.467890e-01
35260: 1.682927e+00 1.542683e+00 1.298780e+00 3.292683e-01 1.463415e-01
35260: 1.680851e+00 1.547112e+00 1.297872e+00 3.282675e-01 1.458967e-01
35260: 1.678788e+00 1.551515e+00 1.296970e+00 3.272727e-01 1.454545e-01
35260: 1.679758e+00 1.549849e+00 1.296073e+00 3.293051e-01 1.450151e-01
35260: 1.677711e+00 1.551205e+00 1.298193e+00 3.283133e-01 1.445783e-01
35260: 1.675676e+00 1.549550e+00 1.300300e+00 3.303303e-01 1.441441e-01
35260: 1.676647e+00 1.547904e+00 1.299401e+00 3.323353e-01 1.437126e-01
35260: 1.674627e+00 1.549254e+00 1.301493e+00 3.313433e-01 1.432836e-01
35260: 1.678571e+00 1.547619e+00 1.300595e+00 3.303571e-01 1.428571e-01
35260: 1.676558e+00 1.545994e+00 1.302671e+00 3.323442e-01 1.424332e-01
35260: 1.680473e+00 1.544379e+00 1.301775e+00 3.313609e-01 1.420118e-01
35260: 1.678466e+00 1.545723e+00 1.303835e+00 3.303835e-01 1.415929e-01
35260: 1.676471e+00 1.550000e+00 1.302941e+00 3.294118e-01 1.411765e-01
35260: 1.677419e+00 1.551320e+00 1.302053e+00 3.284457e-01 1.407625e-01
35260: 1.675439e+00 1.552632e+00 1.304094e+00 3.274854e-01 1.403509e-01
35260: 1.673469e+00 1.553936e+00 1.306122e+00 3.265306e-01 1.399417e-01
35260: 1.671512e+00 1.558140e+00 1.305233e+00 3.255814e-01 1.395349e-01
35260: 1.675362e+00 1.556522e+00 1.304348e+00 3.246377e-01 1.391304e-01
35260: 1.673410e+00 1.557803e+00 1.306358e+00 3.236994e-01 1.387283e-01
35260: 1.677233e+00 1.556196e+00 1.305476e+00 3.227666e-01 1.383285e-01
35260: 1.675287e+00 1.557471e+00 1.304598e+00 3.247126e-01 1.379310e-01
35260: 1.676218e+00 1.558739e+00 1.303725e+00 3.237822e-01 1.375358e-01
35260: 1.674286e+00 1.560000e+00 1.302857e+00 3.228571e-01 1.400000e-01
35260: 1.672365e+00 1.564103e+00 1.301994e+00 3.219373e-01 1.396011e-01
35260: 1.670455e+00 1.562500e+00 1.301136e+00 3.238636e-01 1.420455e-01
35260: 1.668555e+00 1.563739e+00 1.300283e+00 3.229462e-01 1.444759e-01
35260: 1.666667e+00 1.564972e+00 1.299435e+00 3.248588e-01 1.440678e-01
35260: 1.664789e+00 1.563380e+00 1.298592e+00 3.295775e-01 1.436620e-01
35260: 1.662921e+00 1.561798e+00 1.300562e+00 3.314607e-01 1.432584e-01
35260: 1.661064e+00 1.560224e+00 1.302521e+00 3.333333e-01 1.428571e-01
35260: 1.662011e+00 1.561453e+00 1.301676e+00 3.324022e-01 1.424581e-01
35260: 1.662953e+00 1.562674e+00 1.300836e+00 3.314763e-01 1.420613e-01
35260: 1.661111e+00 1.563889e+00 1.302778e+00 3.305556e-01 1.416667e-01
35260: 1.659280e+00 1.567867e+00 1.301939e+00 3.296399e-01 1.412742e-01
35260: 1.660221e+00 1.566298e+00 1.303867e+00 3.287293e-01 1.408840e-01
35260: 1.658402e+00 1.564738e+00 1.305785e+00 3.305785e-01 1.404959e-01
35260: 1.656593e+00 1.568681e+00 1.304945e+00 3.296703e-01 1.401099e-01
35260: 1.654795e+00 1.569863e+00 1.306849e+00 3.287671e-01 1.397260e-01
35260: 1.653005e+00 1.573770e+00 1.306011e+00 3.278689e-01 1.393443e-01
35260: 1.653951e+00 1.569482e+00 1.307902e+00 3.297003e-01 1.389646e-01
35260: 1.652174e+00 1.570652e+00 1.307065e+00 3.288043e-01 1.413043e-01
35260: 1.653117e+00 1.571816e+00 1.306233e+00 3.279133e-01 1.409214e-01
35260: 1.651351e+00 1.570270e+00 1.310811e+00 3.270270e-01 1.405405e-01
35260: 1.649596e+00 1.568733e+00 1.312668e+00 3.288410e-01 1.401617e-01
35260: 1.650538e+00 1.567204e+00 1.314516e+00 3.279570e-01 1.397849e-01
35260: 1.651475e+00 1.565684e+00 1.316354e+00 3.270777e-01 1.394102e-01
35260: 1.652406e+00 1.564171e+00 1.318182e+00 3.262032e-01 1.390374e-01
35260: 1.653333e+00 1.565333e+00 1.317333e+00 3.253333e-01 1.386667e-01
35260: 1.651596e+00 1.563830e+00 1.319149e+00 3.244681e-01 1.409574e-01
35260: 1.649867e+00 1.562334e+00 1.320955e+00 3.236074e-01 1.432361e-01
35260: 1.648148e+00 1.560847e+00 1.320106e+00 3.253968e-01 1.455026e-01
35260: 1.646438e+00 1.562005e+00 1.321900e+00 3.245383e-01 1.451187e-01
35260: 1.644737e+00 1.565789e+00 1.321053e+00 3.236842e-01 1.447368e-01
35260: 1.643045e+00 1.569554e+00 1.320210e+00 3.228346e-01 1.443570e-01
35260: 1.643979e+00 1.568063e+00 1.321990e+00 3.219895e-01 1.439791e-01
35260: 1.644909e+00 1.566580e+00 1.323760e+00 3.211488e-01 1.436031e-01
35260: 1.645833e+00 1.565104e+00 1.325521e+00 3.203125e-01 1.432292e-01
35260: 1.644156e+00 1.563636e+00 1.327273e+00 3.220779e-01 1.428571e-01
35260: 1.642487e+00 1.564767e+00 1.326425e+00 3.212435e-01 1.450777e-01
35260: 1.640827e+00 1.565891e+00 1.328165e+00 3.204134e-01 1.447028e-01
35260: 1.641753e+00 1.564433e+00 1.329897e+00 3.195876e-01 1.443299e-01
35260: 1.640103e+00 1.568123e+00 1.329049e+00 3.187661e-01 1.439589e-01
35260: 1.638462e+00 1.569231e+00 1.330769e+00 3.179487e-01 1.435897e-01
35260: 1.636829e+00 1.567775e+00 1.332481e+00 3.171355e-01 1.457801e-01
35260: 1.635204e+00 1.568878e+00 1.331633e+00 3.188776e-01 1.454082e-01
35260: 1.636132e+00 1.569975e+00 1.330789e+00 3.180662e-01 1.450382e-01
35260: 1.637056e+00 1.568528e+00 1.332487e+00 3.172589e-01 1.446701e-01
35260: 1.635443e+00 1.567089e+00 1.331646e+00 3.164557e-01 1.493671e-01
35260: 1.636364e+00 1.565657e+00 1.333333e+00 3.156566e-01 1.489899e-01
35260: 1.634761e+00 1.566751e+00 1.332494e+00 3.173804e-01 1.486146e-01
35260: 1.633166e+00 1.565327e+00 1.331658e+00 3.190955e-01 1.507538e-01
35260: 1.634085e+00 1.563910e+00 1.330827e+00 3.182957e-01 1.528822e-01
35260: 1.632500e+00 1.565000e+00 1.332500e+00 3.175000e-01 1.525000e-01
35260: 1.630923e+00 1.563591e+00 1.336658e+00 3.167082e-01 1.521197e-01
35260: 1.631841e+00 1.564677e+00 1.335821e+00 3.159204e-01 1.517413e-01
35260: 1.630273e+00 1.568238e+00 1.334988e+00 3.151365e-01 1.513648e-01
35260: 1.628713e+00 1.569307e+00 1.334158e+00 3.168317e-01 1.509901e-01
35260: 1.627160e+00 1.567901e+00 1.338272e+00 3.160494e-01 1.506173e-01
35260: 1.625616e+00 1.568966e+00 1.337438e+00 3.152709e-01 1.527094e-01
35260: 1.624079e+00 1.570025e+00 1.336609e+00 3.169533e-01 1.523342e-01
35260: 1.627451e+00 1.566176e+00 1.338235e+00 3.161765e-01 1.519608e-01
35260: 1.628362e+00 1.567237e+00 1.337408e+00 3.154034e-01 1.515892e-01
35260: 1.629268e+00 1.565854e+00 1.339024e+00 3.146341e-01 1.512195e-01
35260: 1.630170e+00 1.564477e+00 1.338200e+00 3.163017e-01 1.508516e-01
35260: 1.628641e+00 1.567961e+00 1.337379e+00 3.155340e-01 1.504854e-01
35260: 1.627119e+00 1.566586e+00 1.338983e+00 3.171913e-01 1.501211e-01
35260: 1.630435e+00 1.565217e+00 1.338164e+00 3.164251e-01 1.497585e-01
35260: 1.628916e+00 1.563855e+00 1.337349e+00 3.204819e-01 1.493976e-01
35260: 1.629808e+00 1.562500e+00 1.338942e+00 3.197115e-01 1.490385e-01
35260: 1.630695e+00 1.563549e+00 1.338129e+00 3.189448e-01 1.486811e-01
35260: 1.631579e+00 1.562201e+00 1.337321e+00 3.205742e-01 1.483254e-01
35260: 1.630072e+00 1.565632e+00 1.334129e+00 3.221957e-01 1.479714e-01
35260: 1.628571e+00 1.566667e+00 1.335714e+00 3.214286e-01 1.476190e-01
35260: 1.629454e+00 1.565321e+00 1.334917e+00 3.230404e-01 1.472684e-01
35260: 1.627962e+00 1.568720e+00 1.334123e+00 3.222749e-01 1.469194e-01
35260: 1.626478e+00 1.569740e+00 1.333333e+00 3.238771e-01 1.465721e-01
35260: 1.627358e+00 1.568396e+00 1.332547e+00 3.231132e-01 1.485849e-01
35260: 1.630588e+00 1.567059e+00 1.331765e+00 3.223529e-01 1.482353e-01
35260: 1.629108e+00 1.565728e+00 1.333333e+00 3.239437e-01 1.478873e-01
35260: 1.627635e+00 1.564403e+00 1.337237e+00 3.231850e-01 1.475410e-01
35260: 1.630841e+00 1.563084e+00 1.336449e+00 3.224299e-01 1.471963e-01
35260: 1.631702e+00 1.561772e+00 1.335664e+00 3.240093e-01 1.468531e-01
35260: 1.630233e+00 1.560465e+00 1.337209e+00 3.255814e-01 1.465116e-01
35260: 1.628770e+00 1.561485e+00 1.336427e+00 3.248260e-01 1.484919e-01
35260: 1.629630e+00 1.560185e+00 1.335648e+00 3.240741e-01 1.504630e-01
35260: 1.628176e+00 1.558891e+00 1.334873e+00 3.233256e-01 1.547344e-01
35260: 1.629032e+00 1.557604e+00 1.336406e+00 3.225806e-01 1.543779e-01
35260: 1.629885e+00 1.558621e+00 1.335632e+00 3.218391e-01 1.540230e-01
35260: 1.628440e+00 1.557339e+00 1.337156e+00 3.233945e-01 1.536697e-01
35260: 1.627002e+00 1.560641e+00 1.336384e+00 3.226545e-01 1.533181e-01
35260: 1.625571e+00 1.561644e+00 1.335616e+00 3.242009e-01 1.529680e-01
35260: 1.626424e+00 1.560364e+00 1.337130e+00 3.234624e-01 1.526196e-01
35260: 1.627273e+00 1.559091e+00 1.338636e+00 3.227273e-01 1.522727e-01
35260: 1.625850e+00 1.557823e+00 1.340136e+00 3.242630e-01 1.519274e-01
35260: 1.626697e+00 1.556561e+00 1.341629e+00 3.235294e-01 1.515837e-01
35260: 1.627540e+00 1.555305e+00 1.343115e+00 3.227991e-01 1.512415e-01
35260: 1.626126e+00 1.556306e+00 1.344595e+00 3.220721e-01 1.509009e-01
35260: 1.626966e+00 1.555056e+00 1.343820e+00 3.235955e-01 1.505618e-01
35260: 1.627803e+00 1.553812e+00 1.345291e+00 3.228700e-01 1.502242e-01
35260: 1.628635e+00 1.554810e+00 1.342282e+00 3.243848e-01 1.498881e-01
35260: 1.627232e+00 1.553571e+00 1.343750e+00 3.258929e-01 1.495536e-01
35260: 1.628062e+00 1.552339e+00 1.342984e+00 3.273942e-01 1.492205e-01
35260: 1.626667e+00 1.551111e+00 1.344444e+00 3.266667e-01 1.511111e-01
35260: 1.627494e+00 1.549889e+00 1.345898e+00 3.259424e-01 1.507761e-01
35260: 1.626106e+00 1.553097e+00 1.345133e+00 3.252212e-01 1.504425e-01
35260: 1.624724e+00 1.554084e+00 1.344371e+00 3.267108e-01 1.501104e-01
35260: 1.625551e+00 1.552863e+00 1.345815e+00 3.259912e-01 1.497797e-01
35260: 1.624176e+00 1.553846e+00 1.345055e+00 3.252747e-01 1.516484e-01
35260: 1.622807e+00 1.554825e+00 1.344298e+00 3.267544e-01 1.513158e-01
35260: 1.621444e+00 1.555799e+00 1.345733e+00 3.260394e-01 1.509847e-01
35260: 1.620087e+00 1.556769e+00 1.347162e+00 3.253275e-01 1.506550e-01
35260: 1.620915e+00 1.555556e+00 1.348584e+00 3.246187e-01 1.503268e-01
35260: 1.619565e+00 1.556522e+00 1.347826e+00 3.239130e-01 1.521739e-01
35260: 1.618221e+00 1.555315e+00 1.349241e+00 3.232104e-01 1.540130e-01
35260: 1.616883e+00 1.554113e+00 1.350649e+00 3.246753e-01 1.536797e-01
35260: 1.617711e+00 1.555076e+00 1.349892e+00 3.239741e-01 1.533477e-01
35260: 1.618534e+00 1.553879e+00 1.351293e+00 3.232759e-01 1.530172e-01
35260: 1.617204e+00 1.552688e+00 1.354839e+00 3.225806e-01 1.526882e-01
35260: 1.618026e+00 1.553648e+00 1.351931e+00 3.240343e-01 1.523605e-01
35260: 1.616702e+00 1.554604e+00 1.351178e+00 3.233405e-01 1.541756e-01
35260: 1.617521e+00 1.553419e+00 1.352564e+00 3.226496e-01 1.538462e-01
35260: 1.616205e+00 1.552239e+00 1.353945e+00 3.219616e-01 1.556503e-01
35260: 1.614894e+00 1.551064e+00 1.357447e+00 3.212766e-01 1.553191e-01
35260: 1.613588e+00 1.549894e+00 1.358811e+00 3.227176e-01 1.549894e-01
35260: 1.614407e+00 1.550847e+00 1.358051e+00 3.220339e-01 1.546610e-01
35260: 1.615222e+00 1.551797e+00 1.357294e+00 3.213531e-01 1.543340e-01
35260: 1.613924e+00 1.550633e+00 1.358650e+00 3.227848e-01 1.540084e-01
35260: 1.614737e+00 1.551579e+00 1.357895e+00 3.221053e-01 1.536842e-01
35260: 1.615546e+00 1.550420e+00 1.359244e+00 3.214286e-01 1.533613e-01
35260: 1.618449e+00 1.549266e+00 1.358491e+00 3.207547e-01 1.530398e-01
35260: 1.619247e+00 1.548117e+00 1.357741e+00 3.221757e-01 1.527197e-01
35260: 1.617954e+00 1.546973e+00 1.361169e+00 3.215031e-01 1.524008e-01
35260: 1.618750e+00 1.545833e+00 1.360417e+00 3.208333e-01 1.541667e-01
35260: 1.617464e+00 1.546778e+00 1.359667e+00 3.201663e-01 1.559252e-01
35260: 1.618257e+00 1.545643e+00 1.360996e+00 3.195021e-01 1.556017e-01
35260: 1.616977e+00 1.546584e+00 1.362319e+00 3.188406e-01 1.552795e-01
35260: 1.617769e+00 1.547521e+00 1.361570e+00 3.181818e-01 1.549587e-01
35260: 1.618557e+00 1.548454e+00 1.360825e+00 3.175258e-01 1.546392e-01
35260: 1.619342e+00 1.549383e+00 1.360082e+00 3.168724e-01 1.543210e-01
35260: 1.622177e+00 1.548255e+00 1.359343e+00 3.162218e-01 1.540041e-01
35260: 1.620902e+00 1.549180e+00 1.360656e+00 3.155738e-01 1.536885e-01
35260: 1.619632e+00 1.548057e+00 1.364008e+00 3.149284e-01 1.533742e-01
35260: 1.620408e+00 1.546939e+00 1.363265e+00 3.163265e-01 1.530612e-01
35260: 1.619145e+00 1.547862e+00 1.362525e+00 3.177189e-01 1.527495e-01
35260: 1.619919e+00 1.546748e+00 1.361789e+00 3.191057e-01 1.524390e-01
35260: 1.618661e+00 1.547667e+00 1.363083e+00 3.184584e-01 1.521298e-01
35260: 1.617409e+00 1.548583e+00 1.364372e+00 3.178138e-01 1.518219e-01
35260: 1.616162e+00 1.549495e+00 1.363636e+00 3.171717e-01 1.535354e-01
35260: 1.614919e+00 1.548387e+00 1.362903e+00 3.165323e-01 1.572581e-01
35260: 1.613682e+00 1.547284e+00 1.364185e+00 3.179074e-01 1.569416e-01
35260: 1.614458e+00 1.548193e+00 1.363454e+00 3.172691e-01 1.566265e-01
35260: 1.615230e+00 1.547094e+00 1.362725e+00 3.186373e-01 1.563126e-01
35260: 1.614000e+00 1.546000e+00 1.362000e+00 3.200000e-01 1.580000e-01
35260: 1.612774e+00 1.546906e+00 1.363273e+00 3.193613e-01 1.576846e-01
35260: 1.611554e+00 1.549801e+00 1.362550e+00 3.187251e-01 1.573705e-01
35260: 1.612326e+00 1.548708e+00 1.363817e+00 3.180915e-01 1.570577e-01
35260: 1.611111e+00 1.549603e+00 1.363095e+00 3.194444e-01 1.567460e-01
35260: 1.609901e+00 1.548515e+00 1.364356e+00 3.207921e-01 1.564356e-01
35260: 1.608696e+00 1.551383e+00 1.363636e+00 3.201581e-01 1.561265e-01
35260: 1.611440e+00 1.550296e+00 1.362919e+00 3.195266e-01 1.558185e-01
35260: 1.610236e+00 1.549213e+00 1.366142e+00 3.188976e-01 1.555118e-01
35260: 1.611002e+00 1.548134e+00 1.365422e+00 3.202358e-01 1.552063e-01
35260: 1.611765e+00 1.549020e+00 1.364706e+00 3.196078e-01 1.549020e-01
35260: 1.614481e+00 1.547945e+00 1.363992e+00 3.189824e-01 1.545988e-01
35260: 1.613281e+00 1.550781e+00 1.363281e+00 3.183594e-01 1.542969e-01
35260: 1.614035e+00 1.549708e+00 1.364522e+00 3.177388e-01 1.539961e-01
35260: 1.612840e+00 1.552529e+00 1.363813e+00 3.171206e-01 1.536965e-01
35260: 1.611650e+00 1.551456e+00 1.366990e+00 3.165049e-01 1.533981e-01
35260: 1.612403e+00 1.552326e+00 1.366279e+00 3.158915e-01 1.531008e-01
35260: 1.613153e+00 1.553191e+00 1.363636e+00 3.152805e-01 1.547389e-01
35260: 1.611969e+00 1.552124e+00 1.362934e+00 3.166023e-01 1.563707e-01
35260: 1.612717e+00 1.552987e+00 1.362235e+00 3.159923e-01 1.560694e-01
35260: 1.611538e+00 1.553846e+00 1.363462e+00 3.153846e-01 1.557692e-01
35260: 1.610365e+00 1.552783e+00 1.362764e+00 3.186180e-01 1.554702e-01
35260: 1.611111e+00 1.551724e+00 1.363985e+00 3.180077e-01 1.551724e-01
35260: 1.609943e+00 1.552581e+00 1.365201e+00 3.173996e-01 1.548757e-01
35260: 1.610687e+00 1.553435e+00 1.364504e+00 3.167939e-01 1.545802e-01
35260: 1.611429e+00 1.552381e+00 1.363810e+00 3.180952e-01 1.542857e-01
35260: 1.612167e+00 1.551331e+00 1.365019e+00 3.174905e-01 1.539924e-01
35260: 1.611006e+00 1.552182e+00 1.364326e+00 3.187856e-01 1.537002e-01
35260: 1.613636e+00 1.551136e+00 1.363636e+00 3.181818e-01 1.534091e-01
35260: 1.612476e+00 1.550095e+00 1.366730e+00 3.175803e-01 1.531191e-01
35260: 1.611321e+00 1.549057e+00 1.367925e+00 3.188679e-01 1.528302e-01
35260: 1.610169e+00 1.549906e+00 1.369115e+00 3.182674e-01 1.525424e-01
35260: 1.609023e+00 1.548872e+00 1.370301e+00 3.195489e-01 1.522556e-01
35260: 1.607880e+00 1.547842e+00 1.373358e+00 3.189493e-01 1.519700e-01
35260: 1.606742e+00 1.550562e+00 1.372659e+00 3.183521e-01 1.516854e-01
35260: 1.609346e+00 1.549533e+00 1.371963e+00 3.177570e-01 1.514019e-01
35260: 1.610075e+00 1.548507e+00 1.371269e+00 3.190299e-01 1.511194e-01
35260: 1.608939e+00 1.551210e+00 1.370577e+00 3.184358e-01 1.508380e-01
35260: 1.607807e+00 1.552045e+00 1.371747e+00 3.178439e-01 1.505576e-01
35260: 1.606679e+00 1.554731e+00 1.371058e+00 3.172542e-01 1.502783e-01
35260: 1.607407e+00 1.553704e+00 1.372222e+00 3.166667e-01 1.500000e-01
35260: 1.606285e+00 1.554529e+00 1.371534e+00 3.160813e-01 1.515712e-01
35260: 1.607011e+00 1.553506e+00 1.372694e+00 3.154982e-01 1.512915e-01
35260: 1.607735e+00 1.552486e+00 1.373849e+00 3.149171e-01 1.510129e-01
35260: 1.606618e+00 1.553309e+00 1.375000e+00 3.143382e-01 1.507353e-01
35260: 1.605505e+00 1.555963e+00 1.374312e+00 3.137615e-01 1.504587e-01
35260: 1.606227e+00 1.556777e+00 1.373626e+00 3.131868e-01 1.501832e-01
35260: 1.605119e+00 1.555759e+00 1.374771e+00 3.126143e-01 1.517367e-01
35260: 1.604015e+00 1.554745e+00 1.377737e+00 3.120438e-01 1.514599e-01
35260: 1.604736e+00 1.553734e+00 1.377049e+00 3.114754e-01 1.530055e-01
35260: 1.605455e+00 1.552727e+00 1.376364e+00 3.127273e-01 1.527273e-01
35260: 1.604356e+00 1.555354e+00 1.375681e+00 3.121597e-01 1.524501e-01
35260: 1.605072e+00 1.556159e+00 1.375000e+00 3.115942e-01 1.521739e-01
35260: 1.603978e+00 1.556962e+00 1.376130e+00 3.110307e-01 1.518987e-01
35260: 1.606498e+00 1.555957e+00 1.375451e+00 3.104693e-01 1.516245e-01
35260: 1.605405e+00 1.556757e+00 1.374775e+00 3.117117e-01 1.513514e-01
35260: 1.604317e+00 1.555755e+00 1.377698e+00 3.111511e-01 1.510791e-01
35260: 1.603232e+00 1.556553e+00 1.378815e+00 3.105925e-01 1.508079e-01
35260: 1.603943e+00 1.557348e+00 1.378136e+00 3.100358e-01 1.505376e-01
35260: 1.602862e+00 1.558140e+00 1.377460e+00 3.112701e-01 1.502683e-01
35260: 1.601786e+00 1.558929e+00 1.378571e+00 3.107143e-01 1.500000e-01
35260: 1.602496e+00 1.557932e+00 1.377897e+00 3.119430e-01 1.497326e-01
35260: 1.603203e+00 1.556940e+00 1.377224e+00 3.131673e-01 1.494662e-01
35260: 1.603908e+00 1.557726e+00 1.376554e+00 3.126110e-01 1.492007e-01
35260: 1.602837e+00 1.556738e+00 1.379433e+00 3.120567e-01 1.489362e-01
35260: 1.601770e+00 1.555752e+00 1.380531e+00 3.132743e-01 1.486726e-01
35260: 1.602473e+00 1.556537e+00 1.379859e+00 3.127208e-01 1.484099e-01
35260: 1.603175e+00 1.555556e+00 1.379189e+00 3.139330e-01 1.481481e-01
35260: 1.602113e+00 1.554577e+00 1.380282e+00 3.133803e-01 1.496479e-01
35260: 1.602812e+00 1.553603e+00 1.381371e+00 3.128295e-01 1.493849e-01
35260: 1.601754e+00 1.552632e+00 1.382456e+00 3.140351e-01 1.491228e-01
35260: 1.602452e+00 1.551664e+00 1.381786e+00 3.134851e-01 1.506130e-01
35260: 1.603147e+00 1.550699e+00 1.381119e+00 3.129371e-01 1.520979e-01
35260: 1.602094e+00 1.551483e+00 1.382199e+00 3.123909e-01 1.518325e-01
35260: 1.604530e+00 1.550523e+00 1.381533e+00 3.118467e-01 1.515679e-01
35260: 1.603478e+00 1.549565e+00 1.384348e+00 3.113043e-01 1.513043e-01
35260: 1.602431e+00 1.550347e+00 1.383681e+00 3.107639e-01 1.527778e-01
35260: 1.601386e+00 1.551127e+00 1.384749e+00 3.102253e-01 1.525130e-01
35260: 1.602076e+00 1.551903e+00 1.384083e+00 3.096886e-01 1.522491e-01
35260: 1.601036e+00 1.552677e+00 1.383420e+00 3.108808e-01 1.519862e-01
35260: 1.600000e+00 1.551724e+00 1.386207e+00 3.103448e-01 1.517241e-01
35260: 1.598967e+00 1.550775e+00 1.387263e+00 3.115318e-01 1.514630e-01
35260: 1.597938e+00 1.553265e+00 1.386598e+00 3.109966e-01 1.512027e-01
35260: 1.596913e+00 1.554031e+00 1.387650e+00 3.104631e-01 1.509434e-01
35260: 1.595890e+00 1.553082e+00 1.388699e+00 3.099315e-01 1.523973e-01
35260: 1.594872e+00 1.553846e+00 1.388034e+00 3.111111e-01 1.521368e-01
35260: 1.597270e+00 1.552901e+00 1.387372e+00 3.105802e-01 1.518771e-01
35260: 1.597956e+00 1.551959e+00 1.386712e+00 3.100511e-01 1.533220e-01
35260: 1.596939e+00 1.551020e+00 1.389456e+00 3.095238e-01 1.530612e-01
35260: 1.597623e+00 1.551783e+00 1.387097e+00 3.089983e-01 1.544992e-01
35260: 1.598305e+00 1.550847e+00 1.386441e+00 3.084746e-01 1.559322e-01
35260: 1.597293e+00 1.551607e+00 1.385787e+00 3.096447e-01 1.556684e-01
35260: 1.596284e+00 1.550676e+00 1.386824e+00 3.108108e-01 1.554054e-01
35260: 1.596965e+00 1.549747e+00 1.386172e+00 3.119730e-01 1.551433e-01
35260: 1.597643e+00 1.550505e+00 1.385522e+00 3.114478e-01 1.548822e-01
35260: 1.596639e+00 1.551261e+00 1.386555e+00 3.109244e-01 1.546218e-01
35260: 1.595638e+00 1.550336e+00 1.389262e+00 3.104027e-01 1.543624e-01
35260: 1.596315e+00 1.549414e+00 1.390285e+00 3.098827e-01 1.541039e-01
35260: 1.596990e+00 1.551839e+00 1.387960e+00 3.093645e-01 1.538462e-01
35260: 1.597663e+00 1.550918e+00 1.388982e+00 3.088481e-01 1.535893e-01
35260: 1.600000e+00 1.550000e+00 1.388333e+00 3.083333e-01 1.533333e-01
35260: 1.599002e+00 1.550749e+00 1.387687e+00 3.094842e-01 1.530782e-01
35260: 1.599668e+00 1.549834e+00 1.388704e+00 3.089701e-01 1.528239e-01
35260: 1.600332e+00 1.548922e+00 1.389718e+00 3.084577e-01 1.525705e-01
35260: 1.599338e+00 1.548013e+00 1.392384e+00 3.079470e-01 1.523179e-01
35260: 1.598347e+00 1.547107e+00 1.395041e+00 3.074380e-01 1.520661e-01
35260: 1.600660e+00 1.546205e+00 1.394389e+00 3.069307e-01 1.518152e-01
35260: 1.599671e+00 1.546952e+00 1.393740e+00 3.080725e-01 1.515651e-01
35260: 1.598684e+00 1.547697e+00 1.394737e+00 3.075658e-01 1.513158e-01
35260: 1.597701e+00 1.550082e+00 1.394089e+00 3.070608e-01 1.510673e-01
35260: 1.598361e+00 1.549180e+00 1.393443e+00 3.081967e-01 1.508197e-01
35260: 1.599018e+00 1.548282e+00 1.394435e+00 3.076923e-01 1.505728e-01
35260: 1.598039e+00 1.547386e+00 1.395425e+00 3.071895e-01 1.519608e-01
35260: 1.597064e+00 1.546493e+00 1.396411e+00 3.083197e-01 1.517129e-01
35260: 1.596091e+00 1.545603e+00 1.395765e+00 3.094463e-01 1.530945e-01
35260: 1.598374e+00 1.544715e+00 1.395122e+00 3.089431e-01 1.528455e-01
35260: 1.599026e+00 1.545455e+00 1.394481e+00 3.084416e-01 1.525974e-01
35260: 1.601297e+00 1.544571e+00 1.393841e+00 3.079417e-01 1.523501e-01
35260: 1.600324e+00 1.545307e+00 1.394822e+00 3.074434e-01 1.521036e-01
35260: 1.600969e+00 1.544426e+00 1.395800e+00 3.069467e-01 1.518578e-01
35260: 1.601613e+00 1.543548e+00 1.395161e+00 3.064516e-01 1.532258e-01
35260: 1.600644e+00 1.544283e+00 1.396135e+00 3.059581e-01 1.529791e-01
35260: 1.599678e+00 1.545016e+00 1.397106e+00 3.054662e-01 1.527331e-01
35260: 1.601926e+00 1.544141e+00 1.396469e+00 3.049759e-01 1.524880e-01
35260: 1.600962e+00 1.543269e+00 1.399038e+00 3.044872e-01 1.522436e-01
35260: 1.600000e+00 1.544000e+00 1.400000e+00 3.040000e-01 1.520000e-01
35260: 1.600639e+00 1.544728e+00 1.399361e+00 3.035144e-01 1.517572e-01
35260: 1.602871e+00 1.543860e+00 1.398724e+00 3.030303e-01 1.515152e-01
35260: 1.603503e+00 1.542994e+00 1.399682e+00 3.025478e-01 1.512739e-01
35260: 1.602544e+00 1.545310e+00 1.399046e+00 3.020668e-01 1.510334e-01
35260: 1.601587e+00 1.544444e+00 1.401587e+00 3.015873e-01 1.507937e-01
35260: 1.602219e+00 1.543582e+00 1.402536e+00 3.011094e-01 1.505547e-01
35260: 1.601266e+00 1.545886e+00 1.401899e+00 3.006329e-01 1.503165e-01
35260: 1.600316e+00 1.546603e+00 1.402844e+00 3.001580e-01 1.500790e-01
35260: 1.602524e+00 1.545741e+00 1.402208e+00 2.996845e-01 1.498423e-01
35260: 1.601575e+00 1.546457e+00 1.401575e+00 3.007874e-01 1.496063e-01
35260: 1.600629e+00 1.545597e+00 1.402516e+00 3.003145e-01 1.509434e-01
35260: 1.601256e+00 1.544741e+00 1.403454e+00 2.998430e-01 1.507064e-01
35260: 1.601881e+00 1.543887e+00 1.404389e+00 2.993730e-01 1.504702e-01
35260: 1.600939e+00 1.544601e+00 1.403756e+00 2.989045e-01 1.517997e-01
35260: 1.600000e+00 1.545313e+00 1.403125e+00 3.000000e-01 1.515625e-01
35260: 1.600624e+00 1.544462e+00 1.404056e+00 2.995320e-01 1.513261e-01
35260: 1.599688e+00 1.546729e+00 1.403427e+00 2.990654e-01 1.510903e-01
35260: 1.598756e+00 1.547434e+00 1.402799e+00 3.001555e-01 1.508554e-01
35260: 1.597826e+00 1.548137e+00 1.403727e+00 2.996894e-01 1.506211e-01
35260: 1.598450e+00 1.547287e+00 1.404651e+00 2.992248e-01 1.503876e-01
35260: 1.597523e+00 1.547988e+00 1.405573e+00 2.987616e-01 1.501548e-01
35260: 1.596600e+00 1.550232e+00 1.404946e+00 2.982998e-01 1.499227e-01
35260: 1.595679e+00 1.550926e+00 1.404321e+00 2.978395e-01 1.512346e-01
35260: 1.596302e+00 1.551618e+00 1.403698e+00 2.973806e-01 1.510015e-01
35260: 1.595385e+00 1.550769e+00 1.406154e+00 2.969231e-01 1.507692e-01
35260: 1.594470e+00 1.552995e+00 1.405530e+00 2.964670e-01 1.505376e-01
35260: 1.593558e+00 1.552147e+00 1.407975e+00 2.960123e-01 1.503067e-01
35260: 1.592649e+00 1.554364e+00 1.407351e+00 2.955590e-01 1.500766e-01
35260: 1.591743e+00 1.553517e+00 1.409786e+00 2.951070e-01 1.498471e-01
35260: 1.592366e+00 1.552672e+00 1.409160e+00 2.961832e-01 1.496183e-01
35260: 1.591463e+00 1.553354e+00 1.410061e+00 2.957317e-01 1.493902e-01
35260: 1.592085e+00 1.552511e+00 1.409437e+00 2.968037e-01 1.491629e-01
35260: 1.592705e+00 1.551672e+00 1.410334e+00 2.963526e-01 1.489362e-01
35260: 1.591806e+00 1.552352e+00 1.409712e+00 2.974203e-01 1.487102e-01
35260: 1.590909e+00 1.553030e+00 1.410606e+00 2.969697e-01 1.484848e-01
35260: 1.590015e+00 1.552194e+00 1.413011e+00 2.965204e-01 1.482602e-01
35260: 1.592145e+00 1.551360e+00 1.412387e+00 2.960725e-01 1.480363e-01
35260: 1.591252e+00 1.552036e+00 1.411765e+00 2.971342e-01 1.478130e-01
35260: 1.590361e+00 1.552711e+00 1.411145e+00 2.981928e-01 1.475904e-01
35260: 1.590977e+00 1.551880e+00 1.412030e+00 2.977444e-01 1.473684e-01
35260: 1.591592e+00 1.552553e+00 1.411411e+00 2.972973e-01 1.471471e-01
35260: 1.590705e+00 1.554723e+00 1.409295e+00 2.983508e-01 1.469265e-01
35260: 1.589820e+00 1.555389e+00 1.410180e+00 2.979042e-01 1.467066e-01
35260: 1.588939e+00 1.556054e+00 1.409567e+00 2.989537e-01 1.464873e-01
35260: 1.588060e+00 1.558209e+00 1.408955e+00 2.985075e-01 1.462687e-01
35260: 1.588674e+00 1.557377e+00 1.408346e+00 2.995529e-01 1.460507e-01
35260: 1.589286e+00 1.556548e+00 1.409226e+00 2.991071e-01 1.458333e-01
35260: 1.589896e+00 1.555721e+00 1.408618e+00 3.001486e-01 1.456166e-01
35260: 1.589021e+00 1.556380e+00 1.409496e+00 2.997033e-01 1.454006e-01
35260: 1.588148e+00 1.558519e+00 1.408889e+00 2.992593e-01 1.451852e-01
35260: 1.587278e+00 1.559172e+00 1.409763e+00 2.988166e-01 1.449704e-01
35260: 1.586411e+00 1.558346e+00 1.412112e+00 2.983752e-01 1.447563e-01
35260: 1.585546e+00 1.557522e+00 1.411504e+00 2.994100e-01 1.460177e-01
35260: 1.584683e+00 1.558174e+00 1.412371e+00 2.989691e-01 1.458027e-01
35260: 1.585294e+00 1.557353e+00 1.411765e+00 3.000000e-01 1.455882e-01
35260: 1.584435e+00 1.559471e+00 1.411160e+00 2.995595e-01 1.453744e-01
35260: 1.585044e+00 1.558651e+00 1.412023e+00 2.991202e-01 1.451613e-01
35260: 1.584187e+00 1.560761e+00 1.411420e+00 2.986823e-01 1.449488e-01
35260: 1.583333e+00 1.559942e+00 1.410819e+00 2.997076e-01 1.461988e-01
35260: 1.582482e+00 1.562044e+00 1.410219e+00 2.992701e-01 1.459854e-01
35260: 1.581633e+00 1.561224e+00 1.412536e+00 2.988338e-01 1.457726e-01
35260: 1.580786e+00 1.560408e+00 1.413392e+00 2.983988e-01 1.470160e-01
35260: 1.581395e+00 1.561047e+00 1.412791e+00 2.979651e-01 1.468023e-01
35260: 1.580552e+00 1.561684e+00 1.412192e+00 2.989840e-01 1.465893e-01
35260: 1.582609e+00 1.560870e+00 1.411594e+00 2.985507e-01 1.463768e-01
35260: 1.581766e+00 1.561505e+00 1.412446e+00 2.981187e-01 1.461650e-01
35260: 1.580925e+00 1.560694e+00 1.411850e+00 2.991329e-01 1.473988e-01
35260: 1.580087e+00 1.561328e+00 1.412698e+00 2.987013e-01 1.471861e-01
35260: 1.580692e+00 1.560519e+00 1.413545e+00 2.982709e-01 1.469741e-01
35260: 1.579856e+00 1.559712e+00 1.414388e+00 2.992806e-01 1.467626e-01
35260: 1.580460e+00 1.558908e+00 1.415230e+00 2.988506e-01 1.465517e-01
35260: 1.579627e+00 1.559541e+00 1.416069e+00 2.984218e-01 1.463415e-01
35260: 1.578797e+00 1.560172e+00 1.416905e+00 2.979943e-01 1.461318e-01
35260: 1.579399e+00 1.559371e+00 1.416309e+00 2.975680e-01 1.473534e-01
35260: 1.580000e+00 1.558571e+00 1.415714e+00 2.985714e-01 1.471429e-01
35260: 1.580599e+00 1.557775e+00 1.416548e+00 2.981455e-01 1.469330e-01
35260: 1.579772e+00 1.558405e+00 1.417379e+00 2.977208e-01 1.467236e-01
35260: 1.578947e+00 1.559033e+00 1.418208e+00 2.972973e-01 1.465149e-01
35260: 1.578125e+00 1.558239e+00 1.420455e+00 2.968750e-01 1.463068e-01
35260: 1.577305e+00 1.557447e+00 1.422695e+00 2.964539e-01 1.460993e-01
35260: 1.577904e+00 1.556657e+00 1.422096e+00 2.974504e-01 1.458924e-01
35260: 1.577086e+00 1.557284e+00 1.422914e+00 2.970297e-01 1.456860e-01
35260: 1.576271e+00 1.557910e+00 1.422316e+00 2.966102e-01 1.468927e-01
35260: 1.578279e+00 1.557123e+00 1.421721e+00 2.961918e-01 1.466855e-01
35260: 1.577465e+00 1.556338e+00 1.423944e+00 2.957746e-01 1.464789e-01
35260: 1.579466e+00 1.556962e+00 1.421941e+00 2.953586e-01 1.462729e-01
35260: 1.580056e+00 1.556180e+00 1.421348e+00 2.963483e-01 1.460674e-01
35260: 1.580645e+00 1.556802e+00 1.420757e+00 2.959327e-01 1.458626e-01
35260: 1.581232e+00 1.556022e+00 1.421569e+00 2.955182e-01 1.456583e-01
35260: 1.581818e+00 1.555245e+00 1.422378e+00 2.951049e-01 1.454545e-01
35260: 1.581006e+00 1.554469e+00 1.423184e+00 2.946927e-01 1.466480e-01
35260: 1.580195e+00 1.553696e+00 1.422594e+00 2.956764e-01 1.478382e-01
35260: 1.580780e+00 1.552925e+00 1.423398e+00 2.952646e-01 1.476323e-01
35260: 1.579972e+00 1.554937e+00 1.422809e+00 2.948540e-01 1.474270e-01
35260: 1.579167e+00 1.555556e+00 1.423611e+00 2.944444e-01 1.472222e-01
35260: 1.579750e+00 1.554785e+00 1.424411e+00 2.940361e-01 1.470180e-01
35260: 1.580332e+00 1.554017e+00 1.423823e+00 2.950139e-01 1.468144e-01
35260: 1.579530e+00 1.553250e+00 1.426003e+00 2.946058e-01 1.466113e-01
35260: 1.580110e+00 1.552486e+00 1.426796e+00 2.941989e-01 1.464088e-01
35260: 1.579310e+00 1.553103e+00 1.426207e+00 2.951724e-01 1.462069e-01
35260: 1.578512e+00 1.552342e+00 1.428375e+00 2.947658e-01 1.460055e-01
35260: 1.579092e+00 1.552957e+00 1.427785e+00 2.943604e-01 1.458047e-01
35260: 1.579670e+00 1.553571e+00 1.427198e+00 2.939560e-01 1.456044e-01
35260: 1.578875e+00 1.552812e+00 1.429355e+00 2.935528e-01 1.454047e-01
35260: 1.579452e+00 1.552055e+00 1.430137e+00 2.931507e-01 1.452055e-01
35260: 1.580027e+00 1.552668e+00 1.429549e+00 2.927497e-01 1.450068e-01
35260: 1.580601e+00 1.551913e+00 1.430328e+00 2.923497e-01 1.448087e-01
35260: 1.581173e+00 1.551160e+00 1.431105e+00 2.919509e-01 1.446112e-01
35260: 1.580381e+00 1.550409e+00 1.431880e+00 2.929155e-01 1.444142e-01
35260: 1.579592e+00 1.549660e+00 1.432653e+00 2.938776e-01 1.442177e-01
35260: 1.578804e+00 1.550272e+00 1.433424e+00 2.934783e-01 1.440217e-01
35260: 1.578019e+00 1.550882e+00 1.432836e+00 2.944369e-01 1.438263e-01
35260: 1.577236e+00 1.551491e+00 1.433604e+00 2.940379e-01 1.436314e-01
35260: 1.577808e+00 1.552097e+00 1.433018e+00 2.936401e-01 1.434371e-01
35260: 1.577027e+00 1.551351e+00 1.432432e+00 2.945946e-01 1.445946e-01
35260: 1.577598e+00 1.551957e+00 1.431849e+00 2.941970e-01 1.443995e-01
35260: 1.576819e+00 1.552561e+00 1.432615e+00 2.938005e-01 1.442049e-01
35260: 1.577389e+00 1.551817e+00 1.433378e+00 2.934051e-01 1.440108e-01
35260: 1.579301e+00 1.551075e+00 1.432796e+00 2.930108e-01 1.438172e-01
35260: 1.578523e+00 1.551678e+00 1.433557e+00 2.926174e-01 1.436242e-01
35260: 1.577748e+00 1.550938e+00 1.432976e+00 2.935657e-01 1.447721e-01
35260: 1.578313e+00 1.551539e+00 1.432396e+00 2.931727e-01 1.445783e-01
35260: 1.578877e+00 1.550802e+00 1.433155e+00 2.927807e-01 1.443850e-01
35260: 1.579439e+00 1.550067e+00 1.433912e+00 2.923899e-01 1.441923e-01
35260: 1.580000e+00 1.552000e+00 1.432000e+00 2.920000e-01 1.440000e-01
35260: 1.580559e+00 1.552597e+00 1.431425e+00 2.916112e-01 1.438083e-01
35260: 1.581117e+00 1.551862e+00 1.432181e+00 2.912234e-01 1.436170e-01
35260: 1.581673e+00 1.552457e+00 1.431607e+00 2.908367e-01 1.434263e-01
35260: 1.582228e+00 1.551724e+00 1.432361e+00 2.904509e-01 1.432361e-01
35260: 1.584106e+00 1.550993e+00 1.431788e+00 2.900662e-01 1.430464e-01
35260: 1.584656e+00 1.550265e+00 1.432540e+00 2.896825e-01 1.428571e-01
35260: 1.585205e+00 1.550859e+00 1.431968e+00 2.892999e-01 1.426684e-01
35260: 1.585752e+00 1.551451e+00 1.431398e+00 2.889182e-01 1.424802e-01
35260: 1.586298e+00 1.552042e+00 1.430830e+00 2.885375e-01 1.422925e-01
35260: 1.585526e+00 1.552632e+00 1.431579e+00 2.881579e-01 1.421053e-01
35260: 1.584757e+00 1.551905e+00 1.432326e+00 2.890933e-01 1.419185e-01
35260: 1.583990e+00 1.552493e+00 1.433071e+00 2.887139e-01 1.417323e-01
35260: 1.584535e+00 1.553080e+00 1.432503e+00 2.883355e-01 1.415465e-01
35260: 1.583770e+00 1.552356e+00 1.434555e+00 2.879581e-01 1.413613e-01
35260: 1.583007e+00 1.552941e+00 1.435294e+00 2.875817e-01 1.411765e-01
35260: 1.584856e+00 1.552219e+00 1.434726e+00 2.872063e-01 1.409922e-01
35260: 1.584094e+00 1.552803e+00 1.435463e+00 2.868318e-01 1.408083e-01
35260: 1.583333e+00 1.553385e+00 1.436198e+00 2.864583e-01 1.406250e-01
35260: 1.582575e+00 1.552666e+00 1.436931e+00 2.873862e-01 1.404421e-01
35260: 1.581818e+00 1.551948e+00 1.437662e+00 2.883117e-01 1.402597e-01
35260: 1.582361e+00 1.552529e+00 1.437095e+00 2.879377e-01 1.400778e-01
35260: 1.581606e+00 1.553109e+00 1.436528e+00 2.888601e-01 1.398964e-01
35260: 1.582147e+00 1.552393e+00 1.437257e+00 2.884864e-01 1.397154e-01
35260: 1.582687e+00 1.551680e+00 1.436693e+00 2.881137e-01 1.408269e-01
35260: 1.581935e+00 1.550968e+00 1.436129e+00 2.877419e-01 1.432258e-01
35260: 1.582474e+00 1.550258e+00 1.435567e+00 2.873711e-01 1.443299e-01
35260: 1.581725e+00 1.550837e+00 1.435006e+00 2.882883e-01 1.441441e-01
35260: 1.582262e+00 1.551414e+00 1.434447e+00 2.879177e-01 1.439589e-01
35260: 1.582798e+00 1.550706e+00 1.433890e+00 2.875481e-01 1.450578e-01
35260: 1.582051e+00 1.551282e+00 1.434615e+00 2.871795e-01 1.448718e-01
35260: 1.581306e+00 1.551857e+00 1.434059e+00 2.880922e-01 1.446863e-01
35260: 1.580563e+00 1.551151e+00 1.434783e+00 2.890026e-01 1.445013e-01
35260: 1.579821e+00 1.551724e+00 1.435504e+00 2.886335e-01 1.443167e-01
35260: 1.580357e+00 1.551020e+00 1.434949e+00 2.895408e-01 1.441327e-01
35260: 1.582166e+00 1.550318e+00 1.434395e+00 2.891720e-01 1.439490e-01
35260: 1.582697e+00 1.549618e+00 1.435115e+00 2.888041e-01 1.437659e-01
35260: 1.581957e+00 1.550191e+00 1.434562e+00 2.897078e-01 1.435832e-01
35260: 1.582487e+00 1.549492e+00 1.435279e+00 2.893401e-01 1.434010e-01
35260: 1.583016e+00 1.550063e+00 1.434728e+00 2.889734e-01 1.432193e-01
35260: 1.583544e+00 1.549367e+00 1.434177e+00 2.898734e-01 1.430380e-01
35260: 1.584071e+00 1.548673e+00 1.433628e+00 2.907712e-01 1.428571e-01
35260: 1.583333e+00 1.549242e+00 1.433081e+00 2.916667e-01 1.426768e-01
35260: 1.582598e+00 1.549811e+00 1.432535e+00 2.925599e-01 1.424968e-01
35260: 1.584383e+00 1.549118e+00 1.431990e+00 2.921914e-01 1.423174e-01
35260: 1.584906e+00 1.548428e+00 1.432704e+00 2.918239e-01 1.421384e-01
35260: 1.585427e+00 1.548995e+00 1.432161e+00 2.914573e-01 1.419598e-01
35260: 1.584693e+00 1.549561e+00 1.432873e+00 2.910916e-01 1.417817e-01
35260: 1.583960e+00 1.551378e+00 1.432331e+00 2.907268e-01 1.416040e-01
35260: 1.583229e+00 1.550688e+00 1.434293e+00 2.903630e-01 1.414268e-01
35260: 1.583750e+00 1.551250e+00 1.433750e+00 2.900000e-01 1.412500e-01
35260: 1.583021e+00 1.551810e+00 1.434457e+00 2.896380e-01 1.410737e-01
35260: 1.582294e+00 1.552369e+00 1.435162e+00 2.892768e-01 1.408978e-01
35260: 1.581569e+00 1.551681e+00 1.437111e+00 2.889166e-01 1.407223e-01
35260: 1.580846e+00 1.552239e+00 1.437811e+00 2.885572e-01 1.405473e-01
35260: 1.580124e+00 1.551553e+00 1.438509e+00 2.881988e-01 1.416149e-01
35260: 1.579404e+00 1.552109e+00 1.439206e+00 2.878412e-01 1.414392e-01
35260: 1.579926e+00 1.552664e+00 1.438662e+00 2.874845e-01 1.412639e-01
35260: 1.579208e+00 1.553218e+00 1.439356e+00 2.871287e-01 1.410891e-01
35260: 1.578492e+00 1.552534e+00 1.438813e+00 2.880099e-01 1.421508e-01
35260: 1.577778e+00 1.551852e+00 1.439506e+00 2.888889e-01 1.419753e-01
35260: 1.577065e+00 1.552404e+00 1.440197e+00 2.885327e-01 1.418002e-01
35260: 1.576355e+00 1.552956e+00 1.440887e+00 2.881773e-01 1.416256e-01
35260: 1.578106e+00 1.552276e+00 1.440344e+00 2.878229e-01 1.414514e-01
35260: 1.578624e+00 1.552826e+00 1.439803e+00 2.874693e-01 1.412776e-01
35260: 1.579141e+00 1.552147e+00 1.440491e+00 2.871166e-01 1.411043e-01
35260: 1.579657e+00 1.551471e+00 1.441176e+00 2.867647e-01 1.409314e-01
35260: 1.578947e+00 1.550796e+00 1.443084e+00 2.864137e-01 1.407589e-01
35260: 1.580685e+00 1.550122e+00 1.442543e+00 2.860636e-01 1.405868e-01
35260: 1.579976e+00 1.549451e+00 1.444444e+00 2.857143e-01 1.404151e-01
35260: 1.579268e+00 1.548780e+00 1.445122e+00 2.865854e-01 1.402439e-01
35260: 1.579781e+00 1.548112e+00 1.445798e+00 2.862363e-01 1.400731e-01
35260: 1.579075e+00 1.548662e+00 1.445255e+00 2.858881e-01 1.411192e-01
35260: 1.578372e+00 1.547995e+00 1.447145e+00 2.855407e-01 1.409478e-01
35260: 1.577670e+00 1.548544e+00 1.447816e+00 2.851942e-01 1.407767e-01
35260: 1.576970e+00 1.550303e+00 1.447273e+00 2.848485e-01 1.406061e-01
35260: 1.576271e+00 1.550847e+00 1.446731e+00 2.857143e-01 1.404358e-01
35260: 1.575574e+00 1.551391e+00 1.447400e+00 2.853688e-01 1.402660e-01
35260: 1.576087e+00 1.551932e+00 1.446860e+00 2.850242e-01 1.400966e-01
35260: 1.575392e+00 1.553679e+00 1.446321e+00 2.846803e-01 1.399276e-01
35260: 1.574699e+00 1.555422e+00 1.444578e+00 2.843373e-01 1.409639e-01
35260: 1.574007e+00 1.555957e+00 1.445247e+00 2.839952e-01 1.407942e-01
35260: 1.573317e+00 1.555288e+00 1.445913e+00 2.848558e-01 1.406250e-01
35260: 1.573830e+00 1.554622e+00 1.445378e+00 2.845138e-01 1.416567e-01
35260: 1.573141e+00 1.555156e+00 1.446043e+00 2.841727e-01 1.414868e-01
35260: 1.573653e+00 1.554491e+00 1.446707e+00 2.838323e-01 1.413174e-01
35260: 1.572967e+00 1.556220e+00 1.446172e+00 2.834928e-01 1.411483e-01
35260: 1.572282e+00 1.555556e+00 1.448029e+00 2.831541e-01 1.409797e-01
35260: 1.572792e+00 1.556086e+00 1.447494e+00 2.828162e-01 1.408115e-01
35260: 1.574493e+00 1.555423e+00 1.446961e+00 2.824791e-01 1.406436e-01
35260: 1.575000e+00 1.554762e+00 1.447619e+00 2.821429e-01 1.404762e-01
35260: 1.575505e+00 1.555291e+00 1.447087e+00 2.818074e-01 1.403092e-01
35260: 1.576010e+00 1.554632e+00 1.447743e+00 2.814727e-01 1.401425e-01
35260: 1.575326e+00 1.555160e+00 1.447212e+00 2.811388e-01 1.411625e-01
35260: 1.575829e+00 1.555687e+00 1.446682e+00 2.808057e-01 1.409953e-01
35260: 1.575148e+00 1.555030e+00 1.448521e+00 2.804734e-01 1.408284e-01
35260: 1.574468e+00 1.556738e+00 1.447991e+00 2.801418e-01 1.406619e-01
35260: 1.574970e+00 1.556080e+00 1.448642e+00 2.798111e-01 1.404959e-01
35260: 1.575472e+00 1.555425e+00 1.448113e+00 2.806604e-01 1.403302e-01
35260: 1.574794e+00 1.557126e+00 1.447585e+00 2.803298e-01 1.401649e-01
35260: 1.575294e+00 1.557647e+00 1.447059e+00 2.800000e-01 1.400000e-01
35260: 1.575793e+00 1.556992e+00 1.447709e+00 2.796710e-01 1.398355e-01
35260: 1.576291e+00 1.556338e+00 1.447183e+00 2.805164e-01 1.396714e-01
35260: 1.576788e+00 1.555686e+00 1.447831e+00 2.801876e-01 1.395076e-01
35260: 1.578454e+00 1.555035e+00 1.447307e+00 2.798595e-01 1.393443e-01
35260: 1.577778e+00 1.555556e+00 1.446784e+00 2.795322e-01 1.403509e-01
35260: 1.577103e+00 1.554907e+00 1.448598e+00 2.792056e-01 1.401869e-01
35260: 1.576429e+00 1.554259e+00 1.448075e+00 2.800467e-01 1.411902e-01
35260: 1.575758e+00 1.553613e+00 1.448718e+00 2.808858e-01 1.410256e-01
35260: 1.576251e+00 1.552969e+00 1.448196e+00 2.817229e-01 1.408615e-01
35260: 1.576744e+00 1.552326e+00 1.448837e+00 2.813953e-01 1.406977e-01
35260: 1.576074e+00 1.552846e+00 1.448316e+00 2.822300e-01 1.405343e-01
35260: 1.575406e+00 1.553364e+00 1.447796e+00 2.819026e-01 1.415313e-01
35260: 1.577057e+00 1.552723e+00 1.447277e+00 2.815759e-01 1.413673e-01
35260: 1.576389e+00 1.553241e+00 1.446759e+00 2.812500e-01 1.423611e-01
35260: 1.575723e+00 1.552601e+00 1.447399e+00 2.820809e-01 1.421965e-01
35260: 1.575058e+00 1.551963e+00 1.449192e+00 2.817552e-01 1.420323e-01
35260: 1.574394e+00 1.552480e+00 1.448674e+00 2.825836e-01 1.418685e-01
35260: 1.574885e+00 1.552995e+00 1.448157e+00 2.822581e-01 1.417051e-01
35260: 1.574223e+00 1.553510e+00 1.448792e+00 2.819333e-01 1.415420e-01
35260: 1.574713e+00 1.552874e+00 1.448276e+00 2.816092e-01 1.425287e-01
35260: 1.574053e+00 1.553387e+00 1.448909e+00 2.812859e-01 1.423651e-01
35260: 1.574541e+00 1.552752e+00 1.449541e+00 2.809633e-01 1.422018e-01
35260: 1.573883e+00 1.552119e+00 1.451317e+00 2.806415e-01 1.420389e-01
35260: 1.574371e+00 1.552632e+00 1.450801e+00 2.803204e-01 1.418764e-01
35260: 1.574857e+00 1.552000e+00 1.451429e+00 2.800000e-01 1.417143e-01
35260: 1.574201e+00 1.551370e+00 1.452055e+00 2.808219e-01 1.415525e-01
35260: 1.574686e+00 1.551881e+00 1.451539e+00 2.805017e-01 1.413911e-01
35260: 1.575171e+00 1.551253e+00 1.452164e+00 2.801822e-01 1.412301e-01
35260: 1.574516e+00 1.551763e+00 1.452787e+00 2.798635e-01 1.410694e-01
35260: 1.575000e+00 1.551136e+00 1.453409e+00 2.795455e-01 1.409091e-01
35260: 1.574347e+00 1.550511e+00 1.454030e+00 2.803632e-01 1.407491e-01
35260: 1.573696e+00 1.549887e+00 1.453515e+00 2.811791e-01 1.417234e-01
35260: 1.573046e+00 1.550396e+00 1.453001e+00 2.819932e-01 1.415629e-01
35260: 1.573529e+00 1.550905e+00 1.452489e+00 2.816742e-01 1.414027e-01
35260: 1.572881e+00 1.550282e+00 1.454237e+00 2.813559e-01 1.412429e-01
35260: 1.573363e+00 1.549661e+00 1.453725e+00 2.810384e-01 1.422122e-01
35260: 1.573844e+00 1.550169e+00 1.453213e+00 2.807215e-01 1.420519e-01
35260: 1.573198e+00 1.551802e+00 1.452703e+00 2.804054e-01 1.418919e-01
35260: 1.572553e+00 1.551181e+00 1.454443e+00 2.800900e-01 1.417323e-01
35260: 1.571910e+00 1.552809e+00 1.452809e+00 2.808989e-01 1.415730e-01
35260: 1.572391e+00 1.552189e+00 1.453423e+00 2.805836e-01 1.414141e-01
35260: 1.572870e+00 1.551570e+00 1.452915e+00 2.813901e-01 1.412556e-01
35260: 1.573348e+00 1.550952e+00 1.452408e+00 2.821948e-01 1.410974e-01
35260: 1.572707e+00 1.551454e+00 1.453020e+00 2.818792e-01 1.409396e-01
35260: 1.572067e+00 1.551955e+00 1.453631e+00 2.815642e-01 1.407821e-01
35260: 1.571429e+00 1.552455e+00 1.454241e+00 2.812500e-01 1.406250e-01
35260: 1.571906e+00 1.551839e+00 1.454849e+00 2.809365e-01 1.404682e-01
35260: 1.572383e+00 1.552339e+00 1.454343e+00 2.806236e-01 1.403118e-01
35260: 1.573971e+00 1.551724e+00 1.453838e+00 2.803115e-01 1.401557e-01
35260: 1.573333e+00 1.552222e+00 1.453333e+00 2.800000e-01 1.411111e-01
35260: 1.572697e+00 1.552719e+00 1.452830e+00 2.807991e-01 1.409545e-01
35260: 1.574279e+00 1.552106e+00 1.452328e+00 2.804878e-01 1.407982e-01
35260: 1.575858e+00 1.551495e+00 1.451827e+00 2.801772e-01 1.406423e-01
35260: 1.575221e+00 1.551991e+00 1.452434e+00 2.798673e-01 1.404867e-01
35260: 1.574586e+00 1.552486e+00 1.453039e+00 2.795580e-01 1.403315e-01
35260: 1.573951e+00 1.551876e+00 1.452539e+00 2.814570e-01 1.401766e-01
35260: 1.574421e+00 1.551268e+00 1.453142e+00 2.811466e-01 1.400221e-01
35260: 1.573789e+00 1.550661e+00 1.453744e+00 2.819383e-01 1.398678e-01
35260: 1.573157e+00 1.550055e+00 1.454345e+00 2.827283e-01 1.397140e-01
35260: 1.572527e+00 1.550549e+00 1.453846e+00 2.835165e-01 1.395604e-01
35260: 1.572997e+00 1.551043e+00 1.453348e+00 2.832053e-01 1.394072e-01
35260: 1.572368e+00 1.551535e+00 1.453947e+00 2.828947e-01 1.392544e-01
35260: 1.571742e+00 1.550931e+00 1.455641e+00 2.825849e-01 1.391019e-01
35260: 1.572210e+00 1.550328e+00 1.455142e+00 2.822757e-01 1.400438e-01
35260: 1.572678e+00 1.550820e+00 1.454645e+00 2.819672e-01 1.398907e-01
35260: 1.573144e+00 1.550218e+00 1.455240e+00 2.816594e-01 1.397380e-01
35260: 1.573610e+00 1.550709e+00 1.454744e+00 2.813522e-01 1.395856e-01
35260: 1.572985e+00 1.551198e+00 1.454248e+00 2.821351e-01 1.394336e-01
35260: 1.572361e+00 1.550598e+00 1.454842e+00 2.818281e-01 1.403700e-01
35260: 1.573913e+00 1.550000e+00 1.454348e+00 2.815217e-01 1.402174e-01
35260: 1.573290e+00 1.550489e+00 1.454940e+00 2.812161e-01 1.400651e-01
35260: 1.572668e+00 1.549892e+00 1.455531e+00 2.809111e-01 1.409978e-01
35260: 1.572048e+00 1.550379e+00 1.456121e+00 2.806067e-01 1.408451e-01
35260: 1.573593e+00 1.549784e+00 1.455628e+00 2.803030e-01 1.406926e-01
35260: 1.572973e+00 1.550270e+00 1.456216e+00 2.800000e-01 1.405405e-01
35260: 1.573434e+00 1.549676e+00 1.455724e+00 2.796976e-01 1.414687e-01
35260: 1.573894e+00 1.549083e+00 1.455232e+00 2.804746e-01 1.413161e-01
35260: 1.573276e+00 1.549569e+00 1.454741e+00 2.801724e-01 1.422414e-01
35260: 1.572659e+00 1.548977e+00 1.454252e+00 2.809473e-01 1.431647e-01
35260: 1.572043e+00 1.549462e+00 1.454839e+00 2.806452e-01 1.430108e-01
35260: 1.572503e+00 1.548872e+00 1.454350e+00 2.814178e-01 1.428571e-01
35260: 1.572961e+00 1.548283e+00 1.454936e+00 2.811159e-01 1.427039e-01
35260: 1.572347e+00 1.548767e+00 1.454448e+00 2.818864e-01 1.425509e-01
35260: 1.571734e+00 1.548180e+00 1.453961e+00 2.826552e-01 1.434690e-01
35260: 1.572193e+00 1.547594e+00 1.453476e+00 2.823529e-01 1.443850e-01
35260: 1.571581e+00 1.548077e+00 1.452991e+00 2.831197e-01 1.442308e-01
35260: 1.573106e+00 1.547492e+00 1.452508e+00 2.828175e-01 1.440768e-01
35260: 1.572495e+00 1.546908e+00 1.452026e+00 2.846482e-01 1.439232e-01
35260: 1.571885e+00 1.546326e+00 1.451544e+00 2.854100e-01 1.448349e-01
35260: 1.571277e+00 1.547872e+00 1.451064e+00 2.851064e-01 1.446809e-01
35260: 1.571732e+00 1.547290e+00 1.451647e+00 2.848034e-01 1.445271e-01
35260: 1.572187e+00 1.546709e+00 1.451168e+00 2.855626e-01 1.443737e-01
35260: 1.572641e+00 1.546129e+00 1.451750e+00 2.852598e-01 1.442206e-01
35260: 1.573093e+00 1.545551e+00 1.451271e+00 2.849576e-01 1.451271e-01
35260: 1.573545e+00 1.544974e+00 1.450794e+00 2.846561e-01 1.460317e-01
35260: 1.572939e+00 1.544397e+00 1.451374e+00 2.854123e-01 1.458774e-01
35260: 1.573390e+00 1.544879e+00 1.450898e+00 2.851109e-01 1.457233e-01
35260: 1.572785e+00 1.546414e+00 1.450422e+00 2.848101e-01 1.455696e-01
35260: 1.572181e+00 1.546891e+00 1.449947e+00 2.855638e-01 1.454162e-01
35260: 1.572632e+00 1.547368e+00 1.449474e+00 2.852632e-01 1.452632e-01
35260: 1.572029e+00 1.547844e+00 1.449001e+00 2.860147e-01 1.451104e-01
35260: 1.572479e+00 1.547269e+00 1.448529e+00 2.867647e-01 1.449580e-01
35260: 1.573977e+00 1.546695e+00 1.448059e+00 2.864638e-01 1.448059e-01
35260: 1.574423e+00 1.546122e+00 1.448637e+00 2.861635e-01 1.446541e-01
35260: 1.573822e+00 1.546597e+00 1.448168e+00 2.869110e-01 1.445026e-01
35260: 1.573222e+00 1.547071e+00 1.447699e+00 2.876569e-01 1.443515e-01
35260: 1.572623e+00 1.546499e+00 1.448276e+00 2.884013e-01 1.442006e-01
35260: 1.573069e+00 1.546973e+00 1.447808e+00 2.881002e-01 1.440501e-01
35260: 1.573514e+00 1.546403e+00 1.447341e+00 2.888425e-01 1.438999e-01
35260: 1.573958e+00 1.545833e+00 1.447917e+00 2.885417e-01 1.437500e-01
35260: 1.573361e+00 1.545265e+00 1.448491e+00 2.892820e-01 1.436004e-01
35260: 1.572765e+00 1.545738e+00 1.449064e+00 2.889813e-01 1.434511e-01
35260: 1.573209e+00 1.545171e+00 1.449637e+00 2.886812e-01 1.433022e-01
35260: 1.572614e+00 1.545643e+00 1.449170e+00 2.883817e-01 1.441909e-01
35260: 1.573057e+00 1.546114e+00 1.448705e+00 2.880829e-01 1.440415e-01
35260: 1.572464e+00 1.547619e+00 1.448240e+00 2.877847e-01 1.438923e-01
35260: 1.572906e+00 1.547053e+00 1.448811e+00 2.874871e-01 1.437435e-01
35260: 1.573347e+00 1.547521e+00 1.448347e+00 2.871901e-01 1.435950e-01
35260: 1.572755e+00 1.546956e+00 1.449948e+00 2.868937e-01 1.434469e-01
35260: 1.572165e+00 1.547423e+00 1.450515e+00 2.865979e-01 1.432990e-01
35260: 1.572606e+00 1.546859e+00 1.450051e+00 2.863028e-01 1.441813e-01
35260: 1.573045e+00 1.547325e+00 1.449588e+00 2.860082e-01 1.440329e-01
35260: 1.573484e+00 1.546763e+00 1.449126e+00 2.867420e-01 1.438849e-01
35260: 1.572895e+00 1.546201e+00 1.450719e+00 2.864476e-01 1.437372e-01
35260: 1.572308e+00 1.547692e+00 1.450256e+00 2.861538e-01 1.435897e-01
35260: 1.572746e+00 1.548156e+00 1.449795e+00 2.858607e-01 1.434426e-01
35260: 1.572160e+00 1.548618e+00 1.449335e+00 2.865916e-01 1.432958e-01
35260: 1.572597e+00 1.548057e+00 1.448875e+00 2.873211e-01 1.431493e-01
35260: 1.572012e+00 1.549540e+00 1.448417e+00 2.870276e-01 1.430031e-01
35260: 1.572449e+00 1.550000e+00 1.447959e+00 2.867347e-01 1.428571e-01
35260: 1.571865e+00 1.550459e+00 1.448522e+00 2.864424e-01 1.427115e-01
35260: 1.571283e+00 1.549898e+00 1.450102e+00 2.861507e-01 1.425662e-01
35260: 1.571719e+00 1.549339e+00 1.450661e+00 2.858596e-01 1.424212e-01
35260: 1.571138e+00 1.550813e+00 1.450203e+00 2.855691e-01 1.422764e-01
35260: 1.570558e+00 1.550254e+00 1.451777e+00 2.852792e-01 1.421320e-01
35260: 1.569980e+00 1.549696e+00 1.452333e+00 2.860041e-01 1.419878e-01
35260: 1.570415e+00 1.548126e+00 1.452888e+00 2.867275e-01 1.418440e-01
35260: 1.571862e+00 1.547571e+00 1.452429e+00 2.864372e-01 1.417004e-01
35260: 1.572295e+00 1.547017e+00 1.451972e+00 2.871587e-01 1.415571e-01
35260: 1.571717e+00 1.547475e+00 1.451515e+00 2.878788e-01 1.414141e-01
35260: 1.571140e+00 1.547931e+00 1.451060e+00 2.885974e-01 1.412714e-01
35260: 1.570565e+00 1.547379e+00 1.452621e+00 2.883065e-01 1.411290e-01
35260: 1.569990e+00 1.547835e+00 1.452165e+00 2.890232e-01 1.409869e-01
35260: 1.571429e+00 1.546278e+00 1.452716e+00 2.887324e-01 1.408451e-01
35260: 1.570854e+00 1.545729e+00 1.454271e+00 2.884422e-01 1.407035e-01
35260: 1.570281e+00 1.546185e+00 1.453815e+00 2.881526e-01 1.415663e-01
35260: 1.570712e+00 1.545637e+00 1.454363e+00 2.878636e-01 1.414243e-01
35260: 1.570140e+00 1.546092e+00 1.453908e+00 2.875752e-01 1.422846e-01
35260: 1.569570e+00 1.545546e+00 1.454454e+00 2.882883e-01 1.421421e-01
35260: Done!
Traceback (most recent call last):
  File "/lowest-unique-number/tournament0/elexunix.py", line 25, in <module>
    input()
EOFError: EOF when reading a line
