Forked 35839
Starting to reopen 0 and 1
Calling execv `tournament0/the_best_strategy.py` (pid 35839)
Strategy 0: first ans is 0
Forked 35840
Starting to reopen 0 and 1
Calling execv `tournament0/fedro.py` (pid 35840)
Strategy 1: first ans is 0
Forked 35864
Starting to reopen 0 and 1
Calling execv `tournament0/alex_dany` (pid 35864)
35864: Started!
35864: Number of players: 5, position: 2, number of turns: 1000
35864: Random seed: 2753002222
Strategy 2: first ans is 0
Forked 35865
Starting to reopen 0 and 1
Calling execv `tournament0/lounres.py` (pid 35865)
Strategy 3: first ans is 1
Forked 35866
Starting to reopen 0 and 1
Calling execv `tournament0/elexunix.py` (pid 35866)
Strategy 4: first ans is 1
35864: 3.000000e+00 2.000000e+00 0.000000e+00 0.000000e+00 0.000000e+00
35864: 2.500000e+00 1.000000e+00 1.000000e+00 5.000000e-01 0.000000e+00
35864: 2.333333e+00 1.666667e+00 6.666667e-01 3.333333e-01 0.000000e+00
35864: 2.250000e+00 1.250000e+00 1.000000e+00 5.000000e-01 0.000000e+00
35864: 2.200000e+00 1.400000e+00 1.000000e+00 4.000000e-01 0.000000e+00
35864: 2.166667e+00 1.333333e+00 1.166667e+00 3.333333e-01 0.000000e+00
35864: 2.142857e+00 1.571429e+00 1.000000e+00 2.857143e-01 0.000000e+00
35864: 2.125000e+00 1.500000e+00 1.125000e+00 2.500000e-01 0.000000e+00
35864: 2.111111e+00 1.555556e+00 1.000000e+00 3.333333e-01 0.000000e+00
35864: 2.100000e+00 1.500000e+00 1.100000e+00 3.000000e-01 0.000000e+00
35864: 2.090909e+00 1.545455e+00 1.090909e+00 2.727273e-01 0.000000e+00
35864: 2.083333e+00 1.583333e+00 1.083333e+00 2.500000e-01 0.000000e+00
35864: 2.076923e+00 1.538462e+00 1.153846e+00 2.307692e-01 0.000000e+00
35864: 2.071429e+00 1.642857e+00 1.071429e+00 2.142857e-01 0.000000e+00
35864: 2.133333e+00 1.533333e+00 1.133333e+00 2.000000e-01 0.000000e+00
35864: 2.187500e+00 1.562500e+00 1.062500e+00 1.875000e-01 0.000000e+00
35864: 2.176471e+00 1.588235e+00 1.058824e+00 1.764706e-01 0.000000e+00
35864: 2.222222e+00 1.500000e+00 1.111111e+00 1.666667e-01 0.000000e+00
35864: 2.210526e+00 1.526316e+00 1.052632e+00 1.578947e-01 5.263158e-02
35864: 2.250000e+00 1.500000e+00 1.050000e+00 1.500000e-01 5.000000e-02
35864: 2.285714e+00 1.523810e+00 1.000000e+00 1.428571e-01 4.761905e-02
35864: 2.272727e+00 1.500000e+00 1.045455e+00 1.363636e-01 4.545455e-02
35864: 2.304348e+00 1.521739e+00 1.000000e+00 1.304348e-01 4.347826e-02
35864: 2.333333e+00 1.500000e+00 1.000000e+00 1.250000e-01 4.166667e-02
35864: 2.320000e+00 1.520000e+00 9.600000e-01 1.600000e-01 4.000000e-02
35864: 2.307692e+00 1.500000e+00 9.615385e-01 1.538462e-01 7.692308e-02
35864: 2.296296e+00 1.518519e+00 9.259259e-01 1.851852e-01 7.407407e-02
35864: 2.321429e+00 1.500000e+00 9.285714e-01 1.785714e-01 7.142857e-02
35864: 2.310345e+00 1.551724e+00 8.965517e-01 1.724138e-01 6.896552e-02
35864: 2.300000e+00 1.533333e+00 9.000000e-01 2.000000e-01 6.666667e-02
35864: 2.290323e+00 1.580645e+00 8.709677e-01 1.935484e-01 6.451613e-02
35864: 2.281250e+00 1.531250e+00 9.062500e-01 1.875000e-01 9.375000e-02
35864: 2.272727e+00 1.575758e+00 8.787879e-01 1.818182e-01 9.090909e-02
35864: 2.264706e+00 1.529412e+00 9.411765e-01 1.764706e-01 8.823529e-02
35864: 2.257143e+00 1.542857e+00 9.142857e-01 2.000000e-01 8.571429e-02
35864: 2.250000e+00 1.527778e+00 9.444444e-01 1.944444e-01 8.333333e-02
35864: 2.243243e+00 1.567568e+00 9.189189e-01 1.891892e-01 8.108108e-02
35864: 2.236842e+00 1.552632e+00 9.210526e-01 2.105263e-01 7.894737e-02
35864: 2.256410e+00 1.564103e+00 8.974359e-01 2.051282e-01 7.692308e-02
35864: 2.250000e+00 1.575000e+00 9.000000e-01 2.000000e-01 7.500000e-02
35864: 2.268293e+00 1.536585e+00 9.268293e-01 1.951220e-01 7.317073e-02
35864: 2.285714e+00 1.547619e+00 9.047619e-01 1.904762e-01 7.142857e-02
35864: 2.279070e+00 1.534884e+00 9.302326e-01 1.860465e-01 6.976744e-02
35864: 2.272727e+00 1.568182e+00 9.090909e-01 1.818182e-01 6.818182e-02
35864: 2.266667e+00 1.577778e+00 9.111111e-01 1.777778e-01 6.666667e-02
35864: 2.260870e+00 1.543478e+00 9.565217e-01 1.739130e-01 6.521739e-02
35864: 2.255319e+00 1.574468e+00 9.361702e-01 1.702128e-01 6.382979e-02
35864: 2.250000e+00 1.541667e+00 9.583333e-01 1.875000e-01 6.250000e-02
35864: 2.244898e+00 1.551020e+00 9.387755e-01 2.040816e-01 6.122449e-02
35864: 2.240000e+00 1.540000e+00 9.400000e-01 2.200000e-01 6.000000e-02
35864: 2.235294e+00 1.549020e+00 9.411765e-01 2.156863e-01 5.882353e-02
35864: 2.230769e+00 1.538462e+00 9.423077e-01 2.115385e-01 7.692308e-02
35864: 2.226415e+00 1.547170e+00 9.245283e-01 2.264151e-01 7.547170e-02
35864: 2.222222e+00 1.537037e+00 9.444444e-01 2.222222e-01 7.407407e-02
35864: 2.218182e+00 1.545455e+00 9.272727e-01 2.363636e-01 7.272727e-02
35864: 2.214286e+00 1.553571e+00 9.285714e-01 2.321429e-01 7.142857e-02
35864: 2.210526e+00 1.561404e+00 9.298246e-01 2.280702e-01 7.017544e-02
35864: 2.224138e+00 1.551724e+00 9.310345e-01 2.241379e-01 6.896552e-02
35864: 2.220339e+00 1.559322e+00 9.152542e-01 2.372881e-01 6.779661e-02
35864: 2.216667e+00 1.566667e+00 9.166667e-01 2.333333e-01 6.666667e-02
35864: 2.213115e+00 1.557377e+00 9.344262e-01 2.295082e-01 6.557377e-02
35864: 2.225806e+00 1.564516e+00 9.193548e-01 2.258065e-01 6.451613e-02
35864: 2.206349e+00 1.571429e+00 9.365079e-01 2.222222e-01 6.349206e-02
35864: 2.218750e+00 1.546875e+00 9.531250e-01 2.187500e-01 6.250000e-02
35864: 2.215385e+00 1.569231e+00 9.384615e-01 2.153846e-01 6.153846e-02
35864: 2.196970e+00 1.590909e+00 9.393939e-01 2.121212e-01 6.060606e-02
35864: 2.208955e+00 1.567164e+00 9.552239e-01 2.089552e-01 5.970149e-02
35864: 2.205882e+00 1.573529e+00 9.558824e-01 2.058824e-01 5.882353e-02
35864: 2.202899e+00 1.550725e+00 9.855072e-01 2.028986e-01 5.797101e-02
35864: 2.185714e+00 1.571429e+00 9.714286e-01 2.142857e-01 5.714286e-02
35864: 2.183099e+00 1.549296e+00 9.859155e-01 2.112676e-01 7.042254e-02
35864: 2.180556e+00 1.569444e+00 9.722222e-01 2.083333e-01 6.944444e-02
35864: 2.164384e+00 1.575342e+00 9.863014e-01 2.054795e-01 6.849315e-02
35864: 2.162162e+00 1.567568e+00 9.864865e-01 2.162162e-01 6.756757e-02
35864: 2.160000e+00 1.586667e+00 9.733333e-01 2.133333e-01 6.666667e-02
35864: 2.157895e+00 1.578947e+00 9.868421e-01 2.105263e-01 6.578947e-02
35864: 2.142857e+00 1.597403e+00 9.870130e-01 2.077922e-01 6.493506e-02
35864: 2.141026e+00 1.576923e+00 1.000000e+00 2.179487e-01 6.410256e-02
35864: 2.126582e+00 1.582278e+00 1.000000e+00 2.278481e-01 6.329114e-02
35864: 2.125000e+00 1.575000e+00 1.012500e+00 2.250000e-01 6.250000e-02
35864: 2.111111e+00 1.567901e+00 1.024691e+00 2.345679e-01 6.172840e-02
35864: 2.121951e+00 1.560976e+00 1.024390e+00 2.317073e-01 6.097561e-02
35864: 2.108434e+00 1.590361e+00 1.012048e+00 2.289157e-01 6.024096e-02
35864: 2.107143e+00 1.595238e+00 1.011905e+00 2.261905e-01 5.952381e-02
35864: 2.105882e+00 1.588235e+00 1.023529e+00 2.235294e-01 5.882353e-02
35864: 2.093023e+00 1.593023e+00 1.023256e+00 2.209302e-01 6.976744e-02
35864: 2.091954e+00 1.586207e+00 1.022989e+00 2.183908e-01 8.045977e-02
35864: 2.079545e+00 1.590909e+00 1.022727e+00 2.159091e-01 9.090909e-02
35864: 2.078652e+00 1.584270e+00 1.022472e+00 2.247191e-01 8.988764e-02
35864: 2.066667e+00 1.600000e+00 1.022222e+00 2.222222e-01 8.888889e-02
35864: 2.076923e+00 1.582418e+00 1.032967e+00 2.197802e-01 8.791209e-02
35864: 2.065217e+00 1.576087e+00 1.054348e+00 2.173913e-01 8.695652e-02
35864: 2.064516e+00 1.569892e+00 1.053763e+00 2.258065e-01 8.602151e-02
35864: 2.053191e+00 1.574468e+00 1.053191e+00 2.340426e-01 8.510638e-02
35864: 2.052632e+00 1.568421e+00 1.052632e+00 2.421053e-01 8.421053e-02
35864: 2.041667e+00 1.593750e+00 1.041667e+00 2.395833e-01 8.333333e-02
35864: 2.041237e+00 1.597938e+00 1.041237e+00 2.371134e-01 8.247423e-02
35864: 2.030612e+00 1.602041e+00 1.051020e+00 2.346939e-01 8.163265e-02
35864: 2.030303e+00 1.595960e+00 1.060606e+00 2.323232e-01 8.080808e-02
35864: 2.020000e+00 1.600000e+00 1.070000e+00 2.300000e-01 8.000000e-02
35864: 2.019802e+00 1.603960e+00 1.069307e+00 2.277228e-01 7.920792e-02
35864: 2.009804e+00 1.598039e+00 1.078431e+00 2.254902e-01 8.823529e-02
35864: 2.009709e+00 1.592233e+00 1.087379e+00 2.233010e-01 8.737864e-02
35864: 2.009615e+00 1.596154e+00 1.086538e+00 2.211538e-01 8.653846e-02
35864: 2.000000e+00 1.590476e+00 1.104762e+00 2.190476e-01 8.571429e-02
35864: 2.000000e+00 1.584906e+00 1.113208e+00 2.169811e-01 8.490566e-02
35864: 1.990654e+00 1.588785e+00 1.112150e+00 2.242991e-01 8.411215e-02
35864: 1.990741e+00 1.583333e+00 1.111111e+00 2.222222e-01 9.259259e-02
35864: 1.981651e+00 1.587156e+00 1.110092e+00 2.293578e-01 9.174312e-02
35864: 1.990909e+00 1.581818e+00 1.109091e+00 2.272727e-01 9.090909e-02
35864: 1.981982e+00 1.585586e+00 1.117117e+00 2.252252e-01 9.009009e-02
35864: 1.982143e+00 1.580357e+00 1.125000e+00 2.232143e-01 8.928571e-02
35864: 1.973451e+00 1.584071e+00 1.132743e+00 2.212389e-01 8.849558e-02
35864: 1.982456e+00 1.578947e+00 1.131579e+00 2.192982e-01 8.771930e-02
35864: 1.973913e+00 1.582609e+00 1.139130e+00 2.173913e-01 8.695652e-02
35864: 1.982759e+00 1.577586e+00 1.137931e+00 2.155172e-01 8.620690e-02
35864: 1.974359e+00 1.581197e+00 1.136752e+00 2.222222e-01 8.547009e-02
35864: 1.974576e+00 1.576271e+00 1.144068e+00 2.203390e-01 8.474576e-02
35864: 1.966387e+00 1.571429e+00 1.151261e+00 2.268908e-01 8.403361e-02
35864: 1.966667e+00 1.566667e+00 1.158333e+00 2.250000e-01 8.333333e-02
35864: 1.966942e+00 1.578512e+00 1.148760e+00 2.231405e-01 8.264463e-02
35864: 1.959016e+00 1.565574e+00 1.163934e+00 2.295082e-01 8.196721e-02
35864: 1.959350e+00 1.560976e+00 1.170732e+00 2.276423e-01 8.130081e-02
35864: 1.951613e+00 1.572581e+00 1.169355e+00 2.258065e-01 8.064516e-02
35864: 1.952000e+00 1.568000e+00 1.176000e+00 2.240000e-01 8.000000e-02
35864: 1.944444e+00 1.579365e+00 1.166667e+00 2.301587e-01 7.936508e-02
35864: 1.952756e+00 1.566929e+00 1.173228e+00 2.283465e-01 7.874016e-02
35864: 1.953125e+00 1.578125e+00 1.164062e+00 2.265625e-01 7.812500e-02
35864: 1.945736e+00 1.573643e+00 1.170543e+00 2.325581e-01 7.751938e-02
35864: 1.946154e+00 1.569231e+00 1.169231e+00 2.384615e-01 7.692308e-02
35864: 1.938931e+00 1.580153e+00 1.167939e+00 2.366412e-01 7.633588e-02
35864: 1.939394e+00 1.575758e+00 1.174242e+00 2.348485e-01 7.575758e-02
35864: 1.932331e+00 1.586466e+00 1.172932e+00 2.330827e-01 7.518797e-02
35864: 1.932836e+00 1.582090e+00 1.179104e+00 2.313433e-01 7.462687e-02
35864: 1.925926e+00 1.585185e+00 1.185185e+00 2.296296e-01 7.407407e-02
35864: 1.926471e+00 1.580882e+00 1.183824e+00 2.279412e-01 8.088235e-02
35864: 1.919708e+00 1.576642e+00 1.197080e+00 2.262774e-01 8.029197e-02
35864: 1.920290e+00 1.579710e+00 1.195652e+00 2.246377e-01 7.971014e-02
35864: 1.920863e+00 1.575540e+00 1.201439e+00 2.230216e-01 7.913669e-02
35864: 1.914286e+00 1.578571e+00 1.207143e+00 2.214286e-01 7.857143e-02
35864: 1.921986e+00 1.574468e+00 1.205674e+00 2.198582e-01 7.801418e-02
35864: 1.915493e+00 1.577465e+00 1.204225e+00 2.183099e-01 8.450704e-02
35864: 1.916084e+00 1.566434e+00 1.209790e+00 2.237762e-01 8.391608e-02
35864: 1.909722e+00 1.576389e+00 1.201389e+00 2.291667e-01 8.333333e-02
35864: 1.910345e+00 1.579310e+00 1.200000e+00 2.275862e-01 8.275862e-02
35864: 1.904110e+00 1.575342e+00 1.205479e+00 2.328767e-01 8.219178e-02
35864: 1.911565e+00 1.564626e+00 1.210884e+00 2.312925e-01 8.163265e-02
35864: 1.905405e+00 1.574324e+00 1.202703e+00 2.297297e-01 8.783784e-02
35864: 1.912752e+00 1.570470e+00 1.201342e+00 2.281879e-01 8.724832e-02
35864: 1.906667e+00 1.573333e+00 1.206667e+00 2.266667e-01 8.666667e-02
35864: 1.907285e+00 1.569536e+00 1.205298e+00 2.317881e-01 8.609272e-02
35864: 1.901316e+00 1.578947e+00 1.197368e+00 2.368421e-01 8.552632e-02
35864: 1.901961e+00 1.575163e+00 1.202614e+00 2.352941e-01 8.496732e-02
35864: 1.896104e+00 1.577922e+00 1.201299e+00 2.337662e-01 9.090909e-02
35864: 1.896774e+00 1.580645e+00 1.200000e+00 2.322581e-01 9.032258e-02
35864: 1.891026e+00 1.583333e+00 1.205128e+00 2.307692e-01 8.974359e-02
35864: 1.891720e+00 1.585987e+00 1.203822e+00 2.292994e-01 8.917197e-02
35864: 1.886076e+00 1.582278e+00 1.208861e+00 2.341772e-01 8.860759e-02
35864: 1.886792e+00 1.584906e+00 1.207547e+00 2.327044e-01 8.805031e-02
35864: 1.881250e+00 1.587500e+00 1.212500e+00 2.312500e-01 8.750000e-02
35864: 1.888199e+00 1.583851e+00 1.211180e+00 2.298137e-01 8.695652e-02
35864: 1.882716e+00 1.592593e+00 1.209877e+00 2.283951e-01 8.641975e-02
35864: 1.883436e+00 1.588957e+00 1.214724e+00 2.269939e-01 8.588957e-02
35864: 1.878049e+00 1.591463e+00 1.219512e+00 2.256098e-01 8.536585e-02
35864: 1.878788e+00 1.587879e+00 1.224242e+00 2.242424e-01 8.484848e-02
35864: 1.873494e+00 1.596386e+00 1.222892e+00 2.228916e-01 8.433735e-02
35864: 1.874251e+00 1.586826e+00 1.227545e+00 2.215569e-01 8.982036e-02
35864: 1.875000e+00 1.589286e+00 1.226190e+00 2.202381e-01 8.928571e-02
35864: 1.869822e+00 1.591716e+00 1.230769e+00 2.189349e-01 8.875740e-02
35864: 1.876471e+00 1.588235e+00 1.229412e+00 2.176471e-01 8.823529e-02
35864: 1.877193e+00 1.590643e+00 1.228070e+00 2.163743e-01 8.771930e-02
35864: 1.872093e+00 1.593023e+00 1.232558e+00 2.151163e-01 8.720930e-02
35864: 1.878613e+00 1.583815e+00 1.236994e+00 2.138728e-01 8.670520e-02
35864: 1.873563e+00 1.586207e+00 1.235632e+00 2.126437e-01 9.195402e-02
35864: 1.880000e+00 1.582857e+00 1.234286e+00 2.114286e-01 9.142857e-02
35864: 1.880682e+00 1.585227e+00 1.232955e+00 2.102273e-01 9.090909e-02
35864: 1.875706e+00 1.581921e+00 1.237288e+00 2.146893e-01 9.039548e-02
35864: 1.876404e+00 1.578652e+00 1.241573e+00 2.134831e-01 8.988764e-02
35864: 1.871508e+00 1.581006e+00 1.245810e+00 2.122905e-01 8.938547e-02
35864: 1.877778e+00 1.577778e+00 1.244444e+00 2.111111e-01 8.888889e-02
35864: 1.872928e+00 1.580110e+00 1.248619e+00 2.099448e-01 8.839779e-02
35864: 1.873626e+00 1.576923e+00 1.252747e+00 2.087912e-01 8.791209e-02
35864: 1.874317e+00 1.579235e+00 1.251366e+00 2.076503e-01 8.743169e-02
35864: 1.869565e+00 1.570652e+00 1.260870e+00 2.065217e-01 9.239130e-02
35864: 1.875676e+00 1.567568e+00 1.259459e+00 2.054054e-01 9.189189e-02
35864: 1.870968e+00 1.575269e+00 1.252688e+00 2.096774e-01 9.139785e-02
35864: 1.877005e+00 1.572193e+00 1.251337e+00 2.085561e-01 9.090909e-02
35864: 1.872340e+00 1.569149e+00 1.260638e+00 2.074468e-01 9.042553e-02
35864: 1.873016e+00 1.571429e+00 1.259259e+00 2.063492e-01 8.994709e-02
35864: 1.868421e+00 1.568421e+00 1.268421e+00 2.052632e-01 8.947368e-02
35864: 1.869110e+00 1.575916e+00 1.261780e+00 2.041885e-01 8.900524e-02
35864: 1.864583e+00 1.578125e+00 1.265625e+00 2.031250e-01 8.854167e-02
35864: 1.865285e+00 1.580311e+00 1.264249e+00 2.020725e-01 8.808290e-02
35864: 1.865979e+00 1.577320e+00 1.268041e+00 2.010309e-01 8.762887e-02
35864: 1.866667e+00 1.574359e+00 1.271795e+00 2.000000e-01 8.717949e-02
35864: 1.862245e+00 1.576531e+00 1.275510e+00 1.989796e-01 8.673469e-02
35864: 1.862944e+00 1.573604e+00 1.274112e+00 1.979695e-01 9.137056e-02
35864: 1.858586e+00 1.575758e+00 1.277778e+00 1.969697e-01 9.090909e-02
35864: 1.859296e+00 1.572864e+00 1.276382e+00 2.010050e-01 9.045226e-02
35864: 1.860000e+00 1.575000e+00 1.275000e+00 2.000000e-01 9.000000e-02
35864: 1.855721e+00 1.577114e+00 1.278607e+00 1.990050e-01 8.955224e-02
35864: 1.861386e+00 1.574257e+00 1.277228e+00 1.980198e-01 8.910891e-02
35864: 1.857143e+00 1.576355e+00 1.275862e+00 2.019704e-01 8.866995e-02
35864: 1.857843e+00 1.573529e+00 1.274510e+00 2.058824e-01 8.823529e-02
35864: 1.853659e+00 1.575610e+00 1.278049e+00 2.048780e-01 8.780488e-02
35864: 1.859223e+00 1.572816e+00 1.276699e+00 2.038835e-01 8.737864e-02
35864: 1.855072e+00 1.574879e+00 1.280193e+00 2.028986e-01 8.695652e-02
35864: 1.860577e+00 1.572115e+00 1.278846e+00 2.019231e-01 8.653846e-02
35864: 1.856459e+00 1.574163e+00 1.282297e+00 2.009569e-01 8.612440e-02
35864: 1.857143e+00 1.576190e+00 1.280952e+00 2.000000e-01 8.571429e-02
35864: 1.857820e+00 1.573460e+00 1.284360e+00 1.990521e-01 8.530806e-02
35864: 1.853774e+00 1.580189e+00 1.283019e+00 1.981132e-01 8.490566e-02
35864: 1.854460e+00 1.577465e+00 1.281690e+00 2.018779e-01 8.450704e-02
35864: 1.855140e+00 1.579439e+00 1.280374e+00 2.009346e-01 8.411215e-02
35864: 1.851163e+00 1.576744e+00 1.283721e+00 2.000000e-01 8.837209e-02
35864: 1.851852e+00 1.574074e+00 1.282407e+00 2.037037e-01 8.796296e-02
35864: 1.847926e+00 1.576037e+00 1.281106e+00 2.073733e-01 8.755760e-02
35864: 1.853211e+00 1.573394e+00 1.279817e+00 2.064220e-01 8.715596e-02
35864: 1.849315e+00 1.579909e+00 1.278539e+00 2.054795e-01 8.675799e-02
35864: 1.850000e+00 1.577273e+00 1.281818e+00 2.045455e-01 8.636364e-02
35864: 1.846154e+00 1.583710e+00 1.280543e+00 2.036199e-01 8.597285e-02
35864: 1.846847e+00 1.581081e+00 1.283784e+00 2.027027e-01 8.558559e-02
35864: 1.843049e+00 1.582960e+00 1.282511e+00 2.017937e-01 8.968610e-02
35864: 1.843750e+00 1.584821e+00 1.281250e+00 2.008929e-01 8.928571e-02
35864: 1.840000e+00 1.582222e+00 1.288889e+00 2.000000e-01 8.888889e-02
35864: 1.840708e+00 1.584071e+00 1.287611e+00 1.991150e-01 8.849558e-02
35864: 1.841410e+00 1.581498e+00 1.290749e+00 1.982379e-01 8.810573e-02
35864: 1.837719e+00 1.583333e+00 1.293860e+00 1.973684e-01 8.771930e-02
35864: 1.838428e+00 1.580786e+00 1.296943e+00 1.965066e-01 8.733624e-02
35864: 1.839130e+00 1.582609e+00 1.295652e+00 1.956522e-01 8.695652e-02
35864: 1.835498e+00 1.584416e+00 1.298701e+00 1.948052e-01 8.658009e-02
35864: 1.836207e+00 1.581897e+00 1.297414e+00 1.939655e-01 9.051724e-02
35864: 1.832618e+00 1.579399e+00 1.300429e+00 1.974249e-01 9.012876e-02
35864: 1.833333e+00 1.576923e+00 1.299145e+00 2.008547e-01 8.974359e-02
35864: 1.834043e+00 1.578723e+00 1.297872e+00 2.000000e-01 8.936170e-02
35864: 1.830508e+00 1.576271e+00 1.305085e+00 1.991525e-01 8.898305e-02
35864: 1.831224e+00 1.578059e+00 1.303797e+00 1.983122e-01 8.860759e-02
35864: 1.827731e+00 1.575630e+00 1.310924e+00 1.974790e-01 8.823529e-02
35864: 1.828452e+00 1.573222e+00 1.313808e+00 1.966527e-01 8.786611e-02
35864: 1.829167e+00 1.575000e+00 1.312500e+00 1.958333e-01 8.750000e-02
35864: 1.825726e+00 1.568465e+00 1.319502e+00 1.991701e-01 8.713693e-02
35864: 1.826446e+00 1.574380e+00 1.314050e+00 1.983471e-01 8.677686e-02
35864: 1.823045e+00 1.572016e+00 1.320988e+00 1.975309e-01 8.641975e-02
35864: 1.827869e+00 1.565574e+00 1.323770e+00 1.967213e-01 8.606557e-02
35864: 1.828571e+00 1.571429e+00 1.318367e+00 1.959184e-01 8.571429e-02
35864: 1.825203e+00 1.569106e+00 1.321138e+00 1.991870e-01 8.536585e-02
35864: 1.829960e+00 1.570850e+00 1.315789e+00 1.983806e-01 8.502024e-02
35864: 1.826613e+00 1.568548e+00 1.318548e+00 2.016129e-01 8.467742e-02
35864: 1.823293e+00 1.574297e+00 1.313253e+00 2.048193e-01 8.433735e-02
35864: 1.824000e+00 1.568000e+00 1.320000e+00 2.040000e-01 8.400000e-02
35864: 1.824701e+00 1.573705e+00 1.314741e+00 2.031873e-01 8.366534e-02
35864: 1.825397e+00 1.571429e+00 1.317460e+00 2.023810e-01 8.333333e-02
35864: 1.822134e+00 1.569170e+00 1.324111e+00 2.015810e-01 8.300395e-02
35864: 1.822835e+00 1.570866e+00 1.318898e+00 2.047244e-01 8.267717e-02
35864: 1.819608e+00 1.568627e+00 1.321569e+00 2.078431e-01 8.235294e-02
35864: 1.820312e+00 1.574219e+00 1.316406e+00 2.070312e-01 8.203125e-02
35864: 1.817121e+00 1.568093e+00 1.326848e+00 2.062257e-01 8.171206e-02
35864: 1.817829e+00 1.565891e+00 1.325581e+00 2.093023e-01 8.139535e-02
35864: 1.814672e+00 1.571429e+00 1.324324e+00 2.084942e-01 8.108108e-02
35864: 1.815385e+00 1.573077e+00 1.323077e+00 2.076923e-01 8.076923e-02
35864: 1.816092e+00 1.570881e+00 1.325670e+00 2.068966e-01 8.045977e-02
35864: 1.812977e+00 1.572519e+00 1.324427e+00 2.099237e-01 8.015267e-02
35864: 1.813688e+00 1.574144e+00 1.323194e+00 2.091255e-01 7.984791e-02
35864: 1.810606e+00 1.568182e+00 1.329545e+00 2.121212e-01 7.954545e-02
35864: 1.811321e+00 1.569811e+00 1.324528e+00 2.150943e-01 7.924528e-02
35864: 1.812030e+00 1.571429e+00 1.323308e+00 2.142857e-01 7.894737e-02
35864: 1.808989e+00 1.569288e+00 1.329588e+00 2.134831e-01 7.865169e-02
35864: 1.813433e+00 1.570896e+00 1.324627e+00 2.126866e-01 7.835821e-02
35864: 1.810409e+00 1.568773e+00 1.330855e+00 2.118959e-01 7.806691e-02
35864: 1.814815e+00 1.570370e+00 1.325926e+00 2.111111e-01 7.777778e-02
35864: 1.811808e+00 1.568266e+00 1.328413e+00 2.103321e-01 8.118081e-02
35864: 1.808824e+00 1.569853e+00 1.330882e+00 2.095588e-01 8.088235e-02
35864: 1.813187e+00 1.571429e+00 1.326007e+00 2.087912e-01 8.058608e-02
35864: 1.810219e+00 1.565693e+00 1.332117e+00 2.116788e-01 8.029197e-02
35864: 1.810909e+00 1.567273e+00 1.330909e+00 2.109091e-01 8.000000e-02
35864: 1.807971e+00 1.572464e+00 1.329710e+00 2.101449e-01 7.971014e-02
35864: 1.808664e+00 1.570397e+00 1.332130e+00 2.093863e-01 7.942238e-02
35864: 1.805755e+00 1.571942e+00 1.330935e+00 2.122302e-01 7.913669e-02
35864: 1.810036e+00 1.566308e+00 1.333333e+00 2.114695e-01 7.885305e-02
35864: 1.807143e+00 1.571429e+00 1.328571e+00 2.142857e-01 7.857143e-02
35864: 1.807829e+00 1.569395e+00 1.330961e+00 2.135231e-01 7.829181e-02
35864: 1.804965e+00 1.574468e+00 1.326241e+00 2.127660e-01 8.156028e-02
35864: 1.805654e+00 1.575972e+00 1.325088e+00 2.120141e-01 8.127208e-02
35864: 1.802817e+00 1.570423e+00 1.330986e+00 2.147887e-01 8.098592e-02
35864: 1.803509e+00 1.568421e+00 1.333333e+00 2.140351e-01 8.070175e-02
35864: 1.800699e+00 1.573427e+00 1.328671e+00 2.167832e-01 8.041958e-02
35864: 1.801394e+00 1.571429e+00 1.327526e+00 2.195122e-01 8.013937e-02
35864: 1.798611e+00 1.572917e+00 1.326389e+00 2.222222e-01 7.986111e-02
35864: 1.799308e+00 1.570934e+00 1.328720e+00 2.214533e-01 7.958478e-02
35864: 1.800000e+00 1.572414e+00 1.327586e+00 2.206897e-01 7.931034e-02
35864: 1.797251e+00 1.570447e+00 1.333333e+00 2.199313e-01 7.903780e-02
35864: 1.797945e+00 1.565068e+00 1.339041e+00 2.191781e-01 7.876712e-02
35864: 1.795222e+00 1.569966e+00 1.334471e+00 2.218430e-01 7.849829e-02
35864: 1.799320e+00 1.568027e+00 1.333333e+00 2.210884e-01 7.823129e-02
35864: 1.796610e+00 1.572881e+00 1.328814e+00 2.237288e-01 7.796610e-02
35864: 1.793919e+00 1.570946e+00 1.331081e+00 2.229730e-01 8.108108e-02
35864: 1.797980e+00 1.569024e+00 1.329966e+00 2.222222e-01 8.080808e-02
35864: 1.798658e+00 1.570470e+00 1.328859e+00 2.214765e-01 8.053691e-02
35864: 1.795987e+00 1.571906e+00 1.331104e+00 2.207358e-01 8.026756e-02
35864: 1.796667e+00 1.570000e+00 1.330000e+00 2.200000e-01 8.333333e-02
35864: 1.797342e+00 1.571429e+00 1.328904e+00 2.192691e-01 8.305648e-02
35864: 1.798013e+00 1.566225e+00 1.334437e+00 2.185430e-01 8.278146e-02
35864: 1.795380e+00 1.570957e+00 1.330033e+00 2.211221e-01 8.250825e-02
35864: 1.796053e+00 1.569079e+00 1.328947e+00 2.236842e-01 8.223684e-02
35864: 1.793443e+00 1.573770e+00 1.327869e+00 2.229508e-01 8.196721e-02
35864: 1.797386e+00 1.568627e+00 1.330065e+00 2.222222e-01 8.169935e-02
35864: 1.794788e+00 1.570033e+00 1.332248e+00 2.214984e-01 8.143322e-02
35864: 1.795455e+00 1.568182e+00 1.334416e+00 2.207792e-01 8.116883e-02
35864: 1.796117e+00 1.569579e+00 1.333333e+00 2.200647e-01 8.090615e-02
35864: 1.796774e+00 1.570968e+00 1.332258e+00 2.193548e-01 8.064516e-02
35864: 1.794212e+00 1.565916e+00 1.340836e+00 2.186495e-01 8.038585e-02
35864: 1.794872e+00 1.567308e+00 1.339744e+00 2.179487e-01 8.012821e-02
35864: 1.792332e+00 1.568690e+00 1.338658e+00 2.204473e-01 7.987220e-02
35864: 1.792994e+00 1.570064e+00 1.337580e+00 2.197452e-01 7.961783e-02
35864: 1.790476e+00 1.565079e+00 1.346032e+00 2.190476e-01 7.936508e-02
35864: 1.787975e+00 1.566456e+00 1.344937e+00 2.215190e-01 7.911392e-02
35864: 1.791798e+00 1.567823e+00 1.340694e+00 2.208202e-01 7.886435e-02
35864: 1.789308e+00 1.572327e+00 1.339623e+00 2.201258e-01 7.861635e-02
35864: 1.786834e+00 1.576803e+00 1.338558e+00 2.194357e-01 7.836991e-02
35864: 1.790625e+00 1.571875e+00 1.340625e+00 2.187500e-01 7.812500e-02
35864: 1.788162e+00 1.576324e+00 1.339564e+00 2.180685e-01 7.788162e-02
35864: 1.788820e+00 1.574534e+00 1.341615e+00 2.173913e-01 7.763975e-02
35864: 1.786378e+00 1.575851e+00 1.343653e+00 2.167183e-01 7.739938e-02
35864: 1.783951e+00 1.577160e+00 1.345679e+00 2.160494e-01 7.716049e-02
35864: 1.784615e+00 1.575385e+00 1.347692e+00 2.153846e-01 7.692308e-02
35864: 1.782209e+00 1.573620e+00 1.349693e+00 2.177914e-01 7.668712e-02
35864: 1.782875e+00 1.571865e+00 1.351682e+00 2.171254e-01 7.645260e-02
35864: 1.780488e+00 1.573171e+00 1.353659e+00 2.164634e-01 7.621951e-02
35864: 1.778116e+00 1.574468e+00 1.352584e+00 2.188450e-01 7.598784e-02
35864: 1.778788e+00 1.572727e+00 1.354545e+00 2.181818e-01 7.575758e-02
35864: 1.776435e+00 1.577039e+00 1.353474e+00 2.175227e-01 7.552870e-02
35864: 1.780120e+00 1.575301e+00 1.352410e+00 2.168675e-01 7.530120e-02
35864: 1.780781e+00 1.576577e+00 1.351351e+00 2.162162e-01 7.507508e-02
35864: 1.778443e+00 1.574850e+00 1.356287e+00 2.155689e-01 7.485030e-02
35864: 1.779104e+00 1.576119e+00 1.355224e+00 2.149254e-01 7.462687e-02
35864: 1.776786e+00 1.577381e+00 1.357143e+00 2.142857e-01 7.440476e-02
35864: 1.777448e+00 1.575668e+00 1.356083e+00 2.166172e-01 7.418398e-02
35864: 1.775148e+00 1.573964e+00 1.357988e+00 2.189349e-01 7.396450e-02
35864: 1.772861e+00 1.569322e+00 1.365782e+00 2.182891e-01 7.374631e-02
35864: 1.773529e+00 1.573529e+00 1.361765e+00 2.176471e-01 7.352941e-02
35864: 1.771261e+00 1.574780e+00 1.363636e+00 2.170088e-01 7.331378e-02
35864: 1.771930e+00 1.573099e+00 1.365497e+00 2.163743e-01 7.309942e-02
35864: 1.772595e+00 1.574344e+00 1.364431e+00 2.157434e-01 7.288630e-02
35864: 1.770349e+00 1.575581e+00 1.366279e+00 2.151163e-01 7.267442e-02
35864: 1.773913e+00 1.573913e+00 1.365217e+00 2.144928e-01 7.246377e-02
35864: 1.771676e+00 1.575145e+00 1.367052e+00 2.138728e-01 7.225434e-02
35864: 1.775216e+00 1.573487e+00 1.365994e+00 2.132565e-01 7.204611e-02
35864: 1.772989e+00 1.577586e+00 1.364943e+00 2.126437e-01 7.183908e-02
35864: 1.773639e+00 1.575931e+00 1.363897e+00 2.148997e-01 7.163324e-02
35864: 1.771429e+00 1.577143e+00 1.362857e+00 2.142857e-01 7.428571e-02
35864: 1.774929e+00 1.575499e+00 1.361823e+00 2.136752e-01 7.407407e-02
35864: 1.772727e+00 1.576705e+00 1.360795e+00 2.159091e-01 7.386364e-02
35864: 1.773371e+00 1.575071e+00 1.359773e+00 2.181303e-01 7.365439e-02
35864: 1.771186e+00 1.576271e+00 1.361582e+00 2.175141e-01 7.344633e-02
35864: 1.771831e+00 1.574648e+00 1.363380e+00 2.169014e-01 7.323944e-02
35864: 1.772472e+00 1.575843e+00 1.362360e+00 2.162921e-01 7.303371e-02
35864: 1.770308e+00 1.574230e+00 1.366947e+00 2.156863e-01 7.282913e-02
35864: 1.773743e+00 1.572626e+00 1.365922e+00 2.150838e-01 7.262570e-02
35864: 1.774373e+00 1.573816e+00 1.364903e+00 2.144847e-01 7.242340e-02
35864: 1.772222e+00 1.575000e+00 1.366667e+00 2.138889e-01 7.222222e-02
35864: 1.772853e+00 1.573407e+00 1.368421e+00 2.132964e-01 7.202216e-02
35864: 1.770718e+00 1.577348e+00 1.367403e+00 2.127072e-01 7.182320e-02
35864: 1.774105e+00 1.573003e+00 1.369146e+00 2.121212e-01 7.162534e-02
35864: 1.771978e+00 1.571429e+00 1.370879e+00 2.142857e-01 7.142857e-02
35864: 1.769863e+00 1.572603e+00 1.372603e+00 2.136986e-01 7.123288e-02
35864: 1.770492e+00 1.571038e+00 1.374317e+00 2.131148e-01 7.103825e-02
35864: 1.768392e+00 1.572207e+00 1.373297e+00 2.125341e-01 7.356948e-02
35864: 1.769022e+00 1.570652e+00 1.375000e+00 2.119565e-01 7.336957e-02
35864: 1.766938e+00 1.571816e+00 1.376694e+00 2.113821e-01 7.317073e-02
35864: 1.770270e+00 1.570270e+00 1.375676e+00 2.108108e-01 7.297297e-02
35864: 1.768194e+00 1.568733e+00 1.380054e+00 2.102426e-01 7.277628e-02
35864: 1.768817e+00 1.569892e+00 1.376344e+00 2.123656e-01 7.258065e-02
35864: 1.766756e+00 1.571046e+00 1.375335e+00 2.144772e-01 7.238606e-02
35864: 1.767380e+00 1.569519e+00 1.374332e+00 2.139037e-01 7.486631e-02
35864: 1.768000e+00 1.573333e+00 1.370667e+00 2.133333e-01 7.466667e-02
35864: 1.765957e+00 1.571809e+00 1.375000e+00 2.127660e-01 7.446809e-02
35864: 1.766578e+00 1.570292e+00 1.374005e+00 2.148541e-01 7.427056e-02
35864: 1.764550e+00 1.574074e+00 1.373016e+00 2.142857e-01 7.407407e-02
35864: 1.765172e+00 1.572559e+00 1.374670e+00 2.137203e-01 7.387863e-02
35864: 1.765789e+00 1.573684e+00 1.373684e+00 2.131579e-01 7.368421e-02
35864: 1.763780e+00 1.574803e+00 1.375328e+00 2.125984e-01 7.349081e-02
35864: 1.764398e+00 1.575916e+00 1.374346e+00 2.120419e-01 7.329843e-02
35864: 1.765013e+00 1.574413e+00 1.375979e+00 2.114883e-01 7.310705e-02
35864: 1.763021e+00 1.575521e+00 1.377604e+00 2.109375e-01 7.291667e-02
35864: 1.766234e+00 1.574026e+00 1.376623e+00 2.103896e-01 7.272727e-02
35864: 1.766839e+00 1.575130e+00 1.375648e+00 2.098446e-01 7.253886e-02
35864: 1.767442e+00 1.573643e+00 1.377261e+00 2.093023e-01 7.235142e-02
35864: 1.765464e+00 1.574742e+00 1.378866e+00 2.087629e-01 7.216495e-02
35864: 1.768638e+00 1.573265e+00 1.377892e+00 2.082262e-01 7.197943e-02
35864: 1.766667e+00 1.574359e+00 1.376923e+00 2.102564e-01 7.179487e-02
35864: 1.769821e+00 1.572890e+00 1.375959e+00 2.097187e-01 7.161125e-02
35864: 1.767857e+00 1.573980e+00 1.375000e+00 2.117347e-01 7.142857e-02
35864: 1.768448e+00 1.572519e+00 1.374046e+00 2.111959e-01 7.379135e-02
35864: 1.766497e+00 1.576142e+00 1.373096e+00 2.106599e-01 7.360406e-02
35864: 1.767089e+00 1.574684e+00 1.374684e+00 2.101266e-01 7.341772e-02
35864: 1.765152e+00 1.578283e+00 1.373737e+00 2.095960e-01 7.323232e-02
35864: 1.765743e+00 1.576826e+00 1.372796e+00 2.090680e-01 7.556675e-02
35864: 1.763819e+00 1.577889e+00 1.371859e+00 2.085427e-01 7.788945e-02
35864: 1.766917e+00 1.576441e+00 1.370927e+00 2.080201e-01 7.769424e-02
35864: 1.765000e+00 1.580000e+00 1.370000e+00 2.075000e-01 7.750000e-02
35864: 1.768080e+00 1.578554e+00 1.369077e+00 2.069825e-01 7.730673e-02
35864: 1.766169e+00 1.579602e+00 1.368159e+00 2.089552e-01 7.711443e-02
35864: 1.766749e+00 1.580645e+00 1.367246e+00 2.084367e-01 7.692308e-02
35864: 1.764851e+00 1.581683e+00 1.368812e+00 2.079208e-01 7.673267e-02
35864: 1.767901e+00 1.580247e+00 1.367901e+00 2.074074e-01 7.654321e-02
35864: 1.766010e+00 1.581281e+00 1.366995e+00 2.068966e-01 7.881773e-02
35864: 1.764128e+00 1.579853e+00 1.368550e+00 2.088452e-01 7.862408e-02
35864: 1.764706e+00 1.578431e+00 1.367647e+00 2.083333e-01 8.088235e-02
35864: 1.762836e+00 1.579462e+00 1.366748e+00 2.102689e-01 8.068460e-02
35864: 1.765854e+00 1.578049e+00 1.365854e+00 2.097561e-01 8.048780e-02
35864: 1.766423e+00 1.579075e+00 1.364964e+00 2.092457e-01 8.029197e-02
35864: 1.764563e+00 1.577670e+00 1.366505e+00 2.111650e-01 8.009709e-02
35864: 1.765133e+00 1.578692e+00 1.365617e+00 2.106538e-01 7.990315e-02
35864: 1.763285e+00 1.577295e+00 1.369565e+00 2.101449e-01 7.971014e-02
35864: 1.763855e+00 1.575904e+00 1.368675e+00 2.096386e-01 8.192771e-02
35864: 1.764423e+00 1.576923e+00 1.367788e+00 2.091346e-01 8.173077e-02
35864: 1.762590e+00 1.577938e+00 1.369305e+00 2.086331e-01 8.153477e-02
35864: 1.763158e+00 1.578947e+00 1.368421e+00 2.081340e-01 8.133971e-02
35864: 1.761337e+00 1.575179e+00 1.372315e+00 2.100239e-01 8.114558e-02
35864: 1.761905e+00 1.573810e+00 1.371429e+00 2.095238e-01 8.333333e-02
35864: 1.760095e+00 1.577197e+00 1.370546e+00 2.090261e-01 8.313539e-02
35864: 1.760664e+00 1.575829e+00 1.372038e+00 2.085308e-01 8.293839e-02
35864: 1.761229e+00 1.576832e+00 1.371158e+00 2.080378e-01 8.274232e-02
35864: 1.759434e+00 1.573113e+00 1.375000e+00 2.099057e-01 8.254717e-02
35864: 1.760000e+00 1.571765e+00 1.376471e+00 2.094118e-01 8.235294e-02
35864: 1.758216e+00 1.575117e+00 1.375587e+00 2.089202e-01 8.215962e-02
35864: 1.761124e+00 1.573770e+00 1.374707e+00 2.084309e-01 8.196721e-02
35864: 1.759346e+00 1.574766e+00 1.376168e+00 2.079439e-01 8.177570e-02
35864: 1.759907e+00 1.573427e+00 1.375291e+00 2.074592e-01 8.391608e-02
35864: 1.758140e+00 1.572093e+00 1.379070e+00 2.069767e-01 8.372093e-02
35864: 1.758701e+00 1.570766e+00 1.380510e+00 2.064965e-01 8.352668e-02
35864: 1.756944e+00 1.571759e+00 1.379630e+00 2.060185e-01 8.564815e-02
35864: 1.757506e+00 1.570439e+00 1.378753e+00 2.078522e-01 8.545035e-02
35864: 1.755760e+00 1.571429e+00 1.377880e+00 2.096774e-01 8.525346e-02
35864: 1.756322e+00 1.570115e+00 1.379310e+00 2.091954e-01 8.505747e-02
35864: 1.754587e+00 1.573394e+00 1.378440e+00 2.087156e-01 8.486239e-02
35864: 1.755149e+00 1.572082e+00 1.377574e+00 2.082380e-01 8.695652e-02
35864: 1.753425e+00 1.573059e+00 1.376712e+00 2.100457e-01 8.675799e-02
35864: 1.753986e+00 1.571754e+00 1.378132e+00 2.095672e-01 8.656036e-02
35864: 1.752273e+00 1.572727e+00 1.377273e+00 2.113636e-01 8.636364e-02
35864: 1.755102e+00 1.571429e+00 1.376417e+00 2.108844e-01 8.616780e-02
35864: 1.753394e+00 1.574661e+00 1.375566e+00 2.104072e-01 8.597285e-02
35864: 1.753950e+00 1.573363e+00 1.374718e+00 2.121896e-01 8.577878e-02
35864: 1.752252e+00 1.574324e+00 1.376126e+00 2.117117e-01 8.558559e-02
35864: 1.755056e+00 1.573034e+00 1.375281e+00 2.112360e-01 8.539326e-02
35864: 1.753363e+00 1.576233e+00 1.374439e+00 2.107623e-01 8.520179e-02
35864: 1.753915e+00 1.572707e+00 1.375839e+00 2.102908e-01 8.724832e-02
35864: 1.754464e+00 1.573661e+00 1.375000e+00 2.098214e-01 8.705357e-02
35864: 1.752784e+00 1.572383e+00 1.376392e+00 2.115813e-01 8.685969e-02
35864: 1.755556e+00 1.568889e+00 1.377778e+00 2.111111e-01 8.666667e-02
35864: 1.753880e+00 1.574279e+00 1.374723e+00 2.106430e-01 8.647450e-02
35864: 1.756637e+00 1.573009e+00 1.373894e+00 2.101770e-01 8.628319e-02
35864: 1.754967e+00 1.571744e+00 1.377483e+00 2.097130e-01 8.609272e-02
35864: 1.753304e+00 1.574890e+00 1.376652e+00 2.092511e-01 8.590308e-02
35864: 1.753846e+00 1.575824e+00 1.375824e+00 2.087912e-01 8.571429e-02
35864: 1.752193e+00 1.576754e+00 1.377193e+00 2.083333e-01 8.552632e-02
35864: 1.752735e+00 1.577681e+00 1.376368e+00 2.078775e-01 8.533917e-02
35864: 1.751092e+00 1.578603e+00 1.377729e+00 2.074236e-01 8.515284e-02
35864: 1.753813e+00 1.577342e+00 1.376906e+00 2.069717e-01 8.496732e-02
35864: 1.754348e+00 1.578261e+00 1.376087e+00 2.065217e-01 8.478261e-02
35864: 1.752711e+00 1.577007e+00 1.379610e+00 2.060738e-01 8.459870e-02
35864: 1.755411e+00 1.575758e+00 1.378788e+00 2.056277e-01 8.441558e-02
35864: 1.753780e+00 1.576674e+00 1.377970e+00 2.073434e-01 8.423326e-02
35864: 1.754310e+00 1.577586e+00 1.377155e+00 2.068966e-01 8.405172e-02
35864: 1.752688e+00 1.576344e+00 1.378495e+00 2.064516e-01 8.602151e-02
35864: 1.753219e+00 1.575107e+00 1.377682e+00 2.081545e-01 8.583691e-02
35864: 1.753747e+00 1.576017e+00 1.376874e+00 2.077088e-01 8.565310e-02
35864: 1.754274e+00 1.574786e+00 1.378205e+00 2.072650e-01 8.547009e-02
35864: 1.752665e+00 1.575693e+00 1.379531e+00 2.068230e-01 8.528785e-02
35864: 1.753191e+00 1.576596e+00 1.378723e+00 2.063830e-01 8.510638e-02
35864: 1.753715e+00 1.575372e+00 1.380042e+00 2.059448e-01 8.492569e-02
35864: 1.754237e+00 1.576271e+00 1.379237e+00 2.055085e-01 8.474576e-02
35864: 1.752643e+00 1.575053e+00 1.382664e+00 2.050740e-01 8.456660e-02
35864: 1.755274e+00 1.571730e+00 1.383966e+00 2.046414e-01 8.438819e-02
35864: 1.755789e+00 1.572632e+00 1.383158e+00 2.042105e-01 8.421053e-02
35864: 1.756303e+00 1.571429e+00 1.384454e+00 2.037815e-01 8.403361e-02
35864: 1.756813e+00 1.572327e+00 1.383648e+00 2.033543e-01 8.385744e-02
35864: 1.755230e+00 1.571130e+00 1.384937e+00 2.050209e-01 8.368201e-02
35864: 1.755741e+00 1.572025e+00 1.384134e+00 2.045929e-01 8.350731e-02
35864: 1.754167e+00 1.572917e+00 1.385417e+00 2.041667e-01 8.333333e-02
35864: 1.754678e+00 1.571726e+00 1.386694e+00 2.037422e-01 8.316008e-02
35864: 1.753112e+00 1.572614e+00 1.385892e+00 2.033195e-01 8.506224e-02
35864: 1.751553e+00 1.573499e+00 1.387164e+00 2.028986e-01 8.488613e-02
35864: 1.752066e+00 1.572314e+00 1.386364e+00 2.045455e-01 8.471074e-02
35864: 1.752577e+00 1.573196e+00 1.385567e+00 2.041237e-01 8.453608e-02
35864: 1.751029e+00 1.572016e+00 1.386831e+00 2.037037e-01 8.641975e-02
35864: 1.751540e+00 1.570842e+00 1.386037e+00 2.053388e-01 8.624230e-02
35864: 1.752049e+00 1.571721e+00 1.385246e+00 2.049180e-01 8.606557e-02
35864: 1.752556e+00 1.570552e+00 1.386503e+00 2.044990e-01 8.588957e-02
35864: 1.753061e+00 1.569388e+00 1.387755e+00 2.040816e-01 8.571429e-02
35864: 1.751527e+00 1.572301e+00 1.384929e+00 2.036660e-01 8.757637e-02
35864: 1.754065e+00 1.571138e+00 1.384146e+00 2.032520e-01 8.739837e-02
35864: 1.754564e+00 1.572008e+00 1.383367e+00 2.028398e-01 8.722110e-02
35864: 1.753036e+00 1.572874e+00 1.384615e+00 2.024291e-01 8.704453e-02
35864: 1.753535e+00 1.571717e+00 1.385859e+00 2.020202e-01 8.686869e-02
35864: 1.752016e+00 1.574597e+00 1.385081e+00 2.016129e-01 8.669355e-02
35864: 1.754527e+00 1.573441e+00 1.384306e+00 2.012072e-01 8.651911e-02
35864: 1.753012e+00 1.576305e+00 1.383534e+00 2.008032e-01 8.634538e-02
35864: 1.755511e+00 1.573146e+00 1.384770e+00 2.004008e-01 8.617234e-02
35864: 1.756000e+00 1.574000e+00 1.384000e+00 2.000000e-01 8.600000e-02
35864: 1.756487e+00 1.572854e+00 1.385230e+00 1.996008e-01 8.582834e-02
35864: 1.756972e+00 1.573705e+00 1.384462e+00 1.992032e-01 8.565737e-02
35864: 1.755467e+00 1.572565e+00 1.387674e+00 1.988072e-01 8.548708e-02
35864: 1.755952e+00 1.571429e+00 1.388889e+00 1.984127e-01 8.531746e-02
35864: 1.754455e+00 1.572277e+00 1.388119e+00 2.000000e-01 8.514851e-02
35864: 1.752964e+00 1.571146e+00 1.391304e+00 1.996047e-01 8.498024e-02
35864: 1.755424e+00 1.568047e+00 1.392505e+00 1.992110e-01 8.481262e-02
35864: 1.755906e+00 1.570866e+00 1.389764e+00 1.988189e-01 8.464567e-02
35864: 1.756385e+00 1.569745e+00 1.390963e+00 1.984283e-01 8.447937e-02
35864: 1.754902e+00 1.570588e+00 1.392157e+00 1.980392e-01 8.431373e-02
35864: 1.753425e+00 1.569472e+00 1.395303e+00 1.976517e-01 8.414873e-02
35864: 1.755859e+00 1.570312e+00 1.392578e+00 1.972656e-01 8.398438e-02
35864: 1.754386e+00 1.569201e+00 1.395712e+00 1.968811e-01 8.382066e-02
35864: 1.756809e+00 1.570039e+00 1.392996e+00 1.964981e-01 8.365759e-02
35864: 1.755340e+00 1.568932e+00 1.396117e+00 1.961165e-01 8.349515e-02
35864: 1.753876e+00 1.573643e+00 1.393411e+00 1.957364e-01 8.333333e-02
35864: 1.754352e+00 1.570600e+00 1.396518e+00 1.953578e-01 8.317215e-02
35864: 1.752896e+00 1.571429e+00 1.395753e+00 1.969112e-01 8.301158e-02
35864: 1.753372e+00 1.572254e+00 1.394990e+00 1.965318e-01 8.285164e-02
35864: 1.751923e+00 1.571154e+00 1.398077e+00 1.961538e-01 8.269231e-02
35864: 1.754319e+00 1.570058e+00 1.397313e+00 1.957774e-01 8.253359e-02
35864: 1.752874e+00 1.570881e+00 1.396552e+00 1.973180e-01 8.237548e-02
35864: 1.751434e+00 1.571702e+00 1.397706e+00 1.969407e-01 8.221797e-02
35864: 1.751908e+00 1.570611e+00 1.396947e+00 1.984733e-01 8.206107e-02
35864: 1.750476e+00 1.573333e+00 1.396190e+00 1.980952e-01 8.190476e-02
35864: 1.750951e+00 1.572243e+00 1.397338e+00 1.977186e-01 8.174905e-02
35864: 1.749526e+00 1.573055e+00 1.396584e+00 1.992410e-01 8.159393e-02
35864: 1.750000e+00 1.573864e+00 1.395833e+00 1.988636e-01 8.143939e-02
35864: 1.748582e+00 1.572779e+00 1.398866e+00 1.984877e-01 8.128544e-02
35864: 1.749057e+00 1.573585e+00 1.398113e+00 1.981132e-01 8.113208e-02
35864: 1.747646e+00 1.570621e+00 1.403013e+00 1.977401e-01 8.097928e-02
35864: 1.746241e+00 1.571429e+00 1.404135e+00 1.973684e-01 8.082707e-02
35864: 1.748593e+00 1.570356e+00 1.403377e+00 1.969981e-01 8.067542e-02
35864: 1.747191e+00 1.573034e+00 1.402622e+00 1.966292e-01 8.052434e-02
35864: 1.747664e+00 1.571963e+00 1.401869e+00 1.981308e-01 8.037383e-02
35864: 1.746269e+00 1.574627e+00 1.401119e+00 1.977612e-01 8.022388e-02
35864: 1.746741e+00 1.571695e+00 1.402235e+00 1.992551e-01 8.007449e-02
35864: 1.747212e+00 1.572491e+00 1.401487e+00 1.988848e-01 7.992565e-02
35864: 1.745826e+00 1.571429e+00 1.402597e+00 2.003711e-01 7.977737e-02
35864: 1.744444e+00 1.572222e+00 1.401852e+00 2.018519e-01 7.962963e-02
35864: 1.746765e+00 1.571165e+00 1.401109e+00 2.014787e-01 7.948244e-02
35864: 1.745387e+00 1.571956e+00 1.402214e+00 2.011070e-01 7.933579e-02
35864: 1.744015e+00 1.572744e+00 1.403315e+00 2.007366e-01 7.918969e-02
35864: 1.744485e+00 1.569853e+00 1.406250e+00 2.003676e-01 7.904412e-02
35864: 1.743119e+00 1.572477e+00 1.405505e+00 2.000000e-01 7.889908e-02
35864: 1.743590e+00 1.571429e+00 1.404762e+00 2.014652e-01 7.875458e-02
35864: 1.744059e+00 1.572212e+00 1.404022e+00 2.010969e-01 7.861060e-02
35864: 1.744526e+00 1.571168e+00 1.405109e+00 2.007299e-01 7.846715e-02
35864: 1.743169e+00 1.571949e+00 1.406193e+00 2.003643e-01 7.832423e-02
35864: 1.745455e+00 1.570909e+00 1.405455e+00 2.000000e-01 7.818182e-02
35864: 1.745917e+00 1.571688e+00 1.404719e+00 1.996370e-01 7.803993e-02
35864: 1.744565e+00 1.572464e+00 1.405797e+00 1.992754e-01 7.789855e-02
35864: 1.745027e+00 1.571429e+00 1.406872e+00 1.989150e-01 7.775769e-02
35864: 1.743682e+00 1.572202e+00 1.406137e+00 2.003610e-01 7.761733e-02
35864: 1.745946e+00 1.571171e+00 1.405405e+00 2.000000e-01 7.747748e-02
35864: 1.746403e+00 1.571942e+00 1.404676e+00 1.996403e-01 7.733813e-02
35864: 1.745063e+00 1.570916e+00 1.407540e+00 1.992819e-01 7.719928e-02
35864: 1.745520e+00 1.571685e+00 1.406810e+00 1.989247e-01 7.706093e-02
35864: 1.744186e+00 1.570662e+00 1.409660e+00 1.985689e-01 7.692308e-02
35864: 1.744643e+00 1.569643e+00 1.410714e+00 1.982143e-01 7.678571e-02
35864: 1.743316e+00 1.572193e+00 1.409982e+00 1.978610e-01 7.664884e-02
35864: 1.745552e+00 1.571174e+00 1.409253e+00 1.975089e-01 7.651246e-02
35864: 1.746004e+00 1.571936e+00 1.408526e+00 1.971581e-01 7.637655e-02
35864: 1.744681e+00 1.570922e+00 1.411348e+00 1.968085e-01 7.624113e-02
35864: 1.743363e+00 1.573451e+00 1.410619e+00 1.964602e-01 7.610619e-02
35864: 1.745583e+00 1.572438e+00 1.409894e+00 1.961131e-01 7.597173e-02
35864: 1.744268e+00 1.573192e+00 1.410935e+00 1.957672e-01 7.583774e-02
35864: 1.742958e+00 1.573944e+00 1.411972e+00 1.954225e-01 7.570423e-02
35864: 1.745167e+00 1.572935e+00 1.411248e+00 1.950791e-01 7.557118e-02
35864: 1.743860e+00 1.573684e+00 1.410526e+00 1.964912e-01 7.543860e-02
35864: 1.742557e+00 1.574431e+00 1.411559e+00 1.961471e-01 7.530648e-02
35864: 1.744755e+00 1.573427e+00 1.410839e+00 1.958042e-01 7.517483e-02
35864: 1.743455e+00 1.574171e+00 1.411867e+00 1.954625e-01 7.504363e-02
35864: 1.743902e+00 1.574913e+00 1.411150e+00 1.951220e-01 7.491289e-02
35864: 1.744348e+00 1.572174e+00 1.413913e+00 1.947826e-01 7.478261e-02
35864: 1.743056e+00 1.574653e+00 1.413194e+00 1.944444e-01 7.465278e-02
35864: 1.743501e+00 1.573657e+00 1.412478e+00 1.958406e-01 7.452340e-02
35864: 1.742215e+00 1.574394e+00 1.413495e+00 1.955017e-01 7.439446e-02
35864: 1.744387e+00 1.573402e+00 1.412781e+00 1.951641e-01 7.426598e-02
35864: 1.744828e+00 1.574138e+00 1.412069e+00 1.948276e-01 7.413793e-02
35864: 1.745267e+00 1.573150e+00 1.413081e+00 1.944923e-01 7.401033e-02
35864: 1.743986e+00 1.573883e+00 1.414089e+00 1.941581e-01 7.388316e-02
35864: 1.744425e+00 1.572899e+00 1.413379e+00 1.955403e-01 7.375643e-02
35864: 1.743151e+00 1.573630e+00 1.414384e+00 1.952055e-01 7.363014e-02
35864: 1.743590e+00 1.574359e+00 1.413675e+00 1.948718e-01 7.350427e-02
35864: 1.742321e+00 1.573379e+00 1.416382e+00 1.945392e-01 7.337884e-02
35864: 1.742760e+00 1.574106e+00 1.415673e+00 1.942078e-01 7.325383e-02
35864: 1.741497e+00 1.573129e+00 1.416667e+00 1.938776e-01 7.482993e-02
35864: 1.741935e+00 1.572156e+00 1.417657e+00 1.935484e-01 7.470289e-02
35864: 1.740678e+00 1.572881e+00 1.416949e+00 1.949153e-01 7.457627e-02
35864: 1.741117e+00 1.571912e+00 1.417936e+00 1.945854e-01 7.445008e-02
35864: 1.741554e+00 1.572635e+00 1.417230e+00 1.942568e-01 7.432432e-02
35864: 1.741990e+00 1.571669e+00 1.418212e+00 1.939292e-01 7.419899e-02
35864: 1.740741e+00 1.572391e+00 1.417508e+00 1.952862e-01 7.407407e-02
35864: 1.742857e+00 1.569748e+00 1.418487e+00 1.949580e-01 7.394958e-02
35864: 1.741611e+00 1.573826e+00 1.416107e+00 1.946309e-01 7.382550e-02
35864: 1.742044e+00 1.571189e+00 1.417085e+00 1.959799e-01 7.370184e-02
35864: 1.740803e+00 1.571906e+00 1.416388e+00 1.973244e-01 7.357860e-02
35864: 1.741235e+00 1.572621e+00 1.415693e+00 1.969950e-01 7.345576e-02
35864: 1.740000e+00 1.571667e+00 1.416667e+00 1.966667e-01 7.500000e-02
35864: 1.742097e+00 1.570715e+00 1.415973e+00 1.963394e-01 7.487521e-02
35864: 1.740864e+00 1.571429e+00 1.416944e+00 1.960133e-01 7.475083e-02
35864: 1.739635e+00 1.573798e+00 1.416252e+00 1.956882e-01 7.462687e-02
35864: 1.741722e+00 1.572848e+00 1.415563e+00 1.953642e-01 7.450331e-02
35864: 1.742149e+00 1.573554e+00 1.414876e+00 1.950413e-01 7.438017e-02
35864: 1.742574e+00 1.570957e+00 1.417492e+00 1.947195e-01 7.425743e-02
35864: 1.741351e+00 1.571664e+00 1.418451e+00 1.943987e-01 7.413509e-02
35864: 1.741776e+00 1.570724e+00 1.419408e+00 1.940789e-01 7.401316e-02
35864: 1.740558e+00 1.573071e+00 1.418719e+00 1.937603e-01 7.389163e-02
35864: 1.740984e+00 1.570492e+00 1.421311e+00 1.934426e-01 7.377049e-02
35864: 1.739771e+00 1.572831e+00 1.420622e+00 1.931260e-01 7.364975e-02
35864: 1.740196e+00 1.571895e+00 1.421569e+00 1.928105e-01 7.352941e-02
35864: 1.738989e+00 1.574225e+00 1.420881e+00 1.924959e-01 7.340946e-02
35864: 1.739414e+00 1.574919e+00 1.420195e+00 1.921824e-01 7.328990e-02
35864: 1.738211e+00 1.575610e+00 1.421138e+00 1.918699e-01 7.317073e-02
35864: 1.738636e+00 1.576299e+00 1.420455e+00 1.915584e-01 7.305195e-02
35864: 1.737439e+00 1.576985e+00 1.421394e+00 1.912480e-01 7.293355e-02
35864: 1.739482e+00 1.576052e+00 1.420712e+00 1.909385e-01 7.281553e-02
35864: 1.738288e+00 1.578352e+00 1.420032e+00 1.906300e-01 7.269790e-02
35864: 1.737097e+00 1.580645e+00 1.419355e+00 1.903226e-01 7.258065e-02
35864: 1.739130e+00 1.579710e+00 1.418680e+00 1.900161e-01 7.246377e-02
35864: 1.739550e+00 1.580386e+00 1.418006e+00 1.897106e-01 7.234727e-02
35864: 1.739968e+00 1.579454e+00 1.418941e+00 1.894061e-01 7.223114e-02
35864: 1.740385e+00 1.580128e+00 1.418269e+00 1.891026e-01 7.211538e-02
35864: 1.739200e+00 1.579200e+00 1.419200e+00 1.904000e-01 7.200000e-02
35864: 1.739617e+00 1.578275e+00 1.420128e+00 1.900958e-01 7.188498e-02
35864: 1.738437e+00 1.578947e+00 1.421053e+00 1.897927e-01 7.177033e-02
35864: 1.737261e+00 1.581210e+00 1.420382e+00 1.894904e-01 7.165605e-02
35864: 1.737679e+00 1.578696e+00 1.421304e+00 1.891892e-01 7.313196e-02
35864: 1.736508e+00 1.579365e+00 1.422222e+00 1.888889e-01 7.301587e-02
35864: 1.736926e+00 1.578447e+00 1.421553e+00 1.885895e-01 7.448494e-02
35864: 1.735759e+00 1.579114e+00 1.420886e+00 1.898734e-01 7.436709e-02
35864: 1.736177e+00 1.578199e+00 1.421801e+00 1.895735e-01 7.424961e-02
35864: 1.735016e+00 1.578864e+00 1.421136e+00 1.908517e-01 7.413249e-02
35864: 1.735433e+00 1.579528e+00 1.420472e+00 1.905512e-01 7.401575e-02
35864: 1.735849e+00 1.578616e+00 1.421384e+00 1.902516e-01 7.389937e-02
35864: 1.734694e+00 1.579278e+00 1.422292e+00 1.899529e-01 7.378336e-02
35864: 1.735110e+00 1.579937e+00 1.421630e+00 1.896552e-01 7.366771e-02
35864: 1.733959e+00 1.579030e+00 1.422535e+00 1.909233e-01 7.355243e-02
35864: 1.735937e+00 1.578125e+00 1.421875e+00 1.906250e-01 7.343750e-02
35864: 1.734789e+00 1.578783e+00 1.422777e+00 1.903276e-01 7.332293e-02
35864: 1.736760e+00 1.577882e+00 1.422118e+00 1.900312e-01 7.320872e-02
35864: 1.737170e+00 1.578538e+00 1.421462e+00 1.897356e-01 7.309487e-02
35864: 1.736025e+00 1.577640e+00 1.423913e+00 1.894410e-01 7.298137e-02
35864: 1.736434e+00 1.576744e+00 1.424806e+00 1.891473e-01 7.286822e-02
35864: 1.735294e+00 1.577399e+00 1.424149e+00 1.904025e-01 7.275542e-02
35864: 1.735703e+00 1.574961e+00 1.425039e+00 1.916538e-01 7.264297e-02
35864: 1.734568e+00 1.577160e+00 1.424383e+00 1.913580e-01 7.253086e-02
35864: 1.736518e+00 1.574730e+00 1.425270e+00 1.910632e-01 7.241911e-02
35864: 1.736923e+00 1.575385e+00 1.424615e+00 1.907692e-01 7.230769e-02
35864: 1.735791e+00 1.572965e+00 1.427035e+00 1.904762e-01 7.373272e-02
35864: 1.736196e+00 1.572086e+00 1.427914e+00 1.901840e-01 7.361963e-02
35864: 1.736600e+00 1.571210e+00 1.428790e+00 1.898928e-01 7.350689e-02
35864: 1.735474e+00 1.573394e+00 1.428135e+00 1.896024e-01 7.339450e-02
35864: 1.735878e+00 1.572519e+00 1.427481e+00 1.908397e-01 7.328244e-02
35864: 1.734756e+00 1.573171e+00 1.426829e+00 1.905488e-01 7.469512e-02
35864: 1.735160e+00 1.572298e+00 1.427702e+00 1.902588e-01 7.458143e-02
35864: 1.735562e+00 1.572948e+00 1.427052e+00 1.899696e-01 7.446809e-02
35864: 1.734446e+00 1.573596e+00 1.427921e+00 1.896813e-01 7.435508e-02
35864: 1.733333e+00 1.574242e+00 1.427273e+00 1.909091e-01 7.424242e-02
35864: 1.733737e+00 1.573374e+00 1.426626e+00 1.906203e-01 7.564297e-02
35864: 1.732628e+00 1.574018e+00 1.425982e+00 1.918429e-01 7.552870e-02
35864: 1.734540e+00 1.573152e+00 1.425339e+00 1.915535e-01 7.541478e-02
35864: 1.733434e+00 1.573795e+00 1.426205e+00 1.912651e-01 7.530120e-02
35864: 1.732331e+00 1.574436e+00 1.427068e+00 1.909774e-01 7.518797e-02
35864: 1.732733e+00 1.573574e+00 1.427928e+00 1.906907e-01 7.507508e-02
35864: 1.731634e+00 1.574213e+00 1.428786e+00 1.904048e-01 7.496252e-02
35864: 1.732036e+00 1.574850e+00 1.428144e+00 1.901198e-01 7.485030e-02
35864: 1.730942e+00 1.575486e+00 1.428999e+00 1.898356e-01 7.473842e-02
35864: 1.731343e+00 1.574627e+00 1.429851e+00 1.895522e-01 7.462687e-02
35864: 1.730253e+00 1.576751e+00 1.429210e+00 1.892697e-01 7.451565e-02
35864: 1.730655e+00 1.577381e+00 1.428571e+00 1.889881e-01 7.440476e-02
35864: 1.731055e+00 1.575037e+00 1.430906e+00 1.887073e-01 7.429421e-02
35864: 1.729970e+00 1.577151e+00 1.430267e+00 1.884273e-01 7.418398e-02
35864: 1.730370e+00 1.576296e+00 1.429630e+00 1.896296e-01 7.407407e-02
35864: 1.729290e+00 1.578402e+00 1.428994e+00 1.893491e-01 7.396450e-02
35864: 1.731167e+00 1.577548e+00 1.428360e+00 1.890694e-01 7.385524e-02
35864: 1.731563e+00 1.578171e+00 1.427729e+00 1.887906e-01 7.374631e-02
35864: 1.730486e+00 1.578792e+00 1.428571e+00 1.885125e-01 7.363770e-02
35864: 1.730882e+00 1.579412e+00 1.427941e+00 1.882353e-01 7.352941e-02
35864: 1.729809e+00 1.580029e+00 1.428781e+00 1.879589e-01 7.342144e-02
35864: 1.731672e+00 1.579179e+00 1.428152e+00 1.876833e-01 7.331378e-02
35864: 1.730600e+00 1.581259e+00 1.427526e+00 1.874085e-01 7.320644e-02
35864: 1.729532e+00 1.581871e+00 1.428363e+00 1.871345e-01 7.309942e-02
35864: 1.729927e+00 1.579562e+00 1.430657e+00 1.868613e-01 7.299270e-02
35864: 1.728863e+00 1.581633e+00 1.430029e+00 1.865889e-01 7.288630e-02
35864: 1.729258e+00 1.580786e+00 1.429403e+00 1.877729e-01 7.278020e-02
35864: 1.729651e+00 1.581395e+00 1.428779e+00 1.875000e-01 7.267442e-02
35864: 1.730044e+00 1.580552e+00 1.429608e+00 1.872279e-01 7.256894e-02
35864: 1.730435e+00 1.581159e+00 1.428986e+00 1.869565e-01 7.246377e-02
35864: 1.729378e+00 1.580318e+00 1.431259e+00 1.866860e-01 7.235890e-02
35864: 1.729769e+00 1.579480e+00 1.432081e+00 1.864162e-01 7.225434e-02
35864: 1.728716e+00 1.580087e+00 1.432900e+00 1.861472e-01 7.215007e-02
35864: 1.729107e+00 1.579251e+00 1.432277e+00 1.858790e-01 7.348703e-02
35864: 1.728058e+00 1.579856e+00 1.431655e+00 1.870504e-01 7.338129e-02
35864: 1.729885e+00 1.579023e+00 1.431034e+00 1.867816e-01 7.327586e-02
35864: 1.728838e+00 1.579627e+00 1.431851e+00 1.865136e-01 7.317073e-02
35864: 1.727794e+00 1.580229e+00 1.432665e+00 1.862464e-01 7.306590e-02
35864: 1.728183e+00 1.580830e+00 1.432046e+00 1.859800e-01 7.296137e-02
35864: 1.728571e+00 1.580000e+00 1.432857e+00 1.857143e-01 7.285714e-02
35864: 1.728959e+00 1.580599e+00 1.432240e+00 1.854494e-01 7.275321e-02
35864: 1.727920e+00 1.579772e+00 1.433048e+00 1.866097e-01 7.264957e-02
35864: 1.728307e+00 1.578947e+00 1.432432e+00 1.877667e-01 7.254623e-02
35864: 1.728693e+00 1.579545e+00 1.431818e+00 1.875000e-01 7.244318e-02
35864: 1.727660e+00 1.580142e+00 1.432624e+00 1.872340e-01 7.234043e-02
35864: 1.728045e+00 1.580737e+00 1.432011e+00 1.869688e-01 7.223796e-02
35864: 1.727016e+00 1.579915e+00 1.432815e+00 1.881188e-01 7.213579e-02
35864: 1.727401e+00 1.577684e+00 1.435028e+00 1.878531e-01 7.203390e-02
35864: 1.726375e+00 1.578279e+00 1.435825e+00 1.875882e-01 7.193230e-02
35864: 1.728169e+00 1.576056e+00 1.436620e+00 1.873239e-01 7.183099e-02
35864: 1.727145e+00 1.578059e+00 1.436006e+00 1.870605e-01 7.172996e-02
35864: 1.727528e+00 1.577247e+00 1.436798e+00 1.867978e-01 7.162921e-02
35864: 1.726508e+00 1.577840e+00 1.437588e+00 1.865358e-01 7.152875e-02
35864: 1.726891e+00 1.578431e+00 1.436975e+00 1.862745e-01 7.142857e-02
35864: 1.725874e+00 1.577622e+00 1.439161e+00 1.860140e-01 7.132867e-02
35864: 1.727654e+00 1.576816e+00 1.438547e+00 1.857542e-01 7.122905e-02
35864: 1.728033e+00 1.577406e+00 1.437936e+00 1.854951e-01 7.112971e-02
35864: 1.727019e+00 1.576602e+00 1.438719e+00 1.852368e-01 7.242340e-02
35864: 1.728790e+00 1.575800e+00 1.438108e+00 1.849791e-01 7.232267e-02
35864: 1.727778e+00 1.576389e+00 1.438889e+00 1.847222e-01 7.222222e-02
35864: 1.728155e+00 1.576976e+00 1.438280e+00 1.844660e-01 7.212205e-02
35864: 1.727147e+00 1.576177e+00 1.440443e+00 1.842105e-01 7.202216e-02
35864: 1.728907e+00 1.575380e+00 1.439834e+00 1.839557e-01 7.192254e-02
35864: 1.729282e+00 1.575967e+00 1.439227e+00 1.837017e-01 7.182320e-02
35864: 1.729655e+00 1.573793e+00 1.441379e+00 1.834483e-01 7.172414e-02
35864: 1.730028e+00 1.574380e+00 1.440771e+00 1.831956e-01 7.162534e-02
35864: 1.729023e+00 1.574966e+00 1.441541e+00 1.829436e-01 7.152682e-02
35864: 1.730769e+00 1.574176e+00 1.440934e+00 1.826923e-01 7.142857e-02
35864: 1.729767e+00 1.574760e+00 1.441701e+00 1.824417e-01 7.133059e-02
35864: 1.728767e+00 1.576712e+00 1.441096e+00 1.821918e-01 7.123288e-02
35864: 1.729138e+00 1.575923e+00 1.441860e+00 1.819425e-01 7.113543e-02
35864: 1.729508e+00 1.576503e+00 1.441257e+00 1.816940e-01 7.103825e-02
35864: 1.728513e+00 1.577080e+00 1.442019e+00 1.814461e-01 7.094134e-02
35864: 1.727520e+00 1.577657e+00 1.442779e+00 1.811989e-01 7.084469e-02
35864: 1.727891e+00 1.576871e+00 1.443537e+00 1.809524e-01 7.074830e-02
35864: 1.726902e+00 1.577446e+00 1.444293e+00 1.807065e-01 7.065217e-02
35864: 1.725916e+00 1.578019e+00 1.443691e+00 1.804613e-01 7.191316e-02
35864: 1.726287e+00 1.577236e+00 1.444444e+00 1.802168e-01 7.181572e-02
35864: 1.726658e+00 1.577808e+00 1.443843e+00 1.799729e-01 7.171854e-02
35864: 1.725676e+00 1.577027e+00 1.444595e+00 1.810811e-01 7.162162e-02
35864: 1.726046e+00 1.574899e+00 1.445344e+00 1.821862e-01 7.152497e-02
35864: 1.725067e+00 1.576819e+00 1.444744e+00 1.819407e-01 7.142857e-02
35864: 1.724092e+00 1.578735e+00 1.444145e+00 1.816958e-01 7.133244e-02
35864: 1.724462e+00 1.577957e+00 1.444892e+00 1.814516e-01 7.123656e-02
35864: 1.724832e+00 1.578523e+00 1.444295e+00 1.812081e-01 7.114094e-02
35864: 1.723861e+00 1.577748e+00 1.446381e+00 1.809651e-01 7.104558e-02
35864: 1.724230e+00 1.578313e+00 1.445783e+00 1.807229e-01 7.095047e-02
35864: 1.724599e+00 1.577540e+00 1.446524e+00 1.804813e-01 7.085561e-02
35864: 1.724967e+00 1.578104e+00 1.445928e+00 1.802403e-01 7.076101e-02
35864: 1.724000e+00 1.577333e+00 1.446667e+00 1.800000e-01 7.200000e-02
35864: 1.723036e+00 1.577896e+00 1.447403e+00 1.797603e-01 7.190413e-02
35864: 1.723404e+00 1.577128e+00 1.448138e+00 1.795213e-01 7.180851e-02
35864: 1.722444e+00 1.577689e+00 1.448871e+00 1.792829e-01 7.171315e-02
35864: 1.722812e+00 1.575597e+00 1.449602e+00 1.790451e-01 7.294430e-02
35864: 1.721854e+00 1.576159e+00 1.450331e+00 1.788079e-01 7.284768e-02
35864: 1.720899e+00 1.576720e+00 1.449735e+00 1.798942e-01 7.275132e-02
35864: 1.721268e+00 1.575958e+00 1.450462e+00 1.796565e-01 7.265522e-02
35864: 1.720317e+00 1.576517e+00 1.449868e+00 1.807388e-01 7.255937e-02
35864: 1.719368e+00 1.578393e+00 1.449275e+00 1.805007e-01 7.246377e-02
35864: 1.721053e+00 1.577632e+00 1.448684e+00 1.802632e-01 7.236842e-02
35864: 1.720105e+00 1.579501e+00 1.448095e+00 1.800263e-01 7.227332e-02
35864: 1.721785e+00 1.578740e+00 1.447507e+00 1.797900e-01 7.217848e-02
35864: 1.720839e+00 1.579292e+00 1.448231e+00 1.795544e-01 7.208388e-02
35864: 1.721204e+00 1.579843e+00 1.447644e+00 1.793194e-01 7.198953e-02
35864: 1.721569e+00 1.579085e+00 1.448366e+00 1.790850e-01 7.189542e-02
35864: 1.721932e+00 1.578329e+00 1.449086e+00 1.788512e-01 7.180157e-02
35864: 1.720991e+00 1.580183e+00 1.448501e+00 1.786180e-01 7.170795e-02
35864: 1.720052e+00 1.580729e+00 1.449219e+00 1.783854e-01 7.161458e-02
35864: 1.720416e+00 1.581274e+00 1.448635e+00 1.781534e-01 7.152146e-02
35864: 1.719481e+00 1.581818e+00 1.449351e+00 1.779221e-01 7.142857e-02
35864: 1.718547e+00 1.583658e+00 1.448768e+00 1.776913e-01 7.133593e-02
35864: 1.720207e+00 1.582902e+00 1.448187e+00 1.774611e-01 7.124352e-02
35864: 1.720569e+00 1.583441e+00 1.447607e+00 1.772316e-01 7.115136e-02
35864: 1.719638e+00 1.582687e+00 1.449612e+00 1.770026e-01 7.105943e-02
35864: 1.718710e+00 1.583226e+00 1.449032e+00 1.780645e-01 7.096774e-02
35864: 1.719072e+00 1.582474e+00 1.448454e+00 1.791237e-01 7.087629e-02
35864: 1.718147e+00 1.583012e+00 1.447876e+00 1.801802e-01 7.078507e-02
35864: 1.719794e+00 1.582262e+00 1.447301e+00 1.799486e-01 7.069409e-02
35864: 1.718870e+00 1.584082e+00 1.446727e+00 1.797176e-01 7.060334e-02
35864: 1.717949e+00 1.585897e+00 1.446154e+00 1.794872e-01 7.051282e-02
35864: 1.718310e+00 1.585147e+00 1.446863e+00 1.792574e-01 7.042254e-02
35864: 1.718670e+00 1.585678e+00 1.446292e+00 1.790281e-01 7.033248e-02
35864: 1.717752e+00 1.586207e+00 1.446999e+00 1.787995e-01 7.024266e-02
35864: 1.716837e+00 1.588010e+00 1.446429e+00 1.785714e-01 7.015306e-02
35864: 1.717197e+00 1.587261e+00 1.445860e+00 1.783439e-01 7.133758e-02
35864: 1.717557e+00 1.587786e+00 1.445293e+00 1.781170e-01 7.124682e-02
35864: 1.716645e+00 1.588310e+00 1.445997e+00 1.778907e-01 7.115629e-02
35864: 1.715736e+00 1.588832e+00 1.445431e+00 1.776650e-01 7.233503e-02
35864: 1.716096e+00 1.588086e+00 1.444867e+00 1.787072e-01 7.224335e-02
35864: 1.715190e+00 1.588608e+00 1.445570e+00 1.784810e-01 7.215190e-02
35864: 1.715550e+00 1.587863e+00 1.446271e+00 1.782554e-01 7.206068e-02
35864: 1.715909e+00 1.588384e+00 1.445707e+00 1.780303e-01 7.196970e-02
35864: 1.715006e+00 1.588903e+00 1.446406e+00 1.778058e-01 7.187894e-02
35864: 1.714106e+00 1.590680e+00 1.445844e+00 1.775819e-01 7.178841e-02
35864: 1.715723e+00 1.589937e+00 1.445283e+00 1.773585e-01 7.169811e-02
35864: 1.714824e+00 1.589196e+00 1.445980e+00 1.783920e-01 7.160804e-02
35864: 1.715182e+00 1.588457e+00 1.445420e+00 1.781681e-01 7.277290e-02
35864: 1.714286e+00 1.587719e+00 1.447368e+00 1.779449e-01 7.268170e-02
35864: 1.714643e+00 1.586984e+00 1.446809e+00 1.789737e-01 7.259074e-02
35864: 1.713750e+00 1.588750e+00 1.446250e+00 1.787500e-01 7.250000e-02
35864: 1.714107e+00 1.589263e+00 1.445693e+00 1.785268e-01 7.240949e-02
35864: 1.714464e+00 1.588529e+00 1.446384e+00 1.783042e-01 7.231920e-02
35864: 1.714819e+00 1.589041e+00 1.445828e+00 1.780822e-01 7.222914e-02
35864: 1.713930e+00 1.588308e+00 1.447761e+00 1.778607e-01 7.213930e-02
35864: 1.715528e+00 1.587578e+00 1.447205e+00 1.776398e-01 7.204969e-02
35864: 1.715881e+00 1.588089e+00 1.446650e+00 1.774194e-01 7.196030e-02
35864: 1.716233e+00 1.587361e+00 1.447336e+00 1.771995e-01 7.187113e-02
35864: 1.715347e+00 1.587871e+00 1.446782e+00 1.782178e-01 7.178218e-02
35864: 1.715698e+00 1.587145e+00 1.447466e+00 1.779975e-01 7.169345e-02
35864: 1.716049e+00 1.587654e+00 1.446914e+00 1.777778e-01 7.160494e-02
35864: 1.715166e+00 1.588163e+00 1.447596e+00 1.775586e-01 7.151665e-02
35864: 1.714286e+00 1.589901e+00 1.447044e+00 1.773399e-01 7.142857e-02
35864: 1.714637e+00 1.589176e+00 1.446494e+00 1.783518e-01 7.134071e-02
35864: 1.713759e+00 1.590909e+00 1.445946e+00 1.781327e-01 7.125307e-02
35864: 1.714110e+00 1.590184e+00 1.445399e+00 1.791411e-01 7.116564e-02
35864: 1.713235e+00 1.591912e+00 1.444853e+00 1.789216e-01 7.107843e-02
35864: 1.713586e+00 1.591187e+00 1.445532e+00 1.787026e-01 7.099143e-02
35864: 1.712714e+00 1.592910e+00 1.444988e+00 1.784841e-01 7.090465e-02
35864: 1.713065e+00 1.593407e+00 1.444444e+00 1.782662e-01 7.081807e-02
35864: 1.713415e+00 1.591463e+00 1.446341e+00 1.780488e-01 7.073171e-02
35864: 1.713764e+00 1.591961e+00 1.445798e+00 1.778319e-01 7.064555e-02
35864: 1.712895e+00 1.592457e+00 1.446472e+00 1.776156e-01 7.055961e-02
35864: 1.713244e+00 1.591738e+00 1.447145e+00 1.773998e-01 7.047388e-02
35864: 1.713592e+00 1.592233e+00 1.446602e+00 1.771845e-01 7.038835e-02
35864: 1.712727e+00 1.591515e+00 1.447273e+00 1.769697e-01 7.151515e-02
35864: 1.713075e+00 1.590799e+00 1.447942e+00 1.767554e-01 7.142857e-02
35864: 1.712213e+00 1.592503e+00 1.447400e+00 1.765417e-01 7.134220e-02
35864: 1.712560e+00 1.591787e+00 1.448068e+00 1.763285e-01 7.125604e-02
35864: 1.712907e+00 1.592280e+00 1.447527e+00 1.761158e-01 7.117008e-02
35864: 1.712048e+00 1.592771e+00 1.448193e+00 1.759036e-01 7.108434e-02
35864: 1.712395e+00 1.593261e+00 1.447653e+00 1.756919e-01 7.099880e-02
35864: 1.711538e+00 1.592548e+00 1.449519e+00 1.754808e-01 7.091346e-02
35864: 1.711885e+00 1.593037e+00 1.448980e+00 1.752701e-01 7.082833e-02
35864: 1.712230e+00 1.592326e+00 1.449640e+00 1.750600e-01 7.074341e-02
35864: 1.712575e+00 1.592814e+00 1.449102e+00 1.748503e-01 7.065868e-02
35864: 1.711722e+00 1.593301e+00 1.449761e+00 1.746411e-01 7.057416e-02
35864: 1.712067e+00 1.593787e+00 1.449223e+00 1.744325e-01 7.048984e-02
35864: 1.711217e+00 1.591885e+00 1.451074e+00 1.742243e-01 7.159905e-02
35864: 1.711561e+00 1.592372e+00 1.450536e+00 1.740167e-01 7.151371e-02
35864: 1.710714e+00 1.592857e+00 1.451190e+00 1.738095e-01 7.142857e-02
35864: 1.711058e+00 1.593341e+00 1.450654e+00 1.736029e-01 7.134364e-02
35864: 1.710214e+00 1.593824e+00 1.451306e+00 1.733967e-01 7.125891e-02
35864: 1.710558e+00 1.593120e+00 1.450771e+00 1.743772e-01 7.117438e-02
35864: 1.709716e+00 1.593602e+00 1.450237e+00 1.741706e-01 7.227488e-02
35864: 1.711243e+00 1.592899e+00 1.449704e+00 1.739645e-01 7.218935e-02
35864: 1.710402e+00 1.593381e+00 1.449173e+00 1.749409e-01 7.210402e-02
35864: 1.710744e+00 1.593861e+00 1.448642e+00 1.747344e-01 7.201889e-02
35864: 1.711085e+00 1.593160e+00 1.449292e+00 1.745283e-01 7.193396e-02
35864: 1.710247e+00 1.593640e+00 1.449941e+00 1.743227e-01 7.184923e-02
35864: 1.710588e+00 1.594118e+00 1.449412e+00 1.741176e-01 7.176471e-02
35864: 1.709753e+00 1.593420e+00 1.451234e+00 1.739130e-01 7.168038e-02
35864: 1.710094e+00 1.592723e+00 1.451878e+00 1.737089e-01 7.159624e-02
35864: 1.709261e+00 1.593200e+00 1.451348e+00 1.746776e-01 7.151231e-02
35864: 1.709602e+00 1.593677e+00 1.450820e+00 1.744731e-01 7.142857e-02
35864: 1.709942e+00 1.592982e+00 1.451462e+00 1.742690e-01 7.134503e-02
35864: 1.709112e+00 1.593458e+00 1.450935e+00 1.740654e-01 7.242991e-02
35864: 1.709452e+00 1.593932e+00 1.450408e+00 1.738623e-01 7.234539e-02
35864: 1.708625e+00 1.593240e+00 1.452214e+00 1.736597e-01 7.226107e-02
35864: 1.710128e+00 1.592549e+00 1.451688e+00 1.734575e-01 7.217695e-02
35864: 1.709302e+00 1.593023e+00 1.452326e+00 1.732558e-01 7.209302e-02
35864: 1.709640e+00 1.591173e+00 1.452962e+00 1.730546e-01 7.317073e-02
35864: 1.708817e+00 1.592807e+00 1.452436e+00 1.728538e-01 7.308585e-02
35864: 1.709154e+00 1.593279e+00 1.451912e+00 1.726535e-01 7.300116e-02
35864: 1.709491e+00 1.591435e+00 1.453704e+00 1.724537e-01 7.291667e-02
35864: 1.708671e+00 1.593064e+00 1.453179e+00 1.722543e-01 7.283237e-02
35864: 1.709007e+00 1.593533e+00 1.452656e+00 1.720554e-01 7.274827e-02
35864: 1.708189e+00 1.592849e+00 1.453287e+00 1.718570e-01 7.381776e-02
35864: 1.708525e+00 1.593318e+00 1.452765e+00 1.716590e-01 7.373272e-02
35864: 1.707710e+00 1.593786e+00 1.453395e+00 1.714614e-01 7.364787e-02
35864: 1.708046e+00 1.593103e+00 1.452874e+00 1.724138e-01 7.356322e-02
35864: 1.707233e+00 1.594719e+00 1.452354e+00 1.722158e-01 7.347876e-02
35864: 1.707569e+00 1.594037e+00 1.451835e+00 1.720183e-01 7.454128e-02
35864: 1.706758e+00 1.595647e+00 1.451317e+00 1.718213e-01 7.445590e-02
35864: 1.707094e+00 1.596110e+00 1.450801e+00 1.716247e-01 7.437071e-02
35864: 1.706286e+00 1.595429e+00 1.452571e+00 1.714286e-01 7.428571e-02
35864: 1.707763e+00 1.594749e+00 1.452055e+00 1.712329e-01 7.420091e-02
35864: 1.706956e+00 1.596351e+00 1.451539e+00 1.710376e-01 7.411631e-02
35864: 1.707289e+00 1.595672e+00 1.451025e+00 1.719818e-01 7.403189e-02
35864: 1.706485e+00 1.596132e+00 1.450512e+00 1.729238e-01 7.394767e-02
35864: 1.706818e+00 1.595455e+00 1.450000e+00 1.727273e-01 7.500000e-02
35864: 1.707151e+00 1.595914e+00 1.449489e+00 1.725312e-01 7.491487e-02
35864: 1.707483e+00 1.595238e+00 1.450113e+00 1.723356e-01 7.482993e-02
35864: 1.707814e+00 1.595696e+00 1.449604e+00 1.721404e-01 7.474519e-02
35864: 1.707014e+00 1.595023e+00 1.450226e+00 1.730769e-01 7.466063e-02
35864: 1.708475e+00 1.594350e+00 1.449718e+00 1.728814e-01 7.457627e-02
35864: 1.708804e+00 1.594808e+00 1.449210e+00 1.726862e-01 7.449210e-02
35864: 1.708005e+00 1.594138e+00 1.449831e+00 1.736189e-01 7.440812e-02
35864: 1.709459e+00 1.593468e+00 1.449324e+00 1.734234e-01 7.432432e-02
35864: 1.708661e+00 1.595051e+00 1.448819e+00 1.732283e-01 7.424072e-02
35864: 1.708989e+00 1.595506e+00 1.448315e+00 1.730337e-01 7.415730e-02
35864: 1.708193e+00 1.594837e+00 1.448934e+00 1.739618e-01 7.407407e-02
35864: 1.709641e+00 1.594170e+00 1.448430e+00 1.737668e-01 7.399103e-02
35864: 1.708847e+00 1.595745e+00 1.447928e+00 1.735722e-01 7.390817e-02
35864: 1.710291e+00 1.595078e+00 1.447427e+00 1.733781e-01 7.382550e-02
35864: 1.709497e+00 1.596648e+00 1.446927e+00 1.731844e-01 7.374302e-02
35864: 1.710938e+00 1.595982e+00 1.446429e+00 1.729911e-01 7.366071e-02
35864: 1.710145e+00 1.596433e+00 1.445931e+00 1.739130e-01 7.357860e-02
35864: 1.710468e+00 1.596882e+00 1.445434e+00 1.737194e-01 7.349666e-02
35864: 1.710790e+00 1.596218e+00 1.446051e+00 1.735261e-01 7.341491e-02
35864: 1.710000e+00 1.595556e+00 1.447778e+00 1.733333e-01 7.333333e-02
35864: 1.710322e+00 1.596004e+00 1.447281e+00 1.731410e-01 7.325194e-02
35864: 1.709534e+00 1.595344e+00 1.447894e+00 1.740576e-01 7.317073e-02
35864: 1.710963e+00 1.594684e+00 1.447398e+00 1.738649e-01 7.308970e-02
35864: 1.710177e+00 1.595133e+00 1.446903e+00 1.736726e-01 7.411504e-02
35864: 1.709392e+00 1.596685e+00 1.446409e+00 1.734807e-01 7.403315e-02
35864: 1.709713e+00 1.596026e+00 1.447020e+00 1.732892e-01 7.395143e-02
35864: 1.708931e+00 1.596472e+00 1.447630e+00 1.730981e-01 7.386990e-02
35864: 1.709251e+00 1.595815e+00 1.447137e+00 1.740088e-01 7.378855e-02
35864: 1.708471e+00 1.596260e+00 1.447745e+00 1.738174e-01 7.370737e-02
35864: 1.709890e+00 1.595604e+00 1.447253e+00 1.736264e-01 7.362637e-02
35864: 1.709111e+00 1.596048e+00 1.447859e+00 1.734358e-01 7.354555e-02
35864: 1.708333e+00 1.596491e+00 1.448465e+00 1.732456e-01 7.346491e-02
35864: 1.708653e+00 1.596933e+00 1.447974e+00 1.730559e-01 7.338445e-02
35864: 1.708972e+00 1.596280e+00 1.448578e+00 1.728665e-01 7.330416e-02
35864: 1.709290e+00 1.596721e+00 1.448087e+00 1.726776e-01 7.322404e-02
35864: 1.708515e+00 1.596070e+00 1.449782e+00 1.724891e-01 7.314410e-02
35864: 1.709924e+00 1.595420e+00 1.449291e+00 1.723010e-01 7.306434e-02
35864: 1.709150e+00 1.596950e+00 1.448802e+00 1.721133e-01 7.298475e-02
35864: 1.709467e+00 1.596300e+00 1.449402e+00 1.719260e-01 7.290533e-02
35864: 1.708696e+00 1.596739e+00 1.450000e+00 1.717391e-01 7.282609e-02
35864: 1.709012e+00 1.597177e+00 1.449511e+00 1.715527e-01 7.274701e-02
35864: 1.708243e+00 1.597614e+00 1.450108e+00 1.713666e-01 7.266811e-02
35864: 1.707476e+00 1.599133e+00 1.449621e+00 1.711809e-01 7.258938e-02
35864: 1.707792e+00 1.598485e+00 1.450216e+00 1.709957e-01 7.251082e-02
35864: 1.707027e+00 1.600000e+00 1.449730e+00 1.708108e-01 7.243243e-02
35864: 1.707343e+00 1.599352e+00 1.450324e+00 1.706263e-01 7.235421e-02
35864: 1.707659e+00 1.599784e+00 1.449838e+00 1.704423e-01 7.227616e-02
35864: 1.706897e+00 1.599138e+00 1.451509e+00 1.702586e-01 7.219828e-02
35864: 1.708288e+00 1.598493e+00 1.451023e+00 1.700753e-01 7.212056e-02
35864: 1.707527e+00 1.598925e+00 1.450538e+00 1.698925e-01 7.311828e-02
35864: 1.708915e+00 1.598281e+00 1.450054e+00 1.697100e-01 7.303974e-02
35864: 1.709227e+00 1.598712e+00 1.449571e+00 1.695279e-01 7.296137e-02
35864: 1.708467e+00 1.598071e+00 1.450161e+00 1.704180e-01 7.288317e-02
35864: 1.709850e+00 1.597430e+00 1.449679e+00 1.702355e-01 7.280514e-02
35864: 1.709091e+00 1.597861e+00 1.450267e+00 1.700535e-01 7.272727e-02
35864: 1.710470e+00 1.597222e+00 1.449786e+00 1.698718e-01 7.264957e-02
35864: 1.709712e+00 1.597652e+00 1.450374e+00 1.696905e-01 7.257204e-02
35864: 1.710021e+00 1.597015e+00 1.449893e+00 1.705757e-01 7.249467e-02
35864: 1.709265e+00 1.596379e+00 1.450479e+00 1.703940e-01 7.348243e-02
35864: 1.709574e+00 1.596809e+00 1.450000e+00 1.702128e-01 7.340426e-02
35864: 1.708820e+00 1.597237e+00 1.450584e+00 1.700319e-01 7.332625e-02
35864: 1.709130e+00 1.597665e+00 1.450106e+00 1.698514e-01 7.324841e-02
35864: 1.708378e+00 1.597031e+00 1.451750e+00 1.696713e-01 7.317073e-02
35864: 1.708686e+00 1.596398e+00 1.452331e+00 1.694915e-01 7.309322e-02
35864: 1.707937e+00 1.596825e+00 1.451852e+00 1.703704e-01 7.301587e-02
35864: 1.709302e+00 1.596195e+00 1.451374e+00 1.701903e-01 7.293869e-02
35864: 1.708553e+00 1.596621e+00 1.450898e+00 1.710665e-01 7.286167e-02
35864: 1.708861e+00 1.595992e+00 1.450422e+00 1.719409e-01 7.278481e-02
35864: 1.708114e+00 1.596417e+00 1.451001e+00 1.717597e-01 7.270811e-02
35864: 1.708421e+00 1.596842e+00 1.450526e+00 1.715789e-01 7.263158e-02
35864: 1.707676e+00 1.596215e+00 1.451104e+00 1.724501e-01 7.255521e-02
35864: 1.709034e+00 1.595588e+00 1.450630e+00 1.722689e-01 7.247899e-02
35864: 1.708290e+00 1.596013e+00 1.450157e+00 1.731375e-01 7.240294e-02
35864: 1.708595e+00 1.595388e+00 1.449686e+00 1.740042e-01 7.232704e-02
35864: 1.707853e+00 1.596859e+00 1.449215e+00 1.738220e-01 7.225131e-02
35864: 1.709205e+00 1.596234e+00 1.448745e+00 1.736402e-01 7.217573e-02
35864: 1.708464e+00 1.596656e+00 1.449321e+00 1.734587e-01 7.210031e-02
35864: 1.709812e+00 1.596033e+00 1.448852e+00 1.732777e-01 7.202505e-02
35864: 1.709072e+00 1.596455e+00 1.448384e+00 1.730970e-01 7.299270e-02
35864: 1.709375e+00 1.595833e+00 1.447917e+00 1.729167e-01 7.395833e-02
35864: 1.708637e+00 1.597294e+00 1.447451e+00 1.727367e-01 7.388137e-02
35864: 1.708940e+00 1.596674e+00 1.446985e+00 1.735967e-01 7.380457e-02
35864: 1.708204e+00 1.597092e+00 1.447560e+00 1.734164e-01 7.372793e-02
35864: 1.708506e+00 1.597510e+00 1.447095e+00 1.732365e-01 7.365145e-02
35864: 1.707772e+00 1.596891e+00 1.448705e+00 1.730570e-01 7.357513e-02
35864: 1.709110e+00 1.596273e+00 1.448240e+00 1.728778e-01 7.349896e-02
35864: 1.709411e+00 1.595657e+00 1.448811e+00 1.726991e-01 7.342296e-02
35864: 1.708678e+00 1.596074e+00 1.449380e+00 1.725207e-01 7.334711e-02
35864: 1.708978e+00 1.595459e+00 1.449948e+00 1.723426e-01 7.327141e-02
35864: 1.708247e+00 1.596907e+00 1.449485e+00 1.721649e-01 7.319588e-02
35864: 1.708548e+00 1.597322e+00 1.449022e+00 1.719876e-01 7.312049e-02
35864: 1.707819e+00 1.596708e+00 1.450617e+00 1.718107e-01 7.304527e-02
35864: 1.709147e+00 1.596095e+00 1.450154e+00 1.716341e-01 7.297020e-02
35864: 1.708419e+00 1.596509e+00 1.450719e+00 1.714579e-01 7.289528e-02
35864: 1.707692e+00 1.596923e+00 1.450256e+00 1.723077e-01 7.282051e-02
35864: 1.707992e+00 1.596311e+00 1.449795e+00 1.731557e-01 7.274590e-02
35864: 1.707267e+00 1.597748e+00 1.449335e+00 1.729785e-01 7.267144e-02
35864: 1.707566e+00 1.598160e+00 1.448875e+00 1.728016e-01 7.259714e-02
35864: 1.707865e+00 1.597549e+00 1.449438e+00 1.726251e-01 7.252298e-02
35864: 1.707143e+00 1.598980e+00 1.448980e+00 1.724490e-01 7.244898e-02
35864: 1.707441e+00 1.598369e+00 1.449541e+00 1.722732e-01 7.237513e-02
35864: 1.706721e+00 1.598778e+00 1.449084e+00 1.720978e-01 7.331976e-02
35864: 1.707019e+00 1.598169e+00 1.449644e+00 1.719227e-01 7.324517e-02
35864: 1.706301e+00 1.598577e+00 1.450203e+00 1.717480e-01 7.317073e-02
35864: 1.706599e+00 1.597970e+00 1.449746e+00 1.725888e-01 7.309645e-02
35864: 1.705882e+00 1.598377e+00 1.449290e+00 1.724138e-01 7.403651e-02
35864: 1.706180e+00 1.598784e+00 1.448835e+00 1.722391e-01 7.396150e-02
35864: 1.705466e+00 1.598178e+00 1.449393e+00 1.730769e-01 7.388664e-02
35864: 1.706775e+00 1.597573e+00 1.448938e+00 1.729019e-01 7.381193e-02
35864: 1.706061e+00 1.598990e+00 1.448485e+00 1.727273e-01 7.373737e-02
35864: 1.706357e+00 1.598385e+00 1.448032e+00 1.735621e-01 7.366297e-02
35864: 1.705645e+00 1.599798e+00 1.447581e+00 1.733871e-01 7.358871e-02
35864: 1.706949e+00 1.599194e+00 1.447130e+00 1.732125e-01 7.351460e-02
35864: 1.707243e+00 1.599598e+00 1.446680e+00 1.730382e-01 7.344064e-02
35864: 1.706533e+00 1.598995e+00 1.448241e+00 1.728643e-01 7.336683e-02
35864: 1.706827e+00 1.598394e+00 1.448795e+00 1.726908e-01 7.329317e-02
35864: 1.706118e+00 1.598796e+00 1.449348e+00 1.725176e-01 7.321966e-02
35864: 1.706413e+00 1.599198e+00 1.448898e+00 1.723447e-01 7.314629e-02
35864: 1.705706e+00 1.599600e+00 1.449449e+00 1.721722e-01 7.307307e-02
35864: Done!
Traceback (most recent call last):
  File "/lowest-unique-number/tournament0/elexunix.py", line 25, in <module>
    input()
EOFError: EOF when reading a line
