Forked 31061
Starting to reopen 0 and 1
Calling execv `tournament0/elexunix.py` (pid 31061)
Strategy 0: first ans is 0
Forked 31085
Starting to reopen 0 and 1
Calling execv `tournament0/the_best_strategy.py` (pid 31085)
Strategy 1: first ans is 0
Forked 31086
Starting to reopen 0 and 1
Calling execv `tournament0/lounres.py` (pid 31086)
Strategy 2: first ans is 1
Forked 31087
Starting to reopen 0 and 1
Calling execv `tournament0/alex_dany` (pid 31087)
31087: Started!
31087: Number of players: 6, position: 3, number of turns: 1000
31087: Random seed: 3784194987
Strategy 3: first ans is 1
Forked 31088
Starting to reopen 0 and 1
Calling execv `tournament0/pzakorko.py` (pid 31088)
Strategy 4: first ans is 0
Forked 31089
Starting to reopen 0 and 1
Calling execv `tournament0/fedro.py` (pid 31089)
Strategy 5: first ans is 0
31087: 4.000000e+00 2.000000e+00 0.000000e+00 0.000000e+00 0.000000e+00 0.000000e+00
31087: 3.500000e+00 1.000000e+00 1.000000e+00 5.000000e-01 0.000000e+00 0.000000e+00
31087: 3.000000e+00 1.333333e+00 1.000000e+00 3.333333e-01 3.333333e-01 0.000000e+00
31087: 3.000000e+00 1.250000e+00 1.250000e+00 2.500000e-01 2.500000e-01 0.000000e+00
31087: 3.000000e+00 1.600000e+00 1.000000e+00 2.000000e-01 2.000000e-01 0.000000e+00
31087: 2.833333e+00 1.500000e+00 1.166667e+00 1.666667e-01 3.333333e-01 0.000000e+00
31087: 2.714286e+00 1.571429e+00 1.000000e+00 2.857143e-01 2.857143e-01 1.428571e-01
31087: 2.625000e+00 1.500000e+00 1.250000e+00 2.500000e-01 2.500000e-01 1.250000e-01
31087: 2.666667e+00 1.666667e+00 1.111111e+00 2.222222e-01 2.222222e-01 1.111111e-01
31087: 2.600000e+00 1.500000e+00 1.300000e+00 3.000000e-01 2.000000e-01 1.000000e-01
31087: 2.636364e+00 1.545455e+00 1.272727e+00 2.727273e-01 1.818182e-01 9.090909e-02
31087: 2.583333e+00 1.583333e+00 1.333333e+00 2.500000e-01 1.666667e-01 8.333333e-02
31087: 2.615385e+00 1.538462e+00 1.307692e+00 3.076923e-01 1.538462e-01 7.692308e-02
31087: 2.571429e+00 1.571429e+00 1.357143e+00 2.857143e-01 1.428571e-01 7.142857e-02
31087: 2.533333e+00 1.533333e+00 1.333333e+00 4.000000e-01 1.333333e-01 6.666667e-02
31087: 2.500000e+00 1.687500e+00 1.250000e+00 3.750000e-01 1.250000e-01 6.250000e-02
31087: 2.529412e+00 1.588235e+00 1.352941e+00 3.529412e-01 1.176471e-01 5.882353e-02
31087: 2.500000e+00 1.666667e+00 1.333333e+00 3.333333e-01 1.111111e-01 5.555556e-02
31087: 2.473684e+00 1.684211e+00 1.368421e+00 3.157895e-01 1.052632e-01 5.263158e-02
31087: 2.500000e+00 1.650000e+00 1.350000e+00 3.500000e-01 1.000000e-01 5.000000e-02
31087: 2.476190e+00 1.619048e+00 1.428571e+00 3.333333e-01 9.523810e-02 4.761905e-02
31087: 2.454545e+00 1.636364e+00 1.454545e+00 3.181818e-01 9.090909e-02 4.545455e-02
31087: 2.434783e+00 1.652174e+00 1.434783e+00 3.478261e-01 8.695652e-02 4.347826e-02
31087: 2.416667e+00 1.625000e+00 1.500000e+00 3.333333e-01 8.333333e-02 4.166667e-02
31087: 2.440000e+00 1.640000e+00 1.480000e+00 3.200000e-01 8.000000e-02 4.000000e-02
31087: 2.461538e+00 1.576923e+00 1.538462e+00 3.076923e-01 7.692308e-02 3.846154e-02
31087: 2.481481e+00 1.592593e+00 1.518519e+00 2.962963e-01 7.407407e-02 3.703704e-02
31087: 2.464286e+00 1.535714e+00 1.535714e+00 3.571429e-01 7.142857e-02 3.571429e-02
31087: 2.448276e+00 1.620690e+00 1.482759e+00 3.448276e-01 6.896552e-02 3.448276e-02
31087: 2.433333e+00 1.566667e+00 1.566667e+00 3.333333e-01 6.666667e-02 3.333333e-02
31087: 2.419355e+00 1.645161e+00 1.516129e+00 3.225806e-01 6.451613e-02 3.225806e-02
31087: 2.437500e+00 1.625000e+00 1.531250e+00 3.125000e-01 6.250000e-02 3.125000e-02
31087: 2.424242e+00 1.636364e+00 1.545455e+00 3.030303e-01 6.060606e-02 3.030303e-02
31087: 2.441176e+00 1.588235e+00 1.558824e+00 3.235294e-01 5.882353e-02 2.941176e-02
31087: 2.457143e+00 1.571429e+00 1.571429e+00 3.142857e-01 5.714286e-02 2.857143e-02
31087: 2.472222e+00 1.555556e+00 1.527778e+00 3.611111e-01 5.555556e-02 2.777778e-02
31087: 2.459459e+00 1.594595e+00 1.513514e+00 3.513514e-01 5.405405e-02 2.702703e-02
31087: 2.473684e+00 1.552632e+00 1.526316e+00 3.421053e-01 7.894737e-02 2.631579e-02
31087: 2.461538e+00 1.589744e+00 1.487179e+00 3.333333e-01 1.025641e-01 2.564103e-02
31087: 2.475000e+00 1.575000e+00 1.500000e+00 3.250000e-01 1.000000e-01 2.500000e-02
31087: 2.487805e+00 1.585366e+00 1.487805e+00 3.170732e-01 9.756098e-02 2.439024e-02
31087: 2.523810e+00 1.547619e+00 1.500000e+00 3.095238e-01 9.523810e-02 2.380952e-02
31087: 2.534884e+00 1.558140e+00 1.488372e+00 3.023256e-01 9.302326e-02 2.325581e-02
31087: 2.522727e+00 1.545455e+00 1.522727e+00 2.954545e-01 9.090909e-02 2.272727e-02
31087: 2.533333e+00 1.555556e+00 1.488889e+00 3.111111e-01 8.888889e-02 2.222222e-02
31087: 2.543478e+00 1.565217e+00 1.478261e+00 3.043478e-01 8.695652e-02 2.173913e-02
31087: 2.510638e+00 1.574468e+00 1.510638e+00 2.978723e-01 8.510638e-02 2.127660e-02
31087: 2.520833e+00 1.562500e+00 1.520833e+00 2.916667e-01 8.333333e-02 2.083333e-02
31087: 2.510204e+00 1.591837e+00 1.489796e+00 3.061224e-01 8.163265e-02 2.040816e-02
31087: 2.500000e+00 1.560000e+00 1.520000e+00 3.000000e-01 1.000000e-01 2.000000e-02
31087: 2.490196e+00 1.588235e+00 1.509804e+00 2.941176e-01 9.803922e-02 1.960784e-02
31087: 2.480769e+00 1.576923e+00 1.538462e+00 2.884615e-01 9.615385e-02 1.923077e-02
31087: 2.471698e+00 1.584906e+00 1.547170e+00 2.830189e-01 9.433962e-02 1.886792e-02
31087: 2.444444e+00 1.574074e+00 1.555556e+00 2.962963e-01 1.111111e-01 1.851852e-02
31087: 2.436364e+00 1.563636e+00 1.563636e+00 2.909091e-01 1.272727e-01 1.818182e-02
31087: 2.428571e+00 1.589286e+00 1.553571e+00 2.857143e-01 1.250000e-01 1.785714e-02
31087: 2.403509e+00 1.614035e+00 1.561404e+00 2.807018e-01 1.228070e-01 1.754386e-02
31087: 2.413793e+00 1.603448e+00 1.568966e+00 2.758621e-01 1.206897e-01 1.724138e-02
31087: 2.423729e+00 1.593220e+00 1.576271e+00 2.711864e-01 1.186441e-01 1.694915e-02
31087: 2.416667e+00 1.616667e+00 1.550000e+00 2.833333e-01 1.166667e-01 1.666667e-02
31087: 2.409836e+00 1.606557e+00 1.573770e+00 2.786885e-01 1.147541e-01 1.639344e-02
31087: 2.403226e+00 1.629032e+00 1.548387e+00 2.903226e-01 1.129032e-01 1.612903e-02
31087: 2.412698e+00 1.603175e+00 1.571429e+00 2.857143e-01 1.111111e-01 1.587302e-02
31087: 2.406250e+00 1.609375e+00 1.546875e+00 3.125000e-01 1.093750e-01 1.562500e-02
31087: 2.384615e+00 1.600000e+00 1.569231e+00 3.230769e-01 1.076923e-01 1.538462e-02
31087: 2.378788e+00 1.606061e+00 1.560606e+00 3.181818e-01 1.212121e-01 1.515152e-02
31087: 2.373134e+00 1.611940e+00 1.567164e+00 3.134328e-01 1.194030e-01 1.492537e-02
31087: 2.352941e+00 1.602941e+00 1.588235e+00 3.235294e-01 1.176471e-01 1.470588e-02
31087: 2.362319e+00 1.594203e+00 1.565217e+00 3.333333e-01 1.304348e-01 1.449275e-02
31087: 2.357143e+00 1.600000e+00 1.557143e+00 3.428571e-01 1.285714e-01 1.428571e-02
31087: 2.338028e+00 1.591549e+00 1.591549e+00 3.380282e-01 1.267606e-01 1.408451e-02
31087: 2.333333e+00 1.569444e+00 1.597222e+00 3.472222e-01 1.388889e-01 1.388889e-02
31087: 2.328767e+00 1.575342e+00 1.602740e+00 3.424658e-01 1.369863e-01 1.369863e-02
31087: 2.310811e+00 1.594595e+00 1.581081e+00 3.648649e-01 1.351351e-01 1.351351e-02
31087: 2.320000e+00 1.586667e+00 1.560000e+00 3.733333e-01 1.333333e-01 2.666667e-02
31087: 2.315789e+00 1.592105e+00 1.565789e+00 3.684211e-01 1.315789e-01 2.631579e-02
31087: 2.311688e+00 1.571429e+00 1.571429e+00 3.896104e-01 1.298701e-01 2.597403e-02
31087: 2.294872e+00 1.589744e+00 1.564103e+00 3.974359e-01 1.282051e-01 2.564103e-02
31087: 2.303797e+00 1.582278e+00 1.569620e+00 3.924051e-01 1.265823e-01 2.531646e-02
31087: 2.312500e+00 1.575000e+00 1.575000e+00 3.875000e-01 1.250000e-01 2.500000e-02
31087: 2.308642e+00 1.567901e+00 1.567901e+00 4.074074e-01 1.234568e-01 2.469136e-02
31087: 2.292683e+00 1.597561e+00 1.560976e+00 4.024390e-01 1.219512e-01 2.439024e-02
31087: 2.301205e+00 1.602410e+00 1.554217e+00 3.975904e-01 1.204819e-01 2.409639e-02
31087: 2.297619e+00 1.607143e+00 1.559524e+00 3.928571e-01 1.190476e-01 2.380952e-02
31087: 2.282353e+00 1.588235e+00 1.576471e+00 4.000000e-01 1.294118e-01 2.352941e-02
31087: 2.279070e+00 1.581395e+00 1.558140e+00 4.302326e-01 1.279070e-01 2.325581e-02
31087: 2.264368e+00 1.597701e+00 1.551724e+00 4.252874e-01 1.379310e-01 2.298851e-02
31087: 2.272727e+00 1.602273e+00 1.545455e+00 4.204545e-01 1.363636e-01 2.272727e-02
31087: 2.258427e+00 1.606742e+00 1.561798e+00 4.157303e-01 1.348315e-01 2.247191e-02
31087: 2.266667e+00 1.600000e+00 1.566667e+00 4.111111e-01 1.333333e-01 2.222222e-02
31087: 2.252747e+00 1.626374e+00 1.560440e+00 4.065934e-01 1.318681e-01 2.197802e-02
31087: 2.271739e+00 1.619565e+00 1.554348e+00 4.021739e-01 1.304348e-01 2.173913e-02
31087: 2.258065e+00 1.612903e+00 1.559140e+00 4.086022e-01 1.397849e-01 2.150538e-02
31087: 2.255319e+00 1.627660e+00 1.553191e+00 4.042553e-01 1.382979e-01 2.127660e-02
31087: 2.242105e+00 1.631579e+00 1.557895e+00 4.105263e-01 1.368421e-01 2.105263e-02
31087: 2.250000e+00 1.614583e+00 1.572917e+00 4.062500e-01 1.354167e-01 2.083333e-02
31087: 2.237113e+00 1.618557e+00 1.577320e+00 4.123711e-01 1.340206e-01 2.061856e-02
31087: 2.244898e+00 1.612245e+00 1.571429e+00 4.183673e-01 1.326531e-01 2.040816e-02
31087: 2.232323e+00 1.626263e+00 1.565657e+00 4.242424e-01 1.313131e-01 2.020202e-02
31087: 2.230000e+00 1.640000e+00 1.560000e+00 4.200000e-01 1.300000e-01 2.000000e-02
31087: 2.227723e+00 1.633663e+00 1.574257e+00 4.158416e-01 1.287129e-01 1.980198e-02
31087: 2.215686e+00 1.627451e+00 1.588235e+00 4.215686e-01 1.274510e-01 1.960784e-02
31087: 2.223301e+00 1.611650e+00 1.592233e+00 4.271845e-01 1.262136e-01 1.941748e-02
31087: 2.211538e+00 1.615385e+00 1.586538e+00 4.423077e-01 1.250000e-01 1.923077e-02
31087: 2.219048e+00 1.609524e+00 1.580952e+00 4.476190e-01 1.238095e-01 1.904762e-02
31087: 2.207547e+00 1.613208e+00 1.584906e+00 4.528302e-01 1.226415e-01 1.886792e-02
31087: 2.214953e+00 1.607477e+00 1.579439e+00 4.579439e-01 1.214953e-01 1.869159e-02
31087: 2.212963e+00 1.601852e+00 1.583333e+00 4.629630e-01 1.203704e-01 1.851852e-02
31087: 2.201835e+00 1.614679e+00 1.577982e+00 4.678899e-01 1.192661e-01 1.834862e-02
31087: 2.209091e+00 1.600000e+00 1.572727e+00 4.818182e-01 1.181818e-01 1.818182e-02
31087: 2.216216e+00 1.594595e+00 1.567568e+00 4.864865e-01 1.171171e-01 1.801802e-02
31087: 2.214286e+00 1.598214e+00 1.562500e+00 4.910714e-01 1.160714e-01 1.785714e-02
31087: 2.203540e+00 1.601770e+00 1.575221e+00 4.867257e-01 1.150442e-01 1.769912e-02
31087: 2.201754e+00 1.605263e+00 1.561404e+00 5.000000e-01 1.140351e-01 1.754386e-02
31087: 2.208696e+00 1.600000e+00 1.565217e+00 4.956522e-01 1.130435e-01 1.739130e-02
31087: 2.206897e+00 1.594828e+00 1.568966e+00 4.913793e-01 1.206897e-01 1.724138e-02
31087: 2.196581e+00 1.598291e+00 1.564103e+00 5.042735e-01 1.196581e-01 1.709402e-02
31087: 2.194915e+00 1.593220e+00 1.567797e+00 5.000000e-01 1.271186e-01 1.694915e-02
31087: 2.184874e+00 1.605042e+00 1.563025e+00 4.957983e-01 1.260504e-01 1.680672e-02
31087: 2.191667e+00 1.600000e+00 1.566667e+00 4.916667e-01 1.250000e-01 1.666667e-02
31087: 2.181818e+00 1.611570e+00 1.561983e+00 4.958678e-01 1.239669e-01 1.652893e-02
31087: 2.180328e+00 1.606557e+00 1.573770e+00 4.918033e-01 1.229508e-01 1.639344e-02
31087: 2.170732e+00 1.609756e+00 1.560976e+00 5.040650e-01 1.300813e-01 1.626016e-02
31087: 2.169355e+00 1.604839e+00 1.564516e+00 5.080645e-01 1.290323e-01 1.612903e-02
31087: 2.168000e+00 1.608000e+00 1.560000e+00 5.120000e-01 1.280000e-01 1.600000e-02
31087: 2.166667e+00 1.603175e+00 1.571429e+00 5.079365e-01 1.269841e-01 1.587302e-02
31087: 2.157480e+00 1.614173e+00 1.559055e+00 5.196850e-01 1.259843e-01 1.574803e-02
31087: 2.156250e+00 1.617188e+00 1.554688e+00 5.234375e-01 1.250000e-01 1.562500e-02
31087: 2.155039e+00 1.612403e+00 1.558140e+00 5.271318e-01 1.240310e-01 1.550388e-02
31087: 2.146154e+00 1.615385e+00 1.569231e+00 5.230769e-01 1.230769e-01 1.538462e-02
31087: 2.145038e+00 1.610687e+00 1.572519e+00 5.190840e-01 1.297710e-01 1.526718e-02
31087: 2.136364e+00 1.613636e+00 1.560606e+00 5.378788e-01 1.287879e-01 1.515152e-02
31087: 2.142857e+00 1.601504e+00 1.563910e+00 5.338346e-01 1.353383e-01 1.503759e-02
31087: 2.141791e+00 1.604478e+00 1.567164e+00 5.298507e-01 1.343284e-01 1.492537e-02
31087: 2.140741e+00 1.592593e+00 1.577778e+00 5.333333e-01 1.333333e-01 1.481481e-02
31087: 2.139706e+00 1.595588e+00 1.573529e+00 5.367647e-01 1.323529e-01 1.470588e-02
31087: 2.131387e+00 1.591241e+00 1.583942e+00 5.401460e-01 1.313869e-01 1.459854e-02
31087: 2.130435e+00 1.594203e+00 1.572464e+00 5.507246e-01 1.304348e-01 1.449275e-02
31087: 2.122302e+00 1.604317e+00 1.568345e+00 5.539568e-01 1.294964e-01 1.438849e-02
31087: 2.121429e+00 1.607143e+00 1.571429e+00 5.500000e-01 1.285714e-01 1.428571e-02
31087: 2.113475e+00 1.602837e+00 1.574468e+00 5.602837e-01 1.276596e-01 1.418440e-02
31087: 2.112676e+00 1.598592e+00 1.570423e+00 5.704225e-01 1.267606e-01 1.408451e-02
31087: 2.111888e+00 1.608392e+00 1.559441e+00 5.734266e-01 1.258741e-01 1.398601e-02
31087: 2.104167e+00 1.597222e+00 1.576389e+00 5.694444e-01 1.319444e-01 1.388889e-02
31087: 2.110345e+00 1.593103e+00 1.572414e+00 5.724138e-01 1.310345e-01 1.379310e-02
31087: 2.102740e+00 1.595890e+00 1.561644e+00 5.821918e-01 1.369863e-01 1.369863e-02
31087: 2.102041e+00 1.598639e+00 1.557823e+00 5.782313e-01 1.428571e-01 1.360544e-02
31087: 2.101351e+00 1.594595e+00 1.567568e+00 5.743243e-01 1.418919e-01 1.351351e-02
31087: 2.100671e+00 1.597315e+00 1.570470e+00 5.704698e-01 1.409396e-01 1.342282e-02
31087: 2.093333e+00 1.606667e+00 1.560000e+00 5.800000e-01 1.400000e-01 1.333333e-02
31087: 2.099338e+00 1.609272e+00 1.556291e+00 5.761589e-01 1.390728e-01 1.324503e-02
31087: 2.098684e+00 1.605263e+00 1.565789e+00 5.723684e-01 1.381579e-01 1.315789e-02
31087: 2.104575e+00 1.607843e+00 1.562092e+00 5.686275e-01 1.372549e-01 1.307190e-02
31087: 2.097403e+00 1.597403e+00 1.571429e+00 5.649351e-01 1.428571e-01 1.948052e-02
31087: 2.103226e+00 1.593548e+00 1.567742e+00 5.677419e-01 1.419355e-01 1.935484e-02
31087: 2.096154e+00 1.602564e+00 1.570513e+00 5.641026e-01 1.410256e-01 1.923077e-02
31087: 2.095541e+00 1.598726e+00 1.560510e+00 5.668790e-01 1.528662e-01 1.910828e-02
31087: 2.088608e+00 1.607595e+00 1.556962e+00 5.632911e-01 1.582278e-01 1.898734e-02
31087: 2.094340e+00 1.603774e+00 1.559748e+00 5.597484e-01 1.572327e-01 1.886792e-02
31087: 2.087500e+00 1.606250e+00 1.562500e+00 5.562500e-01 1.625000e-01 1.875000e-02
31087: 2.093168e+00 1.596273e+00 1.571429e+00 5.527950e-01 1.614907e-01 1.863354e-02
31087: 2.098765e+00 1.598765e+00 1.561728e+00 5.555556e-01 1.604938e-01 1.851852e-02
31087: 2.092025e+00 1.601227e+00 1.564417e+00 5.521472e-01 1.595092e-01 2.453988e-02
31087: 2.091463e+00 1.603659e+00 1.560976e+00 5.487805e-01 1.646341e-01 2.439024e-02
31087: 2.084848e+00 1.600000e+00 1.569697e+00 5.515152e-01 1.636364e-01 2.424242e-02
31087: 2.084337e+00 1.602410e+00 1.566265e+00 5.542169e-01 1.626506e-01 2.409639e-02
31087: 2.077844e+00 1.610778e+00 1.568862e+00 5.508982e-01 1.616766e-01 2.395210e-02
31087: 2.077381e+00 1.601190e+00 1.583333e+00 5.476190e-01 1.607143e-01 2.380952e-02
31087: 2.076923e+00 1.603550e+00 1.579882e+00 5.502959e-01 1.597633e-01 2.366864e-02
31087: 2.076471e+00 1.594118e+00 1.588235e+00 5.529412e-01 1.588235e-01 2.352941e-02
31087: 2.076023e+00 1.596491e+00 1.584795e+00 5.555556e-01 1.578947e-01 2.339181e-02
31087: 2.069767e+00 1.604651e+00 1.581395e+00 5.581395e-01 1.569767e-01 2.325581e-02
31087: 2.075145e+00 1.595376e+00 1.583815e+00 5.606936e-01 1.560694e-01 2.312139e-02
31087: 2.074713e+00 1.597701e+00 1.574713e+00 5.689655e-01 1.551724e-01 2.298851e-02
31087: 2.068571e+00 1.600000e+00 1.577143e+00 5.714286e-01 1.542857e-01 2.285714e-02
31087: 2.073864e+00 1.602273e+00 1.568182e+00 5.738636e-01 1.534091e-01 2.272727e-02
31087: 2.067797e+00 1.598870e+00 1.576271e+00 5.706215e-01 1.581921e-01 2.259887e-02
31087: 2.073034e+00 1.595506e+00 1.573034e+00 5.730337e-01 1.573034e-01 2.247191e-02
31087: 2.072626e+00 1.597765e+00 1.569832e+00 5.754190e-01 1.564246e-01 2.234637e-02
31087: 2.066667e+00 1.600000e+00 1.572222e+00 5.777778e-01 1.555556e-01 2.222222e-02
31087: 2.066298e+00 1.591160e+00 1.574586e+00 5.856354e-01 1.546961e-01 2.209945e-02
31087: 2.060440e+00 1.593407e+00 1.571429e+00 5.934066e-01 1.538462e-01 2.197802e-02
31087: 2.065574e+00 1.595628e+00 1.562842e+00 5.956284e-01 1.530055e-01 2.185792e-02
31087: 2.059783e+00 1.586957e+00 1.576087e+00 5.978261e-01 1.521739e-01 2.173913e-02
31087: 2.059459e+00 1.589189e+00 1.567568e+00 6.054054e-01 1.513514e-01 2.162162e-02
31087: 2.053763e+00 1.586022e+00 1.575269e+00 6.021505e-01 1.559140e-01 2.150538e-02
31087: 2.053476e+00 1.588235e+00 1.566845e+00 6.096257e-01 1.550802e-01 2.139037e-02
31087: 2.053191e+00 1.585106e+00 1.569149e+00 6.063830e-01 1.542553e-01 2.659574e-02
31087: 2.047619e+00 1.592593e+00 1.566138e+00 6.031746e-01 1.534392e-01 3.174603e-02
31087: 2.057895e+00 1.584211e+00 1.568421e+00 6.000000e-01 1.526316e-01 3.157895e-02
31087: 2.052356e+00 1.581152e+00 1.575916e+00 6.020942e-01 1.518325e-01 3.141361e-02
31087: 2.052083e+00 1.588542e+00 1.567708e+00 6.041667e-01 1.510417e-01 3.125000e-02
31087: 2.051813e+00 1.585492e+00 1.569948e+00 6.062176e-01 1.502591e-01 3.108808e-02
31087: 2.051546e+00 1.587629e+00 1.567010e+00 6.030928e-01 1.546392e-01 3.092784e-02
31087: 2.046154e+00 1.584615e+00 1.574359e+00 6.051282e-01 1.538462e-01 3.076923e-02
31087: 2.045918e+00 1.581633e+00 1.571429e+00 6.071429e-01 1.581633e-01 3.061224e-02
31087: 2.040609e+00 1.583756e+00 1.573604e+00 6.091371e-01 1.573604e-01 3.045685e-02
31087: 2.040404e+00 1.580808e+00 1.575758e+00 6.111111e-01 1.565657e-01 3.030303e-02
31087: 2.040201e+00 1.582915e+00 1.572864e+00 6.130653e-01 1.557789e-01 3.015075e-02
31087: 2.040000e+00 1.580000e+00 1.570000e+00 6.150000e-01 1.600000e-01 3.000000e-02
31087: 2.039801e+00 1.582090e+00 1.567164e+00 6.169154e-01 1.592040e-01 2.985075e-02
31087: 2.034653e+00 1.579208e+00 1.579208e+00 6.138614e-01 1.584158e-01 2.970297e-02
31087: 2.039409e+00 1.576355e+00 1.571429e+00 6.206897e-01 1.576355e-01 2.955665e-02
31087: 2.039216e+00 1.578431e+00 1.563725e+00 6.274510e-01 1.568627e-01 2.941176e-02
31087: 2.034146e+00 1.575610e+00 1.570732e+00 6.243902e-01 1.560976e-01 3.414634e-02
31087: 2.033981e+00 1.567961e+00 1.567961e+00 6.262136e-01 1.650485e-01 3.398058e-02
31087: 2.028986e+00 1.579710e+00 1.565217e+00 6.231884e-01 1.642512e-01 3.381643e-02
31087: 2.033654e+00 1.581731e+00 1.562500e+00 6.201923e-01 1.634615e-01 3.365385e-02
31087: 2.033493e+00 1.578947e+00 1.569378e+00 6.172249e-01 1.626794e-01 3.349282e-02
31087: 2.033333e+00 1.580952e+00 1.571429e+00 6.142857e-01 1.619048e-01 3.333333e-02
31087: 2.028436e+00 1.582938e+00 1.568720e+00 6.208531e-01 1.611374e-01 3.317536e-02
31087: 2.028302e+00 1.580189e+00 1.575472e+00 6.179245e-01 1.603774e-01 3.301887e-02
31087: 2.023474e+00 1.582160e+00 1.568075e+00 6.244131e-01 1.596244e-01 3.755869e-02
31087: 2.023364e+00 1.579439e+00 1.565421e+00 6.308411e-01 1.588785e-01 3.738318e-02
31087: 2.018605e+00 1.581395e+00 1.572093e+00 6.279070e-01 1.581395e-01 3.720930e-02
31087: 2.023148e+00 1.578704e+00 1.569444e+00 6.296296e-01 1.574074e-01 3.703704e-02
31087: 2.023041e+00 1.580645e+00 1.571429e+00 6.267281e-01 1.566820e-01 3.686636e-02
31087: 2.022936e+00 1.582569e+00 1.564220e+00 6.330275e-01 1.559633e-01 3.669725e-02
31087: 2.022831e+00 1.575342e+00 1.575342e+00 6.301370e-01 1.552511e-01 3.652968e-02
31087: 2.018182e+00 1.572727e+00 1.577273e+00 6.363636e-01 1.545455e-01 3.636364e-02
31087: 2.022624e+00 1.565611e+00 1.579186e+00 6.380090e-01 1.538462e-01 3.619910e-02
31087: 2.018018e+00 1.572072e+00 1.576577e+00 6.396396e-01 1.531532e-01 3.603604e-02
31087: 2.022422e+00 1.569507e+00 1.569507e+00 6.412556e-01 1.569507e-01 3.587444e-02
31087: 2.017857e+00 1.580357e+00 1.562500e+00 6.383929e-01 1.562500e-01 4.017857e-02
31087: 2.017778e+00 1.582222e+00 1.564444e+00 6.355556e-01 1.555556e-01 4.000000e-02
31087: 2.022124e+00 1.579646e+00 1.561947e+00 6.371681e-01 1.548673e-01 3.982301e-02
31087: 2.022026e+00 1.581498e+00 1.559471e+00 6.387665e-01 1.541850e-01 3.964758e-02
31087: 2.026316e+00 1.578947e+00 1.561404e+00 6.359649e-01 1.535088e-01 3.947368e-02
31087: 2.030568e+00 1.580786e+00 1.558952e+00 6.331878e-01 1.528384e-01 3.930131e-02
31087: 2.026087e+00 1.578261e+00 1.565217e+00 6.347826e-01 1.521739e-01 3.913043e-02
31087: 2.030303e+00 1.575758e+00 1.567100e+00 6.320346e-01 1.515152e-01 3.896104e-02
31087: 2.030172e+00 1.573276e+00 1.568966e+00 6.293103e-01 1.551724e-01 3.879310e-02
31087: 2.025751e+00 1.575107e+00 1.566524e+00 6.309013e-01 1.545064e-01 4.291845e-02
31087: 2.025641e+00 1.581197e+00 1.564103e+00 6.282051e-01 1.538462e-01 4.273504e-02
31087: 2.025532e+00 1.578723e+00 1.565957e+00 6.297872e-01 1.531915e-01 4.255319e-02
31087: 2.021186e+00 1.580508e+00 1.563559e+00 6.355932e-01 1.525424e-01 4.237288e-02
31087: 2.025316e+00 1.578059e+00 1.565401e+00 6.329114e-01 1.518987e-01 4.219409e-02
31087: 2.021008e+00 1.588235e+00 1.563025e+00 6.302521e-01 1.512605e-01 4.201681e-02
31087: 2.025105e+00 1.585774e+00 1.560669e+00 6.317992e-01 1.506276e-01 4.184100e-02
31087: 2.020833e+00 1.595833e+00 1.558333e+00 6.291667e-01 1.500000e-01 4.166667e-02
31087: 2.020747e+00 1.593361e+00 1.564315e+00 6.265560e-01 1.493776e-01 4.149378e-02
31087: 2.020661e+00 1.595041e+00 1.561983e+00 6.280992e-01 1.487603e-01 4.132231e-02
31087: 2.020576e+00 1.596708e+00 1.563786e+00 6.255144e-01 1.481481e-01 4.115226e-02
31087: 2.016393e+00 1.594262e+00 1.565574e+00 6.270492e-01 1.516393e-01 4.098361e-02
31087: 2.024490e+00 1.591837e+00 1.563265e+00 6.244898e-01 1.510204e-01 4.081633e-02
31087: 2.020325e+00 1.597561e+00 1.560976e+00 6.219512e-01 1.544715e-01 4.065041e-02
31087: 2.020243e+00 1.599190e+00 1.562753e+00 6.194332e-01 1.538462e-01 4.048583e-02
31087: 2.020161e+00 1.592742e+00 1.564516e+00 6.250000e-01 1.532258e-01 4.032258e-02
31087: 2.016064e+00 1.594378e+00 1.562249e+00 6.305221e-01 1.526104e-01 4.016064e-02
31087: 2.016000e+00 1.596000e+00 1.564000e+00 6.280000e-01 1.520000e-01 4.000000e-02
31087: 2.011952e+00 1.593625e+00 1.565737e+00 6.334661e-01 1.513944e-01 3.984064e-02
31087: 2.011905e+00 1.595238e+00 1.563492e+00 6.349206e-01 1.507937e-01 3.968254e-02
31087: 2.011858e+00 1.592885e+00 1.569170e+00 6.324111e-01 1.501976e-01 3.952569e-02
31087: 2.007874e+00 1.594488e+00 1.574803e+00 6.299213e-01 1.496063e-01 3.937008e-02
31087: 2.007843e+00 1.596078e+00 1.568627e+00 6.352941e-01 1.490196e-01 3.921569e-02
31087: 2.003906e+00 1.593750e+00 1.574219e+00 6.367188e-01 1.484375e-01 3.906250e-02
31087: 2.007782e+00 1.591440e+00 1.568093e+00 6.381323e-01 1.517510e-01 3.891051e-02
31087: 2.003876e+00 1.596899e+00 1.565891e+00 6.395349e-01 1.511628e-01 3.875969e-02
31087: 2.003861e+00 1.594595e+00 1.571429e+00 6.370656e-01 1.505792e-01 3.861004e-02
31087: 2.003846e+00 1.600000e+00 1.565385e+00 6.384615e-01 1.500000e-01 3.846154e-02
31087: 2.000000e+00 1.601533e+00 1.567050e+00 6.360153e-01 1.532567e-01 3.831418e-02
31087: 2.000000e+00 1.599237e+00 1.564885e+00 6.412214e-01 1.526718e-01 3.816794e-02
31087: 2.003802e+00 1.600760e+00 1.562738e+00 6.387833e-01 1.520913e-01 3.802281e-02
31087: 2.000000e+00 1.602273e+00 1.564394e+00 6.363636e-01 1.553030e-01 3.787879e-02
31087: 2.000000e+00 1.603774e+00 1.562264e+00 6.377358e-01 1.547170e-01 3.773585e-02
31087: 2.000000e+00 1.605263e+00 1.563910e+00 6.353383e-01 1.541353e-01 3.759398e-02
31087: 1.996255e+00 1.602996e+00 1.565543e+00 6.367041e-01 1.573034e-01 3.745318e-02
31087: 1.996269e+00 1.600746e+00 1.570896e+00 6.343284e-01 1.567164e-01 3.731343e-02
31087: 1.992565e+00 1.605948e+00 1.568773e+00 6.356877e-01 1.561338e-01 3.717472e-02
31087: 1.992593e+00 1.611111e+00 1.566667e+00 6.333333e-01 1.555556e-01 3.703704e-02
31087: 1.988930e+00 1.608856e+00 1.575646e+00 6.309963e-01 1.549815e-01 3.690037e-02
31087: 1.992647e+00 1.606618e+00 1.573529e+00 6.323529e-01 1.544118e-01 3.676471e-02
31087: 1.989011e+00 1.608059e+00 1.571429e+00 6.373626e-01 1.538462e-01 3.663004e-02
31087: 1.989051e+00 1.613139e+00 1.565693e+00 6.386861e-01 1.532847e-01 3.649635e-02
31087: 1.985455e+00 1.614545e+00 1.570909e+00 6.363636e-01 1.527273e-01 3.636364e-02
31087: 1.985507e+00 1.615942e+00 1.565217e+00 6.376812e-01 1.557971e-01 3.623188e-02
31087: 1.981949e+00 1.610108e+00 1.577617e+00 6.353791e-01 1.552347e-01 3.610108e-02
31087: 1.982014e+00 1.607914e+00 1.579137e+00 6.366906e-01 1.546763e-01 3.597122e-02
31087: 1.978495e+00 1.609319e+00 1.577061e+00 6.379928e-01 1.577061e-01 3.584229e-02
31087: 1.982143e+00 1.603571e+00 1.578571e+00 6.392857e-01 1.571429e-01 3.571429e-02
31087: 1.982206e+00 1.608541e+00 1.572954e+00 6.405694e-01 1.565836e-01 3.558719e-02
31087: 1.978723e+00 1.609929e+00 1.570922e+00 6.453901e-01 1.560284e-01 3.546099e-02
31087: 1.982332e+00 1.607774e+00 1.568905e+00 6.466431e-01 1.554770e-01 3.533569e-02
31087: 1.978873e+00 1.612676e+00 1.570423e+00 6.443662e-01 1.549296e-01 3.521127e-02
31087: 1.982456e+00 1.614035e+00 1.564912e+00 6.456140e-01 1.543860e-01 3.508772e-02
31087: 1.979021e+00 1.611888e+00 1.566434e+00 6.468531e-01 1.573427e-01 3.496503e-02
31087: 1.982578e+00 1.609756e+00 1.567944e+00 6.445993e-01 1.567944e-01 3.484321e-02
31087: 1.982639e+00 1.614583e+00 1.565972e+00 6.423611e-01 1.562500e-01 3.472222e-02
31087: 1.982699e+00 1.615917e+00 1.567474e+00 6.401384e-01 1.557093e-01 3.460208e-02
31087: 1.979310e+00 1.617241e+00 1.568966e+00 6.413793e-01 1.551724e-01 3.448276e-02
31087: 1.982818e+00 1.615120e+00 1.570447e+00 6.391753e-01 1.546392e-01 3.436426e-02
31087: 1.979452e+00 1.616438e+00 1.568493e+00 6.404110e-01 1.575342e-01 3.424658e-02
31087: 1.982935e+00 1.614334e+00 1.569966e+00 6.382253e-01 1.569966e-01 3.412969e-02
31087: 1.979592e+00 1.615646e+00 1.574830e+00 6.360544e-01 1.564626e-01 3.401361e-02
31087: 1.979661e+00 1.613559e+00 1.572881e+00 6.406780e-01 1.559322e-01 3.389831e-02
31087: 1.976351e+00 1.618243e+00 1.567568e+00 6.418919e-01 1.587838e-01 3.378378e-02
31087: 1.976431e+00 1.616162e+00 1.569024e+00 6.430976e-01 1.582492e-01 3.367003e-02
31087: 1.976510e+00 1.617450e+00 1.567114e+00 6.442953e-01 1.577181e-01 3.355705e-02
31087: 1.979933e+00 1.615385e+00 1.568562e+00 6.421405e-01 1.571906e-01 3.344482e-02
31087: 1.976667e+00 1.613333e+00 1.570000e+00 6.400000e-01 1.633333e-01 3.333333e-02
31087: 1.976744e+00 1.611296e+00 1.568106e+00 6.445183e-01 1.627907e-01 3.322259e-02
31087: 1.976821e+00 1.612583e+00 1.569536e+00 6.423841e-01 1.622517e-01 3.311258e-02
31087: 1.973597e+00 1.613861e+00 1.570957e+00 6.435644e-01 1.617162e-01 3.300330e-02
31087: 1.973684e+00 1.611842e+00 1.569079e+00 6.480263e-01 1.611842e-01 3.289474e-02
31087: 1.973770e+00 1.616393e+00 1.567213e+00 6.459016e-01 1.606557e-01 3.278689e-02
31087: 1.970588e+00 1.617647e+00 1.568627e+00 6.470588e-01 1.601307e-01 3.267974e-02
31087: 1.970684e+00 1.615635e+00 1.566775e+00 6.482085e-01 1.628664e-01 3.257329e-02
31087: 1.970779e+00 1.616883e+00 1.568182e+00 6.461039e-01 1.623377e-01 3.246753e-02
31087: 1.967638e+00 1.614887e+00 1.566343e+00 6.504854e-01 1.650485e-01 3.236246e-02
31087: 1.967742e+00 1.609677e+00 1.574194e+00 6.483871e-01 1.645161e-01 3.225806e-02
31087: 1.964630e+00 1.610932e+00 1.575563e+00 6.495177e-01 1.639871e-01 3.215434e-02
31087: 1.967949e+00 1.608974e+00 1.573718e+00 6.506410e-01 1.634615e-01 3.205128e-02
31087: 1.964856e+00 1.610224e+00 1.571885e+00 6.517572e-01 1.661342e-01 3.194888e-02
31087: 1.964968e+00 1.608280e+00 1.573248e+00 6.528662e-01 1.656051e-01 3.184713e-02
31087: 1.961905e+00 1.609524e+00 1.574603e+00 6.539683e-01 1.650794e-01 3.174603e-02
31087: 1.965190e+00 1.607595e+00 1.572785e+00 6.550633e-01 1.645570e-01 3.164557e-02
31087: 1.965300e+00 1.611987e+00 1.567823e+00 6.561514e-01 1.640379e-01 3.154574e-02
31087: 1.962264e+00 1.613208e+00 1.569182e+00 6.540881e-01 1.666667e-01 3.144654e-02
31087: 1.965517e+00 1.614420e+00 1.567398e+00 6.520376e-01 1.661442e-01 3.134796e-02
31087: 1.962500e+00 1.612500e+00 1.575000e+00 6.500000e-01 1.656250e-01 3.125000e-02
31087: 1.962617e+00 1.610592e+00 1.573209e+00 6.542056e-01 1.651090e-01 3.115265e-02
31087: 1.959627e+00 1.611801e+00 1.571429e+00 6.552795e-01 1.645963e-01 3.416149e-02
31087: 1.962848e+00 1.606811e+00 1.572755e+00 6.563467e-01 1.640867e-01 3.405573e-02
31087: 1.966049e+00 1.608025e+00 1.567901e+00 6.574074e-01 1.635802e-01 3.395062e-02
31087: 1.963077e+00 1.606154e+00 1.572308e+00 6.584615e-01 1.630769e-01 3.384615e-02
31087: 1.963190e+00 1.610429e+00 1.567485e+00 6.595092e-01 1.625767e-01 3.374233e-02
31087: 1.960245e+00 1.608563e+00 1.574924e+00 6.574924e-01 1.620795e-01 3.363914e-02
31087: 1.960366e+00 1.606707e+00 1.576220e+00 6.585366e-01 1.615854e-01 3.353659e-02
31087: 1.957447e+00 1.607903e+00 1.577508e+00 6.595745e-01 1.610942e-01 3.343465e-02
31087: 1.960606e+00 1.609091e+00 1.572727e+00 6.606061e-01 1.606061e-01 3.333333e-02
31087: 1.957704e+00 1.607251e+00 1.577039e+00 6.616314e-01 1.601208e-01 3.323263e-02
31087: 1.957831e+00 1.602410e+00 1.581325e+00 6.626506e-01 1.596386e-01 3.313253e-02
31087: 1.957958e+00 1.603604e+00 1.576577e+00 6.636637e-01 1.621622e-01 3.303303e-02
31087: 1.958084e+00 1.601796e+00 1.577844e+00 6.646707e-01 1.616766e-01 3.293413e-02
31087: 1.961194e+00 1.602985e+00 1.573134e+00 6.656716e-01 1.611940e-01 3.283582e-02
31087: 1.958333e+00 1.601190e+00 1.574405e+00 6.666667e-01 1.636905e-01 3.273810e-02
31087: 1.958457e+00 1.605341e+00 1.569733e+00 6.676558e-01 1.632047e-01 3.264095e-02
31087: 1.955621e+00 1.606509e+00 1.571006e+00 6.686391e-01 1.627219e-01 3.254438e-02
31087: 1.955752e+00 1.607670e+00 1.566372e+00 6.696165e-01 1.651917e-01 3.244838e-02
31087: 1.952941e+00 1.608824e+00 1.570588e+00 6.676471e-01 1.647059e-01 3.235294e-02
31087: 1.956012e+00 1.607038e+00 1.568915e+00 6.686217e-01 1.642229e-01 3.225806e-02
31087: 1.953216e+00 1.605263e+00 1.573099e+00 6.666667e-01 1.666667e-01 3.216374e-02
31087: 1.953353e+00 1.606414e+00 1.568513e+00 6.705539e-01 1.661808e-01 3.206997e-02
31087: 1.953488e+00 1.604651e+00 1.572674e+00 6.686047e-01 1.656977e-01 3.197674e-02
31087: 1.950725e+00 1.608696e+00 1.571014e+00 6.695652e-01 1.652174e-01 3.188406e-02
31087: 1.950867e+00 1.606936e+00 1.569364e+00 6.705202e-01 1.676301e-01 3.179191e-02
31087: 1.948127e+00 1.610951e+00 1.570605e+00 6.685879e-01 1.671470e-01 3.170029e-02
31087: 1.948276e+00 1.614943e+00 1.566092e+00 6.695402e-01 1.666667e-01 3.160920e-02
31087: 1.948424e+00 1.613181e+00 1.570201e+00 6.676218e-01 1.661891e-01 3.151862e-02
31087: 1.945714e+00 1.611429e+00 1.574286e+00 6.685714e-01 1.657143e-01 3.142857e-02
31087: 1.948718e+00 1.612536e+00 1.569801e+00 6.695157e-01 1.652422e-01 3.133903e-02
31087: 1.948864e+00 1.610795e+00 1.573864e+00 6.676136e-01 1.647727e-01 3.125000e-02
31087: 1.946176e+00 1.611898e+00 1.572238e+00 6.713881e-01 1.643059e-01 3.116147e-02
31087: 1.946328e+00 1.612994e+00 1.567797e+00 6.723164e-01 1.666667e-01 3.107345e-02
31087: 1.946479e+00 1.611268e+00 1.569014e+00 6.732394e-01 1.661972e-01 3.098592e-02
31087: 1.943820e+00 1.615169e+00 1.570225e+00 6.713483e-01 1.657303e-01 3.089888e-02
31087: 1.943978e+00 1.616246e+00 1.568627e+00 6.722689e-01 1.652661e-01 3.081232e-02
31087: 1.944134e+00 1.614525e+00 1.569832e+00 6.731844e-01 1.648045e-01 3.072626e-02
31087: 1.941504e+00 1.615599e+00 1.568245e+00 6.768802e-01 1.643454e-01 3.064067e-02
31087: 1.944444e+00 1.613889e+00 1.566667e+00 6.750000e-01 1.666667e-01 3.055556e-02
31087: 1.941828e+00 1.617729e+00 1.567867e+00 6.731302e-01 1.662050e-01 3.047091e-02
31087: 1.944751e+00 1.618785e+00 1.566298e+00 6.712707e-01 1.657459e-01 3.038674e-02
31087: 1.947658e+00 1.617080e+00 1.567493e+00 6.694215e-01 1.652893e-01 3.030303e-02
31087: 1.947802e+00 1.620879e+00 1.565934e+00 6.675824e-01 1.648352e-01 3.021978e-02
31087: 1.947945e+00 1.619178e+00 1.569863e+00 6.657534e-01 1.643836e-01 3.013699e-02
31087: 1.948087e+00 1.620219e+00 1.571038e+00 6.639344e-01 1.639344e-01 3.005464e-02
31087: 1.945504e+00 1.621253e+00 1.569482e+00 6.675749e-01 1.634877e-01 2.997275e-02
31087: 1.945652e+00 1.622283e+00 1.567935e+00 6.684783e-01 1.630435e-01 2.989130e-02
31087: 1.943089e+00 1.620596e+00 1.574526e+00 6.666667e-01 1.626016e-01 2.981030e-02
31087: 1.943243e+00 1.618919e+00 1.572973e+00 6.702703e-01 1.621622e-01 2.972973e-02
31087: 1.943396e+00 1.619946e+00 1.571429e+00 6.711590e-01 1.617251e-01 2.964960e-02
31087: 1.940860e+00 1.618280e+00 1.569892e+00 6.747312e-01 1.639785e-01 2.956989e-02
31087: 1.941019e+00 1.619303e+00 1.568365e+00 6.756032e-01 1.635389e-01 2.949062e-02
31087: 1.938503e+00 1.622995e+00 1.569519e+00 6.737968e-01 1.631016e-01 2.941176e-02
31087: 1.938667e+00 1.624000e+00 1.570667e+00 6.720000e-01 1.626667e-01 2.933333e-02
31087: 1.938830e+00 1.625000e+00 1.566489e+00 6.755319e-01 1.622340e-01 2.925532e-02
31087: 1.936340e+00 1.623342e+00 1.572944e+00 6.737401e-01 1.618037e-01 2.917772e-02
31087: 1.936508e+00 1.621693e+00 1.571429e+00 6.746032e-01 1.640212e-01 2.910053e-02
31087: 1.936675e+00 1.622691e+00 1.567282e+00 6.781003e-01 1.635884e-01 2.902375e-02
31087: 1.936842e+00 1.621053e+00 1.568421e+00 6.789474e-01 1.631579e-01 2.894737e-02
31087: 1.934383e+00 1.622047e+00 1.572178e+00 6.771654e-01 1.627297e-01 2.887139e-02
31087: 1.934555e+00 1.620419e+00 1.573298e+00 6.780105e-01 1.623037e-01 2.879581e-02
31087: 1.934726e+00 1.624021e+00 1.569191e+00 6.788512e-01 1.618799e-01 2.872063e-02
31087: 1.932292e+00 1.622396e+00 1.572917e+00 6.796875e-01 1.614583e-01 2.864583e-02
31087: 1.932468e+00 1.618182e+00 1.574026e+00 6.831169e-01 1.610390e-01 2.857143e-02
31087: 1.930052e+00 1.621762e+00 1.572539e+00 6.839378e-01 1.606218e-01 2.849741e-02
31087: 1.930233e+00 1.620155e+00 1.571059e+00 6.847545e-01 1.627907e-01 2.842377e-02
31087: 1.927835e+00 1.626289e+00 1.567010e+00 6.855670e-01 1.623711e-01 2.835052e-02
31087: 1.928021e+00 1.624679e+00 1.570694e+00 6.838046e-01 1.619537e-01 2.827763e-02
31087: 1.925641e+00 1.625641e+00 1.571795e+00 6.846154e-01 1.615385e-01 2.820513e-02
31087: 1.928389e+00 1.626598e+00 1.567775e+00 6.854220e-01 1.611253e-01 2.813299e-02
31087: 1.928571e+00 1.625000e+00 1.568878e+00 6.836735e-01 1.632653e-01 2.806122e-02
31087: 1.928753e+00 1.623410e+00 1.569975e+00 6.844784e-01 1.628499e-01 2.798982e-02
31087: 1.926396e+00 1.626904e+00 1.568528e+00 6.827411e-01 1.649746e-01 2.791878e-02
31087: 1.926582e+00 1.625316e+00 1.567089e+00 6.860759e-01 1.645570e-01 2.784810e-02
31087: 1.924242e+00 1.626263e+00 1.568182e+00 6.843434e-01 1.666667e-01 2.777778e-02
31087: 1.924433e+00 1.627204e+00 1.566751e+00 6.851385e-01 1.662469e-01 2.770781e-02
31087: 1.922111e+00 1.625628e+00 1.572864e+00 6.834171e-01 1.658291e-01 2.763819e-02
31087: 1.922306e+00 1.626566e+00 1.571429e+00 6.842105e-01 1.654135e-01 2.756892e-02
31087: 1.920000e+00 1.627500e+00 1.570000e+00 6.875000e-01 1.650000e-01 2.750000e-02
31087: 1.920200e+00 1.625935e+00 1.571072e+00 6.882793e-01 1.645885e-01 2.743142e-02
31087: 1.917910e+00 1.626866e+00 1.572139e+00 6.890547e-01 1.641791e-01 2.736318e-02
31087: 1.918114e+00 1.627792e+00 1.568238e+00 6.923077e-01 1.637717e-01 2.729529e-02
31087: 1.915842e+00 1.626238e+00 1.571782e+00 6.930693e-01 1.633663e-01 2.722772e-02
31087: 1.916049e+00 1.624691e+00 1.570370e+00 6.938272e-01 1.654321e-01 2.716049e-02
31087: 1.916256e+00 1.625616e+00 1.566502e+00 6.945813e-01 1.674877e-01 2.709360e-02
31087: 1.916462e+00 1.624079e+00 1.567568e+00 6.953317e-01 1.670762e-01 2.702703e-02
31087: 1.916667e+00 1.627451e+00 1.566176e+00 6.936275e-01 1.666667e-01 2.696078e-02
31087: 1.916870e+00 1.628362e+00 1.567237e+00 6.919315e-01 1.662592e-01 2.689487e-02
31087: 1.917073e+00 1.626829e+00 1.565854e+00 6.926829e-01 1.682927e-01 2.682927e-02
31087: 1.917275e+00 1.627737e+00 1.566910e+00 6.909976e-01 1.678832e-01 2.676399e-02
31087: 1.915049e+00 1.628641e+00 1.567961e+00 6.917476e-01 1.674757e-01 2.669903e-02
31087: 1.917676e+00 1.627119e+00 1.566586e+00 6.900726e-01 1.670702e-01 2.905569e-02
31087: 1.920290e+00 1.628019e+00 1.565217e+00 6.884058e-01 1.666667e-01 2.898551e-02
31087: 1.920482e+00 1.628916e+00 1.566265e+00 6.867470e-01 1.662651e-01 2.891566e-02
31087: 1.920673e+00 1.627404e+00 1.567308e+00 6.875000e-01 1.658654e-01 2.884615e-02
31087: 1.918465e+00 1.628297e+00 1.568345e+00 6.858513e-01 1.654676e-01 3.117506e-02
31087: 1.918660e+00 1.631579e+00 1.566986e+00 6.842105e-01 1.650718e-01 3.110048e-02
31087: 1.918854e+00 1.630072e+00 1.570406e+00 6.825776e-01 1.646778e-01 3.102625e-02
31087: 1.916667e+00 1.630952e+00 1.569048e+00 6.857143e-01 1.642857e-01 3.095238e-02
31087: 1.916865e+00 1.629454e+00 1.572447e+00 6.840855e-01 1.638955e-01 3.087886e-02
31087: 1.914692e+00 1.630332e+00 1.573460e+00 6.848341e-01 1.635071e-01 3.080569e-02
31087: 1.919622e+00 1.628842e+00 1.569740e+00 6.855792e-01 1.631206e-01 3.073286e-02
31087: 1.917453e+00 1.632075e+00 1.568396e+00 6.839623e-01 1.650943e-01 3.066038e-02
31087: 1.917647e+00 1.635294e+00 1.567059e+00 6.823529e-01 1.647059e-01 3.058824e-02
31087: 1.917840e+00 1.633803e+00 1.568075e+00 6.830986e-01 1.643192e-01 3.051643e-02
31087: 1.918033e+00 1.634660e+00 1.566745e+00 6.838407e-01 1.639344e-01 3.044496e-02
31087: 1.918224e+00 1.633178e+00 1.570093e+00 6.822430e-01 1.635514e-01 3.037383e-02
31087: 1.918415e+00 1.636364e+00 1.566434e+00 6.829837e-01 1.631702e-01 3.030303e-02
31087: 1.918605e+00 1.634884e+00 1.569767e+00 6.813953e-01 1.627907e-01 3.023256e-02
31087: 1.918794e+00 1.635731e+00 1.570766e+00 6.798144e-01 1.624130e-01 3.016241e-02
31087: 1.916667e+00 1.634259e+00 1.571759e+00 6.828704e-01 1.620370e-01 3.009259e-02
31087: 1.916859e+00 1.632794e+00 1.570439e+00 6.859122e-01 1.616628e-01 3.002309e-02
31087: 1.917051e+00 1.633641e+00 1.566820e+00 6.866359e-01 1.612903e-01 3.225806e-02
31087: 1.917241e+00 1.629885e+00 1.570115e+00 6.873563e-01 1.609195e-01 3.218391e-02
31087: 1.917431e+00 1.633028e+00 1.566514e+00 6.880734e-01 1.605505e-01 3.211009e-02
31087: 1.917620e+00 1.633867e+00 1.567506e+00 6.864989e-01 1.601831e-01 3.203661e-02
31087: 1.917808e+00 1.630137e+00 1.568493e+00 6.872146e-01 1.621005e-01 3.196347e-02
31087: 1.917995e+00 1.630979e+00 1.567198e+00 6.879271e-01 1.617312e-01 3.189066e-02
31087: 1.915909e+00 1.629545e+00 1.568182e+00 6.863636e-01 1.659091e-01 3.181818e-02
31087: 1.918367e+00 1.628118e+00 1.566893e+00 6.848073e-01 1.678005e-01 3.174603e-02
31087: 1.918552e+00 1.628959e+00 1.567873e+00 6.832579e-01 1.674208e-01 3.167421e-02
31087: 1.916479e+00 1.627540e+00 1.571106e+00 6.839729e-01 1.670429e-01 3.160271e-02
31087: 1.918919e+00 1.628378e+00 1.567568e+00 6.846847e-01 1.666667e-01 3.153153e-02
31087: 1.916854e+00 1.629213e+00 1.570787e+00 6.831461e-01 1.662921e-01 3.146067e-02
31087: 1.917040e+00 1.627803e+00 1.569507e+00 6.838565e-01 1.681614e-01 3.139013e-02
31087: 1.914989e+00 1.630872e+00 1.568233e+00 6.845638e-01 1.677852e-01 3.131991e-02
31087: 1.915179e+00 1.627232e+00 1.569196e+00 6.852679e-01 1.696429e-01 3.125000e-02
31087: 1.913140e+00 1.630290e+00 1.567929e+00 6.859688e-01 1.692650e-01 3.118040e-02
31087: 1.915556e+00 1.631111e+00 1.566667e+00 6.844444e-01 1.688889e-01 3.111111e-02
31087: 1.913525e+00 1.629712e+00 1.569845e+00 6.829268e-01 1.707317e-01 3.104213e-02
31087: 1.913717e+00 1.626106e+00 1.573009e+00 6.814159e-01 1.725664e-01 3.097345e-02
31087: 1.911700e+00 1.626932e+00 1.573951e+00 6.821192e-01 1.721854e-01 3.090508e-02
31087: 1.911894e+00 1.625551e+00 1.574890e+00 6.828194e-01 1.718062e-01 3.083700e-02
31087: 1.912088e+00 1.626374e+00 1.571429e+00 6.857143e-01 1.714286e-01 3.076923e-02
31087: 1.910088e+00 1.625000e+00 1.572368e+00 6.864035e-01 1.732456e-01 3.070175e-02
31087: 1.912473e+00 1.623632e+00 1.571116e+00 6.870897e-01 1.728665e-01 3.063457e-02
31087: 1.910480e+00 1.624454e+00 1.572052e+00 6.877729e-01 1.724891e-01 3.056769e-02
31087: 1.912854e+00 1.620915e+00 1.572985e+00 6.884532e-01 1.721133e-01 3.050109e-02
31087: 1.913043e+00 1.621739e+00 1.571739e+00 6.891304e-01 1.717391e-01 3.043478e-02
31087: 1.911063e+00 1.618221e+00 1.574837e+00 6.898048e-01 1.735358e-01 3.036876e-02
31087: 1.913420e+00 1.614719e+00 1.575758e+00 6.904762e-01 1.731602e-01 3.030303e-02
31087: 1.911447e+00 1.617711e+00 1.574514e+00 6.911447e-01 1.727862e-01 3.023758e-02
31087: 1.909483e+00 1.620690e+00 1.571121e+00 6.939655e-01 1.724138e-01 3.017241e-02
31087: 1.911828e+00 1.619355e+00 1.567742e+00 6.967742e-01 1.720430e-01 3.010753e-02
31087: 1.909871e+00 1.624464e+00 1.566524e+00 6.952790e-01 1.716738e-01 3.004292e-02
31087: 1.910064e+00 1.623126e+00 1.567452e+00 6.959315e-01 1.713062e-01 2.997859e-02
31087: 1.908120e+00 1.623932e+00 1.570513e+00 6.944444e-01 1.709402e-01 2.991453e-02
31087: 1.908316e+00 1.624733e+00 1.569296e+00 6.950959e-01 1.705757e-01 2.985075e-02
31087: 1.906383e+00 1.625532e+00 1.570213e+00 6.936170e-01 1.723404e-01 2.978723e-02
31087: 1.904459e+00 1.626327e+00 1.569002e+00 6.963907e-01 1.719745e-01 2.972399e-02
31087: 1.906780e+00 1.625000e+00 1.569915e+00 6.949153e-01 1.716102e-01 2.966102e-02
31087: 1.904863e+00 1.625793e+00 1.568710e+00 6.955603e-01 1.733615e-01 2.959831e-02
31087: 1.905063e+00 1.628692e+00 1.567511e+00 6.940928e-01 1.729958e-01 2.953586e-02
31087: 1.903158e+00 1.625263e+00 1.572632e+00 6.926316e-01 1.747368e-01 2.947368e-02
31087: 1.903361e+00 1.626050e+00 1.571429e+00 6.932773e-01 1.743697e-01 2.941176e-02
31087: 1.901468e+00 1.622642e+00 1.574423e+00 6.960168e-01 1.740042e-01 2.935010e-02
31087: 1.901674e+00 1.623431e+00 1.571130e+00 6.987448e-01 1.736402e-01 2.928870e-02
31087: 1.901879e+00 1.622129e+00 1.572025e+00 6.993737e-01 1.732777e-01 2.922756e-02
31087: 1.900000e+00 1.622917e+00 1.570833e+00 7.020833e-01 1.729167e-01 2.916667e-02
31087: 1.900208e+00 1.625780e+00 1.567568e+00 7.027027e-01 1.725572e-01 2.910603e-02
31087: 1.898340e+00 1.624481e+00 1.568465e+00 7.012448e-01 1.763485e-01 2.904564e-02
31087: 1.900621e+00 1.625259e+00 1.567288e+00 6.997930e-01 1.759834e-01 2.898551e-02
31087: 1.900826e+00 1.621901e+00 1.572314e+00 6.983471e-01 1.756198e-01 2.892562e-02
31087: 1.898969e+00 1.622680e+00 1.569072e+00 6.989691e-01 1.773196e-01 3.092784e-02
31087: 1.899177e+00 1.621399e+00 1.569959e+00 6.995885e-01 1.769547e-01 3.086420e-02
31087: 1.897331e+00 1.624230e+00 1.568789e+00 7.002053e-01 1.765914e-01 3.080082e-02
31087: 1.897541e+00 1.625000e+00 1.567623e+00 7.008197e-01 1.762295e-01 3.073770e-02
31087: 1.895706e+00 1.625767e+00 1.570552e+00 6.993865e-01 1.758691e-01 3.067485e-02
31087: 1.897959e+00 1.626531e+00 1.567347e+00 7.000000e-01 1.755102e-01 3.061224e-02
31087: 1.896130e+00 1.625255e+00 1.572301e+00 6.985743e-01 1.751527e-01 3.054990e-02
31087: 1.894309e+00 1.626016e+00 1.573171e+00 6.991870e-01 1.747967e-01 3.048780e-02
31087: 1.894523e+00 1.624746e+00 1.574037e+00 6.997972e-01 1.744422e-01 3.042596e-02
31087: 1.892713e+00 1.625506e+00 1.570850e+00 7.044534e-01 1.740891e-01 3.036437e-02
31087: 1.894949e+00 1.624242e+00 1.567677e+00 7.050505e-01 1.757576e-01 3.030303e-02
31087: 1.893145e+00 1.629032e+00 1.566532e+00 7.036290e-01 1.754032e-01 3.024194e-02
31087: 1.895372e+00 1.627767e+00 1.565392e+00 7.042254e-01 1.750503e-01 3.018109e-02
31087: 1.893574e+00 1.630522e+00 1.566265e+00 7.028112e-01 1.746988e-01 3.012048e-02
31087: 1.893788e+00 1.631263e+00 1.567134e+00 7.014028e-01 1.743487e-01 3.006012e-02
31087: 1.894000e+00 1.632000e+00 1.566000e+00 7.020000e-01 1.740000e-01 3.000000e-02
31087: 1.894212e+00 1.630739e+00 1.568862e+00 7.005988e-01 1.736527e-01 2.994012e-02
31087: 1.892430e+00 1.633466e+00 1.569721e+00 6.992032e-01 1.733068e-01 2.988048e-02
31087: 1.894632e+00 1.634195e+00 1.568588e+00 6.978131e-01 1.729622e-01 2.982107e-02
31087: 1.892857e+00 1.634921e+00 1.569444e+00 6.984127e-01 1.726190e-01 2.976190e-02
31087: 1.895050e+00 1.631683e+00 1.572277e+00 6.970297e-01 1.722772e-01 2.970297e-02
31087: 1.893281e+00 1.634387e+00 1.569170e+00 6.996047e-01 1.719368e-01 2.964427e-02
31087: 1.893491e+00 1.631164e+00 1.573964e+00 6.982249e-01 1.715976e-01 2.958580e-02
31087: 1.893701e+00 1.631890e+00 1.572835e+00 6.988189e-01 1.712598e-01 2.952756e-02
31087: 1.891945e+00 1.630648e+00 1.571709e+00 7.013752e-01 1.728880e-01 2.946955e-02
31087: 1.892157e+00 1.633333e+00 1.568627e+00 7.019608e-01 1.725490e-01 2.941176e-02
31087: 1.892368e+00 1.632094e+00 1.571429e+00 7.005871e-01 1.722114e-01 2.935421e-02
31087: 1.892578e+00 1.632812e+00 1.568359e+00 7.031250e-01 1.718750e-01 2.929688e-02
31087: 1.890838e+00 1.631579e+00 1.569201e+00 7.017544e-01 1.754386e-01 2.923977e-02
31087: 1.891051e+00 1.632296e+00 1.568093e+00 7.003891e-01 1.770428e-01 2.918288e-02
31087: 1.889320e+00 1.629126e+00 1.572816e+00 7.009709e-01 1.766990e-01 2.912621e-02
31087: 1.889535e+00 1.627907e+00 1.569767e+00 7.054264e-01 1.763566e-01 2.906977e-02
31087: 1.887814e+00 1.628627e+00 1.570600e+00 7.059961e-01 1.760155e-01 2.901354e-02
31087: 1.888031e+00 1.629344e+00 1.567568e+00 7.084942e-01 1.756757e-01 2.895753e-02
31087: 1.886320e+00 1.628131e+00 1.572254e+00 7.071291e-01 1.753372e-01 2.890173e-02
31087: 1.886538e+00 1.630769e+00 1.569231e+00 7.076923e-01 1.750000e-01 2.884615e-02
31087: 1.884837e+00 1.629559e+00 1.573896e+00 7.063340e-01 1.746641e-01 2.879079e-02
31087: 1.885057e+00 1.630268e+00 1.570881e+00 7.068966e-01 1.762452e-01 2.873563e-02
31087: 1.885277e+00 1.629063e+00 1.571702e+00 7.074570e-01 1.759082e-01 2.868069e-02
31087: 1.883588e+00 1.631679e+00 1.570611e+00 7.080153e-01 1.755725e-01 2.862595e-02
31087: 1.883810e+00 1.630476e+00 1.569524e+00 7.085714e-01 1.752381e-01 3.047619e-02
31087: 1.882129e+00 1.629278e+00 1.574144e+00 7.072243e-01 1.749049e-01 3.041825e-02
31087: 1.882353e+00 1.629981e+00 1.573055e+00 7.077799e-01 1.745731e-01 3.036053e-02
31087: 1.882576e+00 1.630682e+00 1.571970e+00 7.083333e-01 1.742424e-01 3.030303e-02
31087: 1.880907e+00 1.631380e+00 1.572779e+00 7.088847e-01 1.739130e-01 3.024575e-02
31087: 1.879245e+00 1.632075e+00 1.571698e+00 7.113208e-01 1.735849e-01 3.018868e-02
31087: 1.879473e+00 1.629002e+00 1.570621e+00 7.137476e-01 1.732580e-01 3.201507e-02
31087: 1.881579e+00 1.627820e+00 1.569549e+00 7.142857e-01 1.729323e-01 3.195489e-02
31087: 1.881801e+00 1.630394e+00 1.568480e+00 7.129456e-01 1.726079e-01 3.189493e-02
31087: 1.882022e+00 1.629213e+00 1.571161e+00 7.116105e-01 1.722846e-01 3.183521e-02
31087: 1.880374e+00 1.631776e+00 1.570093e+00 7.121495e-01 1.719626e-01 3.177570e-02
31087: 1.880597e+00 1.630597e+00 1.569030e+00 7.126866e-01 1.735075e-01 3.171642e-02
31087: 1.880819e+00 1.633147e+00 1.567970e+00 7.113594e-01 1.731844e-01 3.165736e-02
31087: 1.879182e+00 1.631970e+00 1.572491e+00 7.100372e-01 1.728625e-01 3.159851e-02
31087: 1.879406e+00 1.630798e+00 1.571429e+00 7.124304e-01 1.725417e-01 3.153989e-02
31087: 1.877778e+00 1.633333e+00 1.570370e+00 7.129630e-01 1.722222e-01 3.148148e-02
31087: 1.879852e+00 1.632163e+00 1.567468e+00 7.153420e-01 1.719039e-01 3.142329e-02
31087: 1.878229e+00 1.634686e+00 1.568266e+00 7.140221e-01 1.715867e-01 3.136531e-02
31087: 1.876611e+00 1.635359e+00 1.569061e+00 7.145488e-01 1.712707e-01 3.130755e-02
31087: 1.878676e+00 1.634191e+00 1.569853e+00 7.132353e-01 1.709559e-01 3.125000e-02
31087: 1.878899e+00 1.634862e+00 1.570642e+00 7.119266e-01 1.706422e-01 3.119266e-02
31087: 1.879121e+00 1.635531e+00 1.567766e+00 7.142857e-01 1.703297e-01 3.113553e-02
31087: 1.881170e+00 1.634369e+00 1.568556e+00 7.129799e-01 1.700183e-01 3.107861e-02
31087: 1.879562e+00 1.636861e+00 1.569343e+00 7.116788e-01 1.697080e-01 3.102190e-02
31087: 1.879781e+00 1.633880e+00 1.573770e+00 7.103825e-01 1.693989e-01 3.096539e-02
31087: 1.878182e+00 1.634545e+00 1.570909e+00 7.127273e-01 1.709091e-01 3.090909e-02
31087: 1.882033e+00 1.633394e+00 1.568058e+00 7.132486e-01 1.705989e-01 3.085299e-02
31087: 1.882246e+00 1.635870e+00 1.567029e+00 7.119565e-01 1.702899e-01 3.079710e-02
31087: 1.880651e+00 1.636528e+00 1.569620e+00 7.106691e-01 1.699819e-01 3.074141e-02
31087: 1.880866e+00 1.637184e+00 1.570397e+00 7.093863e-01 1.696751e-01 3.068592e-02
31087: 1.879279e+00 1.636036e+00 1.569369e+00 7.135135e-01 1.693694e-01 3.063063e-02
31087: 1.879496e+00 1.636691e+00 1.570144e+00 7.122302e-01 1.690647e-01 3.057554e-02
31087: 1.879713e+00 1.637343e+00 1.567325e+00 7.145422e-01 1.687612e-01 3.052065e-02
31087: 1.878136e+00 1.636201e+00 1.569892e+00 7.150538e-01 1.684588e-01 3.046595e-02
31087: 1.880143e+00 1.635063e+00 1.570662e+00 7.137746e-01 1.681574e-01 3.041145e-02
31087: 1.878571e+00 1.637500e+00 1.567857e+00 7.160714e-01 1.678571e-01 3.035714e-02
31087: 1.882353e+00 1.636364e+00 1.566845e+00 7.147950e-01 1.675579e-01 3.030303e-02
31087: 1.882562e+00 1.638790e+00 1.565836e+00 7.135231e-01 1.672598e-01 3.024911e-02
31087: 1.882771e+00 1.637655e+00 1.566607e+00 7.140320e-01 1.669627e-01 3.019538e-02
31087: 1.882979e+00 1.640071e+00 1.565603e+00 7.127660e-01 1.666667e-01 3.014184e-02
31087: 1.884956e+00 1.638938e+00 1.566372e+00 7.115044e-01 1.663717e-01 3.008850e-02
31087: 1.883392e+00 1.641343e+00 1.567138e+00 7.102473e-01 1.660777e-01 3.003534e-02
31087: 1.883598e+00 1.641975e+00 1.567901e+00 7.089947e-01 1.657848e-01 2.998236e-02
31087: 1.882042e+00 1.644366e+00 1.566901e+00 7.095070e-01 1.654930e-01 2.992958e-02
31087: 1.882250e+00 1.644991e+00 1.567663e+00 7.082601e-01 1.652021e-01 2.987698e-02
31087: 1.880702e+00 1.643860e+00 1.566667e+00 7.105263e-01 1.649123e-01 3.157895e-02
31087: 1.880911e+00 1.642732e+00 1.569177e+00 7.092820e-01 1.646235e-01 3.152364e-02
31087: 1.879371e+00 1.646853e+00 1.568182e+00 7.080420e-01 1.643357e-01 3.146853e-02
31087: 1.883072e+00 1.645724e+00 1.567190e+00 7.068063e-01 1.640489e-01 3.141361e-02
31087: 1.885017e+00 1.646341e+00 1.566202e+00 7.055749e-01 1.637631e-01 3.135889e-02
31087: 1.883478e+00 1.645217e+00 1.568696e+00 7.043478e-01 1.652174e-01 3.130435e-02
31087: 1.883681e+00 1.642361e+00 1.569444e+00 7.065972e-01 1.649306e-01 3.125000e-02
31087: 1.882149e+00 1.642981e+00 1.570191e+00 7.053726e-01 1.663778e-01 3.119584e-02
31087: 1.882353e+00 1.641869e+00 1.569204e+00 7.076125e-01 1.660900e-01 3.114187e-02
31087: 1.882556e+00 1.644214e+00 1.568221e+00 7.063903e-01 1.658031e-01 3.108808e-02
31087: 1.882759e+00 1.644828e+00 1.568966e+00 7.051724e-01 1.655172e-01 3.103448e-02
31087: 1.881239e+00 1.643718e+00 1.571429e+00 7.056799e-01 1.652324e-01 3.098107e-02
31087: 1.881443e+00 1.644330e+00 1.570447e+00 7.061856e-01 1.649485e-01 3.092784e-02
31087: 1.881647e+00 1.643225e+00 1.569468e+00 7.084048e-01 1.646655e-01 3.087479e-02
31087: 1.881849e+00 1.643836e+00 1.570205e+00 7.071918e-01 1.643836e-01 3.082192e-02
31087: 1.882051e+00 1.642735e+00 1.567521e+00 7.094017e-01 1.658120e-01 3.076923e-02
31087: 1.880546e+00 1.645051e+00 1.566553e+00 7.098976e-01 1.655290e-01 3.071672e-02
31087: 1.880750e+00 1.642249e+00 1.567291e+00 7.103918e-01 1.669506e-01 3.066440e-02
31087: 1.879252e+00 1.646259e+00 1.566327e+00 7.091837e-01 1.666667e-01 3.061224e-02
31087: 1.882852e+00 1.645161e+00 1.565365e+00 7.079796e-01 1.663837e-01 3.056027e-02
31087: 1.881356e+00 1.645763e+00 1.566102e+00 7.084746e-01 1.661017e-01 3.050847e-02
31087: 1.881557e+00 1.644670e+00 1.566836e+00 7.089679e-01 1.658206e-01 3.045685e-02
31087: 1.883446e+00 1.645270e+00 1.565878e+00 7.077703e-01 1.655405e-01 3.040541e-02
31087: 1.881956e+00 1.645868e+00 1.566610e+00 7.065767e-01 1.669477e-01 3.035413e-02
31087: 1.883838e+00 1.644781e+00 1.567340e+00 7.053872e-01 1.666667e-01 3.030303e-02
31087: 1.882353e+00 1.647059e+00 1.566387e+00 7.042017e-01 1.680672e-01 3.025210e-02
31087: 1.882550e+00 1.645973e+00 1.567114e+00 7.030201e-01 1.694631e-01 3.020134e-02
31087: 1.881072e+00 1.648241e+00 1.567839e+00 7.018425e-01 1.691792e-01 3.015075e-02
31087: 1.881271e+00 1.648829e+00 1.566890e+00 7.023411e-01 1.688963e-01 3.010033e-02
31087: 1.879800e+00 1.647746e+00 1.570952e+00 7.011686e-01 1.686144e-01 3.005008e-02
31087: 1.881667e+00 1.646667e+00 1.570000e+00 7.016667e-01 1.683333e-01 3.000000e-02
31087: 1.881864e+00 1.647255e+00 1.567388e+00 7.021631e-01 1.697171e-01 2.995008e-02
31087: 1.882060e+00 1.646179e+00 1.568106e+00 7.009967e-01 1.710963e-01 2.990033e-02
31087: 1.880597e+00 1.646766e+00 1.568823e+00 6.998342e-01 1.724710e-01 2.985075e-02
31087: 1.880795e+00 1.649007e+00 1.567881e+00 6.986755e-01 1.721854e-01 2.980132e-02
31087: 1.879339e+00 1.649587e+00 1.570248e+00 6.975207e-01 1.719008e-01 2.975207e-02
31087: 1.879538e+00 1.648515e+00 1.569307e+00 6.996700e-01 1.716172e-01 2.970297e-02
31087: 1.879736e+00 1.650741e+00 1.568369e+00 6.985173e-01 1.713344e-01 2.965404e-02
31087: 1.879934e+00 1.649671e+00 1.570724e+00 6.973684e-01 1.710526e-01 2.960526e-02
31087: 1.878489e+00 1.651888e+00 1.569787e+00 6.978654e-01 1.707718e-01 2.955665e-02
31087: 1.880328e+00 1.650820e+00 1.570492e+00 6.967213e-01 1.704918e-01 2.950820e-02
31087: 1.878887e+00 1.651391e+00 1.567921e+00 6.988543e-01 1.718494e-01 2.945990e-02
31087: 1.880719e+00 1.650327e+00 1.568627e+00 6.977124e-01 1.715686e-01 2.941176e-02
31087: 1.880914e+00 1.649266e+00 1.570962e+00 6.965742e-01 1.712887e-01 2.936378e-02
31087: 1.882736e+00 1.649837e+00 1.568404e+00 6.970684e-01 1.710098e-01 2.931596e-02
31087: 1.882927e+00 1.648780e+00 1.569106e+00 6.959350e-01 1.723577e-01 2.926829e-02
31087: 1.881494e+00 1.649351e+00 1.571429e+00 6.948052e-01 1.720779e-01 2.922078e-02
31087: 1.881686e+00 1.649919e+00 1.570502e+00 6.952998e-01 1.717990e-01 2.917342e-02
31087: 1.880259e+00 1.647249e+00 1.571197e+00 6.990291e-01 1.715210e-01 2.912621e-02
31087: 1.880452e+00 1.646204e+00 1.570275e+00 6.995153e-01 1.728595e-01 2.907916e-02
31087: 1.879032e+00 1.646774e+00 1.570968e+00 7.000000e-01 1.725806e-01 2.903226e-02
31087: 1.879227e+00 1.645733e+00 1.570048e+00 7.004831e-01 1.739130e-01 2.898551e-02
31087: 1.877814e+00 1.644695e+00 1.569132e+00 7.041801e-01 1.736334e-01 2.893891e-02
31087: 1.878010e+00 1.643660e+00 1.571429e+00 7.030498e-01 1.733547e-01 2.889246e-02
31087: 1.876603e+00 1.644231e+00 1.572115e+00 7.035256e-01 1.730769e-01 2.884615e-02
31087: 1.875200e+00 1.644800e+00 1.571200e+00 7.040000e-01 1.744000e-01 2.880000e-02
31087: 1.876997e+00 1.643770e+00 1.568690e+00 7.060703e-01 1.741214e-01 2.875399e-02
31087: 1.875598e+00 1.645933e+00 1.567783e+00 7.065391e-01 1.738437e-01 2.870813e-02
31087: 1.874204e+00 1.649682e+00 1.566879e+00 7.054140e-01 1.735669e-01 2.866242e-02
31087: 1.877583e+00 1.648649e+00 1.565978e+00 7.042925e-01 1.732909e-01 2.861685e-02
31087: 1.876190e+00 1.652381e+00 1.565079e+00 7.031746e-01 1.730159e-01 2.857143e-02
31087: 1.874802e+00 1.652932e+00 1.567353e+00 7.020602e-01 1.727417e-01 2.852615e-02
31087: 1.875000e+00 1.655063e+00 1.566456e+00 7.009494e-01 1.724684e-01 2.848101e-02
31087: 1.873618e+00 1.655608e+00 1.567141e+00 6.998420e-01 1.737757e-01 2.843602e-02
31087: 1.873817e+00 1.656151e+00 1.567823e+00 6.987382e-01 1.735016e-01 2.839117e-02
31087: 1.872441e+00 1.655118e+00 1.568504e+00 7.007874e-01 1.732283e-01 2.834646e-02
31087: 1.874214e+00 1.652516e+00 1.569182e+00 7.012579e-01 1.729560e-01 2.830189e-02
31087: 1.874411e+00 1.653061e+00 1.569859e+00 7.001570e-01 1.726845e-01 2.825746e-02
31087: 1.873041e+00 1.653605e+00 1.568966e+00 7.021944e-01 1.724138e-01 2.821317e-02
31087: 1.873239e+00 1.654147e+00 1.569640e+00 7.010955e-01 1.721440e-01 2.816901e-02
31087: 1.873438e+00 1.653125e+00 1.570312e+00 7.015625e-01 1.718750e-01 2.812500e-02
31087: 1.873635e+00 1.653666e+00 1.567863e+00 7.035881e-01 1.716069e-01 2.808112e-02
31087: 1.875389e+00 1.652648e+00 1.568536e+00 7.024922e-01 1.713396e-01 2.803738e-02
31087: 1.874028e+00 1.656299e+00 1.567652e+00 7.013997e-01 1.710731e-01 2.799378e-02
31087: 1.875776e+00 1.655280e+00 1.566770e+00 7.003106e-01 1.723602e-01 2.795031e-02
31087: 1.875969e+00 1.655814e+00 1.567442e+00 6.992248e-01 1.720930e-01 2.790698e-02
31087: 1.874613e+00 1.656347e+00 1.566563e+00 7.012384e-01 1.718266e-01 2.786378e-02
31087: 1.873261e+00 1.656878e+00 1.568779e+00 7.001546e-01 1.715611e-01 2.782071e-02
31087: 1.875000e+00 1.654321e+00 1.570988e+00 6.990741e-01 1.712963e-01 2.777778e-02
31087: 1.873652e+00 1.656394e+00 1.570108e+00 6.995378e-01 1.710324e-01 2.773498e-02
31087: 1.873846e+00 1.656923e+00 1.569231e+00 7.000000e-01 1.707692e-01 2.769231e-02
31087: 1.872504e+00 1.658986e+00 1.569892e+00 6.989247e-01 1.705069e-01 2.764977e-02
31087: 1.871166e+00 1.661043e+00 1.570552e+00 6.978528e-01 1.702454e-01 2.760736e-02
31087: 1.869832e+00 1.663093e+00 1.568147e+00 6.998469e-01 1.699847e-01 2.756508e-02
31087: 1.871560e+00 1.662080e+00 1.567278e+00 7.003058e-01 1.697248e-01 2.752294e-02
31087: 1.870229e+00 1.662595e+00 1.566412e+00 7.007634e-01 1.709924e-01 2.748092e-02
31087: 1.870427e+00 1.663110e+00 1.565549e+00 7.012195e-01 1.707317e-01 2.743902e-02
31087: 1.869102e+00 1.665145e+00 1.566210e+00 7.001522e-01 1.704718e-01 2.739726e-02
31087: 1.870821e+00 1.662614e+00 1.566869e+00 6.990881e-01 1.702128e-01 2.887538e-02
31087: 1.869499e+00 1.664643e+00 1.567527e+00 6.980273e-01 1.699545e-01 2.883156e-02
31087: 1.871212e+00 1.663636e+00 1.568182e+00 6.969697e-01 1.696970e-01 2.878788e-02
31087: 1.869894e+00 1.665658e+00 1.568835e+00 6.959153e-01 1.694402e-01 2.874433e-02
31087: 1.871601e+00 1.664653e+00 1.567976e+00 6.963746e-01 1.691843e-01 2.870091e-02
31087: 1.870287e+00 1.666667e+00 1.567119e+00 6.968326e-01 1.689291e-01 2.865762e-02
31087: 1.870482e+00 1.665663e+00 1.569277e+00 6.957831e-01 1.686747e-01 2.861446e-02
31087: 1.869173e+00 1.667669e+00 1.569925e+00 6.947368e-01 1.684211e-01 2.857143e-02
31087: 1.869369e+00 1.666667e+00 1.572072e+00 6.936937e-01 1.681682e-01 2.852853e-02
31087: 1.868066e+00 1.668666e+00 1.569715e+00 6.941529e-01 1.694153e-01 2.848576e-02
31087: 1.869760e+00 1.667665e+00 1.568862e+00 6.946108e-01 1.691617e-01 2.844311e-02
31087: 1.868460e+00 1.668161e+00 1.569507e+00 6.950673e-01 1.689088e-01 2.840060e-02
31087: 1.867164e+00 1.670149e+00 1.568657e+00 6.955224e-01 1.686567e-01 2.835821e-02
31087: 1.867362e+00 1.670641e+00 1.567809e+00 6.959762e-01 1.684054e-01 2.831595e-02
31087: 1.866071e+00 1.671131e+00 1.568452e+00 6.949405e-01 1.696429e-01 2.827381e-02
31087: 1.864785e+00 1.674591e+00 1.567608e+00 6.939079e-01 1.693908e-01 2.823180e-02
31087: 1.866469e+00 1.675074e+00 1.566766e+00 6.928783e-01 1.691395e-01 2.818991e-02
31087: 1.866667e+00 1.674074e+00 1.567407e+00 6.933333e-01 1.688889e-01 2.814815e-02
31087: 1.866864e+00 1.676036e+00 1.566568e+00 6.923077e-01 1.686391e-01 2.810651e-02
31087: 1.867061e+00 1.675037e+00 1.567208e+00 6.912851e-01 1.698671e-01 2.806499e-02
31087: 1.867257e+00 1.675516e+00 1.566372e+00 6.917404e-01 1.696165e-01 2.802360e-02
31087: 1.865979e+00 1.674521e+00 1.568483e+00 6.921944e-01 1.693667e-01 2.798233e-02
31087: 1.866176e+00 1.673529e+00 1.567647e+00 6.911765e-01 1.720588e-01 2.794118e-02
31087: 1.864905e+00 1.676946e+00 1.566814e+00 6.901615e-01 1.718062e-01 2.790015e-02
31087: 1.865103e+00 1.675953e+00 1.565982e+00 6.906158e-01 1.730205e-01 2.785924e-02
31087: 1.866764e+00 1.676428e+00 1.565154e+00 6.896047e-01 1.727672e-01 2.781845e-02
31087: 1.865497e+00 1.678363e+00 1.565789e+00 6.885965e-01 1.725146e-01 2.777778e-02
31087: 1.865693e+00 1.677372e+00 1.564964e+00 6.890511e-01 1.737226e-01 2.773723e-02
31087: 1.864431e+00 1.679300e+00 1.565598e+00 6.880466e-01 1.734694e-01 2.769679e-02
31087: 1.864629e+00 1.681223e+00 1.564774e+00 6.870451e-01 1.732169e-01 2.765648e-02
31087: 1.864826e+00 1.681686e+00 1.565407e+00 6.860465e-01 1.729651e-01 2.761628e-02
31087: 1.863570e+00 1.682148e+00 1.564586e+00 6.879536e-01 1.727141e-01 2.757620e-02
31087: 1.865217e+00 1.681159e+00 1.565217e+00 6.869565e-01 1.724638e-01 2.753623e-02
31087: 1.865412e+00 1.681621e+00 1.565847e+00 6.859624e-01 1.722142e-01 2.749638e-02
31087: 1.864162e+00 1.682081e+00 1.566474e+00 6.864162e-01 1.719653e-01 2.745665e-02
31087: 1.867244e+00 1.679654e+00 1.567100e+00 6.854257e-01 1.717172e-01 2.741703e-02
31087: 1.865994e+00 1.681556e+00 1.567723e+00 6.844380e-01 1.714697e-01 2.737752e-02
31087: 1.866187e+00 1.680576e+00 1.568345e+00 6.834532e-01 1.726619e-01 2.733813e-02
31087: 1.864943e+00 1.681034e+00 1.568966e+00 6.824713e-01 1.738506e-01 2.729885e-02
31087: 1.866571e+00 1.680057e+00 1.569584e+00 6.814921e-01 1.736011e-01 2.725968e-02
31087: 1.865330e+00 1.680516e+00 1.571633e+00 6.805158e-01 1.733524e-01 2.722063e-02
31087: 1.865522e+00 1.679542e+00 1.572246e+00 6.809728e-01 1.731044e-01 2.718169e-02
31087: 1.865714e+00 1.680000e+00 1.570000e+00 6.828571e-01 1.728571e-01 2.714286e-02
31087: 1.867332e+00 1.679030e+00 1.569187e+00 6.833096e-01 1.726106e-01 2.710414e-02
31087: 1.866097e+00 1.678063e+00 1.572650e+00 6.823362e-01 1.723647e-01 2.706553e-02
31087: 1.864865e+00 1.678521e+00 1.573257e+00 6.827881e-01 1.721195e-01 2.702703e-02
31087: 1.866477e+00 1.677557e+00 1.571023e+00 6.832386e-01 1.732955e-01 2.698864e-02
31087: 1.865248e+00 1.678014e+00 1.571631e+00 6.836879e-01 1.730496e-01 2.695035e-02
31087: 1.865439e+00 1.678470e+00 1.570822e+00 6.841360e-01 1.728045e-01 2.691218e-02
31087: 1.864215e+00 1.678925e+00 1.570014e+00 6.859972e-01 1.725601e-01 2.687412e-02
31087: 1.867232e+00 1.677966e+00 1.567797e+00 6.864407e-01 1.723164e-01 2.683616e-02
31087: 1.867419e+00 1.678420e+00 1.568406e+00 6.854725e-01 1.720733e-01 2.679831e-02
31087: 1.866197e+00 1.678873e+00 1.567606e+00 6.873239e-01 1.718310e-01 2.676056e-02
31087: 1.866385e+00 1.679325e+00 1.568214e+00 6.863572e-01 1.715893e-01 2.672293e-02
31087: 1.865169e+00 1.681180e+00 1.567416e+00 6.867978e-01 1.713483e-01 2.668539e-02
31087: 1.865358e+00 1.680224e+00 1.568022e+00 6.872370e-01 1.711080e-01 2.664797e-02
31087: 1.864146e+00 1.680672e+00 1.568627e+00 6.862745e-01 1.722689e-01 2.661064e-02
31087: 1.867133e+00 1.679720e+00 1.567832e+00 6.853147e-01 1.720280e-01 2.657343e-02
31087: 1.865922e+00 1.681564e+00 1.567039e+00 6.857542e-01 1.717877e-01 2.653631e-02
31087: 1.866109e+00 1.680614e+00 1.567643e+00 6.861925e-01 1.715481e-01 2.649930e-02
31087: 1.866295e+00 1.682451e+00 1.566852e+00 6.852368e-01 1.713092e-01 2.646240e-02
31087: 1.865090e+00 1.681502e+00 1.570236e+00 6.842837e-01 1.710709e-01 2.642559e-02
31087: 1.865278e+00 1.680556e+00 1.570833e+00 6.847222e-01 1.708333e-01 2.638889e-02
31087: 1.864078e+00 1.680999e+00 1.571429e+00 6.851595e-01 1.705964e-01 2.635229e-02
31087: 1.862881e+00 1.680055e+00 1.572022e+00 6.869806e-01 1.703601e-01 2.631579e-02
31087: 1.864454e+00 1.679115e+00 1.571231e+00 6.874136e-01 1.701245e-01 2.627939e-02
31087: 1.863260e+00 1.678177e+00 1.573204e+00 6.878453e-01 1.698895e-01 2.624309e-02
31087: 1.863448e+00 1.677241e+00 1.573793e+00 6.882759e-01 1.696552e-01 2.620690e-02
31087: 1.863636e+00 1.679063e+00 1.571625e+00 6.887052e-01 1.694215e-01 2.617080e-02
31087: 1.862448e+00 1.678129e+00 1.573590e+00 6.891334e-01 1.691884e-01 2.613480e-02
31087: 1.861264e+00 1.677198e+00 1.575549e+00 6.895604e-01 1.689560e-01 2.609890e-02
31087: 1.862826e+00 1.676269e+00 1.573388e+00 6.899863e-01 1.700960e-01 2.606310e-02
31087: 1.863014e+00 1.676712e+00 1.572603e+00 6.904110e-01 1.698630e-01 2.602740e-02
31087: 1.864569e+00 1.675787e+00 1.571819e+00 6.908345e-01 1.696306e-01 2.599179e-02
31087: 1.864754e+00 1.677596e+00 1.569672e+00 6.912568e-01 1.693989e-01 2.595628e-02
31087: 1.864939e+00 1.678035e+00 1.570259e+00 6.903138e-01 1.691678e-01 2.592087e-02
31087: 1.863760e+00 1.677112e+00 1.570845e+00 6.920981e-01 1.689373e-01 2.588556e-02
31087: 1.863946e+00 1.676190e+00 1.571429e+00 6.925170e-01 1.687075e-01 2.585034e-02
31087: 1.862772e+00 1.676630e+00 1.570652e+00 6.929348e-01 1.698370e-01 2.581522e-02
31087: 1.862958e+00 1.677069e+00 1.569878e+00 6.933514e-01 1.696065e-01 2.578019e-02
31087: 1.861789e+00 1.676152e+00 1.570461e+00 6.937669e-01 1.707317e-01 2.574526e-02
31087: 1.864682e+00 1.675237e+00 1.568336e+00 6.941813e-01 1.705007e-01 2.571042e-02
31087: 1.863514e+00 1.677027e+00 1.568919e+00 6.932432e-01 1.702703e-01 2.567568e-02
31087: 1.865047e+00 1.676113e+00 1.568151e+00 6.923077e-01 1.713900e-01 2.564103e-02
31087: 1.863881e+00 1.677898e+00 1.567385e+00 6.927224e-01 1.711590e-01 2.560647e-02
31087: 1.865410e+00 1.676985e+00 1.567968e+00 6.917900e-01 1.709287e-01 2.557201e-02
31087: 1.864247e+00 1.677419e+00 1.567204e+00 6.908602e-01 1.720430e-01 2.688172e-02
31087: 1.865772e+00 1.676510e+00 1.566443e+00 6.912752e-01 1.718121e-01 2.684564e-02
31087: 1.864611e+00 1.676944e+00 1.568365e+00 6.903485e-01 1.715818e-01 2.680965e-02
31087: 1.864793e+00 1.677376e+00 1.567604e+00 6.907631e-01 1.713521e-01 2.677376e-02
31087: 1.863636e+00 1.676471e+00 1.569519e+00 6.911765e-01 1.711230e-01 2.673797e-02
31087: 1.865154e+00 1.675567e+00 1.568758e+00 6.915888e-01 1.708945e-01 2.670227e-02
31087: 1.865333e+00 1.674667e+00 1.570667e+00 6.906667e-01 1.706667e-01 2.666667e-02
31087: 1.864181e+00 1.676431e+00 1.569907e+00 6.910786e-01 1.704394e-01 2.663116e-02
31087: 1.863032e+00 1.675532e+00 1.571809e+00 6.914894e-01 1.702128e-01 2.659574e-02
31087: 1.864542e+00 1.675963e+00 1.569721e+00 6.918991e-01 1.699867e-01 2.656042e-02
31087: 1.863395e+00 1.675066e+00 1.571618e+00 6.909814e-01 1.710875e-01 2.652520e-02
31087: 1.863576e+00 1.675497e+00 1.570861e+00 6.913907e-01 1.708609e-01 2.649007e-02
31087: 1.863757e+00 1.674603e+00 1.570106e+00 6.917989e-01 1.719577e-01 2.645503e-02
31087: 1.862616e+00 1.677675e+00 1.568032e+00 6.922061e-01 1.717305e-01 2.642008e-02
31087: 1.864116e+00 1.676781e+00 1.567282e+00 6.926121e-01 1.715040e-01 2.638522e-02
31087: 1.862978e+00 1.679842e+00 1.566535e+00 6.916996e-01 1.712780e-01 2.635046e-02
31087: 1.863158e+00 1.681579e+00 1.565789e+00 6.907895e-01 1.710526e-01 2.631579e-02
31087: 1.862024e+00 1.681997e+00 1.567674e+00 6.898817e-01 1.708279e-01 2.628121e-02
31087: 1.862205e+00 1.681102e+00 1.569554e+00 6.889764e-01 1.706037e-01 2.624672e-02
31087: 1.861075e+00 1.681520e+00 1.571429e+00 6.880734e-01 1.703801e-01 2.621232e-02
31087: 1.861257e+00 1.680628e+00 1.571990e+00 6.884817e-01 1.701571e-01 2.617801e-02
31087: 1.860131e+00 1.682353e+00 1.571242e+00 6.888889e-01 1.699346e-01 2.614379e-02
31087: 1.859008e+00 1.681462e+00 1.571802e+00 6.906005e-01 1.697128e-01 2.610966e-02
31087: 1.860495e+00 1.681877e+00 1.569752e+00 6.910039e-01 1.694915e-01 2.607562e-02
31087: 1.860677e+00 1.680990e+00 1.570312e+00 6.901042e-01 1.705729e-01 2.604167e-02
31087: 1.859558e+00 1.682705e+00 1.568270e+00 6.905072e-01 1.716515e-01 2.600780e-02
31087: 1.859740e+00 1.683117e+00 1.568831e+00 6.896104e-01 1.714286e-01 2.597403e-02
31087: 1.858625e+00 1.684825e+00 1.568093e+00 6.900130e-01 1.712062e-01 2.594034e-02
31087: 1.860104e+00 1.683938e+00 1.567358e+00 6.904145e-01 1.709845e-01 2.590674e-02
31087: 1.858991e+00 1.684347e+00 1.567917e+00 6.908150e-01 1.707633e-01 2.587322e-02
31087: 1.860465e+00 1.683463e+00 1.567183e+00 6.899225e-01 1.718346e-01 2.583979e-02
31087: 1.860645e+00 1.685161e+00 1.566452e+00 6.890323e-01 1.716129e-01 2.580645e-02
31087: 1.859536e+00 1.685567e+00 1.568299e+00 6.881443e-01 1.713918e-01 2.577320e-02
31087: 1.861004e+00 1.685972e+00 1.567568e+00 6.872587e-01 1.711712e-01 2.574003e-02
31087: 1.861183e+00 1.685090e+00 1.569409e+00 6.863753e-01 1.709512e-01 2.570694e-02
31087: 1.861361e+00 1.685494e+00 1.569961e+00 6.854942e-01 1.707317e-01 2.567394e-02
31087: 1.860256e+00 1.685897e+00 1.570513e+00 6.858974e-01 1.705128e-01 2.564103e-02
31087: 1.860435e+00 1.685019e+00 1.571063e+00 6.862996e-01 1.702945e-01 2.560819e-02
31087: 1.859335e+00 1.685422e+00 1.569054e+00 6.879795e-01 1.700767e-01 2.685422e-02
31087: 1.859515e+00 1.685824e+00 1.569604e+00 6.871009e-01 1.698595e-01 2.681992e-02
31087: 1.858418e+00 1.684949e+00 1.568878e+00 6.900510e-01 1.696429e-01 2.678571e-02
31087: 1.859873e+00 1.685350e+00 1.568153e+00 6.891720e-01 1.694268e-01 2.675159e-02
31087: 1.860051e+00 1.684478e+00 1.569975e+00 6.882952e-01 1.692112e-01 2.671756e-02
31087: 1.858958e+00 1.684879e+00 1.570521e+00 6.874206e-01 1.702668e-01 2.668361e-02
31087: 1.859137e+00 1.685279e+00 1.569797e+00 6.878173e-01 1.700508e-01 2.664975e-02
31087: 1.859316e+00 1.685678e+00 1.570342e+00 6.869455e-01 1.698352e-01 2.661597e-02
31087: 1.858228e+00 1.683544e+00 1.572152e+00 6.886076e-01 1.696203e-01 2.658228e-02
31087: 1.858407e+00 1.682680e+00 1.570164e+00 6.890013e-01 1.706700e-01 2.781290e-02
31087: 1.858586e+00 1.683081e+00 1.569444e+00 6.893939e-01 1.704545e-01 2.777778e-02
31087: 1.857503e+00 1.682219e+00 1.569987e+00 6.910467e-01 1.702396e-01 2.774275e-02
31087: 1.858942e+00 1.681360e+00 1.570529e+00 6.901763e-01 1.700252e-01 2.770781e-02
31087: 1.859119e+00 1.681761e+00 1.568553e+00 6.905660e-01 1.710692e-01 2.767296e-02
31087: 1.859296e+00 1.680905e+00 1.569095e+00 6.909548e-01 1.708543e-01 2.763819e-02
31087: 1.858218e+00 1.681305e+00 1.569636e+00 6.913425e-01 1.706399e-01 2.760351e-02
31087: 1.859649e+00 1.680451e+00 1.568922e+00 6.904762e-01 1.716792e-01 2.756892e-02
31087: 1.859825e+00 1.680851e+00 1.568210e+00 6.896120e-01 1.727159e-01 2.753442e-02
31087: 1.858750e+00 1.680000e+00 1.570000e+00 6.887500e-01 1.737500e-01 2.750000e-02
31087: 1.858926e+00 1.679151e+00 1.570537e+00 6.891386e-01 1.735331e-01 2.746567e-02
31087: 1.857855e+00 1.680798e+00 1.569825e+00 6.895262e-01 1.733167e-01 2.743142e-02
31087: 1.860523e+00 1.679950e+00 1.569116e+00 6.886675e-01 1.731009e-01 2.739726e-02
31087: 1.860697e+00 1.681592e+00 1.568408e+00 6.878109e-01 1.728856e-01 2.736318e-02
31087: 1.859627e+00 1.683230e+00 1.568944e+00 6.869565e-01 1.726708e-01 2.732919e-02
31087: 1.861042e+00 1.683623e+00 1.568238e+00 6.861042e-01 1.724566e-01 2.729529e-02
31087: 1.861214e+00 1.684015e+00 1.568773e+00 6.852540e-01 1.722429e-01 2.726146e-02
31087: 1.860149e+00 1.683168e+00 1.569307e+00 6.856436e-01 1.732673e-01 2.722772e-02
31087: 1.862794e+00 1.681088e+00 1.569839e+00 6.847960e-01 1.730532e-01 2.719407e-02
31087: 1.862963e+00 1.681481e+00 1.570370e+00 6.839506e-01 1.728395e-01 2.716049e-02
31087: 1.863132e+00 1.679408e+00 1.570900e+00 6.855734e-01 1.726264e-01 2.712700e-02
31087: 1.863300e+00 1.679803e+00 1.570197e+00 6.859606e-01 1.724138e-01 2.709360e-02
31087: 1.863469e+00 1.678967e+00 1.570726e+00 6.863469e-01 1.722017e-01 2.706027e-02
31087: 1.862408e+00 1.679361e+00 1.570025e+00 6.867322e-01 1.732187e-01 2.702703e-02
31087: 1.862577e+00 1.678528e+00 1.569325e+00 6.883436e-01 1.730061e-01 2.699387e-02
31087: 1.861520e+00 1.680147e+00 1.568627e+00 6.887255e-01 1.727941e-01 2.696078e-02
31087: 1.861689e+00 1.680539e+00 1.569155e+00 6.878825e-01 1.725826e-01 2.692778e-02
31087: 1.861858e+00 1.679707e+00 1.569682e+00 6.882641e-01 1.723716e-01 2.689487e-02
31087: 1.862027e+00 1.680098e+00 1.568987e+00 6.886447e-01 1.721612e-01 2.686203e-02
31087: 1.860976e+00 1.679268e+00 1.570732e+00 6.878049e-01 1.731707e-01 2.682927e-02
31087: 1.861145e+00 1.678441e+00 1.568819e+00 6.894032e-01 1.741778e-01 2.679659e-02
31087: 1.861314e+00 1.678832e+00 1.569343e+00 6.885645e-01 1.739659e-01 2.676399e-02
31087: 1.862697e+00 1.678007e+00 1.568651e+00 6.889429e-01 1.737546e-01 2.673147e-02
31087: 1.864078e+00 1.678398e+00 1.567961e+00 6.881068e-01 1.735437e-01 2.669903e-02
31087: 1.863030e+00 1.677576e+00 1.568485e+00 6.884848e-01 1.745455e-01 2.666667e-02
31087: 1.865617e+00 1.676755e+00 1.567797e+00 6.876513e-01 1.743341e-01 2.663438e-02
31087: 1.864571e+00 1.677146e+00 1.568319e+00 6.880290e-01 1.741233e-01 2.660218e-02
31087: 1.863527e+00 1.678744e+00 1.567633e+00 6.884058e-01 1.739130e-01 2.657005e-02
31087: 1.863691e+00 1.679131e+00 1.568154e+00 6.875754e-01 1.737033e-01 2.653800e-02
31087: 1.862651e+00 1.678313e+00 1.567470e+00 6.891566e-01 1.746988e-01 2.650602e-02
31087: 1.861613e+00 1.678700e+00 1.567990e+00 6.883273e-01 1.756919e-01 2.647413e-02
31087: 1.861779e+00 1.677885e+00 1.568510e+00 6.887019e-01 1.754808e-01 2.644231e-02
31087: 1.861945e+00 1.679472e+00 1.567827e+00 6.878752e-01 1.752701e-01 2.641056e-02
31087: 1.860911e+00 1.678657e+00 1.569544e+00 6.882494e-01 1.750600e-01 2.637890e-02
31087: 1.861078e+00 1.677844e+00 1.570060e+00 6.886228e-01 1.748503e-01 2.634731e-02
31087: 1.860048e+00 1.678230e+00 1.569378e+00 6.901914e-01 1.746411e-01 2.631579e-02
31087: 1.860215e+00 1.678614e+00 1.569892e+00 6.893668e-01 1.744325e-01 2.628435e-02
31087: 1.860382e+00 1.677804e+00 1.569212e+00 6.909308e-01 1.742243e-01 2.625298e-02
31087: 1.859356e+00 1.678188e+00 1.569726e+00 6.901073e-01 1.752086e-01 2.622169e-02
31087: 1.859524e+00 1.677381e+00 1.571429e+00 6.892857e-01 1.750000e-01 2.619048e-02
31087: 1.860880e+00 1.677765e+00 1.569560e+00 6.896552e-01 1.747919e-01 2.615933e-02
31087: 1.859857e+00 1.678147e+00 1.571259e+00 6.888361e-01 1.745843e-01 2.612827e-02
31087: 1.861210e+00 1.677343e+00 1.570581e+00 6.892052e-01 1.743772e-01 2.609727e-02
31087: 1.860190e+00 1.677725e+00 1.568720e+00 6.919431e-01 1.741706e-01 2.606635e-02
31087: 1.860355e+00 1.679290e+00 1.568047e+00 6.911243e-01 1.739645e-01 2.603550e-02
31087: 1.860520e+00 1.678487e+00 1.569740e+00 6.903073e-01 1.737589e-01 2.600473e-02
31087: 1.859504e+00 1.678867e+00 1.570248e+00 6.906730e-01 1.735537e-01 2.597403e-02
31087: 1.858491e+00 1.680425e+00 1.569575e+00 6.910377e-01 1.733491e-01 2.594340e-02
31087: 1.858657e+00 1.679623e+00 1.570082e+00 6.902238e-01 1.743227e-01 2.591284e-02
31087: 1.857647e+00 1.682353e+00 1.568235e+00 6.905882e-01 1.741176e-01 2.588235e-02
31087: 1.857814e+00 1.682726e+00 1.568743e+00 6.897767e-01 1.739130e-01 2.585194e-02
31087: 1.857981e+00 1.680751e+00 1.570423e+00 6.901408e-01 1.737089e-01 2.582160e-02
31087: 1.856975e+00 1.681125e+00 1.570926e+00 6.905041e-01 1.735053e-01 2.579132e-02
31087: 1.858314e+00 1.680328e+00 1.570258e+00 6.908665e-01 1.733021e-01 2.576112e-02
31087: 1.857310e+00 1.680702e+00 1.569591e+00 6.923977e-01 1.730994e-01 2.573099e-02
31087: 1.857477e+00 1.679907e+00 1.571262e+00 6.915888e-01 1.728972e-01 2.570093e-02
31087: 1.857643e+00 1.680280e+00 1.570595e+00 6.919487e-01 1.726954e-01 2.567095e-02
31087: 1.857809e+00 1.679487e+00 1.571096e+00 6.923077e-01 1.724942e-01 2.564103e-02
31087: 1.856810e+00 1.679860e+00 1.570431e+00 6.938300e-01 1.722934e-01 2.561118e-02
31087: 1.855814e+00 1.679070e+00 1.572093e+00 6.941860e-01 1.720930e-01 2.558140e-02
31087: 1.857143e+00 1.678281e+00 1.571429e+00 6.945412e-01 1.718931e-01 2.555168e-02
31087: 1.857309e+00 1.678654e+00 1.570766e+00 6.948956e-01 1.716937e-01 2.552204e-02
31087: 1.856315e+00 1.679027e+00 1.571263e+00 6.952491e-01 1.714948e-01 2.549247e-02
31087: 1.856481e+00 1.678241e+00 1.570602e+00 6.967593e-01 1.712963e-01 2.546296e-02
31087: 1.856647e+00 1.679769e+00 1.568786e+00 6.971098e-01 1.710983e-01 2.543353e-02
31087: 1.855658e+00 1.680139e+00 1.570439e+00 6.963048e-01 1.709007e-01 2.540416e-02
31087: 1.855825e+00 1.680507e+00 1.569781e+00 6.966551e-01 1.707036e-01 2.537486e-02
31087: 1.855991e+00 1.678571e+00 1.571429e+00 6.958525e-01 1.716590e-01 2.534562e-02
31087: 1.855006e+00 1.678941e+00 1.570771e+00 6.973533e-01 1.714614e-01 2.531646e-02
31087: 1.855172e+00 1.679310e+00 1.570115e+00 6.977011e-01 1.712644e-01 2.528736e-02
31087: 1.854191e+00 1.679679e+00 1.569460e+00 6.991963e-01 1.710677e-01 2.525832e-02
31087: 1.853211e+00 1.678899e+00 1.572248e+00 6.983945e-01 1.708716e-01 2.522936e-02
31087: 1.852234e+00 1.678121e+00 1.573883e+00 6.987400e-01 1.706758e-01 2.520046e-02
31087: 1.853547e+00 1.677346e+00 1.572082e+00 7.002288e-01 1.704805e-01 2.517162e-02
31087: 1.853714e+00 1.678857e+00 1.570286e+00 7.005714e-01 1.702857e-01 2.514286e-02
31087: 1.853881e+00 1.678082e+00 1.570776e+00 7.009132e-01 1.700913e-01 2.511416e-02
31087: 1.855188e+00 1.678449e+00 1.568985e+00 7.012543e-01 1.698974e-01 2.508552e-02
31087: 1.855353e+00 1.677677e+00 1.570615e+00 7.004556e-01 1.697039e-01 2.505695e-02
31087: 1.854380e+00 1.679181e+00 1.569966e+00 7.007964e-01 1.695108e-01 2.502844e-02
31087: 1.853409e+00 1.679545e+00 1.570455e+00 7.011364e-01 1.693182e-01 2.500000e-02
31087: 1.853575e+00 1.678774e+00 1.570942e+00 7.014756e-01 1.691260e-01 2.497162e-02
31087: 1.853741e+00 1.679138e+00 1.570295e+00 7.018141e-01 1.689342e-01 2.494331e-02
31087: 1.852775e+00 1.679502e+00 1.569649e+00 7.021518e-01 1.698754e-01 2.491506e-02
31087: 1.851810e+00 1.680995e+00 1.570136e+00 7.013575e-01 1.696833e-01 2.488688e-02
31087: 1.853107e+00 1.680226e+00 1.568362e+00 7.028249e-01 1.694915e-01 2.485876e-02
31087: 1.852144e+00 1.680587e+00 1.568849e+00 7.031603e-01 1.693002e-01 2.483070e-02
31087: 1.851184e+00 1.682074e+00 1.568207e+00 7.034949e-01 1.691094e-01 2.480271e-02
31087: 1.851351e+00 1.682432e+00 1.568694e+00 7.027027e-01 1.689189e-01 2.477477e-02
31087: 1.851519e+00 1.681665e+00 1.569179e+00 7.030371e-01 1.687289e-01 2.474691e-02
31087: 1.850562e+00 1.683146e+00 1.569663e+00 7.022472e-01 1.685393e-01 2.471910e-02
31087: 1.851852e+00 1.682379e+00 1.570146e+00 7.014590e-01 1.683502e-01 2.469136e-02
31087: 1.850897e+00 1.681614e+00 1.570628e+00 7.029148e-01 1.681614e-01 2.466368e-02
31087: 1.849944e+00 1.683091e+00 1.569989e+00 7.032475e-01 1.679731e-01 2.463606e-02
31087: 1.850112e+00 1.684564e+00 1.569351e+00 7.024609e-01 1.677852e-01 2.460850e-02
31087: 1.849162e+00 1.684916e+00 1.570950e+00 7.016760e-01 1.675978e-01 2.458101e-02
31087: 1.850446e+00 1.683036e+00 1.571429e+00 7.020089e-01 1.674107e-01 2.455357e-02
31087: 1.850613e+00 1.683389e+00 1.569677e+00 7.023411e-01 1.683389e-01 2.452620e-02
31087: 1.849666e+00 1.683742e+00 1.571269e+00 7.015590e-01 1.681514e-01 2.449889e-02
31087: 1.849833e+00 1.684093e+00 1.569522e+00 7.030033e-01 1.679644e-01 2.447164e-02
31087: 1.850000e+00 1.683333e+00 1.570000e+00 7.022222e-01 1.688889e-01 2.444444e-02
31087: 1.849057e+00 1.684795e+00 1.569367e+00 7.025527e-01 1.687014e-01 2.441731e-02
31087: 1.850333e+00 1.684035e+00 1.568736e+00 7.028825e-01 1.685144e-01 2.439024e-02
31087: 1.849391e+00 1.684385e+00 1.569214e+00 7.021041e-01 1.683278e-01 2.547065e-02
31087: 1.848451e+00 1.684735e+00 1.570796e+00 7.013274e-01 1.681416e-01 2.544248e-02
31087: 1.848619e+00 1.685083e+00 1.570166e+00 7.016575e-01 1.679558e-01 2.541436e-02
31087: 1.847682e+00 1.685430e+00 1.570640e+00 7.019868e-01 1.677704e-01 2.538631e-02
31087: 1.846748e+00 1.685777e+00 1.570011e+00 7.023153e-01 1.686880e-01 2.535832e-02
31087: 1.845815e+00 1.683921e+00 1.572687e+00 7.026432e-01 1.685022e-01 2.533040e-02
31087: 1.847085e+00 1.682068e+00 1.573157e+00 7.029703e-01 1.683168e-01 2.530253e-02
31087: 1.846154e+00 1.682418e+00 1.572527e+00 7.043956e-01 1.681319e-01 2.527473e-02
31087: 1.846323e+00 1.681668e+00 1.572997e+00 7.047201e-01 1.679473e-01 2.524698e-02
31087: 1.845395e+00 1.683114e+00 1.572368e+00 7.050439e-01 1.677632e-01 2.521930e-02
31087: 1.845564e+00 1.684556e+00 1.570646e+00 7.053669e-01 1.675794e-01 2.519168e-02
31087: 1.844639e+00 1.683807e+00 1.570022e+00 7.067834e-01 1.684902e-01 2.516411e-02
31087: 1.843716e+00 1.685246e+00 1.569399e+00 7.071038e-01 1.683060e-01 2.513661e-02
31087: 1.844978e+00 1.684498e+00 1.569869e+00 7.063319e-01 1.681223e-01 2.510917e-02
31087: 1.844057e+00 1.685932e+00 1.569248e+00 7.066521e-01 1.679389e-01 2.508179e-02
31087: 1.845316e+00 1.685185e+00 1.568627e+00 7.069717e-01 1.677560e-01 2.505447e-02
31087: 1.845484e+00 1.685528e+00 1.569097e+00 7.062024e-01 1.675734e-01 2.502720e-02
31087: 1.844565e+00 1.685870e+00 1.568478e+00 7.065217e-01 1.684783e-01 2.500000e-02
31087: 1.844734e+00 1.686211e+00 1.567861e+00 7.057546e-01 1.693811e-01 2.497286e-02
31087: 1.843818e+00 1.686551e+00 1.569414e+00 7.049892e-01 1.691974e-01 2.494577e-02
31087: 1.843987e+00 1.686891e+00 1.568797e+00 7.042254e-01 1.700975e-01 2.491874e-02
31087: 1.843074e+00 1.686147e+00 1.570346e+00 7.045455e-01 1.699134e-01 2.489177e-02
31087: 1.843243e+00 1.685405e+00 1.569730e+00 7.059459e-01 1.697297e-01 2.486486e-02
31087: 1.843413e+00 1.684665e+00 1.571274e+00 7.051836e-01 1.695464e-01 2.483801e-02
31087: 1.842503e+00 1.687163e+00 1.569579e+00 7.055016e-01 1.693635e-01 2.481122e-02
31087: 1.842672e+00 1.686422e+00 1.570043e+00 7.058190e-01 1.691810e-01 2.478448e-02
31087: 1.841765e+00 1.686760e+00 1.569429e+00 7.072121e-01 1.689989e-01 2.475780e-02
31087: 1.844086e+00 1.686022e+00 1.568817e+00 7.064516e-01 1.688172e-01 2.473118e-02
31087: 1.843179e+00 1.687433e+00 1.568206e+00 7.067669e-01 1.686359e-01 2.470462e-02
31087: 1.844421e+00 1.686695e+00 1.568670e+00 7.060086e-01 1.684549e-01 2.467811e-02
31087: 1.844587e+00 1.687031e+00 1.569132e+00 7.052519e-01 1.682744e-01 2.465166e-02
31087: 1.843683e+00 1.685225e+00 1.569593e+00 7.055675e-01 1.702355e-01 2.462527e-02
31087: 1.844920e+00 1.685561e+00 1.568984e+00 7.048128e-01 1.700535e-01 2.459893e-02
31087: 1.845085e+00 1.685897e+00 1.569444e+00 7.040598e-01 1.698718e-01 2.457265e-02
31087: 1.844184e+00 1.686233e+00 1.569904e+00 7.043757e-01 1.696905e-01 2.454642e-02
31087: 1.844350e+00 1.684435e+00 1.571429e+00 7.046908e-01 1.695096e-01 2.452026e-02
31087: 1.843450e+00 1.685836e+00 1.570820e+00 7.050053e-01 1.693291e-01 2.449414e-02
31087: 1.843617e+00 1.686170e+00 1.569149e+00 7.063830e-01 1.691489e-01 2.446809e-02
31087: 1.842721e+00 1.686504e+00 1.569607e+00 7.066950e-01 1.689692e-01 2.444208e-02
31087: 1.841826e+00 1.687898e+00 1.569002e+00 7.070064e-01 1.687898e-01 2.441614e-02
31087: 1.841994e+00 1.688229e+00 1.568399e+00 7.073171e-01 1.686108e-01 2.439024e-02
31087: 1.841102e+00 1.688559e+00 1.568856e+00 7.076271e-01 1.684322e-01 2.436441e-02
31087: 1.841270e+00 1.688889e+00 1.568254e+00 7.068783e-01 1.693122e-01 2.433862e-02
31087: 1.842495e+00 1.688161e+00 1.568710e+00 7.061311e-01 1.691332e-01 2.431290e-02
31087: 1.842661e+00 1.688490e+00 1.568110e+00 7.053854e-01 1.700106e-01 2.428722e-02
31087: 1.842827e+00 1.687764e+00 1.569620e+00 7.046414e-01 1.698312e-01 2.426160e-02
31087: 1.841939e+00 1.688093e+00 1.570074e+00 7.038988e-01 1.707060e-01 2.423604e-02
31087: 1.843158e+00 1.687368e+00 1.568421e+00 7.042105e-01 1.715789e-01 2.421053e-02
31087: 1.843323e+00 1.688749e+00 1.567823e+00 7.034700e-01 1.713985e-01 2.418507e-02
31087: 1.842437e+00 1.689076e+00 1.569328e+00 7.027311e-01 1.712185e-01 2.415966e-02
31087: 1.843652e+00 1.688353e+00 1.569780e+00 7.019937e-01 1.710388e-01 2.413431e-02
31087: 1.843816e+00 1.688679e+00 1.569182e+00 7.012579e-01 1.719078e-01 2.410901e-02
31087: 1.842932e+00 1.687958e+00 1.571728e+00 7.005236e-01 1.717277e-01 2.408377e-02
31087: 1.844142e+00 1.686192e+00 1.571130e+00 7.018828e-01 1.715481e-01 2.405858e-02
31087: 1.843260e+00 1.686520e+00 1.570533e+00 7.032393e-01 1.713689e-01 2.403344e-02
31087: 1.842380e+00 1.686848e+00 1.570981e+00 7.035491e-01 1.711900e-01 2.400835e-02
31087: 1.841502e+00 1.687174e+00 1.571429e+00 7.038582e-01 1.710115e-01 2.398332e-02
31087: 1.842708e+00 1.686458e+00 1.570833e+00 7.041667e-01 1.708333e-01 2.395833e-02
31087: 1.841831e+00 1.687825e+00 1.570239e+00 7.044745e-01 1.706556e-01 2.393340e-02
31087: 1.840956e+00 1.688150e+00 1.570686e+00 7.047817e-01 1.704782e-01 2.390852e-02
31087: 1.840083e+00 1.689512e+00 1.569055e+00 7.050883e-01 1.713396e-01 2.388370e-02
31087: 1.842324e+00 1.688797e+00 1.568465e+00 7.043568e-01 1.711618e-01 2.385892e-02
31087: 1.841451e+00 1.690155e+00 1.567876e+00 7.046632e-01 1.709845e-01 2.383420e-02
31087: 1.842650e+00 1.689441e+00 1.567288e+00 7.039337e-01 1.708075e-01 2.484472e-02
31087: 1.841779e+00 1.689762e+00 1.568769e+00 7.032058e-01 1.706308e-01 2.481903e-02
31087: 1.841942e+00 1.689050e+00 1.568182e+00 7.035124e-01 1.714876e-01 2.479339e-02
31087: 1.841073e+00 1.689370e+00 1.568627e+00 7.038184e-01 1.713106e-01 2.476780e-02
31087: 1.842268e+00 1.689691e+00 1.568041e+00 7.030928e-01 1.711340e-01 2.474227e-02
31087: 1.841401e+00 1.688980e+00 1.569516e+00 7.033986e-01 1.709578e-01 2.471679e-02
31087: 1.842593e+00 1.687243e+00 1.569959e+00 7.026749e-01 1.707819e-01 2.572016e-02
31087: 1.841727e+00 1.688592e+00 1.569373e+00 7.019527e-01 1.706064e-01 2.672148e-02
31087: 1.842916e+00 1.687885e+00 1.569815e+00 7.012320e-01 1.704312e-01 2.669405e-02
31087: 1.842051e+00 1.689231e+00 1.569231e+00 7.015385e-01 1.702564e-01 2.666667e-02
31087: 1.842213e+00 1.689549e+00 1.568648e+00 7.018443e-01 1.700820e-01 2.663934e-02
31087: 1.841351e+00 1.688843e+00 1.571136e+00 7.011259e-01 1.699079e-01 2.661208e-02
31087: 1.841513e+00 1.688139e+00 1.571575e+00 7.014315e-01 1.697342e-01 2.658487e-02
31087: 1.840654e+00 1.689479e+00 1.570991e+00 7.017365e-01 1.695608e-01 2.655771e-02
31087: 1.840816e+00 1.688776e+00 1.570408e+00 7.030612e-01 1.693878e-01 2.653061e-02
31087: 1.840979e+00 1.689093e+00 1.569827e+00 7.033639e-01 1.692151e-01 2.650357e-02
31087: 1.841141e+00 1.688391e+00 1.570265e+00 7.026477e-01 1.700611e-01 2.647658e-02
31087: 1.840285e+00 1.689725e+00 1.568667e+00 7.029502e-01 1.709054e-01 2.644964e-02
31087: 1.840447e+00 1.691057e+00 1.568089e+00 7.022358e-01 1.707317e-01 2.642276e-02
31087: 1.841624e+00 1.690355e+00 1.568528e+00 7.015228e-01 1.705584e-01 2.639594e-02
31087: 1.840771e+00 1.691684e+00 1.567951e+00 7.008114e-01 1.713996e-01 2.636917e-02
31087: 1.841945e+00 1.691996e+00 1.567376e+00 7.001013e-01 1.712259e-01 2.634245e-02
31087: 1.841093e+00 1.691296e+00 1.567814e+00 6.993927e-01 1.730769e-01 2.631579e-02
31087: 1.842265e+00 1.690597e+00 1.567240e+00 6.986855e-01 1.729019e-01 2.730030e-02
31087: 1.841414e+00 1.690909e+00 1.567677e+00 6.989899e-01 1.727273e-01 2.727273e-02
31087: 1.842583e+00 1.690212e+00 1.567104e+00 6.982846e-01 1.735621e-01 2.724521e-02
31087: 1.841734e+00 1.690524e+00 1.567540e+00 6.985887e-01 1.733871e-01 2.721774e-02
31087: 1.841893e+00 1.689829e+00 1.568983e+00 6.978852e-01 1.732125e-01 2.719033e-02
31087: 1.842052e+00 1.690141e+00 1.568410e+00 6.971831e-01 1.740443e-01 2.716298e-02
31087: 1.842211e+00 1.690452e+00 1.568844e+00 6.964824e-01 1.738693e-01 2.713568e-02
31087: 1.842369e+00 1.689759e+00 1.568273e+00 6.977912e-01 1.736948e-01 2.710843e-02
31087: 1.841525e+00 1.690070e+00 1.569709e+00 6.970913e-01 1.735206e-01 2.708124e-02
31087: 1.841683e+00 1.690381e+00 1.569138e+00 6.973948e-01 1.733467e-01 2.705411e-02
31087: 1.840841e+00 1.689690e+00 1.570571e+00 6.976977e-01 1.731732e-01 2.702703e-02
Traceback (most recent call last):
  File "/lowest-unique-number/tournament0/elexunix.py", line 25, in <module>
31087: Done!
    input()
EOFError: EOF when reading a line
