Forked 32704
Starting to reopen 0 and 1
Calling execv `tournament0/fedro.py` (pid 32704)
Strategy 0: first ans is 0
Forked 32728
Starting to reopen 0 and 1
Calling execv `tournament0/elexunix.py` (pid 32728)
Strategy 1: first ans is 3
Forked 32752
Starting to reopen 0 and 1
Calling execv `tournament0/pzakorko.py` (pid 32752)
Strategy 2: first ans is 0
Forked 32753
Starting to reopen 0 and 1
Calling execv `tournament0/the_best_strategy.py` (pid 32753)
Strategy 3: first ans is 0
Forked 32754
Starting to reopen 0 and 1
Calling execv `tournament0/lounres.py` (pid 32754)
Strategy 4: first ans is 1
Forked 32755
Starting to reopen 0 and 1
Calling execv `tournament0/alex_dany` (pid 32755)
32755: Started!
32755: Number of players: 6, position: 5, number of turns: 1000
32755: Random seed: 1267068157
Strategy 5: first ans is 1
32755: 3.000000e+00 2.000000e+00 0.000000e+00 1.000000e+00 0.000000e+00 0.000000e+00
32755: 2.500000e+00 1.000000e+00 1.500000e+00 1.000000e+00 0.000000e+00 0.000000e+00
32755: 2.333333e+00 1.333333e+00 1.333333e+00 1.000000e+00 0.000000e+00 0.000000e+00
32755: 2.250000e+00 1.500000e+00 1.250000e+00 1.000000e+00 0.000000e+00 0.000000e+00
32755: 2.200000e+00 1.800000e+00 1.200000e+00 8.000000e-01 0.000000e+00 0.000000e+00
32755: 2.166667e+00 1.666667e+00 1.500000e+00 6.666667e-01 0.000000e+00 0.000000e+00
32755: 2.285714e+00 1.714286e+00 1.428571e+00 5.714286e-01 0.000000e+00 0.000000e+00
32755: 2.250000e+00 1.500000e+00 1.750000e+00 5.000000e-01 0.000000e+00 0.000000e+00
32755: 2.222222e+00 1.555556e+00 1.555556e+00 6.666667e-01 0.000000e+00 0.000000e+00
32755: 2.200000e+00 1.700000e+00 1.500000e+00 6.000000e-01 0.000000e+00 0.000000e+00
32755: 2.272727e+00 1.545455e+00 1.636364e+00 5.454545e-01 0.000000e+00 0.000000e+00
32755: 2.250000e+00 1.666667e+00 1.500000e+00 5.833333e-01 0.000000e+00 0.000000e+00
32755: 2.307692e+00 1.615385e+00 1.538462e+00 5.384615e-01 0.000000e+00 0.000000e+00
32755: 2.285714e+00 1.571429e+00 1.500000e+00 5.714286e-01 7.142857e-02 0.000000e+00
32755: 2.266667e+00 1.533333e+00 1.600000e+00 5.333333e-01 6.666667e-02 0.000000e+00
32755: 2.312500e+00 1.625000e+00 1.500000e+00 5.000000e-01 6.250000e-02 0.000000e+00
32755: 2.294118e+00 1.529412e+00 1.647059e+00 4.705882e-01 5.882353e-02 0.000000e+00
32755: 2.277778e+00 1.611111e+00 1.611111e+00 4.444444e-01 5.555556e-02 0.000000e+00
32755: 2.263158e+00 1.578947e+00 1.578947e+00 5.263158e-01 5.263158e-02 0.000000e+00
32755: 2.250000e+00 1.550000e+00 1.550000e+00 6.000000e-01 5.000000e-02 0.000000e+00
32755: 2.285714e+00 1.571429e+00 1.476190e+00 5.714286e-01 9.523810e-02 0.000000e+00
32755: 2.272727e+00 1.500000e+00 1.545455e+00 5.454545e-01 1.363636e-01 0.000000e+00
32755: 2.347826e+00 1.521739e+00 1.478261e+00 5.217391e-01 1.304348e-01 0.000000e+00
32755: 2.375000e+00 1.500000e+00 1.458333e+00 5.416667e-01 1.250000e-01 0.000000e+00
32755: 2.400000e+00 1.520000e+00 1.440000e+00 5.200000e-01 1.200000e-01 0.000000e+00
32755: 2.423077e+00 1.538462e+00 1.423077e+00 5.000000e-01 1.153846e-01 0.000000e+00
32755: 2.407407e+00 1.592593e+00 1.407407e+00 4.814815e-01 1.111111e-01 0.000000e+00
32755: 2.392857e+00 1.535714e+00 1.464286e+00 5.000000e-01 1.071429e-01 0.000000e+00
32755: 2.379310e+00 1.551724e+00 1.448276e+00 5.172414e-01 1.034483e-01 0.000000e+00
32755: 2.366667e+00 1.566667e+00 1.433333e+00 5.333333e-01 1.000000e-01 0.000000e+00
32755: 2.354839e+00 1.580645e+00 1.451613e+00 5.161290e-01 9.677419e-02 0.000000e+00
32755: 2.343750e+00 1.562500e+00 1.437500e+00 5.625000e-01 9.375000e-02 0.000000e+00
32755: 2.363636e+00 1.575758e+00 1.393939e+00 5.454545e-01 1.212121e-01 0.000000e+00
32755: 2.382353e+00 1.529412e+00 1.441176e+00 5.294118e-01 1.176471e-01 0.000000e+00
32755: 2.371429e+00 1.542857e+00 1.457143e+00 5.142857e-01 1.142857e-01 0.000000e+00
32755: 2.361111e+00 1.527778e+00 1.472222e+00 5.277778e-01 1.111111e-01 0.000000e+00
32755: 2.378378e+00 1.567568e+00 1.432432e+00 5.135135e-01 1.081081e-01 0.000000e+00
32755: 2.368421e+00 1.578947e+00 1.421053e+00 5.263158e-01 1.052632e-01 0.000000e+00
32755: 2.384615e+00 1.538462e+00 1.435897e+00 5.384615e-01 1.025641e-01 0.000000e+00
32755: 2.375000e+00 1.550000e+00 1.400000e+00 5.500000e-01 1.250000e-01 0.000000e+00
32755: 2.365854e+00 1.560976e+00 1.390244e+00 5.609756e-01 1.219512e-01 0.000000e+00
32755: 2.357143e+00 1.547619e+00 1.380952e+00 5.714286e-01 1.428571e-01 0.000000e+00
32755: 2.348837e+00 1.581395e+00 1.348837e+00 5.813953e-01 1.395349e-01 0.000000e+00
32755: 2.340909e+00 1.545455e+00 1.386364e+00 5.909091e-01 1.363636e-01 0.000000e+00
32755: 2.333333e+00 1.555556e+00 1.377778e+00 5.777778e-01 1.333333e-01 2.222222e-02
32755: 2.326087e+00 1.586957e+00 1.369565e+00 5.652174e-01 1.304348e-01 2.173913e-02
32755: 2.340426e+00 1.553191e+00 1.382979e+00 5.531915e-01 1.276596e-01 4.255319e-02
32755: 2.312500e+00 1.562500e+00 1.395833e+00 5.416667e-01 1.250000e-01 6.250000e-02
32755: 2.326531e+00 1.571429e+00 1.367347e+00 5.510204e-01 1.224490e-01 6.122449e-02
32755: 2.320000e+00 1.560000e+00 1.400000e+00 5.400000e-01 1.200000e-01 6.000000e-02
32755: 2.313725e+00 1.588235e+00 1.372549e+00 5.294118e-01 1.372549e-01 5.882353e-02
32755: 2.307692e+00 1.576923e+00 1.384615e+00 5.192308e-01 1.538462e-01 5.769231e-02
32755: 2.283019e+00 1.584906e+00 1.396226e+00 5.094340e-01 1.698113e-01 5.660377e-02
32755: 2.277778e+00 1.574074e+00 1.425926e+00 5.000000e-01 1.666667e-01 5.555556e-02
32755: 2.272727e+00 1.581818e+00 1.418182e+00 4.909091e-01 1.818182e-01 5.454545e-02
32755: 2.250000e+00 1.607143e+00 1.428571e+00 4.821429e-01 1.785714e-01 5.357143e-02
32755: 2.263158e+00 1.596491e+00 1.438596e+00 4.736842e-01 1.754386e-01 5.263158e-02
32755: 2.258621e+00 1.620690e+00 1.431034e+00 4.655172e-01 1.724138e-01 5.172414e-02
32755: 2.237288e+00 1.610169e+00 1.474576e+00 4.576271e-01 1.694915e-01 5.084746e-02
32755: 2.233333e+00 1.600000e+00 1.500000e+00 4.500000e-01 1.666667e-01 5.000000e-02
32755: 2.229508e+00 1.606557e+00 1.491803e+00 4.590164e-01 1.639344e-01 4.918033e-02
32755: 2.209677e+00 1.612903e+00 1.516129e+00 4.516129e-01 1.612903e-01 4.838710e-02
32755: 2.206349e+00 1.619048e+00 1.523810e+00 4.444444e-01 1.587302e-01 4.761905e-02
32755: 2.187500e+00 1.640625e+00 1.515625e+00 4.531250e-01 1.562500e-01 4.687500e-02
32755: 2.184615e+00 1.646154e+00 1.507692e+00 4.615385e-01 1.538462e-01 4.615385e-02
32755: 2.181818e+00 1.651515e+00 1.515152e+00 4.545455e-01 1.515152e-01 4.545455e-02
32755: 2.164179e+00 1.641791e+00 1.537313e+00 4.626866e-01 1.492537e-01 4.477612e-02
32755: 2.161765e+00 1.632353e+00 1.544118e+00 4.705882e-01 1.470588e-01 4.411765e-02
32755: 2.144928e+00 1.637681e+00 1.550725e+00 4.782609e-01 1.449275e-01 4.347826e-02
32755: 2.157143e+00 1.628571e+00 1.542857e+00 4.714286e-01 1.571429e-01 4.285714e-02
32755: 2.140845e+00 1.647887e+00 1.535211e+00 4.647887e-01 1.549296e-01 5.633803e-02
32755: 2.152778e+00 1.625000e+00 1.555556e+00 4.583333e-01 1.527778e-01 5.555556e-02
32755: 2.136986e+00 1.643836e+00 1.547945e+00 4.657534e-01 1.506849e-01 5.479452e-02
32755: 2.148649e+00 1.635135e+00 1.540541e+00 4.729730e-01 1.486486e-01 5.405405e-02
32755: 2.133333e+00 1.640000e+00 1.546667e+00 4.800000e-01 1.466667e-01 5.333333e-02
32755: 2.131579e+00 1.618421e+00 1.565789e+00 4.868421e-01 1.447368e-01 5.263158e-02
32755: 2.116883e+00 1.623377e+00 1.571429e+00 4.935065e-01 1.428571e-01 5.194805e-02
32755: 2.115385e+00 1.615385e+00 1.564103e+00 5.000000e-01 1.538462e-01 5.128205e-02
32755: 2.113924e+00 1.632911e+00 1.556962e+00 4.936709e-01 1.518987e-01 5.063291e-02
32755: 2.112500e+00 1.625000e+00 1.575000e+00 4.875000e-01 1.500000e-01 5.000000e-02
32755: 2.111111e+00 1.641975e+00 1.555556e+00 4.938272e-01 1.481481e-01 4.938272e-02
32755: 2.097561e+00 1.634146e+00 1.573171e+00 5.000000e-01 1.463415e-01 4.878049e-02
32755: 2.096386e+00 1.614458e+00 1.578313e+00 5.060241e-01 1.566265e-01 4.819277e-02
32755: 2.095238e+00 1.619048e+00 1.571429e+00 5.119048e-01 1.547619e-01 4.761905e-02
32755: 2.082353e+00 1.623529e+00 1.564706e+00 5.176471e-01 1.647059e-01 4.705882e-02
32755: 2.093023e+00 1.604651e+00 1.581395e+00 5.116279e-01 1.627907e-01 4.651163e-02
32755: 2.091954e+00 1.620690e+00 1.563218e+00 5.172414e-01 1.609195e-01 4.597701e-02
32755: 2.079545e+00 1.613636e+00 1.590909e+00 5.113636e-01 1.590909e-01 4.545455e-02
32755: 2.078652e+00 1.629213e+00 1.573034e+00 5.168539e-01 1.573034e-01 4.494382e-02
32755: 2.066667e+00 1.622222e+00 1.577778e+00 5.333333e-01 1.555556e-01 4.444444e-02
32755: 2.076923e+00 1.615385e+00 1.560440e+00 5.494505e-01 1.538462e-01 4.395604e-02
32755: 2.086957e+00 1.608696e+00 1.565217e+00 5.434783e-01 1.521739e-01 4.347826e-02
32755: 2.086022e+00 1.612903e+00 1.569892e+00 5.376344e-01 1.505376e-01 4.301075e-02
32755: 2.074468e+00 1.606383e+00 1.574468e+00 5.425532e-01 1.595745e-01 4.255319e-02
32755: 2.073684e+00 1.600000e+00 1.557895e+00 5.684211e-01 1.578947e-01 4.210526e-02
32755: 2.062500e+00 1.614583e+00 1.562500e+00 5.625000e-01 1.562500e-01 4.166667e-02
32755: 2.072165e+00 1.597938e+00 1.577320e+00 5.567010e-01 1.546392e-01 4.123711e-02
32755: 2.061224e+00 1.591837e+00 1.581633e+00 5.612245e-01 1.632653e-01 4.081633e-02
32755: 2.070707e+00 1.575758e+00 1.575758e+00 5.757576e-01 1.616162e-01 4.040404e-02
32755: 2.060000e+00 1.580000e+00 1.570000e+00 5.900000e-01 1.600000e-01 4.000000e-02
32755: 2.059406e+00 1.584158e+00 1.554455e+00 5.940594e-01 1.683168e-01 3.960396e-02
32755: 2.049020e+00 1.578431e+00 1.558824e+00 5.980392e-01 1.764706e-01 3.921569e-02
32755: 2.048544e+00 1.572816e+00 1.553398e+00 5.922330e-01 1.941748e-01 3.883495e-02
32755: 2.038462e+00 1.586538e+00 1.548077e+00 5.865385e-01 2.019231e-01 3.846154e-02
32755: 2.047619e+00 1.580952e+00 1.542857e+00 5.904762e-01 2.000000e-01 3.809524e-02
32755: 2.047170e+00 1.584906e+00 1.537736e+00 5.849057e-01 1.981132e-01 4.716981e-02
32755: 2.046729e+00 1.579439e+00 1.542056e+00 5.887850e-01 1.962617e-01 4.672897e-02
32755: 2.046296e+00 1.592593e+00 1.537037e+00 5.833333e-01 1.944444e-01 4.629630e-02
32755: 2.045872e+00 1.596330e+00 1.541284e+00 5.779817e-01 1.926606e-01 4.587156e-02
32755: 2.054545e+00 1.581818e+00 1.545455e+00 5.818182e-01 1.909091e-01 4.545455e-02
32755: 2.045045e+00 1.576577e+00 1.567568e+00 5.765766e-01 1.891892e-01 4.504505e-02
32755: 2.044643e+00 1.580357e+00 1.571429e+00 5.714286e-01 1.875000e-01 4.464286e-02
32755: 2.044248e+00 1.575221e+00 1.557522e+00 5.840708e-01 1.858407e-01 5.309735e-02
32755: 2.035088e+00 1.578947e+00 1.570175e+00 5.789474e-01 1.842105e-01 5.263158e-02
32755: 2.034783e+00 1.573913e+00 1.573913e+00 5.826087e-01 1.826087e-01 5.217391e-02
32755: 2.034483e+00 1.586207e+00 1.560345e+00 5.862069e-01 1.810345e-01 5.172414e-02
32755: 2.025641e+00 1.589744e+00 1.564103e+00 5.811966e-01 1.880342e-01 5.128205e-02
32755: 2.025424e+00 1.593220e+00 1.559322e+00 5.847458e-01 1.864407e-01 5.084746e-02
32755: 2.016807e+00 1.596639e+00 1.571429e+00 5.798319e-01 1.848739e-01 5.042017e-02
32755: 2.016667e+00 1.583333e+00 1.566667e+00 6.000000e-01 1.833333e-01 5.000000e-02
32755: 2.008264e+00 1.578512e+00 1.570248e+00 6.115702e-01 1.818182e-01 4.958678e-02
32755: 2.008197e+00 1.565574e+00 1.573770e+00 6.229508e-01 1.803279e-01 4.918033e-02
32755: 2.008130e+00 1.569106e+00 1.577236e+00 6.178862e-01 1.788618e-01 4.878049e-02
32755: 2.008065e+00 1.564516e+00 1.580645e+00 6.209677e-01 1.774194e-01 4.838710e-02
32755: 2.000000e+00 1.576000e+00 1.568000e+00 6.320000e-01 1.760000e-01 4.800000e-02
32755: 2.000000e+00 1.563492e+00 1.579365e+00 6.349206e-01 1.746032e-01 4.761905e-02
32755: 2.000000e+00 1.566929e+00 1.582677e+00 6.299213e-01 1.732283e-01 4.724409e-02
32755: 2.000000e+00 1.570312e+00 1.578125e+00 6.328125e-01 1.718750e-01 4.687500e-02
32755: 1.992248e+00 1.565891e+00 1.581395e+00 6.434109e-01 1.705426e-01 4.651163e-02
32755: 1.992308e+00 1.584615e+00 1.569231e+00 6.384615e-01 1.692308e-01 4.615385e-02
32755: 1.984733e+00 1.595420e+00 1.572519e+00 6.335878e-01 1.679389e-01 4.580153e-02
32755: 1.992424e+00 1.590909e+00 1.568182e+00 6.363636e-01 1.666667e-01 4.545455e-02
32755: 1.984962e+00 1.593985e+00 1.578947e+00 6.315789e-01 1.654135e-01 4.511278e-02
32755: 1.992537e+00 1.589552e+00 1.567164e+00 6.343284e-01 1.641791e-01 5.223881e-02
32755: 1.985185e+00 1.592593e+00 1.577778e+00 6.296296e-01 1.629630e-01 5.185185e-02
32755: 1.985294e+00 1.595588e+00 1.566176e+00 6.397059e-01 1.617647e-01 5.147059e-02
32755: 1.978102e+00 1.598540e+00 1.576642e+00 6.350365e-01 1.605839e-01 5.109489e-02
32755: 1.978261e+00 1.586957e+00 1.579710e+00 6.449275e-01 1.594203e-01 5.072464e-02
32755: 1.978417e+00 1.589928e+00 1.568345e+00 6.474820e-01 1.654676e-01 5.035971e-02
32755: 1.971429e+00 1.600000e+00 1.571429e+00 6.428571e-01 1.642857e-01 5.000000e-02
32755: 1.971631e+00 1.602837e+00 1.560284e+00 6.453901e-01 1.702128e-01 4.964539e-02
32755: 1.964789e+00 1.605634e+00 1.570423e+00 6.408451e-01 1.690141e-01 4.929577e-02
32755: 1.965035e+00 1.601399e+00 1.559441e+00 6.503497e-01 1.748252e-01 4.895105e-02
32755: 1.958333e+00 1.611111e+00 1.562500e+00 6.458333e-01 1.736111e-01 4.861111e-02
32755: 1.958621e+00 1.606897e+00 1.572414e+00 6.413793e-01 1.724138e-01 4.827586e-02
32755: 1.952055e+00 1.616438e+00 1.568493e+00 6.438356e-01 1.712329e-01 4.794521e-02
32755: 1.959184e+00 1.619048e+00 1.564626e+00 6.394558e-01 1.700680e-01 4.761905e-02
32755: 1.959459e+00 1.614865e+00 1.574324e+00 6.351351e-01 1.689189e-01 4.729730e-02
32755: 1.959732e+00 1.624161e+00 1.563758e+00 6.375839e-01 1.677852e-01 4.697987e-02
32755: 1.953333e+00 1.620000e+00 1.580000e+00 6.333333e-01 1.666667e-01 4.666667e-02
32755: 1.960265e+00 1.622517e+00 1.569536e+00 6.357616e-01 1.655629e-01 4.635762e-02
32755: 1.960526e+00 1.618421e+00 1.578947e+00 6.315789e-01 1.644737e-01 4.605263e-02
32755: 1.954248e+00 1.627451e+00 1.575163e+00 6.339869e-01 1.633987e-01 4.575163e-02
32755: 1.961039e+00 1.623377e+00 1.571429e+00 6.363636e-01 1.623377e-01 4.545455e-02
32755: 1.954839e+00 1.625806e+00 1.567742e+00 6.387097e-01 1.677419e-01 4.516129e-02
32755: 1.955128e+00 1.615385e+00 1.570513e+00 6.474359e-01 1.666667e-01 4.487179e-02
32755: 1.961783e+00 1.617834e+00 1.560510e+00 6.496815e-01 1.656051e-01 4.458599e-02
32755: 1.962025e+00 1.620253e+00 1.563291e+00 6.455696e-01 1.645570e-01 4.430380e-02
32755: 1.962264e+00 1.616352e+00 1.566038e+00 6.477987e-01 1.635220e-01 4.402516e-02
32755: 1.962500e+00 1.618750e+00 1.562500e+00 6.500000e-01 1.625000e-01 4.375000e-02
32755: 1.956522e+00 1.621118e+00 1.571429e+00 6.459627e-01 1.614907e-01 4.347826e-02
32755: 1.956790e+00 1.623457e+00 1.567901e+00 6.481481e-01 1.604938e-01 4.320988e-02
32755: 1.950920e+00 1.613497e+00 1.582822e+00 6.503067e-01 1.595092e-01 4.294479e-02
32755: 1.957317e+00 1.603659e+00 1.579268e+00 6.585366e-01 1.585366e-01 4.268293e-02
32755: 1.951515e+00 1.618182e+00 1.569697e+00 6.606061e-01 1.575758e-01 4.242424e-02
32755: 1.957831e+00 1.620482e+00 1.566265e+00 6.566265e-01 1.566265e-01 4.216867e-02
32755: 1.952096e+00 1.622754e+00 1.574850e+00 6.526946e-01 1.556886e-01 4.191617e-02
32755: 1.958333e+00 1.613095e+00 1.571429e+00 6.607143e-01 1.547619e-01 4.166667e-02
32755: 1.952663e+00 1.615385e+00 1.568047e+00 6.627219e-01 1.538462e-01 4.733728e-02
32755: 1.952941e+00 1.605882e+00 1.576471e+00 6.588235e-01 1.588235e-01 4.705882e-02
32755: 1.953216e+00 1.608187e+00 1.573099e+00 6.608187e-01 1.578947e-01 4.678363e-02
32755: 1.947674e+00 1.604651e+00 1.581395e+00 6.627907e-01 1.569767e-01 4.651163e-02
32755: 1.953757e+00 1.601156e+00 1.578035e+00 6.647399e-01 1.560694e-01 4.624277e-02
32755: 1.948276e+00 1.603448e+00 1.574713e+00 6.666667e-01 1.609195e-01 4.597701e-02
32755: 1.954286e+00 1.605714e+00 1.565714e+00 6.685714e-01 1.600000e-01 4.571429e-02
32755: 1.954545e+00 1.607955e+00 1.568182e+00 6.647727e-01 1.590909e-01 4.545455e-02
32755: 1.954802e+00 1.598870e+00 1.576271e+00 6.666667e-01 1.581921e-01 4.519774e-02
32755: 1.949438e+00 1.601124e+00 1.573034e+00 6.741573e-01 1.573034e-01 4.494382e-02
32755: 1.949721e+00 1.603352e+00 1.564246e+00 6.759777e-01 1.620112e-01 4.469274e-02
32755: 1.944444e+00 1.605556e+00 1.566667e+00 6.777778e-01 1.611111e-01 4.444444e-02
32755: 1.944751e+00 1.607735e+00 1.569061e+00 6.740331e-01 1.602210e-01 4.419890e-02
32755: 1.939560e+00 1.604396e+00 1.576923e+00 6.758242e-01 1.593407e-01 4.395604e-02
32755: 1.939891e+00 1.606557e+00 1.573770e+00 6.775956e-01 1.584699e-01 4.371585e-02
32755: 1.934783e+00 1.603261e+00 1.570652e+00 6.847826e-01 1.630435e-01 4.347826e-02
32755: 1.940541e+00 1.594595e+00 1.567568e+00 6.864865e-01 1.621622e-01 4.864865e-02
32755: 1.940860e+00 1.596774e+00 1.564516e+00 6.827957e-01 1.666667e-01 4.838710e-02
32755: 1.941176e+00 1.588235e+00 1.577540e+00 6.791444e-01 1.657754e-01 4.812834e-02
32755: 1.946809e+00 1.590426e+00 1.569149e+00 6.808511e-01 1.648936e-01 4.787234e-02
32755: 1.952381e+00 1.587302e+00 1.571429e+00 6.772487e-01 1.640212e-01 4.761905e-02
32755: 1.957895e+00 1.584211e+00 1.568421e+00 6.789474e-01 1.631579e-01 4.736842e-02
32755: 1.952880e+00 1.591623e+00 1.565445e+00 6.753927e-01 1.675393e-01 4.712042e-02
32755: 1.953125e+00 1.593750e+00 1.567708e+00 6.718750e-01 1.666667e-01 4.687500e-02
32755: 1.953368e+00 1.590674e+00 1.564767e+00 6.735751e-01 1.709845e-01 4.663212e-02
32755: 1.948454e+00 1.592784e+00 1.561856e+00 6.701031e-01 1.804124e-01 4.639175e-02
32755: 1.953846e+00 1.589744e+00 1.558974e+00 6.717949e-01 1.794872e-01 4.615385e-02
32755: 1.948980e+00 1.596939e+00 1.561224e+00 6.683673e-01 1.785714e-01 4.591837e-02
32755: 1.954315e+00 1.588832e+00 1.563452e+00 6.700508e-01 1.776650e-01 4.568528e-02
32755: 1.949495e+00 1.601010e+00 1.560606e+00 6.666667e-01 1.767677e-01 4.545455e-02
32755: 1.949749e+00 1.603015e+00 1.557789e+00 6.633166e-01 1.809045e-01 4.522613e-02
32755: 1.945000e+00 1.610000e+00 1.560000e+00 6.600000e-01 1.800000e-01 4.500000e-02
32755: 1.945274e+00 1.611940e+00 1.557214e+00 6.616915e-01 1.791045e-01 4.477612e-02
32755: 1.945545e+00 1.608911e+00 1.559406e+00 6.584158e-01 1.831683e-01 4.455446e-02
32755: 1.945813e+00 1.610837e+00 1.561576e+00 6.551724e-01 1.822660e-01 4.433498e-02
32755: 1.946078e+00 1.612745e+00 1.558824e+00 6.568627e-01 1.813725e-01 4.411765e-02
32755: 1.941463e+00 1.609756e+00 1.560976e+00 6.585366e-01 1.853659e-01 4.390244e-02
32755: 1.941748e+00 1.606796e+00 1.558252e+00 6.553398e-01 1.893204e-01 4.854369e-02
32755: 1.937198e+00 1.608696e+00 1.555556e+00 6.570048e-01 1.932367e-01 4.830918e-02
32755: 1.937500e+00 1.610577e+00 1.552885e+00 6.586538e-01 1.923077e-01 4.807692e-02
32755: 1.937799e+00 1.612440e+00 1.555024e+00 6.555024e-01 1.913876e-01 4.784689e-02
32755: 1.938095e+00 1.614286e+00 1.552381e+00 6.571429e-01 1.904762e-01 4.761905e-02
32755: 1.933649e+00 1.611374e+00 1.559242e+00 6.540284e-01 1.943128e-01 4.739336e-02
32755: 1.938679e+00 1.608491e+00 1.561321e+00 6.509434e-01 1.933962e-01 4.716981e-02
32755: 1.938967e+00 1.610329e+00 1.563380e+00 6.478873e-01 1.924883e-01 4.694836e-02
32755: 1.934579e+00 1.612150e+00 1.565421e+00 6.495327e-01 1.915888e-01 4.672897e-02
32755: 1.939535e+00 1.604651e+00 1.572093e+00 6.465116e-01 1.906977e-01 4.651163e-02
32755: 1.935185e+00 1.615741e+00 1.564815e+00 6.481481e-01 1.898148e-01 4.629630e-02
32755: 1.935484e+00 1.612903e+00 1.566820e+00 6.497696e-01 1.889401e-01 4.608295e-02
32755: 1.940367e+00 1.610092e+00 1.568807e+00 6.467890e-01 1.880734e-01 4.587156e-02
32755: 1.936073e+00 1.611872e+00 1.570776e+00 6.484018e-01 1.872146e-01 4.566210e-02
32755: 1.936364e+00 1.613636e+00 1.568182e+00 6.500000e-01 1.863636e-01 4.545455e-02
32755: 1.936652e+00 1.615385e+00 1.570136e+00 6.470588e-01 1.855204e-01 4.524887e-02
32755: 1.932432e+00 1.608108e+00 1.572072e+00 6.531532e-01 1.846847e-01 4.954955e-02
32755: 1.932735e+00 1.609865e+00 1.569507e+00 6.547085e-01 1.838565e-01 4.932735e-02
32755: 1.928571e+00 1.607143e+00 1.575893e+00 6.562500e-01 1.830357e-01 4.910714e-02
32755: 1.928889e+00 1.604444e+00 1.577778e+00 6.577778e-01 1.822222e-01 4.888889e-02
32755: 1.929204e+00 1.606195e+00 1.575221e+00 6.592920e-01 1.814159e-01 4.867257e-02
32755: 1.925110e+00 1.603524e+00 1.581498e+00 6.607930e-01 1.806167e-01 4.845815e-02
32755: 1.929825e+00 1.600877e+00 1.574561e+00 6.622807e-01 1.842105e-01 4.824561e-02
32755: 1.925764e+00 1.602620e+00 1.572052e+00 6.637555e-01 1.877729e-01 4.803493e-02
32755: 1.921739e+00 1.608696e+00 1.569565e+00 6.652174e-01 1.869565e-01 4.782609e-02
32755: 1.926407e+00 1.610390e+00 1.567100e+00 6.623377e-01 1.861472e-01 4.761905e-02
32755: 1.926724e+00 1.612069e+00 1.568966e+00 6.594828e-01 1.853448e-01 4.741379e-02
32755: 1.922747e+00 1.613734e+00 1.566524e+00 6.609442e-01 1.888412e-01 4.721030e-02
32755: 1.927350e+00 1.615385e+00 1.564103e+00 6.581197e-01 1.880342e-01 4.700855e-02
32755: 1.923404e+00 1.612766e+00 1.570213e+00 6.553191e-01 1.914894e-01 4.680851e-02
32755: 1.919492e+00 1.614407e+00 1.572034e+00 6.567797e-01 1.906780e-01 4.661017e-02
32755: 1.919831e+00 1.607595e+00 1.573840e+00 6.582278e-01 1.898734e-01 5.063291e-02
32755: 1.920168e+00 1.609244e+00 1.571429e+00 6.596639e-01 1.890756e-01 5.042017e-02
32755: 1.920502e+00 1.606695e+00 1.573222e+00 6.610879e-01 1.882845e-01 5.020921e-02
32755: 1.920833e+00 1.608333e+00 1.570833e+00 6.625000e-01 1.875000e-01 5.000000e-02
32755: 1.921162e+00 1.609959e+00 1.568465e+00 6.639004e-01 1.867220e-01 4.979253e-02
32755: 1.917355e+00 1.607438e+00 1.574380e+00 6.611570e-01 1.900826e-01 4.958678e-02
32755: 1.925926e+00 1.604938e+00 1.567901e+00 6.625514e-01 1.893004e-01 4.938272e-02
32755: 1.930328e+00 1.606557e+00 1.565574e+00 6.598361e-01 1.885246e-01 4.918033e-02
32755: 1.926531e+00 1.608163e+00 1.571429e+00 6.571429e-01 1.877551e-01 4.897959e-02
32755: 1.926829e+00 1.605691e+00 1.573171e+00 6.585366e-01 1.869919e-01 4.878049e-02
32755: 1.927126e+00 1.603239e+00 1.574899e+00 6.599190e-01 1.862348e-01 4.858300e-02
32755: 1.927419e+00 1.600806e+00 1.572581e+00 6.653226e-01 1.854839e-01 4.838710e-02
32755: 1.927711e+00 1.598394e+00 1.574297e+00 6.666667e-01 1.847390e-01 4.819277e-02
32755: 1.928000e+00 1.600000e+00 1.572000e+00 6.680000e-01 1.840000e-01 4.800000e-02
32755: 1.924303e+00 1.601594e+00 1.573705e+00 6.693227e-01 1.832669e-01 4.780876e-02
32755: 1.928571e+00 1.599206e+00 1.571429e+00 6.706349e-01 1.825397e-01 4.761905e-02
32755: 1.932806e+00 1.596838e+00 1.569170e+00 6.719368e-01 1.818182e-01 4.743083e-02
32755: 1.933071e+00 1.598425e+00 1.566929e+00 6.692913e-01 1.850394e-01 4.724409e-02
32755: 1.929412e+00 1.600000e+00 1.568627e+00 6.705882e-01 1.843137e-01 4.705882e-02
32755: 1.929688e+00 1.597656e+00 1.570312e+00 6.679688e-01 1.835938e-01 5.078125e-02
32755: 1.929961e+00 1.599222e+00 1.564202e+00 6.692607e-01 1.867704e-01 5.058366e-02
32755: 1.926357e+00 1.596899e+00 1.573643e+00 6.666667e-01 1.860465e-01 5.038760e-02
32755: 1.922780e+00 1.598456e+00 1.567568e+00 6.756757e-01 1.853282e-01 5.019305e-02
32755: 1.923077e+00 1.592308e+00 1.573077e+00 6.769231e-01 1.846154e-01 5.000000e-02
32755: 1.923372e+00 1.590038e+00 1.574713e+00 6.781609e-01 1.839080e-01 4.980843e-02
32755: 1.923664e+00 1.595420e+00 1.568702e+00 6.793893e-01 1.832061e-01 4.961832e-02
32755: 1.923954e+00 1.589354e+00 1.574144e+00 6.806084e-01 1.825095e-01 4.942966e-02
32755: 1.928030e+00 1.590909e+00 1.568182e+00 6.818182e-01 1.818182e-01 4.924242e-02
32755: 1.924528e+00 1.592453e+00 1.573585e+00 6.792453e-01 1.811321e-01 4.905660e-02
32755: 1.921053e+00 1.593985e+00 1.571429e+00 6.804511e-01 1.804511e-01 5.263158e-02
32755: 1.921348e+00 1.591760e+00 1.569288e+00 6.853933e-01 1.797753e-01 5.243446e-02
32755: 1.921642e+00 1.593284e+00 1.570896e+00 6.828358e-01 1.791045e-01 5.223881e-02
32755: 1.921933e+00 1.591078e+00 1.568773e+00 6.877323e-01 1.784387e-01 5.204461e-02
32755: 1.918519e+00 1.600000e+00 1.566667e+00 6.851852e-01 1.777778e-01 5.185185e-02
32755: 1.922509e+00 1.601476e+00 1.564576e+00 6.826568e-01 1.771218e-01 5.166052e-02
32755: 1.922794e+00 1.599265e+00 1.566176e+00 6.838235e-01 1.764706e-01 5.147059e-02
32755: 1.919414e+00 1.600733e+00 1.567766e+00 6.849817e-01 1.758242e-01 5.128205e-02
32755: 1.927007e+00 1.598540e+00 1.565693e+00 6.824818e-01 1.751825e-01 5.109489e-02
32755: 1.930909e+00 1.596364e+00 1.567273e+00 6.800000e-01 1.745455e-01 5.090909e-02
32755: 1.931159e+00 1.597826e+00 1.568841e+00 6.775362e-01 1.739130e-01 5.072464e-02
32755: 1.927798e+00 1.592058e+00 1.574007e+00 6.787004e-01 1.768953e-01 5.054152e-02
32755: 1.928058e+00 1.593525e+00 1.568345e+00 6.834532e-01 1.762590e-01 5.035971e-02
32755: 1.928315e+00 1.594982e+00 1.569892e+00 6.810036e-01 1.756272e-01 5.017921e-02
32755: 1.928571e+00 1.592857e+00 1.571429e+00 6.821429e-01 1.750000e-01 5.000000e-02
32755: 1.925267e+00 1.597865e+00 1.565836e+00 6.832740e-01 1.779359e-01 4.982206e-02
32755: 1.925532e+00 1.595745e+00 1.563830e+00 6.843972e-01 1.808511e-01 4.964539e-02
32755: 1.922261e+00 1.600707e+00 1.565371e+00 6.819788e-01 1.802120e-01 4.946996e-02
32755: 1.922535e+00 1.602113e+00 1.563380e+00 6.830986e-01 1.795775e-01 4.929577e-02
32755: 1.919298e+00 1.600000e+00 1.568421e+00 6.842105e-01 1.789474e-01 4.912281e-02
32755: 1.923077e+00 1.597902e+00 1.566434e+00 6.853147e-01 1.783217e-01 4.895105e-02
32755: 1.923345e+00 1.595819e+00 1.571429e+00 6.829268e-01 1.777003e-01 4.878049e-02
32755: 1.920139e+00 1.600694e+00 1.569444e+00 6.840278e-01 1.770833e-01 4.861111e-02
32755: 1.923875e+00 1.598616e+00 1.567474e+00 6.816609e-01 1.799308e-01 4.844291e-02
32755: 1.924138e+00 1.596552e+00 1.572414e+00 6.793103e-01 1.793103e-01 4.827586e-02
32755: 1.924399e+00 1.597938e+00 1.570447e+00 6.804124e-01 1.786942e-01 4.810997e-02
32755: 1.921233e+00 1.592466e+00 1.575342e+00 6.815068e-01 1.815068e-01 4.794521e-02
32755: 1.924915e+00 1.590444e+00 1.569966e+00 6.860068e-01 1.808874e-01 4.778157e-02
32755: 1.921769e+00 1.595238e+00 1.571429e+00 6.836735e-01 1.802721e-01 4.761905e-02
32755: 1.922034e+00 1.589831e+00 1.572881e+00 6.847458e-01 1.830508e-01 4.745763e-02
32755: 1.922297e+00 1.591216e+00 1.567568e+00 6.891892e-01 1.824324e-01 4.729730e-02
32755: 1.922559e+00 1.589226e+00 1.569024e+00 6.868687e-01 1.851852e-01 4.713805e-02
32755: 1.919463e+00 1.590604e+00 1.573826e+00 6.845638e-01 1.845638e-01 4.697987e-02
32755: 1.923077e+00 1.585284e+00 1.571906e+00 6.889632e-01 1.839465e-01 4.682274e-02
32755: 1.926667e+00 1.586667e+00 1.566667e+00 6.900000e-01 1.833333e-01 4.666667e-02
32755: 1.926910e+00 1.581395e+00 1.571429e+00 6.877076e-01 1.860465e-01 4.651163e-02
32755: 1.927152e+00 1.586093e+00 1.566225e+00 6.887417e-01 1.854305e-01 4.635762e-02
32755: 1.924092e+00 1.580858e+00 1.574257e+00 6.864686e-01 1.881188e-01 4.620462e-02
32755: 1.924342e+00 1.582237e+00 1.572368e+00 6.875000e-01 1.875000e-01 4.605263e-02
32755: 1.924590e+00 1.580328e+00 1.570492e+00 6.918033e-01 1.868852e-01 4.590164e-02
32755: 1.924837e+00 1.581699e+00 1.565359e+00 6.928105e-01 1.895425e-01 4.575163e-02
32755: 1.925081e+00 1.583062e+00 1.566775e+00 6.905537e-01 1.889251e-01 4.560261e-02
32755: 1.928571e+00 1.581169e+00 1.564935e+00 6.915584e-01 1.883117e-01 4.545455e-02
32755: 1.932039e+00 1.579288e+00 1.566343e+00 6.893204e-01 1.877023e-01 4.530744e-02
32755: 1.932258e+00 1.580645e+00 1.564516e+00 6.903226e-01 1.870968e-01 4.516129e-02
32755: 1.929260e+00 1.578778e+00 1.569132e+00 6.913183e-01 1.864952e-01 4.501608e-02
32755: 1.929487e+00 1.583333e+00 1.567308e+00 6.891026e-01 1.858974e-01 4.487179e-02
32755: 1.929712e+00 1.578275e+00 1.575080e+00 6.869010e-01 1.853035e-01 4.472843e-02
32755: 1.926752e+00 1.585987e+00 1.570064e+00 6.878981e-01 1.847134e-01 4.458599e-02
32755: 1.926984e+00 1.587302e+00 1.568254e+00 6.888889e-01 1.841270e-01 4.444444e-02
32755: 1.924051e+00 1.582278e+00 1.579114e+00 6.867089e-01 1.835443e-01 4.430380e-02
32755: 1.924290e+00 1.586751e+00 1.574132e+00 6.876972e-01 1.829653e-01 4.416404e-02
32755: 1.924528e+00 1.584906e+00 1.575472e+00 6.886792e-01 1.823899e-01 4.402516e-02
32755: 1.921630e+00 1.586207e+00 1.576803e+00 6.896552e-01 1.818182e-01 4.388715e-02
32755: 1.918750e+00 1.590625e+00 1.575000e+00 6.906250e-01 1.812500e-01 4.375000e-02
32755: 1.919003e+00 1.591900e+00 1.570093e+00 6.915888e-01 1.838006e-01 4.361371e-02
32755: 1.919255e+00 1.593168e+00 1.568323e+00 6.925466e-01 1.832298e-01 4.347826e-02
32755: 1.916409e+00 1.591331e+00 1.572755e+00 6.934985e-01 1.826625e-01 4.334365e-02
32755: 1.919753e+00 1.592593e+00 1.567901e+00 6.944444e-01 1.820988e-01 4.320988e-02
32755: 1.920000e+00 1.593846e+00 1.569231e+00 6.923077e-01 1.815385e-01 4.307692e-02
32755: 1.917178e+00 1.592025e+00 1.573620e+00 6.932515e-01 1.809816e-01 4.294479e-02
32755: 1.917431e+00 1.593272e+00 1.571865e+00 6.941896e-01 1.804281e-01 4.281346e-02
32755: 1.914634e+00 1.597561e+00 1.570122e+00 6.951220e-01 1.798780e-01 4.268293e-02
32755: 1.917933e+00 1.595745e+00 1.568389e+00 6.960486e-01 1.793313e-01 4.255319e-02
32755: 1.918182e+00 1.596970e+00 1.569697e+00 6.939394e-01 1.787879e-01 4.242424e-02
32755: 1.918429e+00 1.595166e+00 1.567976e+00 6.948640e-01 1.812689e-01 4.229607e-02
32755: 1.915663e+00 1.602410e+00 1.566265e+00 6.927711e-01 1.807229e-01 4.216867e-02
32755: 1.918919e+00 1.600601e+00 1.564565e+00 6.906907e-01 1.831832e-01 4.204204e-02
32755: 1.919162e+00 1.601796e+00 1.565868e+00 6.886228e-01 1.826347e-01 4.191617e-02
32755: 1.916418e+00 1.600000e+00 1.570149e+00 6.895522e-01 1.820896e-01 4.179104e-02
32755: 1.916667e+00 1.595238e+00 1.574405e+00 6.904762e-01 1.815476e-01 4.166667e-02
32755: 1.913947e+00 1.596439e+00 1.575668e+00 6.913947e-01 1.810089e-01 4.154303e-02
32755: 1.914201e+00 1.594675e+00 1.573964e+00 6.923077e-01 1.834320e-01 4.142012e-02
32755: 1.914454e+00 1.595870e+00 1.569322e+00 6.932153e-01 1.858407e-01 4.129794e-02
32755: 1.911765e+00 1.597059e+00 1.573529e+00 6.911765e-01 1.852941e-01 4.117647e-02
32755: 1.914956e+00 1.595308e+00 1.568915e+00 6.920821e-01 1.876833e-01 4.105572e-02
32755: 1.915205e+00 1.599415e+00 1.567251e+00 6.900585e-01 1.871345e-01 4.093567e-02
32755: 1.915452e+00 1.594752e+00 1.571429e+00 6.909621e-01 1.865889e-01 4.081633e-02
32755: 1.912791e+00 1.601744e+00 1.566860e+00 6.918605e-01 1.860465e-01 4.069767e-02
32755: 1.915942e+00 1.600000e+00 1.565217e+00 6.927536e-01 1.855072e-01 4.057971e-02
32755: 1.913295e+00 1.601156e+00 1.566474e+00 6.907514e-01 1.878613e-01 4.046243e-02
32755: 1.919308e+00 1.599424e+00 1.564841e+00 6.887608e-01 1.873199e-01 4.034582e-02
32755: 1.919540e+00 1.600575e+00 1.566092e+00 6.867816e-01 1.867816e-01 4.022989e-02
32755: 1.916905e+00 1.598854e+00 1.567335e+00 6.905444e-01 1.862464e-01 4.011461e-02
32755: 1.917143e+00 1.594286e+00 1.574286e+00 6.885714e-01 1.857143e-01 4.000000e-02
32755: 1.914530e+00 1.595442e+00 1.572650e+00 6.894587e-01 1.880342e-01 3.988604e-02
32755: 1.914773e+00 1.590909e+00 1.573864e+00 6.903409e-01 1.903409e-01 3.977273e-02
32755: 1.915014e+00 1.592068e+00 1.572238e+00 6.912181e-01 1.898017e-01 3.966006e-02
32755: 1.912429e+00 1.590395e+00 1.570621e+00 6.977401e-01 1.892655e-01 3.954802e-02
32755: 1.912676e+00 1.585915e+00 1.569014e+00 7.014085e-01 1.915493e-01 3.943662e-02
32755: 1.910112e+00 1.589888e+00 1.570225e+00 6.994382e-01 1.910112e-01 3.932584e-02
32755: 1.910364e+00 1.588235e+00 1.571429e+00 7.002801e-01 1.904762e-01 3.921569e-02
32755: 1.907821e+00 1.589385e+00 1.569832e+00 7.039106e-01 1.899441e-01 3.910615e-02
32755: 1.908078e+00 1.590529e+00 1.571031e+00 7.019499e-01 1.894150e-01 3.899721e-02
32755: 1.908333e+00 1.588889e+00 1.566667e+00 7.083333e-01 1.888889e-01 3.888889e-02
32755: 1.905817e+00 1.590028e+00 1.565097e+00 7.063712e-01 1.939058e-01 3.878116e-02
32755: 1.911602e+00 1.588398e+00 1.563536e+00 7.044199e-01 1.933702e-01 3.867403e-02
32755: 1.909091e+00 1.595041e+00 1.561983e+00 7.024793e-01 1.928375e-01 3.856749e-02
32755: 1.912088e+00 1.590659e+00 1.565934e+00 7.005495e-01 1.923077e-01 3.846154e-02
32755: 1.912329e+00 1.591781e+00 1.567123e+00 6.986301e-01 1.917808e-01 3.835616e-02
32755: 1.912568e+00 1.590164e+00 1.568306e+00 6.994536e-01 1.912568e-01 3.825137e-02
32755: 1.910082e+00 1.591281e+00 1.572207e+00 6.975477e-01 1.907357e-01 3.814714e-02
32755: 1.915761e+00 1.589674e+00 1.567935e+00 6.983696e-01 1.902174e-01 3.804348e-02
32755: 1.915989e+00 1.590786e+00 1.566396e+00 6.991870e-01 1.897019e-01 3.794038e-02
32755: 1.913514e+00 1.586486e+00 1.570270e+00 7.000000e-01 1.918919e-01 3.783784e-02
32755: 1.916442e+00 1.587601e+00 1.566038e+00 7.008086e-01 1.913747e-01 3.773585e-02
32755: 1.913978e+00 1.591398e+00 1.567204e+00 6.989247e-01 1.908602e-01 3.763441e-02
32755: 1.914209e+00 1.592493e+00 1.568365e+00 6.970509e-01 1.903485e-01 3.753351e-02
32755: 1.914439e+00 1.590909e+00 1.569519e+00 6.978610e-01 1.898396e-01 3.743316e-02
32755: 1.912000e+00 1.592000e+00 1.568000e+00 7.013333e-01 1.893333e-01 3.733333e-02
32755: 1.909574e+00 1.593085e+00 1.569149e+00 7.021277e-01 1.888298e-01 3.723404e-02
32755: 1.909814e+00 1.594164e+00 1.567639e+00 7.002653e-01 1.909814e-01 3.713528e-02
32755: 1.912698e+00 1.592593e+00 1.568783e+00 6.984127e-01 1.904762e-01 3.703704e-02
32755: 1.910290e+00 1.591029e+00 1.572559e+00 6.992084e-01 1.899736e-01 3.693931e-02
32755: 1.913158e+00 1.592105e+00 1.568421e+00 7.000000e-01 1.894737e-01 3.684211e-02
32755: 1.913386e+00 1.587927e+00 1.574803e+00 6.981627e-01 1.889764e-01 3.674541e-02
32755: 1.910995e+00 1.589005e+00 1.573298e+00 7.015707e-01 1.884817e-01 3.664921e-02
32755: 1.911227e+00 1.587467e+00 1.569191e+00 7.075718e-01 1.879896e-01 3.655352e-02
32755: 1.908854e+00 1.588542e+00 1.567708e+00 7.083333e-01 1.901042e-01 3.645833e-02
32755: 1.909091e+00 1.589610e+00 1.568831e+00 7.064935e-01 1.896104e-01 3.636364e-02
32755: 1.909326e+00 1.590674e+00 1.567358e+00 7.072539e-01 1.891192e-01 3.626943e-02
32755: 1.906977e+00 1.591731e+00 1.568475e+00 7.054264e-01 1.912145e-01 3.617571e-02
32755: 1.907216e+00 1.592784e+00 1.569588e+00 7.036082e-01 1.907216e-01 3.608247e-02
32755: 1.904884e+00 1.588689e+00 1.575835e+00 7.043702e-01 1.902314e-01 3.598972e-02
32755: 1.905128e+00 1.589744e+00 1.571795e+00 7.051282e-01 1.923077e-01 3.589744e-02
32755: 1.902813e+00 1.590793e+00 1.572890e+00 7.058824e-01 1.918159e-01 3.580563e-02
32755: 1.905612e+00 1.589286e+00 1.568878e+00 7.091837e-01 1.913265e-01 3.571429e-02
32755: 1.905852e+00 1.590331e+00 1.569975e+00 7.073791e-01 1.908397e-01 3.562341e-02
32755: 1.903553e+00 1.591371e+00 1.571066e+00 7.081218e-01 1.903553e-01 3.553299e-02
32755: 1.906329e+00 1.587342e+00 1.569620e+00 7.088608e-01 1.924051e-01 3.544304e-02
32755: 1.904040e+00 1.588384e+00 1.573232e+00 7.070707e-01 1.919192e-01 3.535354e-02
32755: 1.904282e+00 1.589421e+00 1.569270e+00 7.103275e-01 1.914358e-01 3.526448e-02
32755: 1.902010e+00 1.587940e+00 1.572864e+00 7.110553e-01 1.909548e-01 3.517588e-02
32755: 1.904762e+00 1.586466e+00 1.571429e+00 7.117794e-01 1.904762e-01 3.508772e-02
32755: 1.902500e+00 1.587500e+00 1.570000e+00 7.150000e-01 1.900000e-01 3.500000e-02
32755: 1.905237e+00 1.586035e+00 1.566085e+00 7.182045e-01 1.895262e-01 3.491272e-02
32755: 1.902985e+00 1.587065e+00 1.567164e+00 7.164179e-01 1.915423e-01 3.482587e-02
32755: 1.905707e+00 1.585608e+00 1.568238e+00 7.146402e-01 1.910670e-01 3.473945e-02
32755: 1.903465e+00 1.586634e+00 1.569307e+00 7.128713e-01 1.930693e-01 3.465347e-02
32755: 1.906173e+00 1.585185e+00 1.567901e+00 7.135802e-01 1.925926e-01 3.456790e-02
32755: 1.903941e+00 1.588670e+00 1.568966e+00 7.118227e-01 1.921182e-01 3.448276e-02
32755: 1.909091e+00 1.587224e+00 1.567568e+00 7.100737e-01 1.916462e-01 3.439803e-02
32755: 1.909314e+00 1.588235e+00 1.566176e+00 7.107843e-01 1.911765e-01 3.431373e-02
32755: 1.907090e+00 1.586797e+00 1.569682e+00 7.090465e-01 1.931540e-01 3.422983e-02
32755: 1.907317e+00 1.582927e+00 1.575610e+00 7.073171e-01 1.926829e-01 3.414634e-02
32755: 1.905109e+00 1.586375e+00 1.574209e+00 7.080292e-01 1.922141e-01 3.406326e-02
32755: 1.905340e+00 1.584951e+00 1.572816e+00 7.111650e-01 1.917476e-01 3.398058e-02
32755: 1.903148e+00 1.585956e+00 1.571429e+00 7.118644e-01 1.937046e-01 3.389831e-02
32755: 1.903382e+00 1.586957e+00 1.570048e+00 7.125604e-01 1.932367e-01 3.381643e-02
32755: 1.903614e+00 1.585542e+00 1.571084e+00 7.132530e-01 1.927711e-01 3.373494e-02
32755: 1.901442e+00 1.588942e+00 1.569712e+00 7.139423e-01 1.923077e-01 3.365385e-02
32755: 1.904077e+00 1.587530e+00 1.570743e+00 7.122302e-01 1.918465e-01 3.357314e-02
32755: 1.904306e+00 1.588517e+00 1.566986e+00 7.129187e-01 1.937799e-01 3.349282e-02
32755: 1.902148e+00 1.584726e+00 1.572792e+00 7.112172e-01 1.957041e-01 3.341289e-02
32755: 1.902381e+00 1.585714e+00 1.569048e+00 7.142857e-01 1.952381e-01 3.333333e-02
32755: 1.900238e+00 1.586698e+00 1.570071e+00 7.125891e-01 1.971496e-01 3.325416e-02
32755: 1.905213e+00 1.585308e+00 1.566351e+00 7.132701e-01 1.966825e-01 3.317536e-02
32755: 1.903073e+00 1.586288e+00 1.565012e+00 7.163121e-01 1.962175e-01 3.309693e-02
32755: 1.903302e+00 1.582547e+00 1.570755e+00 7.146226e-01 1.957547e-01 3.301887e-02
32755: 1.901176e+00 1.585882e+00 1.569412e+00 7.152941e-01 1.952941e-01 3.294118e-02
32755: 1.901408e+00 1.586854e+00 1.570423e+00 7.136150e-01 1.948357e-01 3.286385e-02
32755: 1.901639e+00 1.585480e+00 1.569087e+00 7.166276e-01 1.943794e-01 3.278689e-02
32755: 1.899533e+00 1.591121e+00 1.567757e+00 7.149533e-01 1.939252e-01 3.271028e-02
32755: 1.902098e+00 1.589744e+00 1.568765e+00 7.132867e-01 1.934732e-01 3.263403e-02
32755: 1.900000e+00 1.593023e+00 1.567442e+00 7.116279e-01 1.930233e-01 3.488372e-02
32755: 1.900232e+00 1.591647e+00 1.570766e+00 7.099768e-01 1.925754e-01 3.480278e-02
32755: 1.900463e+00 1.590278e+00 1.569444e+00 7.129630e-01 1.921296e-01 3.472222e-02
32755: 1.898383e+00 1.588915e+00 1.570439e+00 7.136259e-01 1.939954e-01 3.464203e-02
32755: 1.898618e+00 1.587558e+00 1.571429e+00 7.142857e-01 1.935484e-01 3.456221e-02
32755: 1.898851e+00 1.586207e+00 1.570115e+00 7.172414e-01 1.931034e-01 3.448276e-02
32755: 1.899083e+00 1.587156e+00 1.566514e+00 7.201835e-01 1.926606e-01 3.440367e-02
32755: 1.899314e+00 1.588101e+00 1.567506e+00 7.185355e-01 1.922197e-01 3.432494e-02
32755: 1.897260e+00 1.589041e+00 1.568493e+00 7.191781e-01 1.917808e-01 3.424658e-02
32755: 1.897494e+00 1.587699e+00 1.571754e+00 7.175399e-01 1.913440e-01 3.416856e-02
32755: 1.897727e+00 1.588636e+00 1.568182e+00 7.204545e-01 1.909091e-01 3.409091e-02
32755: 1.897959e+00 1.585034e+00 1.571429e+00 7.210884e-01 1.904762e-01 3.401361e-02
32755: 1.895928e+00 1.588235e+00 1.567873e+00 7.239819e-01 1.900452e-01 3.393665e-02
32755: 1.896163e+00 1.586907e+00 1.571106e+00 7.223476e-01 1.896163e-01 3.386005e-02
32755: 1.896396e+00 1.587838e+00 1.567568e+00 7.229730e-01 1.914414e-01 3.378378e-02
32755: 1.896629e+00 1.586517e+00 1.570787e+00 7.213483e-01 1.910112e-01 3.370787e-02
32755: 1.896861e+00 1.587444e+00 1.569507e+00 7.219731e-01 1.905830e-01 3.363229e-02
32755: 1.897092e+00 1.583893e+00 1.572707e+00 7.203579e-01 1.923937e-01 3.355705e-02
32755: 1.899554e+00 1.584821e+00 1.569196e+00 7.209821e-01 1.919643e-01 3.348214e-02
32755: 1.897550e+00 1.587973e+00 1.570156e+00 7.193764e-01 1.915367e-01 3.340757e-02
32755: 1.900000e+00 1.586667e+00 1.566667e+00 7.222222e-01 1.911111e-01 3.333333e-02
32755: 1.898004e+00 1.589800e+00 1.565410e+00 7.228381e-01 1.906874e-01 3.325942e-02
32755: 1.900442e+00 1.590708e+00 1.564159e+00 7.212389e-01 1.902655e-01 3.318584e-02
32755: 1.898455e+00 1.591611e+00 1.567329e+00 7.196468e-01 1.898455e-01 3.311258e-02
32755: 1.898678e+00 1.590308e+00 1.568282e+00 7.180617e-01 1.916300e-01 3.303965e-02
32755: 1.896703e+00 1.591209e+00 1.567033e+00 7.186813e-01 1.934066e-01 3.296703e-02
32755: 1.896930e+00 1.589912e+00 1.570175e+00 7.171053e-01 1.929825e-01 3.289474e-02
32755: 1.894967e+00 1.590810e+00 1.571116e+00 7.177243e-01 1.925602e-01 3.282276e-02
32755: 1.897380e+00 1.589520e+00 1.569869e+00 7.183406e-01 1.921397e-01 3.275109e-02
32755: 1.897603e+00 1.590414e+00 1.570806e+00 7.167756e-01 1.917211e-01 3.267974e-02
32755: 1.895652e+00 1.591304e+00 1.569565e+00 7.195652e-01 1.913043e-01 3.260870e-02
32755: 1.895879e+00 1.590022e+00 1.570499e+00 7.180043e-01 1.908894e-01 3.470716e-02
32755: 1.898268e+00 1.590909e+00 1.567100e+00 7.186147e-01 1.904762e-01 3.463203e-02
32755: 1.900648e+00 1.587473e+00 1.570194e+00 7.170626e-01 1.900648e-01 3.455724e-02
32755: 1.900862e+00 1.588362e+00 1.566810e+00 7.176724e-01 1.918103e-01 3.448276e-02
32755: 1.898925e+00 1.589247e+00 1.569892e+00 7.161290e-01 1.913978e-01 3.440860e-02
32755: 1.901288e+00 1.587983e+00 1.568670e+00 7.167382e-01 1.909871e-01 3.433476e-02
32755: 1.903640e+00 1.588865e+00 1.567452e+00 7.152034e-01 1.905782e-01 3.426124e-02
32755: 1.901709e+00 1.589744e+00 1.570513e+00 7.136752e-01 1.901709e-01 3.418803e-02
32755: 1.904051e+00 1.588486e+00 1.567164e+00 7.142857e-01 1.918977e-01 3.411514e-02
32755: 1.904255e+00 1.591489e+00 1.565957e+00 7.127660e-01 1.914894e-01 3.404255e-02
32755: 1.902335e+00 1.590234e+00 1.569002e+00 7.133758e-01 1.910828e-01 3.397028e-02
32755: 1.902542e+00 1.593220e+00 1.567797e+00 7.118644e-01 1.906780e-01 3.389831e-02
32755: 1.902748e+00 1.591966e+00 1.568710e+00 7.124736e-01 1.902748e-01 3.382664e-02
32755: 1.902954e+00 1.592827e+00 1.569620e+00 7.109705e-01 1.898734e-01 3.375527e-02
32755: 1.901053e+00 1.593684e+00 1.568421e+00 7.115789e-01 1.915789e-01 3.368421e-02
32755: 1.901261e+00 1.592437e+00 1.569328e+00 7.121849e-01 1.911765e-01 3.361345e-02
32755: 1.899371e+00 1.597484e+00 1.568134e+00 7.106918e-01 1.907757e-01 3.354298e-02
32755: 1.901674e+00 1.598326e+00 1.566946e+00 7.092050e-01 1.903766e-01 3.347280e-02
32755: 1.903967e+00 1.597077e+00 1.567850e+00 7.077244e-01 1.899791e-01 3.340292e-02
32755: 1.902083e+00 1.600000e+00 1.568750e+00 7.062500e-01 1.895833e-01 3.333333e-02
32755: 1.902287e+00 1.598753e+00 1.569647e+00 7.047817e-01 1.912682e-01 3.326403e-02
32755: 1.900415e+00 1.599585e+00 1.570539e+00 7.033195e-01 1.929461e-01 3.319502e-02
32755: 1.900621e+00 1.598344e+00 1.571429e+00 7.039337e-01 1.925466e-01 3.312629e-02
32755: 1.898760e+00 1.601240e+00 1.568182e+00 7.045455e-01 1.942149e-01 3.305785e-02
32755: 1.898969e+00 1.597938e+00 1.571134e+00 7.030928e-01 1.958763e-01 3.298969e-02
32755: 1.899177e+00 1.598765e+00 1.567901e+00 7.057613e-01 1.954733e-01 3.292181e-02
32755: 1.897331e+00 1.597536e+00 1.570842e+00 7.043121e-01 1.971253e-01 3.285421e-02
32755: 1.901639e+00 1.596311e+00 1.567623e+00 7.049180e-01 1.967213e-01 3.278689e-02
32755: 1.899796e+00 1.597137e+00 1.568507e+00 7.034765e-01 1.983640e-01 3.271984e-02
32755: 1.902041e+00 1.597959e+00 1.567347e+00 7.020408e-01 1.979592e-01 3.265306e-02
32755: 1.900204e+00 1.600815e+00 1.568228e+00 7.006110e-01 1.975560e-01 3.258656e-02
32755: 1.902439e+00 1.599593e+00 1.569106e+00 6.991870e-01 1.971545e-01 3.252033e-02
32755: 1.902637e+00 1.602434e+00 1.567951e+00 6.977688e-01 1.967546e-01 3.245436e-02
32755: 1.902834e+00 1.603239e+00 1.568826e+00 6.963563e-01 1.963563e-01 3.238866e-02
32755: 1.903030e+00 1.602020e+00 1.569697e+00 6.969697e-01 1.959596e-01 3.232323e-02
32755: 1.901210e+00 1.602823e+00 1.570565e+00 6.975806e-01 1.955645e-01 3.225806e-02
32755: 1.901408e+00 1.601610e+00 1.569416e+00 7.002012e-01 1.951710e-01 3.219316e-02
32755: 1.901606e+00 1.600402e+00 1.570281e+00 6.987952e-01 1.967871e-01 3.212851e-02
32755: 1.899800e+00 1.603206e+00 1.569138e+00 6.993988e-01 1.963928e-01 3.206413e-02
32755: 1.902000e+00 1.602000e+00 1.568000e+00 6.980000e-01 1.980000e-01 3.200000e-02
32755: 1.900200e+00 1.604790e+00 1.566866e+00 6.986028e-01 1.976048e-01 3.193613e-02
32755: 1.902390e+00 1.601594e+00 1.569721e+00 6.972112e-01 1.972112e-01 3.187251e-02
32755: 1.900596e+00 1.602386e+00 1.568588e+00 6.978131e-01 1.988072e-01 3.180915e-02
32755: 1.900794e+00 1.601190e+00 1.567460e+00 6.984127e-01 2.003968e-01 3.174603e-02
32755: 1.899010e+00 1.603960e+00 1.566337e+00 6.990099e-01 2.000000e-01 3.168317e-02
32755: 1.899209e+00 1.602767e+00 1.567194e+00 6.976285e-01 2.015810e-01 3.162055e-02
32755: 1.901381e+00 1.603550e+00 1.566075e+00 6.962525e-01 2.011834e-01 3.155819e-02
32755: 1.899606e+00 1.604331e+00 1.568898e+00 6.948819e-01 2.007874e-01 3.149606e-02
32755: 1.899804e+00 1.603143e+00 1.567780e+00 6.974460e-01 2.003929e-01 3.143418e-02
32755: 1.898039e+00 1.603922e+00 1.568627e+00 6.980392e-01 2.000000e-01 3.137255e-02
32755: 1.898239e+00 1.602740e+00 1.569472e+00 6.966732e-01 2.015656e-01 3.131115e-02
32755: 1.900391e+00 1.603516e+00 1.568359e+00 6.953125e-01 2.011719e-01 3.125000e-02
32755: 1.898635e+00 1.604288e+00 1.569201e+00 6.959064e-01 2.007797e-01 3.118908e-02
32755: 1.898833e+00 1.603113e+00 1.568093e+00 6.984436e-01 2.003891e-01 3.112840e-02
32755: 1.899029e+00 1.603883e+00 1.568932e+00 6.970874e-01 2.000000e-01 3.106796e-02
32755: 1.897287e+00 1.602713e+00 1.569767e+00 6.976744e-01 2.015504e-01 3.100775e-02
32755: 1.899420e+00 1.601547e+00 1.570600e+00 6.963250e-01 2.011605e-01 3.094778e-02
32755: 1.899614e+00 1.602317e+00 1.569498e+00 6.969112e-01 2.007722e-01 3.088803e-02
32755: 1.897881e+00 1.601156e+00 1.572254e+00 6.974952e-01 2.003854e-01 3.082852e-02
32755: 1.900000e+00 1.601923e+00 1.569231e+00 6.980769e-01 2.000000e-01 3.076923e-02
32755: 1.902111e+00 1.600768e+00 1.570058e+00 6.967370e-01 1.996161e-01 3.071017e-02
32755: 1.900383e+00 1.601533e+00 1.570881e+00 6.973180e-01 1.992337e-01 3.065134e-02
32755: 1.904398e+00 1.600382e+00 1.567878e+00 6.978967e-01 1.988528e-01 3.059273e-02
32755: 1.904580e+00 1.601145e+00 1.566794e+00 6.984733e-01 1.984733e-01 3.053435e-02
32755: 1.902857e+00 1.601905e+00 1.569524e+00 6.971429e-01 1.980952e-01 3.047619e-02
32755: 1.903042e+00 1.602662e+00 1.568441e+00 6.958175e-01 1.996198e-01 3.041825e-02
32755: 1.901328e+00 1.605313e+00 1.569260e+00 6.944972e-01 1.992410e-01 3.036053e-02
32755: 1.905303e+00 1.604167e+00 1.568182e+00 6.931818e-01 1.988636e-01 3.030303e-02
32755: 1.905482e+00 1.604915e+00 1.567108e+00 6.918715e-01 2.003781e-01 3.024575e-02
32755: 1.903774e+00 1.603774e+00 1.567925e+00 6.943396e-01 2.000000e-01 3.018868e-02
32755: 1.905838e+00 1.602637e+00 1.566855e+00 6.949153e-01 1.996234e-01 3.013183e-02
32755: 1.904135e+00 1.603383e+00 1.569549e+00 6.936090e-01 1.992481e-01 3.007519e-02
32755: 1.904315e+00 1.602251e+00 1.572233e+00 6.923077e-01 1.988743e-01 3.001876e-02
32755: 1.904494e+00 1.604869e+00 1.569288e+00 6.928839e-01 1.985019e-01 2.996255e-02
32755: 1.904673e+00 1.603738e+00 1.571963e+00 6.915888e-01 1.981308e-01 2.990654e-02
32755: 1.902985e+00 1.606343e+00 1.569030e+00 6.940299e-01 1.977612e-01 2.985075e-02
32755: 1.903166e+00 1.605214e+00 1.569832e+00 6.945996e-01 1.973929e-01 2.979516e-02
32755: 1.903346e+00 1.605948e+00 1.570632e+00 6.933086e-01 1.970260e-01 2.973978e-02
32755: 1.903525e+00 1.604824e+00 1.569573e+00 6.957328e-01 1.966605e-01 2.968460e-02
32755: 1.901852e+00 1.607407e+00 1.570370e+00 6.944444e-01 1.962963e-01 2.962963e-02
32755: 1.900185e+00 1.606285e+00 1.571165e+00 6.968577e-01 1.959335e-01 2.957486e-02
32755: 1.900369e+00 1.607011e+00 1.568266e+00 6.992620e-01 1.955720e-01 2.952030e-02
32755: 1.898711e+00 1.607735e+00 1.569061e+00 6.998158e-01 1.952118e-01 2.946593e-02
32755: 1.898897e+00 1.610294e+00 1.568015e+00 6.985294e-01 1.948529e-01 2.941176e-02
32755: 1.899083e+00 1.611009e+00 1.568807e+00 6.972477e-01 1.944954e-01 2.935780e-02
32755: 1.897436e+00 1.611722e+00 1.569597e+00 6.978022e-01 1.941392e-01 2.930403e-02
32755: 1.897623e+00 1.612431e+00 1.570384e+00 6.965265e-01 1.937843e-01 2.925046e-02
32755: 1.895985e+00 1.611314e+00 1.567518e+00 7.007299e-01 1.952555e-01 2.919708e-02
32755: 1.896175e+00 1.610200e+00 1.566485e+00 7.012750e-01 1.967213e-01 2.914390e-02
32755: 1.894545e+00 1.610909e+00 1.565455e+00 7.018182e-01 1.981818e-01 2.909091e-02
32755: 1.896552e+00 1.609800e+00 1.564428e+00 7.023593e-01 1.978221e-01 2.903811e-02
32755: 1.896739e+00 1.612319e+00 1.563406e+00 7.010870e-01 1.974638e-01 2.898551e-02
32755: 1.895118e+00 1.611212e+00 1.567812e+00 6.998192e-01 1.971067e-01 2.893309e-02
32755: 1.895307e+00 1.610108e+00 1.570397e+00 6.985560e-01 1.967509e-01 2.888087e-02
32755: 1.893694e+00 1.610811e+00 1.567568e+00 7.027027e-01 1.963964e-01 2.882883e-02
32755: 1.895683e+00 1.609712e+00 1.566547e+00 7.032374e-01 1.960432e-01 2.877698e-02
32755: 1.894075e+00 1.612208e+00 1.567325e+00 7.019749e-01 1.956912e-01 2.872531e-02
32755: 1.894265e+00 1.611111e+00 1.568100e+00 7.025090e-01 1.953405e-01 2.867384e-02
32755: 1.894454e+00 1.611807e+00 1.567084e+00 7.012522e-01 1.967800e-01 2.862254e-02
32755: 1.892857e+00 1.614286e+00 1.567857e+00 7.000000e-01 1.964286e-01 2.857143e-02
32755: 1.896613e+00 1.613191e+00 1.566845e+00 6.987522e-01 1.960784e-01 2.852050e-02
32755: 1.896797e+00 1.612100e+00 1.567616e+00 6.992883e-01 1.957295e-01 2.846975e-02
32755: 1.898757e+00 1.612789e+00 1.566607e+00 6.980462e-01 1.953819e-01 2.841918e-02
32755: 1.897163e+00 1.611702e+00 1.569149e+00 6.985816e-01 1.950355e-01 2.836879e-02
32755: 1.897345e+00 1.610619e+00 1.571681e+00 6.973451e-01 1.946903e-01 2.831858e-02
32755: 1.895760e+00 1.614841e+00 1.568905e+00 6.978799e-01 1.943463e-01 2.826855e-02
32755: 1.897707e+00 1.613757e+00 1.569665e+00 6.966490e-01 1.940035e-01 2.821869e-02
32755: 1.896127e+00 1.614437e+00 1.572183e+00 6.954225e-01 1.936620e-01 2.816901e-02
32755: 1.898067e+00 1.613357e+00 1.571178e+00 6.959578e-01 1.933216e-01 2.811951e-02
32755: 1.896491e+00 1.615789e+00 1.570175e+00 6.964912e-01 1.929825e-01 2.807018e-02
32755: 1.896673e+00 1.614711e+00 1.569177e+00 6.970228e-01 1.943958e-01 2.802102e-02
32755: 1.896853e+00 1.615385e+00 1.569930e+00 6.958042e-01 1.940559e-01 2.797203e-02
32755: 1.895288e+00 1.616056e+00 1.570681e+00 6.963351e-01 1.937173e-01 2.792321e-02
32755: 1.895470e+00 1.616725e+00 1.567944e+00 6.968641e-01 1.951220e-01 2.787456e-02
32755: 1.893913e+00 1.617391e+00 1.570435e+00 6.956522e-01 1.947826e-01 2.782609e-02
32755: 1.895833e+00 1.616319e+00 1.569444e+00 6.961806e-01 1.944444e-01 2.777778e-02
32755: 1.896014e+00 1.616984e+00 1.568458e+00 6.967071e-01 1.941075e-01 2.772964e-02
32755: 1.896194e+00 1.617647e+00 1.569204e+00 6.955017e-01 1.937716e-01 2.768166e-02
32755: 1.894646e+00 1.618307e+00 1.568221e+00 6.977547e-01 1.934370e-01 2.763385e-02
32755: 1.894828e+00 1.617241e+00 1.568966e+00 6.982759e-01 1.931034e-01 2.758621e-02
32755: 1.895009e+00 1.617900e+00 1.567986e+00 6.970740e-01 1.927711e-01 2.925990e-02
32755: 1.895189e+00 1.616838e+00 1.570447e+00 6.958763e-01 1.924399e-01 2.920962e-02
32755: 1.893654e+00 1.617496e+00 1.571184e+00 6.963979e-01 1.921098e-01 2.915952e-02
32755: 1.895548e+00 1.616438e+00 1.568493e+00 6.986301e-01 1.917808e-01 2.910959e-02
32755: 1.895726e+00 1.617094e+00 1.567521e+00 6.974359e-01 1.931624e-01 2.905983e-02
32755: 1.894198e+00 1.616041e+00 1.569966e+00 6.962457e-01 1.945392e-01 2.901024e-02
32755: 1.894378e+00 1.616695e+00 1.568995e+00 6.950596e-01 1.959114e-01 2.896082e-02
32755: 1.896259e+00 1.615646e+00 1.569728e+00 6.938776e-01 1.955782e-01 2.891156e-02
32755: 1.896435e+00 1.616299e+00 1.570458e+00 6.926995e-01 1.952462e-01 2.886248e-02
32755: 1.896610e+00 1.615254e+00 1.567797e+00 6.966102e-01 1.949153e-01 2.881356e-02
32755: 1.896785e+00 1.615905e+00 1.566836e+00 6.971235e-01 1.945854e-01 2.876481e-02
32755: 1.896959e+00 1.614865e+00 1.569257e+00 6.959459e-01 1.942568e-01 2.871622e-02
32755: 1.895447e+00 1.617201e+00 1.568297e+00 6.947723e-01 1.939292e-01 3.035413e-02
32755: 1.895623e+00 1.616162e+00 1.569024e+00 6.952862e-01 1.936027e-01 3.030303e-02
32755: 1.895798e+00 1.616807e+00 1.569748e+00 6.941176e-01 1.932773e-01 3.025210e-02
32755: 1.895973e+00 1.617450e+00 1.568792e+00 6.946309e-01 1.929530e-01 3.020134e-02
32755: 1.896147e+00 1.616415e+00 1.569514e+00 6.934673e-01 1.943049e-01 3.015075e-02
32755: 1.894649e+00 1.615385e+00 1.571906e+00 6.939799e-01 1.939799e-01 3.010033e-02
32755: 1.894825e+00 1.616027e+00 1.569282e+00 6.961603e-01 1.936561e-01 3.005008e-02
32755: 1.895000e+00 1.615000e+00 1.571667e+00 6.950000e-01 1.933333e-01 3.000000e-02
32755: 1.895175e+00 1.615641e+00 1.569052e+00 6.955075e-01 1.946755e-01 2.995008e-02
32755: 1.893688e+00 1.616279e+00 1.571429e+00 6.943522e-01 1.943522e-01 2.990033e-02
32755: 1.893864e+00 1.615257e+00 1.570481e+00 6.965174e-01 1.940299e-01 2.985075e-02
32755: 1.894040e+00 1.614238e+00 1.569536e+00 6.986755e-01 1.937086e-01 2.980132e-02
32755: 1.894215e+00 1.614876e+00 1.570248e+00 6.975207e-01 1.933884e-01 2.975207e-02
32755: 1.892739e+00 1.613861e+00 1.567657e+00 7.029703e-01 1.930693e-01 2.970297e-02
32755: 1.892916e+00 1.614498e+00 1.568369e+00 7.018122e-01 1.927512e-01 2.965404e-02
32755: 1.891447e+00 1.616776e+00 1.567434e+00 7.023026e-01 1.924342e-01 2.960526e-02
32755: 1.891626e+00 1.614122e+00 1.568144e+00 7.027915e-01 1.921182e-01 3.119869e-02
32755: 1.891803e+00 1.614754e+00 1.567213e+00 7.032787e-01 1.918033e-01 3.114754e-02
32755: 1.891980e+00 1.613748e+00 1.567921e+00 7.021277e-01 1.931260e-01 3.109656e-02
32755: 1.892157e+00 1.616013e+00 1.566993e+00 7.009804e-01 1.928105e-01 3.104575e-02
32755: 1.890701e+00 1.618271e+00 1.567700e+00 6.998369e-01 1.924959e-01 3.099511e-02
32755: 1.892508e+00 1.617264e+00 1.566775e+00 6.986971e-01 1.938111e-01 3.094463e-02
32755: 1.891057e+00 1.619512e+00 1.565854e+00 6.991870e-01 1.934959e-01 3.089431e-02
32755: 1.891234e+00 1.618506e+00 1.564935e+00 6.996753e-01 1.948052e-01 3.084416e-02
32755: 1.891410e+00 1.620746e+00 1.564019e+00 6.985413e-01 1.944895e-01 3.079417e-02
32755: 1.891586e+00 1.619741e+00 1.564725e+00 6.990291e-01 1.941748e-01 3.074434e-02
32755: 1.890145e+00 1.621971e+00 1.565428e+00 6.978998e-01 1.938611e-01 3.069467e-02
32755: 1.890323e+00 1.620968e+00 1.566129e+00 6.967742e-01 1.951613e-01 3.064516e-02
32755: 1.888889e+00 1.623188e+00 1.565217e+00 6.972625e-01 1.948470e-01 3.059581e-02
32755: 1.889068e+00 1.623794e+00 1.565916e+00 6.961415e-01 1.945338e-01 3.054662e-02
32755: 1.890851e+00 1.622793e+00 1.565008e+00 6.966292e-01 1.942215e-01 3.049759e-02
32755: 1.892628e+00 1.623397e+00 1.564103e+00 6.955128e-01 1.939103e-01 3.044872e-02
32755: 1.891200e+00 1.624000e+00 1.566400e+00 6.944000e-01 1.936000e-01 3.040000e-02
32755: 1.892971e+00 1.624601e+00 1.565495e+00 6.932907e-01 1.932907e-01 3.035144e-02
32755: 1.891547e+00 1.623604e+00 1.566188e+00 6.937799e-01 1.945774e-01 3.030303e-02
32755: 1.893312e+00 1.622611e+00 1.566879e+00 6.926752e-01 1.942675e-01 3.025478e-02
32755: 1.891892e+00 1.626391e+00 1.565978e+00 6.915739e-01 1.939587e-01 3.020668e-02
32755: 1.892063e+00 1.628571e+00 1.565079e+00 6.904762e-01 1.936508e-01 3.015873e-02
32755: 1.890650e+00 1.630745e+00 1.565769e+00 6.893819e-01 1.933439e-01 3.011094e-02
32755: 1.893987e+00 1.629747e+00 1.564873e+00 6.882911e-01 1.930380e-01 3.006329e-02
32755: 1.895735e+00 1.630332e+00 1.563981e+00 6.872038e-01 1.927330e-01 3.001580e-02
32755: 1.897476e+00 1.629338e+00 1.564669e+00 6.861199e-01 1.924290e-01 2.996845e-02
32755: 1.899213e+00 1.629921e+00 1.563780e+00 6.850394e-01 1.921260e-01 2.992126e-02
32755: 1.899371e+00 1.628931e+00 1.566038e+00 6.839623e-01 1.918239e-01 2.987421e-02
32755: 1.899529e+00 1.629513e+00 1.565149e+00 6.844584e-01 1.915228e-01 2.982732e-02
32755: 1.899687e+00 1.630094e+00 1.565831e+00 6.833856e-01 1.912226e-01 2.978056e-02
32755: 1.898279e+00 1.630673e+00 1.566510e+00 6.838811e-01 1.909233e-01 2.973396e-02
32755: 1.901563e+00 1.628125e+00 1.567187e+00 6.828125e-01 1.906250e-01 2.968750e-02
32755: 1.900156e+00 1.630265e+00 1.566303e+00 6.833073e-01 1.903276e-01 2.964119e-02
32755: 1.901869e+00 1.630841e+00 1.565421e+00 6.822430e-01 1.900312e-01 2.959502e-02
32755: 1.900467e+00 1.631415e+00 1.567652e+00 6.811820e-01 1.897356e-01 2.954899e-02
32755: 1.902174e+00 1.630435e+00 1.566770e+00 6.816770e-01 1.894410e-01 2.950311e-02
32755: 1.900775e+00 1.631008e+00 1.565891e+00 6.821705e-01 1.906977e-01 2.945736e-02
32755: 1.900929e+00 1.630031e+00 1.566563e+00 6.826625e-01 1.904025e-01 2.941176e-02
32755: 1.899536e+00 1.632148e+00 1.565688e+00 6.831530e-01 1.901082e-01 2.936631e-02
32755: 1.901235e+00 1.631173e+00 1.566358e+00 6.820988e-01 1.898148e-01 2.932099e-02
32755: 1.901387e+00 1.631741e+00 1.567026e+00 6.810478e-01 1.895223e-01 2.927581e-02
32755: 1.903077e+00 1.630769e+00 1.566154e+00 6.815385e-01 1.892308e-01 2.923077e-02
32755: 1.903226e+00 1.632873e+00 1.565284e+00 6.804916e-01 1.889401e-01 2.918587e-02
32755: 1.903374e+00 1.631902e+00 1.565951e+00 6.794479e-01 1.901840e-01 2.914110e-02
32755: 1.901991e+00 1.632466e+00 1.566616e+00 6.799387e-01 1.898928e-01 2.909648e-02
32755: 1.900612e+00 1.634557e+00 1.565749e+00 6.804281e-01 1.896024e-01 2.905199e-02
32755: 1.900763e+00 1.633588e+00 1.564885e+00 6.793893e-01 1.923664e-01 2.900763e-02
32755: 1.900915e+00 1.634146e+00 1.565549e+00 6.783537e-01 1.920732e-01 2.896341e-02
32755: 1.899543e+00 1.633181e+00 1.564688e+00 6.818874e-01 1.917808e-01 2.891933e-02
32755: 1.899696e+00 1.632219e+00 1.566869e+00 6.808511e-01 1.914894e-01 2.887538e-02
32755: 1.898331e+00 1.632777e+00 1.567527e+00 6.813354e-01 1.911988e-01 2.883156e-02
32755: 1.896970e+00 1.636364e+00 1.566667e+00 6.803030e-01 1.909091e-01 2.878788e-02
32755: 1.898638e+00 1.635401e+00 1.567322e+00 6.792738e-01 1.906203e-01 2.874433e-02
32755: 1.898792e+00 1.637462e+00 1.566465e+00 6.782477e-01 1.903323e-01 2.870091e-02
32755: 1.898944e+00 1.636501e+00 1.568627e+00 6.772247e-01 1.900452e-01 2.865762e-02
32755: 1.897590e+00 1.638554e+00 1.567771e+00 6.777108e-01 1.897590e-01 2.861446e-02
32755: 1.897744e+00 1.640602e+00 1.566917e+00 6.766917e-01 1.894737e-01 2.857143e-02
32755: 1.896396e+00 1.639640e+00 1.570571e+00 6.756757e-01 1.891892e-01 2.852853e-02
32755: 1.896552e+00 1.638681e+00 1.569715e+00 6.761619e-01 1.904048e-01 2.848576e-02
32755: 1.895210e+00 1.639222e+00 1.571856e+00 6.751497e-01 1.901198e-01 2.844311e-02
32755: 1.895366e+00 1.639761e+00 1.571001e+00 6.756353e-01 1.898356e-01 2.840060e-02
32755: 1.894030e+00 1.638806e+00 1.571642e+00 6.761194e-01 1.910448e-01 2.835821e-02
32755: 1.894188e+00 1.639344e+00 1.569300e+00 6.766021e-01 1.907601e-01 2.980626e-02
32755: 1.895833e+00 1.636905e+00 1.571429e+00 6.755952e-01 1.904762e-01 2.976190e-02
32755: 1.894502e+00 1.637444e+00 1.570579e+00 6.775632e-01 1.901932e-01 2.971768e-02
32755: 1.896142e+00 1.636499e+00 1.569733e+00 6.780415e-01 1.899110e-01 2.967359e-02
32755: 1.896296e+00 1.635556e+00 1.571852e+00 6.770370e-01 1.896296e-01 2.962963e-02
32755: 1.894970e+00 1.636095e+00 1.572485e+00 6.775148e-01 1.893491e-01 2.958580e-02
32755: 1.895126e+00 1.635155e+00 1.573117e+00 6.779911e-01 1.890694e-01 2.954210e-02
32755: 1.895280e+00 1.635693e+00 1.570796e+00 6.784661e-01 1.887906e-01 3.097345e-02
32755: 1.893962e+00 1.636230e+00 1.569956e+00 6.804124e-01 1.885125e-01 3.092784e-02
32755: 1.895588e+00 1.635294e+00 1.570588e+00 6.794118e-01 1.882353e-01 3.088235e-02
32755: 1.895742e+00 1.637298e+00 1.568282e+00 6.798825e-01 1.879589e-01 3.083700e-02
32755: 1.894428e+00 1.634897e+00 1.571848e+00 6.803519e-01 1.876833e-01 3.079179e-02
32755: 1.894583e+00 1.633968e+00 1.571010e+00 6.822840e-01 1.874085e-01 3.074671e-02
32755: 1.893275e+00 1.635965e+00 1.568713e+00 6.842105e-01 1.871345e-01 3.070175e-02
32755: 1.894891e+00 1.635036e+00 1.569343e+00 6.832117e-01 1.868613e-01 3.065693e-02
32755: 1.896501e+00 1.635569e+00 1.568513e+00 6.822157e-01 1.865889e-01 3.061224e-02
32755: 1.896652e+00 1.634643e+00 1.570597e+00 6.812227e-01 1.863173e-01 3.056769e-02
32755: 1.896802e+00 1.636628e+00 1.568314e+00 6.816860e-01 1.860465e-01 3.052326e-02
32755: 1.898403e+00 1.635704e+00 1.568940e+00 6.806967e-01 1.857765e-01 3.047896e-02
32755: 1.897101e+00 1.636232e+00 1.569565e+00 6.797101e-01 1.869565e-01 3.043478e-02
32755: 1.895803e+00 1.638205e+00 1.570188e+00 6.787265e-01 1.866860e-01 3.039074e-02
32755: 1.895954e+00 1.637283e+00 1.567919e+00 6.820809e-01 1.864162e-01 3.034682e-02
32755: 1.894661e+00 1.637807e+00 1.567100e+00 6.839827e-01 1.861472e-01 3.030303e-02
32755: 1.894813e+00 1.636888e+00 1.567723e+00 6.844380e-01 1.858790e-01 3.025937e-02
32755: 1.896403e+00 1.637410e+00 1.566906e+00 6.834532e-01 1.856115e-01 3.021583e-02
32755: 1.895115e+00 1.636494e+00 1.567529e+00 6.839080e-01 1.867816e-01 3.017241e-02
32755: 1.896700e+00 1.635581e+00 1.568149e+00 6.829268e-01 1.865136e-01 3.012912e-02
32755: 1.895415e+00 1.637536e+00 1.568768e+00 6.819484e-01 1.862464e-01 3.008596e-02
32755: 1.895565e+00 1.639485e+00 1.567954e+00 6.809728e-01 1.859800e-01 3.004292e-02
32755: 1.895714e+00 1.638571e+00 1.570000e+00 6.800000e-01 1.857143e-01 3.000000e-02
32755: 1.895863e+00 1.639087e+00 1.569187e+00 6.804565e-01 1.854494e-01 2.995720e-02
32755: 1.894587e+00 1.638177e+00 1.569801e+00 6.823362e-01 1.851852e-01 2.991453e-02
32755: 1.894737e+00 1.638691e+00 1.568990e+00 6.827881e-01 1.849218e-01 2.987198e-02
32755: 1.894886e+00 1.637784e+00 1.571023e+00 6.818182e-01 1.846591e-01 2.982955e-02
32755: 1.893617e+00 1.641135e+00 1.568794e+00 6.822695e-01 1.843972e-01 2.978723e-02
32755: 1.895184e+00 1.640227e+00 1.567989e+00 6.827195e-01 1.841360e-01 2.974504e-02
32755: 1.895332e+00 1.640736e+00 1.568600e+00 6.817539e-01 1.838755e-01 2.970297e-02
32755: 1.896893e+00 1.639831e+00 1.567797e+00 6.822034e-01 1.836158e-01 2.966102e-02
32755: 1.895628e+00 1.641749e+00 1.566996e+00 6.826516e-01 1.833568e-01 2.961918e-02
32755: 1.895775e+00 1.642254e+00 1.567606e+00 6.816901e-01 1.830986e-01 2.957746e-02
32755: 1.895921e+00 1.641350e+00 1.568214e+00 6.821378e-01 1.828411e-01 2.953586e-02
32755: 1.894663e+00 1.643258e+00 1.568820e+00 6.811798e-01 1.825843e-01 2.949438e-02
32755: 1.894811e+00 1.642356e+00 1.568022e+00 6.816269e-01 1.837307e-01 2.945302e-02
32755: 1.893557e+00 1.642857e+00 1.568627e+00 6.820728e-01 1.834734e-01 2.941176e-02
32755: 1.893706e+00 1.641958e+00 1.570629e+00 6.811189e-01 1.832168e-01 2.937063e-02
32755: 1.893855e+00 1.642458e+00 1.568436e+00 6.815642e-01 1.843575e-01 2.932961e-02
32755: 1.892608e+00 1.641562e+00 1.570432e+00 6.820084e-01 1.841004e-01 2.928870e-02
32755: 1.892758e+00 1.640669e+00 1.571031e+00 6.824513e-01 1.838440e-01 2.924791e-02
32755: 1.891516e+00 1.641168e+00 1.570236e+00 6.828929e-01 1.849791e-01 2.920723e-02
32755: 1.893056e+00 1.640278e+00 1.569444e+00 6.833333e-01 1.847222e-01 2.916667e-02
32755: 1.894591e+00 1.640777e+00 1.568655e+00 6.823856e-01 1.844660e-01 2.912621e-02
32755: 1.893352e+00 1.641274e+00 1.569252e+00 6.814404e-01 1.855956e-01 2.908587e-02
32755: 1.894882e+00 1.640387e+00 1.568465e+00 6.818811e-01 1.853389e-01 2.904564e-02
32755: 1.893646e+00 1.642265e+00 1.567680e+00 6.823204e-01 1.850829e-01 2.900552e-02
32755: 1.895172e+00 1.641379e+00 1.568276e+00 6.813793e-01 1.848276e-01 2.896552e-02
32755: 1.895317e+00 1.641873e+00 1.567493e+00 6.818182e-01 1.845730e-01 2.892562e-02
32755: 1.895461e+00 1.639615e+00 1.570839e+00 6.808803e-01 1.843191e-01 2.888583e-02
32755: 1.895604e+00 1.640110e+00 1.568681e+00 6.826923e-01 1.840659e-01 2.884615e-02
32755: 1.895748e+00 1.640604e+00 1.569273e+00 6.817558e-01 1.838134e-01 2.880658e-02
32755: 1.895890e+00 1.638356e+00 1.571233e+00 6.821918e-01 1.835616e-01 2.876712e-02
32755: 1.894665e+00 1.640219e+00 1.569083e+00 6.839945e-01 1.833105e-01 2.872777e-02
32755: 1.894809e+00 1.639344e+00 1.568306e+00 6.857923e-01 1.830601e-01 2.868852e-02
32755: 1.893588e+00 1.639836e+00 1.570259e+00 6.848568e-01 1.828104e-01 2.864939e-02
32755: 1.896458e+00 1.638965e+00 1.568120e+00 6.852861e-01 1.825613e-01 2.861035e-02
32755: 1.896599e+00 1.639456e+00 1.567347e+00 6.857143e-01 1.823129e-01 2.857143e-02
32755: 1.895380e+00 1.638587e+00 1.569293e+00 6.861413e-01 1.820652e-01 2.853261e-02
32755: 1.895522e+00 1.637720e+00 1.569878e+00 6.852103e-01 1.831750e-01 2.849389e-02
32755: 1.894309e+00 1.640921e+00 1.569106e+00 6.842818e-01 1.829268e-01 2.845528e-02
32755: 1.894452e+00 1.640054e+00 1.568336e+00 6.847091e-01 1.840325e-01 2.841678e-02
32755: 1.895946e+00 1.639189e+00 1.568919e+00 6.837838e-01 1.837838e-01 2.837838e-02
32755: 1.894737e+00 1.641026e+00 1.569501e+00 6.828610e-01 1.835358e-01 2.834008e-02
32755: 1.894879e+00 1.640162e+00 1.570081e+00 6.819407e-01 1.846361e-01 2.830189e-02
32755: 1.895020e+00 1.641992e+00 1.567968e+00 6.823688e-01 1.843876e-01 2.826380e-02
32755: 1.893817e+00 1.642473e+00 1.569892e+00 6.814516e-01 1.841398e-01 2.822581e-02
32755: 1.892617e+00 1.642953e+00 1.570470e+00 6.818792e-01 1.838926e-01 2.818792e-02
32755: 1.892761e+00 1.643432e+00 1.569705e+00 6.823056e-01 1.836461e-01 2.815013e-02
32755: 1.891566e+00 1.643909e+00 1.571620e+00 6.813922e-01 1.834003e-01 2.811245e-02
32755: 1.890374e+00 1.645722e+00 1.570856e+00 6.818182e-01 1.831551e-01 2.807487e-02
32755: 1.890521e+00 1.644860e+00 1.568758e+00 6.835781e-01 1.842457e-01 2.803738e-02
32755: 1.889333e+00 1.646667e+00 1.568000e+00 6.826667e-01 1.853333e-01 2.800000e-02
32755: 1.892144e+00 1.645806e+00 1.567244e+00 6.817577e-01 1.850866e-01 2.796272e-02
32755: 1.892287e+00 1.647606e+00 1.566489e+00 6.808511e-01 1.848404e-01 2.792553e-02
32755: 1.892430e+00 1.646746e+00 1.568393e+00 6.799469e-01 1.845950e-01 2.788845e-02
32755: 1.891247e+00 1.648541e+00 1.568966e+00 6.790451e-01 1.843501e-01 2.785146e-02
32755: 1.892715e+00 1.649007e+00 1.568212e+00 6.781457e-01 1.841060e-01 2.781457e-02
32755: 1.892857e+00 1.648148e+00 1.568783e+00 6.785714e-01 1.838624e-01 2.777778e-02
32755: 1.892999e+00 1.648613e+00 1.569353e+00 6.776750e-01 1.836196e-01 2.774108e-02
32755: 1.891821e+00 1.647757e+00 1.569921e+00 6.781003e-01 1.846966e-01 2.770449e-02
32755: 1.891963e+00 1.648221e+00 1.570487e+00 6.772069e-01 1.844532e-01 2.766798e-02
32755: 1.890789e+00 1.648684e+00 1.568421e+00 6.789474e-01 1.855263e-01 2.763158e-02
32755: 1.889619e+00 1.650460e+00 1.568988e+00 6.780552e-01 1.852825e-01 2.759527e-02
32755: 1.891076e+00 1.650919e+00 1.568241e+00 6.771654e-01 1.850394e-01 2.755906e-02
32755: 1.891219e+00 1.650066e+00 1.570118e+00 6.762779e-01 1.847969e-01 2.752294e-02
32755: 1.891361e+00 1.650524e+00 1.569372e+00 6.767016e-01 1.845550e-01 2.748691e-02
32755: 1.890196e+00 1.649673e+00 1.571242e+00 6.771242e-01 1.843137e-01 2.745098e-02
32755: 1.892950e+00 1.648825e+00 1.569191e+00 6.775457e-01 1.840731e-01 2.741514e-02
32755: 1.893090e+00 1.649283e+00 1.569752e+00 6.766623e-01 1.838331e-01 2.737940e-02
32755: 1.893229e+00 1.649740e+00 1.569010e+00 6.770833e-01 1.835938e-01 2.734375e-02
32755: 1.892068e+00 1.650195e+00 1.569571e+00 6.762029e-01 1.833550e-01 2.860858e-02
32755: 1.892208e+00 1.650649e+00 1.568831e+00 6.753247e-01 1.844156e-01 2.857143e-02
32755: 1.892348e+00 1.649805e+00 1.570687e+00 6.744488e-01 1.841764e-01 2.853437e-02
32755: 1.893782e+00 1.648964e+00 1.569948e+00 6.748705e-01 1.839378e-01 2.849741e-02
32755: 1.893920e+00 1.648124e+00 1.571798e+00 6.739974e-01 1.836999e-01 2.846054e-02
32755: 1.894057e+00 1.648579e+00 1.569767e+00 6.757106e-01 1.834625e-01 2.842377e-02
32755: 1.892903e+00 1.647742e+00 1.571613e+00 6.761290e-01 1.832258e-01 2.838710e-02
32755: 1.893041e+00 1.648196e+00 1.569588e+00 6.765464e-01 1.842784e-01 2.835052e-02
32755: 1.891892e+00 1.648649e+00 1.570142e+00 6.756757e-01 1.853282e-01 2.831403e-02
32755: 1.890746e+00 1.649100e+00 1.570694e+00 6.760925e-01 1.850900e-01 2.827763e-02
32755: 1.892169e+00 1.649551e+00 1.568678e+00 6.765083e-01 1.848524e-01 2.824134e-02
32755: 1.891026e+00 1.648718e+00 1.570513e+00 6.756410e-01 1.858974e-01 2.820513e-02
32755: 1.891165e+00 1.647887e+00 1.569782e+00 6.760563e-01 1.869398e-01 2.816901e-02
32755: 1.890026e+00 1.649616e+00 1.570332e+00 6.751918e-01 1.867008e-01 2.813299e-02
32755: 1.891443e+00 1.647510e+00 1.570881e+00 6.756066e-01 1.864623e-01 2.809706e-02
32755: 1.890306e+00 1.650510e+00 1.568878e+00 6.760204e-01 1.862245e-01 2.806122e-02
32755: 1.890446e+00 1.649682e+00 1.569427e+00 6.751592e-01 1.872611e-01 2.802548e-02
32755: 1.889313e+00 1.650127e+00 1.569975e+00 6.755725e-01 1.870229e-01 2.798982e-02
32755: 1.889454e+00 1.649301e+00 1.570521e+00 6.759848e-01 1.867853e-01 2.795426e-02
32755: 1.889594e+00 1.649746e+00 1.568528e+00 6.776650e-01 1.865482e-01 2.791878e-02
32755: 1.888466e+00 1.650190e+00 1.570342e+00 6.768061e-01 1.863118e-01 2.788340e-02
32755: 1.887342e+00 1.650633e+00 1.570886e+00 6.772152e-01 1.860759e-01 2.784810e-02
32755: 1.888748e+00 1.649810e+00 1.570164e+00 6.776233e-01 1.858407e-01 2.781290e-02
32755: 1.888889e+00 1.648990e+00 1.569444e+00 6.792929e-01 1.856061e-01 2.777778e-02
32755: 1.887768e+00 1.649433e+00 1.569987e+00 6.784363e-01 1.866330e-01 2.774275e-02
32755: 1.886650e+00 1.649874e+00 1.571788e+00 6.775819e-01 1.863980e-01 2.770781e-02
32755: 1.886792e+00 1.649057e+00 1.571069e+00 6.779874e-01 1.874214e-01 2.767296e-02
32755: 1.886935e+00 1.649497e+00 1.569095e+00 6.796482e-01 1.871859e-01 2.763819e-02
32755: 1.885822e+00 1.651192e+00 1.569636e+00 6.787955e-01 1.869511e-01 2.760351e-02
32755: 1.885965e+00 1.651629e+00 1.570175e+00 6.779449e-01 1.867168e-01 2.756892e-02
32755: 1.884856e+00 1.650814e+00 1.570713e+00 6.795995e-01 1.864831e-01 2.753442e-02
32755: 1.887500e+00 1.650000e+00 1.568750e+00 6.800000e-01 1.862500e-01 2.750000e-02
32755: 1.886392e+00 1.651685e+00 1.568040e+00 6.791511e-01 1.860175e-01 2.871411e-02
32755: 1.887781e+00 1.652120e+00 1.567332e+00 6.783042e-01 1.857855e-01 2.867830e-02
32755: 1.887920e+00 1.651308e+00 1.569116e+00 6.774595e-01 1.855542e-01 2.864259e-02
32755: 1.888060e+00 1.652985e+00 1.568408e+00 6.766169e-01 1.853234e-01 2.860697e-02
32755: 1.886957e+00 1.652174e+00 1.568944e+00 6.770186e-01 1.850932e-01 2.981366e-02
32755: 1.887097e+00 1.651365e+00 1.570720e+00 6.761787e-01 1.848635e-01 2.977667e-02
32755: 1.885998e+00 1.651797e+00 1.570012e+00 6.765799e-01 1.858736e-01 2.973978e-02
32755: 1.887376e+00 1.650990e+00 1.569307e+00 6.769802e-01 1.856436e-01 2.970297e-02
32755: 1.886279e+00 1.651422e+00 1.568603e+00 6.786156e-01 1.854141e-01 2.966625e-02
32755: 1.886420e+00 1.651852e+00 1.567901e+00 6.790123e-01 1.851852e-01 2.962963e-02
32755: 1.885327e+00 1.651048e+00 1.568434e+00 6.806412e-01 1.849568e-01 2.959309e-02
32755: 1.886700e+00 1.650246e+00 1.568966e+00 6.798030e-01 1.847291e-01 2.955665e-02
32755: 1.885609e+00 1.650677e+00 1.570726e+00 6.789668e-01 1.845018e-01 2.952030e-02
32755: 1.885749e+00 1.651106e+00 1.570025e+00 6.793612e-01 1.842752e-01 2.948403e-02
32755: 1.884663e+00 1.652761e+00 1.569325e+00 6.797546e-01 1.840491e-01 2.944785e-02
32755: 1.884804e+00 1.651961e+00 1.569853e+00 6.801471e-01 1.838235e-01 2.941176e-02
32755: 1.884945e+00 1.652387e+00 1.570379e+00 6.793146e-01 1.835985e-01 2.937576e-02
32755: 1.883863e+00 1.651589e+00 1.568460e+00 6.833741e-01 1.833741e-01 2.933985e-02
32755: 1.884005e+00 1.650794e+00 1.568987e+00 6.825397e-01 1.831502e-01 3.052503e-02
32755: 1.882927e+00 1.652439e+00 1.569512e+00 6.817073e-01 1.829268e-01 3.048780e-02
32755: 1.881851e+00 1.652862e+00 1.571255e+00 6.808770e-01 1.827040e-01 3.045067e-02
32755: 1.881995e+00 1.652068e+00 1.571776e+00 6.812652e-01 1.824818e-01 3.041363e-02
32755: 1.880923e+00 1.652491e+00 1.571081e+00 6.816525e-01 1.822600e-01 3.159174e-02
32755: 1.881068e+00 1.652913e+00 1.570388e+00 6.820388e-01 1.820388e-01 3.155340e-02
32755: 1.881212e+00 1.653333e+00 1.569697e+00 6.824242e-01 1.818182e-01 3.151515e-02
32755: 1.881356e+00 1.652542e+00 1.571429e+00 6.815981e-01 1.815981e-01 3.147700e-02
32755: 1.881499e+00 1.652963e+00 1.570738e+00 6.819831e-01 1.813785e-01 3.143894e-02
32755: 1.880435e+00 1.652174e+00 1.571256e+00 6.823671e-01 1.823671e-01 3.140097e-02
32755: 1.882992e+00 1.651387e+00 1.569361e+00 6.827503e-01 1.821472e-01 3.136309e-02
32755: 1.881928e+00 1.653012e+00 1.568675e+00 6.831325e-01 1.819277e-01 3.132530e-02
32755: 1.880866e+00 1.653430e+00 1.569194e+00 6.823105e-01 1.829122e-01 3.128761e-02
32755: 1.881010e+00 1.653846e+00 1.568510e+00 6.826923e-01 1.826923e-01 3.125000e-02
32755: 1.879952e+00 1.654262e+00 1.570228e+00 6.818727e-01 1.824730e-01 3.121248e-02
32755: 1.880096e+00 1.653477e+00 1.569544e+00 6.834532e-01 1.822542e-01 3.117506e-02
32755: 1.879042e+00 1.653892e+00 1.571257e+00 6.826347e-01 1.820359e-01 3.113772e-02
32755: 1.877990e+00 1.653110e+00 1.572967e+00 6.830144e-01 1.818182e-01 3.110048e-02
32755: 1.878136e+00 1.653524e+00 1.572282e+00 6.833931e-01 1.816010e-01 3.106332e-02
32755: 1.879475e+00 1.652745e+00 1.571599e+00 6.837709e-01 1.813842e-01 3.102625e-02
32755: 1.878427e+00 1.654350e+00 1.570918e+00 6.841478e-01 1.811681e-01 3.098927e-02
32755: 1.879762e+00 1.654762e+00 1.569048e+00 6.845238e-01 1.809524e-01 3.095238e-02
32755: 1.879905e+00 1.655172e+00 1.569560e+00 6.837099e-01 1.807372e-01 3.091558e-02
32755: 1.881235e+00 1.654394e+00 1.568884e+00 6.840855e-01 1.805226e-01 3.087886e-02
32755: 1.880190e+00 1.655991e+00 1.568209e+00 6.844603e-01 1.803084e-01 3.084223e-02
32755: 1.880332e+00 1.655213e+00 1.569905e+00 6.836493e-01 1.800948e-01 3.080569e-02
32755: 1.880473e+00 1.655621e+00 1.569231e+00 6.828402e-01 1.810651e-01 3.076923e-02
32755: 1.879433e+00 1.654846e+00 1.572104e+00 6.820331e-01 1.808511e-01 3.073286e-02
32755: 1.881936e+00 1.654073e+00 1.570248e+00 6.824085e-01 1.806375e-01 3.069658e-02
32755: 1.882075e+00 1.654481e+00 1.569575e+00 6.827830e-01 1.804245e-01 3.066038e-02
32755: 1.881037e+00 1.652532e+00 1.572438e+00 6.819788e-01 1.813899e-01 3.062426e-02
32755: 1.882353e+00 1.651765e+00 1.570588e+00 6.835294e-01 1.811765e-01 3.058824e-02
32755: 1.881316e+00 1.652174e+00 1.571093e+00 6.839013e-01 1.809636e-01 3.055229e-02
32755: 1.882629e+00 1.652582e+00 1.569249e+00 6.842723e-01 1.807512e-01 3.051643e-02
32755: 1.881594e+00 1.651817e+00 1.570926e+00 6.834701e-01 1.817116e-01 3.048066e-02
32755: 1.880562e+00 1.652225e+00 1.570258e+00 6.850117e-01 1.814988e-01 3.044496e-02
32755: 1.880702e+00 1.652632e+00 1.569591e+00 6.853801e-01 1.812865e-01 3.040936e-02
32755: 1.879673e+00 1.651869e+00 1.570093e+00 6.845794e-01 1.834112e-01 3.037383e-02
32755: 1.879813e+00 1.653442e+00 1.568261e+00 6.849475e-01 1.831972e-01 3.033839e-02
32755: 1.879953e+00 1.653846e+00 1.568765e+00 6.841492e-01 1.829837e-01 3.030303e-02
32755: 1.878929e+00 1.653085e+00 1.570431e+00 6.845169e-01 1.827707e-01 3.026775e-02
32755: 1.877907e+00 1.652326e+00 1.570930e+00 6.860465e-01 1.825581e-01 3.023256e-02
32755: 1.878049e+00 1.653891e+00 1.569106e+00 6.864111e-01 1.823461e-01 3.019744e-02
32755: 1.877030e+00 1.654292e+00 1.569606e+00 6.856148e-01 1.832947e-01 3.016241e-02
32755: 1.876014e+00 1.654693e+00 1.571263e+00 6.848204e-01 1.830823e-01 3.012746e-02
32755: 1.875000e+00 1.655093e+00 1.570602e+00 6.851852e-01 1.840278e-01 3.009259e-02
32755: 1.876301e+00 1.654335e+00 1.568786e+00 6.867052e-01 1.838150e-01 3.005780e-02
32755: 1.875289e+00 1.654734e+00 1.568129e+00 6.870670e-01 1.847575e-01 3.002309e-02
32755: 1.876586e+00 1.653979e+00 1.568627e+00 6.862745e-01 1.845444e-01 2.998847e-02
32755: 1.875576e+00 1.655530e+00 1.567972e+00 6.866359e-01 1.843318e-01 2.995392e-02
32755: 1.874568e+00 1.657077e+00 1.567319e+00 6.858458e-01 1.852704e-01 2.991945e-02
32755: 1.875862e+00 1.656322e+00 1.566667e+00 6.862069e-01 1.850575e-01 2.988506e-02
32755: 1.874856e+00 1.656716e+00 1.567164e+00 6.865672e-01 1.848450e-01 2.985075e-02
32755: 1.873853e+00 1.655963e+00 1.569954e+00 6.857798e-01 1.846330e-01 2.981651e-02
32755: 1.875143e+00 1.655212e+00 1.569301e+00 6.861397e-01 1.844215e-01 2.978236e-02
32755: 1.875286e+00 1.655606e+00 1.568650e+00 6.864989e-01 1.842105e-01 2.974828e-02
32755: 1.876571e+00 1.654857e+00 1.569143e+00 6.857143e-01 1.840000e-01 2.971429e-02
32755: 1.876712e+00 1.655251e+00 1.568493e+00 6.860731e-01 1.837900e-01 2.968037e-02
32755: 1.875713e+00 1.655644e+00 1.570125e+00 6.852908e-01 1.835804e-01 2.964652e-02
32755: 1.875854e+00 1.657175e+00 1.568337e+00 6.856492e-01 1.833713e-01 2.961276e-02
32755: 1.874858e+00 1.656428e+00 1.569966e+00 6.860068e-01 1.831627e-01 2.957907e-02
32755: 1.873864e+00 1.656818e+00 1.571591e+00 6.852273e-01 1.829545e-01 2.954545e-02
32755: 1.874007e+00 1.657208e+00 1.570942e+00 6.855846e-01 1.827469e-01 2.951192e-02
32755: 1.874150e+00 1.656463e+00 1.570295e+00 6.859410e-01 1.836735e-01 2.947846e-02
32755: 1.873160e+00 1.655719e+00 1.570781e+00 6.874292e-01 1.834655e-01 2.944507e-02
32755: 1.872172e+00 1.654977e+00 1.572398e+00 6.877828e-01 1.832579e-01 2.941176e-02
32755: 1.871186e+00 1.656497e+00 1.571751e+00 6.881356e-01 1.830508e-01 2.937853e-02
32755: 1.871332e+00 1.658014e+00 1.569977e+00 6.884876e-01 1.828442e-01 2.934537e-02
32755: 1.870349e+00 1.657272e+00 1.572717e+00 6.877114e-01 1.826381e-01 2.931229e-02
32755: 1.869369e+00 1.656532e+00 1.574324e+00 6.880631e-01 1.824324e-01 2.927928e-02
32755: 1.870641e+00 1.655793e+00 1.573678e+00 6.884139e-01 1.822272e-01 2.924634e-02
32755: 1.869663e+00 1.656180e+00 1.574157e+00 6.887640e-01 1.820225e-01 2.921348e-02
32755: 1.869809e+00 1.655443e+00 1.574635e+00 6.891134e-01 1.818182e-01 2.918070e-02
32755: 1.869955e+00 1.655830e+00 1.573991e+00 6.894619e-01 1.816143e-01 2.914798e-02
32755: 1.870101e+00 1.655095e+00 1.573348e+00 6.909295e-01 1.814110e-01 2.911534e-02
32755: 1.870246e+00 1.655481e+00 1.571588e+00 6.923937e-01 1.812081e-01 2.908277e-02
32755: 1.869274e+00 1.655866e+00 1.572067e+00 6.927374e-01 1.810056e-01 2.905028e-02
32755: 1.868304e+00 1.654018e+00 1.573661e+00 6.941964e-01 1.808036e-01 2.901786e-02
32755: 1.868450e+00 1.654404e+00 1.571906e+00 6.945373e-01 1.817168e-01 2.898551e-02
32755: 1.868597e+00 1.653675e+00 1.572383e+00 6.948775e-01 1.815145e-01 2.895323e-02
32755: 1.867631e+00 1.655172e+00 1.570634e+00 6.952169e-01 1.824249e-01 2.892102e-02
32755: 1.866667e+00 1.656667e+00 1.570000e+00 6.955556e-01 1.822222e-01 2.888889e-02
32755: 1.866815e+00 1.657048e+00 1.569367e+00 6.958935e-01 1.820200e-01 2.885683e-02
32755: 1.865854e+00 1.657428e+00 1.569845e+00 6.951220e-01 1.829268e-01 2.882483e-02
32755: 1.866002e+00 1.657807e+00 1.570321e+00 6.943522e-01 1.827243e-01 2.879291e-02
32755: 1.865044e+00 1.657080e+00 1.570796e+00 6.957965e-01 1.825221e-01 2.876106e-02
32755: 1.865193e+00 1.657459e+00 1.570166e+00 6.961326e-01 1.823204e-01 2.872928e-02
32755: 1.865342e+00 1.656733e+00 1.570640e+00 6.964680e-01 1.821192e-01 2.869757e-02
32755: 1.864388e+00 1.658214e+00 1.568908e+00 6.968026e-01 1.830209e-01 2.866593e-02
32755: 1.865639e+00 1.657489e+00 1.568282e+00 6.960352e-01 1.839207e-01 2.863436e-02
32755: 1.864686e+00 1.660066e+00 1.567657e+00 6.952695e-01 1.837184e-01 2.860286e-02
32755: 1.864835e+00 1.661538e+00 1.567033e+00 6.945055e-01 1.835165e-01 2.857143e-02
32755: 1.864984e+00 1.660812e+00 1.568606e+00 6.937431e-01 1.833150e-01 2.854007e-02
32755: 1.865132e+00 1.661184e+00 1.569079e+00 6.929825e-01 1.831140e-01 2.850877e-02
32755: 1.865279e+00 1.660460e+00 1.568456e+00 6.933187e-01 1.840088e-01 2.847755e-02
32755: 1.865427e+00 1.661926e+00 1.567834e+00 6.925602e-01 1.838074e-01 2.844639e-02
32755: 1.864481e+00 1.663388e+00 1.568306e+00 6.918033e-01 1.836066e-01 2.841530e-02
32755: 1.864629e+00 1.663755e+00 1.567686e+00 6.921397e-01 1.834061e-01 2.838428e-02
32755: 1.863686e+00 1.664122e+00 1.569248e+00 6.913850e-01 1.832061e-01 2.835333e-02
32755: 1.863834e+00 1.665577e+00 1.568627e+00 6.906318e-01 1.830065e-01 2.832244e-02
32755: 1.862894e+00 1.665941e+00 1.569097e+00 6.909684e-01 1.828074e-01 2.829162e-02
32755: 1.863043e+00 1.665217e+00 1.569565e+00 6.913043e-01 1.826087e-01 2.826087e-02
32755: 1.862106e+00 1.666667e+00 1.568947e+00 6.905537e-01 1.834962e-01 2.823018e-02
32755: 1.863341e+00 1.665944e+00 1.568330e+00 6.898048e-01 1.843818e-01 2.819957e-02
32755: 1.863489e+00 1.667389e+00 1.567714e+00 6.890574e-01 1.841820e-01 2.816901e-02
32755: 1.863636e+00 1.666667e+00 1.568182e+00 6.883117e-01 1.850649e-01 2.813853e-02
32755: 1.862703e+00 1.668108e+00 1.567568e+00 6.886486e-01 1.848649e-01 2.810811e-02
32755: 1.863931e+00 1.666307e+00 1.568035e+00 6.879050e-01 1.857451e-01 2.807775e-02
32755: 1.865156e+00 1.666667e+00 1.567422e+00 6.871629e-01 1.855448e-01 2.804746e-02
32755: 1.866379e+00 1.665948e+00 1.567888e+00 6.864224e-01 1.853448e-01 2.801724e-02
32755: 1.865447e+00 1.666308e+00 1.567277e+00 6.878364e-01 1.851453e-01 2.798708e-02
32755: 1.865591e+00 1.666667e+00 1.566667e+00 6.881720e-01 1.849462e-01 2.795699e-02
32755: 1.865736e+00 1.667025e+00 1.567132e+00 6.874329e-01 1.847476e-01 2.792696e-02
32755: 1.864807e+00 1.666309e+00 1.568670e+00 6.877682e-01 1.845494e-01 2.789700e-02
32755: 1.864952e+00 1.666667e+00 1.568060e+00 6.881029e-01 1.843516e-01 2.786710e-02
32755: 1.864026e+00 1.665953e+00 1.569593e+00 6.873662e-01 1.841542e-01 2.890792e-02
32755: 1.866310e+00 1.665241e+00 1.568984e+00 6.866310e-01 1.839572e-01 2.887701e-02
32755: 1.866453e+00 1.666667e+00 1.568376e+00 6.858974e-01 1.837607e-01 2.884615e-02
32755: 1.867663e+00 1.664888e+00 1.569904e+00 6.851654e-01 1.835646e-01 2.881537e-02
32755: 1.867804e+00 1.665245e+00 1.570362e+00 6.844350e-01 1.833689e-01 2.878465e-02
32755: 1.867945e+00 1.664537e+00 1.569755e+00 6.858360e-01 1.831736e-01 2.875399e-02
32755: 1.868085e+00 1.665957e+00 1.569149e+00 6.851064e-01 1.829787e-01 2.872340e-02
32755: 1.867163e+00 1.666312e+00 1.570670e+00 6.843783e-01 1.827843e-01 2.869288e-02
32755: 1.867304e+00 1.666667e+00 1.569002e+00 6.857749e-01 1.825902e-01 2.866242e-02
32755: 1.867444e+00 1.665960e+00 1.570520e+00 6.850477e-01 1.823966e-01 2.863203e-02
32755: 1.866525e+00 1.666314e+00 1.570975e+00 6.853814e-01 1.822034e-01 2.860169e-02
32755: 1.865608e+00 1.666667e+00 1.570370e+00 6.867725e-01 1.820106e-01 2.857143e-02
32755: 1.866808e+00 1.665962e+00 1.569767e+00 6.871036e-01 1.818182e-01 2.854123e-02
32755: 1.866948e+00 1.666315e+00 1.570222e+00 6.863780e-01 1.816262e-01 2.851109e-02
32755: 1.867089e+00 1.665612e+00 1.569620e+00 6.877637e-01 1.814346e-01 2.848101e-02
32755: 1.867229e+00 1.665964e+00 1.570074e+00 6.870390e-01 1.812434e-01 2.845100e-02
32755: 1.867368e+00 1.665263e+00 1.569474e+00 6.884211e-01 1.810526e-01 2.842105e-02
32755: 1.866456e+00 1.666667e+00 1.569926e+00 6.876972e-01 1.808623e-01 2.839117e-02
32755: 1.866597e+00 1.665966e+00 1.570378e+00 6.869748e-01 1.817227e-01 2.836134e-02
32755: 1.865687e+00 1.666317e+00 1.570829e+00 6.873033e-01 1.815320e-01 2.833158e-02
32755: 1.865828e+00 1.665618e+00 1.570231e+00 6.886792e-01 1.813417e-01 2.830189e-02
32755: 1.864921e+00 1.665969e+00 1.570681e+00 6.890052e-01 1.811518e-01 2.827225e-02
32755: 1.865063e+00 1.666318e+00 1.570084e+00 6.893305e-01 1.809623e-01 2.824268e-02
32755: 1.864159e+00 1.666667e+00 1.569488e+00 6.907001e-01 1.807732e-01 2.821317e-02
32755: 1.864301e+00 1.665971e+00 1.570981e+00 6.899791e-01 1.805846e-01 2.818372e-02
32755: 1.863399e+00 1.666319e+00 1.570386e+00 6.913452e-01 1.803962e-01 2.815433e-02
32755: 1.863542e+00 1.665625e+00 1.569792e+00 6.927083e-01 1.802083e-01 2.812500e-02
32755: 1.862643e+00 1.667014e+00 1.570239e+00 6.919875e-01 1.800208e-01 2.809573e-02
32755: 1.862786e+00 1.667360e+00 1.569647e+00 6.923077e-01 1.798337e-01 2.806653e-02
32755: 1.861890e+00 1.668744e+00 1.570093e+00 6.915888e-01 1.796469e-01 2.803738e-02
32755: 1.863071e+00 1.669087e+00 1.568465e+00 6.919087e-01 1.794606e-01 2.800830e-02
32755: 1.863212e+00 1.668394e+00 1.568912e+00 6.922280e-01 1.792746e-01 2.797927e-02
32755: 1.862319e+00 1.669772e+00 1.569358e+00 6.915114e-01 1.790890e-01 2.795031e-02
32755: 1.863495e+00 1.669080e+00 1.569804e+00 6.907963e-01 1.789038e-01 2.792141e-02
32755: 1.864669e+00 1.669421e+00 1.569215e+00 6.900826e-01 1.787190e-01 2.789256e-02
32755: 1.864809e+00 1.668731e+00 1.570691e+00 6.893705e-01 1.785346e-01 2.786378e-02
32755: 1.864948e+00 1.669072e+00 1.570103e+00 6.896907e-01 1.783505e-01 2.783505e-02
32755: 1.864058e+00 1.669413e+00 1.570546e+00 6.900103e-01 1.781668e-01 2.780639e-02
32755: 1.863169e+00 1.669753e+00 1.569959e+00 6.913580e-01 1.779835e-01 2.777778e-02
32755: 1.863309e+00 1.670092e+00 1.570401e+00 6.906475e-01 1.778006e-01 2.774923e-02
32755: 1.862423e+00 1.669405e+00 1.568789e+00 6.930185e-01 1.786448e-01 2.772074e-02
32755: 1.862564e+00 1.667692e+00 1.571282e+00 6.923077e-01 1.784615e-01 2.769231e-02
32755: 1.862705e+00 1.668033e+00 1.569672e+00 6.936475e-01 1.782787e-01 2.766393e-02
32755: 1.862845e+00 1.667349e+00 1.571136e+00 6.929376e-01 1.780962e-01 2.763562e-02
32755: 1.862986e+00 1.667689e+00 1.569530e+00 6.942740e-01 1.779141e-01 2.760736e-02
32755: 1.863126e+00 1.667007e+00 1.569969e+00 6.945863e-01 1.777324e-01 2.757916e-02
32755: 1.862245e+00 1.667347e+00 1.570408e+00 6.938776e-01 1.785714e-01 2.755102e-02
32755: 1.861366e+00 1.667686e+00 1.570846e+00 6.941896e-01 1.783894e-01 2.752294e-02
32755: 1.860489e+00 1.668024e+00 1.570265e+00 6.955193e-01 1.782077e-01 2.749491e-02
32755: 1.860631e+00 1.667345e+00 1.569685e+00 6.968464e-01 1.780264e-01 2.746694e-02
32755: 1.860772e+00 1.667683e+00 1.569106e+00 6.971545e-01 1.778455e-01 2.743902e-02
32755: 1.861929e+00 1.667005e+00 1.569543e+00 6.964467e-01 1.776650e-01 2.741117e-02
32755: 1.862069e+00 1.667343e+00 1.568966e+00 6.957404e-01 1.774848e-01 2.839757e-02
32755: 1.861196e+00 1.666667e+00 1.571429e+00 6.950355e-01 1.773050e-01 2.836879e-02
32755: 1.861336e+00 1.665992e+00 1.570850e+00 6.963563e-01 1.771255e-01 2.834008e-02
32755: 1.860465e+00 1.667341e+00 1.570273e+00 6.966633e-01 1.769464e-01 2.831143e-02
32755: 1.861616e+00 1.666667e+00 1.569697e+00 6.969697e-01 1.767677e-01 2.828283e-02
32755: 1.861756e+00 1.667003e+00 1.570131e+00 6.962664e-01 1.765893e-01 2.825429e-02
32755: 1.862903e+00 1.666331e+00 1.568548e+00 6.975806e-01 1.764113e-01 2.822581e-02
32755: 1.862034e+00 1.666667e+00 1.568983e+00 6.968781e-01 1.772407e-01 2.819738e-02
32755: 1.861167e+00 1.667002e+00 1.569416e+00 6.961771e-01 1.780684e-01 2.816901e-02
32755: 1.861307e+00 1.666332e+00 1.570854e+00 6.954774e-01 1.778894e-01 2.814070e-02
32755: 1.860442e+00 1.667671e+00 1.570281e+00 6.957831e-01 1.777108e-01 2.811245e-02
32755: 1.861585e+00 1.668004e+00 1.568706e+00 6.960883e-01 1.775326e-01 2.808425e-02
32755: 1.860721e+00 1.667335e+00 1.571142e+00 6.953908e-01 1.773547e-01 2.805611e-02
32755: 1.859860e+00 1.667668e+00 1.570571e+00 6.966967e-01 1.771772e-01 2.802803e-02
32755: Done!
Traceback (most recent call last):
  File "/lowest-unique-number/tournament0/elexunix.py", line 25, in <module>
    input()
EOFError: EOF when reading a line
