Forked 35474
Starting to reopen 0 and 1
Calling execv `tournament0/fedro.py` (pid 35474)
Strategy 0: first ans is 0
Forked 35498
Starting to reopen 0 and 1
Calling execv `tournament0/alex_dany` (pid 35498)
35498: Started!
35498: Number of players: 5, position: 1, number of turns: 1000
35498: Random seed: 1957947781
Strategy 1: first ans is 0
Forked 35499
Starting to reopen 0 and 1
Calling execv `tournament0/lounres.py` (pid 35499)
Strategy 2: first ans is 1
Forked 35500
Starting to reopen 0 and 1
Calling execv `tournament0/pzakorko.py` (pid 35500)
Strategy 3: first ans is 0
Forked 35501
Starting to reopen 0 and 1
Calling execv `tournament0/the_best_strategy.py` (pid 35501)
Strategy 4: first ans is 0
35498: 4.000000e+00 1.000000e+00 0.000000e+00 0.000000e+00 0.000000e+00
35498: 3.000000e+00 2.000000e+00 0.000000e+00 0.000000e+00 0.000000e+00
35498: 2.666667e+00 1.666667e+00 6.666667e-01 0.000000e+00 0.000000e+00
35498: 2.750000e+00 1.500000e+00 7.500000e-01 0.000000e+00 0.000000e+00
35498: 2.600000e+00 1.600000e+00 8.000000e-01 0.000000e+00 0.000000e+00
35498: 2.500000e+00 1.500000e+00 1.000000e+00 0.000000e+00 0.000000e+00
35498: 2.428571e+00 1.714286e+00 8.571429e-01 0.000000e+00 0.000000e+00
35498: 2.375000e+00 1.625000e+00 1.000000e+00 0.000000e+00 0.000000e+00
35498: 2.333333e+00 1.555556e+00 1.000000e+00 1.111111e-01 0.000000e+00
35498: 2.300000e+00 1.700000e+00 9.000000e-01 1.000000e-01 0.000000e+00
35498: 2.272727e+00 1.636364e+00 1.000000e+00 9.090909e-02 0.000000e+00
35498: 2.333333e+00 1.583333e+00 1.000000e+00 8.333333e-02 0.000000e+00
35498: 2.384615e+00 1.538462e+00 1.000000e+00 7.692308e-02 0.000000e+00
35498: 2.357143e+00 1.571429e+00 9.285714e-01 7.142857e-02 7.142857e-02
35498: 2.333333e+00 1.466667e+00 1.066667e+00 6.666667e-02 6.666667e-02
35498: 2.312500e+00 1.500000e+00 1.062500e+00 6.250000e-02 6.250000e-02
35498: 2.294118e+00 1.529412e+00 1.058824e+00 5.882353e-02 5.882353e-02
35498: 2.277778e+00 1.500000e+00 1.111111e+00 5.555556e-02 5.555556e-02
35498: 2.263158e+00 1.526316e+00 1.105263e+00 5.263158e-02 5.263158e-02
35498: 2.250000e+00 1.500000e+00 1.150000e+00 5.000000e-02 5.000000e-02
35498: 2.238095e+00 1.571429e+00 1.095238e+00 4.761905e-02 4.761905e-02
35498: 2.227273e+00 1.500000e+00 1.181818e+00 4.545455e-02 4.545455e-02
35498: 2.217391e+00 1.521739e+00 1.173913e+00 4.347826e-02 4.347826e-02
35498: 2.208333e+00 1.500000e+00 1.166667e+00 4.166667e-02 8.333333e-02
35498: 2.200000e+00 1.520000e+00 1.160000e+00 4.000000e-02 8.000000e-02
35498: 2.192308e+00 1.500000e+00 1.192308e+00 3.846154e-02 7.692308e-02
35498: 2.185185e+00 1.518519e+00 1.185185e+00 3.703704e-02 7.407407e-02
35498: 2.178571e+00 1.500000e+00 1.178571e+00 7.142857e-02 7.142857e-02
35498: 2.172414e+00 1.551724e+00 1.137931e+00 6.896552e-02 6.896552e-02
35498: 2.166667e+00 1.566667e+00 1.133333e+00 6.666667e-02 6.666667e-02
35498: 2.161290e+00 1.548387e+00 1.129032e+00 6.451613e-02 9.677419e-02
35498: 2.156250e+00 1.593750e+00 1.093750e+00 6.250000e-02 9.375000e-02
35498: 2.151515e+00 1.545455e+00 1.121212e+00 6.060606e-02 1.212121e-01
35498: 2.147059e+00 1.558824e+00 1.088235e+00 8.823529e-02 1.176471e-01
35498: 2.142857e+00 1.542857e+00 1.114286e+00 8.571429e-02 1.142857e-01
35498: 2.138889e+00 1.555556e+00 1.111111e+00 8.333333e-02 1.111111e-01
35498: 2.135135e+00 1.567568e+00 1.108108e+00 8.108108e-02 1.081081e-01
35498: 2.131579e+00 1.552632e+00 1.131579e+00 7.894737e-02 1.052632e-01
35498: 2.128205e+00 1.589744e+00 1.102564e+00 7.692308e-02 1.025641e-01
35498: 2.125000e+00 1.575000e+00 1.125000e+00 7.500000e-02 1.000000e-01
35498: 2.146341e+00 1.560976e+00 1.121951e+00 7.317073e-02 9.756098e-02
35498: 2.142857e+00 1.571429e+00 1.095238e+00 7.142857e-02 1.190476e-01
35498: 2.139535e+00 1.534884e+00 1.139535e+00 6.976744e-02 1.162791e-01
35498: 2.136364e+00 1.545455e+00 1.136364e+00 6.818182e-02 1.136364e-01
35498: 2.133333e+00 1.555556e+00 1.133333e+00 6.666667e-02 1.111111e-01
35498: 2.130435e+00 1.543478e+00 1.152174e+00 6.521739e-02 1.086957e-01
35498: 2.148936e+00 1.553191e+00 1.127660e+00 6.382979e-02 1.063830e-01
35498: 2.145833e+00 1.541667e+00 1.145833e+00 6.250000e-02 1.041667e-01
35498: 2.163265e+00 1.551020e+00 1.122449e+00 6.122449e-02 1.020408e-01
35498: 2.160000e+00 1.560000e+00 1.120000e+00 6.000000e-02 1.000000e-01
35498: 2.156863e+00 1.549020e+00 1.117647e+00 5.882353e-02 1.176471e-01
35498: 2.173077e+00 1.557692e+00 1.096154e+00 5.769231e-02 1.153846e-01
35498: 2.169811e+00 1.566038e+00 1.094340e+00 5.660377e-02 1.132075e-01
35498: 2.166667e+00 1.555556e+00 1.111111e+00 5.555556e-02 1.111111e-01
35498: 2.163636e+00 1.563636e+00 1.109091e+00 5.454545e-02 1.090909e-01
35498: 2.160714e+00 1.553571e+00 1.107143e+00 5.357143e-02 1.250000e-01
35498: 2.157895e+00 1.561404e+00 1.087719e+00 7.017544e-02 1.228070e-01
35498: 2.155172e+00 1.551724e+00 1.103448e+00 6.896552e-02 1.206897e-01
35498: 2.152542e+00 1.559322e+00 1.101695e+00 6.779661e-02 1.186441e-01
35498: 2.166667e+00 1.550000e+00 1.100000e+00 6.666667e-02 1.166667e-01
35498: 2.180328e+00 1.557377e+00 1.081967e+00 6.557377e-02 1.147541e-01
35498: 2.177419e+00 1.564516e+00 1.080645e+00 6.451613e-02 1.129032e-01
35498: 2.174603e+00 1.555556e+00 1.095238e+00 6.349206e-02 1.111111e-01
35498: 2.171875e+00 1.578125e+00 1.078125e+00 6.250000e-02 1.093750e-01
35498: 2.169231e+00 1.553846e+00 1.092308e+00 7.692308e-02 1.076923e-01
35498: 2.181818e+00 1.560606e+00 1.075758e+00 7.575758e-02 1.060606e-01
35498: 2.179104e+00 1.567164e+00 1.074627e+00 7.462687e-02 1.044776e-01
35498: 2.176471e+00 1.558824e+00 1.073529e+00 7.352941e-02 1.176471e-01
35498: 2.188406e+00 1.565217e+00 1.057971e+00 7.246377e-02 1.159420e-01
35498: 2.200000e+00 1.557143e+00 1.057143e+00 7.142857e-02 1.142857e-01
35498: 2.197183e+00 1.563380e+00 1.056338e+00 7.042254e-02 1.126761e-01
35498: 2.194444e+00 1.569444e+00 1.055556e+00 6.944444e-02 1.111111e-01
35498: 2.205479e+00 1.561644e+00 1.054795e+00 6.849315e-02 1.095890e-01
35498: 2.216216e+00 1.567568e+00 1.040541e+00 6.756757e-02 1.081081e-01
35498: 2.213333e+00 1.560000e+00 1.053333e+00 6.666667e-02 1.066667e-01
35498: 2.210526e+00 1.565789e+00 1.052632e+00 6.578947e-02 1.052632e-01
35498: 2.207792e+00 1.558442e+00 1.064935e+00 6.493506e-02 1.038961e-01
35498: 2.205128e+00 1.564103e+00 1.064103e+00 6.410256e-02 1.025641e-01
35498: 2.202532e+00 1.556962e+00 1.075949e+00 6.329114e-02 1.012658e-01
35498: 2.212500e+00 1.562500e+00 1.062500e+00 6.250000e-02 1.000000e-01
35498: 2.209877e+00 1.567901e+00 1.061728e+00 6.172840e-02 9.876543e-02
35498: 2.219512e+00 1.560976e+00 1.060976e+00 6.097561e-02 9.756098e-02
35498: 2.216867e+00 1.566265e+00 1.048193e+00 7.228916e-02 9.638554e-02
35498: 2.226190e+00 1.559524e+00 1.047619e+00 7.142857e-02 9.523810e-02
35498: 2.223529e+00 1.576471e+00 1.035294e+00 7.058824e-02 9.411765e-02
35498: 2.220930e+00 1.558140e+00 1.058140e+00 6.976744e-02 9.302326e-02
35498: 2.229885e+00 1.563218e+00 1.045977e+00 6.896552e-02 9.195402e-02
35498: 2.227273e+00 1.556818e+00 1.045455e+00 7.954545e-02 9.090909e-02
35498: 2.224719e+00 1.561798e+00 1.033708e+00 8.988764e-02 8.988764e-02
35498: 2.222222e+00 1.566667e+00 1.033333e+00 8.888889e-02 8.888889e-02
35498: 2.219780e+00 1.560440e+00 1.032967e+00 9.890110e-02 8.791209e-02
35498: 2.217391e+00 1.565217e+00 1.021739e+00 1.086957e-01 8.695652e-02
35498: 2.225806e+00 1.559140e+00 1.021505e+00 1.075269e-01 8.602151e-02
35498: 2.223404e+00 1.563830e+00 1.021277e+00 1.063830e-01 8.510638e-02
35498: 2.231579e+00 1.557895e+00 1.021053e+00 1.052632e-01 8.421053e-02
35498: 2.239583e+00 1.562500e+00 1.010417e+00 1.041667e-01 8.333333e-02
35498: 2.237113e+00 1.556701e+00 1.020619e+00 1.030928e-01 8.247423e-02
35498: 2.224490e+00 1.571429e+00 1.020408e+00 1.020408e-01 8.163265e-02
35498: 2.222222e+00 1.555556e+00 1.030303e+00 1.111111e-01 8.080808e-02
35498: 2.210000e+00 1.560000e+00 1.040000e+00 1.100000e-01 8.000000e-02
35498: 2.198020e+00 1.554455e+00 1.059406e+00 1.089109e-01 7.920792e-02
35498: 2.196078e+00 1.558824e+00 1.058824e+00 1.078431e-01 7.843137e-02
35498: 2.184466e+00 1.563107e+00 1.067961e+00 1.067961e-01 7.766990e-02
35498: 2.173077e+00 1.557692e+00 1.086538e+00 1.057692e-01 7.692308e-02
35498: 2.180952e+00 1.552381e+00 1.085714e+00 1.047619e-01 7.619048e-02
35498: 2.169811e+00 1.556604e+00 1.094340e+00 1.037736e-01 7.547170e-02
35498: 2.177570e+00 1.551402e+00 1.093458e+00 1.028037e-01 7.476636e-02
35498: 2.166667e+00 1.555556e+00 1.101852e+00 1.018519e-01 7.407407e-02
35498: 2.165138e+00 1.559633e+00 1.100917e+00 1.009174e-01 7.339450e-02
35498: 2.154545e+00 1.563636e+00 1.109091e+00 1.000000e-01 7.272727e-02
35498: 2.153153e+00 1.558559e+00 1.108108e+00 1.081081e-01 7.207207e-02
35498: 2.142857e+00 1.571429e+00 1.107143e+00 1.071429e-01 7.142857e-02
35498: 2.141593e+00 1.566372e+00 1.115044e+00 1.061947e-01 7.079646e-02
35498: 2.131579e+00 1.578947e+00 1.114035e+00 1.052632e-01 7.017544e-02
35498: 2.130435e+00 1.565217e+00 1.130435e+00 1.043478e-01 6.956522e-02
35498: 2.120690e+00 1.568966e+00 1.129310e+00 1.120690e-01 6.896552e-02
35498: 2.119658e+00 1.572650e+00 1.128205e+00 1.111111e-01 6.837607e-02
35498: 2.110169e+00 1.559322e+00 1.152542e+00 1.101695e-01 6.779661e-02
35498: 2.117647e+00 1.554622e+00 1.151261e+00 1.092437e-01 6.722689e-02
35498: 2.108333e+00 1.558333e+00 1.150000e+00 1.166667e-01 6.666667e-02
35498: 2.107438e+00 1.553719e+00 1.157025e+00 1.157025e-01 6.611570e-02
35498: 2.106557e+00 1.557377e+00 1.155738e+00 1.147541e-01 6.557377e-02
35498: 2.097561e+00 1.560976e+00 1.162602e+00 1.138211e-01 6.504065e-02
35498: 2.096774e+00 1.564516e+00 1.161290e+00 1.129032e-01 6.451613e-02
35498: 2.096000e+00 1.568000e+00 1.160000e+00 1.120000e-01 6.400000e-02
35498: 2.087302e+00 1.563492e+00 1.174603e+00 1.111111e-01 6.349206e-02
35498: 2.094488e+00 1.559055e+00 1.173228e+00 1.102362e-01 6.299213e-02
35498: 2.085938e+00 1.570312e+00 1.171875e+00 1.093750e-01 6.250000e-02
35498: 2.085271e+00 1.558140e+00 1.186047e+00 1.085271e-01 6.201550e-02
35498: 2.084615e+00 1.569231e+00 1.176923e+00 1.076923e-01 6.153846e-02
35498: 2.076336e+00 1.564885e+00 1.183206e+00 1.145038e-01 6.106870e-02
35498: 2.075758e+00 1.568182e+00 1.174242e+00 1.212121e-01 6.060606e-02
35498: 2.075188e+00 1.563910e+00 1.180451e+00 1.203008e-01 6.015038e-02
35498: 2.067164e+00 1.567164e+00 1.186567e+00 1.194030e-01 5.970149e-02
35498: 2.066667e+00 1.562963e+00 1.185185e+00 1.185185e-01 6.666667e-02
35498: 2.058824e+00 1.566176e+00 1.183824e+00 1.250000e-01 6.617647e-02
35498: 2.065693e+00 1.569343e+00 1.175182e+00 1.240876e-01 6.569343e-02
35498: 2.057971e+00 1.565217e+00 1.188406e+00 1.231884e-01 6.521739e-02
35498: 2.064748e+00 1.561151e+00 1.187050e+00 1.223022e-01 6.474820e-02
35498: 2.057143e+00 1.564286e+00 1.192857e+00 1.214286e-01 6.428571e-02
35498: 2.056738e+00 1.560284e+00 1.191489e+00 1.205674e-01 7.092199e-02
35498: 2.049296e+00 1.563380e+00 1.197183e+00 1.197183e-01 7.042254e-02
35498: 2.048951e+00 1.559441e+00 1.202797e+00 1.188811e-01 6.993007e-02
35498: 2.041667e+00 1.562500e+00 1.208333e+00 1.180556e-01 6.944444e-02
35498: 2.041379e+00 1.572414e+00 1.200000e+00 1.172414e-01 6.896552e-02
35498: 2.034247e+00 1.568493e+00 1.212329e+00 1.164384e-01 6.849315e-02
35498: 2.034014e+00 1.564626e+00 1.217687e+00 1.156463e-01 6.802721e-02
35498: 2.027027e+00 1.567568e+00 1.222973e+00 1.148649e-01 6.756757e-02
35498: 2.026846e+00 1.570470e+00 1.221477e+00 1.140940e-01 6.711409e-02
35498: 2.020000e+00 1.566667e+00 1.233333e+00 1.133333e-01 6.666667e-02
35498: 2.019868e+00 1.569536e+00 1.231788e+00 1.125828e-01 6.622517e-02
35498: 2.013158e+00 1.565789e+00 1.243421e+00 1.118421e-01 6.578947e-02
35498: 2.013072e+00 1.562092e+00 1.248366e+00 1.111111e-01 6.535948e-02
35498: 2.012987e+00 1.564935e+00 1.246753e+00 1.103896e-01 6.493506e-02
35498: 2.012903e+00 1.567742e+00 1.245161e+00 1.096774e-01 6.451613e-02
35498: 2.006410e+00 1.570513e+00 1.250000e+00 1.089744e-01 6.410256e-02
35498: 2.006369e+00 1.560510e+00 1.261146e+00 1.082803e-01 6.369427e-02
35498: 2.000000e+00 1.569620e+00 1.259494e+00 1.075949e-01 6.329114e-02
35498: 2.000000e+00 1.566038e+00 1.264151e+00 1.069182e-01 6.289308e-02
35498: 1.993750e+00 1.568750e+00 1.262500e+00 1.125000e-01 6.250000e-02
35498: 1.993789e+00 1.565217e+00 1.267081e+00 1.118012e-01 6.211180e-02
35498: 1.987654e+00 1.574074e+00 1.259259e+00 1.172840e-01 6.172840e-02
35498: 1.987730e+00 1.564417e+00 1.269939e+00 1.165644e-01 6.134969e-02
35498: 1.987805e+00 1.567073e+00 1.268293e+00 1.158537e-01 6.097561e-02
35498: 1.981818e+00 1.569697e+00 1.272727e+00 1.151515e-01 6.060606e-02
35498: 1.987952e+00 1.566265e+00 1.271084e+00 1.144578e-01 6.024096e-02
35498: 1.982036e+00 1.568862e+00 1.269461e+00 1.197605e-01 5.988024e-02
35498: 1.982143e+00 1.571429e+00 1.267857e+00 1.190476e-01 5.952381e-02
35498: 1.976331e+00 1.568047e+00 1.278107e+00 1.183432e-01 5.917160e-02
35498: 1.976471e+00 1.564706e+00 1.276471e+00 1.176471e-01 6.470588e-02
35498: 1.970760e+00 1.578947e+00 1.269006e+00 1.169591e-01 6.432749e-02
35498: 1.970930e+00 1.575581e+00 1.273256e+00 1.162791e-01 6.395349e-02
35498: 1.965318e+00 1.572254e+00 1.283237e+00 1.156069e-01 6.358382e-02
35498: 1.965517e+00 1.563218e+00 1.293103e+00 1.149425e-01 6.321839e-02
35498: 1.960000e+00 1.565714e+00 1.297143e+00 1.142857e-01 6.285714e-02
35498: 1.960227e+00 1.568182e+00 1.295455e+00 1.136364e-01 6.250000e-02
35498: 1.954802e+00 1.570621e+00 1.299435e+00 1.129944e-01 6.214689e-02
35498: 1.955056e+00 1.567416e+00 1.303371e+00 1.123596e-01 6.179775e-02
35498: 1.949721e+00 1.569832e+00 1.307263e+00 1.117318e-01 6.145251e-02
35498: 1.950000e+00 1.572222e+00 1.305556e+00 1.111111e-01 6.111111e-02
35498: 1.944751e+00 1.569061e+00 1.309392e+00 1.160221e-01 6.077348e-02
35498: 1.945055e+00 1.571429e+00 1.307692e+00 1.153846e-01 6.043956e-02
35498: 1.939891e+00 1.562842e+00 1.322404e+00 1.147541e-01 6.010929e-02
35498: 1.940217e+00 1.559783e+00 1.326087e+00 1.141304e-01 5.978261e-02
35498: 1.935135e+00 1.567568e+00 1.324324e+00 1.135135e-01 5.945946e-02
35498: 1.935484e+00 1.569892e+00 1.322581e+00 1.129032e-01 5.913978e-02
35498: 1.930481e+00 1.566845e+00 1.331551e+00 1.122995e-01 5.882353e-02
35498: 1.936170e+00 1.563830e+00 1.329787e+00 1.117021e-01 5.851064e-02
35498: 1.931217e+00 1.566138e+00 1.328042e+00 1.111111e-01 6.349206e-02
35498: 1.936842e+00 1.563158e+00 1.326316e+00 1.105263e-01 6.315789e-02
35498: 1.937173e+00 1.565445e+00 1.324607e+00 1.099476e-01 6.282723e-02
35498: 1.932292e+00 1.572917e+00 1.322917e+00 1.093750e-01 6.250000e-02
35498: 1.932642e+00 1.569948e+00 1.326425e+00 1.088083e-01 6.217617e-02
35498: 1.927835e+00 1.577320e+00 1.324742e+00 1.082474e-01 6.185567e-02
35498: 1.928205e+00 1.574359e+00 1.323077e+00 1.128205e-01 6.153846e-02
35498: 1.923469e+00 1.576531e+00 1.326531e+00 1.122449e-01 6.122449e-02
35498: 1.928934e+00 1.568528e+00 1.329949e+00 1.116751e-01 6.091371e-02
35498: 1.924242e+00 1.570707e+00 1.333333e+00 1.111111e-01 6.060606e-02
35498: 1.924623e+00 1.567839e+00 1.336683e+00 1.105528e-01 6.030151e-02
35498: 1.920000e+00 1.575000e+00 1.335000e+00 1.100000e-01 6.000000e-02
35498: 1.920398e+00 1.572139e+00 1.338308e+00 1.094527e-01 5.970149e-02
35498: 1.915842e+00 1.574257e+00 1.341584e+00 1.089109e-01 5.940594e-02
35498: 1.916256e+00 1.571429e+00 1.344828e+00 1.083744e-01 5.911330e-02
35498: 1.911765e+00 1.573529e+00 1.348039e+00 1.078431e-01 5.882353e-02
35498: 1.912195e+00 1.570732e+00 1.351220e+00 1.073171e-01 5.853659e-02
35498: 1.907767e+00 1.572816e+00 1.354369e+00 1.067961e-01 5.825243e-02
35498: 1.913043e+00 1.570048e+00 1.352657e+00 1.062802e-01 5.797101e-02
35498: 1.908654e+00 1.567308e+00 1.360577e+00 1.057692e-01 5.769231e-02
35498: 1.909091e+00 1.564593e+00 1.358852e+00 1.052632e-01 6.220096e-02
35498: 1.904762e+00 1.566667e+00 1.361905e+00 1.047619e-01 6.190476e-02
35498: 1.905213e+00 1.568720e+00 1.360190e+00 1.042654e-01 6.161137e-02
35498: 1.900943e+00 1.570755e+00 1.358491e+00 1.084906e-01 6.132075e-02
35498: 1.896714e+00 1.568075e+00 1.366197e+00 1.079812e-01 6.103286e-02
35498: 1.897196e+00 1.565421e+00 1.369159e+00 1.074766e-01 6.074766e-02
35498: 1.893023e+00 1.567442e+00 1.372093e+00 1.069767e-01 6.046512e-02
35498: 1.893519e+00 1.569444e+00 1.370370e+00 1.064815e-01 6.018519e-02
35498: 1.889401e+00 1.566820e+00 1.373272e+00 1.105991e-01 5.990783e-02
35498: 1.885321e+00 1.573394e+00 1.371560e+00 1.100917e-01 5.963303e-02
35498: 1.885845e+00 1.575342e+00 1.369863e+00 1.095890e-01 5.936073e-02
35498: 1.881818e+00 1.568182e+00 1.381818e+00 1.090909e-01 5.909091e-02
35498: 1.882353e+00 1.574661e+00 1.375566e+00 1.085973e-01 5.882353e-02
35498: 1.878378e+00 1.572072e+00 1.382883e+00 1.081081e-01 5.855856e-02
35498: 1.878924e+00 1.573991e+00 1.381166e+00 1.076233e-01 5.829596e-02
35498: 1.879464e+00 1.566964e+00 1.388393e+00 1.071429e-01 5.803571e-02
35498: 1.875556e+00 1.568889e+00 1.386667e+00 1.066667e-01 6.222222e-02
35498: 1.876106e+00 1.570796e+00 1.384956e+00 1.061947e-01 6.194690e-02
35498: 1.872247e+00 1.563877e+00 1.396476e+00 1.057269e-01 6.167401e-02
35498: 1.872807e+00 1.561404e+00 1.399123e+00 1.052632e-01 6.140351e-02
35498: 1.868996e+00 1.563319e+00 1.401747e+00 1.048035e-01 6.113537e-02
35498: 1.869565e+00 1.565217e+00 1.400000e+00 1.043478e-01 6.086957e-02
35498: 1.865801e+00 1.562771e+00 1.402597e+00 1.082251e-01 6.060606e-02
35498: 1.866379e+00 1.568966e+00 1.396552e+00 1.077586e-01 6.034483e-02
35498: 1.862661e+00 1.575107e+00 1.394850e+00 1.072961e-01 6.008584e-02
35498: 1.867521e+00 1.568376e+00 1.397436e+00 1.068376e-01 5.982906e-02
35498: 1.863830e+00 1.570213e+00 1.400000e+00 1.063830e-01 5.957447e-02
35498: 1.864407e+00 1.563559e+00 1.406780e+00 1.059322e-01 5.932203e-02
35498: 1.860759e+00 1.565401e+00 1.405063e+00 1.054852e-01 6.329114e-02
35498: 1.861345e+00 1.563025e+00 1.407563e+00 1.050420e-01 6.302521e-02
35498: 1.857741e+00 1.564854e+00 1.410042e+00 1.046025e-01 6.276151e-02
35498: 1.858333e+00 1.566667e+00 1.408333e+00 1.041667e-01 6.250000e-02
35498: 1.854772e+00 1.568465e+00 1.410788e+00 1.037344e-01 6.224066e-02
35498: 1.855372e+00 1.570248e+00 1.409091e+00 1.033058e-01 6.198347e-02
35498: 1.851852e+00 1.572016e+00 1.411523e+00 1.028807e-01 6.172840e-02
35498: 1.852459e+00 1.569672e+00 1.413934e+00 1.024590e-01 6.147541e-02
35498: 1.848980e+00 1.575510e+00 1.412245e+00 1.020408e-01 6.122449e-02
35498: 1.853659e+00 1.569106e+00 1.414634e+00 1.016260e-01 6.097561e-02
35498: 1.850202e+00 1.570850e+00 1.412955e+00 1.052632e-01 6.072874e-02
35498: 1.850806e+00 1.564516e+00 1.419355e+00 1.048387e-01 6.048387e-02
35498: 1.851406e+00 1.570281e+00 1.413655e+00 1.044177e-01 6.024096e-02
35498: 1.848000e+00 1.564000e+00 1.424000e+00 1.040000e-01 6.000000e-02
35498: 1.848606e+00 1.565737e+00 1.418327e+00 1.075697e-01 5.976096e-02
35498: 1.845238e+00 1.563492e+00 1.424603e+00 1.071429e-01 5.952381e-02
35498: 1.845850e+00 1.565217e+00 1.422925e+00 1.067194e-01 5.928854e-02
35498: 1.842520e+00 1.562992e+00 1.429134e+00 1.062992e-01 5.905512e-02
35498: 1.843137e+00 1.560784e+00 1.427451e+00 1.098039e-01 5.882353e-02
35498: 1.843750e+00 1.566406e+00 1.421875e+00 1.093750e-01 5.859375e-02
35498: 1.840467e+00 1.564202e+00 1.428016e+00 1.089494e-01 5.836576e-02
35498: 1.841085e+00 1.569767e+00 1.422481e+00 1.085271e-01 5.813953e-02
35498: 1.841699e+00 1.567568e+00 1.424710e+00 1.081081e-01 5.791506e-02
35498: 1.842308e+00 1.569231e+00 1.423077e+00 1.076923e-01 5.769231e-02
35498: 1.839080e+00 1.567050e+00 1.429119e+00 1.072797e-01 5.747126e-02
35498: 1.839695e+00 1.568702e+00 1.427481e+00 1.068702e-01 5.725191e-02
35498: 1.836502e+00 1.570342e+00 1.429658e+00 1.064639e-01 5.703422e-02
35498: 1.837121e+00 1.568182e+00 1.431818e+00 1.060606e-01 5.681818e-02
35498: 1.833962e+00 1.573585e+00 1.426415e+00 1.056604e-01 6.037736e-02
35498: 1.838346e+00 1.567669e+00 1.428571e+00 1.052632e-01 6.015038e-02
35498: 1.835206e+00 1.576779e+00 1.423221e+00 1.048689e-01 5.992509e-02
35498: 1.835821e+00 1.574627e+00 1.425373e+00 1.044776e-01 5.970149e-02
35498: 1.832714e+00 1.576208e+00 1.427509e+00 1.040892e-01 5.947955e-02
35498: 1.833333e+00 1.574074e+00 1.425926e+00 1.074074e-01 5.925926e-02
35498: 1.833948e+00 1.571956e+00 1.428044e+00 1.070111e-01 5.904059e-02
35498: 1.830882e+00 1.573529e+00 1.430147e+00 1.066176e-01 5.882353e-02
35498: 1.831502e+00 1.567766e+00 1.435897e+00 1.062271e-01 5.860806e-02
35498: 1.828467e+00 1.569343e+00 1.434307e+00 1.094891e-01 5.839416e-02
35498: 1.829091e+00 1.570909e+00 1.432727e+00 1.090909e-01 5.818182e-02
35498: 1.826087e+00 1.565217e+00 1.438406e+00 1.123188e-01 5.797101e-02
35498: 1.826715e+00 1.563177e+00 1.440433e+00 1.119134e-01 5.776173e-02
35498: 1.827338e+00 1.564748e+00 1.438849e+00 1.115108e-01 5.755396e-02
35498: 1.824373e+00 1.562724e+00 1.444444e+00 1.111111e-01 5.734767e-02
35498: 1.825000e+00 1.564286e+00 1.442857e+00 1.107143e-01 5.714286e-02
35498: 1.822064e+00 1.565836e+00 1.444840e+00 1.103203e-01 5.693950e-02
35498: 1.822695e+00 1.567376e+00 1.443262e+00 1.099291e-01 5.673759e-02
35498: 1.823322e+00 1.565371e+00 1.445230e+00 1.095406e-01 5.653710e-02
35498: 1.823944e+00 1.566901e+00 1.443662e+00 1.091549e-01 5.633803e-02
35498: 1.821053e+00 1.564912e+00 1.449123e+00 1.087719e-01 5.614035e-02
35498: 1.821678e+00 1.566434e+00 1.447552e+00 1.083916e-01 5.594406e-02
35498: 1.822300e+00 1.564460e+00 1.449477e+00 1.080139e-01 5.574913e-02
35498: 1.822917e+00 1.565972e+00 1.447917e+00 1.076389e-01 5.555556e-02
35498: 1.820069e+00 1.564014e+00 1.449827e+00 1.107266e-01 5.536332e-02
35498: 1.820690e+00 1.565517e+00 1.448276e+00 1.103448e-01 5.517241e-02
35498: 1.821306e+00 1.563574e+00 1.450172e+00 1.099656e-01 5.498282e-02
35498: 1.818493e+00 1.565068e+00 1.452055e+00 1.095890e-01 5.479452e-02
35498: 1.822526e+00 1.563140e+00 1.450512e+00 1.092150e-01 5.460751e-02
35498: 1.819728e+00 1.564626e+00 1.448980e+00 1.122449e-01 5.442177e-02
35498: 1.820339e+00 1.562712e+00 1.450847e+00 1.118644e-01 5.423729e-02
35498: 1.820946e+00 1.567568e+00 1.445946e+00 1.114865e-01 5.405405e-02
35498: 1.818182e+00 1.572391e+00 1.444444e+00 1.111111e-01 5.387205e-02
35498: 1.818792e+00 1.567114e+00 1.446309e+00 1.140940e-01 5.369128e-02
35498: 1.816054e+00 1.568562e+00 1.448161e+00 1.137124e-01 5.351171e-02
35498: 1.816667e+00 1.570000e+00 1.446667e+00 1.133333e-01 5.333333e-02
35498: 1.813953e+00 1.564784e+00 1.455150e+00 1.129568e-01 5.315615e-02
35498: 1.817881e+00 1.562914e+00 1.453642e+00 1.125828e-01 5.298013e-02
35498: 1.815182e+00 1.564356e+00 1.452145e+00 1.122112e-01 5.610561e-02
35498: 1.812500e+00 1.565789e+00 1.450658e+00 1.151316e-01 5.592105e-02
35498: 1.813115e+00 1.563934e+00 1.452459e+00 1.147541e-01 5.573770e-02
35498: 1.810458e+00 1.565359e+00 1.450980e+00 1.143791e-01 5.882353e-02
35498: 1.811075e+00 1.566775e+00 1.449511e+00 1.140065e-01 5.863192e-02
35498: 1.808442e+00 1.568182e+00 1.451299e+00 1.136364e-01 5.844156e-02
35498: 1.809061e+00 1.569579e+00 1.449838e+00 1.132686e-01 5.825243e-02
35498: 1.806452e+00 1.567742e+00 1.454839e+00 1.129032e-01 5.806452e-02
35498: 1.803859e+00 1.565916e+00 1.459807e+00 1.125402e-01 5.787781e-02
35498: 1.804487e+00 1.567308e+00 1.458333e+00 1.121795e-01 5.769231e-02
35498: 1.801917e+00 1.565495e+00 1.463259e+00 1.118211e-01 5.750799e-02
35498: 1.805732e+00 1.566879e+00 1.458599e+00 1.114650e-01 5.732484e-02
35498: 1.803175e+00 1.565079e+00 1.460317e+00 1.142857e-01 5.714286e-02
35498: 1.800633e+00 1.566456e+00 1.462025e+00 1.139241e-01 5.696203e-02
35498: 1.801262e+00 1.564669e+00 1.463722e+00 1.135647e-01 5.678233e-02
35498: 1.798742e+00 1.569182e+00 1.462264e+00 1.132075e-01 5.660377e-02
35498: 1.799373e+00 1.573668e+00 1.457680e+00 1.128527e-01 5.642633e-02
35498: 1.796875e+00 1.568750e+00 1.465625e+00 1.125000e-01 5.625000e-02
35498: 1.797508e+00 1.570093e+00 1.464174e+00 1.121495e-01 5.607477e-02
35498: 1.798137e+00 1.568323e+00 1.465839e+00 1.118012e-01 5.590062e-02
35498: 1.798762e+00 1.572755e+00 1.461300e+00 1.114551e-01 5.572755e-02
35498: 1.799383e+00 1.567901e+00 1.466049e+00 1.111111e-01 5.555556e-02
35498: 1.796923e+00 1.572308e+00 1.464615e+00 1.107692e-01 5.538462e-02
35498: 1.797546e+00 1.573620e+00 1.463190e+00 1.104294e-01 5.521472e-02
35498: 1.795107e+00 1.568807e+00 1.467890e+00 1.131498e-01 5.504587e-02
35498: 1.795732e+00 1.570122e+00 1.466463e+00 1.128049e-01 5.487805e-02
35498: 1.793313e+00 1.568389e+00 1.471125e+00 1.124620e-01 5.471125e-02
35498: 1.793939e+00 1.566667e+00 1.472727e+00 1.121212e-01 5.454545e-02
35498: 1.794562e+00 1.567976e+00 1.471299e+00 1.117825e-01 5.438066e-02
35498: 1.792169e+00 1.569277e+00 1.472892e+00 1.114458e-01 5.421687e-02
35498: 1.795796e+00 1.570571e+00 1.468468e+00 1.111111e-01 5.405405e-02
35498: 1.796407e+00 1.568862e+00 1.470060e+00 1.107784e-01 5.389222e-02
35498: 1.794030e+00 1.573134e+00 1.468657e+00 1.104478e-01 5.373134e-02
35498: 1.797619e+00 1.568452e+00 1.470238e+00 1.101190e-01 5.357143e-02
35498: 1.798220e+00 1.569733e+00 1.468843e+00 1.097923e-01 5.341246e-02
35498: 1.795858e+00 1.568047e+00 1.470414e+00 1.094675e-01 5.621302e-02
35498: 1.796460e+00 1.569322e+00 1.466077e+00 1.091445e-01 5.899705e-02
35498: 1.794118e+00 1.567647e+00 1.467647e+00 1.117647e-01 5.882353e-02
35498: 1.791789e+00 1.568915e+00 1.466276e+00 1.143695e-01 5.865103e-02
35498: 1.795322e+00 1.567251e+00 1.464912e+00 1.140351e-01 5.847953e-02
35498: 1.793003e+00 1.571429e+00 1.463557e+00 1.137026e-01 5.830904e-02
35498: 1.793605e+00 1.569767e+00 1.465116e+00 1.133721e-01 5.813953e-02
35498: 1.794203e+00 1.573913e+00 1.460870e+00 1.130435e-01 5.797101e-02
35498: 1.791908e+00 1.569364e+00 1.465318e+00 1.156069e-01 5.780347e-02
35498: 1.792507e+00 1.573487e+00 1.461095e+00 1.152738e-01 5.763689e-02
35498: 1.790230e+00 1.568966e+00 1.468391e+00 1.149425e-01 5.747126e-02
35498: 1.790831e+00 1.567335e+00 1.469914e+00 1.146132e-01 5.730659e-02
35498: 1.788571e+00 1.568571e+00 1.471429e+00 1.142857e-01 5.714286e-02
35498: 1.789174e+00 1.566952e+00 1.472934e+00 1.139601e-01 5.698006e-02
35498: 1.786932e+00 1.573864e+00 1.468750e+00 1.136364e-01 5.681818e-02
35498: 1.787535e+00 1.572238e+00 1.470255e+00 1.133144e-01 5.665722e-02
35498: 1.785311e+00 1.570621e+00 1.474576e+00 1.129944e-01 5.649718e-02
35498: 1.785915e+00 1.569014e+00 1.476056e+00 1.126761e-01 5.633803e-02
35498: 1.783708e+00 1.570225e+00 1.474719e+00 1.123596e-01 5.898876e-02
35498: 1.781513e+00 1.568627e+00 1.478992e+00 1.120448e-01 5.882353e-02
35498: 1.782123e+00 1.567039e+00 1.477654e+00 1.145251e-01 5.865922e-02
35498: 1.782730e+00 1.568245e+00 1.476323e+00 1.142061e-01 5.849582e-02
35498: 1.783333e+00 1.569444e+00 1.475000e+00 1.138889e-01 5.833333e-02
35498: 1.783934e+00 1.567867e+00 1.476454e+00 1.135734e-01 5.817175e-02
35498: 1.781768e+00 1.569061e+00 1.475138e+00 1.132597e-01 6.077348e-02
35498: 1.782369e+00 1.567493e+00 1.476584e+00 1.129477e-01 6.060606e-02
35498: 1.780220e+00 1.568681e+00 1.475275e+00 1.126374e-01 6.318681e-02
35498: 1.780822e+00 1.572603e+00 1.471233e+00 1.123288e-01 6.301370e-02
35498: 1.778689e+00 1.571038e+00 1.475410e+00 1.120219e-01 6.284153e-02
35498: 1.776567e+00 1.572207e+00 1.476839e+00 1.117166e-01 6.267030e-02
35498: 1.777174e+00 1.567935e+00 1.480978e+00 1.114130e-01 6.250000e-02
35498: 1.777778e+00 1.569106e+00 1.479675e+00 1.111111e-01 6.233062e-02
35498: 1.775676e+00 1.567568e+00 1.483784e+00 1.108108e-01 6.216216e-02
35498: 1.778976e+00 1.566038e+00 1.482480e+00 1.105121e-01 6.199461e-02
35498: 1.776882e+00 1.569892e+00 1.481183e+00 1.102151e-01 6.182796e-02
35498: 1.780161e+00 1.568365e+00 1.479893e+00 1.099196e-01 6.166220e-02
35498: 1.780749e+00 1.569519e+00 1.478610e+00 1.096257e-01 6.149733e-02
35498: 1.781333e+00 1.570667e+00 1.477333e+00 1.093333e-01 6.133333e-02
35498: 1.779255e+00 1.569149e+00 1.481383e+00 1.090426e-01 6.117021e-02
35498: 1.782493e+00 1.567639e+00 1.480106e+00 1.087533e-01 6.100796e-02
35498: 1.780423e+00 1.568783e+00 1.481481e+00 1.084656e-01 6.084656e-02
35498: 1.781003e+00 1.567282e+00 1.482850e+00 1.081794e-01 6.068602e-02
35498: 1.778947e+00 1.568421e+00 1.484211e+00 1.078947e-01 6.052632e-02
35498: 1.782152e+00 1.566929e+00 1.482940e+00 1.076115e-01 6.036745e-02
35498: 1.780105e+00 1.570681e+00 1.481675e+00 1.073298e-01 6.020942e-02
35498: 1.780679e+00 1.569191e+00 1.483029e+00 1.070496e-01 6.005222e-02
35498: 1.781250e+00 1.570312e+00 1.481771e+00 1.067708e-01 5.989583e-02
35498: 1.779221e+00 1.568831e+00 1.485714e+00 1.064935e-01 5.974026e-02
35498: 1.779793e+00 1.567358e+00 1.487047e+00 1.062176e-01 5.958549e-02
35498: 1.777778e+00 1.571059e+00 1.485788e+00 1.059432e-01 5.943152e-02
35498: 1.778351e+00 1.569588e+00 1.487113e+00 1.056701e-01 5.927835e-02
35498: 1.778920e+00 1.570694e+00 1.485861e+00 1.053985e-01 5.912596e-02
35498: 1.776923e+00 1.566667e+00 1.489744e+00 1.076923e-01 5.897436e-02
35498: 1.777494e+00 1.567775e+00 1.488491e+00 1.074169e-01 5.882353e-02
35498: 1.775510e+00 1.568878e+00 1.489796e+00 1.071429e-01 5.867347e-02
35498: 1.778626e+00 1.567430e+00 1.488550e+00 1.068702e-01 5.852417e-02
35498: 1.779188e+00 1.571066e+00 1.484772e+00 1.065990e-01 5.837563e-02
35498: 1.777215e+00 1.569620e+00 1.486076e+00 1.063291e-01 6.075949e-02
35498: 1.777778e+00 1.568182e+00 1.487374e+00 1.060606e-01 6.060606e-02
35498: 1.775819e+00 1.569270e+00 1.486146e+00 1.083123e-01 6.045340e-02
35498: 1.778894e+00 1.570352e+00 1.482412e+00 1.080402e-01 6.030151e-02
35498: 1.779449e+00 1.566416e+00 1.486216e+00 1.077694e-01 6.015038e-02
35498: 1.780000e+00 1.567500e+00 1.485000e+00 1.075000e-01 6.000000e-02
35498: 1.778055e+00 1.568579e+00 1.486284e+00 1.072319e-01 5.985037e-02
35498: 1.778607e+00 1.569652e+00 1.485075e+00 1.069652e-01 5.970149e-02
35498: 1.776675e+00 1.568238e+00 1.488834e+00 1.066998e-01 5.955335e-02
35498: 1.777228e+00 1.569307e+00 1.487624e+00 1.064356e-01 5.940594e-02
35498: 1.775309e+00 1.570370e+00 1.488889e+00 1.061728e-01 5.925926e-02
35498: 1.775862e+00 1.568966e+00 1.490148e+00 1.059113e-01 5.911330e-02
35498: 1.776413e+00 1.572482e+00 1.486486e+00 1.056511e-01 5.896806e-02
35498: 1.774510e+00 1.568627e+00 1.492647e+00 1.053922e-01 5.882353e-02
35498: 1.775061e+00 1.567237e+00 1.493888e+00 1.051345e-01 5.867971e-02
35498: 1.773171e+00 1.568293e+00 1.495122e+00 1.048780e-01 5.853659e-02
35498: 1.773723e+00 1.569343e+00 1.493917e+00 1.046229e-01 5.839416e-02
35498: 1.771845e+00 1.570388e+00 1.495146e+00 1.043689e-01 5.825243e-02
35498: 1.772397e+00 1.566586e+00 1.496368e+00 1.041162e-01 6.053269e-02
35498: 1.770531e+00 1.570048e+00 1.495169e+00 1.038647e-01 6.038647e-02
35498: 1.771084e+00 1.568675e+00 1.496386e+00 1.036145e-01 6.024096e-02
35498: 1.769231e+00 1.572115e+00 1.495192e+00 1.033654e-01 6.009615e-02
35498: 1.769784e+00 1.573141e+00 1.494005e+00 1.031175e-01 5.995204e-02
35498: 1.770335e+00 1.569378e+00 1.497608e+00 1.028708e-01 5.980861e-02
35498: 1.770883e+00 1.572792e+00 1.494033e+00 1.026253e-01 5.966587e-02
35498: 1.769048e+00 1.569048e+00 1.497619e+00 1.047619e-01 5.952381e-02
35498: 1.769596e+00 1.570071e+00 1.496437e+00 1.045131e-01 5.938242e-02
35498: 1.767773e+00 1.566351e+00 1.502370e+00 1.042654e-01 5.924171e-02
35498: 1.768322e+00 1.567376e+00 1.501182e+00 1.040189e-01 5.910165e-02
35498: 1.768868e+00 1.566038e+00 1.502358e+00 1.037736e-01 5.896226e-02
35498: 1.767059e+00 1.567059e+00 1.501176e+00 1.058824e-01 5.882353e-02
35498: 1.767606e+00 1.568075e+00 1.500000e+00 1.056338e-01 5.868545e-02
35498: 1.765808e+00 1.566745e+00 1.503513e+00 1.053864e-01 5.854801e-02
35498: 1.766355e+00 1.567757e+00 1.502336e+00 1.051402e-01 5.841121e-02
35498: 1.764569e+00 1.566434e+00 1.503497e+00 1.072261e-01 5.827506e-02
35498: 1.765116e+00 1.567442e+00 1.502326e+00 1.069767e-01 5.813953e-02
35498: 1.763341e+00 1.566125e+00 1.505800e+00 1.067285e-01 5.800464e-02
35498: 1.763889e+00 1.564815e+00 1.504630e+00 1.087963e-01 5.787037e-02
35498: 1.762125e+00 1.568129e+00 1.503464e+00 1.085450e-01 5.773672e-02
35498: 1.762673e+00 1.569124e+00 1.502304e+00 1.082949e-01 5.760369e-02
35498: 1.760920e+00 1.567816e+00 1.503448e+00 1.103448e-01 5.747126e-02
35498: 1.761468e+00 1.566514e+00 1.504587e+00 1.100917e-01 5.733945e-02
35498: 1.759725e+00 1.567506e+00 1.505721e+00 1.098398e-01 5.720824e-02
35498: 1.760274e+00 1.566210e+00 1.506849e+00 1.095890e-01 5.707763e-02
35498: 1.758542e+00 1.571754e+00 1.503417e+00 1.093394e-01 5.694761e-02
35498: 1.759091e+00 1.568182e+00 1.504545e+00 1.090909e-01 5.909091e-02
35498: 1.759637e+00 1.571429e+00 1.501134e+00 1.088435e-01 5.895692e-02
35498: 1.760181e+00 1.567873e+00 1.504525e+00 1.085973e-01 5.882353e-02
35498: 1.758465e+00 1.571106e+00 1.503386e+00 1.083521e-01 5.869074e-02
35498: 1.761261e+00 1.567568e+00 1.504505e+00 1.081081e-01 5.855856e-02
35498: 1.759551e+00 1.573034e+00 1.501124e+00 1.078652e-01 5.842697e-02
35498: 1.760090e+00 1.569507e+00 1.502242e+00 1.098655e-01 5.829596e-02
35498: 1.760626e+00 1.570470e+00 1.501119e+00 1.096197e-01 5.816555e-02
35498: 1.758929e+00 1.566964e+00 1.504464e+00 1.093750e-01 6.026786e-02
35498: 1.759465e+00 1.567929e+00 1.503341e+00 1.091314e-01 6.013363e-02
35498: 1.757778e+00 1.566667e+00 1.504444e+00 1.088889e-01 6.222222e-02
35498: 1.758315e+00 1.565410e+00 1.505543e+00 1.086475e-01 6.208426e-02
35498: 1.756637e+00 1.568584e+00 1.504425e+00 1.084071e-01 6.194690e-02
35498: 1.757174e+00 1.571744e+00 1.501104e+00 1.081678e-01 6.181015e-02
35498: 1.755507e+00 1.570485e+00 1.504405e+00 1.079295e-01 6.167401e-02
35498: 1.756044e+00 1.569231e+00 1.505495e+00 1.076923e-01 6.153846e-02
35498: 1.754386e+00 1.570175e+00 1.504386e+00 1.096491e-01 6.140351e-02
35498: 1.754923e+00 1.566740e+00 1.505470e+00 1.094092e-01 6.345733e-02
35498: 1.753275e+00 1.569869e+00 1.504367e+00 1.091703e-01 6.331878e-02
35498: 1.753813e+00 1.568627e+00 1.505447e+00 1.089325e-01 6.318083e-02
35498: 1.752174e+00 1.571739e+00 1.504348e+00 1.086957e-01 6.304348e-02
35498: 1.752711e+00 1.568330e+00 1.507592e+00 1.084599e-01 6.290672e-02
35498: 1.751082e+00 1.569264e+00 1.508658e+00 1.082251e-01 6.277056e-02
35498: 1.753780e+00 1.568035e+00 1.507559e+00 1.079914e-01 6.263499e-02
35498: 1.752155e+00 1.568966e+00 1.506466e+00 1.099138e-01 6.250000e-02
35498: 1.750538e+00 1.569892e+00 1.507527e+00 1.096774e-01 6.236559e-02
35498: 1.751073e+00 1.568670e+00 1.508584e+00 1.094421e-01 6.223176e-02
35498: 1.751606e+00 1.569593e+00 1.507495e+00 1.092077e-01 6.209850e-02
35498: 1.750000e+00 1.568376e+00 1.510684e+00 1.089744e-01 6.196581e-02
35498: 1.750533e+00 1.567164e+00 1.509595e+00 1.108742e-01 6.183369e-02
35498: 1.751064e+00 1.570213e+00 1.506383e+00 1.106383e-01 6.170213e-02
35498: 1.749469e+00 1.569002e+00 1.507431e+00 1.125265e-01 6.157113e-02
35498: 1.750000e+00 1.567797e+00 1.508475e+00 1.122881e-01 6.144068e-02
35498: 1.748414e+00 1.568710e+00 1.509514e+00 1.120507e-01 6.131078e-02
35498: 1.748945e+00 1.567511e+00 1.510549e+00 1.118143e-01 6.118143e-02
35498: 1.747368e+00 1.570526e+00 1.509474e+00 1.115789e-01 6.105263e-02
35498: 1.750000e+00 1.567227e+00 1.510504e+00 1.113445e-01 6.092437e-02
35498: 1.748428e+00 1.570231e+00 1.509434e+00 1.111111e-01 6.079665e-02
35498: 1.746862e+00 1.569038e+00 1.512552e+00 1.108787e-01 6.066946e-02
35498: 1.747390e+00 1.567850e+00 1.511482e+00 1.127349e-01 6.054280e-02
35498: 1.745833e+00 1.572917e+00 1.508333e+00 1.125000e-01 6.041667e-02
35498: 1.748441e+00 1.571726e+00 1.507277e+00 1.122661e-01 6.029106e-02
35498: 1.746888e+00 1.570539e+00 1.510373e+00 1.120332e-01 6.016598e-02
35498: 1.745342e+00 1.569358e+00 1.513458e+00 1.118012e-01 6.004141e-02
35498: 1.745868e+00 1.568182e+00 1.514463e+00 1.115702e-01 5.991736e-02
35498: 1.746392e+00 1.569072e+00 1.513402e+00 1.113402e-01 5.979381e-02
35498: 1.746914e+00 1.569959e+00 1.512346e+00 1.111111e-01 5.967078e-02
35498: 1.745380e+00 1.572895e+00 1.511294e+00 1.108830e-01 5.954825e-02
35498: 1.745902e+00 1.571721e+00 1.512295e+00 1.106557e-01 5.942623e-02
35498: 1.744376e+00 1.570552e+00 1.515337e+00 1.104294e-01 5.930470e-02
35498: 1.744898e+00 1.567347e+00 1.516327e+00 1.122449e-01 5.918367e-02
35498: 1.743381e+00 1.570265e+00 1.515275e+00 1.120163e-01 5.906314e-02
35498: 1.741870e+00 1.571138e+00 1.516260e+00 1.117886e-01 5.894309e-02
35498: 1.742394e+00 1.567951e+00 1.517241e+00 1.115619e-01 6.085193e-02
35498: 1.740891e+00 1.570850e+00 1.516194e+00 1.113360e-01 6.072874e-02
35498: 1.741414e+00 1.569697e+00 1.515152e+00 1.131313e-01 6.060606e-02
35498: 1.741935e+00 1.572581e+00 1.512097e+00 1.129032e-01 6.048387e-02
35498: 1.742455e+00 1.569416e+00 1.515091e+00 1.126761e-01 6.036217e-02
35498: 1.740964e+00 1.570281e+00 1.514056e+00 1.144578e-01 6.024096e-02
35498: 1.739479e+00 1.571142e+00 1.515030e+00 1.142285e-01 6.012024e-02
35498: 1.742000e+00 1.568000e+00 1.516000e+00 1.140000e-01 6.000000e-02
35498: 1.740519e+00 1.568862e+00 1.514970e+00 1.157685e-01 5.988024e-02
35498: 1.739044e+00 1.571713e+00 1.513944e+00 1.155378e-01 5.976096e-02
35498: 1.739563e+00 1.568588e+00 1.516899e+00 1.153082e-01 5.964215e-02
35498: 1.738095e+00 1.573413e+00 1.513889e+00 1.150794e-01 5.952381e-02
35498: 1.738614e+00 1.570297e+00 1.516832e+00 1.148515e-01 5.940594e-02
35498: 1.737154e+00 1.571146e+00 1.517787e+00 1.146245e-01 5.928854e-02
35498: 1.735700e+00 1.573964e+00 1.516765e+00 1.143984e-01 5.917160e-02
35498: 1.736220e+00 1.570866e+00 1.517717e+00 1.161417e-01 5.905512e-02
35498: 1.734774e+00 1.571709e+00 1.518664e+00 1.159136e-01 5.893910e-02
35498: 1.733333e+00 1.572549e+00 1.517647e+00 1.156863e-01 6.078431e-02
35498: 1.735812e+00 1.569472e+00 1.518591e+00 1.154599e-01 6.066536e-02
35498: 1.734375e+00 1.570312e+00 1.517578e+00 1.171875e-01 6.054688e-02
35498: 1.732943e+00 1.567251e+00 1.522417e+00 1.169591e-01 6.042885e-02
35498: 1.733463e+00 1.568093e+00 1.521401e+00 1.167315e-01 6.031128e-02
35498: 1.732039e+00 1.566990e+00 1.524272e+00 1.165049e-01 6.019417e-02
35498: 1.730620e+00 1.565891e+00 1.525194e+00 1.182171e-01 6.007752e-02
35498: 1.733075e+00 1.564797e+00 1.524178e+00 1.179884e-01 5.996132e-02
35498: 1.731660e+00 1.567568e+00 1.523166e+00 1.177606e-01 5.984556e-02
35498: 1.730250e+00 1.572254e+00 1.520231e+00 1.175337e-01 5.973025e-02
35498: 1.730769e+00 1.569231e+00 1.521154e+00 1.192308e-01 5.961538e-02
35498: 1.731286e+00 1.570058e+00 1.520154e+00 1.190019e-01 5.950096e-02
35498: 1.729885e+00 1.567050e+00 1.524904e+00 1.187739e-01 5.938697e-02
35498: 1.730402e+00 1.565966e+00 1.525813e+00 1.185468e-01 5.927342e-02
35498: 1.730916e+00 1.566794e+00 1.524809e+00 1.183206e-01 5.916031e-02
35498: 1.731429e+00 1.565714e+00 1.525714e+00 1.180952e-01 5.904762e-02
35498: 1.730038e+00 1.566540e+00 1.524715e+00 1.178707e-01 6.083650e-02
35498: 1.728653e+00 1.565465e+00 1.525617e+00 1.195446e-01 6.072106e-02
35498: 1.729167e+00 1.566288e+00 1.524621e+00 1.193182e-01 6.060606e-02
35498: 1.727788e+00 1.567108e+00 1.523629e+00 1.190926e-01 6.238185e-02
35498: 1.726415e+00 1.567925e+00 1.524528e+00 1.188679e-01 6.226415e-02
35498: 1.726930e+00 1.568738e+00 1.523540e+00 1.186441e-01 6.214689e-02
35498: 1.725564e+00 1.567669e+00 1.524436e+00 1.203008e-01 6.203008e-02
35498: 1.724203e+00 1.566604e+00 1.527205e+00 1.200750e-01 6.191370e-02
35498: 1.724719e+00 1.565543e+00 1.528090e+00 1.198502e-01 6.179775e-02
35498: 1.723364e+00 1.566355e+00 1.528972e+00 1.196262e-01 6.168224e-02
35498: 1.723881e+00 1.567164e+00 1.527985e+00 1.194030e-01 6.156716e-02
35498: 1.722533e+00 1.567970e+00 1.528864e+00 1.191806e-01 6.145251e-02
35498: 1.724907e+00 1.566914e+00 1.527881e+00 1.189591e-01 6.133829e-02
35498: 1.723562e+00 1.571429e+00 1.525046e+00 1.187384e-01 6.122449e-02
35498: 1.725926e+00 1.568519e+00 1.525926e+00 1.185185e-01 6.111111e-02
35498: 1.724584e+00 1.571165e+00 1.524954e+00 1.182994e-01 6.099815e-02
35498: 1.723247e+00 1.571956e+00 1.523985e+00 1.180812e-01 6.273063e-02
35498: 1.723757e+00 1.570902e+00 1.524862e+00 1.178637e-01 6.261510e-02
35498: 1.722426e+00 1.571691e+00 1.523897e+00 1.176471e-01 6.433824e-02
35498: 1.721101e+00 1.570642e+00 1.526606e+00 1.174312e-01 6.422018e-02
35498: 1.721612e+00 1.567766e+00 1.529304e+00 1.172161e-01 6.410256e-02
35498: 1.722121e+00 1.568556e+00 1.528336e+00 1.170018e-01 6.398537e-02
35498: 1.720803e+00 1.571168e+00 1.527372e+00 1.167883e-01 6.386861e-02
35498: 1.719490e+00 1.571949e+00 1.528233e+00 1.165756e-01 6.375228e-02
35498: 1.718182e+00 1.572727e+00 1.529091e+00 1.163636e-01 6.363636e-02
35498: 1.720508e+00 1.569873e+00 1.529946e+00 1.161525e-01 6.352087e-02
35498: 1.719203e+00 1.572464e+00 1.528986e+00 1.159420e-01 6.340580e-02
35498: 1.717902e+00 1.573237e+00 1.528029e+00 1.175407e-01 6.329114e-02
35498: 1.716606e+00 1.572202e+00 1.530686e+00 1.173285e-01 6.317690e-02
35498: 1.718919e+00 1.569369e+00 1.531532e+00 1.171171e-01 6.306306e-02
35498: 1.717626e+00 1.570144e+00 1.532374e+00 1.169065e-01 6.294964e-02
35498: 1.716338e+00 1.567325e+00 1.535009e+00 1.184919e-01 6.283662e-02
35498: 1.718638e+00 1.568100e+00 1.532258e+00 1.182796e-01 6.272401e-02
35498: 1.717352e+00 1.567084e+00 1.534884e+00 1.180680e-01 6.261181e-02
35498: 1.716071e+00 1.567857e+00 1.535714e+00 1.178571e-01 6.250000e-02
35498: 1.716578e+00 1.568627e+00 1.534759e+00 1.176471e-01 6.238859e-02
35498: 1.715302e+00 1.571174e+00 1.533808e+00 1.174377e-01 6.227758e-02
35498: 1.714032e+00 1.570160e+00 1.536412e+00 1.172291e-01 6.216696e-02
35498: 1.714539e+00 1.567376e+00 1.539007e+00 1.170213e-01 6.205674e-02
35498: 1.713274e+00 1.569912e+00 1.538053e+00 1.168142e-01 6.194690e-02
35498: 1.713781e+00 1.570671e+00 1.535336e+00 1.166078e-01 6.360424e-02
35498: 1.712522e+00 1.567901e+00 1.537919e+00 1.181658e-01 6.349206e-02
35498: 1.711268e+00 1.568662e+00 1.538732e+00 1.179577e-01 6.338028e-02
35498: 1.711775e+00 1.567663e+00 1.537786e+00 1.195079e-01 6.326889e-02
35498: 1.710526e+00 1.570175e+00 1.536842e+00 1.192982e-01 6.315789e-02
35498: 1.711033e+00 1.567426e+00 1.539405e+00 1.190893e-01 6.304729e-02
35498: 1.709790e+00 1.568182e+00 1.540210e+00 1.188811e-01 6.293706e-02
35498: 1.710297e+00 1.567190e+00 1.541012e+00 1.186736e-01 6.282723e-02
35498: 1.709059e+00 1.569686e+00 1.540070e+00 1.184669e-01 6.271777e-02
35498: 1.709565e+00 1.570435e+00 1.539130e+00 1.182609e-01 6.260870e-02
35498: 1.708333e+00 1.569444e+00 1.539931e+00 1.180556e-01 6.423611e-02
35498: 1.708839e+00 1.570191e+00 1.538995e+00 1.178510e-01 6.412478e-02
35498: 1.707612e+00 1.567474e+00 1.541522e+00 1.193772e-01 6.401384e-02
35498: 1.708117e+00 1.566494e+00 1.540587e+00 1.208981e-01 6.390328e-02
35498: 1.706897e+00 1.568966e+00 1.539655e+00 1.206897e-01 6.379310e-02
35498: 1.707401e+00 1.569707e+00 1.538726e+00 1.204819e-01 6.368330e-02
35498: 1.706186e+00 1.568729e+00 1.539519e+00 1.219931e-01 6.357388e-02
35498: 1.706690e+00 1.569468e+00 1.538593e+00 1.217839e-01 6.346484e-02
35498: 1.705479e+00 1.570205e+00 1.539384e+00 1.215753e-01 6.335616e-02
35498: 1.705983e+00 1.569231e+00 1.540171e+00 1.213675e-01 6.324786e-02
35498: 1.704778e+00 1.569966e+00 1.540956e+00 1.211604e-01 6.313993e-02
35498: 1.705281e+00 1.570698e+00 1.540034e+00 1.209540e-01 6.303237e-02
35498: 1.704082e+00 1.568027e+00 1.544218e+00 1.207483e-01 6.292517e-02
35498: 1.704584e+00 1.568761e+00 1.543294e+00 1.205433e-01 6.281834e-02
35498: 1.705085e+00 1.569492e+00 1.542373e+00 1.203390e-01 6.271186e-02
35498: 1.703892e+00 1.568528e+00 1.544839e+00 1.201354e-01 6.260575e-02
35498: 1.704392e+00 1.569257e+00 1.543919e+00 1.199324e-01 6.250000e-02
35498: 1.703204e+00 1.569983e+00 1.544688e+00 1.197302e-01 6.239460e-02
35498: 1.703704e+00 1.570707e+00 1.542088e+00 1.212121e-01 6.228956e-02
35498: 1.702521e+00 1.568067e+00 1.546218e+00 1.210084e-01 6.218487e-02
35498: 1.704698e+00 1.568792e+00 1.543624e+00 1.208054e-01 6.208054e-02
35498: 1.703518e+00 1.569514e+00 1.542714e+00 1.222781e-01 6.197655e-02
35498: 1.704013e+00 1.570234e+00 1.540134e+00 1.237458e-01 6.187291e-02
35498: 1.702838e+00 1.569282e+00 1.542571e+00 1.235392e-01 6.176962e-02
35498: 1.705000e+00 1.568333e+00 1.541667e+00 1.233333e-01 6.166667e-02
35498: 1.705491e+00 1.570715e+00 1.539101e+00 1.231281e-01 6.156406e-02
35498: 1.704319e+00 1.571429e+00 1.539867e+00 1.229236e-01 6.146179e-02
35498: 1.703151e+00 1.570481e+00 1.542289e+00 1.227197e-01 6.135987e-02
35498: 1.703642e+00 1.567881e+00 1.544702e+00 1.225166e-01 6.125828e-02
35498: 1.702479e+00 1.568595e+00 1.545455e+00 1.223140e-01 6.115702e-02
35498: 1.704620e+00 1.567657e+00 1.544554e+00 1.221122e-01 6.105611e-02
35498: 1.703460e+00 1.568369e+00 1.545305e+00 1.219110e-01 6.095552e-02
35498: 1.703947e+00 1.567434e+00 1.546053e+00 1.217105e-01 6.085526e-02
35498: 1.704433e+00 1.568144e+00 1.545156e+00 1.215107e-01 6.075534e-02
35498: 1.704918e+00 1.567213e+00 1.545902e+00 1.213115e-01 6.065574e-02
35498: 1.703764e+00 1.567921e+00 1.545008e+00 1.211129e-01 6.219313e-02
35498: 1.702614e+00 1.568627e+00 1.545752e+00 1.209150e-01 6.209150e-02
35498: 1.703100e+00 1.569331e+00 1.543230e+00 1.223491e-01 6.199021e-02
35498: 1.701954e+00 1.570033e+00 1.542345e+00 1.221498e-01 6.351792e-02
35498: 1.700813e+00 1.569106e+00 1.544715e+00 1.219512e-01 6.341463e-02
35498: 1.702922e+00 1.568182e+00 1.543831e+00 1.217532e-01 6.331169e-02
35498: 1.703404e+00 1.570502e+00 1.541329e+00 1.215559e-01 6.320908e-02
35498: 1.702265e+00 1.567961e+00 1.543689e+00 1.229773e-01 6.310680e-02
35498: 1.702746e+00 1.568659e+00 1.542811e+00 1.227787e-01 6.300485e-02
35498: 1.701613e+00 1.569355e+00 1.541935e+00 1.225806e-01 6.451613e-02
35498: 1.700483e+00 1.568438e+00 1.544283e+00 1.223833e-01 6.441224e-02
35498: 1.700965e+00 1.569132e+00 1.541801e+00 1.237942e-01 6.430868e-02
35498: 1.699839e+00 1.571429e+00 1.540931e+00 1.235955e-01 6.420546e-02
35498: 1.698718e+00 1.572115e+00 1.541667e+00 1.233974e-01 6.410256e-02
35498: 1.700800e+00 1.569600e+00 1.542400e+00 1.232000e-01 6.400000e-02
35498: 1.699681e+00 1.571885e+00 1.541534e+00 1.230032e-01 6.389776e-02
35498: 1.700159e+00 1.570973e+00 1.542265e+00 1.228070e-01 6.379585e-02
35498: 1.699045e+00 1.571656e+00 1.542994e+00 1.226115e-01 6.369427e-02
35498: 1.699523e+00 1.570747e+00 1.543720e+00 1.224165e-01 6.359300e-02
35498: 1.700000e+00 1.569841e+00 1.544444e+00 1.222222e-01 6.349206e-02
35498: 1.700475e+00 1.570523e+00 1.543582e+00 1.220285e-01 6.339144e-02
35498: 1.699367e+00 1.569620e+00 1.545886e+00 1.218354e-01 6.329114e-02
35498: 1.698262e+00 1.570300e+00 1.546603e+00 1.216430e-01 6.319115e-02
35498: 1.698738e+00 1.570978e+00 1.545741e+00 1.214511e-01 6.309148e-02
35498: 1.697638e+00 1.570079e+00 1.546457e+00 1.228346e-01 6.299213e-02
35498: 1.696541e+00 1.569182e+00 1.548742e+00 1.226415e-01 6.289308e-02
35498: 1.695447e+00 1.569859e+00 1.547881e+00 1.240188e-01 6.279435e-02
35498: 1.695925e+00 1.570533e+00 1.547022e+00 1.238245e-01 6.269592e-02
35498: 1.694836e+00 1.568075e+00 1.550861e+00 1.236307e-01 6.259781e-02
35498: 1.695312e+00 1.567187e+00 1.551562e+00 1.234375e-01 6.250000e-02
35498: 1.694228e+00 1.569423e+00 1.550702e+00 1.232449e-01 6.240250e-02
35498: 1.694704e+00 1.568536e+00 1.549844e+00 1.230530e-01 6.386293e-02
35498: 1.695179e+00 1.570762e+00 1.547434e+00 1.228616e-01 6.376361e-02
35498: 1.694099e+00 1.571429e+00 1.548137e+00 1.226708e-01 6.366460e-02
35498: 1.693023e+00 1.572093e+00 1.548837e+00 1.224806e-01 6.356589e-02
35498: 1.693498e+00 1.571207e+00 1.549536e+00 1.222910e-01 6.346749e-02
35498: 1.693972e+00 1.571870e+00 1.548686e+00 1.221020e-01 6.336940e-02
35498: 1.692901e+00 1.570988e+00 1.550926e+00 1.219136e-01 6.327160e-02
35498: 1.691834e+00 1.570108e+00 1.553159e+00 1.217257e-01 6.317411e-02
35498: 1.690769e+00 1.570769e+00 1.553846e+00 1.215385e-01 6.307692e-02
35498: 1.689708e+00 1.569892e+00 1.556068e+00 1.213518e-01 6.298003e-02
35498: 1.688650e+00 1.572086e+00 1.555215e+00 1.211656e-01 6.288344e-02
35498: 1.689127e+00 1.569678e+00 1.557427e+00 1.209801e-01 6.278714e-02
35498: 1.688073e+00 1.573394e+00 1.555046e+00 1.207951e-01 6.269113e-02
35498: 1.690076e+00 1.570992e+00 1.555725e+00 1.206107e-01 6.259542e-02
35498: 1.689024e+00 1.570122e+00 1.557927e+00 1.204268e-01 6.250000e-02
35498: 1.687976e+00 1.569254e+00 1.558600e+00 1.217656e-01 6.240487e-02
35498: 1.688450e+00 1.569909e+00 1.557751e+00 1.215805e-01 6.231003e-02
35498: 1.687405e+00 1.570561e+00 1.558422e+00 1.213961e-01 6.221548e-02
35498: 1.686364e+00 1.571212e+00 1.559091e+00 1.212121e-01 6.212121e-02
35498: 1.685325e+00 1.573374e+00 1.558245e+00 1.210287e-01 6.202723e-02
35498: 1.685801e+00 1.572508e+00 1.558912e+00 1.208459e-01 6.193353e-02
35498: 1.684766e+00 1.574661e+00 1.558069e+00 1.206637e-01 6.184012e-02
35498: 1.683735e+00 1.573795e+00 1.560241e+00 1.204819e-01 6.174699e-02
35498: 1.684211e+00 1.571429e+00 1.560902e+00 1.218045e-01 6.165414e-02
35498: 1.683183e+00 1.572072e+00 1.560060e+00 1.231231e-01 6.156156e-02
35498: 1.682159e+00 1.572714e+00 1.560720e+00 1.229385e-01 6.146927e-02
35498: 1.681138e+00 1.571856e+00 1.562874e+00 1.227545e-01 6.137725e-02
35498: 1.683109e+00 1.569507e+00 1.563528e+00 1.225710e-01 6.128550e-02
35498: 1.682090e+00 1.573134e+00 1.561194e+00 1.223881e-01 6.119403e-02
35498: 1.684054e+00 1.570790e+00 1.561848e+00 1.222057e-01 6.110283e-02
35498: 1.683036e+00 1.572917e+00 1.561012e+00 1.220238e-01 6.101190e-02
35498: 1.682021e+00 1.572065e+00 1.561664e+00 1.233284e-01 6.092125e-02
35498: 1.682493e+00 1.569733e+00 1.563798e+00 1.231454e-01 6.083086e-02
35498: 1.681481e+00 1.571852e+00 1.561481e+00 1.244444e-01 6.074074e-02
35498: 1.681953e+00 1.569527e+00 1.563609e+00 1.242604e-01 6.065089e-02
35498: 1.682422e+00 1.570162e+00 1.562777e+00 1.240768e-01 6.056130e-02
35498: 1.681416e+00 1.567847e+00 1.566372e+00 1.238938e-01 6.047198e-02
35498: 1.683358e+00 1.568483e+00 1.564065e+00 1.237113e-01 6.038292e-02
35498: 1.682353e+00 1.567647e+00 1.566176e+00 1.235294e-01 6.029412e-02
35498: 1.682819e+00 1.566814e+00 1.566814e+00 1.233480e-01 6.020558e-02
35498: 1.681818e+00 1.570381e+00 1.564516e+00 1.231672e-01 6.011730e-02
35498: 1.682284e+00 1.569546e+00 1.565154e+00 1.229868e-01 6.002928e-02
35498: 1.681287e+00 1.571637e+00 1.564327e+00 1.228070e-01 5.994152e-02
35498: 1.680292e+00 1.573723e+00 1.563504e+00 1.226277e-01 5.985401e-02
35498: 1.679300e+00 1.574344e+00 1.564140e+00 1.224490e-01 5.976676e-02
35498: 1.678311e+00 1.574964e+00 1.564774e+00 1.222707e-01 5.967977e-02
35498: 1.678779e+00 1.574128e+00 1.565407e+00 1.220930e-01 5.959302e-02
35498: 1.677794e+00 1.574746e+00 1.566038e+00 1.219158e-01 5.950653e-02
35498: 1.676812e+00 1.573913e+00 1.568116e+00 1.217391e-01 5.942029e-02
35498: 1.677279e+00 1.571635e+00 1.568741e+00 1.230101e-01 5.933430e-02
35498: 1.676301e+00 1.570809e+00 1.570809e+00 1.228324e-01 5.924855e-02
35498: 1.675325e+00 1.572872e+00 1.568543e+00 1.240981e-01 5.916306e-02
35498: 1.677233e+00 1.572046e+00 1.567723e+00 1.239193e-01 5.907781e-02
35498: 1.676259e+00 1.571223e+00 1.569784e+00 1.237410e-01 5.899281e-02
35498: 1.675287e+00 1.571839e+00 1.570402e+00 1.235632e-01 5.890805e-02
35498: 1.675753e+00 1.572453e+00 1.568149e+00 1.248207e-01 5.882353e-02
35498: 1.676218e+00 1.571633e+00 1.568768e+00 1.246418e-01 5.873926e-02
35498: 1.675250e+00 1.572246e+00 1.569385e+00 1.244635e-01 5.865522e-02
35498: 1.674286e+00 1.572857e+00 1.570000e+00 1.242857e-01 5.857143e-02
35498: 1.673324e+00 1.572040e+00 1.569187e+00 1.269615e-01 5.848787e-02
35498: 1.673789e+00 1.572650e+00 1.568376e+00 1.267806e-01 5.840456e-02
35498: 1.672831e+00 1.570413e+00 1.571835e+00 1.266003e-01 5.832148e-02
35498: 1.671875e+00 1.572443e+00 1.569602e+00 1.278409e-01 5.823864e-02
35498: 1.672340e+00 1.573050e+00 1.568794e+00 1.276596e-01 5.815603e-02
35498: 1.672805e+00 1.570822e+00 1.570822e+00 1.274788e-01 5.807365e-02
35498: 1.671853e+00 1.570014e+00 1.570014e+00 1.287129e-01 5.940594e-02
35498: 1.670904e+00 1.570621e+00 1.569209e+00 1.299435e-01 5.932203e-02
35498: 1.672779e+00 1.569817e+00 1.568406e+00 1.297602e-01 5.923836e-02
35498: 1.671831e+00 1.571831e+00 1.567606e+00 1.295775e-01 5.915493e-02
35498: 1.672293e+00 1.572433e+00 1.566807e+00 1.293952e-01 5.907173e-02
35498: 1.671348e+00 1.570225e+00 1.568820e+00 1.292135e-01 6.039326e-02
35498: 1.671809e+00 1.569425e+00 1.568022e+00 1.290323e-01 6.171108e-02
35498: 1.672269e+00 1.570028e+00 1.567227e+00 1.288515e-01 6.162465e-02
35498: 1.671329e+00 1.569231e+00 1.569231e+00 1.286713e-01 6.153846e-02
35498: 1.671788e+00 1.571229e+00 1.567039e+00 1.284916e-01 6.145251e-02
35498: 1.670851e+00 1.569038e+00 1.570432e+00 1.283124e-01 6.136681e-02
35498: 1.669916e+00 1.568245e+00 1.571031e+00 1.295265e-01 6.128134e-02
35498: 1.670376e+00 1.568846e+00 1.570236e+00 1.293463e-01 6.119611e-02
35498: 1.670833e+00 1.569444e+00 1.569444e+00 1.291667e-01 6.111111e-02
35498: 1.669903e+00 1.570042e+00 1.570042e+00 1.289875e-01 6.102635e-02
35498: 1.668975e+00 1.569252e+00 1.569252e+00 1.301939e-01 6.232687e-02
35498: 1.668050e+00 1.568465e+00 1.571231e+00 1.300138e-01 6.224066e-02
35498: 1.668508e+00 1.567680e+00 1.571823e+00 1.298343e-01 6.215470e-02
35498: 1.668966e+00 1.568276e+00 1.571034e+00 1.296552e-01 6.206897e-02
35498: 1.668044e+00 1.567493e+00 1.573003e+00 1.294766e-01 6.198347e-02
35498: 1.667125e+00 1.566713e+00 1.573590e+00 1.306740e-01 6.189821e-02
35498: 1.666209e+00 1.567308e+00 1.574176e+00 1.304945e-01 6.181319e-02
35498: 1.668038e+00 1.566529e+00 1.573388e+00 1.303155e-01 6.172840e-02
35498: 1.667123e+00 1.568493e+00 1.572603e+00 1.301370e-01 6.164384e-02
35498: 1.666211e+00 1.570451e+00 1.570451e+00 1.313269e-01 6.155951e-02
35498: 1.665301e+00 1.571038e+00 1.568306e+00 1.338798e-01 6.147541e-02
35498: 1.665757e+00 1.570259e+00 1.567531e+00 1.336971e-01 6.275580e-02
35498: 1.664850e+00 1.570845e+00 1.568120e+00 1.335150e-01 6.267030e-02
35498: 1.663946e+00 1.571429e+00 1.567347e+00 1.346939e-01 6.258503e-02
35498: 1.663043e+00 1.572011e+00 1.567935e+00 1.345109e-01 6.250000e-02
35498: 1.662144e+00 1.572592e+00 1.568521e+00 1.343284e-01 6.241520e-02
35498: 1.661247e+00 1.574526e+00 1.567751e+00 1.341463e-01 6.233062e-02
35498: 1.661705e+00 1.572395e+00 1.568336e+00 1.353180e-01 6.224628e-02
35498: 1.660811e+00 1.574324e+00 1.567568e+00 1.351351e-01 6.216216e-02
35498: 1.661269e+00 1.574899e+00 1.566802e+00 1.349528e-01 6.207827e-02
35498: 1.660377e+00 1.572776e+00 1.570081e+00 1.347709e-01 6.199461e-02
35498: 1.660834e+00 1.570659e+00 1.570659e+00 1.359354e-01 6.191117e-02
35498: 1.659946e+00 1.571237e+00 1.569892e+00 1.370968e-01 6.182796e-02
35498: 1.659060e+00 1.570470e+00 1.571812e+00 1.369128e-01 6.174497e-02
35498: 1.659517e+00 1.569705e+00 1.571046e+00 1.380697e-01 6.166220e-02
35498: 1.658635e+00 1.571620e+00 1.570281e+00 1.378849e-01 6.157965e-02
35498: 1.657754e+00 1.570856e+00 1.569519e+00 1.403743e-01 6.149733e-02
35498: 1.658211e+00 1.570093e+00 1.570093e+00 1.401869e-01 6.141522e-02
35498: 1.657333e+00 1.570667e+00 1.569333e+00 1.413333e-01 6.133333e-02
35498: 1.657790e+00 1.571238e+00 1.568575e+00 1.411451e-01 6.125166e-02
35498: 1.656915e+00 1.570479e+00 1.570479e+00 1.409574e-01 6.117021e-02
35498: 1.656042e+00 1.572377e+00 1.568393e+00 1.420983e-01 6.108898e-02
35498: 1.656499e+00 1.572944e+00 1.567639e+00 1.419098e-01 6.100796e-02
35498: 1.655629e+00 1.570861e+00 1.570861e+00 1.417219e-01 6.092715e-02
35498: 1.657407e+00 1.568783e+00 1.570106e+00 1.428571e-01 6.084656e-02
35498: 1.657860e+00 1.569353e+00 1.569353e+00 1.426684e-01 6.076618e-02
35498: 1.656992e+00 1.569921e+00 1.569921e+00 1.424802e-01 6.068602e-02
35498: 1.656126e+00 1.571805e+00 1.567852e+00 1.436100e-01 6.060606e-02
35498: 1.656579e+00 1.569737e+00 1.568421e+00 1.447368e-01 6.052632e-02
35498: 1.655716e+00 1.570302e+00 1.568988e+00 1.445466e-01 6.044678e-02
35498: 1.654856e+00 1.569554e+00 1.570866e+00 1.443570e-01 6.036745e-02
35498: 1.655308e+00 1.570118e+00 1.570118e+00 1.441678e-01 6.028834e-02
35498: 1.654450e+00 1.569372e+00 1.570681e+00 1.452880e-01 6.020942e-02
35498: 1.653595e+00 1.572549e+00 1.568627e+00 1.450980e-01 6.013072e-02
35498: 1.654047e+00 1.570496e+00 1.569191e+00 1.449086e-01 6.135770e-02
35498: 1.653194e+00 1.569752e+00 1.571056e+00 1.447197e-01 6.127771e-02
35498: 1.652344e+00 1.571615e+00 1.570312e+00 1.445312e-01 6.119792e-02
35498: 1.652796e+00 1.570871e+00 1.568270e+00 1.469441e-01 6.111834e-02
35498: 1.651948e+00 1.571429e+00 1.567532e+00 1.480519e-01 6.103896e-02
35498: 1.652399e+00 1.570687e+00 1.568093e+00 1.478599e-01 6.095979e-02
35498: 1.651554e+00 1.571244e+00 1.568653e+00 1.476684e-01 6.088083e-02
35498: 1.650712e+00 1.573092e+00 1.567917e+00 1.474774e-01 6.080207e-02
35498: 1.649871e+00 1.572351e+00 1.568475e+00 1.472868e-01 6.201550e-02
35498: 1.650323e+00 1.570323e+00 1.570323e+00 1.470968e-01 6.193548e-02
35498: 1.649485e+00 1.569588e+00 1.570876e+00 1.481959e-01 6.185567e-02
35498: 1.648649e+00 1.568855e+00 1.572716e+00 1.480051e-01 6.177606e-02
35498: 1.649100e+00 1.570694e+00 1.570694e+00 1.478149e-01 6.169666e-02
35498: 1.649551e+00 1.568678e+00 1.571245e+00 1.489089e-01 6.161746e-02
35498: 1.648718e+00 1.570513e+00 1.570513e+00 1.487179e-01 6.153846e-02
35498: 1.649168e+00 1.571063e+00 1.568502e+00 1.498079e-01 6.145967e-02
35498: 1.648338e+00 1.569054e+00 1.571611e+00 1.496164e-01 6.138107e-02
35498: 1.648787e+00 1.570881e+00 1.569604e+00 1.494253e-01 6.130268e-02
35498: 1.647959e+00 1.571429e+00 1.570153e+00 1.492347e-01 6.122449e-02
35498: 1.647134e+00 1.571975e+00 1.569427e+00 1.503185e-01 6.114650e-02
35498: 1.646310e+00 1.572519e+00 1.569975e+00 1.501272e-01 6.106870e-02
35498: 1.646760e+00 1.573062e+00 1.569250e+00 1.499365e-01 6.099111e-02
35498: 1.645939e+00 1.571066e+00 1.571066e+00 1.510152e-01 6.091371e-02
35498: 1.646388e+00 1.569075e+00 1.571610e+00 1.520913e-01 6.083650e-02
35498: 1.645570e+00 1.569620e+00 1.572152e+00 1.518987e-01 6.075949e-02
35498: 1.647282e+00 1.570164e+00 1.570164e+00 1.517067e-01 6.068268e-02
35498: 1.646465e+00 1.568182e+00 1.570707e+00 1.540404e-01 6.060606e-02
35498: 1.646910e+00 1.568726e+00 1.569987e+00 1.538462e-01 6.052963e-02
35498: 1.646096e+00 1.570529e+00 1.569270e+00 1.536524e-01 6.045340e-02
35498: 1.646541e+00 1.569811e+00 1.568553e+00 1.547170e-01 6.037736e-02
35498: 1.645729e+00 1.571608e+00 1.567839e+00 1.545226e-01 6.030151e-02
35498: 1.646173e+00 1.569636e+00 1.569636e+00 1.543287e-01 6.022585e-02
35498: 1.645363e+00 1.572682e+00 1.567669e+00 1.541353e-01 6.015038e-02
35498: 1.647059e+00 1.571965e+00 1.566959e+00 1.539424e-01 6.007509e-02
35498: 1.647500e+00 1.572500e+00 1.566250e+00 1.537500e-01 6.000000e-02
35498: 1.646692e+00 1.571785e+00 1.568040e+00 1.535581e-01 5.992509e-02
35498: 1.647132e+00 1.572319e+00 1.567332e+00 1.533666e-01 5.985037e-02
35498: 1.646326e+00 1.570361e+00 1.569116e+00 1.544209e-01 5.977584e-02
35498: 1.646766e+00 1.568408e+00 1.570896e+00 1.542289e-01 5.970149e-02
35498: 1.645963e+00 1.570186e+00 1.570186e+00 1.540373e-01 5.962733e-02
35498: 1.646402e+00 1.568238e+00 1.570720e+00 1.550868e-01 5.955335e-02
35498: 1.645601e+00 1.570012e+00 1.570012e+00 1.548947e-01 5.947955e-02
35498: 1.647277e+00 1.569307e+00 1.568069e+00 1.559406e-01 5.940594e-02
35498: 1.646477e+00 1.569839e+00 1.567367e+00 1.569839e-01 5.933251e-02
35498: 1.645679e+00 1.570370e+00 1.567901e+00 1.567901e-01 5.925926e-02
35498: 1.646116e+00 1.570900e+00 1.567201e+00 1.565968e-01 5.918619e-02
35498: 1.645320e+00 1.570197e+00 1.568966e+00 1.564039e-01 5.911330e-02
35498: 1.644526e+00 1.570726e+00 1.569496e+00 1.562116e-01 5.904059e-02
35498: 1.644963e+00 1.570025e+00 1.570025e+00 1.560197e-01 5.896806e-02
35498: 1.644172e+00 1.570552e+00 1.569325e+00 1.570552e-01 5.889571e-02
35498: 1.643382e+00 1.569853e+00 1.571078e+00 1.568627e-01 5.882353e-02
35498: 1.645043e+00 1.570379e+00 1.569155e+00 1.566707e-01 5.875153e-02
35498: 1.645477e+00 1.568460e+00 1.570905e+00 1.564792e-01 5.867971e-02
35498: 1.645910e+00 1.568987e+00 1.570208e+00 1.562882e-01 5.860806e-02
35498: 1.646341e+00 1.568293e+00 1.570732e+00 1.560976e-01 5.853659e-02
35498: 1.645554e+00 1.570037e+00 1.570037e+00 1.559074e-01 5.846529e-02
35498: 1.645985e+00 1.569343e+00 1.568127e+00 1.569343e-01 5.961071e-02
35498: 1.646416e+00 1.571081e+00 1.566221e+00 1.567436e-01 5.953827e-02
35498: 1.645631e+00 1.569175e+00 1.569175e+00 1.565534e-01 5.946602e-02
35498: 1.646061e+00 1.569697e+00 1.567273e+00 1.575758e-01 5.939394e-02
35498: 1.645278e+00 1.569007e+00 1.567797e+00 1.585956e-01 5.932203e-02
35498: 1.644498e+00 1.569528e+00 1.567110e+00 1.596131e-01 5.925030e-02
35498: 1.644928e+00 1.571256e+00 1.565217e+00 1.594203e-01 5.917874e-02
35498: 1.645356e+00 1.569361e+00 1.566948e+00 1.592280e-01 5.910736e-02
35498: 1.644578e+00 1.571084e+00 1.565060e+00 1.590361e-01 6.024096e-02
35498: 1.646209e+00 1.570397e+00 1.564380e+00 1.588448e-01 6.016847e-02
35498: 1.645433e+00 1.570913e+00 1.564904e+00 1.586538e-01 6.009615e-02
35498: 1.644658e+00 1.572629e+00 1.564226e+00 1.584634e-01 6.002401e-02
35498: 1.643885e+00 1.573141e+00 1.564748e+00 1.582734e-01 5.995204e-02
35498: 1.643114e+00 1.573653e+00 1.564072e+00 1.592814e-01 5.988024e-02
35498: 1.644737e+00 1.572967e+00 1.563397e+00 1.590909e-01 5.980861e-02
35498: 1.643967e+00 1.573477e+00 1.562724e+00 1.600956e-01 5.973716e-02
35498: 1.643198e+00 1.573986e+00 1.563246e+00 1.599045e-01 5.966587e-02
35498: 1.643623e+00 1.574493e+00 1.562574e+00 1.597139e-01 5.959476e-02
35498: 1.642857e+00 1.573810e+00 1.564286e+00 1.595238e-01 5.952381e-02
35498: 1.642093e+00 1.574316e+00 1.564804e+00 1.593341e-01 5.945303e-02
35498: 1.641330e+00 1.573634e+00 1.566508e+00 1.591449e-01 5.938242e-02
35498: 1.641756e+00 1.574140e+00 1.565836e+00 1.589561e-01 5.931198e-02
35498: 1.642180e+00 1.572275e+00 1.567536e+00 1.587678e-01 5.924171e-02
35498: 1.641420e+00 1.572781e+00 1.568047e+00 1.585799e-01 5.917160e-02
35498: 1.640662e+00 1.573286e+00 1.568558e+00 1.583924e-01 5.910165e-02
35498: 1.641086e+00 1.572609e+00 1.569067e+00 1.582054e-01 5.903188e-02
35498: 1.641509e+00 1.571934e+00 1.569575e+00 1.580189e-01 5.896226e-02
35498: 1.640754e+00 1.572438e+00 1.570082e+00 1.578327e-01 5.889282e-02
35498: 1.640000e+00 1.572941e+00 1.569412e+00 1.588235e-01 5.882353e-02
35498: 1.639248e+00 1.573443e+00 1.569918e+00 1.586369e-01 5.875441e-02
35498: 1.639671e+00 1.573944e+00 1.569249e+00 1.584507e-01 5.868545e-02
35498: 1.640094e+00 1.572098e+00 1.570926e+00 1.582649e-01 5.861665e-02
35498: 1.639344e+00 1.573770e+00 1.569087e+00 1.592506e-01 5.854801e-02
35498: 1.638596e+00 1.574269e+00 1.569591e+00 1.590643e-01 5.847953e-02
35498: 1.639019e+00 1.574766e+00 1.568925e+00 1.588785e-01 5.841121e-02
35498: 1.638273e+00 1.575263e+00 1.569428e+00 1.586931e-01 5.834306e-02
35498: 1.637529e+00 1.574592e+00 1.569930e+00 1.596737e-01 5.827506e-02
35498: 1.637951e+00 1.572759e+00 1.570431e+00 1.594878e-01 5.937136e-02
35498: 1.638372e+00 1.573256e+00 1.568605e+00 1.604651e-01 5.930233e-02
35498: 1.637631e+00 1.572590e+00 1.570267e+00 1.602787e-01 5.923345e-02
35498: 1.636891e+00 1.570766e+00 1.570766e+00 1.612529e-01 6.032483e-02
35498: 1.638470e+00 1.570104e+00 1.568946e+00 1.622248e-01 6.025492e-02
35498: 1.638889e+00 1.570602e+00 1.568287e+00 1.620370e-01 6.018519e-02
35498: 1.638150e+00 1.569942e+00 1.569942e+00 1.618497e-01 6.011561e-02
35498: 1.637413e+00 1.571594e+00 1.569284e+00 1.616628e-01 6.004619e-02
35498: 1.636678e+00 1.573241e+00 1.568627e+00 1.614764e-01 5.997693e-02
35498: 1.635945e+00 1.573733e+00 1.569124e+00 1.612903e-01 5.990783e-02
35498: 1.635213e+00 1.575374e+00 1.568470e+00 1.611047e-01 5.983890e-02
35498: 1.634483e+00 1.577011e+00 1.567816e+00 1.609195e-01 5.977011e-02
35498: 1.633754e+00 1.577497e+00 1.568312e+00 1.607348e-01 5.970149e-02
35498: 1.633028e+00 1.579128e+00 1.567661e+00 1.605505e-01 5.963303e-02
35498: 1.632302e+00 1.579611e+00 1.567010e+00 1.615120e-01 5.956472e-02
35498: 1.631579e+00 1.580092e+00 1.566362e+00 1.613272e-01 6.064073e-02
35498: 1.630857e+00 1.579429e+00 1.568000e+00 1.611429e-01 6.057143e-02
35498: 1.631279e+00 1.579909e+00 1.567352e+00 1.609589e-01 6.050228e-02
35498: 1.631699e+00 1.579247e+00 1.567845e+00 1.607754e-01 6.043330e-02
35498: 1.630979e+00 1.578588e+00 1.569476e+00 1.605923e-01 6.036446e-02
35498: 1.631399e+00 1.577929e+00 1.569966e+00 1.604096e-01 6.029579e-02
35498: 1.631818e+00 1.577273e+00 1.570455e+00 1.602273e-01 6.022727e-02
35498: 1.631101e+00 1.577753e+00 1.568672e+00 1.623156e-01 6.015891e-02
35498: 1.630385e+00 1.577098e+00 1.570295e+00 1.621315e-01 6.009070e-02
35498: 1.629672e+00 1.577576e+00 1.569649e+00 1.630804e-01 6.002265e-02
35498: 1.628959e+00 1.576923e+00 1.571267e+00 1.628959e-01 5.995475e-02
35498: 1.629379e+00 1.576271e+00 1.570621e+00 1.638418e-01 5.988701e-02
35498: 1.628668e+00 1.576749e+00 1.569977e+00 1.647856e-01 5.981941e-02
35498: 1.627959e+00 1.577227e+00 1.570462e+00 1.645998e-01 5.975197e-02
35498: 1.628378e+00 1.577703e+00 1.568694e+00 1.655405e-01 5.968468e-02
35498: 1.627672e+00 1.575928e+00 1.570304e+00 1.664792e-01 5.961755e-02
35498: 1.628090e+00 1.575281e+00 1.569663e+00 1.674157e-01 5.955056e-02
35498: 1.627385e+00 1.575758e+00 1.570146e+00 1.672278e-01 5.948373e-02
35498: 1.626682e+00 1.576233e+00 1.569507e+00 1.681614e-01 5.941704e-02
35498: 1.625980e+00 1.576708e+00 1.568869e+00 1.690929e-01 5.935050e-02
35498: 1.625280e+00 1.577181e+00 1.569351e+00 1.689038e-01 5.928412e-02
35498: 1.624581e+00 1.577654e+00 1.569832e+00 1.687151e-01 5.921788e-02
35498: 1.625000e+00 1.577009e+00 1.569196e+00 1.685268e-01 6.026786e-02
35498: 1.624303e+00 1.577480e+00 1.568562e+00 1.694537e-01 6.020067e-02
35498: 1.623608e+00 1.576837e+00 1.570156e+00 1.692650e-01 6.013363e-02
35498: 1.622914e+00 1.578420e+00 1.568409e+00 1.701891e-01 6.006674e-02
35498: 1.623333e+00 1.576667e+00 1.568889e+00 1.700000e-01 6.111111e-02
35498: 1.623751e+00 1.577137e+00 1.568257e+00 1.698113e-01 6.104329e-02
35498: 1.623060e+00 1.576497e+00 1.569845e+00 1.696231e-01 6.097561e-02
35498: 1.623477e+00 1.576966e+00 1.569214e+00 1.694352e-01 6.090808e-02
35498: 1.622788e+00 1.576327e+00 1.569690e+00 1.703540e-01 6.084071e-02
35498: 1.623204e+00 1.575691e+00 1.570166e+00 1.701657e-01 6.077348e-02
35498: 1.622517e+00 1.576159e+00 1.569536e+00 1.710817e-01 6.070640e-02
35498: 1.621830e+00 1.577729e+00 1.568908e+00 1.708931e-01 6.063947e-02
35498: 1.621145e+00 1.578194e+00 1.569383e+00 1.707048e-01 6.057269e-02
35498: 1.621562e+00 1.578658e+00 1.568757e+00 1.705171e-01 6.050605e-02
35498: 1.620879e+00 1.578022e+00 1.570330e+00 1.703297e-01 6.043956e-02
35498: 1.620198e+00 1.578485e+00 1.569704e+00 1.712404e-01 6.037322e-02
35498: 1.619518e+00 1.578947e+00 1.570175e+00 1.710526e-01 6.030702e-02
35498: 1.618839e+00 1.579409e+00 1.569551e+00 1.719606e-01 6.024096e-02
35498: 1.619256e+00 1.578775e+00 1.570022e+00 1.717724e-01 6.017505e-02
35498: 1.619672e+00 1.578142e+00 1.569399e+00 1.726776e-01 6.010929e-02
35498: 1.620087e+00 1.578603e+00 1.568777e+00 1.724891e-01 6.004367e-02
35498: 1.619411e+00 1.577972e+00 1.570338e+00 1.723010e-01 5.997819e-02
35498: 1.618736e+00 1.577342e+00 1.570806e+00 1.732026e-01 5.991285e-02
35498: 1.618063e+00 1.577802e+00 1.570185e+00 1.741023e-01 5.984766e-02
35498: 1.617391e+00 1.578261e+00 1.569565e+00 1.750000e-01 5.978261e-02
35498: 1.617807e+00 1.577633e+00 1.570033e+00 1.748100e-01 5.971770e-02
35498: 1.618221e+00 1.578091e+00 1.568330e+00 1.757050e-01 5.965293e-02
35498: 1.617551e+00 1.576381e+00 1.569881e+00 1.765980e-01 5.958830e-02
35498: 1.617965e+00 1.574675e+00 1.571429e+00 1.764069e-01 5.952381e-02
35498: 1.618378e+00 1.575135e+00 1.569730e+00 1.772973e-01 5.945946e-02
35498: 1.617711e+00 1.574514e+00 1.571274e+00 1.771058e-01 5.939525e-02
35498: 1.617044e+00 1.573894e+00 1.570658e+00 1.790723e-01 5.933118e-02
35498: 1.616379e+00 1.574353e+00 1.570043e+00 1.799569e-01 5.926724e-02
35498: 1.615716e+00 1.574812e+00 1.569429e+00 1.808396e-01 5.920344e-02
35498: 1.616129e+00 1.574194e+00 1.569892e+00 1.806452e-01 5.913978e-02
35498: 1.615467e+00 1.574651e+00 1.570354e+00 1.804511e-01 5.907626e-02
35498: 1.614807e+00 1.574034e+00 1.570815e+00 1.813305e-01 5.901288e-02
35498: 1.615220e+00 1.573419e+00 1.570204e+00 1.822079e-01 5.894962e-02
35498: 1.614561e+00 1.572805e+00 1.569593e+00 1.841542e-01 5.888651e-02
35498: 1.614973e+00 1.572193e+00 1.570053e+00 1.839572e-01 5.882353e-02
35498: 1.614316e+00 1.571581e+00 1.570513e+00 1.848291e-01 5.876068e-02
35498: 1.615795e+00 1.570971e+00 1.568837e+00 1.856990e-01 5.869797e-02
35498: 1.615139e+00 1.572495e+00 1.568230e+00 1.855011e-01 5.863539e-02
35498: 1.615548e+00 1.571885e+00 1.568690e+00 1.853035e-01 5.857295e-02
35498: 1.614894e+00 1.571277e+00 1.570213e+00 1.851064e-01 5.851064e-02
35498: 1.615303e+00 1.571732e+00 1.568544e+00 1.859724e-01 5.844846e-02
35498: 1.614650e+00 1.571125e+00 1.570064e+00 1.857749e-01 5.838641e-02
35498: 1.613998e+00 1.570520e+00 1.570520e+00 1.866384e-01 5.832450e-02
35498: 1.614407e+00 1.569915e+00 1.569915e+00 1.875000e-01 5.826271e-02
35498: 1.613757e+00 1.571429e+00 1.569312e+00 1.873016e-01 5.820106e-02
35498: 1.613108e+00 1.571882e+00 1.569767e+00 1.871036e-01 5.813953e-02
35498: 1.612460e+00 1.572334e+00 1.569166e+00 1.879620e-01 5.807814e-02
35498: 1.611814e+00 1.573840e+00 1.568565e+00 1.877637e-01 5.801688e-02
35498: 1.612223e+00 1.572181e+00 1.569020e+00 1.875659e-01 5.900948e-02
35498: 1.611579e+00 1.573684e+00 1.568421e+00 1.873684e-01 5.894737e-02
35498: 1.613039e+00 1.573081e+00 1.567823e+00 1.871714e-01 5.888538e-02
35498: 1.612395e+00 1.574580e+00 1.567227e+00 1.869748e-01 5.882353e-02
35498: 1.611752e+00 1.575026e+00 1.567681e+00 1.867786e-01 5.876180e-02
35498: 1.611111e+00 1.575472e+00 1.568134e+00 1.865828e-01 5.870021e-02
35498: 1.610471e+00 1.574869e+00 1.569634e+00 1.863874e-01 5.863874e-02
35498: 1.610879e+00 1.573222e+00 1.571130e+00 1.861925e-01 5.857741e-02
35498: 1.610240e+00 1.573668e+00 1.570533e+00 1.870428e-01 5.851620e-02
35498: 1.609603e+00 1.573069e+00 1.569937e+00 1.878914e-01 5.949896e-02
35498: 1.610010e+00 1.573514e+00 1.569343e+00 1.876955e-01 5.943691e-02
35498: 1.609375e+00 1.572917e+00 1.569792e+00 1.885417e-01 5.937500e-02
35498: 1.609781e+00 1.573361e+00 1.569199e+00 1.883455e-01 5.931322e-02
35498: 1.609148e+00 1.573805e+00 1.569647e+00 1.881497e-01 5.925156e-02
35498: 1.608515e+00 1.574247e+00 1.569055e+00 1.889927e-01 5.919003e-02
35498: 1.608921e+00 1.572614e+00 1.569502e+00 1.898340e-01 5.912863e-02
35498: 1.609326e+00 1.573057e+00 1.568912e+00 1.896373e-01 5.906736e-02
35498: 1.608696e+00 1.572464e+00 1.569358e+00 1.904762e-01 5.900621e-02
35498: 1.609100e+00 1.571872e+00 1.569804e+00 1.902792e-01 5.894519e-02
35498: 1.609504e+00 1.572314e+00 1.569215e+00 1.900826e-01 5.888430e-02
35498: 1.608875e+00 1.571723e+00 1.570691e+00 1.898865e-01 5.882353e-02
35498: 1.608247e+00 1.572165e+00 1.570103e+00 1.907216e-01 5.876289e-02
35498: 1.607621e+00 1.572606e+00 1.569516e+00 1.915551e-01 5.870237e-02
35498: 1.606996e+00 1.572016e+00 1.570988e+00 1.913580e-01 5.864198e-02
35498: 1.608428e+00 1.571429e+00 1.569373e+00 1.921891e-01 5.858171e-02
35498: 1.607803e+00 1.570842e+00 1.570842e+00 1.919918e-01 5.852156e-02
35498: 1.607179e+00 1.571282e+00 1.570256e+00 1.928205e-01 5.846154e-02
35498: 1.606557e+00 1.572746e+00 1.568648e+00 1.936475e-01 5.840164e-02
35498: 1.606960e+00 1.571136e+00 1.569089e+00 1.944729e-01 5.834186e-02
35498: 1.606339e+00 1.571575e+00 1.569530e+00 1.942740e-01 5.828221e-02
35498: 1.605720e+00 1.572012e+00 1.569969e+00 1.940756e-01 5.822268e-02
35498: 1.606122e+00 1.570408e+00 1.571429e+00 1.938776e-01 5.816327e-02
35498: 1.605505e+00 1.571865e+00 1.569827e+00 1.946993e-01 5.810398e-02
35498: 1.605906e+00 1.570265e+00 1.571283e+00 1.945010e-01 5.804481e-02
35498: 1.605290e+00 1.570702e+00 1.570702e+00 1.953204e-01 5.798576e-02
35498: 1.605691e+00 1.570122e+00 1.570122e+00 1.961382e-01 5.792683e-02
35498: 1.605076e+00 1.570558e+00 1.569543e+00 1.969543e-01 5.786802e-02
35498: 1.604462e+00 1.570994e+00 1.568966e+00 1.977688e-01 5.780933e-02
35498: 1.603850e+00 1.571429e+00 1.569402e+00 1.975684e-01 5.775076e-02
35498: 1.603239e+00 1.570850e+00 1.569838e+00 1.983806e-01 5.769231e-02
35498: 1.603640e+00 1.571284e+00 1.569262e+00 1.981800e-01 5.763397e-02
35498: 1.604040e+00 1.570707e+00 1.569697e+00 1.979798e-01 5.757576e-02
35498: 1.603431e+00 1.571140e+00 1.569122e+00 1.987891e-01 5.751766e-02
35498: 1.602823e+00 1.571573e+00 1.569556e+00 1.985887e-01 5.745968e-02
35498: 1.602216e+00 1.570997e+00 1.570997e+00 1.983887e-01 5.740181e-02
35498: 1.602616e+00 1.570423e+00 1.570423e+00 1.991952e-01 5.734406e-02
35498: 1.602010e+00 1.569849e+00 1.569849e+00 2.010050e-01 5.728643e-02
35498: 1.601406e+00 1.570281e+00 1.570281e+00 2.008032e-01 5.722892e-02
35498: 1.600802e+00 1.571715e+00 1.568706e+00 2.016048e-01 5.717151e-02
35498: 1.602204e+00 1.570140e+00 1.569138e+00 2.014028e-01 5.711423e-02
35498: 1.602603e+00 1.570571e+00 1.568569e+00 2.012012e-01 5.705706e-02
35498: Done!
