Forked 31697
Starting to reopen 0 and 1
Calling execv `tournament0/elexunix.py` (pid 31697)
Strategy 0: first ans is 4
Forked 31721
Starting to reopen 0 and 1
Calling execv `tournament0/pzakorko.py` (pid 31721)
Strategy 1: first ans is 0
Forked 31722
Starting to reopen 0 and 1
Calling execv `tournament0/alex_dany` (pid 31722)
31722: Started!
31722: Number of players: 6, position: 2, number of turns: 1000
31722: Random seed: 4008009079
Strategy 2: first ans is 1
Forked 31723
Starting to reopen 0 and 1
Calling execv `tournament0/lounres.py` (pid 31723)
Strategy 3: first ans is 1
Forked 31724
Starting to reopen 0 and 1
Calling execv `tournament0/the_best_strategy.py` (pid 31724)
Strategy 4: first ans is 0
Forked 31725
Starting to reopen 0 and 1
Calling execv `tournament0/fedro.py` (pid 31725)
Strategy 5: first ans is 0
31722: 3.000000e+00 2.000000e+00 0.000000e+00 0.000000e+00 1.000000e+00 0.000000e+00
31722: 2.500000e+00 1.500000e+00 1.500000e+00 0.000000e+00 5.000000e-01 0.000000e+00
31722: 2.333333e+00 1.666667e+00 1.333333e+00 3.333333e-01 3.333333e-01 0.000000e+00
31722: 2.250000e+00 1.500000e+00 1.500000e+00 5.000000e-01 2.500000e-01 0.000000e+00
31722: 2.400000e+00 1.600000e+00 1.400000e+00 4.000000e-01 2.000000e-01 0.000000e+00
31722: 2.500000e+00 1.333333e+00 1.500000e+00 3.333333e-01 3.333333e-01 0.000000e+00
31722: 2.428571e+00 1.714286e+00 1.285714e+00 2.857143e-01 2.857143e-01 0.000000e+00
31722: 2.375000e+00 1.500000e+00 1.375000e+00 2.500000e-01 5.000000e-01 0.000000e+00
31722: 2.444444e+00 1.555556e+00 1.333333e+00 2.222222e-01 4.444444e-01 0.000000e+00
31722: 2.400000e+00 1.600000e+00 1.300000e+00 3.000000e-01 4.000000e-01 0.000000e+00
31722: 2.363636e+00 1.454545e+00 1.454545e+00 2.727273e-01 3.636364e-01 9.090909e-02
31722: 2.333333e+00 1.500000e+00 1.333333e+00 4.166667e-01 3.333333e-01 8.333333e-02
31722: 2.307692e+00 1.461538e+00 1.307692e+00 4.615385e-01 3.846154e-01 7.692308e-02
31722: 2.357143e+00 1.500000e+00 1.214286e+00 5.000000e-01 3.571429e-01 7.142857e-02
31722: 2.333333e+00 1.466667e+00 1.200000e+00 6.000000e-01 3.333333e-01 6.666667e-02
31722: 2.312500e+00 1.500000e+00 1.250000e+00 5.625000e-01 3.125000e-01 6.250000e-02
31722: 2.352941e+00 1.470588e+00 1.176471e+00 5.882353e-01 3.529412e-01 5.882353e-02
31722: 2.388889e+00 1.555556e+00 1.111111e+00 5.555556e-01 3.333333e-01 5.555556e-02
31722: 2.421053e+00 1.526316e+00 1.105263e+00 5.263158e-01 3.684211e-01 5.263158e-02
31722: 2.450000e+00 1.550000e+00 1.100000e+00 5.000000e-01 3.500000e-01 5.000000e-02
31722: 2.476190e+00 1.571429e+00 1.095238e+00 4.761905e-01 3.333333e-01 4.761905e-02
31722: 2.454545e+00 1.545455e+00 1.136364e+00 5.000000e-01 3.181818e-01 4.545455e-02
31722: 2.434783e+00 1.608696e+00 1.130435e+00 4.782609e-01 3.043478e-01 4.347826e-02
31722: 2.458333e+00 1.541667e+00 1.166667e+00 5.000000e-01 2.916667e-01 4.166667e-02
31722: 2.480000e+00 1.600000e+00 1.120000e+00 4.800000e-01 2.800000e-01 4.000000e-02
31722: 2.500000e+00 1.538462e+00 1.192308e+00 4.615385e-01 2.692308e-01 3.846154e-02
31722: 2.481481e+00 1.555556e+00 1.185185e+00 4.444444e-01 2.962963e-01 3.703704e-02
31722: 2.464286e+00 1.571429e+00 1.214286e+00 4.285714e-01 2.857143e-01 3.571429e-02
31722: 2.482759e+00 1.551724e+00 1.206897e+00 4.482759e-01 2.758621e-01 3.448276e-02
31722: 2.466667e+00 1.600000e+00 1.166667e+00 4.666667e-01 2.666667e-01 3.333333e-02
31722: 2.451613e+00 1.548387e+00 1.225806e+00 4.838710e-01 2.580645e-01 3.225806e-02
31722: 2.437500e+00 1.562500e+00 1.250000e+00 4.687500e-01 2.500000e-01 3.125000e-02
31722: 2.424242e+00 1.545455e+00 1.242424e+00 5.151515e-01 2.424242e-01 3.030303e-02
31722: 2.411765e+00 1.558824e+00 1.264706e+00 5.000000e-01 2.352941e-01 2.941176e-02
31722: 2.457143e+00 1.542857e+00 1.228571e+00 5.142857e-01 2.285714e-01 2.857143e-02
31722: 2.472222e+00 1.555556e+00 1.222222e+00 5.000000e-01 2.222222e-01 2.777778e-02
31722: 2.486486e+00 1.540541e+00 1.216216e+00 5.135135e-01 2.162162e-01 2.702703e-02
31722: 2.473684e+00 1.578947e+00 1.210526e+00 5.000000e-01 2.105263e-01 2.631579e-02
31722: 2.461538e+00 1.564103e+00 1.256410e+00 4.871795e-01 2.051282e-01 2.564103e-02
31722: 2.475000e+00 1.600000e+00 1.225000e+00 4.750000e-01 2.000000e-01 2.500000e-02
31722: 2.463415e+00 1.585366e+00 1.268293e+00 4.634146e-01 1.951220e-01 2.439024e-02
31722: 2.452381e+00 1.571429e+00 1.309524e+00 4.523810e-01 1.904762e-01 2.380952e-02
31722: 2.441860e+00 1.581395e+00 1.302326e+00 4.418605e-01 2.093023e-01 2.325581e-02
31722: 2.454545e+00 1.545455e+00 1.318182e+00 4.545455e-01 2.045455e-01 2.272727e-02
31722: 2.444444e+00 1.555556e+00 1.311111e+00 4.666667e-01 2.000000e-01 2.222222e-02
31722: 2.456522e+00 1.543478e+00 1.304348e+00 4.565217e-01 2.173913e-01 2.173913e-02
31722: 2.446809e+00 1.574468e+00 1.297872e+00 4.468085e-01 2.127660e-01 2.127660e-02
31722: 2.458333e+00 1.541667e+00 1.312500e+00 4.375000e-01 2.291667e-01 2.083333e-02
31722: 2.448980e+00 1.551020e+00 1.306122e+00 4.489796e-01 2.244898e-01 2.040816e-02
31722: 2.440000e+00 1.560000e+00 1.320000e+00 4.400000e-01 2.200000e-01 2.000000e-02
31722: 2.411765e+00 1.588235e+00 1.294118e+00 4.509804e-01 2.352941e-01 1.960784e-02
31722: 2.423077e+00 1.576923e+00 1.307692e+00 4.423077e-01 2.307692e-01 1.923077e-02
31722: 2.415094e+00 1.584906e+00 1.301887e+00 4.339623e-01 2.452830e-01 1.886792e-02
31722: 2.425926e+00 1.574074e+00 1.314815e+00 4.259259e-01 2.407407e-01 1.851852e-02
31722: 2.400000e+00 1.563636e+00 1.363636e+00 4.181818e-01 2.363636e-01 1.818182e-02
31722: 2.392857e+00 1.553571e+00 1.375000e+00 4.107143e-01 2.500000e-01 1.785714e-02
31722: 2.368421e+00 1.578947e+00 1.368421e+00 4.210526e-01 2.456140e-01 1.754386e-02
31722: 2.362069e+00 1.568966e+00 1.396552e+00 4.137931e-01 2.413793e-01 1.724138e-02
31722: 2.372881e+00 1.593220e+00 1.372881e+00 4.067797e-01 2.372881e-01 1.694915e-02
31722: 2.350000e+00 1.600000e+00 1.383333e+00 4.166667e-01 2.333333e-01 1.666667e-02
31722: 2.344262e+00 1.606557e+00 1.377049e+00 4.262295e-01 2.295082e-01 1.639344e-02
31722: 2.338710e+00 1.612903e+00 1.387097e+00 4.193548e-01 2.258065e-01 1.612903e-02
31722: 2.317460e+00 1.587302e+00 1.396825e+00 4.444444e-01 2.380952e-01 1.587302e-02
31722: 2.312500e+00 1.562500e+00 1.421875e+00 4.531250e-01 2.343750e-01 1.562500e-02
31722: 2.307692e+00 1.584615e+00 1.400000e+00 4.615385e-01 2.307692e-01 1.538462e-02
31722: 2.287879e+00 1.575758e+00 1.424242e+00 4.545455e-01 2.424242e-01 1.515152e-02
31722: 2.283582e+00 1.597015e+00 1.417910e+00 4.477612e-01 2.388060e-01 1.492537e-02
31722: 2.264706e+00 1.602941e+00 1.441176e+00 4.411765e-01 2.352941e-01 1.470588e-02
31722: 2.275362e+00 1.579710e+00 1.449275e+00 4.492754e-01 2.318841e-01 1.449275e-02
31722: 2.271429e+00 1.571429e+00 1.457143e+00 4.428571e-01 2.428571e-01 1.428571e-02
31722: 2.253521e+00 1.591549e+00 1.464789e+00 4.366197e-01 2.394366e-01 1.408451e-02
31722: 2.263889e+00 1.597222e+00 1.458333e+00 4.305556e-01 2.361111e-01 1.388889e-02
31722: 2.246575e+00 1.589041e+00 1.465753e+00 4.383562e-01 2.465753e-01 1.369863e-02
31722: 2.243243e+00 1.594595e+00 1.472973e+00 4.324324e-01 2.432432e-01 1.351351e-02
31722: 2.240000e+00 1.573333e+00 1.480000e+00 4.533333e-01 2.400000e-01 1.333333e-02
31722: 2.223684e+00 1.592105e+00 1.473684e+00 4.605263e-01 2.368421e-01 1.315789e-02
31722: 2.233766e+00 1.571429e+00 1.493506e+00 4.545455e-01 2.337662e-01 1.298701e-02
31722: 2.217949e+00 1.589744e+00 1.500000e+00 4.487179e-01 2.307692e-01 1.282051e-02
31722: 2.215190e+00 1.569620e+00 1.518987e+00 4.556962e-01 2.278481e-01 1.265823e-02
31722: 2.212500e+00 1.575000e+00 1.525000e+00 4.500000e-01 2.250000e-01 1.250000e-02
31722: 2.197531e+00 1.567901e+00 1.530864e+00 4.567901e-01 2.345679e-01 1.234568e-02
31722: 2.207317e+00 1.573171e+00 1.524390e+00 4.512195e-01 2.317073e-01 1.219512e-02
31722: 2.204819e+00 1.566265e+00 1.530120e+00 4.578313e-01 2.289157e-01 1.204819e-02
31722: 2.190476e+00 1.583333e+00 1.535714e+00 4.523810e-01 2.261905e-01 1.190476e-02
31722: 2.200000e+00 1.576471e+00 1.541176e+00 4.470588e-01 2.235294e-01 1.176471e-02
31722: 2.186047e+00 1.569767e+00 1.558140e+00 4.418605e-01 2.325581e-01 1.162791e-02
31722: 2.195402e+00 1.574713e+00 1.551724e+00 4.367816e-01 2.298851e-01 1.149425e-02
31722: 2.181818e+00 1.579545e+00 1.556818e+00 4.431818e-01 2.272727e-01 1.136364e-02
31722: 2.179775e+00 1.573034e+00 1.561798e+00 4.494382e-01 2.247191e-01 1.123596e-02
31722: 2.166667e+00 1.588889e+00 1.566667e+00 4.444444e-01 2.222222e-01 1.111111e-02
31722: 2.164835e+00 1.571429e+00 1.571429e+00 4.505495e-01 2.307692e-01 1.098901e-02
31722: 2.163043e+00 1.565217e+00 1.565217e+00 4.673913e-01 2.282609e-01 1.086957e-02
31722: 2.150538e+00 1.569892e+00 1.569892e+00 4.623656e-01 2.365591e-01 1.075269e-02
31722: 2.159574e+00 1.585106e+00 1.553191e+00 4.574468e-01 2.340426e-01 1.063830e-02
31722: 2.147368e+00 1.578947e+00 1.557895e+00 4.736842e-01 2.315789e-01 1.052632e-02
31722: 2.156250e+00 1.572917e+00 1.562500e+00 4.687500e-01 2.291667e-01 1.041667e-02
31722: 2.154639e+00 1.577320e+00 1.556701e+00 4.639175e-01 2.371134e-01 1.030928e-02
31722: 2.142857e+00 1.581633e+00 1.561224e+00 4.693878e-01 2.346939e-01 1.020408e-02
31722: 2.141414e+00 1.585859e+00 1.565657e+00 4.646465e-01 2.323232e-01 1.010101e-02
31722: 2.130000e+00 1.580000e+00 1.570000e+00 4.800000e-01 2.300000e-01 1.000000e-02
31722: 2.128713e+00 1.564356e+00 1.564356e+00 4.950495e-01 2.376238e-01 9.900990e-03
31722: 2.117647e+00 1.568627e+00 1.568627e+00 4.901961e-01 2.450980e-01 9.803922e-03
31722: 2.126214e+00 1.563107e+00 1.572816e+00 4.854369e-01 2.427184e-01 9.708738e-03
31722: 2.125000e+00 1.567308e+00 1.567308e+00 4.903846e-01 2.403846e-01 9.615385e-03
31722: 2.114286e+00 1.580952e+00 1.561905e+00 4.952381e-01 2.380952e-01 9.523810e-03
31722: 2.122642e+00 1.566038e+00 1.575472e+00 4.905660e-01 2.358491e-01 9.433962e-03
31722: 2.130841e+00 1.570093e+00 1.570093e+00 4.859813e-01 2.336449e-01 9.345794e-03
31722: 2.120370e+00 1.574074e+00 1.564815e+00 4.907407e-01 2.314815e-01 1.851852e-02
31722: 2.119266e+00 1.559633e+00 1.587156e+00 4.862385e-01 2.293578e-01 1.834862e-02
31722: 2.109091e+00 1.572727e+00 1.581818e+00 4.909091e-01 2.272727e-01 1.818182e-02
31722: 2.126126e+00 1.558559e+00 1.576577e+00 4.954955e-01 2.252252e-01 1.801802e-02
31722: 2.125000e+00 1.580357e+00 1.562500e+00 4.910714e-01 2.232143e-01 1.785714e-02
31722: 2.115044e+00 1.566372e+00 1.584071e+00 4.955752e-01 2.212389e-01 1.769912e-02
31722: 2.114035e+00 1.570175e+00 1.570175e+00 5.087719e-01 2.192982e-01 1.754386e-02
31722: 2.104348e+00 1.573913e+00 1.573913e+00 5.130435e-01 2.173913e-01 1.739130e-02
31722: 2.103448e+00 1.577586e+00 1.560345e+00 5.258621e-01 2.155172e-01 1.724138e-02
31722: 2.094017e+00 1.564103e+00 1.572650e+00 5.384615e-01 2.136752e-01 1.709402e-02
31722: 2.093220e+00 1.584746e+00 1.559322e+00 5.338983e-01 2.118644e-01 1.694915e-02
31722: 2.092437e+00 1.579832e+00 1.563025e+00 5.378151e-01 2.100840e-01 1.680672e-02
31722: 2.091667e+00 1.591667e+00 1.558333e+00 5.333333e-01 2.083333e-01 1.666667e-02
31722: 2.090909e+00 1.586777e+00 1.570248e+00 5.289256e-01 2.066116e-01 1.652893e-02
31722: 2.081967e+00 1.598361e+00 1.565574e+00 5.327869e-01 2.049180e-01 1.639344e-02
31722: 2.081301e+00 1.609756e+00 1.560976e+00 5.284553e-01 2.032520e-01 1.626016e-02
31722: 2.072581e+00 1.612903e+00 1.564516e+00 5.241935e-01 2.016129e-01 2.419355e-02
31722: 2.080000e+00 1.616000e+00 1.560000e+00 5.200000e-01 2.000000e-01 2.400000e-02
31722: 2.071429e+00 1.611111e+00 1.571429e+00 5.238095e-01 1.984127e-01 2.380952e-02
31722: 2.070866e+00 1.606299e+00 1.566929e+00 5.354331e-01 1.968504e-01 2.362205e-02
31722: 2.062500e+00 1.617188e+00 1.562500e+00 5.390625e-01 1.953125e-01 2.343750e-02
31722: 2.077519e+00 1.612403e+00 1.558140e+00 5.348837e-01 1.937984e-01 2.325581e-02
31722: 2.069231e+00 1.615385e+00 1.553846e+00 5.384615e-01 2.000000e-01 2.307692e-02
31722: 2.068702e+00 1.603053e+00 1.564885e+00 5.343511e-01 2.061069e-01 2.290076e-02
31722: 2.060606e+00 1.598485e+00 1.575758e+00 5.303030e-01 2.121212e-01 2.272727e-02
31722: 2.067669e+00 1.593985e+00 1.571429e+00 5.338346e-01 2.105263e-01 2.255639e-02
31722: 2.059701e+00 1.597015e+00 1.567164e+00 5.373134e-01 2.164179e-01 2.238806e-02
31722: 2.059259e+00 1.585185e+00 1.570370e+00 5.481481e-01 2.148148e-01 2.222222e-02
31722: 2.051471e+00 1.595588e+00 1.566176e+00 5.514706e-01 2.132353e-01 2.205882e-02
31722: 2.051095e+00 1.598540e+00 1.562044e+00 5.474453e-01 2.189781e-01 2.189781e-02
31722: 2.043478e+00 1.601449e+00 1.565217e+00 5.507246e-01 2.173913e-01 2.173913e-02
31722: 2.043165e+00 1.604317e+00 1.561151e+00 5.467626e-01 2.230216e-01 2.158273e-02
31722: 2.035714e+00 1.592857e+00 1.585714e+00 5.428571e-01 2.214286e-01 2.142857e-02
31722: 2.035461e+00 1.595745e+00 1.574468e+00 5.531915e-01 2.198582e-01 2.127660e-02
31722: 2.028169e+00 1.598592e+00 1.577465e+00 5.563380e-01 2.183099e-01 2.112676e-02
31722: 2.027972e+00 1.594406e+00 1.566434e+00 5.664336e-01 2.237762e-01 2.097902e-02
31722: 2.020833e+00 1.597222e+00 1.576389e+00 5.625000e-01 2.222222e-01 2.083333e-02
31722: 2.027586e+00 1.593103e+00 1.565517e+00 5.655172e-01 2.275862e-01 2.068966e-02
31722: 2.027397e+00 1.595890e+00 1.568493e+00 5.616438e-01 2.260274e-01 2.054795e-02
31722: 2.020408e+00 1.605442e+00 1.564626e+00 5.646259e-01 2.244898e-01 2.040816e-02
31722: 2.020270e+00 1.594595e+00 1.567568e+00 5.675676e-01 2.297297e-01 2.027027e-02
31722: 2.013423e+00 1.590604e+00 1.577181e+00 5.637584e-01 2.348993e-01 2.013423e-02
31722: 2.020000e+00 1.586667e+00 1.566667e+00 5.666667e-01 2.400000e-01 2.000000e-02
31722: 2.013245e+00 1.596026e+00 1.569536e+00 5.629139e-01 2.384106e-01 1.986755e-02
31722: 2.019737e+00 1.592105e+00 1.572368e+00 5.592105e-01 2.368421e-01 1.973684e-02
31722: 2.013072e+00 1.594771e+00 1.568627e+00 5.686275e-01 2.352941e-01 1.960784e-02
31722: 2.019481e+00 1.590909e+00 1.564935e+00 5.714286e-01 2.337662e-01 1.948052e-02
31722: 2.012903e+00 1.600000e+00 1.561290e+00 5.741935e-01 2.322581e-01 1.935484e-02
31722: 2.012821e+00 1.596154e+00 1.570513e+00 5.705128e-01 2.307692e-01 1.923077e-02
31722: 2.019108e+00 1.592357e+00 1.566879e+00 5.732484e-01 2.292994e-01 1.910828e-02
31722: 2.018987e+00 1.594937e+00 1.569620e+00 5.696203e-01 2.278481e-01 1.898734e-02
31722: 2.012579e+00 1.591195e+00 1.572327e+00 5.723270e-01 2.327044e-01 1.886792e-02
31722: 2.012500e+00 1.593750e+00 1.568750e+00 5.750000e-01 2.312500e-01 1.875000e-02
31722: 2.006211e+00 1.590062e+00 1.571429e+00 5.838509e-01 2.298137e-01 1.863354e-02
31722: 2.006173e+00 1.586420e+00 1.574074e+00 5.864198e-01 2.283951e-01 1.851852e-02
31722: 2.000000e+00 1.582822e+00 1.576687e+00 5.950920e-01 2.269939e-01 1.840491e-02
31722: 2.000000e+00 1.579268e+00 1.573171e+00 6.036585e-01 2.256098e-01 1.829268e-02
31722: 2.000000e+00 1.587879e+00 1.563636e+00 6.060606e-01 2.242424e-01 1.818182e-02
31722: 1.993976e+00 1.584337e+00 1.566265e+00 6.144578e-01 2.228916e-01 1.807229e-02
31722: 1.994012e+00 1.580838e+00 1.568862e+00 6.167665e-01 2.215569e-01 1.796407e-02
31722: 1.988095e+00 1.577381e+00 1.583333e+00 6.130952e-01 2.202381e-01 1.785714e-02
31722: 1.994083e+00 1.579882e+00 1.573964e+00 6.153846e-01 2.189349e-01 1.775148e-02
31722: 1.988235e+00 1.570588e+00 1.582353e+00 6.235294e-01 2.176471e-01 1.764706e-02
31722: 1.988304e+00 1.567251e+00 1.573099e+00 6.315789e-01 2.222222e-01 1.754386e-02
31722: 1.982558e+00 1.581395e+00 1.563953e+00 6.279070e-01 2.267442e-01 1.744186e-02
31722: 1.988439e+00 1.578035e+00 1.566474e+00 6.242775e-01 2.254335e-01 1.734104e-02
31722: 1.982759e+00 1.580460e+00 1.574713e+00 6.206897e-01 2.241379e-01 1.724138e-02
31722: 1.988571e+00 1.577143e+00 1.571429e+00 6.228571e-01 2.228571e-01 1.714286e-02
31722: 1.988636e+00 1.579545e+00 1.562500e+00 6.306818e-01 2.215909e-01 1.704545e-02
31722: 1.988701e+00 1.576271e+00 1.564972e+00 6.271186e-01 2.259887e-01 1.694915e-02
31722: 1.983146e+00 1.584270e+00 1.567416e+00 6.235955e-01 2.247191e-01 1.685393e-02
31722: 1.983240e+00 1.586592e+00 1.564246e+00 6.201117e-01 2.290503e-01 1.675978e-02
31722: 1.977778e+00 1.583333e+00 1.572222e+00 6.166667e-01 2.333333e-01 1.666667e-02
31722: 1.977901e+00 1.580110e+00 1.569061e+00 6.243094e-01 2.320442e-01 1.657459e-02
31722: 1.972527e+00 1.587912e+00 1.565934e+00 6.263736e-01 2.307692e-01 1.648352e-02
31722: 1.978142e+00 1.584699e+00 1.568306e+00 6.229508e-01 2.295082e-01 1.639344e-02
31722: 1.978261e+00 1.581522e+00 1.570652e+00 6.250000e-01 2.282609e-01 1.630435e-02
31722: 1.978378e+00 1.583784e+00 1.567568e+00 6.270270e-01 2.270270e-01 1.621622e-02
31722: 1.973118e+00 1.580645e+00 1.575269e+00 6.290323e-01 2.258065e-01 1.612903e-02
31722: 1.973262e+00 1.577540e+00 1.572193e+00 6.363636e-01 2.245989e-01 1.604278e-02
31722: 1.973404e+00 1.579787e+00 1.569149e+00 6.382979e-01 2.234043e-01 1.595745e-02
31722: 1.968254e+00 1.576720e+00 1.582011e+00 6.349206e-01 2.222222e-01 1.587302e-02
31722: 1.968421e+00 1.573684e+00 1.578947e+00 6.421053e-01 2.210526e-01 1.578947e-02
31722: 1.963351e+00 1.581152e+00 1.575916e+00 6.439791e-01 2.198953e-01 1.570681e-02
31722: 1.968750e+00 1.578125e+00 1.572917e+00 6.458333e-01 2.187500e-01 1.562500e-02
31722: 1.963731e+00 1.575130e+00 1.575130e+00 6.528497e-01 2.176166e-01 1.554404e-02
31722: 1.963918e+00 1.572165e+00 1.577320e+00 6.546392e-01 2.164948e-01 1.546392e-02
31722: 1.958974e+00 1.574359e+00 1.579487e+00 6.564103e-01 2.153846e-01 1.538462e-02
31722: 1.964286e+00 1.576531e+00 1.571429e+00 6.581633e-01 2.142857e-01 1.530612e-02
31722: 1.964467e+00 1.573604e+00 1.568528e+00 6.649746e-01 2.131980e-01 1.522843e-02
31722: 1.959596e+00 1.575758e+00 1.570707e+00 6.616162e-01 2.171717e-01 1.515152e-02
31722: 1.964824e+00 1.572864e+00 1.567839e+00 6.633166e-01 2.160804e-01 1.507538e-02
31722: 1.965000e+00 1.580000e+00 1.565000e+00 6.600000e-01 2.150000e-01 1.500000e-02
31722: 1.965174e+00 1.577114e+00 1.572139e+00 6.567164e-01 2.139303e-01 1.492537e-02
31722: 1.965347e+00 1.579208e+00 1.569307e+00 6.584158e-01 2.128713e-01 1.485149e-02
31722: 1.965517e+00 1.571429e+00 1.581281e+00 6.551724e-01 2.118227e-01 1.477833e-02
31722: 1.960784e+00 1.578431e+00 1.573529e+00 6.568627e-01 2.107843e-01 1.960784e-02
31722: 1.970732e+00 1.575610e+00 1.565854e+00 6.585366e-01 2.097561e-01 1.951220e-02
31722: 1.966019e+00 1.582524e+00 1.567961e+00 6.553398e-01 2.087379e-01 1.941748e-02
31722: 1.961353e+00 1.584541e+00 1.574879e+00 6.521739e-01 2.077295e-01 1.932367e-02
31722: 1.966346e+00 1.581731e+00 1.567308e+00 6.538462e-01 2.115385e-01 1.923077e-02
31722: 1.966507e+00 1.578947e+00 1.574163e+00 6.507177e-01 2.105263e-01 1.913876e-02
31722: 1.966667e+00 1.580952e+00 1.566667e+00 6.571429e-01 2.095238e-01 1.904762e-02
31722: 1.962085e+00 1.582938e+00 1.568720e+00 6.587678e-01 2.085308e-01 1.895735e-02
31722: 1.971698e+00 1.580189e+00 1.566038e+00 6.556604e-01 2.075472e-01 1.886792e-02
31722: 1.967136e+00 1.586854e+00 1.563380e+00 6.572770e-01 2.065728e-01 1.877934e-02
31722: 1.971963e+00 1.588785e+00 1.560748e+00 6.542056e-01 2.056075e-01 1.869159e-02
31722: 1.972093e+00 1.586047e+00 1.567442e+00 6.511628e-01 2.046512e-01 1.860465e-02
31722: 1.972222e+00 1.587963e+00 1.564815e+00 6.527778e-01 2.037037e-01 1.851852e-02
31722: 1.976959e+00 1.585253e+00 1.566820e+00 6.497696e-01 2.027650e-01 1.843318e-02
31722: 1.977064e+00 1.587156e+00 1.568807e+00 6.467890e-01 2.018349e-01 1.834862e-02
31722: 1.972603e+00 1.584475e+00 1.575342e+00 6.484018e-01 2.009132e-01 1.826484e-02
31722: 1.977273e+00 1.581818e+00 1.568182e+00 6.545455e-01 2.000000e-01 1.818182e-02
31722: 1.977376e+00 1.583710e+00 1.570136e+00 6.515837e-01 1.990950e-01 1.809955e-02
31722: 1.972973e+00 1.581081e+00 1.567568e+00 6.621622e-01 1.981982e-01 1.801802e-02
31722: 1.973094e+00 1.573991e+00 1.573991e+00 6.591928e-01 2.017937e-01 1.793722e-02
31722: 1.968750e+00 1.575893e+00 1.575893e+00 6.607143e-01 2.008929e-01 1.785714e-02
31722: 1.968889e+00 1.573333e+00 1.577778e+00 6.622222e-01 2.000000e-01 1.777778e-02
31722: 1.964602e+00 1.570796e+00 1.584071e+00 6.637168e-01 1.991150e-01 1.769912e-02
31722: 1.964758e+00 1.572687e+00 1.581498e+00 6.651982e-01 1.982379e-01 1.762115e-02
31722: 1.960526e+00 1.574561e+00 1.583333e+00 6.666667e-01 1.973684e-01 1.754386e-02
31722: 1.965066e+00 1.572052e+00 1.580786e+00 6.681223e-01 1.965066e-01 1.746725e-02
31722: 1.965217e+00 1.569565e+00 1.582609e+00 6.695652e-01 1.956522e-01 1.739130e-02
31722: 1.965368e+00 1.580087e+00 1.575758e+00 6.666667e-01 1.948052e-01 1.731602e-02
31722: 1.969828e+00 1.573276e+00 1.577586e+00 6.681034e-01 1.939655e-01 1.724138e-02
31722: 1.965665e+00 1.575107e+00 1.570815e+00 6.781116e-01 1.931330e-01 1.716738e-02
31722: 1.970085e+00 1.572650e+00 1.564103e+00 6.794872e-01 1.965812e-01 1.709402e-02
31722: 1.965957e+00 1.574468e+00 1.570213e+00 6.765957e-01 1.957447e-01 1.702128e-02
31722: 1.966102e+00 1.572034e+00 1.567797e+00 6.779661e-01 1.991525e-01 1.694915e-02
31722: 1.962025e+00 1.573840e+00 1.569620e+00 6.751055e-01 1.983122e-01 2.109705e-02
31722: 1.966387e+00 1.575630e+00 1.567227e+00 6.722689e-01 1.974790e-01 2.100840e-02
31722: 1.962343e+00 1.569038e+00 1.577406e+00 6.694561e-01 2.008368e-01 2.092050e-02
31722: 1.958333e+00 1.579167e+00 1.575000e+00 6.666667e-01 2.000000e-01 2.083333e-02
31722: 1.962656e+00 1.580913e+00 1.568465e+00 6.680498e-01 1.991701e-01 2.074689e-02
31722: 1.958678e+00 1.578512e+00 1.574380e+00 6.694215e-01 1.983471e-01 2.066116e-02
31722: 1.954733e+00 1.576132e+00 1.576132e+00 6.707819e-01 2.016461e-01 2.057613e-02
31722: 1.959016e+00 1.577869e+00 1.569672e+00 6.721311e-01 2.008197e-01 2.049180e-02
31722: 1.955102e+00 1.583673e+00 1.571429e+00 6.693878e-01 2.000000e-01 2.040816e-02
31722: 1.951220e+00 1.589431e+00 1.569106e+00 6.707317e-01 1.991870e-01 2.032520e-02
31722: 1.955466e+00 1.587045e+00 1.566802e+00 6.720648e-01 1.983806e-01 2.024291e-02
31722: 1.951613e+00 1.588710e+00 1.568548e+00 6.733871e-01 1.975806e-01 2.016129e-02
31722: 1.951807e+00 1.590361e+00 1.570281e+00 6.706827e-01 1.967871e-01 2.008032e-02
31722: 1.952000e+00 1.592000e+00 1.564000e+00 6.760000e-01 1.960000e-01 2.000000e-02
31722: 1.948207e+00 1.593625e+00 1.565737e+00 6.772908e-01 1.952191e-01 1.992032e-02
31722: 1.948413e+00 1.599206e+00 1.563492e+00 6.746032e-01 1.944444e-01 1.984127e-02
31722: 1.948617e+00 1.596838e+00 1.565217e+00 6.758893e-01 1.936759e-01 1.976285e-02
31722: 1.944882e+00 1.598425e+00 1.562992e+00 6.732283e-01 2.007874e-01 1.968504e-02
31722: 1.945098e+00 1.600000e+00 1.564706e+00 6.705882e-01 2.000000e-01 1.960784e-02
31722: 1.941406e+00 1.597656e+00 1.566406e+00 6.718750e-01 2.031250e-01 1.953125e-02
31722: 1.937743e+00 1.595331e+00 1.568093e+00 6.731518e-01 2.062257e-01 1.945525e-02
31722: 1.941860e+00 1.593023e+00 1.565891e+00 6.705426e-01 2.093023e-01 1.937984e-02
31722: 1.938224e+00 1.598456e+00 1.567568e+00 6.679537e-01 2.084942e-01 1.930502e-02
31722: 1.934615e+00 1.600000e+00 1.565385e+00 6.692308e-01 2.115385e-01 1.923077e-02
31722: 1.934866e+00 1.601533e+00 1.563218e+00 6.704981e-01 2.107280e-01 1.915709e-02
31722: 1.931298e+00 1.603053e+00 1.568702e+00 6.679389e-01 2.099237e-01 1.908397e-02
31722: 1.931559e+00 1.604563e+00 1.566540e+00 6.692015e-01 2.091255e-01 1.901141e-02
31722: 1.931818e+00 1.606061e+00 1.568182e+00 6.666667e-01 2.083333e-01 1.893939e-02
31722: 1.928302e+00 1.607547e+00 1.569811e+00 6.679245e-01 2.075472e-01 1.886792e-02
31722: 1.928571e+00 1.609023e+00 1.571429e+00 6.654135e-01 2.067669e-01 1.879699e-02
31722: 1.925094e+00 1.606742e+00 1.569288e+00 6.704120e-01 2.097378e-01 1.872659e-02
31722: 1.925373e+00 1.604478e+00 1.570896e+00 6.716418e-01 2.089552e-01 1.865672e-02
31722: 1.925651e+00 1.609665e+00 1.565056e+00 6.728625e-01 2.081784e-01 1.858736e-02
31722: 1.922222e+00 1.607407e+00 1.574074e+00 6.703704e-01 2.074074e-01 1.851852e-02
31722: 1.922509e+00 1.605166e+00 1.575646e+00 6.715867e-01 2.066421e-01 1.845018e-02
31722: 1.919118e+00 1.610294e+00 1.573529e+00 6.727941e-01 2.058824e-01 1.838235e-02
31722: 1.923077e+00 1.608059e+00 1.571429e+00 6.739927e-01 2.051282e-01 1.831502e-02
31722: 1.919708e+00 1.613139e+00 1.565693e+00 6.751825e-01 2.080292e-01 1.824818e-02
31722: 1.920000e+00 1.607273e+00 1.570909e+00 6.727273e-01 2.072727e-01 2.181818e-02
31722: 1.916667e+00 1.612319e+00 1.568841e+00 6.739130e-01 2.065217e-01 2.173913e-02
31722: 1.916968e+00 1.610108e+00 1.570397e+00 6.750903e-01 2.057762e-01 2.166065e-02
31722: 1.913669e+00 1.615108e+00 1.568345e+00 6.762590e-01 2.050360e-01 2.158273e-02
31722: 1.913978e+00 1.609319e+00 1.577061e+00 6.738351e-01 2.043011e-01 2.150538e-02
31722: 1.910714e+00 1.610714e+00 1.575000e+00 6.750000e-01 2.071429e-01 2.142857e-02
31722: 1.911032e+00 1.608541e+00 1.572954e+00 6.761566e-01 2.064057e-01 2.491103e-02
31722: 1.907801e+00 1.613475e+00 1.570922e+00 6.773050e-01 2.056738e-01 2.482270e-02
31722: 1.908127e+00 1.611307e+00 1.572438e+00 6.784452e-01 2.049470e-01 2.473498e-02
31722: 1.904930e+00 1.612676e+00 1.570423e+00 6.830986e-01 2.042254e-01 2.464789e-02
31722: 1.905263e+00 1.610526e+00 1.564912e+00 6.912281e-01 2.035088e-01 2.456140e-02
31722: 1.902098e+00 1.608392e+00 1.569930e+00 6.923077e-01 2.027972e-01 2.447552e-02
31722: 1.902439e+00 1.609756e+00 1.571429e+00 6.898955e-01 2.020906e-01 2.439024e-02
31722: 1.899306e+00 1.607639e+00 1.565972e+00 6.979167e-01 2.048611e-01 2.430556e-02
31722: 1.899654e+00 1.608997e+00 1.564014e+00 6.989619e-01 2.041522e-01 2.422145e-02
31722: 1.896552e+00 1.610345e+00 1.568966e+00 6.965517e-01 2.034483e-01 2.413793e-02
31722: 1.903780e+00 1.604811e+00 1.570447e+00 6.941581e-01 2.027491e-01 2.405498e-02
31722: 1.900685e+00 1.606164e+00 1.568493e+00 6.986301e-01 2.020548e-01 2.397260e-02
31722: 1.901024e+00 1.600683e+00 1.573379e+00 6.962457e-01 2.047782e-01 2.389078e-02
31722: 1.897959e+00 1.605442e+00 1.571429e+00 6.972789e-01 2.040816e-01 2.380952e-02
31722: 1.901695e+00 1.606780e+00 1.566102e+00 6.983051e-01 2.033898e-01 2.372881e-02
31722: 1.898649e+00 1.604730e+00 1.567568e+00 6.993243e-01 2.060811e-01 2.364865e-02
31722: 1.902357e+00 1.599327e+00 1.569024e+00 6.969697e-01 2.087542e-01 2.356902e-02
31722: 1.899329e+00 1.597315e+00 1.573826e+00 6.979866e-01 2.080537e-01 2.348993e-02
31722: 1.899666e+00 1.602007e+00 1.568562e+00 6.989967e-01 2.073579e-01 2.341137e-02
31722: 1.896667e+00 1.603333e+00 1.570000e+00 7.000000e-01 2.066667e-01 2.333333e-02
31722: 1.900332e+00 1.601329e+00 1.564784e+00 7.009967e-01 2.093023e-01 2.325581e-02
31722: 1.897351e+00 1.602649e+00 1.562914e+00 7.019868e-01 2.119205e-01 2.317881e-02
31722: 1.897690e+00 1.600660e+00 1.567657e+00 6.996700e-01 2.112211e-01 2.310231e-02
31722: 1.894737e+00 1.601974e+00 1.572368e+00 6.973684e-01 2.105263e-01 2.302632e-02
31722: 1.895082e+00 1.600000e+00 1.570492e+00 7.016393e-01 2.098361e-01 2.295082e-02
31722: 1.895425e+00 1.601307e+00 1.565359e+00 7.058824e-01 2.091503e-01 2.287582e-02
31722: 1.899023e+00 1.599349e+00 1.566775e+00 7.035831e-01 2.084691e-01 2.280130e-02
31722: 1.899351e+00 1.597403e+00 1.568182e+00 7.012987e-01 2.110390e-01 2.272727e-02
31722: 1.896440e+00 1.598706e+00 1.569579e+00 7.022654e-01 2.103560e-01 2.265372e-02
31722: 1.896774e+00 1.596774e+00 1.574194e+00 7.000000e-01 2.096774e-01 2.258065e-02
31722: 1.897106e+00 1.598071e+00 1.569132e+00 7.041801e-01 2.090032e-01 2.250804e-02
31722: 1.894231e+00 1.596154e+00 1.573718e+00 7.051282e-01 2.083333e-01 2.243590e-02
31722: 1.897764e+00 1.594249e+00 1.568690e+00 7.092652e-01 2.076677e-01 2.236422e-02
31722: 1.898089e+00 1.595541e+00 1.570064e+00 7.070064e-01 2.070064e-01 2.229299e-02
31722: 1.895238e+00 1.596825e+00 1.568254e+00 7.111111e-01 2.063492e-01 2.222222e-02
31722: 1.895570e+00 1.594937e+00 1.569620e+00 7.088608e-01 2.056962e-01 2.531646e-02
31722: 1.895899e+00 1.596215e+00 1.567823e+00 7.097792e-01 2.050473e-01 2.523659e-02
31722: 1.896226e+00 1.594340e+00 1.572327e+00 7.075472e-01 2.044025e-01 2.515723e-02
31722: 1.896552e+00 1.595611e+00 1.570533e+00 7.084639e-01 2.037618e-01 2.507837e-02
31722: 1.893750e+00 1.593750e+00 1.575000e+00 7.093750e-01 2.031250e-01 2.500000e-02
31722: 1.894081e+00 1.595016e+00 1.570093e+00 7.102804e-01 2.056075e-01 2.492212e-02
31722: 1.894410e+00 1.593168e+00 1.568323e+00 7.111801e-01 2.080745e-01 2.484472e-02
31722: 1.891641e+00 1.591331e+00 1.569659e+00 7.151703e-01 2.074303e-01 2.476780e-02
31722: 1.891975e+00 1.589506e+00 1.570988e+00 7.160494e-01 2.067901e-01 2.469136e-02
31722: 1.889231e+00 1.590769e+00 1.569231e+00 7.169231e-01 2.092308e-01 2.461538e-02
31722: 1.889571e+00 1.588957e+00 1.570552e+00 7.147239e-01 2.116564e-01 2.453988e-02
31722: 1.886850e+00 1.593272e+00 1.565749e+00 7.186544e-01 2.110092e-01 2.446483e-02
31722: 1.887195e+00 1.591463e+00 1.567073e+00 7.195122e-01 2.103659e-01 2.439024e-02
31722: 1.884498e+00 1.595745e+00 1.568389e+00 7.173252e-01 2.097264e-01 2.431611e-02
31722: 1.884848e+00 1.600000e+00 1.566667e+00 7.151515e-01 2.090909e-01 2.424242e-02
31722: 1.882175e+00 1.604230e+00 1.567976e+00 7.129909e-01 2.084592e-01 2.416918e-02
31722: 1.882530e+00 1.599398e+00 1.569277e+00 7.138554e-01 2.108434e-01 2.409639e-02
31722: 1.882883e+00 1.603604e+00 1.567568e+00 7.117117e-01 2.102102e-01 2.402402e-02
31722: 1.886228e+00 1.598802e+00 1.571856e+00 7.095808e-01 2.095808e-01 2.395210e-02
31722: 1.883582e+00 1.605970e+00 1.567164e+00 7.104478e-01 2.089552e-01 2.388060e-02
31722: 1.886905e+00 1.604167e+00 1.568452e+00 7.083333e-01 2.083333e-01 2.380952e-02
31722: 1.884273e+00 1.605341e+00 1.572700e+00 7.062315e-01 2.077151e-01 2.373887e-02
31722: 1.884615e+00 1.606509e+00 1.568047e+00 7.071006e-01 2.071006e-01 2.662722e-02
31722: 1.882006e+00 1.604720e+00 1.572271e+00 7.079646e-01 2.064897e-01 2.654867e-02
31722: 1.882353e+00 1.600000e+00 1.570588e+00 7.088235e-01 2.117647e-01 2.647059e-02
31722: 1.879765e+00 1.601173e+00 1.565982e+00 7.126100e-01 2.140762e-01 2.639296e-02
31722: 1.880117e+00 1.602339e+00 1.564327e+00 7.134503e-01 2.134503e-01 2.631579e-02
31722: 1.880466e+00 1.597668e+00 1.568513e+00 7.142857e-01 2.128280e-01 2.623907e-02
31722: 1.877907e+00 1.604651e+00 1.566860e+00 7.122093e-01 2.122093e-01 2.616279e-02
31722: 1.884058e+00 1.602899e+00 1.565217e+00 7.101449e-01 2.115942e-01 2.608696e-02
31722: 1.881503e+00 1.604046e+00 1.566474e+00 7.109827e-01 2.109827e-01 2.601156e-02
31722: 1.878963e+00 1.608069e+00 1.564841e+00 7.089337e-01 2.132565e-01 2.593660e-02
31722: 1.879310e+00 1.609195e+00 1.566092e+00 7.068966e-01 2.126437e-01 2.586207e-02
31722: 1.879656e+00 1.604585e+00 1.567335e+00 7.106017e-01 2.120344e-01 2.578797e-02
31722: 1.877143e+00 1.608571e+00 1.568571e+00 7.085714e-01 2.114286e-01 2.571429e-02
31722: 1.877493e+00 1.603989e+00 1.572650e+00 7.094017e-01 2.108262e-01 2.564103e-02
31722: 1.875000e+00 1.605114e+00 1.573864e+00 7.102273e-01 2.102273e-01 2.556818e-02
31722: 1.878187e+00 1.603399e+00 1.572238e+00 7.110482e-01 2.096317e-01 2.549575e-02
31722: 1.878531e+00 1.604520e+00 1.567797e+00 7.118644e-01 2.118644e-01 2.542373e-02
31722: 1.878873e+00 1.602817e+00 1.569014e+00 7.098592e-01 2.140845e-01 2.535211e-02
31722: 1.876404e+00 1.603933e+00 1.570225e+00 7.078652e-01 2.162921e-01 2.528090e-02
31722: 1.873950e+00 1.605042e+00 1.568627e+00 7.086835e-01 2.184874e-01 2.521008e-02
31722: 1.874302e+00 1.606145e+00 1.569832e+00 7.067039e-01 2.178771e-01 2.513966e-02
31722: 1.874652e+00 1.604457e+00 1.568245e+00 7.075209e-01 2.172702e-01 2.785515e-02
31722: 1.872222e+00 1.605556e+00 1.569444e+00 7.083333e-01 2.166667e-01 2.777778e-02
31722: 1.869806e+00 1.603878e+00 1.576177e+00 7.063712e-01 2.160665e-01 2.770083e-02
31722: 1.870166e+00 1.607735e+00 1.571823e+00 7.071823e-01 2.154696e-01 2.762431e-02
31722: 1.873278e+00 1.603306e+00 1.573003e+00 7.079890e-01 2.148760e-01 2.754821e-02
31722: 1.870879e+00 1.607143e+00 1.571429e+00 7.087912e-01 2.142857e-01 2.747253e-02
31722: 1.871233e+00 1.608219e+00 1.569863e+00 7.095890e-01 2.136986e-01 2.739726e-02
31722: 1.868852e+00 1.609290e+00 1.573770e+00 7.076503e-01 2.131148e-01 2.732240e-02
31722: 1.866485e+00 1.610354e+00 1.572207e+00 7.111717e-01 2.125341e-01 2.724796e-02
31722: 1.866848e+00 1.608696e+00 1.573370e+00 7.119565e-01 2.119565e-01 2.717391e-02
31722: 1.864499e+00 1.607046e+00 1.574526e+00 7.127371e-01 2.140921e-01 2.710027e-02
31722: 1.864865e+00 1.605405e+00 1.572973e+00 7.162162e-01 2.135135e-01 2.702703e-02
31722: 1.865229e+00 1.606469e+00 1.568733e+00 7.169811e-01 2.156334e-01 2.695418e-02
31722: 1.862903e+00 1.604839e+00 1.572581e+00 7.150538e-01 2.177419e-01 2.688172e-02
31722: 1.863271e+00 1.605898e+00 1.571046e+00 7.158177e-01 2.171582e-01 2.680965e-02
31722: 1.860963e+00 1.609626e+00 1.569519e+00 7.165775e-01 2.165775e-01 2.673797e-02
31722: 1.861333e+00 1.613333e+00 1.568000e+00 7.146667e-01 2.160000e-01 2.666667e-02
31722: 1.859043e+00 1.609043e+00 1.574468e+00 7.127660e-01 2.180851e-01 2.659574e-02
31722: 1.859416e+00 1.610080e+00 1.570292e+00 7.161804e-01 2.175066e-01 2.652520e-02
31722: 1.857143e+00 1.608466e+00 1.571429e+00 7.169312e-01 2.195767e-01 2.645503e-02
31722: 1.857520e+00 1.609499e+00 1.567282e+00 7.176781e-01 2.216359e-01 2.638522e-02
31722: 1.855263e+00 1.607895e+00 1.571053e+00 7.184211e-01 2.210526e-01 2.631579e-02
31722: 1.855643e+00 1.606299e+00 1.572178e+00 7.191601e-01 2.204724e-01 2.624672e-02
31722: 1.856021e+00 1.609948e+00 1.568063e+00 7.198953e-01 2.198953e-01 2.617801e-02
31722: 1.859008e+00 1.608355e+00 1.569191e+00 7.180157e-01 2.193211e-01 2.610966e-02
31722: 1.859375e+00 1.609375e+00 1.570312e+00 7.161458e-01 2.187500e-01 2.604167e-02
31722: 1.857143e+00 1.607792e+00 1.568831e+00 7.194805e-01 2.207792e-01 2.597403e-02
31722: 1.857513e+00 1.603627e+00 1.572539e+00 7.202073e-01 2.202073e-01 2.590674e-02
31722: 1.857881e+00 1.604651e+00 1.568475e+00 7.235142e-01 2.196382e-01 2.583979e-02
31722: 1.855670e+00 1.605670e+00 1.572165e+00 7.216495e-01 2.190722e-01 2.577320e-02
31722: 1.856041e+00 1.604113e+00 1.573265e+00 7.223650e-01 2.185090e-01 2.570694e-02
31722: 1.853846e+00 1.605128e+00 1.574359e+00 7.230769e-01 2.179487e-01 2.564103e-02
31722: 1.854220e+00 1.601023e+00 1.578005e+00 7.237852e-01 2.173913e-01 2.557545e-02
31722: 1.854592e+00 1.604592e+00 1.573980e+00 7.244898e-01 2.168367e-01 2.551020e-02
31722: 1.852417e+00 1.600509e+00 1.577608e+00 7.277354e-01 2.162850e-01 2.544529e-02
31722: 1.852792e+00 1.601523e+00 1.573604e+00 7.309645e-01 2.157360e-01 2.538071e-02
31722: 1.850633e+00 1.600000e+00 1.577215e+00 7.316456e-01 2.151899e-01 2.531646e-02
31722: 1.851010e+00 1.598485e+00 1.575758e+00 7.348485e-01 2.146465e-01 2.525253e-02
31722: 1.848866e+00 1.599496e+00 1.574307e+00 7.355164e-01 2.166247e-01 2.518892e-02
31722: 1.849246e+00 1.600503e+00 1.572864e+00 7.361809e-01 2.160804e-01 2.512563e-02
31722: 1.849624e+00 1.598997e+00 1.571429e+00 7.393484e-01 2.155388e-01 2.506266e-02
31722: 1.847500e+00 1.602500e+00 1.570000e+00 7.400000e-01 2.150000e-01 2.500000e-02
31722: 1.847880e+00 1.603491e+00 1.568579e+00 7.406484e-01 2.144638e-01 2.493766e-02
31722: 1.848259e+00 1.601990e+00 1.572139e+00 7.388060e-01 2.139303e-01 2.487562e-02
31722: 1.846154e+00 1.602978e+00 1.568238e+00 7.444169e-01 2.133995e-01 2.481390e-02
31722: 1.849010e+00 1.601485e+00 1.566832e+00 7.425743e-01 2.128713e-01 2.722772e-02
31722: 1.849383e+00 1.604938e+00 1.565432e+00 7.407407e-01 2.123457e-01 2.716049e-02
31722: 1.847291e+00 1.605911e+00 1.566502e+00 7.413793e-01 2.118227e-01 2.709360e-02
31722: 1.847666e+00 1.604423e+00 1.570025e+00 7.395577e-01 2.113022e-01 2.702703e-02
31722: 1.845588e+00 1.602941e+00 1.571078e+00 7.426471e-01 2.107843e-01 2.696078e-02
31722: 1.845966e+00 1.603912e+00 1.569682e+00 7.432763e-01 2.102689e-01 2.689487e-02
31722: 1.846341e+00 1.602439e+00 1.573171e+00 7.414634e-01 2.097561e-01 2.682927e-02
31722: 1.844282e+00 1.605839e+00 1.571776e+00 7.420925e-01 2.092457e-01 2.676399e-02
31722: 1.847087e+00 1.604369e+00 1.567961e+00 7.427184e-01 2.111650e-01 2.669903e-02
31722: 1.847458e+00 1.607748e+00 1.566586e+00 7.409201e-01 2.106538e-01 2.663438e-02
31722: 1.845411e+00 1.608696e+00 1.567633e+00 7.415459e-01 2.101449e-01 2.657005e-02
31722: 1.848193e+00 1.607229e+00 1.566265e+00 7.421687e-01 2.096386e-01 2.650602e-02
31722: 1.848558e+00 1.610577e+00 1.564904e+00 7.403846e-01 2.091346e-01 2.644231e-02
31722: 1.851319e+00 1.609113e+00 1.565947e+00 7.386091e-01 2.086331e-01 2.637890e-02
31722: 1.849282e+00 1.610048e+00 1.566986e+00 7.392344e-01 2.081340e-01 2.631579e-02
31722: 1.849642e+00 1.608592e+00 1.565632e+00 7.398568e-01 2.100239e-01 2.625298e-02
31722: 1.850000e+00 1.609524e+00 1.564286e+00 7.404762e-01 2.095238e-01 2.619048e-02
31722: 1.852732e+00 1.608076e+00 1.565321e+00 7.387173e-01 2.090261e-01 2.612827e-02
31722: 1.853081e+00 1.611374e+00 1.563981e+00 7.369668e-01 2.085308e-01 2.606635e-02
31722: 1.853428e+00 1.609929e+00 1.565012e+00 7.352246e-01 2.104019e-01 2.600473e-02
31722: 1.851415e+00 1.613208e+00 1.566038e+00 7.334906e-01 2.099057e-01 2.594340e-02
31722: 1.851765e+00 1.614118e+00 1.567059e+00 7.317647e-01 2.094118e-01 2.588235e-02
31722: 1.849765e+00 1.615023e+00 1.565728e+00 7.323944e-01 2.112676e-01 2.582160e-02
31722: 1.850117e+00 1.615925e+00 1.566745e+00 7.306792e-01 2.107728e-01 2.576112e-02
31722: 1.850467e+00 1.612150e+00 1.567757e+00 7.336449e-01 2.102804e-01 2.570093e-02
31722: 1.848485e+00 1.613054e+00 1.566434e+00 7.365967e-01 2.097902e-01 2.564103e-02
31722: 1.848837e+00 1.609302e+00 1.569767e+00 7.372093e-01 2.093023e-01 2.558140e-02
31722: 1.846868e+00 1.610209e+00 1.568445e+00 7.378190e-01 2.111369e-01 2.552204e-02
31722: 1.847222e+00 1.611111e+00 1.567130e+00 7.384259e-01 2.106481e-01 2.546296e-02
31722: 1.847575e+00 1.609700e+00 1.570439e+00 7.367206e-01 2.101617e-01 2.540416e-02
31722: 1.847926e+00 1.612903e+00 1.566820e+00 7.373272e-01 2.096774e-01 2.534562e-02
31722: 1.848276e+00 1.611494e+00 1.567816e+00 7.379310e-01 2.091954e-01 2.528736e-02
31722: 1.848624e+00 1.614679e+00 1.566514e+00 7.362385e-01 2.087156e-01 2.522936e-02
31722: 1.848970e+00 1.615561e+00 1.567506e+00 7.345538e-01 2.082380e-01 2.517162e-02
31722: 1.849315e+00 1.614155e+00 1.566210e+00 7.374429e-01 2.077626e-01 2.511416e-02
31722: 1.847380e+00 1.615034e+00 1.567198e+00 7.380410e-01 2.072893e-01 2.505695e-02
31722: 1.847727e+00 1.613636e+00 1.570455e+00 7.363636e-01 2.068182e-01 2.500000e-02
31722: 1.848073e+00 1.614512e+00 1.566893e+00 7.392290e-01 2.063492e-01 2.494331e-02
31722: 1.846154e+00 1.615385e+00 1.570136e+00 7.375566e-01 2.058824e-01 2.488688e-02
31722: 1.846501e+00 1.613995e+00 1.568849e+00 7.404063e-01 2.054176e-01 2.483070e-02
31722: 1.844595e+00 1.614865e+00 1.569820e+00 7.409910e-01 2.049550e-01 2.477477e-02
31722: 1.847191e+00 1.611236e+00 1.573034e+00 7.393258e-01 2.044944e-01 2.471910e-02
31722: 1.845291e+00 1.612108e+00 1.571749e+00 7.399103e-01 2.062780e-01 2.466368e-02
31722: 1.847875e+00 1.610738e+00 1.568233e+00 7.404922e-01 2.080537e-01 2.460850e-02
31722: 1.845982e+00 1.613839e+00 1.566964e+00 7.388393e-01 2.098214e-01 2.455357e-02
31722: 1.846325e+00 1.610245e+00 1.567929e+00 7.394209e-01 2.093541e-01 2.672606e-02
31722: 1.844444e+00 1.611111e+00 1.568889e+00 7.377778e-01 2.111111e-01 2.666667e-02
31722: 1.844789e+00 1.611973e+00 1.569845e+00 7.361419e-01 2.106430e-01 2.660754e-02
31722: 1.842920e+00 1.612832e+00 1.568584e+00 7.389381e-01 2.101770e-01 2.654867e-02
31722: 1.843267e+00 1.611479e+00 1.571744e+00 7.373068e-01 2.097130e-01 2.649007e-02
31722: 1.841410e+00 1.612335e+00 1.570485e+00 7.378855e-01 2.092511e-01 2.863436e-02
31722: 1.841758e+00 1.613187e+00 1.567033e+00 7.384615e-01 2.109890e-01 2.857143e-02
31722: 1.842105e+00 1.611842e+00 1.570175e+00 7.368421e-01 2.105263e-01 2.850877e-02
31722: 1.842451e+00 1.612691e+00 1.568928e+00 7.374179e-01 2.100656e-01 2.844639e-02
31722: 1.842795e+00 1.611354e+00 1.572052e+00 7.358079e-01 2.096070e-01 2.838428e-02
31722: 1.843137e+00 1.612200e+00 1.570806e+00 7.363834e-01 2.091503e-01 2.832244e-02
31722: 1.841304e+00 1.610870e+00 1.571739e+00 7.391304e-01 2.086957e-01 2.826087e-02
31722: 1.845987e+00 1.609544e+00 1.568330e+00 7.396963e-01 2.082430e-01 2.819957e-02
31722: 1.846320e+00 1.612554e+00 1.567100e+00 7.380952e-01 2.077922e-01 2.813853e-02
31722: 1.846652e+00 1.611231e+00 1.570194e+00 7.365011e-01 2.073434e-01 2.807775e-02
31722: 1.844828e+00 1.614224e+00 1.566810e+00 7.370690e-01 2.090517e-01 2.801724e-02
31722: 1.847312e+00 1.612903e+00 1.565591e+00 7.376344e-01 2.086022e-01 2.795699e-02
31722: 1.845494e+00 1.615880e+00 1.566524e+00 7.360515e-01 2.081545e-01 2.789700e-02
31722: 1.845824e+00 1.614561e+00 1.567452e+00 7.366167e-01 2.077088e-01 2.783726e-02
31722: 1.844017e+00 1.615385e+00 1.568376e+00 7.350427e-01 2.072650e-01 2.991453e-02
31722: 1.848614e+00 1.614072e+00 1.567164e+00 7.334755e-01 2.068230e-01 2.985075e-02
31722: 1.846809e+00 1.614894e+00 1.570213e+00 7.319149e-01 2.063830e-01 2.978723e-02
31722: 1.847134e+00 1.615711e+00 1.569002e+00 7.324841e-01 2.059448e-01 2.972399e-02
31722: 1.845339e+00 1.612288e+00 1.576271e+00 7.309322e-01 2.055085e-01 2.966102e-02
31722: 1.847780e+00 1.610994e+00 1.572939e+00 7.336152e-01 2.050740e-01 2.959831e-02
31722: 1.845992e+00 1.613924e+00 1.571730e+00 7.341772e-01 2.046414e-01 2.953586e-02
31722: 1.850526e+00 1.612632e+00 1.568421e+00 7.347368e-01 2.042105e-01 2.947368e-02
31722: 1.848739e+00 1.613445e+00 1.567227e+00 7.331933e-01 2.079832e-01 2.941176e-02
31722: 1.851153e+00 1.612159e+00 1.568134e+00 7.316562e-01 2.075472e-01 2.935010e-02
31722: 1.851464e+00 1.612971e+00 1.566946e+00 7.301255e-01 2.092050e-01 2.928870e-02
31722: 1.849687e+00 1.613779e+00 1.569937e+00 7.286013e-01 2.087683e-01 2.922756e-02
31722: 1.852083e+00 1.612500e+00 1.570833e+00 7.270833e-01 2.083333e-01 2.916667e-02
31722: 1.850312e+00 1.615385e+00 1.567568e+00 7.297297e-01 2.079002e-01 2.910603e-02
31722: 1.848548e+00 1.614108e+00 1.570539e+00 7.302905e-01 2.074689e-01 2.904564e-02
31722: 1.848861e+00 1.610766e+00 1.571429e+00 7.308489e-01 2.091097e-01 2.898551e-02
31722: 1.849174e+00 1.611570e+00 1.568182e+00 7.334711e-01 2.086777e-01 2.892562e-02
31722: 1.851546e+00 1.610309e+00 1.569072e+00 7.319588e-01 2.082474e-01 2.886598e-02
31722: 1.851852e+00 1.613169e+00 1.567901e+00 7.304527e-01 2.078189e-01 2.880658e-02
31722: 1.850103e+00 1.611910e+00 1.570842e+00 7.289528e-01 2.094456e-01 2.874743e-02
31722: 1.850410e+00 1.608607e+00 1.571721e+00 7.295082e-01 2.110656e-01 2.868852e-02
31722: 1.850716e+00 1.611452e+00 1.568507e+00 7.300613e-01 2.106339e-01 2.862986e-02
31722: 1.848980e+00 1.610204e+00 1.573469e+00 7.285714e-01 2.102041e-01 2.857143e-02
31722: 1.849287e+00 1.610998e+00 1.572301e+00 7.291242e-01 2.097760e-01 2.851324e-02
31722: 1.849593e+00 1.611789e+00 1.571138e+00 7.296748e-01 2.093496e-01 2.845528e-02
31722: 1.847870e+00 1.610548e+00 1.572008e+00 7.322515e-01 2.089249e-01 2.839757e-02
31722: 1.848178e+00 1.609312e+00 1.570850e+00 7.348178e-01 2.085020e-01 2.834008e-02
31722: 1.846465e+00 1.612121e+00 1.567677e+00 7.353535e-01 2.101010e-01 2.828283e-02
31722: 1.844758e+00 1.612903e+00 1.570565e+00 7.338710e-01 2.096774e-01 2.822581e-02
31722: 1.847082e+00 1.613682e+00 1.567404e+00 7.344064e-01 2.092555e-01 2.816901e-02
31722: 1.847390e+00 1.612450e+00 1.570281e+00 7.329317e-01 2.088353e-01 2.811245e-02
31722: 1.845691e+00 1.613226e+00 1.569138e+00 7.354709e-01 2.084168e-01 2.805611e-02
31722: 1.844000e+00 1.616000e+00 1.568000e+00 7.340000e-01 2.100000e-01 2.800000e-02
31722: 1.846307e+00 1.616766e+00 1.566866e+00 7.325349e-01 2.095808e-01 2.794411e-02
31722: 1.844622e+00 1.617530e+00 1.567729e+00 7.310757e-01 2.111554e-01 2.788845e-02
31722: 1.842942e+00 1.618290e+00 1.570577e+00 7.296223e-01 2.107356e-01 2.783300e-02
31722: 1.843254e+00 1.617063e+00 1.567460e+00 7.341270e-01 2.103175e-01 2.777778e-02
31722: 1.841584e+00 1.619802e+00 1.566337e+00 7.346535e-01 2.099010e-01 2.772277e-02
31722: 1.839921e+00 1.622530e+00 1.567194e+00 7.332016e-01 2.094862e-01 2.766798e-02
31722: 1.842209e+00 1.621302e+00 1.568047e+00 7.317554e-01 2.090730e-01 2.761341e-02
31722: 1.840551e+00 1.622047e+00 1.570866e+00 7.303150e-01 2.086614e-01 2.755906e-02
31722: 1.840864e+00 1.624754e+00 1.567780e+00 7.308448e-01 2.082515e-01 2.750491e-02
31722: 1.841176e+00 1.623529e+00 1.570588e+00 7.294118e-01 2.078431e-01 2.745098e-02
31722: 1.839530e+00 1.626223e+00 1.569472e+00 7.299413e-01 2.074364e-01 2.739726e-02
31722: 1.839844e+00 1.625000e+00 1.572266e+00 7.285156e-01 2.070312e-01 2.734375e-02
31722: 1.838207e+00 1.627680e+00 1.569201e+00 7.290448e-01 2.085770e-01 2.729045e-02
31722: 1.840467e+00 1.628405e+00 1.568093e+00 7.276265e-01 2.081712e-01 2.723735e-02
31722: 1.838835e+00 1.627184e+00 1.572816e+00 7.262136e-01 2.077670e-01 2.718447e-02
31722: 1.841085e+00 1.627907e+00 1.569767e+00 7.267442e-01 2.073643e-01 2.713178e-02
31722: 1.839458e+00 1.628627e+00 1.572534e+00 7.253385e-01 2.069632e-01 2.707930e-02
31722: 1.837838e+00 1.629344e+00 1.573359e+00 7.258687e-01 2.065637e-01 2.702703e-02
31722: 1.838150e+00 1.628131e+00 1.572254e+00 7.283237e-01 2.061657e-01 2.697495e-02
31722: 1.836538e+00 1.630769e+00 1.571154e+00 7.288462e-01 2.057692e-01 2.692308e-02
31722: 1.834933e+00 1.631478e+00 1.571977e+00 7.293666e-01 2.053743e-01 2.687140e-02
31722: 1.835249e+00 1.632184e+00 1.568966e+00 7.298851e-01 2.049808e-01 2.873563e-02
31722: 1.835564e+00 1.630975e+00 1.571702e+00 7.284895e-01 2.045889e-01 2.868069e-02
31722: 1.833969e+00 1.631679e+00 1.568702e+00 7.309160e-01 2.061069e-01 2.862595e-02
31722: 1.834286e+00 1.630476e+00 1.569524e+00 7.295238e-01 2.076190e-01 2.857143e-02
31722: 1.834601e+00 1.631179e+00 1.570342e+00 7.281369e-01 2.072243e-01 2.851711e-02
31722: 1.833017e+00 1.633776e+00 1.567362e+00 7.305503e-01 2.068311e-01 2.846300e-02
31722: 1.833333e+00 1.636364e+00 1.566288e+00 7.291667e-01 2.064394e-01 2.840909e-02
31722: 1.831758e+00 1.635161e+00 1.568998e+00 7.296786e-01 2.060491e-01 2.835539e-02
31722: 1.832075e+00 1.633962e+00 1.571698e+00 7.283019e-01 2.056604e-01 2.830189e-02
31722: 1.832392e+00 1.634652e+00 1.568738e+00 7.288136e-01 2.071563e-01 2.824859e-02
31722: 1.832707e+00 1.633459e+00 1.569549e+00 7.274436e-01 2.086466e-01 2.819549e-02
31722: 1.831144e+00 1.636023e+00 1.568480e+00 7.260788e-01 2.101313e-01 2.814259e-02
31722: 1.831461e+00 1.634831e+00 1.571161e+00 7.247191e-01 2.097378e-01 2.808989e-02
31722: 1.831776e+00 1.635514e+00 1.568224e+00 7.271028e-01 2.093458e-01 2.803738e-02
31722: 1.833955e+00 1.634328e+00 1.569030e+00 7.257463e-01 2.089552e-01 2.798507e-02
31722: 1.832402e+00 1.635009e+00 1.571695e+00 7.243948e-01 2.085661e-01 2.793296e-02
31722: 1.834572e+00 1.633829e+00 1.568773e+00 7.267658e-01 2.081784e-01 2.788104e-02
31722: 1.833024e+00 1.634508e+00 1.569573e+00 7.254174e-01 2.096475e-01 2.782931e-02
31722: 1.831481e+00 1.633333e+00 1.572222e+00 7.259259e-01 2.092593e-01 2.777778e-02
31722: 1.831793e+00 1.630314e+00 1.571165e+00 7.282810e-01 2.107209e-01 2.772643e-02
31722: 1.830258e+00 1.629151e+00 1.571956e+00 7.306273e-01 2.103321e-01 2.767528e-02
31722: 1.828729e+00 1.631676e+00 1.570902e+00 7.311234e-01 2.099448e-01 2.762431e-02
31722: 1.829044e+00 1.634191e+00 1.568015e+00 7.316176e-01 2.095588e-01 2.757353e-02
31722: 1.829358e+00 1.633028e+00 1.568807e+00 7.302752e-01 2.110092e-01 2.752294e-02
31722: 1.827839e+00 1.635531e+00 1.567766e+00 7.289377e-01 2.124542e-01 2.747253e-02
31722: 1.828154e+00 1.636197e+00 1.566728e+00 7.294333e-01 2.120658e-01 2.742230e-02
31722: 1.826642e+00 1.635036e+00 1.569343e+00 7.281022e-01 2.116788e-01 2.919708e-02
31722: 1.828780e+00 1.635701e+00 1.568306e+00 7.267760e-01 2.112933e-01 2.914390e-02
31722: 1.829091e+00 1.634545e+00 1.569091e+00 7.254545e-01 2.127273e-01 2.909091e-02
31722: 1.829401e+00 1.635209e+00 1.568058e+00 7.259528e-01 2.123412e-01 2.903811e-02
31722: 1.827899e+00 1.632246e+00 1.572464e+00 7.246377e-01 2.137681e-01 2.898551e-02
31722: 1.830018e+00 1.631103e+00 1.571429e+00 7.251356e-01 2.133816e-01 2.893309e-02
31722: 1.830325e+00 1.631769e+00 1.568592e+00 7.274368e-01 2.129964e-01 2.888087e-02
31722: 1.830631e+00 1.630631e+00 1.571171e+00 7.261261e-01 2.126126e-01 2.882883e-02
31722: 1.829137e+00 1.631295e+00 1.571942e+00 7.266187e-01 2.122302e-01 2.877698e-02
31722: 1.829443e+00 1.630162e+00 1.570916e+00 7.289048e-01 2.118492e-01 2.872531e-02
31722: 1.827957e+00 1.629032e+00 1.573477e+00 7.293907e-01 2.114695e-01 2.867384e-02
31722: 1.828265e+00 1.627907e+00 1.570662e+00 7.334526e-01 2.110912e-01 2.862254e-02
31722: 1.826786e+00 1.632143e+00 1.567857e+00 7.339286e-01 2.107143e-01 2.857143e-02
31722: 1.827094e+00 1.632799e+00 1.566845e+00 7.344029e-01 2.103387e-01 2.852050e-02
31722: 1.825623e+00 1.631673e+00 1.569395e+00 7.348754e-01 2.099644e-01 2.846975e-02
31722: 1.827709e+00 1.632327e+00 1.568384e+00 7.335702e-01 2.095915e-01 2.841918e-02
31722: 1.826241e+00 1.631206e+00 1.572695e+00 7.322695e-01 2.092199e-01 2.836879e-02
31722: 1.826549e+00 1.630088e+00 1.571681e+00 7.345133e-01 2.088496e-01 2.831858e-02
31722: 1.825088e+00 1.632509e+00 1.568905e+00 7.349823e-01 2.102473e-01 2.826855e-02
31722: 1.825397e+00 1.631393e+00 1.569665e+00 7.354497e-01 2.098765e-01 2.821869e-02
31722: 1.823944e+00 1.633803e+00 1.570423e+00 7.341549e-01 2.095070e-01 2.816901e-02
31722: 1.826011e+00 1.634446e+00 1.567663e+00 7.346221e-01 2.091388e-01 2.811951e-02
31722: 1.826316e+00 1.633333e+00 1.568421e+00 7.350877e-01 2.087719e-01 2.807018e-02
31722: 1.824869e+00 1.635727e+00 1.569177e+00 7.338004e-01 2.084063e-01 2.802102e-02
31722: 1.823427e+00 1.636364e+00 1.571678e+00 7.325175e-01 2.080420e-01 2.797203e-02
31722: 1.823735e+00 1.635253e+00 1.570681e+00 7.347295e-01 2.076789e-01 2.792321e-02
31722: 1.824042e+00 1.635889e+00 1.569686e+00 7.351916e-01 2.073171e-01 2.787456e-02
31722: 1.824348e+00 1.633043e+00 1.573913e+00 7.339130e-01 2.069565e-01 2.782609e-02
31722: 1.824653e+00 1.635417e+00 1.571181e+00 7.343750e-01 2.065972e-01 2.777778e-02
31722: 1.824957e+00 1.634315e+00 1.571924e+00 7.348354e-01 2.062392e-01 2.772964e-02
31722: 1.823529e+00 1.636678e+00 1.570934e+00 7.352941e-01 2.058824e-01 2.768166e-02
31722: 1.823834e+00 1.635579e+00 1.571675e+00 7.357513e-01 2.055268e-01 2.763385e-02
31722: 1.824138e+00 1.636207e+00 1.568966e+00 7.379310e-01 2.051724e-01 2.758621e-02
31722: 1.822719e+00 1.635112e+00 1.571429e+00 7.383821e-01 2.048193e-01 2.753873e-02
31722: 1.823024e+00 1.634021e+00 1.572165e+00 7.388316e-01 2.044674e-01 2.749141e-02
31722: 1.821612e+00 1.634648e+00 1.571184e+00 7.409949e-01 2.041166e-01 2.744425e-02
31722: 1.823630e+00 1.633562e+00 1.568493e+00 7.431507e-01 2.037671e-01 2.739726e-02
31722: 1.823932e+00 1.634188e+00 1.567521e+00 7.418803e-01 2.051282e-01 2.735043e-02
31722: 1.824232e+00 1.633106e+00 1.569966e+00 7.406143e-01 2.047782e-01 2.730375e-02
31722: 1.824532e+00 1.633731e+00 1.570698e+00 7.393526e-01 2.044293e-01 2.725724e-02
31722: 1.826531e+00 1.630952e+00 1.569728e+00 7.414966e-01 2.040816e-01 2.721088e-02
31722: 1.825127e+00 1.631579e+00 1.570458e+00 7.402377e-01 2.054329e-01 2.716469e-02
31722: 1.823729e+00 1.632203e+00 1.567797e+00 7.406780e-01 2.084746e-01 2.711864e-02
31722: 1.825719e+00 1.631134e+00 1.568528e+00 7.394247e-01 2.081218e-01 2.707276e-02
31722: 1.824324e+00 1.631757e+00 1.569257e+00 7.381757e-01 2.094595e-01 2.702703e-02
31722: 1.826307e+00 1.630691e+00 1.568297e+00 7.369309e-01 2.107926e-01 2.698145e-02
31722: 1.824916e+00 1.632997e+00 1.569024e+00 7.356902e-01 2.104377e-01 2.693603e-02
31722: 1.825210e+00 1.631933e+00 1.571429e+00 7.344538e-01 2.100840e-01 2.689076e-02
31722: 1.823826e+00 1.632550e+00 1.570470e+00 7.365772e-01 2.097315e-01 2.684564e-02
31722: 1.825796e+00 1.631491e+00 1.569514e+00 7.370184e-01 2.093802e-01 2.680067e-02
31722: 1.826087e+00 1.632107e+00 1.568562e+00 7.374582e-01 2.090301e-01 2.675585e-02
31722: 1.824708e+00 1.631052e+00 1.569282e+00 7.378965e-01 2.103506e-01 2.671119e-02
31722: 1.826667e+00 1.630000e+00 1.568333e+00 7.383333e-01 2.100000e-01 2.666667e-02
31722: 1.825291e+00 1.632280e+00 1.569052e+00 7.371048e-01 2.096506e-01 2.662230e-02
31722: 1.825581e+00 1.632890e+00 1.569767e+00 7.358804e-01 2.093023e-01 2.657807e-02
31722: 1.825871e+00 1.631841e+00 1.568823e+00 7.379768e-01 2.089552e-01 2.653400e-02
31722: 1.824503e+00 1.634106e+00 1.569536e+00 7.367550e-01 2.086093e-01 2.649007e-02
31722: 1.824793e+00 1.634711e+00 1.570248e+00 7.355372e-01 2.082645e-01 2.644628e-02
31722: 1.825083e+00 1.633663e+00 1.569307e+00 7.376238e-01 2.079208e-01 2.640264e-02
31722: 1.823723e+00 1.634267e+00 1.570016e+00 7.364086e-01 2.092257e-01 2.635914e-02
31722: 1.825658e+00 1.633224e+00 1.569079e+00 7.368421e-01 2.088816e-01 2.631579e-02
31722: 1.825944e+00 1.633826e+00 1.569787e+00 7.356322e-01 2.085386e-01 2.627258e-02
31722: 1.824590e+00 1.634426e+00 1.570492e+00 7.360656e-01 2.081967e-01 2.622951e-02
31722: 1.826514e+00 1.635025e+00 1.567921e+00 7.364975e-01 2.078560e-01 2.618658e-02
31722: 1.825163e+00 1.633987e+00 1.571895e+00 7.352941e-01 2.075163e-01 2.614379e-02
31722: 1.827080e+00 1.632953e+00 1.569331e+00 7.357259e-01 2.088091e-01 2.610114e-02
31722: 1.827362e+00 1.633550e+00 1.568404e+00 7.361564e-01 2.084691e-01 2.605863e-02
31722: 1.827642e+00 1.634146e+00 1.569106e+00 7.349593e-01 2.081301e-01 2.601626e-02
31722: 1.826299e+00 1.633117e+00 1.569805e+00 7.353896e-01 2.094156e-01 2.597403e-02
31722: 1.828201e+00 1.632091e+00 1.570502e+00 7.341977e-01 2.090762e-01 2.593193e-02
31722: 1.826861e+00 1.635922e+00 1.567961e+00 7.346278e-01 2.087379e-01 2.588997e-02
31722: 1.828756e+00 1.634895e+00 1.568659e+00 7.334410e-01 2.084006e-01 2.584814e-02
31722: 1.827419e+00 1.637097e+00 1.569355e+00 7.322581e-01 2.080645e-01 2.580645e-02
31722: 1.826087e+00 1.639291e+00 1.568438e+00 7.326892e-01 2.077295e-01 2.576490e-02
31722: 1.826367e+00 1.639871e+00 1.567524e+00 7.315113e-01 2.090032e-01 2.572347e-02
31722: 1.825040e+00 1.640449e+00 1.568218e+00 7.319422e-01 2.086677e-01 2.568218e-02
31722: 1.825321e+00 1.639423e+00 1.570513e+00 7.307692e-01 2.083333e-01 2.564103e-02
31722: 1.825600e+00 1.641600e+00 1.568000e+00 7.312000e-01 2.080000e-01 2.560000e-02
31722: 1.824281e+00 1.642173e+00 1.570288e+00 7.300319e-01 2.076677e-01 2.555911e-02
31722: 1.826156e+00 1.642743e+00 1.567783e+00 7.304625e-01 2.073365e-01 2.551834e-02
31722: 1.824841e+00 1.643312e+00 1.570064e+00 7.292994e-01 2.070064e-01 2.547771e-02
31722: 1.825119e+00 1.645469e+00 1.567568e+00 7.297297e-01 2.066773e-01 2.543720e-02
31722: 1.826984e+00 1.644444e+00 1.568254e+00 7.285714e-01 2.063492e-01 2.539683e-02
31722: 1.825674e+00 1.643423e+00 1.570523e+00 7.290016e-01 2.060222e-01 2.535658e-02
31722: 1.824367e+00 1.640823e+00 1.572785e+00 7.294304e-01 2.056962e-01 2.689873e-02
31722: 1.826224e+00 1.638231e+00 1.571880e+00 7.298578e-01 2.069510e-01 2.685624e-02
31722: 1.824921e+00 1.638801e+00 1.572555e+00 7.302839e-01 2.066246e-01 2.681388e-02
31722: 1.825197e+00 1.637795e+00 1.571654e+00 7.307087e-01 2.078740e-01 2.677165e-02
31722: 1.823899e+00 1.638365e+00 1.570755e+00 7.311321e-01 2.091195e-01 2.672956e-02
31722: 1.824176e+00 1.638932e+00 1.569859e+00 7.315542e-01 2.087912e-01 2.668760e-02
31722: 1.822884e+00 1.637931e+00 1.573668e+00 7.304075e-01 2.084639e-01 2.664577e-02
31722: 1.823161e+00 1.636933e+00 1.574335e+00 7.308294e-01 2.081377e-01 2.660407e-02
31722: 1.823438e+00 1.637500e+00 1.573438e+00 7.312500e-01 2.078125e-01 2.656250e-02
31722: 1.823713e+00 1.638066e+00 1.572543e+00 7.316693e-01 2.074883e-01 2.652106e-02
31722: 1.823988e+00 1.637072e+00 1.571651e+00 7.336449e-01 2.071651e-01 2.647975e-02
31722: 1.822706e+00 1.636081e+00 1.572317e+00 7.340591e-01 2.083981e-01 2.643857e-02
31722: 1.821429e+00 1.638199e+00 1.571429e+00 7.344720e-01 2.080745e-01 2.639752e-02
31722: 1.821705e+00 1.638760e+00 1.570543e+00 7.348837e-01 2.077519e-01 2.635659e-02
31722: 1.821981e+00 1.637771e+00 1.569659e+00 7.352941e-01 2.089783e-01 2.631579e-02
31722: 1.820711e+00 1.638331e+00 1.571870e+00 7.341577e-01 2.086553e-01 2.627512e-02
31722: 1.820988e+00 1.635802e+00 1.572531e+00 7.361111e-01 2.083333e-01 2.623457e-02
31722: 1.819723e+00 1.636364e+00 1.571649e+00 7.365177e-01 2.095532e-01 2.619414e-02
31722: 1.820000e+00 1.636923e+00 1.569231e+00 7.384615e-01 2.092308e-01 2.615385e-02
31722: 1.820276e+00 1.635945e+00 1.571429e+00 7.373272e-01 2.089094e-01 2.611367e-02
31722: 1.820552e+00 1.636503e+00 1.570552e+00 7.377301e-01 2.085890e-01 2.607362e-02
31722: 1.819296e+00 1.637060e+00 1.569678e+00 7.381317e-01 2.098009e-01 2.603369e-02
31722: 1.818043e+00 1.636086e+00 1.571865e+00 7.370031e-01 2.110092e-01 2.599388e-02
31722: 1.819847e+00 1.636641e+00 1.569466e+00 7.374046e-01 2.106870e-01 2.595420e-02
31722: 1.818598e+00 1.638720e+00 1.570122e+00 7.362805e-01 2.103659e-01 2.591463e-02
31722: 1.820396e+00 1.639269e+00 1.567732e+00 7.366819e-01 2.100457e-01 2.587519e-02
31722: 1.820669e+00 1.636778e+00 1.569909e+00 7.355623e-01 2.112462e-01 2.583587e-02
31722: 1.819423e+00 1.637329e+00 1.570561e+00 7.344461e-01 2.124431e-01 2.579666e-02
31722: 1.818182e+00 1.640909e+00 1.568182e+00 7.348485e-01 2.121212e-01 2.575758e-02
31722: 1.818457e+00 1.641452e+00 1.567322e+00 7.352496e-01 2.118003e-01 2.571861e-02
31722: 1.818731e+00 1.640483e+00 1.569486e+00 7.341390e-01 2.114804e-01 2.567976e-02
31722: 1.819005e+00 1.641026e+00 1.568627e+00 7.330317e-01 2.126697e-01 2.564103e-02
31722: 1.817771e+00 1.641566e+00 1.569277e+00 7.334337e-01 2.123494e-01 2.560241e-02
31722: 1.816541e+00 1.645113e+00 1.568421e+00 7.323308e-01 2.120301e-01 2.556391e-02
31722: 1.816817e+00 1.644144e+00 1.567568e+00 7.342342e-01 2.117117e-01 2.552553e-02
31722: 1.815592e+00 1.644678e+00 1.566717e+00 7.361319e-01 2.113943e-01 2.548726e-02
31722: 1.815868e+00 1.646707e+00 1.565868e+00 7.350299e-01 2.110778e-01 2.544910e-02
31722: 1.814649e+00 1.647235e+00 1.566517e+00 7.354260e-01 2.107623e-01 2.541106e-02
31722: 1.817910e+00 1.644776e+00 1.567164e+00 7.343284e-01 2.104478e-01 2.537313e-02
31722: 1.816692e+00 1.645306e+00 1.567809e+00 7.347243e-01 2.101341e-01 2.533532e-02
31722: 1.816964e+00 1.645833e+00 1.566964e+00 7.351190e-01 2.098214e-01 2.529762e-02
31722: 1.817236e+00 1.646360e+00 1.567608e+00 7.340267e-01 2.095097e-01 2.526003e-02
31722: 1.817507e+00 1.646884e+00 1.566766e+00 7.344214e-01 2.091988e-01 2.522255e-02
31722: 1.816296e+00 1.645926e+00 1.567407e+00 7.362963e-01 2.088889e-01 2.518519e-02
31722: 1.816568e+00 1.644970e+00 1.568047e+00 7.366864e-01 2.085799e-01 2.514793e-02
31722: 1.816839e+00 1.645495e+00 1.568685e+00 7.355982e-01 2.082718e-01 2.511078e-02
31722: 1.815634e+00 1.646018e+00 1.567847e+00 7.374631e-01 2.079646e-01 2.507375e-02
31722: 1.817378e+00 1.646539e+00 1.567010e+00 7.363770e-01 2.076583e-01 2.503682e-02
31722: 1.816176e+00 1.645588e+00 1.570588e+00 7.352941e-01 2.073529e-01 2.500000e-02
31722: 1.817915e+00 1.644640e+00 1.569750e+00 7.356828e-01 2.070485e-01 2.496329e-02
31722: 1.819648e+00 1.645161e+00 1.568915e+00 7.346041e-01 2.067449e-01 2.492669e-02
31722: 1.818448e+00 1.645681e+00 1.569546e+00 7.335286e-01 2.079063e-01 2.489019e-02
31722: 1.817251e+00 1.646199e+00 1.571637e+00 7.324561e-01 2.076023e-01 2.485380e-02
31722: 1.818978e+00 1.643796e+00 1.570803e+00 7.343066e-01 2.072993e-01 2.481752e-02
31722: 1.817784e+00 1.645773e+00 1.568513e+00 7.346939e-01 2.069971e-01 2.623907e-02
31722: 1.819505e+00 1.646288e+00 1.567686e+00 7.336245e-01 2.066958e-01 2.620087e-02
31722: 1.819767e+00 1.645349e+00 1.569767e+00 7.325581e-01 2.063953e-01 2.616279e-02
31722: 1.818578e+00 1.645864e+00 1.570392e+00 7.329463e-01 2.060958e-01 2.612482e-02
31722: 1.817391e+00 1.646377e+00 1.568116e+00 7.333333e-01 2.086957e-01 2.608696e-02
31722: 1.817656e+00 1.646889e+00 1.568741e+00 7.322721e-01 2.083936e-01 2.604920e-02
31722: 1.819364e+00 1.645954e+00 1.567919e+00 7.326590e-01 2.080925e-01 2.601156e-02
31722: 1.818182e+00 1.646465e+00 1.569986e+00 7.316017e-01 2.077922e-01 2.597403e-02
31722: 1.818444e+00 1.648415e+00 1.569164e+00 7.305476e-01 2.074928e-01 2.593660e-02
31722: 1.818705e+00 1.647482e+00 1.571223e+00 7.294964e-01 2.071942e-01 2.589928e-02
31722: 1.818966e+00 1.647989e+00 1.570402e+00 7.298851e-01 2.068966e-01 2.586207e-02
31722: 1.817791e+00 1.648494e+00 1.569584e+00 7.317073e-01 2.065997e-01 2.582496e-02
31722: 1.818052e+00 1.647564e+00 1.570201e+00 7.306590e-01 2.063037e-01 2.722063e-02
31722: 1.819742e+00 1.648069e+00 1.567954e+00 7.310443e-01 2.060086e-01 2.718169e-02
31722: 1.818571e+00 1.648571e+00 1.570000e+00 7.300000e-01 2.057143e-01 2.714286e-02
31722: 1.818830e+00 1.647646e+00 1.569187e+00 7.318117e-01 2.054208e-01 2.710414e-02
31722: 1.817664e+00 1.648148e+00 1.569801e+00 7.321937e-01 2.051282e-01 2.706553e-02
31722: 1.819346e+00 1.647226e+00 1.570413e+00 7.311522e-01 2.048364e-01 2.702703e-02
31722: 1.818182e+00 1.650568e+00 1.568182e+00 7.315341e-01 2.045455e-01 2.698864e-02
31722: 1.821277e+00 1.649645e+00 1.567376e+00 7.304965e-01 2.042553e-01 2.695035e-02
31722: 1.820113e+00 1.651558e+00 1.567989e+00 7.294618e-01 2.039660e-01 2.691218e-02
31722: 1.818953e+00 1.650636e+00 1.570014e+00 7.284300e-01 2.050919e-01 2.687412e-02
31722: 1.817797e+00 1.651130e+00 1.570621e+00 7.288136e-01 2.048023e-01 2.683616e-02
31722: 1.818054e+00 1.650212e+00 1.571227e+00 7.291961e-01 2.045134e-01 2.679831e-02
31722: 1.819718e+00 1.650704e+00 1.569014e+00 7.295775e-01 2.042254e-01 2.676056e-02
31722: 1.818565e+00 1.649789e+00 1.571027e+00 7.299578e-01 2.039381e-01 2.672293e-02
31722: 1.820225e+00 1.648876e+00 1.570225e+00 7.303371e-01 2.036517e-01 2.668539e-02
31722: 1.820477e+00 1.649369e+00 1.568022e+00 7.321178e-01 2.033661e-01 2.664797e-02
31722: 1.820728e+00 1.648459e+00 1.570028e+00 7.310924e-01 2.030812e-01 2.661064e-02
31722: 1.819580e+00 1.650350e+00 1.567832e+00 7.314685e-01 2.041958e-01 2.657343e-02
31722: 1.821229e+00 1.649441e+00 1.567039e+00 7.318436e-01 2.039106e-01 2.653631e-02
31722: 1.820084e+00 1.652720e+00 1.566248e+00 7.308229e-01 2.036262e-01 2.649930e-02
31722: 1.821727e+00 1.650418e+00 1.568245e+00 7.298050e-01 2.033426e-01 2.646240e-02
31722: 1.820584e+00 1.652295e+00 1.567455e+00 7.301808e-01 2.030598e-01 2.642559e-02
31722: 1.819444e+00 1.654167e+00 1.566667e+00 7.291667e-01 2.041667e-01 2.638889e-02
31722: 1.821082e+00 1.654646e+00 1.565881e+00 7.281553e-01 2.038835e-01 2.635229e-02
31722: 1.821330e+00 1.653740e+00 1.566482e+00 7.271468e-01 2.049861e-01 2.631579e-02
31722: 1.821577e+00 1.654219e+00 1.565698e+00 7.275242e-01 2.047026e-01 2.627939e-02
31722: 1.820442e+00 1.653315e+00 1.567680e+00 7.279006e-01 2.044199e-01 2.624309e-02
31722: 1.820690e+00 1.653793e+00 1.568276e+00 7.268966e-01 2.041379e-01 2.620690e-02
31722: 1.819559e+00 1.652893e+00 1.567493e+00 7.300275e-01 2.038567e-01 2.617080e-02
31722: 1.819807e+00 1.653370e+00 1.568088e+00 7.290234e-01 2.035763e-01 2.613480e-02
31722: 1.821429e+00 1.652473e+00 1.567308e+00 7.293956e-01 2.032967e-01 2.609890e-02
31722: 1.820302e+00 1.651578e+00 1.569273e+00 7.297668e-01 2.030178e-01 2.606310e-02
31722: 1.819178e+00 1.652055e+00 1.569863e+00 7.301370e-01 2.027397e-01 2.602740e-02
31722: 1.818057e+00 1.651163e+00 1.573187e+00 7.291382e-01 2.024624e-01 2.599179e-02
31722: 1.819672e+00 1.650273e+00 1.572404e+00 7.295082e-01 2.021858e-01 2.595628e-02
31722: 1.818554e+00 1.650750e+00 1.570259e+00 7.312415e-01 2.032742e-01 2.592087e-02
31722: 1.820163e+00 1.649864e+00 1.569482e+00 7.316076e-01 2.029973e-01 2.588556e-02
31722: 1.820408e+00 1.650340e+00 1.568707e+00 7.306122e-01 2.040816e-01 2.585034e-02
31722: 1.820652e+00 1.650815e+00 1.569293e+00 7.296196e-01 2.038043e-01 2.581522e-02
31722: 1.820896e+00 1.651289e+00 1.568521e+00 7.299864e-01 2.035278e-01 2.578019e-02
31722: 1.821138e+00 1.650407e+00 1.570461e+00 7.289973e-01 2.032520e-01 2.574526e-02
31722: 1.820027e+00 1.652233e+00 1.568336e+00 7.293640e-01 2.043302e-01 2.571042e-02
31722: 1.820270e+00 1.652703e+00 1.568919e+00 7.283784e-01 2.040541e-01 2.567568e-02
31722: 1.819163e+00 1.653171e+00 1.568151e+00 7.300945e-01 2.037787e-01 2.564103e-02
31722: 1.818059e+00 1.656334e+00 1.567385e+00 7.291105e-01 2.035040e-01 2.560647e-02
31722: 1.819650e+00 1.656797e+00 1.566622e+00 7.281292e-01 2.032301e-01 2.557201e-02
31722: 1.818548e+00 1.655914e+00 1.569892e+00 7.271505e-01 2.029570e-01 2.553763e-02
31722: 1.820134e+00 1.655034e+00 1.569128e+00 7.261745e-01 2.040268e-01 2.550336e-02
31722: 1.819035e+00 1.655496e+00 1.569705e+00 7.252011e-01 2.050938e-01 2.546917e-02
31722: 1.817938e+00 1.657296e+00 1.570281e+00 7.242303e-01 2.048193e-01 2.543507e-02
31722: 1.818182e+00 1.657754e+00 1.568182e+00 7.259358e-01 2.045455e-01 2.540107e-02
31722: 1.817089e+00 1.659546e+00 1.568758e+00 7.249666e-01 2.042724e-01 2.536716e-02
31722: 1.818667e+00 1.658667e+00 1.569333e+00 7.240000e-01 2.040000e-01 2.533333e-02
31722: 1.817577e+00 1.661784e+00 1.568575e+00 7.230360e-01 2.037284e-01 2.529960e-02
31722: 1.820479e+00 1.659574e+00 1.569149e+00 7.220745e-01 2.034574e-01 2.526596e-02
31722: 1.820717e+00 1.661355e+00 1.568393e+00 7.211155e-01 2.031873e-01 2.523240e-02
31722: 1.819629e+00 1.660477e+00 1.571618e+00 7.201592e-01 2.029178e-01 2.519894e-02
31722: 1.818543e+00 1.660927e+00 1.572185e+00 7.205298e-01 2.026490e-01 2.516556e-02
31722: 1.820106e+00 1.660053e+00 1.571429e+00 7.208995e-01 2.023810e-01 2.513228e-02
31722: 1.820343e+00 1.660502e+00 1.570674e+00 7.212682e-01 2.021136e-01 2.509908e-02
31722: 1.820580e+00 1.659631e+00 1.571240e+00 7.216359e-01 2.018470e-01 2.506596e-02
31722: 1.819499e+00 1.661397e+00 1.570487e+00 7.220026e-01 2.015810e-01 2.503294e-02
31722: 1.819737e+00 1.661842e+00 1.569737e+00 7.223684e-01 2.013158e-01 2.500000e-02
31722: 1.818660e+00 1.660972e+00 1.572930e+00 7.214192e-01 2.010512e-01 2.496715e-02
31722: 1.818898e+00 1.660105e+00 1.573491e+00 7.217848e-01 2.007874e-01 2.493438e-02
31722: 1.820446e+00 1.660550e+00 1.571429e+00 7.221494e-01 2.005242e-01 2.490170e-02
31722: 1.819372e+00 1.660995e+00 1.570681e+00 7.238220e-01 2.002618e-01 2.486911e-02
31722: 1.819608e+00 1.660131e+00 1.571242e+00 7.241830e-01 2.000000e-01 2.483660e-02
31722: 1.818538e+00 1.659269e+00 1.571802e+00 7.245431e-01 2.010444e-01 2.480418e-02
31722: 1.818774e+00 1.659713e+00 1.569752e+00 7.262060e-01 2.007823e-01 2.477184e-02
31722: 1.817708e+00 1.660156e+00 1.570312e+00 7.265625e-01 2.005208e-01 2.473958e-02
31722: 1.819246e+00 1.660598e+00 1.568270e+00 7.269181e-01 2.002601e-01 2.470741e-02
31722: 1.818182e+00 1.659740e+00 1.570130e+00 7.259740e-01 2.012987e-01 2.467532e-02
31722: 1.818418e+00 1.658885e+00 1.569390e+00 7.276265e-01 2.010376e-01 2.464332e-02
31722: 1.817358e+00 1.660622e+00 1.569948e+00 7.266839e-01 2.007772e-01 2.461140e-02
31722: 1.818887e+00 1.659767e+00 1.570505e+00 7.257439e-01 2.005175e-01 2.457956e-02
31722: 1.819121e+00 1.660207e+00 1.569767e+00 7.260982e-01 2.002584e-01 2.454780e-02
31722: 1.818065e+00 1.659355e+00 1.571613e+00 7.264516e-01 2.000000e-01 2.451613e-02
31722: 1.818299e+00 1.659794e+00 1.570876e+00 7.268041e-01 1.997423e-01 2.448454e-02
31722: 1.818533e+00 1.658945e+00 1.571429e+00 7.271557e-01 1.994852e-01 2.445302e-02
31722: 1.817481e+00 1.660668e+00 1.569409e+00 7.287918e-01 1.992288e-01 2.442159e-02
31722: 1.818999e+00 1.661104e+00 1.568678e+00 7.278562e-01 1.989730e-01 2.439024e-02
31722: 1.817949e+00 1.660256e+00 1.571795e+00 7.269231e-01 1.987179e-01 2.435897e-02
31722: 1.816901e+00 1.660691e+00 1.571063e+00 7.285531e-01 1.984635e-01 2.432778e-02
31722: 1.818414e+00 1.661125e+00 1.569054e+00 7.289003e-01 1.982097e-01 2.429668e-02
31722: 1.818646e+00 1.659004e+00 1.572158e+00 7.279693e-01 1.979566e-01 2.426564e-02
31722: 1.817602e+00 1.661990e+00 1.570153e+00 7.283163e-01 1.977041e-01 2.423469e-02
31722: 1.819108e+00 1.662420e+00 1.568153e+00 7.286624e-01 1.974522e-01 2.420382e-02
31722: 1.819338e+00 1.661578e+00 1.569975e+00 7.277354e-01 1.972010e-01 2.417303e-02
31722: 1.818297e+00 1.663278e+00 1.570521e+00 7.268107e-01 1.969504e-01 2.414231e-02
31722: 1.817259e+00 1.663706e+00 1.569797e+00 7.284264e-01 1.967005e-01 2.411168e-02
31722: 1.816223e+00 1.662864e+00 1.570342e+00 7.275032e-01 1.989861e-01 2.408112e-02
31722: 1.818987e+00 1.662025e+00 1.568354e+00 7.278481e-01 1.987342e-01 2.405063e-02
31722: 1.817952e+00 1.662453e+00 1.568900e+00 7.281922e-01 1.984829e-01 2.402023e-02
31722: 1.816919e+00 1.661616e+00 1.571970e+00 7.272727e-01 1.982323e-01 2.398990e-02
31722: 1.817150e+00 1.662043e+00 1.571248e+00 7.276166e-01 1.979823e-01 2.395965e-02
31722: 1.817380e+00 1.661209e+00 1.570529e+00 7.279597e-01 1.989924e-01 2.392947e-02
31722: 1.816352e+00 1.660377e+00 1.569811e+00 7.308176e-01 1.987421e-01 2.389937e-02
31722: 1.815327e+00 1.660804e+00 1.570352e+00 7.311558e-01 1.984925e-01 2.386935e-02
31722: 1.815558e+00 1.659975e+00 1.569636e+00 7.327478e-01 1.982434e-01 2.383940e-02
31722: 1.815789e+00 1.659148e+00 1.571429e+00 7.318296e-01 1.979950e-01 2.380952e-02
31722: 1.814768e+00 1.660826e+00 1.569462e+00 7.321652e-01 1.989987e-01 2.377972e-02
31722: 1.815000e+00 1.661250e+00 1.570000e+00 7.312500e-01 1.987500e-01 2.375000e-02
31722: 1.813983e+00 1.660424e+00 1.570537e+00 7.328340e-01 1.985019e-01 2.372035e-02
31722: 1.814214e+00 1.659601e+00 1.569825e+00 7.331671e-01 1.982544e-01 2.493766e-02
31722: 1.814446e+00 1.661270e+00 1.569116e+00 7.322540e-01 1.980075e-01 2.490660e-02
31722: 1.813433e+00 1.660448e+00 1.572139e+00 7.313433e-01 1.977612e-01 2.487562e-02
31722: 1.812422e+00 1.660870e+00 1.572671e+00 7.316770e-01 1.975155e-01 2.484472e-02
31722: 1.811414e+00 1.661290e+00 1.571960e+00 7.332506e-01 1.972705e-01 2.481390e-02
31722: 1.811648e+00 1.660471e+00 1.572491e+00 7.335812e-01 1.970260e-01 2.478315e-02
31722: 1.810644e+00 1.660891e+00 1.573020e+00 7.339109e-01 1.967822e-01 2.475248e-02
31722: 1.810878e+00 1.660074e+00 1.573548e+00 7.342398e-01 1.965389e-01 2.472188e-02
31722: 1.811111e+00 1.659259e+00 1.572840e+00 7.358025e-01 1.962963e-01 2.469136e-02
31722: 1.810111e+00 1.658446e+00 1.574599e+00 7.361282e-01 1.960543e-01 2.466091e-02
31722: 1.810345e+00 1.658867e+00 1.573892e+00 7.364532e-01 1.958128e-01 2.463054e-02
31722: 1.809348e+00 1.658057e+00 1.574416e+00 7.367774e-01 1.968020e-01 2.460025e-02
31722: 1.809582e+00 1.658477e+00 1.573710e+00 7.371007e-01 1.965602e-01 2.457002e-02
31722: 1.809816e+00 1.656442e+00 1.574233e+00 7.386503e-01 1.963190e-01 2.453988e-02
31722: 1.808824e+00 1.656863e+00 1.573529e+00 7.389706e-01 1.973039e-01 2.450980e-02
31722: 1.807834e+00 1.657283e+00 1.574051e+00 7.392901e-01 1.970624e-01 2.447980e-02
31722: 1.806846e+00 1.656479e+00 1.575795e+00 7.396088e-01 1.968215e-01 2.444988e-02
31722: 1.807082e+00 1.655678e+00 1.576313e+00 7.399267e-01 1.965812e-01 2.442002e-02
31722: 1.807317e+00 1.657317e+00 1.574390e+00 7.402439e-01 1.963415e-01 2.439024e-02
31722: 1.806334e+00 1.658952e+00 1.573691e+00 7.405603e-01 1.961023e-01 2.436054e-02
31722: 1.807786e+00 1.659367e+00 1.571776e+00 7.408759e-01 1.958637e-01 2.433090e-02
31722: 1.808019e+00 1.658566e+00 1.572296e+00 7.411908e-01 1.956258e-01 2.430134e-02
31722: 1.807039e+00 1.660194e+00 1.571602e+00 7.415049e-01 1.953883e-01 2.427184e-02
31722: 1.808485e+00 1.659394e+00 1.570909e+00 7.418182e-01 1.951515e-01 2.424242e-02
31722: 1.808717e+00 1.661017e+00 1.569007e+00 7.421308e-01 1.949153e-01 2.421308e-02
31722: 1.807739e+00 1.660218e+00 1.570738e+00 7.424426e-01 1.946796e-01 2.418380e-02
31722: 1.806763e+00 1.658213e+00 1.573671e+00 7.427536e-01 1.944444e-01 2.415459e-02
31722: 1.806996e+00 1.657419e+00 1.572979e+00 7.430639e-01 1.954162e-01 2.412545e-02
31722: 1.806024e+00 1.659036e+00 1.572289e+00 7.433735e-01 1.951807e-01 2.409639e-02
31722: 1.806258e+00 1.658243e+00 1.572804e+00 7.436823e-01 1.949458e-01 2.406739e-02
31722: 1.806490e+00 1.658654e+00 1.572115e+00 7.439904e-01 1.947115e-01 2.403846e-02
31722: 1.805522e+00 1.657863e+00 1.572629e+00 7.442977e-01 1.956783e-01 2.400960e-02
31722: 1.808153e+00 1.657074e+00 1.570743e+00 7.446043e-01 1.954436e-01 2.398082e-02
31722: 1.808383e+00 1.657485e+00 1.568862e+00 7.461078e-01 1.952096e-01 2.395210e-02
31722: 1.807416e+00 1.657895e+00 1.569378e+00 7.464115e-01 1.949761e-01 2.392344e-02
31722: 1.806452e+00 1.658303e+00 1.571087e+00 7.455197e-01 1.947431e-01 2.389486e-02
31722: 1.805489e+00 1.657518e+00 1.571599e+00 7.458234e-01 1.957041e-01 2.386635e-02
31722: 1.806913e+00 1.656734e+00 1.569726e+00 7.473182e-01 1.954708e-01 2.383790e-02
31722: 1.807143e+00 1.657143e+00 1.569048e+00 7.476190e-01 1.952381e-01 2.380952e-02
31722: 1.806183e+00 1.656361e+00 1.570749e+00 7.479191e-01 1.950059e-01 2.378121e-02
31722: 1.806413e+00 1.654394e+00 1.572447e+00 7.482185e-01 1.947743e-01 2.375297e-02
31722: 1.806643e+00 1.655991e+00 1.570581e+00 7.485172e-01 1.945433e-01 2.372479e-02
31722: 1.806872e+00 1.654028e+00 1.571090e+00 7.500000e-01 1.943128e-01 2.369668e-02
31722: 1.805917e+00 1.655621e+00 1.570414e+00 7.502959e-01 1.940828e-01 2.366864e-02
31722: 1.806147e+00 1.656028e+00 1.568558e+00 7.505910e-01 1.950355e-01 2.364066e-02
31722: 1.805195e+00 1.656434e+00 1.569067e+00 7.508855e-01 1.948052e-01 2.361275e-02
31722: 1.804245e+00 1.656840e+00 1.569575e+00 7.511792e-01 1.945755e-01 2.358491e-02
31722: 1.805654e+00 1.657244e+00 1.568905e+00 7.502945e-01 1.943463e-01 2.355713e-02
31722: 1.804706e+00 1.657647e+00 1.569412e+00 7.494118e-01 1.952941e-01 2.352941e-02
31722: 1.803760e+00 1.658049e+00 1.571093e+00 7.485311e-01 1.950646e-01 2.350176e-02
31722: 1.803991e+00 1.656103e+00 1.571596e+00 7.500000e-01 1.948357e-01 2.347418e-02
31722: 1.804220e+00 1.656506e+00 1.570926e+00 7.502931e-01 1.946073e-01 2.344666e-02
31722: 1.803279e+00 1.656909e+00 1.571429e+00 7.505855e-01 1.943794e-01 2.341920e-02
31722: 1.802339e+00 1.657310e+00 1.571930e+00 7.508772e-01 1.941520e-01 2.339181e-02
31722: 1.802570e+00 1.657710e+00 1.570093e+00 7.523364e-01 1.939252e-01 2.336449e-02
31722: 1.802800e+00 1.656943e+00 1.569428e+00 7.526254e-01 1.948658e-01 2.333722e-02
31722: 1.803030e+00 1.657343e+00 1.568765e+00 7.529138e-01 1.946387e-01 2.331002e-02
31722: 1.804424e+00 1.656577e+00 1.569267e+00 7.520373e-01 1.944121e-01 2.328289e-02
31722: 1.803488e+00 1.656977e+00 1.569767e+00 7.523256e-01 1.941860e-01 2.325581e-02
31722: 1.802555e+00 1.658537e+00 1.569106e+00 7.514518e-01 1.951220e-01 2.322880e-02
31722: 1.801624e+00 1.658933e+00 1.569606e+00 7.505800e-01 1.960557e-01 2.320186e-02
31722: 1.801854e+00 1.659328e+00 1.570104e+00 7.497103e-01 1.958285e-01 2.317497e-02
31722: 1.802083e+00 1.659722e+00 1.568287e+00 7.511574e-01 1.956019e-01 2.314815e-02
31722: 1.801156e+00 1.660116e+00 1.568786e+00 7.502890e-01 1.965318e-01 2.312139e-02
31722: 1.803695e+00 1.659353e+00 1.568129e+00 7.494226e-01 1.963048e-01 2.309469e-02
31722: 1.805075e+00 1.659746e+00 1.567474e+00 7.485582e-01 1.960784e-01 2.306805e-02
31722: 1.804147e+00 1.660138e+00 1.567972e+00 7.488479e-01 1.958525e-01 2.304147e-02
31722: 1.803222e+00 1.662831e+00 1.567319e+00 7.479862e-01 1.956272e-01 2.301496e-02
31722: 1.803448e+00 1.663218e+00 1.567816e+00 7.471264e-01 1.954023e-01 2.298851e-02
31722: 1.802526e+00 1.663605e+00 1.568312e+00 7.474168e-01 1.951780e-01 2.296211e-02
31722: 1.802752e+00 1.663991e+00 1.567661e+00 7.477064e-01 1.949541e-01 2.293578e-02
31722: 1.804124e+00 1.663230e+00 1.568156e+00 7.468499e-01 1.947308e-01 2.290951e-02
31722: 1.803204e+00 1.664760e+00 1.568650e+00 7.459954e-01 1.945080e-01 2.288330e-02
31722: 1.802286e+00 1.664000e+00 1.571429e+00 7.451429e-01 1.942857e-01 2.285714e-02
31722: 1.802511e+00 1.663242e+00 1.570776e+00 7.465753e-01 1.940639e-01 2.283105e-02
31722: 1.802737e+00 1.664766e+00 1.568985e+00 7.468643e-01 1.938426e-01 2.280502e-02
31722: 1.801822e+00 1.664009e+00 1.570615e+00 7.471526e-01 1.936219e-01 2.277904e-02
31722: 1.800910e+00 1.663254e+00 1.572241e+00 7.474403e-01 1.934016e-01 2.275313e-02
31722: 1.801136e+00 1.662500e+00 1.572727e+00 7.477273e-01 1.931818e-01 2.272727e-02
31722: 1.800227e+00 1.662883e+00 1.573212e+00 7.480136e-01 1.929625e-01 2.270148e-02
31722: 1.799320e+00 1.662132e+00 1.573696e+00 7.494331e-01 1.927438e-01 2.267574e-02
31722: 1.799547e+00 1.661382e+00 1.574179e+00 7.497169e-01 1.925255e-01 2.265006e-02
31722: 1.798643e+00 1.662896e+00 1.573529e+00 7.500000e-01 1.923077e-01 2.262443e-02
31722: 1.798870e+00 1.662147e+00 1.574011e+00 7.502825e-01 1.920904e-01 2.259887e-02
31722: 1.797968e+00 1.662528e+00 1.573363e+00 7.505643e-01 1.930023e-01 2.257336e-02
31722: 1.797069e+00 1.661781e+00 1.572717e+00 7.508455e-01 1.950395e-01 2.254791e-02
31722: 1.797297e+00 1.661036e+00 1.573198e+00 7.511261e-01 1.948198e-01 2.252252e-02
31722: 1.796400e+00 1.661417e+00 1.571429e+00 7.536558e-01 1.946007e-01 2.249719e-02
31722: 1.796629e+00 1.661798e+00 1.570787e+00 7.539326e-01 1.943820e-01 2.247191e-02
31722: 1.797980e+00 1.661055e+00 1.570146e+00 7.542088e-01 1.941639e-01 2.244669e-02
31722: 1.798206e+00 1.661435e+00 1.568386e+00 7.544843e-01 1.950673e-01 2.242152e-02
31722: 1.798432e+00 1.661814e+00 1.568869e+00 7.536394e-01 1.948488e-01 2.239642e-02
31722: 1.797539e+00 1.662192e+00 1.568233e+00 7.539150e-01 1.957494e-01 2.237136e-02
31722: 1.800000e+00 1.661453e+00 1.567598e+00 7.530726e-01 1.955307e-01 2.234637e-02
31722: 1.801339e+00 1.660714e+00 1.568080e+00 7.522321e-01 1.953125e-01 2.232143e-02
31722: 1.800446e+00 1.662207e+00 1.568562e+00 7.513935e-01 1.950948e-01 2.229654e-02
31722: 1.800668e+00 1.661470e+00 1.569042e+00 7.505568e-01 1.959911e-01 2.227171e-02
31722: 1.799778e+00 1.661846e+00 1.569522e+00 7.508343e-01 1.957731e-01 2.224694e-02
31722: 1.798889e+00 1.662222e+00 1.571111e+00 7.500000e-01 1.955556e-01 2.222222e-02
31722: 1.798002e+00 1.661487e+00 1.571587e+00 7.502775e-01 1.964484e-01 2.219756e-02
31722: 1.798226e+00 1.661863e+00 1.569845e+00 7.505543e-01 1.973392e-01 2.217295e-02
31722: 1.798450e+00 1.661130e+00 1.571429e+00 7.497231e-01 1.971207e-01 2.214839e-02
31722: 1.797566e+00 1.661504e+00 1.570796e+00 7.511062e-01 1.969027e-01 2.212389e-02
31722: 1.797790e+00 1.661878e+00 1.570166e+00 7.513812e-01 1.966851e-01 2.209945e-02
31722: 1.796909e+00 1.661148e+00 1.571744e+00 7.516556e-01 1.964680e-01 2.207506e-02
31722: 1.797133e+00 1.659316e+00 1.573319e+00 7.519294e-01 1.962514e-01 2.205072e-02
31722: 1.797357e+00 1.659692e+00 1.572687e+00 7.522026e-01 1.960352e-01 2.202643e-02
31722: 1.796480e+00 1.658966e+00 1.572057e+00 7.535754e-01 1.969197e-01 2.200220e-02
31722: 1.797802e+00 1.658242e+00 1.570330e+00 7.538462e-01 1.967033e-01 2.307692e-02
31722: 1.796926e+00 1.660812e+00 1.568606e+00 7.541164e-01 1.964874e-01 2.305159e-02
31722: 1.797149e+00 1.661184e+00 1.567982e+00 7.543860e-01 1.962719e-01 2.302632e-02
31722: 1.797371e+00 1.661555e+00 1.568456e+00 7.535597e-01 1.960570e-01 2.300110e-02
31722: 1.796499e+00 1.660832e+00 1.570022e+00 7.538293e-01 1.958425e-01 2.297593e-02
31722: 1.796721e+00 1.660109e+00 1.569399e+00 7.551913e-01 1.956284e-01 2.295082e-02
31722: 1.795852e+00 1.660480e+00 1.569869e+00 7.554585e-01 1.954148e-01 2.292576e-02
31722: 1.797165e+00 1.659760e+00 1.569248e+00 7.557252e-01 1.952017e-01 2.290076e-02
31722: 1.796296e+00 1.660131e+00 1.569717e+00 7.559913e-01 1.949891e-01 2.287582e-02
31722: 1.797606e+00 1.659412e+00 1.570185e+00 7.551687e-01 1.947769e-01 2.285092e-02
31722: 1.796739e+00 1.659783e+00 1.568478e+00 7.576087e-01 1.945652e-01 2.282609e-02
31722: 1.796960e+00 1.660152e+00 1.567861e+00 7.567861e-01 1.954397e-01 2.280130e-02
31722: 1.797180e+00 1.660521e+00 1.568330e+00 7.559653e-01 1.952278e-01 2.277657e-02
31722: 1.796316e+00 1.659805e+00 1.568797e+00 7.562297e-01 1.960997e-01 2.275190e-02
31722: 1.797619e+00 1.660173e+00 1.568182e+00 7.554113e-01 1.958874e-01 2.272727e-02
31722: 1.796757e+00 1.660541e+00 1.568649e+00 7.545946e-01 1.967568e-01 2.270270e-02
31722: 1.795896e+00 1.661987e+00 1.568035e+00 7.548596e-01 1.965443e-01 2.267819e-02
31722: 1.796117e+00 1.661273e+00 1.569579e+00 7.540453e-01 1.963323e-01 2.265372e-02
31722: 1.795259e+00 1.663793e+00 1.568966e+00 7.532328e-01 1.961207e-01 2.262931e-02
31722: 1.795479e+00 1.664155e+00 1.569429e+00 7.524220e-01 1.959096e-01 2.260495e-02
31722: 1.794624e+00 1.664516e+00 1.569892e+00 7.526882e-01 1.956989e-01 2.258065e-02
31722: 1.794844e+00 1.664876e+00 1.569280e+00 7.518797e-01 1.954887e-01 2.363050e-02
31722: 1.793991e+00 1.664163e+00 1.570815e+00 7.521459e-01 1.952790e-01 2.360515e-02
31722: 1.794212e+00 1.663451e+00 1.571275e+00 7.524116e-01 1.950697e-01 2.357985e-02
31722: 1.793362e+00 1.664882e+00 1.569593e+00 7.537473e-01 1.948608e-01 2.355460e-02
31722: 1.794652e+00 1.664171e+00 1.570053e+00 7.529412e-01 1.946524e-01 2.352941e-02
31722: 1.794872e+00 1.665598e+00 1.568376e+00 7.532051e-01 1.944444e-01 2.350427e-02
31722: 1.794023e+00 1.667022e+00 1.568837e+00 7.524013e-01 1.942369e-01 2.347919e-02
31722: 1.795309e+00 1.667377e+00 1.568230e+00 7.515991e-01 1.940299e-01 2.345416e-02
31722: 1.795527e+00 1.666667e+00 1.569755e+00 7.507987e-01 1.938232e-01 2.342918e-02
31722: 1.794681e+00 1.667021e+00 1.570213e+00 7.500000e-01 1.946809e-01 2.340426e-02
31722: 1.795962e+00 1.666312e+00 1.569607e+00 7.502657e-01 1.944740e-01 2.337938e-02
31722: 1.795117e+00 1.667728e+00 1.570064e+00 7.494692e-01 1.942675e-01 2.335456e-02
31722: 1.796394e+00 1.667020e+00 1.569459e+00 7.497349e-01 1.940615e-01 2.332980e-02
31722: 1.795551e+00 1.666314e+00 1.572034e+00 7.489407e-01 1.938559e-01 2.330508e-02
31722: 1.795767e+00 1.667725e+00 1.570370e+00 7.492063e-01 1.936508e-01 2.328042e-02
31722: 1.794926e+00 1.668076e+00 1.569767e+00 7.494715e-01 1.945032e-01 2.325581e-02
31722: 1.795143e+00 1.667371e+00 1.570222e+00 7.497360e-01 1.942978e-01 2.323126e-02
31722: 1.794304e+00 1.667722e+00 1.569620e+00 7.500000e-01 1.940928e-01 2.426160e-02
31722: 1.794521e+00 1.668072e+00 1.569020e+00 7.492097e-01 1.949420e-01 2.423604e-02
31722: 1.794737e+00 1.668421e+00 1.569474e+00 7.484211e-01 1.947368e-01 2.421053e-02
31722: 1.793901e+00 1.668770e+00 1.568875e+00 7.486856e-01 1.955836e-01 2.418507e-02
31722: 1.795168e+00 1.668067e+00 1.569328e+00 7.478992e-01 1.953782e-01 2.415966e-02
31722: 1.794334e+00 1.669465e+00 1.568730e+00 7.481637e-01 1.951731e-01 2.413431e-02
31722: 1.795597e+00 1.668763e+00 1.569182e+00 7.473795e-01 1.949686e-01 2.410901e-02
31722: 1.794764e+00 1.670157e+00 1.569634e+00 7.465969e-01 1.947644e-01 2.408377e-02
31722: 1.796025e+00 1.670502e+00 1.569038e+00 7.458159e-01 1.945607e-01 2.405858e-02
31722: 1.795193e+00 1.669801e+00 1.570533e+00 7.450366e-01 1.954023e-01 2.403344e-02
31722: 1.796451e+00 1.670146e+00 1.568894e+00 7.453027e-01 1.951983e-01 2.400835e-02
31722: 1.795620e+00 1.670490e+00 1.569343e+00 7.455683e-01 1.949948e-01 2.398332e-02
31722: 1.795833e+00 1.671875e+00 1.568750e+00 7.447917e-01 1.947917e-01 2.395833e-02
31722: 1.795005e+00 1.671176e+00 1.571280e+00 7.440166e-01 1.945890e-01 2.393340e-02
31722: 1.796258e+00 1.670478e+00 1.569647e+00 7.453222e-01 1.943867e-01 2.390852e-02
31722: 1.795431e+00 1.670820e+00 1.571132e+00 7.445483e-01 1.941848e-01 2.388370e-02
31722: 1.794606e+00 1.670124e+00 1.571577e+00 7.458506e-01 1.939834e-01 2.385892e-02
31722: 1.796891e+00 1.669430e+00 1.569948e+00 7.461140e-01 1.937824e-01 2.383420e-02
31722: 1.796066e+00 1.669772e+00 1.570393e+00 7.463768e-01 1.935818e-01 2.380952e-02
31722: 1.796277e+00 1.669080e+00 1.570838e+00 7.466391e-01 1.933816e-01 2.378490e-02
31722: 1.795455e+00 1.669421e+00 1.571281e+00 7.469008e-01 1.931818e-01 2.376033e-02
31722: 1.794634e+00 1.669763e+00 1.570691e+00 7.471620e-01 1.929825e-01 2.476780e-02
31722: 1.795876e+00 1.669072e+00 1.569072e+00 7.484536e-01 1.927835e-01 2.474227e-02
31722: 1.796087e+00 1.669413e+00 1.568486e+00 7.487127e-01 1.925850e-01 2.471679e-02
31722: 1.796296e+00 1.668724e+00 1.568930e+00 7.489712e-01 1.923868e-01 2.469136e-02
31722: 1.795478e+00 1.669065e+00 1.569373e+00 7.492292e-01 1.921891e-01 2.466598e-02
31722: 1.795688e+00 1.669405e+00 1.568789e+00 7.484600e-01 1.930185e-01 2.464066e-02
31722: 1.795897e+00 1.668718e+00 1.570256e+00 7.476923e-01 1.928205e-01 2.461538e-02
31722: 1.795082e+00 1.669057e+00 1.568648e+00 7.489754e-01 1.936475e-01 2.459016e-02
31722: 1.796315e+00 1.668373e+00 1.569089e+00 7.482088e-01 1.934493e-01 2.456499e-02
31722: 1.795501e+00 1.668712e+00 1.569530e+00 7.484663e-01 1.932515e-01 2.453988e-02
31722: 1.795710e+00 1.667007e+00 1.570991e+00 7.477017e-01 1.940756e-01 2.451481e-02
31722: 1.795918e+00 1.667347e+00 1.570408e+00 7.479592e-01 1.938776e-01 2.448980e-02
31722: 1.796126e+00 1.666667e+00 1.570846e+00 7.482161e-01 1.936799e-01 2.446483e-02
31722: 1.795316e+00 1.668024e+00 1.570265e+00 7.484725e-01 1.934827e-01 2.443992e-02
31722: 1.794507e+00 1.668362e+00 1.569685e+00 7.497457e-01 1.932859e-01 2.441506e-02
31722: 1.794715e+00 1.668699e+00 1.570122e+00 7.489837e-01 1.930894e-01 2.439024e-02
31722: 1.793909e+00 1.669036e+00 1.569543e+00 7.502538e-01 1.928934e-01 2.436548e-02
31722: 1.795132e+00 1.668357e+00 1.568966e+00 7.505071e-01 1.926978e-01 2.434077e-02
31722: 1.795339e+00 1.669706e+00 1.568389e+00 7.497467e-01 1.925025e-01 2.431611e-02
31722: 1.794534e+00 1.669028e+00 1.570850e+00 7.489879e-01 1.923077e-01 2.429150e-02
31722: 1.795753e+00 1.668352e+00 1.569262e+00 7.502528e-01 1.921132e-01 2.426694e-02
31722: 1.794949e+00 1.670707e+00 1.568687e+00 7.494949e-01 1.919192e-01 2.424242e-02
31722: 1.796165e+00 1.670030e+00 1.569122e+00 7.487386e-01 1.917255e-01 2.421796e-02
31722: 1.796371e+00 1.670363e+00 1.568548e+00 7.489919e-01 1.915323e-01 2.419355e-02
31722: 1.796576e+00 1.670695e+00 1.568983e+00 7.482377e-01 1.913394e-01 2.416918e-02
31722: 1.796781e+00 1.671026e+00 1.568410e+00 7.484909e-01 1.911469e-01 2.414487e-02
31722: 1.795980e+00 1.670352e+00 1.570854e+00 7.477387e-01 1.909548e-01 2.412060e-02
31722: 1.798193e+00 1.669679e+00 1.569277e+00 7.479920e-01 1.907631e-01 2.409639e-02
31722: 1.799398e+00 1.670010e+00 1.568706e+00 7.472417e-01 1.905717e-01 2.407222e-02
31722: 1.799599e+00 1.670341e+00 1.569138e+00 7.464930e-01 1.903808e-01 2.404810e-02
31722: 1.798799e+00 1.669670e+00 1.569570e+00 7.477477e-01 1.901902e-01 2.402402e-02
31722: Done!
Traceback (most recent call last):
  File "/lowest-unique-number/tournament0/elexunix.py", line 25, in <module>
    input()
EOFError: EOF when reading a line
