Forked 38152
Starting to reopen 0 and 1
Calling execv `tournament0/fedro.py` (pid 38152)
Strategy 0: first ans is 0
Forked 38176
Starting to reopen 0 and 1
Calling execv `tournament0/alex_dany` (pid 38176)
38176: Started!
38176: Number of players: 4, position: 1, number of turns: 1000
38176: Random seed: 3253124812
Strategy 1: first ans is 1
Forked 38177
Starting to reopen 0 and 1
Calling execv `tournament0/pzakorko.py` (pid 38177)
Strategy 2: first ans is 0
Forked 38178
Starting to reopen 0 and 1
Calling execv `tournament0/elexunix.py` (pid 38178)
Strategy 3: first ans is 2
38176: 2.000000e+00 1.000000e+00 1.000000e+00 0.000000e+00
38176: 2.000000e+00 1.000000e+00 1.000000e+00 0.000000e+00
38176: 2.000000e+00 1.000000e+00 1.000000e+00 0.000000e+00
38176: 1.750000e+00 1.250000e+00 7.500000e-01 2.500000e-01
38176: 1.800000e+00 1.200000e+00 8.000000e-01 2.000000e-01
38176: 1.666667e+00 1.166667e+00 8.333333e-01 3.333333e-01
38176: 1.571429e+00 1.142857e+00 1.000000e+00 2.857143e-01
38176: 1.625000e+00 1.125000e+00 8.750000e-01 3.750000e-01
38176: 1.555556e+00 1.222222e+00 8.888889e-01 3.333333e-01
38176: 1.700000e+00 1.100000e+00 9.000000e-01 3.000000e-01
38176: 1.727273e+00 1.181818e+00 8.181818e-01 2.727273e-01
38176: 1.750000e+00 1.250000e+00 7.500000e-01 2.500000e-01
38176: 1.692308e+00 1.384615e+00 6.923077e-01 2.307692e-01
38176: 1.714286e+00 1.428571e+00 6.428571e-01 2.142857e-01
38176: 1.733333e+00 1.400000e+00 6.666667e-01 2.000000e-01
38176: 1.687500e+00 1.437500e+00 6.875000e-01 1.875000e-01
38176: 1.705882e+00 1.411765e+00 6.470588e-01 2.352941e-01
38176: 1.722222e+00 1.444444e+00 6.111111e-01 2.222222e-01
38176: 1.736842e+00 1.473684e+00 5.789474e-01 2.105263e-01
38176: 1.700000e+00 1.550000e+00 5.500000e-01 2.000000e-01
38176: 1.714286e+00 1.523810e+00 5.714286e-01 1.904762e-01
38176: 1.727273e+00 1.500000e+00 5.909091e-01 1.818182e-01
38176: 1.739130e+00 1.478261e+00 6.086957e-01 1.739130e-01
38176: 1.750000e+00 1.458333e+00 6.250000e-01 1.666667e-01
38176: 1.720000e+00 1.480000e+00 6.400000e-01 1.600000e-01
38176: 1.692308e+00 1.538462e+00 6.153846e-01 1.538462e-01
38176: 1.666667e+00 1.555556e+00 6.296296e-01 1.481481e-01
38176: 1.678571e+00 1.571429e+00 6.071429e-01 1.428571e-01
38176: 1.655172e+00 1.586207e+00 6.206897e-01 1.379310e-01
38176: 1.633333e+00 1.600000e+00 6.333333e-01 1.333333e-01
38176: 1.645161e+00 1.580645e+00 6.451613e-01 1.290323e-01
38176: 1.625000e+00 1.562500e+00 6.875000e-01 1.250000e-01
38176: 1.636364e+00 1.545455e+00 6.969697e-01 1.212121e-01
38176: 1.617647e+00 1.558824e+00 6.764706e-01 1.470588e-01
38176: 1.600000e+00 1.542857e+00 7.142857e-01 1.428571e-01
38176: 1.611111e+00 1.555556e+00 6.944444e-01 1.388889e-01
38176: 1.621622e+00 1.540541e+00 7.027027e-01 1.351351e-01
38176: 1.605263e+00 1.526316e+00 7.105263e-01 1.578947e-01
38176: 1.589744e+00 1.512821e+00 7.435897e-01 1.538462e-01
38176: 1.575000e+00 1.550000e+00 7.250000e-01 1.500000e-01
38176: 1.585366e+00 1.560976e+00 7.073171e-01 1.463415e-01
38176: 1.571429e+00 1.571429e+00 7.142857e-01 1.428571e-01
38176: 1.581395e+00 1.534884e+00 7.441860e-01 1.395349e-01
38176: 1.568182e+00 1.522727e+00 7.500000e-01 1.590909e-01
38176: 1.577778e+00 1.511111e+00 7.555556e-01 1.555556e-01
38176: 1.565217e+00 1.500000e+00 7.826087e-01 1.521739e-01
38176: 1.595745e+00 1.468085e+00 7.872340e-01 1.489362e-01
38176: 1.604167e+00 1.458333e+00 7.916667e-01 1.458333e-01
38176: 1.591837e+00 1.469388e+00 7.959184e-01 1.428571e-01
38176: 1.620000e+00 1.460000e+00 7.800000e-01 1.400000e-01
38176: 1.607843e+00 1.470588e+00 7.647059e-01 1.568627e-01
38176: 1.615385e+00 1.480769e+00 7.500000e-01 1.538462e-01
38176: 1.622642e+00 1.471698e+00 7.547170e-01 1.509434e-01
38176: 1.611111e+00 1.462963e+00 7.592593e-01 1.666667e-01
38176: 1.600000e+00 1.472727e+00 7.636364e-01 1.636364e-01
38176: 1.607143e+00 1.464286e+00 7.678571e-01 1.607143e-01
38176: 1.631579e+00 1.456140e+00 7.543860e-01 1.578947e-01
38176: 1.620690e+00 1.448276e+00 7.586207e-01 1.724138e-01
38176: 1.610169e+00 1.457627e+00 7.627119e-01 1.694915e-01
38176: 1.616667e+00 1.450000e+00 7.666667e-01 1.666667e-01
38176: 1.622951e+00 1.442623e+00 7.540984e-01 1.803279e-01
38176: 1.612903e+00 1.451613e+00 7.580645e-01 1.774194e-01
38176: 1.619048e+00 1.444444e+00 7.619048e-01 1.746032e-01
38176: 1.625000e+00 1.453125e+00 7.500000e-01 1.718750e-01
38176: 1.615385e+00 1.461538e+00 7.538462e-01 1.692308e-01
38176: 1.621212e+00 1.469697e+00 7.424242e-01 1.666667e-01
38176: 1.611940e+00 1.462687e+00 7.611940e-01 1.641791e-01
38176: 1.632353e+00 1.455882e+00 7.500000e-01 1.617647e-01
38176: 1.623188e+00 1.449275e+00 7.681159e-01 1.594203e-01
38176: 1.614286e+00 1.471429e+00 7.571429e-01 1.571429e-01
38176: 1.633803e+00 1.464789e+00 7.464789e-01 1.549296e-01
38176: 1.638889e+00 1.458333e+00 7.500000e-01 1.527778e-01
38176: 1.630137e+00 1.465753e+00 7.534247e-01 1.506849e-01
38176: 1.635135e+00 1.459459e+00 7.567568e-01 1.486486e-01
38176: 1.626667e+00 1.466667e+00 7.600000e-01 1.466667e-01
38176: 1.618421e+00 1.486842e+00 7.500000e-01 1.447368e-01
38176: 1.610390e+00 1.506494e+00 7.402597e-01 1.428571e-01
38176: 1.615385e+00 1.500000e+00 7.435897e-01 1.410256e-01
38176: 1.607595e+00 1.506329e+00 7.468354e-01 1.392405e-01
38176: 1.625000e+00 1.500000e+00 7.375000e-01 1.375000e-01
38176: 1.641975e+00 1.493827e+00 7.283951e-01 1.358025e-01
38176: 1.646341e+00 1.500000e+00 7.195122e-01 1.341463e-01
38176: 1.638554e+00 1.506024e+00 7.228916e-01 1.325301e-01
38176: 1.642857e+00 1.500000e+00 7.261905e-01 1.309524e-01
38176: 1.635294e+00 1.505882e+00 7.294118e-01 1.294118e-01
38176: 1.639535e+00 1.500000e+00 7.325581e-01 1.279070e-01
38176: 1.632184e+00 1.505747e+00 7.356322e-01 1.264368e-01
38176: 1.636364e+00 1.500000e+00 7.386364e-01 1.250000e-01
38176: 1.629213e+00 1.494382e+00 7.415730e-01 1.348315e-01
38176: 1.622222e+00 1.488889e+00 7.555556e-01 1.333333e-01
38176: 1.615385e+00 1.494505e+00 7.472527e-01 1.428571e-01
38176: 1.630435e+00 1.489130e+00 7.391304e-01 1.413043e-01
38176: 1.634409e+00 1.494624e+00 7.311828e-01 1.397849e-01
38176: 1.627660e+00 1.489362e+00 7.340426e-01 1.489362e-01
38176: 1.631579e+00 1.484211e+00 7.368421e-01 1.473684e-01
38176: 1.635417e+00 1.489583e+00 7.291667e-01 1.458333e-01
38176: 1.649485e+00 1.484536e+00 7.216495e-01 1.443299e-01
38176: 1.663265e+00 1.479592e+00 7.142857e-01 1.428571e-01
38176: 1.656566e+00 1.474747e+00 7.272727e-01 1.414141e-01
38176: 1.670000e+00 1.470000e+00 7.200000e-01 1.400000e-01
38176: 1.663366e+00 1.465347e+00 7.326733e-01 1.386139e-01
38176: 1.676471e+00 1.460784e+00 7.254902e-01 1.372549e-01
38176: 1.679612e+00 1.456311e+00 7.281553e-01 1.359223e-01
38176: 1.692308e+00 1.451923e+00 7.211538e-01 1.346154e-01
38176: 1.695238e+00 1.447619e+00 7.238095e-01 1.333333e-01
38176: 1.688679e+00 1.443396e+00 7.358491e-01 1.320755e-01
38176: 1.691589e+00 1.448598e+00 7.289720e-01 1.308411e-01
38176: 1.685185e+00 1.462963e+00 7.222222e-01 1.296296e-01
38176: 1.678899e+00 1.467890e+00 7.247706e-01 1.284404e-01
38176: 1.690909e+00 1.463636e+00 7.181818e-01 1.272727e-01
38176: 1.693694e+00 1.459459e+00 7.207207e-01 1.261261e-01
38176: 1.705357e+00 1.455357e+00 7.142857e-01 1.250000e-01
38176: 1.699115e+00 1.469027e+00 7.079646e-01 1.238938e-01
38176: 1.701754e+00 1.464912e+00 7.105263e-01 1.228070e-01
38176: 1.704348e+00 1.469565e+00 7.043478e-01 1.217391e-01
38176: 1.698276e+00 1.482759e+00 6.982759e-01 1.206897e-01
38176: 1.700855e+00 1.478632e+00 7.008547e-01 1.196581e-01
38176: 1.694915e+00 1.483051e+00 7.033898e-01 1.186441e-01
38176: 1.689076e+00 1.487395e+00 7.058824e-01 1.176471e-01
38176: 1.691667e+00 1.483333e+00 7.000000e-01 1.250000e-01
38176: 1.685950e+00 1.479339e+00 7.107438e-01 1.239669e-01
38176: 1.680328e+00 1.483607e+00 7.131148e-01 1.229508e-01
38176: 1.674797e+00 1.479675e+00 7.235772e-01 1.219512e-01
38176: 1.685484e+00 1.475806e+00 7.177419e-01 1.209677e-01
38176: 1.696000e+00 1.472000e+00 7.120000e-01 1.200000e-01
38176: 1.690476e+00 1.476190e+00 7.142857e-01 1.190476e-01
38176: 1.692913e+00 1.472441e+00 7.086614e-01 1.259843e-01
38176: 1.687500e+00 1.476562e+00 7.109375e-01 1.250000e-01
38176: 1.689922e+00 1.472868e+00 7.054264e-01 1.317829e-01
38176: 1.684615e+00 1.476923e+00 7.076923e-01 1.307692e-01
38176: 1.679389e+00 1.480916e+00 7.099237e-01 1.297710e-01
38176: 1.674242e+00 1.484848e+00 7.121212e-01 1.287879e-01
38176: 1.676692e+00 1.481203e+00 7.142857e-01 1.278195e-01
38176: 1.671642e+00 1.485075e+00 7.089552e-01 1.343284e-01
38176: 1.674074e+00 1.488889e+00 7.037037e-01 1.333333e-01
38176: 1.669118e+00 1.500000e+00 6.985294e-01 1.323529e-01
38176: 1.664234e+00 1.503650e+00 7.007299e-01 1.313869e-01
38176: 1.659420e+00 1.500000e+00 7.101449e-01 1.304348e-01
38176: 1.661871e+00 1.496403e+00 7.050360e-01 1.366906e-01
38176: 1.657143e+00 1.507143e+00 7.000000e-01 1.357143e-01
38176: 1.659574e+00 1.503546e+00 7.021277e-01 1.347518e-01
38176: 1.661972e+00 1.500000e+00 7.042254e-01 1.338028e-01
38176: 1.657343e+00 1.503497e+00 7.062937e-01 1.328671e-01
38176: 1.659722e+00 1.506944e+00 7.013889e-01 1.319444e-01
38176: 1.662069e+00 1.510345e+00 6.965517e-01 1.310345e-01
38176: 1.664384e+00 1.513699e+00 6.917808e-01 1.301370e-01
38176: 1.666667e+00 1.517007e+00 6.870748e-01 1.292517e-01
38176: 1.662162e+00 1.520270e+00 6.824324e-01 1.351351e-01
38176: 1.671141e+00 1.516779e+00 6.778523e-01 1.342282e-01
38176: 1.673333e+00 1.513333e+00 6.733333e-01 1.400000e-01
38176: 1.675497e+00 1.509934e+00 6.754967e-01 1.390728e-01
38176: 1.677632e+00 1.506579e+00 6.776316e-01 1.381579e-01
38176: 1.673203e+00 1.503268e+00 6.862745e-01 1.372549e-01
38176: 1.668831e+00 1.506494e+00 6.818182e-01 1.428571e-01
38176: 1.670968e+00 1.509677e+00 6.774194e-01 1.419355e-01
38176: 1.673077e+00 1.506410e+00 6.794872e-01 1.410256e-01
38176: 1.675159e+00 1.503185e+00 6.751592e-01 1.464968e-01
38176: 1.670886e+00 1.506329e+00 6.772152e-01 1.455696e-01
38176: 1.672956e+00 1.503145e+00 6.729560e-01 1.509434e-01
38176: 1.668750e+00 1.506250e+00 6.687500e-01 1.562500e-01
38176: 1.664596e+00 1.515528e+00 6.645963e-01 1.552795e-01
38176: 1.660494e+00 1.518519e+00 6.666667e-01 1.543210e-01
38176: 1.662577e+00 1.521472e+00 6.625767e-01 1.533742e-01
38176: 1.658537e+00 1.518293e+00 6.707317e-01 1.524390e-01
38176: 1.660606e+00 1.515152e+00 6.727273e-01 1.515152e-01
38176: 1.662651e+00 1.518072e+00 6.686747e-01 1.506024e-01
38176: 1.670659e+00 1.514970e+00 6.646707e-01 1.497006e-01
38176: 1.666667e+00 1.517857e+00 6.666667e-01 1.488095e-01
38176: 1.668639e+00 1.514793e+00 6.686391e-01 1.479290e-01
38176: 1.670588e+00 1.511765e+00 6.705882e-01 1.470588e-01
38176: 1.672515e+00 1.508772e+00 6.725146e-01 1.461988e-01
38176: 1.668605e+00 1.505814e+00 6.802326e-01 1.453488e-01
38176: 1.664740e+00 1.502890e+00 6.878613e-01 1.445087e-01
38176: 1.666667e+00 1.505747e+00 6.839080e-01 1.436782e-01
38176: 1.674286e+00 1.502857e+00 6.800000e-01 1.428571e-01
38176: 1.676136e+00 1.505682e+00 6.761364e-01 1.420455e-01
38176: 1.677966e+00 1.508475e+00 6.723164e-01 1.412429e-01
38176: 1.674157e+00 1.516854e+00 6.685393e-01 1.404494e-01
38176: 1.675978e+00 1.519553e+00 6.648045e-01 1.396648e-01
38176: 1.672222e+00 1.522222e+00 6.666667e-01 1.388889e-01
38176: 1.674033e+00 1.519337e+00 6.685083e-01 1.381215e-01
38176: 1.675824e+00 1.521978e+00 6.648352e-01 1.373626e-01
38176: 1.677596e+00 1.519126e+00 6.612022e-01 1.420765e-01
38176: 1.679348e+00 1.521739e+00 6.576087e-01 1.413043e-01
38176: 1.681081e+00 1.518919e+00 6.540541e-01 1.459459e-01
38176: 1.688172e+00 1.516129e+00 6.505376e-01 1.451613e-01
38176: 1.689840e+00 1.518717e+00 6.470588e-01 1.443850e-01
38176: 1.696809e+00 1.515957e+00 6.436170e-01 1.436170e-01
38176: 1.693122e+00 1.513228e+00 6.507937e-01 1.428571e-01
38176: 1.694737e+00 1.510526e+00 6.526316e-01 1.421053e-01
38176: 1.691099e+00 1.518325e+00 6.492147e-01 1.413613e-01
38176: 1.687500e+00 1.520833e+00 6.510417e-01 1.406250e-01
38176: 1.683938e+00 1.523316e+00 6.528497e-01 1.398964e-01
38176: 1.680412e+00 1.520619e+00 6.597938e-01 1.391753e-01
38176: 1.676923e+00 1.523077e+00 6.615385e-01 1.384615e-01
38176: 1.678571e+00 1.520408e+00 6.632653e-01 1.377551e-01
38176: 1.680203e+00 1.522843e+00 6.598985e-01 1.370558e-01
38176: 1.686869e+00 1.520202e+00 6.565657e-01 1.363636e-01
38176: 1.688442e+00 1.522613e+00 6.532663e-01 1.356784e-01
38176: 1.690000e+00 1.520000e+00 6.550000e-01 1.350000e-01
38176: 1.691542e+00 1.517413e+00 6.567164e-01 1.343284e-01
38176: 1.693069e+00 1.519802e+00 6.534653e-01 1.336634e-01
38176: 1.694581e+00 1.522167e+00 6.502463e-01 1.330049e-01
38176: 1.696078e+00 1.519608e+00 6.519608e-01 1.323529e-01
38176: 1.697561e+00 1.517073e+00 6.536585e-01 1.317073e-01
38176: 1.694175e+00 1.519417e+00 6.504854e-01 1.359223e-01
38176: 1.700483e+00 1.516908e+00 6.473430e-01 1.352657e-01
38176: 1.701923e+00 1.519231e+00 6.442308e-01 1.346154e-01
38176: 1.698565e+00 1.516746e+00 6.507177e-01 1.339713e-01
38176: 1.695238e+00 1.519048e+00 6.523810e-01 1.333333e-01
38176: 1.691943e+00 1.516588e+00 6.587678e-01 1.327014e-01
38176: 1.698113e+00 1.514151e+00 6.556604e-01 1.320755e-01
38176: 1.694836e+00 1.511737e+00 6.619718e-01 1.314554e-01
38176: 1.696262e+00 1.514019e+00 6.588785e-01 1.308411e-01
38176: 1.693023e+00 1.511628e+00 6.604651e-01 1.348837e-01
38176: 1.694444e+00 1.509259e+00 6.574074e-01 1.388889e-01
38176: 1.691244e+00 1.506912e+00 6.589862e-01 1.428571e-01
38176: 1.688073e+00 1.509174e+00 6.559633e-01 1.467890e-01
38176: 1.684932e+00 1.506849e+00 6.575342e-01 1.506849e-01
38176: 1.686364e+00 1.504545e+00 6.590909e-01 1.500000e-01
38176: 1.683258e+00 1.502262e+00 6.606335e-01 1.538462e-01
38176: 1.680180e+00 1.500000e+00 6.666667e-01 1.531532e-01
38176: 1.681614e+00 1.502242e+00 6.636771e-01 1.524664e-01
38176: 1.683036e+00 1.500000e+00 6.607143e-01 1.562500e-01
38176: 1.684444e+00 1.502222e+00 6.577778e-01 1.555556e-01
38176: 1.685841e+00 1.500000e+00 6.548673e-01 1.592920e-01
38176: 1.682819e+00 1.502203e+00 6.563877e-01 1.585903e-01
38176: 1.684211e+00 1.504386e+00 6.535088e-01 1.578947e-01
38176: 1.685590e+00 1.506550e+00 6.506550e-01 1.572052e-01
38176: 1.686957e+00 1.504348e+00 6.521739e-01 1.565217e-01
38176: 1.692641e+00 1.502165e+00 6.493506e-01 1.558442e-01
38176: 1.693966e+00 1.500000e+00 6.508621e-01 1.551724e-01
38176: 1.695279e+00 1.502146e+00 6.480687e-01 1.545064e-01
38176: 1.696581e+00 1.500000e+00 6.495726e-01 1.538462e-01
38176: 1.693617e+00 1.497872e+00 6.510638e-01 1.574468e-01
38176: 1.690678e+00 1.500000e+00 6.525424e-01 1.567797e-01
38176: 1.696203e+00 1.497890e+00 6.497890e-01 1.561181e-01
38176: 1.693277e+00 1.500000e+00 6.512605e-01 1.554622e-01
38176: 1.690377e+00 1.502092e+00 6.485356e-01 1.589958e-01
38176: 1.691667e+00 1.504167e+00 6.458333e-01 1.583333e-01
38176: 1.688797e+00 1.506224e+00 6.473029e-01 1.576763e-01
38176: 1.685950e+00 1.508264e+00 6.487603e-01 1.570248e-01
38176: 1.691358e+00 1.506173e+00 6.460905e-01 1.563786e-01
38176: 1.692623e+00 1.508197e+00 6.434426e-01 1.557377e-01
38176: 1.693878e+00 1.506122e+00 6.448980e-01 1.551020e-01
38176: 1.695122e+00 1.508130e+00 6.422764e-01 1.544715e-01
38176: 1.700405e+00 1.506073e+00 6.396761e-01 1.538462e-01
38176: 1.701613e+00 1.504032e+00 6.411290e-01 1.532258e-01
38176: 1.702811e+00 1.506024e+00 6.385542e-01 1.526104e-01
38176: 1.700000e+00 1.508000e+00 6.400000e-01 1.520000e-01
38176: 1.697211e+00 1.505976e+00 6.414343e-01 1.553785e-01
38176: 1.694444e+00 1.507937e+00 6.428571e-01 1.547619e-01
38176: 1.691700e+00 1.505929e+00 6.442688e-01 1.581028e-01
38176: 1.692913e+00 1.507874e+00 6.417323e-01 1.574803e-01
38176: 1.694118e+00 1.505882e+00 6.431373e-01 1.568627e-01
38176: 1.691406e+00 1.503906e+00 6.484375e-01 1.562500e-01
38176: 1.696498e+00 1.501946e+00 6.459144e-01 1.556420e-01
38176: 1.693798e+00 1.507752e+00 6.434109e-01 1.550388e-01
38176: 1.694981e+00 1.505792e+00 6.447876e-01 1.544402e-01
38176: 1.696154e+00 1.507692e+00 6.423077e-01 1.538462e-01
38176: 1.697318e+00 1.505747e+00 6.436782e-01 1.532567e-01
38176: 1.698473e+00 1.507634e+00 6.412214e-01 1.526718e-01
38176: 1.699620e+00 1.505703e+00 6.425856e-01 1.520913e-01
38176: 1.700758e+00 1.503788e+00 6.439394e-01 1.515152e-01
38176: 1.705660e+00 1.501887e+00 6.415094e-01 1.509434e-01
38176: 1.710526e+00 1.500000e+00 6.390977e-01 1.503759e-01
38176: 1.711610e+00 1.501873e+00 6.367041e-01 1.498127e-01
38176: 1.712687e+00 1.503731e+00 6.343284e-01 1.492537e-01
38176: 1.710037e+00 1.505576e+00 6.356877e-01 1.486989e-01
38176: 1.711111e+00 1.507407e+00 6.333333e-01 1.481481e-01
38176: 1.712177e+00 1.505535e+00 6.346863e-01 1.476015e-01
38176: 1.709559e+00 1.503676e+00 6.397059e-01 1.470588e-01
38176: 1.710623e+00 1.501832e+00 6.410256e-01 1.465201e-01
38176: 1.711679e+00 1.500000e+00 6.423358e-01 1.459854e-01
38176: 1.709091e+00 1.501818e+00 6.436364e-01 1.454545e-01
38176: 1.710145e+00 1.500000e+00 6.449275e-01 1.449275e-01
38176: 1.711191e+00 1.498195e+00 6.462094e-01 1.444043e-01
38176: 1.715827e+00 1.496403e+00 6.438849e-01 1.438849e-01
38176: 1.716846e+00 1.494624e+00 6.451613e-01 1.433692e-01
38176: 1.721429e+00 1.492857e+00 6.428571e-01 1.428571e-01
38176: 1.718861e+00 1.494662e+00 6.441281e-01 1.423488e-01
38176: 1.719858e+00 1.496454e+00 6.418440e-01 1.418440e-01
38176: 1.720848e+00 1.498233e+00 6.395760e-01 1.413428e-01
38176: 1.721831e+00 1.496479e+00 6.408451e-01 1.408451e-01
38176: 1.719298e+00 1.494737e+00 6.456140e-01 1.403509e-01
38176: 1.720280e+00 1.493007e+00 6.433566e-01 1.433566e-01
38176: 1.721254e+00 1.491289e+00 6.411150e-01 1.463415e-01
38176: 1.722222e+00 1.489583e+00 6.423611e-01 1.458333e-01
38176: 1.723183e+00 1.487889e+00 6.435986e-01 1.453287e-01
38176: 1.720690e+00 1.489655e+00 6.448276e-01 1.448276e-01
38176: 1.718213e+00 1.491409e+00 6.460481e-01 1.443299e-01
38176: 1.715753e+00 1.493151e+00 6.472603e-01 1.438356e-01
38176: 1.713311e+00 1.494881e+00 6.484642e-01 1.433447e-01
38176: 1.714286e+00 1.493197e+00 6.496599e-01 1.428571e-01
38176: 1.711864e+00 1.494915e+00 6.474576e-01 1.457627e-01
38176: 1.712838e+00 1.493243e+00 6.486486e-01 1.452703e-01
38176: 1.713805e+00 1.491582e+00 6.498316e-01 1.447811e-01
38176: 1.714765e+00 1.489933e+00 6.510067e-01 1.442953e-01
38176: 1.719064e+00 1.488294e+00 6.488294e-01 1.438127e-01
38176: 1.716667e+00 1.490000e+00 6.500000e-01 1.433333e-01
38176: 1.717608e+00 1.488372e+00 6.511628e-01 1.428571e-01
38176: 1.718543e+00 1.486755e+00 6.490066e-01 1.456954e-01
38176: 1.719472e+00 1.485149e+00 6.501650e-01 1.452145e-01
38176: 1.720395e+00 1.483553e+00 6.513158e-01 1.447368e-01
38176: 1.718033e+00 1.485246e+00 6.524590e-01 1.442623e-01
38176: 1.715686e+00 1.483660e+00 6.568627e-01 1.437908e-01
38176: 1.716612e+00 1.485342e+00 6.547231e-01 1.433225e-01
38176: 1.720779e+00 1.483766e+00 6.525974e-01 1.428571e-01
38176: 1.718447e+00 1.482201e+00 6.537217e-01 1.456311e-01
38176: 1.716129e+00 1.483871e+00 6.548387e-01 1.451613e-01
38176: 1.713826e+00 1.485531e+00 6.559486e-01 1.446945e-01
38176: 1.711538e+00 1.487179e+00 6.570513e-01 1.442308e-01
38176: 1.709265e+00 1.492013e+00 6.549521e-01 1.437700e-01
38176: 1.710191e+00 1.490446e+00 6.560510e-01 1.433121e-01
38176: 1.711111e+00 1.488889e+00 6.539683e-01 1.460317e-01
38176: 1.708861e+00 1.487342e+00 6.550633e-01 1.487342e-01
38176: 1.706625e+00 1.485804e+00 6.593060e-01 1.482650e-01
38176: 1.704403e+00 1.484277e+00 6.635220e-01 1.477987e-01
38176: 1.705329e+00 1.482759e+00 6.645768e-01 1.473354e-01
38176: 1.706250e+00 1.484375e+00 6.625000e-01 1.468750e-01
38176: 1.710280e+00 1.482866e+00 6.604361e-01 1.464174e-01
38176: 1.714286e+00 1.481366e+00 6.583851e-01 1.459627e-01
38176: 1.712074e+00 1.486068e+00 6.563467e-01 1.455108e-01
38176: 1.709877e+00 1.484568e+00 6.574074e-01 1.481481e-01
38176: 1.710769e+00 1.486154e+00 6.553846e-01 1.476923e-01
38176: 1.711656e+00 1.484663e+00 6.564417e-01 1.472393e-01
38176: 1.712538e+00 1.483180e+00 6.574924e-01 1.467890e-01
38176: 1.713415e+00 1.481707e+00 6.554878e-01 1.493902e-01
38176: 1.717325e+00 1.480243e+00 6.534954e-01 1.489362e-01
38176: 1.715152e+00 1.484848e+00 6.515152e-01 1.484848e-01
38176: 1.712991e+00 1.483384e+00 6.525680e-01 1.510574e-01
38176: 1.710843e+00 1.484940e+00 6.506024e-01 1.536145e-01
38176: 1.708709e+00 1.486486e+00 6.516517e-01 1.531532e-01
38176: 1.706587e+00 1.488024e+00 6.526946e-01 1.526946e-01
38176: 1.707463e+00 1.486567e+00 6.537313e-01 1.522388e-01
38176: 1.705357e+00 1.485119e+00 6.577381e-01 1.517857e-01
38176: 1.706231e+00 1.483680e+00 6.587537e-01 1.513353e-01
38176: 1.704142e+00 1.482249e+00 6.627219e-01 1.508876e-01
38176: 1.702065e+00 1.480826e+00 6.666667e-01 1.504425e-01
38176: 1.700000e+00 1.479412e+00 6.705882e-01 1.500000e-01
38176: 1.700880e+00 1.478006e+00 6.715543e-01 1.495601e-01
38176: 1.704678e+00 1.476608e+00 6.695906e-01 1.491228e-01
38176: 1.702624e+00 1.475219e+00 6.734694e-01 1.486880e-01
38176: 1.703488e+00 1.473837e+00 6.744186e-01 1.482558e-01
38176: 1.704348e+00 1.472464e+00 6.753623e-01 1.478261e-01
38176: 1.705202e+00 1.473988e+00 6.734104e-01 1.473988e-01
38176: 1.706052e+00 1.472622e+00 6.743516e-01 1.469741e-01
38176: 1.709770e+00 1.471264e+00 6.724138e-01 1.465517e-01
38176: 1.713467e+00 1.469914e+00 6.704871e-01 1.461318e-01
38176: 1.717143e+00 1.468571e+00 6.685714e-01 1.457143e-01
38176: 1.715100e+00 1.467236e+00 6.723647e-01 1.452991e-01
38176: 1.715909e+00 1.465909e+00 6.732955e-01 1.448864e-01
38176: 1.719547e+00 1.464589e+00 6.713881e-01 1.444759e-01
38176: 1.717514e+00 1.463277e+00 6.751412e-01 1.440678e-01
38176: 1.715493e+00 1.461972e+00 6.788732e-01 1.436620e-01
38176: 1.713483e+00 1.463483e+00 6.797753e-01 1.432584e-01
38176: 1.714286e+00 1.464986e+00 6.778711e-01 1.428571e-01
38176: 1.715084e+00 1.466480e+00 6.759777e-01 1.424581e-01
38176: 1.713092e+00 1.467967e+00 6.768802e-01 1.420613e-01
38176: 1.711111e+00 1.466667e+00 6.777778e-01 1.444444e-01
38176: 1.711911e+00 1.465374e+00 6.786704e-01 1.440443e-01
38176: 1.709945e+00 1.464088e+00 6.823204e-01 1.436464e-01
38176: 1.707989e+00 1.465565e+00 6.831956e-01 1.432507e-01
38176: 1.708791e+00 1.464286e+00 6.840659e-01 1.428571e-01
38176: 1.706849e+00 1.465753e+00 6.849315e-01 1.424658e-01
38176: 1.704918e+00 1.467213e+00 6.857923e-01 1.420765e-01
38176: 1.702997e+00 1.471390e+00 6.839237e-01 1.416894e-01
38176: 1.706522e+00 1.470109e+00 6.820652e-01 1.413043e-01
38176: 1.707317e+00 1.468835e+00 6.829268e-01 1.409214e-01
38176: 1.705405e+00 1.467568e+00 6.864865e-01 1.405405e-01
38176: 1.703504e+00 1.466307e+00 6.873315e-01 1.428571e-01
38176: 1.706989e+00 1.465054e+00 6.854839e-01 1.424731e-01
38176: 1.705094e+00 1.469169e+00 6.836461e-01 1.420912e-01
38176: 1.705882e+00 1.467914e+00 6.844920e-01 1.417112e-01
38176: 1.706667e+00 1.469333e+00 6.826667e-01 1.413333e-01
38176: 1.704787e+00 1.470745e+00 6.808511e-01 1.436170e-01
38176: 1.702918e+00 1.469496e+00 6.843501e-01 1.432361e-01
38176: 1.701058e+00 1.470899e+00 6.851852e-01 1.428571e-01
38176: 1.701847e+00 1.469657e+00 6.833773e-01 1.451187e-01
38176: 1.702632e+00 1.468421e+00 6.842105e-01 1.447368e-01
38176: 1.706037e+00 1.467192e+00 6.824147e-01 1.443570e-01
38176: 1.706806e+00 1.465969e+00 6.806283e-01 1.465969e-01
38176: 1.707572e+00 1.464752e+00 6.788512e-01 1.488251e-01
38176: 1.708333e+00 1.463542e+00 6.796875e-01 1.484375e-01
38176: 1.711688e+00 1.462338e+00 6.779221e-01 1.480519e-01
38176: 1.712435e+00 1.461140e+00 6.787565e-01 1.476684e-01
38176: 1.713178e+00 1.459948e+00 6.795866e-01 1.472868e-01
38176: 1.713918e+00 1.461340e+00 6.778351e-01 1.469072e-01
38176: 1.712082e+00 1.460154e+00 6.812339e-01 1.465296e-01
38176: 1.710256e+00 1.458974e+00 6.820513e-01 1.487179e-01
38176: 1.710997e+00 1.460358e+00 6.803069e-01 1.483376e-01
38176: 1.711735e+00 1.461735e+00 6.785714e-01 1.479592e-01
38176: 1.709924e+00 1.463104e+00 6.793893e-01 1.475827e-01
38176: 1.708122e+00 1.461929e+00 6.827411e-01 1.472081e-01
38176: 1.708861e+00 1.460759e+00 6.835443e-01 1.468354e-01
38176: 1.709596e+00 1.459596e+00 6.843434e-01 1.464646e-01
38176: 1.710327e+00 1.458438e+00 6.851385e-01 1.460957e-01
38176: 1.708543e+00 1.462312e+00 6.834171e-01 1.457286e-01
38176: 1.706767e+00 1.461153e+00 6.867168e-01 1.453634e-01
38176: 1.707500e+00 1.460000e+00 6.875000e-01 1.450000e-01
38176: 1.705736e+00 1.461347e+00 6.882793e-01 1.446384e-01
38176: 1.706468e+00 1.460199e+00 6.865672e-01 1.467662e-01
38176: 1.707196e+00 1.459057e+00 6.873449e-01 1.464020e-01
38176: 1.705446e+00 1.460396e+00 6.856436e-01 1.485149e-01
38176: 1.708642e+00 1.459259e+00 6.839506e-01 1.481481e-01
38176: 1.706897e+00 1.460591e+00 6.847291e-01 1.477833e-01
38176: 1.707617e+00 1.459459e+00 6.855037e-01 1.474201e-01
38176: 1.708333e+00 1.458333e+00 6.862745e-01 1.470588e-01
38176: 1.711491e+00 1.457213e+00 6.845966e-01 1.466993e-01
38176: 1.712195e+00 1.458537e+00 6.829268e-01 1.463415e-01
38176: 1.710462e+00 1.459854e+00 6.836983e-01 1.459854e-01
38176: 1.708738e+00 1.461165e+00 6.844660e-01 1.456311e-01
38176: 1.709443e+00 1.460048e+00 6.852300e-01 1.452785e-01
38176: 1.710145e+00 1.461353e+00 6.835749e-01 1.449275e-01
38176: 1.708434e+00 1.465060e+00 6.819277e-01 1.445783e-01
38176: 1.706731e+00 1.466346e+00 6.826923e-01 1.442308e-01
38176: 1.705036e+00 1.465228e+00 6.858513e-01 1.438849e-01
38176: 1.705742e+00 1.464115e+00 6.866029e-01 1.435407e-01
38176: 1.706444e+00 1.463007e+00 6.873508e-01 1.431981e-01
38176: 1.704762e+00 1.464286e+00 6.880952e-01 1.428571e-01
38176: 1.705463e+00 1.463183e+00 6.888361e-01 1.425178e-01
38176: 1.706161e+00 1.462085e+00 6.895735e-01 1.421801e-01
38176: 1.706856e+00 1.460993e+00 6.903073e-01 1.418440e-01
38176: 1.707547e+00 1.459906e+00 6.886792e-01 1.438679e-01
38176: 1.705882e+00 1.463529e+00 6.870588e-01 1.435294e-01
38176: 1.704225e+00 1.464789e+00 6.877934e-01 1.431925e-01
38176: 1.704918e+00 1.466042e+00 6.861827e-01 1.428571e-01
38176: 1.703271e+00 1.467290e+00 6.869159e-01 1.425234e-01
38176: 1.701632e+00 1.470862e+00 6.853147e-01 1.421911e-01
38176: 1.702326e+00 1.469767e+00 6.860465e-01 1.418605e-01
38176: 1.703016e+00 1.470998e+00 6.844548e-01 1.415313e-01
38176: 1.703704e+00 1.472222e+00 6.828704e-01 1.412037e-01
38176: 1.702079e+00 1.471132e+00 6.859122e-01 1.408776e-01
38176: 1.700461e+00 1.472350e+00 6.843318e-01 1.428571e-01
38176: 1.703448e+00 1.471264e+00 6.827586e-01 1.425287e-01
38176: 1.701835e+00 1.472477e+00 6.811927e-01 1.444954e-01
38176: 1.704805e+00 1.471396e+00 6.796339e-01 1.441648e-01
38176: 1.705479e+00 1.472603e+00 6.780822e-01 1.438356e-01
38176: 1.706150e+00 1.473804e+00 6.765376e-01 1.435080e-01
38176: 1.704545e+00 1.475000e+00 6.772727e-01 1.431818e-01
38176: 1.705215e+00 1.476190e+00 6.757370e-01 1.428571e-01
38176: 1.705882e+00 1.477376e+00 6.742081e-01 1.425339e-01
38176: 1.706546e+00 1.476298e+00 6.749436e-01 1.422122e-01
38176: 1.704955e+00 1.475225e+00 6.779279e-01 1.418919e-01
38176: 1.703371e+00 1.476404e+00 6.764045e-01 1.438202e-01
38176: 1.706278e+00 1.475336e+00 6.748879e-01 1.434978e-01
38176: 1.704698e+00 1.474273e+00 6.778523e-01 1.431767e-01
38176: 1.707589e+00 1.473214e+00 6.763393e-01 1.428571e-01
38176: 1.706013e+00 1.472160e+00 6.792873e-01 1.425390e-01
38176: 1.706667e+00 1.471111e+00 6.777778e-01 1.444444e-01
38176: 1.707317e+00 1.470067e+00 6.784922e-01 1.441242e-01
38176: 1.710177e+00 1.469027e+00 6.769912e-01 1.438053e-01
38176: 1.708609e+00 1.467991e+00 6.777042e-01 1.456954e-01
38176: 1.707048e+00 1.469163e+00 6.784141e-01 1.453744e-01
38176: 1.705495e+00 1.470330e+00 6.769231e-01 1.472527e-01
38176: 1.706140e+00 1.471491e+00 6.754386e-01 1.469298e-01
38176: 1.706783e+00 1.472648e+00 6.739606e-01 1.466083e-01
38176: 1.705240e+00 1.473799e+00 6.724891e-01 1.484716e-01
38176: 1.705882e+00 1.472767e+00 6.732026e-01 1.481481e-01
38176: 1.704348e+00 1.471739e+00 6.760870e-01 1.478261e-01
38176: 1.702820e+00 1.472885e+00 6.767896e-01 1.475054e-01
38176: 1.703463e+00 1.471861e+00 6.774892e-01 1.471861e-01
38176: 1.704104e+00 1.470842e+00 6.781857e-01 1.468683e-01
38176: 1.702586e+00 1.469828e+00 6.810345e-01 1.465517e-01
38176: 1.703226e+00 1.470968e+00 6.795699e-01 1.462366e-01
38176: 1.706009e+00 1.469957e+00 6.781116e-01 1.459227e-01
38176: 1.704497e+00 1.471092e+00 6.788009e-01 1.456103e-01
38176: 1.705128e+00 1.470085e+00 6.794872e-01 1.452991e-01
38176: 1.703625e+00 1.471215e+00 6.801706e-01 1.449893e-01
38176: 1.706383e+00 1.470213e+00 6.787234e-01 1.446809e-01
38176: 1.707006e+00 1.469214e+00 6.794055e-01 1.443737e-01
38176: 1.707627e+00 1.468220e+00 6.800847e-01 1.440678e-01
38176: 1.708245e+00 1.469345e+00 6.786469e-01 1.437632e-01
38176: 1.710970e+00 1.468354e+00 6.772152e-01 1.434599e-01
38176: 1.711579e+00 1.469474e+00 6.757895e-01 1.431579e-01
38176: 1.710084e+00 1.468487e+00 6.785714e-01 1.428571e-01
38176: 1.710692e+00 1.467505e+00 6.771488e-01 1.446541e-01
38176: 1.711297e+00 1.466527e+00 6.778243e-01 1.443515e-01
38176: 1.709812e+00 1.467641e+00 6.784969e-01 1.440501e-01
38176: 1.708333e+00 1.468750e+00 6.791667e-01 1.437500e-01
38176: 1.708940e+00 1.469854e+00 6.777547e-01 1.434511e-01
38176: 1.707469e+00 1.470954e+00 6.784232e-01 1.431535e-01
38176: 1.706004e+00 1.472050e+00 6.790890e-01 1.428571e-01
38176: 1.704545e+00 1.473140e+00 6.797521e-01 1.425620e-01
38176: 1.705155e+00 1.472165e+00 6.804124e-01 1.422680e-01
38176: 1.705761e+00 1.471193e+00 6.790123e-01 1.440329e-01
38176: 1.704312e+00 1.470226e+00 6.796715e-01 1.457906e-01
38176: 1.704918e+00 1.469262e+00 6.803279e-01 1.454918e-01
38176: 1.703476e+00 1.472393e+00 6.789366e-01 1.451943e-01
38176: 1.702041e+00 1.473469e+00 6.775510e-01 1.469388e-01
38176: 1.700611e+00 1.474542e+00 6.782077e-01 1.466395e-01
38176: 1.701220e+00 1.473577e+00 6.788618e-01 1.463415e-01
38176: 1.699797e+00 1.472617e+00 6.815416e-01 1.460446e-01
38176: 1.698381e+00 1.475709e+00 6.801619e-01 1.457490e-01
38176: 1.696970e+00 1.474747e+00 6.828283e-01 1.454545e-01
38176: 1.695565e+00 1.475806e+00 6.834677e-01 1.451613e-01
38176: 1.698189e+00 1.474849e+00 6.820926e-01 1.448692e-01
38176: 1.700803e+00 1.473896e+00 6.807229e-01 1.445783e-01
38176: 1.701403e+00 1.472946e+00 6.813627e-01 1.442886e-01
38176: 1.702000e+00 1.474000e+00 6.800000e-01 1.440000e-01
38176: 1.704591e+00 1.473054e+00 6.786427e-01 1.437126e-01
38176: 1.707171e+00 1.472112e+00 6.772908e-01 1.434263e-01
38176: 1.705765e+00 1.473161e+00 6.759443e-01 1.451292e-01
38176: 1.704365e+00 1.476190e+00 6.746032e-01 1.448413e-01
38176: 1.704950e+00 1.475248e+00 6.732673e-01 1.465347e-01
38176: 1.705534e+00 1.474308e+00 6.739130e-01 1.462451e-01
38176: 1.708087e+00 1.473373e+00 6.725838e-01 1.459566e-01
38176: 1.708661e+00 1.472441e+00 6.732283e-01 1.456693e-01
38176: 1.711198e+00 1.471513e+00 6.719057e-01 1.453831e-01
38176: 1.709804e+00 1.474510e+00 6.705882e-01 1.450980e-01
38176: 1.710372e+00 1.473581e+00 6.712329e-01 1.448141e-01
38176: 1.712891e+00 1.472656e+00 6.699219e-01 1.445312e-01
38176: 1.715400e+00 1.471735e+00 6.686160e-01 1.442495e-01
38176: 1.715953e+00 1.470817e+00 6.673152e-01 1.459144e-01
38176: 1.716505e+00 1.471845e+00 6.660194e-01 1.456311e-01
38176: 1.715116e+00 1.472868e+00 6.666667e-01 1.453488e-01
38176: 1.715667e+00 1.471954e+00 6.673114e-01 1.450677e-01
38176: 1.714286e+00 1.471042e+00 6.698842e-01 1.447876e-01
38176: 1.712909e+00 1.472062e+00 6.705202e-01 1.445087e-01
38176: 1.715385e+00 1.471154e+00 6.692308e-01 1.442308e-01
38176: 1.717850e+00 1.470250e+00 6.679463e-01 1.439539e-01
38176: 1.718391e+00 1.471264e+00 6.666667e-01 1.436782e-01
38176: 1.717017e+00 1.472275e+00 6.673040e-01 1.434034e-01
38176: 1.717557e+00 1.473282e+00 6.660305e-01 1.431298e-01
38176: 1.716190e+00 1.472381e+00 6.685714e-01 1.428571e-01
38176: 1.714829e+00 1.473384e+00 6.692015e-01 1.425856e-01
38176: 1.713472e+00 1.472486e+00 6.717268e-01 1.423150e-01
38176: 1.712121e+00 1.473485e+00 6.723485e-01 1.420455e-01
38176: 1.710775e+00 1.472590e+00 6.748582e-01 1.417769e-01
38176: 1.709434e+00 1.471698e+00 6.754717e-01 1.433962e-01
38176: 1.708098e+00 1.472693e+00 6.760829e-01 1.431262e-01
38176: 1.710526e+00 1.471805e+00 6.748120e-01 1.428571e-01
38176: 1.712946e+00 1.470919e+00 6.735460e-01 1.425891e-01
38176: 1.713483e+00 1.471910e+00 6.722846e-01 1.423221e-01
38176: 1.712150e+00 1.472897e+00 6.710280e-01 1.439252e-01
38176: 1.710821e+00 1.472015e+00 6.735075e-01 1.436567e-01
38176: 1.711359e+00 1.471136e+00 6.722533e-01 1.452514e-01
38176: 1.711896e+00 1.470260e+00 6.728625e-01 1.449814e-01
38176: 1.714286e+00 1.469388e+00 6.716141e-01 1.447124e-01
38176: 1.712963e+00 1.470370e+00 6.722222e-01 1.444444e-01
38176: 1.713494e+00 1.469501e+00 6.728281e-01 1.441774e-01
38176: 1.714022e+00 1.470480e+00 6.715867e-01 1.439114e-01
38176: 1.714549e+00 1.469613e+00 6.721915e-01 1.436464e-01
38176: 1.715074e+00 1.468750e+00 6.727941e-01 1.433824e-01
38176: 1.713761e+00 1.469725e+00 6.733945e-01 1.431193e-01
38176: 1.714286e+00 1.470696e+00 6.721612e-01 1.428571e-01
38176: 1.712980e+00 1.473492e+00 6.709324e-01 1.425960e-01
38176: 1.713504e+00 1.472628e+00 6.697080e-01 1.441606e-01
38176: 1.714026e+00 1.471767e+00 6.703097e-01 1.438980e-01
38176: 1.712727e+00 1.470909e+00 6.727273e-01 1.436364e-01
38176: 1.713249e+00 1.470054e+00 6.733212e-01 1.433757e-01
38176: 1.715580e+00 1.469203e+00 6.721014e-01 1.431159e-01
38176: 1.714286e+00 1.468354e+00 6.745027e-01 1.428571e-01
38176: 1.714801e+00 1.469314e+00 6.732852e-01 1.425993e-01
38176: 1.715315e+00 1.468468e+00 6.738739e-01 1.423423e-01
38176: 1.717626e+00 1.467626e+00 6.726619e-01 1.420863e-01
38176: 1.718133e+00 1.466786e+00 6.732496e-01 1.418312e-01
38176: 1.718638e+00 1.467742e+00 6.720430e-01 1.415771e-01
38176: 1.719141e+00 1.466905e+00 6.726297e-01 1.413238e-01
38176: 1.719643e+00 1.467857e+00 6.714286e-01 1.410714e-01
38176: 1.718360e+00 1.467023e+00 6.737968e-01 1.408200e-01
38176: 1.718861e+00 1.467972e+00 6.725979e-01 1.405694e-01
38176: 1.717584e+00 1.468917e+00 6.714032e-01 1.420959e-01
38176: 1.716312e+00 1.468085e+00 6.737589e-01 1.418440e-01
38176: 1.716814e+00 1.467257e+00 6.743363e-01 1.415929e-01
38176: 1.715548e+00 1.468198e+00 6.749117e-01 1.413428e-01
38176: 1.714286e+00 1.469136e+00 6.754850e-01 1.410935e-01
38176: 1.714789e+00 1.468310e+00 6.760563e-01 1.408451e-01
38176: 1.717047e+00 1.467487e+00 6.748682e-01 1.405975e-01
38176: 1.717544e+00 1.466667e+00 6.754386e-01 1.403509e-01
38176: 1.719790e+00 1.465849e+00 6.742557e-01 1.401051e-01
38176: 1.718531e+00 1.466783e+00 6.748252e-01 1.398601e-01
38176: 1.717277e+00 1.465969e+00 6.771379e-01 1.396161e-01
38176: 1.716028e+00 1.465157e+00 6.777003e-01 1.411150e-01
38176: 1.714783e+00 1.466087e+00 6.765217e-01 1.426087e-01
38176: 1.715278e+00 1.465278e+00 6.770833e-01 1.423611e-01
38176: 1.715771e+00 1.466205e+00 6.759099e-01 1.421144e-01
38176: 1.717993e+00 1.465398e+00 6.747405e-01 1.418685e-01
38176: 1.720207e+00 1.464594e+00 6.735751e-01 1.416235e-01
38176: 1.718966e+00 1.463793e+00 6.741379e-01 1.431034e-01
38176: 1.717728e+00 1.464716e+00 6.746988e-01 1.428571e-01
38176: 1.716495e+00 1.465636e+00 6.752577e-01 1.426117e-01
38176: 1.716981e+00 1.466552e+00 6.740995e-01 1.423671e-01
38176: 1.715753e+00 1.465753e+00 6.746575e-01 1.438356e-01
38176: 1.714530e+00 1.464957e+00 6.769231e-01 1.435897e-01
38176: 1.715017e+00 1.465870e+00 6.757679e-01 1.433447e-01
38176: 1.715503e+00 1.466780e+00 6.746167e-01 1.431005e-01
38176: 1.714286e+00 1.465986e+00 6.768707e-01 1.428571e-01
38176: 1.714771e+00 1.465195e+00 6.774194e-01 1.426146e-01
38176: 1.713559e+00 1.464407e+00 6.796610e-01 1.423729e-01
38176: 1.712352e+00 1.463621e+00 6.802030e-01 1.438240e-01
38176: 1.711149e+00 1.464527e+00 6.807432e-01 1.435811e-01
38176: 1.709949e+00 1.465430e+00 6.812816e-01 1.433390e-01
38176: 1.710438e+00 1.466330e+00 6.801347e-01 1.430976e-01
38176: 1.710924e+00 1.465546e+00 6.806723e-01 1.428571e-01
38176: 1.711409e+00 1.466443e+00 6.795302e-01 1.426174e-01
38176: 1.710218e+00 1.469012e+00 6.783920e-01 1.423786e-01
38176: 1.710702e+00 1.469900e+00 6.772575e-01 1.421405e-01
38176: 1.711185e+00 1.469115e+00 6.761269e-01 1.435726e-01
38176: 1.710000e+00 1.470000e+00 6.766667e-01 1.433333e-01
38176: 1.708819e+00 1.470882e+00 6.772047e-01 1.430948e-01
38176: 1.710963e+00 1.470100e+00 6.760797e-01 1.428571e-01
38176: 1.711443e+00 1.469320e+00 6.766169e-01 1.426202e-01
38176: 1.711921e+00 1.468543e+00 6.771523e-01 1.423841e-01
38176: 1.714050e+00 1.467769e+00 6.760331e-01 1.421488e-01
38176: 1.714521e+00 1.466997e+00 6.765677e-01 1.419142e-01
38176: 1.714992e+00 1.467875e+00 6.754530e-01 1.416804e-01
38176: 1.713816e+00 1.468750e+00 6.743421e-01 1.430921e-01
38176: 1.712644e+00 1.469622e+00 6.748768e-01 1.428571e-01
38176: 1.711475e+00 1.468852e+00 6.754098e-01 1.442623e-01
38176: 1.713584e+00 1.468085e+00 6.743044e-01 1.440262e-01
38176: 1.712418e+00 1.468954e+00 6.748366e-01 1.437908e-01
38176: 1.712887e+00 1.469821e+00 6.737357e-01 1.435563e-01
38176: 1.711726e+00 1.470684e+00 6.742671e-01 1.433225e-01
38176: 1.710569e+00 1.471545e+00 6.731707e-01 1.447154e-01
38176: 1.709416e+00 1.472403e+00 6.737013e-01 1.444805e-01
38176: 1.709887e+00 1.471637e+00 6.742301e-01 1.442464e-01
38176: 1.710356e+00 1.470874e+00 6.747573e-01 1.440129e-01
38176: 1.710824e+00 1.470113e+00 6.752827e-01 1.437803e-01
38176: 1.711290e+00 1.470968e+00 6.741935e-01 1.435484e-01
38176: 1.710145e+00 1.473430e+00 6.731079e-01 1.433172e-01
38176: 1.710611e+00 1.472669e+00 6.736334e-01 1.430868e-01
38176: 1.709470e+00 1.471910e+00 6.741573e-01 1.444623e-01
38176: 1.709936e+00 1.471154e+00 6.746795e-01 1.442308e-01
38176: 1.710400e+00 1.470400e+00 6.752000e-01 1.440000e-01
38176: 1.709265e+00 1.471246e+00 6.757188e-01 1.437700e-01
38176: 1.708134e+00 1.472089e+00 6.762360e-01 1.435407e-01
38176: 1.708599e+00 1.472930e+00 6.751592e-01 1.433121e-01
38176: 1.707472e+00 1.475358e+00 6.740859e-01 1.430843e-01
38176: 1.706349e+00 1.474603e+00 6.761905e-01 1.428571e-01
38176: 1.706815e+00 1.475436e+00 6.751189e-01 1.426307e-01
38176: 1.705696e+00 1.474684e+00 6.756329e-01 1.439873e-01
38176: 1.704581e+00 1.475513e+00 6.761453e-01 1.437599e-01
38176: 1.705047e+00 1.476341e+00 6.750789e-01 1.435331e-01
38176: 1.703937e+00 1.475591e+00 6.771654e-01 1.433071e-01
38176: 1.704403e+00 1.474843e+00 6.776730e-01 1.430818e-01
38176: 1.704867e+00 1.474097e+00 6.781790e-01 1.428571e-01
38176: 1.703762e+00 1.473354e+00 6.802508e-01 1.426332e-01
38176: 1.702660e+00 1.472613e+00 6.807512e-01 1.439750e-01
38176: 1.701563e+00 1.473437e+00 6.812500e-01 1.437500e-01
38176: 1.702028e+00 1.472699e+00 6.817473e-01 1.435257e-01
38176: 1.700935e+00 1.473520e+00 6.822430e-01 1.433022e-01
38176: 1.701400e+00 1.472784e+00 6.827372e-01 1.430793e-01
38176: 1.701863e+00 1.472050e+00 6.832298e-01 1.428571e-01
38176: 1.700775e+00 1.472868e+00 6.837209e-01 1.426357e-01
38176: 1.701238e+00 1.472136e+00 6.826625e-01 1.439628e-01
38176: 1.701700e+00 1.471406e+00 6.816074e-01 1.452859e-01
38176: 1.702160e+00 1.470679e+00 6.820988e-01 1.450617e-01
38176: 1.701079e+00 1.471495e+00 6.825886e-01 1.448382e-01
38176: 1.700000e+00 1.472308e+00 6.830769e-01 1.446154e-01
38176: 1.700461e+00 1.471582e+00 6.835637e-01 1.443932e-01
38176: 1.700920e+00 1.470859e+00 6.825153e-01 1.457055e-01
38176: 1.699847e+00 1.470138e+00 6.830015e-01 1.470138e-01
38176: 1.700306e+00 1.470948e+00 6.819572e-01 1.467890e-01
38176: 1.700763e+00 1.471756e+00 6.809160e-01 1.465649e-01
38176: 1.701220e+00 1.472561e+00 6.798780e-01 1.463415e-01
38176: 1.700152e+00 1.473364e+00 6.803653e-01 1.461187e-01
38176: 1.702128e+00 1.472644e+00 6.793313e-01 1.458967e-01
38176: 1.702580e+00 1.471927e+00 6.798179e-01 1.456753e-01
38176: 1.703030e+00 1.471212e+00 6.803030e-01 1.454545e-01
38176: 1.703480e+00 1.470499e+00 6.792738e-01 1.467474e-01
38176: 1.703927e+00 1.469789e+00 6.782477e-01 1.480363e-01
38176: 1.702866e+00 1.469080e+00 6.802413e-01 1.478130e-01
38176: 1.704819e+00 1.468373e+00 6.792169e-01 1.475904e-01
38176: 1.703759e+00 1.469173e+00 6.796992e-01 1.473684e-01
38176: 1.704204e+00 1.469970e+00 6.786787e-01 1.471471e-01
38176: 1.704648e+00 1.469265e+00 6.776612e-01 1.484258e-01
38176: 1.703593e+00 1.468563e+00 6.796407e-01 1.482036e-01
38176: 1.702541e+00 1.470852e+00 6.786248e-01 1.479821e-01
38176: 1.702985e+00 1.470149e+00 6.791045e-01 1.477612e-01
38176: 1.703428e+00 1.469449e+00 6.795827e-01 1.475410e-01
38176: 1.703869e+00 1.468750e+00 6.785714e-01 1.488095e-01
38176: 1.704309e+00 1.468053e+00 6.790490e-01 1.485884e-01
38176: 1.703264e+00 1.468843e+00 6.795252e-01 1.483680e-01
38176: 1.702222e+00 1.469630e+00 6.785185e-01 1.496296e-01
38176: 1.701183e+00 1.470414e+00 6.789941e-01 1.494083e-01
38176: 1.703102e+00 1.469719e+00 6.779911e-01 1.491876e-01
38176: 1.703540e+00 1.469027e+00 6.769912e-01 1.504425e-01
38176: 1.702504e+00 1.468336e+00 6.789396e-01 1.502209e-01
38176: 1.704412e+00 1.467647e+00 6.779412e-01 1.500000e-01
38176: 1.704846e+00 1.466960e+00 6.784141e-01 1.497797e-01
38176: 1.703812e+00 1.467742e+00 6.788856e-01 1.495601e-01
38176: 1.704246e+00 1.468521e+00 6.778917e-01 1.493411e-01
38176: 1.704678e+00 1.469298e+00 6.769006e-01 1.491228e-01
38176: 1.703650e+00 1.468613e+00 6.788321e-01 1.489051e-01
38176: 1.702624e+00 1.469388e+00 6.793003e-01 1.486880e-01
38176: 1.704512e+00 1.468705e+00 6.783115e-01 1.484716e-01
38176: 1.703488e+00 1.468023e+00 6.787791e-01 1.497093e-01
38176: 1.702467e+00 1.467344e+00 6.806967e-01 1.494920e-01
38176: 1.704348e+00 1.466667e+00 6.797101e-01 1.492754e-01
38176: 1.703329e+00 1.465991e+00 6.801737e-01 1.505065e-01
38176: 1.702312e+00 1.466763e+00 6.806358e-01 1.502890e-01
38176: 1.701299e+00 1.467532e+00 6.796537e-01 1.515152e-01
38176: 1.700288e+00 1.466859e+00 6.801153e-01 1.527378e-01
38176: 1.702158e+00 1.466187e+00 6.791367e-01 1.525180e-01
38176: 1.702586e+00 1.465517e+00 6.795977e-01 1.522989e-01
38176: 1.701578e+00 1.466284e+00 6.800574e-01 1.520803e-01
38176: 1.702006e+00 1.465616e+00 6.790831e-01 1.532951e-01
38176: 1.702432e+00 1.464950e+00 6.795422e-01 1.530758e-01
38176: 1.701429e+00 1.467143e+00 6.785714e-01 1.528571e-01
38176: 1.700428e+00 1.466476e+00 6.790300e-01 1.540656e-01
38176: 1.700855e+00 1.467236e+00 6.780627e-01 1.538462e-01
38176: 1.699858e+00 1.467994e+00 6.785206e-01 1.536273e-01
38176: 1.700284e+00 1.467330e+00 6.789773e-01 1.534091e-01
38176: 1.699291e+00 1.468085e+00 6.780142e-01 1.546099e-01
38176: 1.698300e+00 1.470255e+00 6.770538e-01 1.543909e-01
38176: 1.698727e+00 1.471004e+00 6.760962e-01 1.541726e-01
38176: 1.699153e+00 1.470339e+00 6.765537e-01 1.539548e-01
38176: 1.699577e+00 1.469676e+00 6.755994e-01 1.551481e-01
38176: 1.698592e+00 1.471831e+00 6.746479e-01 1.549296e-01
38176: 1.699015e+00 1.472574e+00 6.736990e-01 1.547117e-01
38176: 1.699438e+00 1.471910e+00 6.741573e-01 1.544944e-01
38176: 1.698457e+00 1.471248e+00 6.760168e-01 1.542777e-01
38176: 1.697479e+00 1.471989e+00 6.764706e-01 1.540616e-01
38176: 1.697902e+00 1.471329e+00 6.769231e-01 1.538462e-01
38176: 1.696927e+00 1.472067e+00 6.759777e-01 1.550279e-01
38176: 1.695955e+00 1.471409e+00 6.764296e-01 1.562064e-01
38176: 1.694986e+00 1.470752e+00 6.782730e-01 1.559889e-01
38176: 1.695410e+00 1.470097e+00 6.787204e-01 1.557719e-01
38176: 1.694444e+00 1.470833e+00 6.791667e-01 1.555556e-01
38176: 1.693481e+00 1.470180e+00 6.796117e-01 1.567268e-01
38176: 1.693906e+00 1.469529e+00 6.800554e-01 1.565097e-01
38176: 1.692946e+00 1.468880e+00 6.804979e-01 1.576763e-01
38176: 1.694751e+00 1.468232e+00 6.795580e-01 1.574586e-01
38176: 1.695172e+00 1.468966e+00 6.786207e-01 1.572414e-01
38176: 1.695592e+00 1.468320e+00 6.790634e-01 1.570248e-01
38176: 1.694635e+00 1.469051e+00 6.795048e-01 1.568088e-01
38176: 1.693681e+00 1.471154e+00 6.785714e-01 1.565934e-01
38176: 1.692730e+00 1.473251e+00 6.776406e-01 1.563786e-01
38176: 1.693151e+00 1.473973e+00 6.767123e-01 1.561644e-01
38176: 1.693570e+00 1.474692e+00 6.757866e-01 1.559508e-01
38176: 1.693989e+00 1.474044e+00 6.762295e-01 1.557377e-01
38176: 1.694407e+00 1.473397e+00 6.766712e-01 1.555252e-01
38176: 1.694823e+00 1.472752e+00 6.771117e-01 1.553134e-01
38176: 1.695238e+00 1.472109e+00 6.775510e-01 1.551020e-01
38176: 1.694293e+00 1.474185e+00 6.766304e-01 1.548913e-01
38176: 1.693351e+00 1.474898e+00 6.770692e-01 1.546811e-01
38176: 1.693767e+00 1.474255e+00 6.775068e-01 1.544715e-01
38176: 1.695535e+00 1.473613e+00 6.765900e-01 1.542625e-01
38176: 1.695946e+00 1.474324e+00 6.756757e-01 1.540541e-01
38176: 1.695007e+00 1.475034e+00 6.761134e-01 1.538462e-01
38176: 1.695418e+00 1.474394e+00 6.765499e-01 1.536388e-01
38176: 1.695828e+00 1.475101e+00 6.756393e-01 1.534320e-01
38176: 1.696237e+00 1.474462e+00 6.760753e-01 1.532258e-01
38176: 1.696644e+00 1.473826e+00 6.765101e-01 1.530201e-01
38176: 1.695710e+00 1.473190e+00 6.782842e-01 1.528150e-01
38176: 1.696118e+00 1.472557e+00 6.787149e-01 1.526104e-01
38176: 1.695187e+00 1.471925e+00 6.804813e-01 1.524064e-01
38176: 1.695594e+00 1.472630e+00 6.795728e-01 1.522029e-01
38176: 1.696000e+00 1.473333e+00 6.786667e-01 1.520000e-01
38176: 1.697736e+00 1.472703e+00 6.777630e-01 1.517976e-01
38176: 1.698138e+00 1.473404e+00 6.768617e-01 1.515957e-01
38176: 1.698539e+00 1.472776e+00 6.772908e-01 1.513944e-01
38176: 1.697613e+00 1.473475e+00 6.777188e-01 1.511936e-01
38176: 1.699338e+00 1.472848e+00 6.768212e-01 1.509934e-01
38176: 1.698413e+00 1.472222e+00 6.772487e-01 1.521164e-01
38176: 1.698811e+00 1.471598e+00 6.776750e-01 1.519155e-01
38176: 1.697889e+00 1.473615e+00 6.767810e-01 1.517150e-01
38176: 1.696970e+00 1.472991e+00 6.772069e-01 1.528327e-01
38176: 1.697368e+00 1.472368e+00 6.776316e-01 1.526316e-01
38176: 1.699080e+00 1.471748e+00 6.767411e-01 1.524310e-01
38176: 1.699475e+00 1.472441e+00 6.758530e-01 1.522310e-01
38176: 1.698558e+00 1.473132e+00 6.762779e-01 1.520315e-01
38176: 1.700262e+00 1.472513e+00 6.753927e-01 1.518325e-01
38176: 1.700654e+00 1.473203e+00 6.745098e-01 1.516340e-01
38176: 1.701044e+00 1.473890e+00 6.736292e-01 1.514360e-01
38176: 1.701434e+00 1.473272e+00 6.740548e-01 1.512386e-01
38176: 1.701823e+00 1.473958e+00 6.731771e-01 1.510417e-01
38176: 1.702211e+00 1.473342e+00 6.736021e-01 1.508453e-01
38176: 1.701299e+00 1.472727e+00 6.753247e-01 1.506494e-01
38176: 1.700389e+00 1.472114e+00 6.757458e-01 1.517510e-01
38176: 1.699482e+00 1.472798e+00 6.761658e-01 1.515544e-01
38176: 1.698577e+00 1.472186e+00 6.778784e-01 1.513583e-01
38176: 1.697674e+00 1.474160e+00 6.770026e-01 1.511628e-01
38176: 1.696774e+00 1.476129e+00 6.761290e-01 1.509677e-01
38176: 1.697165e+00 1.476804e+00 6.752577e-01 1.507732e-01
38176: 1.697555e+00 1.477477e+00 6.743887e-01 1.505792e-01
38176: 1.697943e+00 1.476864e+00 6.748072e-01 1.503856e-01
38176: 1.697047e+00 1.476252e+00 6.752246e-01 1.514763e-01
38176: 1.697436e+00 1.476923e+00 6.743590e-01 1.512821e-01
38176: 1.697823e+00 1.477593e+00 6.734955e-01 1.510883e-01
38176: 1.696931e+00 1.476982e+00 6.751918e-01 1.508951e-01
38176: 1.696041e+00 1.477650e+00 6.756066e-01 1.507024e-01
38176: 1.696429e+00 1.477041e+00 6.760204e-01 1.505102e-01
38176: 1.695541e+00 1.477707e+00 6.764331e-01 1.503185e-01
38176: 1.695929e+00 1.477099e+00 6.768448e-01 1.501272e-01
38176: 1.696315e+00 1.477764e+00 6.759848e-01 1.499365e-01
38176: 1.697970e+00 1.477157e+00 6.751269e-01 1.497462e-01
38176: 1.697085e+00 1.477820e+00 6.755387e-01 1.495564e-01
38176: 1.696203e+00 1.478481e+00 6.759494e-01 1.493671e-01
38176: 1.695322e+00 1.479140e+00 6.763590e-01 1.491783e-01
38176: 1.695707e+00 1.479798e+00 6.755051e-01 1.489899e-01
38176: 1.697352e+00 1.479193e+00 6.746532e-01 1.488020e-01
38176: 1.698992e+00 1.478589e+00 6.738035e-01 1.486146e-01
38176: 1.698113e+00 1.477987e+00 6.754717e-01 1.484277e-01
38176: 1.697236e+00 1.477387e+00 6.771357e-01 1.482412e-01
38176: 1.696361e+00 1.476788e+00 6.787955e-01 1.480552e-01
38176: 1.696742e+00 1.477444e+00 6.779449e-01 1.478697e-01
38176: 1.697121e+00 1.478098e+00 6.770964e-01 1.476846e-01
38176: 1.697500e+00 1.478750e+00 6.762500e-01 1.475000e-01
38176: 1.696629e+00 1.479401e+00 6.766542e-01 1.473159e-01
38176: 1.697007e+00 1.478803e+00 6.758105e-01 1.483791e-01
38176: 1.697385e+00 1.478207e+00 6.762142e-01 1.481943e-01
38176: 1.697761e+00 1.478856e+00 6.753731e-01 1.480100e-01
38176: 1.698137e+00 1.478261e+00 6.757764e-01 1.478261e-01
38176: 1.698511e+00 1.478908e+00 6.749380e-01 1.476427e-01
38176: 1.697646e+00 1.479554e+00 6.753408e-01 1.474597e-01
38176: 1.698020e+00 1.480198e+00 6.745050e-01 1.472772e-01
38176: 1.697157e+00 1.479604e+00 6.749073e-01 1.483313e-01
38176: 1.697531e+00 1.480247e+00 6.740741e-01 1.481481e-01
38176: 1.696671e+00 1.480888e+00 6.744760e-01 1.479655e-01
38176: 1.695813e+00 1.481527e+00 6.748768e-01 1.477833e-01
38176: 1.696187e+00 1.482165e+00 6.740467e-01 1.476015e-01
38176: 1.696560e+00 1.482801e+00 6.732187e-01 1.474201e-01
38176: 1.696933e+00 1.483436e+00 6.723926e-01 1.472393e-01
38176: 1.696078e+00 1.485294e+00 6.715686e-01 1.470588e-01
38176: 1.696450e+00 1.485924e+00 6.707466e-01 1.468788e-01
38176: 1.696822e+00 1.485330e+00 6.711491e-01 1.466993e-01
38176: 1.698413e+00 1.484737e+00 6.703297e-01 1.465201e-01
38176: 1.698780e+00 1.484146e+00 6.695122e-01 1.475610e-01
38176: 1.699147e+00 1.484775e+00 6.686967e-01 1.473812e-01
38176: 1.699513e+00 1.484185e+00 6.690998e-01 1.472019e-01
38176: 1.698663e+00 1.484812e+00 6.695018e-01 1.470231e-01
38176: 1.699029e+00 1.484223e+00 6.699029e-01 1.468447e-01
38176: 1.698182e+00 1.483636e+00 6.715152e-01 1.466667e-01
38176: 1.698547e+00 1.483051e+00 6.719128e-01 1.464891e-01
38176: 1.698912e+00 1.483676e+00 6.711004e-01 1.463120e-01
38176: 1.698068e+00 1.484300e+00 6.714976e-01 1.461353e-01
38176: 1.697226e+00 1.484922e+00 6.718938e-01 1.459590e-01
38176: 1.697590e+00 1.484337e+00 6.722892e-01 1.457831e-01
38176: 1.697954e+00 1.483755e+00 6.726835e-01 1.456077e-01
38176: 1.699519e+00 1.483173e+00 6.718750e-01 1.454327e-01
38176: 1.698679e+00 1.483794e+00 6.722689e-01 1.452581e-01
38176: 1.697842e+00 1.483213e+00 6.738609e-01 1.450839e-01
38176: 1.697006e+00 1.482635e+00 6.754491e-01 1.449102e-01
38176: 1.697368e+00 1.483254e+00 6.746411e-01 1.447368e-01
38176: 1.697730e+00 1.482676e+00 6.750299e-01 1.445639e-01
38176: 1.696897e+00 1.483294e+00 6.754177e-01 1.443914e-01
38176: 1.696067e+00 1.485101e+00 6.746126e-01 1.442193e-01
38176: 1.696429e+00 1.484524e+00 6.750000e-01 1.440476e-01
38176: 1.695600e+00 1.483948e+00 6.765755e-01 1.438763e-01
38176: 1.694774e+00 1.484561e+00 6.769596e-01 1.437055e-01
38176: 1.695136e+00 1.483986e+00 6.761566e-01 1.447212e-01
38176: 1.696682e+00 1.483412e+00 6.753555e-01 1.445498e-01
38176: 1.695858e+00 1.482840e+00 6.769231e-01 1.443787e-01
38176: 1.695035e+00 1.482270e+00 6.784870e-01 1.442080e-01
38176: 1.694215e+00 1.482881e+00 6.788666e-01 1.440378e-01
38176: 1.693396e+00 1.484670e+00 6.780660e-01 1.438679e-01
38176: 1.692580e+00 1.484099e+00 6.796231e-01 1.436985e-01
38176: 1.692941e+00 1.483529e+00 6.800000e-01 1.435294e-01
38176: 1.693302e+00 1.482961e+00 6.803760e-01 1.433608e-01
38176: 1.693662e+00 1.483568e+00 6.795775e-01 1.431925e-01
38176: 1.694021e+00 1.483001e+00 6.787808e-01 1.441970e-01
38176: 1.695550e+00 1.482436e+00 6.779859e-01 1.440281e-01
38176: 1.694737e+00 1.483041e+00 6.783626e-01 1.438596e-01
38176: 1.695093e+00 1.482477e+00 6.775701e-01 1.448598e-01
38176: 1.696616e+00 1.481914e+00 6.767795e-01 1.446908e-01
38176: 1.695804e+00 1.482517e+00 6.771562e-01 1.445221e-01
38176: 1.696158e+00 1.483120e+00 6.763679e-01 1.443539e-01
38176: 1.697674e+00 1.482558e+00 6.755814e-01 1.441860e-01
38176: 1.698026e+00 1.483159e+00 6.747967e-01 1.440186e-01
38176: 1.697216e+00 1.483759e+00 6.751740e-01 1.438515e-01
38176: 1.698725e+00 1.483198e+00 6.743917e-01 1.436848e-01
38176: 1.699074e+00 1.483796e+00 6.736111e-01 1.435185e-01
38176: 1.698266e+00 1.484393e+00 6.739884e-01 1.433526e-01
38176: 1.697460e+00 1.484988e+00 6.743649e-01 1.431871e-01
38176: 1.697809e+00 1.485582e+00 6.735871e-01 1.430219e-01
38176: 1.697005e+00 1.485023e+00 6.751152e-01 1.428571e-01
38176: 1.697353e+00 1.484465e+00 6.743383e-01 1.438435e-01
38176: 1.697701e+00 1.483908e+00 6.735632e-01 1.448276e-01
38176: 1.696900e+00 1.484501e+00 6.727899e-01 1.458094e-01
38176: 1.697248e+00 1.485092e+00 6.720183e-01 1.456422e-01
38176: 1.696449e+00 1.486827e+00 6.712486e-01 1.454754e-01
38176: 1.697941e+00 1.486270e+00 6.704805e-01 1.453089e-01
38176: 1.697143e+00 1.486857e+00 6.708571e-01 1.451429e-01
38176: 1.698630e+00 1.486301e+00 6.700913e-01 1.449772e-01
38176: 1.698974e+00 1.486887e+00 6.693273e-01 1.448119e-01
38176: 1.698178e+00 1.486333e+00 6.708428e-01 1.446469e-01
38176: 1.697383e+00 1.485779e+00 6.723549e-01 1.444824e-01
38176: 1.696591e+00 1.485227e+00 6.727273e-01 1.454545e-01
38176: 1.695800e+00 1.486947e+00 6.719637e-01 1.452894e-01
38176: 1.696145e+00 1.486395e+00 6.723356e-01 1.451247e-01
38176: 1.695357e+00 1.485844e+00 6.738392e-01 1.449604e-01
38176: 1.695701e+00 1.486425e+00 6.730769e-01 1.447964e-01
38176: 1.696045e+00 1.485876e+00 6.734463e-01 1.446328e-01
38176: 1.696388e+00 1.485327e+00 6.738149e-01 1.444695e-01
38176: 1.696731e+00 1.484780e+00 6.741826e-01 1.443067e-01
38176: 1.697072e+00 1.484234e+00 6.734234e-01 1.452703e-01
38176: 1.698538e+00 1.483690e+00 6.726659e-01 1.451069e-01
38176: 1.698876e+00 1.483146e+00 6.730337e-01 1.449438e-01
38176: 1.698092e+00 1.483726e+00 6.734007e-01 1.447811e-01
38176: 1.698430e+00 1.484305e+00 6.726457e-01 1.446188e-01
38176: 1.698768e+00 1.483763e+00 6.730123e-01 1.444569e-01
38176: 1.699105e+00 1.483221e+00 6.733781e-01 1.442953e-01
38176: 1.698324e+00 1.482682e+00 6.748603e-01 1.441341e-01
38176: 1.698661e+00 1.482143e+00 6.752232e-01 1.439732e-01
38176: 1.698997e+00 1.482720e+00 6.744705e-01 1.438127e-01
38176: 1.698218e+00 1.482183e+00 6.759465e-01 1.436526e-01
38176: 1.697442e+00 1.481646e+00 6.774194e-01 1.434928e-01
38176: 1.697778e+00 1.482222e+00 6.766667e-01 1.433333e-01
38176: 1.697003e+00 1.481687e+00 6.770255e-01 1.442841e-01
38176: 1.697339e+00 1.481153e+00 6.773836e-01 1.441242e-01
38176: 1.697674e+00 1.481728e+00 6.766334e-01 1.439646e-01
38176: 1.696903e+00 1.482301e+00 6.769912e-01 1.438053e-01
38176: 1.697238e+00 1.481768e+00 6.773481e-01 1.436464e-01
38176: 1.696468e+00 1.482340e+00 6.777042e-01 1.434879e-01
38176: 1.696803e+00 1.481808e+00 6.780595e-01 1.433297e-01
38176: 1.698238e+00 1.481278e+00 6.773128e-01 1.431718e-01
38176: 1.698570e+00 1.480748e+00 6.776678e-01 1.430143e-01
38176: 1.697802e+00 1.480220e+00 6.791209e-01 1.428571e-01
38176: 1.698134e+00 1.480790e+00 6.783754e-01 1.427003e-01
38176: 1.698465e+00 1.480263e+00 6.787281e-01 1.425439e-01
38176: 1.699890e+00 1.479737e+00 6.779847e-01 1.423877e-01
38176: 1.699125e+00 1.481400e+00 6.772429e-01 1.422319e-01
38176: 1.698361e+00 1.481967e+00 6.775956e-01 1.420765e-01
38176: 1.698690e+00 1.481441e+00 6.779476e-01 1.419214e-01
38176: 1.699019e+00 1.482007e+00 6.772083e-01 1.417666e-01
38176: 1.698257e+00 1.482571e+00 6.775599e-01 1.416122e-01
38176: 1.698585e+00 1.482046e+00 6.779108e-01 1.414581e-01
38176: 1.697826e+00 1.483696e+00 6.771739e-01 1.413043e-01
38176: 1.699240e+00 1.483170e+00 6.764387e-01 1.411509e-01
38176: 1.699566e+00 1.482646e+00 6.767896e-01 1.409978e-01
38176: 1.699892e+00 1.483207e+00 6.760563e-01 1.408451e-01
38176: 1.700216e+00 1.482684e+00 6.764069e-01 1.406926e-01
38176: 1.701622e+00 1.482162e+00 6.756757e-01 1.405405e-01
38176: 1.703024e+00 1.481641e+00 6.749460e-01 1.403888e-01
38176: 1.702265e+00 1.483279e+00 6.742179e-01 1.402373e-01
38176: 1.702586e+00 1.483836e+00 6.734914e-01 1.400862e-01
38176: 1.701830e+00 1.483315e+00 6.749193e-01 1.399354e-01
38176: 1.702151e+00 1.482796e+00 6.752688e-01 1.397849e-01
38176: 1.702470e+00 1.483351e+00 6.745435e-01 1.396348e-01
38176: 1.702790e+00 1.482833e+00 6.748927e-01 1.394850e-01
38176: 1.703108e+00 1.483387e+00 6.741693e-01 1.393355e-01
38176: 1.703426e+00 1.482869e+00 6.745182e-01 1.391863e-01
38176: 1.703743e+00 1.483422e+00 6.737968e-01 1.390374e-01
38176: 1.704060e+00 1.483974e+00 6.730769e-01 1.388889e-01
38176: 1.703308e+00 1.485592e+00 6.723586e-01 1.387407e-01
38176: 1.703625e+00 1.485075e+00 6.727079e-01 1.385928e-01
38176: 1.703940e+00 1.485623e+00 6.719915e-01 1.384452e-01
38176: 1.705319e+00 1.485106e+00 6.712766e-01 1.382979e-01
38176: 1.704570e+00 1.485654e+00 6.716259e-01 1.381509e-01
38176: 1.704883e+00 1.486200e+00 6.709130e-01 1.380042e-01
38176: 1.705196e+00 1.485684e+00 6.712619e-01 1.378579e-01
38176: 1.706568e+00 1.485169e+00 6.705508e-01 1.377119e-01
38176: 1.706878e+00 1.484656e+00 6.708995e-01 1.375661e-01
38176: 1.707188e+00 1.484144e+00 6.712474e-01 1.374207e-01
38176: 1.708553e+00 1.483633e+00 6.705385e-01 1.372756e-01
38176: 1.708861e+00 1.483122e+00 6.708861e-01 1.371308e-01
38176: 1.709168e+00 1.482613e+00 6.712329e-01 1.369863e-01
38176: 1.709474e+00 1.483158e+00 6.705263e-01 1.368421e-01
38176: 1.709779e+00 1.483701e+00 6.698212e-01 1.366982e-01
38176: 1.710084e+00 1.484244e+00 6.691176e-01 1.365546e-01
38176: 1.710388e+00 1.483736e+00 6.694648e-01 1.364113e-01
38176: 1.710692e+00 1.483229e+00 6.698113e-01 1.362683e-01
38176: 1.710995e+00 1.482723e+00 6.701571e-01 1.361257e-01
38176: 1.711297e+00 1.483264e+00 6.694561e-01 1.359833e-01
38176: 1.711599e+00 1.482759e+00 6.698015e-01 1.358412e-01
38176: 1.710856e+00 1.483299e+00 6.701461e-01 1.356994e-01
38176: 1.710115e+00 1.483837e+00 6.704901e-01 1.355579e-01
38176: 1.709375e+00 1.484375e+00 6.697917e-01 1.364583e-01
38176: 1.708637e+00 1.484912e+00 6.701353e-01 1.363163e-01
38176: 1.707900e+00 1.484407e+00 6.704782e-01 1.372141e-01
38176: 1.708204e+00 1.483904e+00 6.697819e-01 1.381101e-01
38176: 1.708506e+00 1.484440e+00 6.690871e-01 1.379668e-01
38176: 1.707772e+00 1.483938e+00 6.694301e-01 1.388601e-01
38176: 1.707039e+00 1.483437e+00 6.697723e-01 1.397516e-01
38176: 1.706308e+00 1.483971e+00 6.701138e-01 1.396070e-01
38176: 1.707645e+00 1.483471e+00 6.694215e-01 1.394628e-01
38176: 1.706914e+00 1.482972e+00 6.697626e-01 1.403509e-01
38176: 1.707216e+00 1.483505e+00 6.690722e-01 1.402062e-01
38176: 1.706488e+00 1.485067e+00 6.683831e-01 1.400618e-01
38176: 1.705761e+00 1.486626e+00 6.676955e-01 1.399177e-01
38176: 1.705036e+00 1.487153e+00 6.670092e-01 1.408016e-01
38176: 1.705339e+00 1.487680e+00 6.663244e-01 1.406571e-01
38176: 1.704615e+00 1.487179e+00 6.676923e-01 1.405128e-01
38176: 1.704918e+00 1.486680e+00 6.680328e-01 1.403689e-01
38176: 1.705220e+00 1.487206e+00 6.673490e-01 1.402252e-01
38176: 1.704499e+00 1.486708e+00 6.676892e-01 1.411043e-01
38176: 1.703779e+00 1.487232e+00 6.680286e-01 1.409602e-01
38176: 1.703061e+00 1.488776e+00 6.673469e-01 1.408163e-01
38176: 1.702345e+00 1.489297e+00 6.676860e-01 1.406728e-01
38176: 1.703666e+00 1.488798e+00 6.670061e-01 1.405295e-01
38176: 1.704985e+00 1.488301e+00 6.663276e-01 1.403866e-01
38176: 1.705285e+00 1.487805e+00 6.656504e-01 1.412602e-01
38176: 1.704569e+00 1.487310e+00 6.659898e-01 1.421320e-01
38176: 1.704868e+00 1.486815e+00 6.663286e-01 1.419878e-01
38176: 1.706180e+00 1.486322e+00 6.656535e-01 1.418440e-01
38176: 1.706478e+00 1.485830e+00 6.659919e-01 1.417004e-01
38176: 1.706775e+00 1.486350e+00 6.653185e-01 1.415571e-01
38176: 1.707071e+00 1.485859e+00 6.656566e-01 1.414141e-01
38176: 1.708375e+00 1.485368e+00 6.649849e-01 1.412714e-01
38176: 1.708669e+00 1.484879e+00 6.653226e-01 1.411290e-01
38176: 1.708963e+00 1.484391e+00 6.656596e-01 1.409869e-01
38176: 1.708249e+00 1.483903e+00 6.670020e-01 1.408451e-01
38176: 1.707538e+00 1.484422e+00 6.673367e-01 1.407035e-01
38176: 1.707831e+00 1.483936e+00 6.676707e-01 1.405622e-01
38176: 1.708124e+00 1.483450e+00 6.680040e-01 1.404213e-01
38176: 1.707415e+00 1.483968e+00 6.683367e-01 1.402806e-01
38176: 1.706707e+00 1.484484e+00 6.686687e-01 1.401401e-01
38176: Done!
Traceback (most recent call last):
  File "/lowest-unique-number/tournament0/elexunix.py", line 25, in <module>
    input()
EOFError: EOF when reading a line
