Forked 34959
Starting to reopen 0 and 1
Calling execv `tournament0/lounres.py` (pid 34959)
Strategy 0: first ans is 1
Forked 34960
Starting to reopen 0 and 1
Calling execv `tournament0/pzakorko.py` (pid 34960)
Strategy 1: first ans is 0
Forked 34961
Starting to reopen 0 and 1
Calling execv `tournament0/the_best_strategy.py` (pid 34961)
Strategy 2: first ans is 0
Forked 34962
Starting to reopen 0 and 1
Calling execv `tournament0/alex_dany` (pid 34962)
34962: Started!
34962: Number of players: 5, position: 3, number of turns: 1000
34962: Random seed: 1202754908
Strategy 3: first ans is 0
Forked 34963
Starting to reopen 0 and 1
Calling execv `tournament0/elexunix.py` (pid 34963)
Strategy 4: first ans is 4
34962: 3.000000e+00 1.000000e+00 0.000000e+00 0.000000e+00 1.000000e+00
34962: 2.000000e+00 1.500000e+00 1.000000e+00 0.000000e+00 5.000000e-01
34962: 2.333333e+00 1.666667e+00 6.666667e-01 0.000000e+00 3.333333e-01
34962: 2.000000e+00 1.500000e+00 1.000000e+00 0.000000e+00 5.000000e-01
34962: 2.200000e+00 1.400000e+00 1.000000e+00 0.000000e+00 4.000000e-01
34962: 2.166667e+00 1.500000e+00 8.333333e-01 0.000000e+00 5.000000e-01
34962: 2.000000e+00 1.428571e+00 8.571429e-01 1.428571e-01 5.714286e-01
34962: 2.250000e+00 1.375000e+00 7.500000e-01 1.250000e-01 5.000000e-01
34962: 2.222222e+00 1.444444e+00 7.777778e-01 1.111111e-01 4.444444e-01
34962: 2.100000e+00 1.500000e+00 9.000000e-01 1.000000e-01 4.000000e-01
34962: 2.181818e+00 1.545455e+00 8.181818e-01 9.090909e-02 3.636364e-01
34962: 2.166667e+00 1.583333e+00 8.333333e-01 8.333333e-02 3.333333e-01
34962: 2.076923e+00 1.538462e+00 9.230769e-01 1.538462e-01 3.076923e-01
34962: 2.071429e+00 1.500000e+00 1.000000e+00 1.428571e-01 2.857143e-01
34962: 2.000000e+00 1.600000e+00 1.000000e+00 1.333333e-01 2.666667e-01
34962: 2.000000e+00 1.500000e+00 1.062500e+00 1.875000e-01 2.500000e-01
34962: 2.058824e+00 1.529412e+00 1.000000e+00 1.764706e-01 2.352941e-01
34962: 2.055556e+00 1.555556e+00 1.000000e+00 1.666667e-01 2.222222e-01
34962: 2.000000e+00 1.578947e+00 1.000000e+00 1.578947e-01 2.631579e-01
34962: 1.950000e+00 1.500000e+00 1.150000e+00 1.500000e-01 2.500000e-01
34962: 2.000000e+00 1.476190e+00 1.095238e+00 1.428571e-01 2.857143e-01
34962: 1.954545e+00 1.500000e+00 1.090909e+00 1.818182e-01 2.727273e-01
34962: 2.000000e+00 1.478261e+00 1.043478e+00 2.173913e-01 2.608696e-01
34962: 1.916667e+00 1.541667e+00 1.041667e+00 2.500000e-01 2.500000e-01
34962: 1.960000e+00 1.560000e+00 1.000000e+00 2.400000e-01 2.400000e-01
34962: 1.961538e+00 1.538462e+00 1.000000e+00 2.307692e-01 2.692308e-01
34962: 1.925926e+00 1.592593e+00 9.629630e-01 2.592593e-01 2.592593e-01
34962: 1.892857e+00 1.571429e+00 1.000000e+00 2.857143e-01 2.500000e-01
34962: 1.896552e+00 1.517241e+00 1.034483e+00 3.103448e-01 2.413793e-01
34962: 1.900000e+00 1.533333e+00 1.000000e+00 3.333333e-01 2.333333e-01
34962: 1.870968e+00 1.516129e+00 1.064516e+00 3.225806e-01 2.258065e-01
34962: 1.875000e+00 1.531250e+00 1.031250e+00 3.125000e-01 2.500000e-01
34962: 1.848485e+00 1.515152e+00 1.060606e+00 3.333333e-01 2.424242e-01
34962: 1.852941e+00 1.500000e+00 1.058824e+00 3.529412e-01 2.352941e-01
34962: 1.800000e+00 1.542857e+00 1.085714e+00 3.428571e-01 2.285714e-01
34962: 1.833333e+00 1.527778e+00 1.083333e+00 3.333333e-01 2.222222e-01
34962: 1.783784e+00 1.567568e+00 1.108108e+00 3.243243e-01 2.162162e-01
34962: 1.789474e+00 1.578947e+00 1.105263e+00 3.157895e-01 2.105263e-01
34962: 1.769231e+00 1.564103e+00 1.153846e+00 3.076923e-01 2.051282e-01
34962: 1.800000e+00 1.575000e+00 1.125000e+00 3.000000e-01 2.000000e-01
34962: 1.780488e+00 1.536585e+00 1.146341e+00 3.414634e-01 1.951220e-01
34962: 1.785714e+00 1.547619e+00 1.142857e+00 3.333333e-01 1.904762e-01
34962: 1.767442e+00 1.534884e+00 1.139535e+00 3.720930e-01 1.860465e-01
34962: 1.750000e+00 1.545455e+00 1.136364e+00 3.863636e-01 1.818182e-01
34962: 1.777778e+00 1.555556e+00 1.111111e+00 3.777778e-01 1.777778e-01
34962: 1.782609e+00 1.565217e+00 1.108696e+00 3.695652e-01 1.739130e-01
34962: 1.744681e+00 1.574468e+00 1.148936e+00 3.617021e-01 1.702128e-01
34962: 1.729167e+00 1.562500e+00 1.187500e+00 3.541667e-01 1.666667e-01
34962: 1.714286e+00 1.551020e+00 1.183673e+00 3.673469e-01 1.836735e-01
34962: 1.700000e+00 1.540000e+00 1.200000e+00 3.800000e-01 1.800000e-01
34962: 1.705882e+00 1.549020e+00 1.196078e+00 3.725490e-01 1.764706e-01
34962: 1.692308e+00 1.557692e+00 1.211538e+00 3.653846e-01 1.730769e-01
34962: 1.735849e+00 1.547170e+00 1.188679e+00 3.584906e-01 1.698113e-01
34962: 1.722222e+00 1.574074e+00 1.166667e+00 3.703704e-01 1.666667e-01
34962: 1.727273e+00 1.545455e+00 1.181818e+00 3.818182e-01 1.636364e-01
34962: 1.696429e+00 1.589286e+00 1.178571e+00 3.750000e-01 1.607143e-01
34962: 1.701754e+00 1.561404e+00 1.192982e+00 3.684211e-01 1.754386e-01
34962: 1.689655e+00 1.568966e+00 1.172414e+00 3.793103e-01 1.896552e-01
34962: 1.694915e+00 1.576271e+00 1.169492e+00 3.728814e-01 1.864407e-01
34962: 1.683333e+00 1.550000e+00 1.216667e+00 3.666667e-01 1.833333e-01
34962: 1.688525e+00 1.557377e+00 1.196721e+00 3.770492e-01 1.803279e-01
34962: 1.709677e+00 1.548387e+00 1.193548e+00 3.709677e-01 1.774194e-01
34962: 1.698413e+00 1.571429e+00 1.174603e+00 3.809524e-01 1.746032e-01
34962: 1.703125e+00 1.546875e+00 1.187500e+00 3.906250e-01 1.718750e-01
34962: 1.707692e+00 1.553846e+00 1.169231e+00 4.000000e-01 1.692308e-01
34962: 1.696970e+00 1.545455e+00 1.181818e+00 4.090909e-01 1.666667e-01
34962: 1.716418e+00 1.552239e+00 1.164179e+00 4.029851e-01 1.641791e-01
34962: 1.705882e+00 1.544118e+00 1.191176e+00 3.970588e-01 1.617647e-01
34962: 1.695652e+00 1.536232e+00 1.202899e+00 3.913043e-01 1.739130e-01
34962: 1.700000e+00 1.557143e+00 1.185714e+00 3.857143e-01 1.714286e-01
34962: 1.676056e+00 1.577465e+00 1.197183e+00 3.802817e-01 1.690141e-01
34962: 1.680556e+00 1.569444e+00 1.208333e+00 3.750000e-01 1.666667e-01
34962: 1.671233e+00 1.575342e+00 1.219178e+00 3.698630e-01 1.643836e-01
34962: 1.662162e+00 1.581081e+00 1.229730e+00 3.648649e-01 1.621622e-01
34962: 1.680000e+00 1.573333e+00 1.226667e+00 3.600000e-01 1.600000e-01
34962: 1.671053e+00 1.578947e+00 1.236842e+00 3.552632e-01 1.578947e-01
34962: 1.701299e+00 1.558442e+00 1.233766e+00 3.506494e-01 1.558442e-01
34962: 1.679487e+00 1.564103e+00 1.243590e+00 3.461538e-01 1.666667e-01
34962: 1.696203e+00 1.569620e+00 1.227848e+00 3.417722e-01 1.645570e-01
34962: 1.687500e+00 1.575000e+00 1.237500e+00 3.375000e-01 1.625000e-01
34962: 1.716049e+00 1.555556e+00 1.234568e+00 3.333333e-01 1.604938e-01
34962: 1.731707e+00 1.560976e+00 1.219512e+00 3.292683e-01 1.585366e-01
34962: 1.734940e+00 1.566265e+00 1.216867e+00 3.253012e-01 1.566265e-01
34962: 1.738095e+00 1.559524e+00 1.214286e+00 3.333333e-01 1.547619e-01
34962: 1.741176e+00 1.564706e+00 1.200000e+00 3.294118e-01 1.647059e-01
34962: 1.732558e+00 1.558140e+00 1.209302e+00 3.372093e-01 1.627907e-01
34962: 1.735632e+00 1.563218e+00 1.206897e+00 3.333333e-01 1.609195e-01
34962: 1.738636e+00 1.568182e+00 1.204545e+00 3.295455e-01 1.590909e-01
34962: 1.719101e+00 1.573034e+00 1.224719e+00 3.258427e-01 1.573034e-01
34962: 1.711111e+00 1.555556e+00 1.244444e+00 3.222222e-01 1.666667e-01
34962: 1.714286e+00 1.571429e+00 1.230769e+00 3.186813e-01 1.648352e-01
34962: 1.717391e+00 1.565217e+00 1.239130e+00 3.152174e-01 1.630435e-01
34962: 1.709677e+00 1.569892e+00 1.225806e+00 3.225806e-01 1.720430e-01
34962: 1.702128e+00 1.574468e+00 1.223404e+00 3.297872e-01 1.702128e-01
34962: 1.705263e+00 1.557895e+00 1.242105e+00 3.263158e-01 1.684211e-01
34962: 1.687500e+00 1.572917e+00 1.250000e+00 3.229167e-01 1.666667e-01
34962: 1.680412e+00 1.556701e+00 1.278351e+00 3.195876e-01 1.649485e-01
34962: 1.673469e+00 1.561224e+00 1.275510e+00 3.265306e-01 1.632653e-01
34962: 1.666667e+00 1.565657e+00 1.272727e+00 3.333333e-01 1.616162e-01
34962: 1.670000e+00 1.570000e+00 1.260000e+00 3.400000e-01 1.600000e-01
34962: 1.663366e+00 1.554455e+00 1.267327e+00 3.465347e-01 1.683168e-01
34962: 1.656863e+00 1.558824e+00 1.274510e+00 3.431373e-01 1.666667e-01
34962: 1.660194e+00 1.563107e+00 1.271845e+00 3.398058e-01 1.650485e-01
34962: 1.644231e+00 1.567308e+00 1.278846e+00 3.365385e-01 1.730769e-01
34962: 1.647619e+00 1.571429e+00 1.266667e+00 3.428571e-01 1.714286e-01
34962: 1.641509e+00 1.566038e+00 1.283019e+00 3.396226e-01 1.698113e-01
34962: 1.644860e+00 1.570093e+00 1.271028e+00 3.457944e-01 1.682243e-01
34962: 1.629630e+00 1.574074e+00 1.287037e+00 3.425926e-01 1.666667e-01
34962: 1.633028e+00 1.568807e+00 1.293578e+00 3.394495e-01 1.651376e-01
34962: 1.627273e+00 1.581818e+00 1.290909e+00 3.363636e-01 1.636364e-01
34962: 1.621622e+00 1.576577e+00 1.306306e+00 3.333333e-01 1.621622e-01
34962: 1.642857e+00 1.562500e+00 1.303571e+00 3.303571e-01 1.607143e-01
34962: 1.637168e+00 1.584071e+00 1.292035e+00 3.274336e-01 1.592920e-01
34962: 1.649123e+00 1.570175e+00 1.298246e+00 3.245614e-01 1.578947e-01
34962: 1.652174e+00 1.573913e+00 1.295652e+00 3.217391e-01 1.565217e-01
34962: 1.637931e+00 1.560345e+00 1.327586e+00 3.189655e-01 1.551724e-01
34962: 1.641026e+00 1.572650e+00 1.316239e+00 3.162393e-01 1.538462e-01
34962: 1.635593e+00 1.559322e+00 1.330508e+00 3.220339e-01 1.525424e-01
34962: 1.638655e+00 1.554622e+00 1.327731e+00 3.277311e-01 1.512605e-01
34962: 1.625000e+00 1.566667e+00 1.325000e+00 3.250000e-01 1.583333e-01
34962: 1.628099e+00 1.561983e+00 1.322314e+00 3.305785e-01 1.570248e-01
34962: 1.631148e+00 1.565574e+00 1.311475e+00 3.278689e-01 1.639344e-01
34962: 1.626016e+00 1.560976e+00 1.325203e+00 3.252033e-01 1.626016e-01
34962: 1.629032e+00 1.572581e+00 1.314516e+00 3.225806e-01 1.612903e-01
34962: 1.632000e+00 1.560000e+00 1.328000e+00 3.200000e-01 1.600000e-01
34962: 1.626984e+00 1.571429e+00 1.317460e+00 3.253968e-01 1.587302e-01
34962: 1.637795e+00 1.566929e+00 1.314961e+00 3.228346e-01 1.574803e-01
34962: 1.632812e+00 1.570312e+00 1.320312e+00 3.203125e-01 1.562500e-01
34962: 1.635659e+00 1.565891e+00 1.317829e+00 3.255814e-01 1.550388e-01
34962: 1.630769e+00 1.576923e+00 1.315385e+00 3.230769e-01 1.538462e-01
34962: 1.633588e+00 1.564885e+00 1.320611e+00 3.282443e-01 1.526718e-01
34962: 1.628788e+00 1.568182e+00 1.325758e+00 3.257576e-01 1.515152e-01
34962: 1.631579e+00 1.571429e+00 1.323308e+00 3.233083e-01 1.503759e-01
34962: 1.626866e+00 1.567164e+00 1.328358e+00 3.208955e-01 1.567164e-01
34962: 1.644444e+00 1.562963e+00 1.318519e+00 3.185185e-01 1.555556e-01
34962: 1.647059e+00 1.566176e+00 1.308824e+00 3.161765e-01 1.617647e-01
34962: 1.635036e+00 1.569343e+00 1.321168e+00 3.138686e-01 1.605839e-01
34962: 1.644928e+00 1.572464e+00 1.311594e+00 3.115942e-01 1.594203e-01
34962: 1.633094e+00 1.575540e+00 1.316547e+00 3.165468e-01 1.582734e-01
34962: 1.635714e+00 1.564286e+00 1.328571e+00 3.142857e-01 1.571429e-01
34962: 1.645390e+00 1.567376e+00 1.319149e+00 3.120567e-01 1.560284e-01
34962: 1.640845e+00 1.563380e+00 1.323944e+00 3.169014e-01 1.549296e-01
34962: 1.636364e+00 1.566434e+00 1.321678e+00 3.216783e-01 1.538462e-01
34962: 1.645833e+00 1.562500e+00 1.312500e+00 3.263889e-01 1.527778e-01
34962: 1.634483e+00 1.579310e+00 1.310345e+00 3.241379e-01 1.517241e-01
34962: 1.636986e+00 1.582192e+00 1.308219e+00 3.219178e-01 1.506849e-01
34962: 1.625850e+00 1.585034e+00 1.319728e+00 3.197279e-01 1.496599e-01
34962: 1.641892e+00 1.574324e+00 1.317568e+00 3.175676e-01 1.486486e-01
34962: 1.637584e+00 1.577181e+00 1.315436e+00 3.221477e-01 1.476510e-01
34962: 1.633333e+00 1.580000e+00 1.320000e+00 3.200000e-01 1.466667e-01
34962: 1.635762e+00 1.576159e+00 1.317881e+00 3.245033e-01 1.456954e-01
34962: 1.625000e+00 1.578947e+00 1.322368e+00 3.289474e-01 1.447368e-01
34962: 1.627451e+00 1.575163e+00 1.326797e+00 3.267974e-01 1.437908e-01
34962: 1.623377e+00 1.571429e+00 1.331169e+00 3.246753e-01 1.493506e-01
34962: 1.619355e+00 1.574194e+00 1.335484e+00 3.225806e-01 1.483871e-01
34962: 1.621795e+00 1.564103e+00 1.339744e+00 3.269231e-01 1.474359e-01
34962: 1.611465e+00 1.579618e+00 1.337580e+00 3.248408e-01 1.464968e-01
34962: 1.613924e+00 1.575949e+00 1.341772e+00 3.227848e-01 1.455696e-01
34962: 1.603774e+00 1.584906e+00 1.339623e+00 3.270440e-01 1.446541e-01
34962: 1.612500e+00 1.575000e+00 1.343750e+00 3.250000e-01 1.437500e-01
34962: 1.608696e+00 1.577640e+00 1.347826e+00 3.229814e-01 1.428571e-01
34962: 1.617284e+00 1.574074e+00 1.345679e+00 3.209877e-01 1.419753e-01
34962: 1.619632e+00 1.570552e+00 1.343558e+00 3.190184e-01 1.472393e-01
34962: 1.609756e+00 1.567073e+00 1.353659e+00 3.231707e-01 1.463415e-01
34962: 1.612121e+00 1.569697e+00 1.351515e+00 3.212121e-01 1.454545e-01
34962: 1.608434e+00 1.578313e+00 1.349398e+00 3.192771e-01 1.445783e-01
34962: 1.616766e+00 1.574850e+00 1.347305e+00 3.173653e-01 1.437126e-01
34962: 1.607143e+00 1.577381e+00 1.357143e+00 3.154762e-01 1.428571e-01
34962: 1.603550e+00 1.579882e+00 1.360947e+00 3.136095e-01 1.420118e-01
34962: 1.611765e+00 1.570588e+00 1.364706e+00 3.117647e-01 1.411765e-01
34962: 1.608187e+00 1.573099e+00 1.362573e+00 3.157895e-01 1.403509e-01
34962: 1.610465e+00 1.563953e+00 1.372093e+00 3.139535e-01 1.395349e-01
34962: 1.612717e+00 1.566474e+00 1.369942e+00 3.121387e-01 1.387283e-01
34962: 1.609195e+00 1.563218e+00 1.373563e+00 3.160920e-01 1.379310e-01
34962: 1.605714e+00 1.571429e+00 1.365714e+00 3.142857e-01 1.428571e-01
34962: 1.607955e+00 1.568182e+00 1.363636e+00 3.181818e-01 1.420455e-01
34962: 1.604520e+00 1.576271e+00 1.355932e+00 3.220339e-01 1.412429e-01
34962: 1.612360e+00 1.567416e+00 1.359551e+00 3.202247e-01 1.404494e-01
34962: 1.614525e+00 1.575419e+00 1.351955e+00 3.184358e-01 1.396648e-01
34962: 1.605556e+00 1.566667e+00 1.366667e+00 3.222222e-01 1.388889e-01
34962: 1.613260e+00 1.563536e+00 1.364641e+00 3.204420e-01 1.381215e-01
34962: 1.609890e+00 1.576923e+00 1.357143e+00 3.186813e-01 1.373626e-01
34962: 1.606557e+00 1.573770e+00 1.360656e+00 3.169399e-01 1.420765e-01
34962: 1.608696e+00 1.570652e+00 1.364130e+00 3.152174e-01 1.413043e-01
34962: 1.605405e+00 1.567568e+00 1.362162e+00 3.243243e-01 1.405405e-01
34962: 1.612903e+00 1.564516e+00 1.360215e+00 3.225806e-01 1.397849e-01
34962: 1.609626e+00 1.572193e+00 1.358289e+00 3.208556e-01 1.390374e-01
34962: 1.617021e+00 1.569149e+00 1.356383e+00 3.191489e-01 1.382979e-01
34962: 1.624339e+00 1.571429e+00 1.349206e+00 3.174603e-01 1.375661e-01
34962: 1.626316e+00 1.568421e+00 1.352632e+00 3.157895e-01 1.368421e-01
34962: 1.623037e+00 1.570681e+00 1.350785e+00 3.193717e-01 1.361257e-01
34962: 1.625000e+00 1.567708e+00 1.354167e+00 3.177083e-01 1.354167e-01
34962: 1.616580e+00 1.569948e+00 1.352332e+00 3.264249e-01 1.347150e-01
34962: 1.618557e+00 1.572165e+00 1.350515e+00 3.247423e-01 1.340206e-01
34962: 1.610256e+00 1.569231e+00 1.358974e+00 3.282051e-01 1.333333e-01
34962: 1.612245e+00 1.571429e+00 1.352041e+00 3.265306e-01 1.377551e-01
34962: 1.604061e+00 1.573604e+00 1.360406e+00 3.248731e-01 1.370558e-01
34962: 1.611111e+00 1.565657e+00 1.363636e+00 3.232323e-01 1.363636e-01
34962: 1.613065e+00 1.572864e+00 1.356784e+00 3.216080e-01 1.356784e-01
34962: 1.615000e+00 1.570000e+00 1.360000e+00 3.200000e-01 1.350000e-01
34962: 1.621891e+00 1.567164e+00 1.358209e+00 3.184080e-01 1.343284e-01
34962: 1.623762e+00 1.574257e+00 1.351485e+00 3.168317e-01 1.336634e-01
34962: 1.620690e+00 1.571429e+00 1.354680e+00 3.152709e-01 1.379310e-01
34962: 1.617647e+00 1.568627e+00 1.352941e+00 3.186275e-01 1.421569e-01
34962: 1.624390e+00 1.565854e+00 1.346341e+00 3.219512e-01 1.414634e-01
34962: 1.621359e+00 1.567961e+00 1.349515e+00 3.203883e-01 1.407767e-01
34962: 1.632850e+00 1.565217e+00 1.342995e+00 3.188406e-01 1.400966e-01
34962: 1.639423e+00 1.567308e+00 1.336538e+00 3.173077e-01 1.394231e-01
34962: 1.631579e+00 1.564593e+00 1.344498e+00 3.205742e-01 1.387560e-01
34962: 1.633333e+00 1.566667e+00 1.338095e+00 3.238095e-01 1.380952e-01
34962: 1.630332e+00 1.563981e+00 1.345972e+00 3.222749e-01 1.374408e-01
34962: 1.632075e+00 1.570755e+00 1.339623e+00 3.207547e-01 1.367925e-01
34962: 1.629108e+00 1.568075e+00 1.342723e+00 3.239437e-01 1.361502e-01
34962: 1.630841e+00 1.565421e+00 1.345794e+00 3.224299e-01 1.355140e-01
34962: 1.632558e+00 1.567442e+00 1.344186e+00 3.209302e-01 1.348837e-01
34962: 1.625000e+00 1.574074e+00 1.347222e+00 3.194444e-01 1.342593e-01
34962: 1.622120e+00 1.566820e+00 1.354839e+00 3.225806e-01 1.336406e-01
34962: 1.619266e+00 1.568807e+00 1.357798e+00 3.211009e-01 1.330275e-01
34962: 1.621005e+00 1.570776e+00 1.356164e+00 3.196347e-01 1.324201e-01
34962: 1.618182e+00 1.568182e+00 1.363636e+00 3.181818e-01 1.318182e-01
34962: 1.624434e+00 1.570136e+00 1.357466e+00 3.167421e-01 1.312217e-01
34962: 1.626126e+00 1.563063e+00 1.364865e+00 3.153153e-01 1.306306e-01
34962: 1.627803e+00 1.565022e+00 1.358744e+00 3.139013e-01 1.345291e-01
34962: 1.625000e+00 1.562500e+00 1.361607e+00 3.125000e-01 1.383929e-01
34962: 1.631111e+00 1.564444e+00 1.355556e+00 3.111111e-01 1.377778e-01
34962: 1.628319e+00 1.561947e+00 1.358407e+00 3.097345e-01 1.415929e-01
34962: 1.629956e+00 1.563877e+00 1.356828e+00 3.083700e-01 1.409692e-01
34962: 1.622807e+00 1.565789e+00 1.359649e+00 3.070175e-01 1.447368e-01
34962: 1.620087e+00 1.572052e+00 1.358079e+00 3.056769e-01 1.441048e-01
34962: 1.621739e+00 1.565217e+00 1.365217e+00 3.043478e-01 1.434783e-01
34962: 1.614719e+00 1.580087e+00 1.359307e+00 3.030303e-01 1.428571e-01
34962: 1.620690e+00 1.573276e+00 1.357759e+00 3.017241e-01 1.465517e-01
34962: 1.613734e+00 1.570815e+00 1.364807e+00 3.047210e-01 1.459227e-01
34962: 1.615385e+00 1.564103e+00 1.367521e+00 3.076923e-01 1.452991e-01
34962: 1.612766e+00 1.574468e+00 1.361702e+00 3.063830e-01 1.446809e-01
34962: 1.614407e+00 1.572034e+00 1.364407e+00 3.050847e-01 1.440678e-01
34962: 1.611814e+00 1.573840e+00 1.367089e+00 3.037975e-01 1.434599e-01
34962: 1.617647e+00 1.567227e+00 1.365546e+00 3.025210e-01 1.470588e-01
34962: 1.619247e+00 1.569038e+00 1.359833e+00 3.012552e-01 1.506276e-01
34962: 1.620833e+00 1.566667e+00 1.362500e+00 3.000000e-01 1.500000e-01
34962: 1.614108e+00 1.576763e+00 1.360996e+00 2.987552e-01 1.493776e-01
34962: 1.615702e+00 1.570248e+00 1.359504e+00 2.975207e-01 1.570248e-01
34962: 1.613169e+00 1.572016e+00 1.358025e+00 3.004115e-01 1.563786e-01
34962: 1.614754e+00 1.569672e+00 1.356557e+00 2.991803e-01 1.598361e-01
34962: 1.616327e+00 1.571429e+00 1.351020e+00 3.020408e-01 1.591837e-01
34962: 1.617886e+00 1.569106e+00 1.353659e+00 3.008130e-01 1.585366e-01
34962: 1.615385e+00 1.578947e+00 1.348178e+00 2.995951e-01 1.578947e-01
34962: 1.625000e+00 1.572581e+00 1.346774e+00 2.983871e-01 1.572581e-01
34962: 1.626506e+00 1.570281e+00 1.349398e+00 2.971888e-01 1.566265e-01
34962: 1.624000e+00 1.576000e+00 1.348000e+00 2.960000e-01 1.560000e-01
34962: 1.621514e+00 1.569721e+00 1.354582e+00 2.988048e-01 1.553785e-01
34962: 1.619048e+00 1.571429e+00 1.353175e+00 3.015873e-01 1.547619e-01
34962: 1.624506e+00 1.565217e+00 1.355731e+00 3.003953e-01 1.541502e-01
34962: 1.622047e+00 1.570866e+00 1.354331e+00 2.992126e-01 1.535433e-01
34962: 1.619608e+00 1.568627e+00 1.360784e+00 2.980392e-01 1.529412e-01
34962: 1.621094e+00 1.566406e+00 1.355469e+00 3.046875e-01 1.523438e-01
34962: 1.622568e+00 1.568093e+00 1.354086e+00 3.035019e-01 1.517510e-01
34962: 1.616279e+00 1.577519e+00 1.352713e+00 3.023256e-01 1.511628e-01
34962: 1.617761e+00 1.575290e+00 1.355212e+00 3.011583e-01 1.505792e-01
34962: 1.619231e+00 1.573077e+00 1.357692e+00 3.000000e-01 1.500000e-01
34962: 1.613027e+00 1.570881e+00 1.363985e+00 3.026820e-01 1.494253e-01
34962: 1.614504e+00 1.568702e+00 1.366412e+00 3.015267e-01 1.488550e-01
34962: 1.612167e+00 1.570342e+00 1.361217e+00 3.079848e-01 1.482890e-01
34962: 1.621212e+00 1.564394e+00 1.359848e+00 3.068182e-01 1.477273e-01
34962: 1.622642e+00 1.566038e+00 1.354717e+00 3.094340e-01 1.471698e-01
34962: 1.620301e+00 1.563910e+00 1.357143e+00 3.082707e-01 1.503759e-01
34962: 1.621723e+00 1.565543e+00 1.355805e+00 3.071161e-01 1.498127e-01
34962: 1.623134e+00 1.563433e+00 1.358209e+00 3.059701e-01 1.492537e-01
34962: 1.620818e+00 1.565056e+00 1.360595e+00 3.048327e-01 1.486989e-01
34962: 1.622222e+00 1.562963e+00 1.362963e+00 3.037037e-01 1.481481e-01
34962: 1.623616e+00 1.564576e+00 1.357934e+00 3.025830e-01 1.512915e-01
34962: 1.621324e+00 1.562500e+00 1.360294e+00 3.051471e-01 1.507353e-01
34962: 1.622711e+00 1.560440e+00 1.362637e+00 3.040293e-01 1.501832e-01
34962: 1.620438e+00 1.562044e+00 1.361314e+00 3.065693e-01 1.496350e-01
34962: 1.621818e+00 1.563636e+00 1.360000e+00 3.054545e-01 1.490909e-01
34962: 1.619565e+00 1.561594e+00 1.362319e+00 3.079710e-01 1.485507e-01
34962: 1.620939e+00 1.563177e+00 1.361011e+00 3.068592e-01 1.480144e-01
34962: 1.615108e+00 1.564748e+00 1.366906e+00 3.057554e-01 1.474820e-01
34962: 1.616487e+00 1.566308e+00 1.362007e+00 3.046595e-01 1.505376e-01
34962: 1.610714e+00 1.564286e+00 1.367857e+00 3.071429e-01 1.500000e-01
34962: 1.615658e+00 1.565836e+00 1.362989e+00 3.060498e-01 1.494662e-01
34962: 1.613475e+00 1.567376e+00 1.361702e+00 3.085106e-01 1.489362e-01
34962: 1.618375e+00 1.565371e+00 1.360424e+00 3.074205e-01 1.484099e-01
34962: 1.616197e+00 1.570423e+00 1.355634e+00 3.098592e-01 1.478873e-01
34962: 1.617544e+00 1.568421e+00 1.357895e+00 3.087719e-01 1.473684e-01
34962: 1.615385e+00 1.569930e+00 1.360140e+00 3.076923e-01 1.468531e-01
34962: 1.623693e+00 1.567944e+00 1.355401e+00 3.066202e-01 1.463415e-01
34962: 1.618056e+00 1.572917e+00 1.354167e+00 3.055556e-01 1.493056e-01
34962: 1.615917e+00 1.570934e+00 1.359862e+00 3.044983e-01 1.487889e-01
34962: 1.620690e+00 1.568966e+00 1.358621e+00 3.034483e-01 1.482759e-01
34962: 1.625430e+00 1.570447e+00 1.353952e+00 3.024055e-01 1.477663e-01
34962: 1.623288e+00 1.568493e+00 1.356164e+00 3.047945e-01 1.472603e-01
34962: 1.621160e+00 1.573379e+00 1.351536e+00 3.071672e-01 1.467577e-01
34962: 1.625850e+00 1.568027e+00 1.353741e+00 3.061224e-01 1.462585e-01
34962: 1.623729e+00 1.569492e+00 1.352542e+00 3.084746e-01 1.457627e-01
34962: 1.628378e+00 1.567568e+00 1.347973e+00 3.074324e-01 1.486486e-01
34962: 1.626263e+00 1.572391e+00 1.343434e+00 3.063973e-01 1.515152e-01
34962: 1.627517e+00 1.567114e+00 1.345638e+00 3.087248e-01 1.510067e-01
34962: 1.625418e+00 1.575251e+00 1.341137e+00 3.076923e-01 1.505017e-01
34962: 1.623333e+00 1.573333e+00 1.346667e+00 3.066667e-01 1.500000e-01
34962: 1.621262e+00 1.574751e+00 1.345515e+00 3.089701e-01 1.495017e-01
34962: 1.622517e+00 1.569536e+00 1.350993e+00 3.079470e-01 1.490066e-01
34962: 1.623762e+00 1.570957e+00 1.346535e+00 3.069307e-01 1.518152e-01
34962: 1.621711e+00 1.569079e+00 1.348684e+00 3.092105e-01 1.513158e-01
34962: 1.622951e+00 1.570492e+00 1.347541e+00 3.081967e-01 1.508197e-01
34962: 1.620915e+00 1.565359e+00 1.356209e+00 3.071895e-01 1.503268e-01
34962: 1.618893e+00 1.570033e+00 1.355049e+00 3.061889e-01 1.498371e-01
34962: 1.623377e+00 1.564935e+00 1.353896e+00 3.051948e-01 1.525974e-01
34962: 1.624595e+00 1.566343e+00 1.352751e+00 3.042071e-01 1.521036e-01
34962: 1.622581e+00 1.564516e+00 1.354839e+00 3.064516e-01 1.516129e-01
34962: 1.623794e+00 1.565916e+00 1.353698e+00 3.054662e-01 1.511254e-01
34962: 1.621795e+00 1.564103e+00 1.355769e+00 3.076923e-01 1.506410e-01
34962: 1.623003e+00 1.562300e+00 1.357827e+00 3.067093e-01 1.501597e-01
34962: 1.621019e+00 1.563694e+00 1.359873e+00 3.057325e-01 1.496815e-01
34962: 1.622222e+00 1.561905e+00 1.358730e+00 3.047619e-01 1.523810e-01
34962: 1.623418e+00 1.566456e+00 1.354430e+00 3.037975e-01 1.518987e-01
34962: 1.621451e+00 1.564669e+00 1.356467e+00 3.028391e-01 1.545741e-01
34962: 1.622642e+00 1.569182e+00 1.352201e+00 3.018868e-01 1.540881e-01
34962: 1.620690e+00 1.573668e+00 1.351097e+00 3.009404e-01 1.536050e-01
34962: 1.618750e+00 1.575000e+00 1.353125e+00 3.000000e-01 1.531250e-01
34962: 1.623053e+00 1.573209e+00 1.352025e+00 2.990654e-01 1.526480e-01
34962: 1.621118e+00 1.571429e+00 1.350932e+00 3.043478e-01 1.521739e-01
34962: 1.622291e+00 1.569659e+00 1.352941e+00 3.034056e-01 1.517028e-01
34962: 1.626543e+00 1.570988e+00 1.348765e+00 3.024691e-01 1.512346e-01
34962: 1.624615e+00 1.572308e+00 1.350769e+00 3.015385e-01 1.507692e-01
34962: 1.625767e+00 1.570552e+00 1.352761e+00 3.006135e-01 1.503067e-01
34962: 1.626911e+00 1.571865e+00 1.351682e+00 2.996942e-01 1.498471e-01
34962: 1.621951e+00 1.567073e+00 1.362805e+00 2.987805e-01 1.493902e-01
34962: 1.623100e+00 1.565350e+00 1.364742e+00 2.978723e-01 1.489362e-01
34962: 1.621212e+00 1.569697e+00 1.363636e+00 2.969697e-01 1.484848e-01
34962: 1.619335e+00 1.567976e+00 1.368580e+00 2.960725e-01 1.480363e-01
34962: 1.623494e+00 1.569277e+00 1.364458e+00 2.951807e-01 1.475904e-01
34962: 1.624625e+00 1.567568e+00 1.363363e+00 2.942943e-01 1.501502e-01
34962: 1.625749e+00 1.568862e+00 1.359281e+00 2.964072e-01 1.497006e-01
34962: 1.623881e+00 1.567164e+00 1.361194e+00 2.985075e-01 1.492537e-01
34962: 1.622024e+00 1.568452e+00 1.357143e+00 3.005952e-01 1.517857e-01
34962: 1.623145e+00 1.569733e+00 1.356083e+00 2.997033e-01 1.513353e-01
34962: 1.624260e+00 1.571006e+00 1.355030e+00 2.988166e-01 1.508876e-01
34962: 1.619469e+00 1.569322e+00 1.359882e+00 3.008850e-01 1.504425e-01
34962: 1.620588e+00 1.567647e+00 1.358824e+00 3.029412e-01 1.500000e-01
34962: 1.615836e+00 1.568915e+00 1.357771e+00 3.049853e-01 1.524927e-01
34962: 1.614035e+00 1.570175e+00 1.356725e+00 3.070175e-01 1.520468e-01
34962: 1.615160e+00 1.565598e+00 1.361516e+00 3.061224e-01 1.516035e-01
34962: 1.610465e+00 1.572674e+00 1.360465e+00 3.052326e-01 1.511628e-01
34962: 1.611594e+00 1.571014e+00 1.362319e+00 3.043478e-01 1.507246e-01
34962: 1.606936e+00 1.575145e+00 1.364162e+00 3.034682e-01 1.502890e-01
34962: 1.608069e+00 1.570605e+00 1.363112e+00 3.054755e-01 1.527378e-01
34962: 1.606322e+00 1.571839e+00 1.362069e+00 3.045977e-01 1.551724e-01
34962: 1.610315e+00 1.567335e+00 1.361032e+00 3.065903e-01 1.547278e-01
34962: 1.611429e+00 1.568571e+00 1.357143e+00 3.085714e-01 1.542857e-01
34962: 1.609687e+00 1.569801e+00 1.356125e+00 3.076923e-01 1.566952e-01
34962: 1.607955e+00 1.568182e+00 1.357955e+00 3.096591e-01 1.562500e-01
34962: 1.609065e+00 1.566572e+00 1.356941e+00 3.116147e-01 1.558074e-01
34962: 1.604520e+00 1.567797e+00 1.361582e+00 3.107345e-01 1.553672e-01
34962: 1.611268e+00 1.566197e+00 1.357746e+00 3.098592e-01 1.549296e-01
34962: 1.609551e+00 1.573034e+00 1.353933e+00 3.089888e-01 1.544944e-01
34962: 1.610644e+00 1.568627e+00 1.352941e+00 3.137255e-01 1.540616e-01
34962: 1.606145e+00 1.572626e+00 1.354749e+00 3.128492e-01 1.536313e-01
34962: 1.612813e+00 1.568245e+00 1.353760e+00 3.119777e-01 1.532033e-01
34962: 1.613889e+00 1.569444e+00 1.350000e+00 3.138889e-01 1.527778e-01
34962: 1.612188e+00 1.567867e+00 1.351801e+00 3.130194e-01 1.551247e-01
34962: 1.610497e+00 1.574586e+00 1.348066e+00 3.121547e-01 1.546961e-01
34962: 1.611570e+00 1.570248e+00 1.347107e+00 3.168044e-01 1.542700e-01
34962: 1.609890e+00 1.571429e+00 1.346154e+00 3.186813e-01 1.538462e-01
34962: 1.610959e+00 1.569863e+00 1.345205e+00 3.205479e-01 1.534247e-01
34962: 1.609290e+00 1.571038e+00 1.344262e+00 3.196721e-01 1.557377e-01
34962: 1.613079e+00 1.569482e+00 1.343324e+00 3.188011e-01 1.553134e-01
34962: 1.611413e+00 1.576087e+00 1.339674e+00 3.179348e-01 1.548913e-01
34962: 1.615176e+00 1.574526e+00 1.338753e+00 3.170732e-01 1.544715e-01
34962: 1.613514e+00 1.572973e+00 1.337838e+00 3.162162e-01 1.594595e-01
34962: 1.614555e+00 1.571429e+00 1.339623e+00 3.153639e-01 1.590296e-01
34962: 1.612903e+00 1.572581e+00 1.341398e+00 3.145161e-01 1.586022e-01
34962: 1.611260e+00 1.568365e+00 1.345845e+00 3.163539e-01 1.581769e-01
34962: 1.612299e+00 1.569519e+00 1.342246e+00 3.181818e-01 1.577540e-01
34962: 1.613333e+00 1.570667e+00 1.341333e+00 3.173333e-01 1.573333e-01
34962: 1.611702e+00 1.571809e+00 1.343085e+00 3.164894e-01 1.569149e-01
34962: 1.615385e+00 1.567639e+00 1.342175e+00 3.183024e-01 1.564987e-01
34962: 1.613757e+00 1.568783e+00 1.343915e+00 3.174603e-01 1.560847e-01
34962: 1.614776e+00 1.567282e+00 1.340369e+00 3.218997e-01 1.556728e-01
34962: 1.613158e+00 1.573684e+00 1.336842e+00 3.210526e-01 1.552632e-01
34962: 1.616798e+00 1.569554e+00 1.335958e+00 3.228346e-01 1.548556e-01
34962: 1.615183e+00 1.570681e+00 1.335079e+00 3.246073e-01 1.544503e-01
34962: 1.613577e+00 1.566580e+00 1.342037e+00 3.237598e-01 1.540470e-01
34962: 1.617188e+00 1.565104e+00 1.338542e+00 3.255208e-01 1.536458e-01
34962: 1.615584e+00 1.568831e+00 1.335065e+00 3.246753e-01 1.558442e-01
34962: 1.616580e+00 1.569948e+00 1.334197e+00 3.238342e-01 1.554404e-01
34962: 1.614987e+00 1.568475e+00 1.338501e+00 3.229974e-01 1.550388e-01
34962: 1.615979e+00 1.569588e+00 1.337629e+00 3.221649e-01 1.546392e-01
34962: 1.611825e+00 1.573265e+00 1.339332e+00 3.213368e-01 1.542416e-01
34962: 1.612821e+00 1.569231e+00 1.341026e+00 3.205128e-01 1.564103e-01
34962: 1.611253e+00 1.570332e+00 1.340153e+00 3.222506e-01 1.560102e-01
34962: 1.612245e+00 1.568878e+00 1.341837e+00 3.214286e-01 1.556122e-01
34962: 1.608142e+00 1.569975e+00 1.346056e+00 3.206107e-01 1.552163e-01
34962: 1.614213e+00 1.568528e+00 1.342640e+00 3.197970e-01 1.548223e-01
34962: 1.612658e+00 1.574684e+00 1.339241e+00 3.189873e-01 1.544304e-01
34962: 1.613636e+00 1.570707e+00 1.340909e+00 3.207071e-01 1.540404e-01
34962: 1.614610e+00 1.569270e+00 1.340050e+00 3.224181e-01 1.536524e-01
34962: 1.615578e+00 1.570352e+00 1.339196e+00 3.216080e-01 1.532663e-01
34962: 1.616541e+00 1.566416e+00 1.343358e+00 3.208020e-01 1.528822e-01
34962: 1.617500e+00 1.570000e+00 1.340000e+00 3.200000e-01 1.525000e-01
34962: 1.618454e+00 1.568579e+00 1.341646e+00 3.192020e-01 1.521197e-01
34962: 1.616915e+00 1.569652e+00 1.343284e+00 3.184080e-01 1.517413e-01
34962: 1.617866e+00 1.568238e+00 1.342432e+00 3.176179e-01 1.538462e-01
34962: 1.616337e+00 1.571782e+00 1.341584e+00 3.168317e-01 1.534653e-01
34962: 1.619753e+00 1.570370e+00 1.340741e+00 3.160494e-01 1.530864e-01
34962: 1.618227e+00 1.571429e+00 1.339901e+00 3.177340e-01 1.527094e-01
34962: 1.621622e+00 1.567568e+00 1.341523e+00 3.169533e-01 1.523342e-01
34962: 1.622549e+00 1.568627e+00 1.338235e+00 3.161765e-01 1.544118e-01
34962: 1.621027e+00 1.569682e+00 1.339853e+00 3.154034e-01 1.540342e-01
34962: 1.621951e+00 1.570732e+00 1.336585e+00 3.170732e-01 1.536585e-01
34962: 1.620438e+00 1.569343e+00 1.340633e+00 3.163017e-01 1.532847e-01
34962: 1.621359e+00 1.570388e+00 1.339806e+00 3.155340e-01 1.529126e-01
34962: 1.617433e+00 1.569007e+00 1.343826e+00 3.171913e-01 1.525424e-01
34962: 1.615942e+00 1.572464e+00 1.342995e+00 3.164251e-01 1.521739e-01
34962: 1.616867e+00 1.571084e+00 1.344578e+00 3.156627e-01 1.518072e-01
34962: 1.612981e+00 1.572115e+00 1.346154e+00 3.149038e-01 1.538462e-01
34962: 1.611511e+00 1.575540e+00 1.345324e+00 3.141487e-01 1.534772e-01
34962: 1.612440e+00 1.576555e+00 1.344498e+00 3.133971e-01 1.531100e-01
34962: 1.610979e+00 1.572792e+00 1.350835e+00 3.126492e-01 1.527446e-01
34962: 1.611905e+00 1.571429e+00 1.350000e+00 3.119048e-01 1.547619e-01
34962: 1.608076e+00 1.570071e+00 1.356295e+00 3.111639e-01 1.543943e-01
34962: 1.606635e+00 1.568720e+00 1.357820e+00 3.104265e-01 1.563981e-01
34962: 1.607565e+00 1.569740e+00 1.354610e+00 3.096927e-01 1.583924e-01
34962: 1.606132e+00 1.570755e+00 1.353774e+00 3.113208e-01 1.580189e-01
34962: 1.609412e+00 1.567059e+00 1.355294e+00 3.105882e-01 1.576471e-01
34962: 1.607981e+00 1.568075e+00 1.356808e+00 3.098592e-01 1.572770e-01
34962: 1.611241e+00 1.566745e+00 1.355972e+00 3.091335e-01 1.569087e-01
34962: 1.612150e+00 1.567757e+00 1.352804e+00 3.107477e-01 1.565421e-01
34962: 1.608392e+00 1.568765e+00 1.356643e+00 3.100233e-01 1.561772e-01
34962: 1.609302e+00 1.572093e+00 1.353488e+00 3.093023e-01 1.558140e-01
34962: 1.610209e+00 1.568445e+00 1.354988e+00 3.085847e-01 1.577726e-01
34962: 1.608796e+00 1.571759e+00 1.354167e+00 3.078704e-01 1.574074e-01
34962: 1.612009e+00 1.568129e+00 1.353349e+00 3.071594e-01 1.593533e-01
34962: 1.610599e+00 1.571429e+00 1.350230e+00 3.064516e-01 1.612903e-01
34962: 1.616092e+00 1.567816e+00 1.349425e+00 3.057471e-01 1.609195e-01
34962: 1.616972e+00 1.568807e+00 1.348624e+00 3.050459e-01 1.605505e-01
34962: 1.615561e+00 1.572082e+00 1.347826e+00 3.043478e-01 1.601831e-01
34962: 1.618721e+00 1.568493e+00 1.349315e+00 3.036530e-01 1.598174e-01
34962: 1.617312e+00 1.574032e+00 1.346241e+00 3.029613e-01 1.594533e-01
34962: 1.618182e+00 1.570455e+00 1.345455e+00 3.045455e-01 1.613636e-01
34962: 1.619048e+00 1.569161e+00 1.344671e+00 3.038549e-01 1.632653e-01
34962: 1.617647e+00 1.574661e+00 1.341629e+00 3.031674e-01 1.628959e-01
34962: 1.620767e+00 1.571106e+00 1.343115e+00 3.024831e-01 1.625282e-01
34962: 1.619369e+00 1.574324e+00 1.342342e+00 3.018018e-01 1.621622e-01
34962: 1.620225e+00 1.573034e+00 1.343820e+00 3.011236e-01 1.617978e-01
34962: 1.618834e+00 1.573991e+00 1.343049e+00 3.026906e-01 1.614350e-01
34962: 1.617450e+00 1.572707e+00 1.344519e+00 3.042506e-01 1.610738e-01
34962: 1.616071e+00 1.573661e+00 1.345982e+00 3.035714e-01 1.607143e-01
34962: 1.616927e+00 1.574610e+00 1.345212e+00 3.028953e-01 1.603563e-01
34962: 1.613333e+00 1.573333e+00 1.348889e+00 3.044444e-01 1.600000e-01
34962: 1.614191e+00 1.572062e+00 1.350333e+00 3.037694e-01 1.596452e-01
34962: 1.612832e+00 1.573009e+00 1.351770e+00 3.030973e-01 1.592920e-01
34962: 1.611479e+00 1.569536e+00 1.355408e+00 3.046358e-01 1.589404e-01
34962: 1.610132e+00 1.572687e+00 1.352423e+00 3.061674e-01 1.585903e-01
34962: 1.610989e+00 1.569231e+00 1.353846e+00 3.076923e-01 1.582418e-01
34962: 1.609649e+00 1.570175e+00 1.353070e+00 3.092105e-01 1.578947e-01
34962: 1.610503e+00 1.566740e+00 1.356674e+00 3.085339e-01 1.575492e-01
34962: 1.606987e+00 1.569869e+00 1.355895e+00 3.100437e-01 1.572052e-01
34962: 1.605664e+00 1.572985e+00 1.355120e+00 3.093682e-01 1.568627e-01
34962: 1.604348e+00 1.573913e+00 1.354348e+00 3.108696e-01 1.565217e-01
34962: 1.603037e+00 1.572668e+00 1.355748e+00 3.123644e-01 1.561822e-01
34962: 1.603896e+00 1.569264e+00 1.357143e+00 3.138528e-01 1.558442e-01
34962: 1.602592e+00 1.572354e+00 1.356371e+00 3.131749e-01 1.555076e-01
34962: 1.605603e+00 1.571121e+00 1.355603e+00 3.125000e-01 1.551724e-01
34962: 1.606452e+00 1.572043e+00 1.354839e+00 3.118280e-01 1.548387e-01
34962: 1.603004e+00 1.570815e+00 1.358369e+00 3.111588e-01 1.566524e-01
34962: 1.605996e+00 1.569593e+00 1.357602e+00 3.104925e-01 1.563169e-01
34962: 1.604701e+00 1.572650e+00 1.356838e+00 3.098291e-01 1.559829e-01
34962: 1.607676e+00 1.569296e+00 1.356077e+00 3.113006e-01 1.556503e-01
34962: 1.608511e+00 1.572340e+00 1.353191e+00 3.106383e-01 1.553191e-01
34962: 1.605096e+00 1.573248e+00 1.356688e+00 3.099788e-01 1.549894e-01
34962: 1.605932e+00 1.572034e+00 1.355932e+00 3.114407e-01 1.546610e-01
34962: 1.604651e+00 1.570825e+00 1.357294e+00 3.128964e-01 1.543340e-01
34962: 1.607595e+00 1.567511e+00 1.358650e+00 3.122363e-01 1.540084e-01
34962: 1.606316e+00 1.568421e+00 1.360000e+00 3.115789e-01 1.536842e-01
34962: 1.607143e+00 1.571429e+00 1.357143e+00 3.109244e-01 1.533613e-01
34962: 1.607966e+00 1.570231e+00 1.358491e+00 3.102725e-01 1.530398e-01
34962: 1.608787e+00 1.569038e+00 1.359833e+00 3.096234e-01 1.527197e-01
34962: 1.607516e+00 1.569937e+00 1.359081e+00 3.110647e-01 1.524008e-01
34962: 1.608333e+00 1.570833e+00 1.356250e+00 3.125000e-01 1.520833e-01
34962: 1.604990e+00 1.573805e+00 1.357588e+00 3.118503e-01 1.517672e-01
34962: 1.607884e+00 1.572614e+00 1.356846e+00 3.112033e-01 1.514523e-01
34962: 1.604555e+00 1.573499e+00 1.360248e+00 3.105590e-01 1.511387e-01
34962: 1.605372e+00 1.572314e+00 1.361570e+00 3.099174e-01 1.508264e-01
34962: 1.608247e+00 1.571134e+00 1.360825e+00 3.092784e-01 1.505155e-01
34962: 1.606996e+00 1.569959e+00 1.362140e+00 3.106996e-01 1.502058e-01
34962: 1.609856e+00 1.568789e+00 1.361396e+00 3.100616e-01 1.498973e-01
34962: 1.606557e+00 1.575820e+00 1.358607e+00 3.094262e-01 1.495902e-01
34962: 1.609407e+00 1.572597e+00 1.357873e+00 3.108384e-01 1.492843e-01
34962: 1.608163e+00 1.573469e+00 1.359184e+00 3.102041e-01 1.489796e-01
34962: 1.610998e+00 1.572301e+00 1.358452e+00 3.095723e-01 1.486762e-01
34962: 1.609756e+00 1.571138e+00 1.359756e+00 3.089431e-01 1.504065e-01
34962: 1.608519e+00 1.572008e+00 1.361055e+00 3.083164e-01 1.501014e-01
34962: 1.607287e+00 1.570850e+00 1.362348e+00 3.097166e-01 1.497976e-01
34962: 1.608081e+00 1.569697e+00 1.361616e+00 3.090909e-01 1.515152e-01
34962: 1.606855e+00 1.574597e+00 1.358871e+00 3.084677e-01 1.512097e-01
34962: 1.607646e+00 1.571429e+00 1.360161e+00 3.098592e-01 1.509054e-01
34962: 1.606426e+00 1.572289e+00 1.361446e+00 3.092369e-01 1.506024e-01
34962: 1.609218e+00 1.569138e+00 1.362725e+00 3.086172e-01 1.503006e-01
34962: 1.610000e+00 1.570000e+00 1.362000e+00 3.080000e-01 1.500000e-01
34962: 1.608782e+00 1.568862e+00 1.363273e+00 3.073852e-01 1.516966e-01
34962: 1.609562e+00 1.569721e+00 1.362550e+00 3.067729e-01 1.513944e-01
34962: 1.610338e+00 1.570577e+00 1.361829e+00 3.061630e-01 1.510934e-01
34962: 1.611111e+00 1.567460e+00 1.363095e+00 3.075397e-01 1.507937e-01
34962: 1.611881e+00 1.570297e+00 1.360396e+00 3.069307e-01 1.504950e-01
34962: 1.610672e+00 1.569170e+00 1.361660e+00 3.083004e-01 1.501976e-01
34962: 1.613412e+00 1.568047e+00 1.360947e+00 3.076923e-01 1.499014e-01
34962: 1.614173e+00 1.570866e+00 1.358268e+00 3.070866e-01 1.496063e-01
34962: 1.614931e+00 1.567780e+00 1.361493e+00 3.064833e-01 1.493124e-01
34962: 1.611765e+00 1.570588e+00 1.358824e+00 3.098039e-01 1.490196e-01
34962: 1.612524e+00 1.569472e+00 1.358121e+00 3.111546e-01 1.487280e-01
34962: 1.613281e+00 1.570312e+00 1.355469e+00 3.125000e-01 1.484375e-01
34962: 1.615984e+00 1.567251e+00 1.356725e+00 3.118908e-01 1.481481e-01
34962: 1.612840e+00 1.571984e+00 1.356031e+00 3.112840e-01 1.478599e-01
34962: 1.613592e+00 1.568932e+00 1.357282e+00 3.126214e-01 1.475728e-01
34962: 1.614341e+00 1.571705e+00 1.354651e+00 3.120155e-01 1.472868e-01
34962: 1.613153e+00 1.568665e+00 1.359768e+00 3.114120e-01 1.470019e-01
34962: 1.613900e+00 1.567568e+00 1.361004e+00 3.108108e-01 1.467181e-01
34962: 1.614644e+00 1.570328e+00 1.358382e+00 3.102119e-01 1.464355e-01
34962: 1.615385e+00 1.567308e+00 1.359615e+00 3.115385e-01 1.461538e-01
34962: 1.616123e+00 1.568138e+00 1.358925e+00 3.109405e-01 1.458733e-01
34962: 1.613027e+00 1.568966e+00 1.362069e+00 3.103448e-01 1.455939e-01
34962: 1.615679e+00 1.567878e+00 1.361377e+00 3.097514e-01 1.453155e-01
34962: 1.614504e+00 1.570611e+00 1.358779e+00 3.110687e-01 1.450382e-01
34962: 1.615238e+00 1.571429e+00 1.358095e+00 3.104762e-01 1.447619e-01
34962: 1.612167e+00 1.572243e+00 1.361217e+00 3.098859e-01 1.444867e-01
34962: 1.614801e+00 1.569260e+00 1.360531e+00 3.111954e-01 1.442125e-01
34962: 1.613636e+00 1.571970e+00 1.357955e+00 3.106061e-01 1.458333e-01
34962: 1.614367e+00 1.572779e+00 1.357278e+00 3.100189e-01 1.455577e-01
34962: 1.613208e+00 1.573585e+00 1.358491e+00 3.094340e-01 1.452830e-01
34962: 1.615819e+00 1.570621e+00 1.359699e+00 3.088512e-01 1.450094e-01
34962: 1.616541e+00 1.569549e+00 1.359023e+00 3.101504e-01 1.447368e-01
34962: 1.613508e+00 1.572233e+00 1.358349e+00 3.114447e-01 1.444653e-01
34962: 1.614232e+00 1.573034e+00 1.357678e+00 3.108614e-01 1.441948e-01
34962: 1.613084e+00 1.571963e+00 1.358879e+00 3.121495e-01 1.439252e-01
34962: 1.615672e+00 1.570896e+00 1.358209e+00 3.115672e-01 1.436567e-01
34962: 1.614525e+00 1.573557e+00 1.357542e+00 3.109870e-01 1.433892e-01
34962: 1.615242e+00 1.572491e+00 1.356877e+00 3.122677e-01 1.431227e-01
34962: 1.614100e+00 1.571429e+00 1.358071e+00 3.135436e-01 1.428571e-01
34962: 1.616667e+00 1.568519e+00 1.357407e+00 3.148148e-01 1.425926e-01
34962: 1.615527e+00 1.569316e+00 1.358595e+00 3.142329e-01 1.423290e-01
34962: 1.616236e+00 1.568266e+00 1.357934e+00 3.154982e-01 1.420664e-01
34962: 1.615101e+00 1.570902e+00 1.357274e+00 3.149171e-01 1.418048e-01
34962: 1.615809e+00 1.568015e+00 1.356618e+00 3.161765e-01 1.433824e-01
34962: 1.614679e+00 1.570642e+00 1.355963e+00 3.155963e-01 1.431193e-01
34962: 1.619048e+00 1.567766e+00 1.355311e+00 3.150183e-01 1.428571e-01
34962: 1.617916e+00 1.568556e+00 1.356490e+00 3.144424e-01 1.425960e-01
34962: 1.616788e+00 1.571168e+00 1.355839e+00 3.138686e-01 1.423358e-01
34962: 1.617486e+00 1.571949e+00 1.355191e+00 3.132969e-01 1.420765e-01
34962: 1.614545e+00 1.574545e+00 1.356364e+00 3.127273e-01 1.418182e-01
34962: 1.617060e+00 1.573503e+00 1.355717e+00 3.121597e-01 1.415608e-01
34962: 1.615942e+00 1.572464e+00 1.355072e+00 3.152174e-01 1.413043e-01
34962: 1.616637e+00 1.571429e+00 1.356239e+00 3.146474e-01 1.410488e-01
34962: 1.613718e+00 1.574007e+00 1.357401e+00 3.140794e-01 1.407942e-01
34962: 1.614414e+00 1.572973e+00 1.358559e+00 3.135135e-01 1.405405e-01
34962: 1.613309e+00 1.575540e+00 1.357914e+00 3.129496e-01 1.402878e-01
34962: 1.615799e+00 1.572711e+00 1.357271e+00 3.141831e-01 1.400359e-01
34962: 1.614695e+00 1.571685e+00 1.358423e+00 3.154122e-01 1.397849e-01
34962: 1.613596e+00 1.572451e+00 1.357782e+00 3.166369e-01 1.395349e-01
34962: 1.614286e+00 1.571429e+00 1.357143e+00 3.160714e-01 1.410714e-01
34962: 1.611408e+00 1.573975e+00 1.358289e+00 3.155080e-01 1.408200e-01
34962: 1.612100e+00 1.571174e+00 1.361210e+00 3.149466e-01 1.405694e-01
34962: 1.611012e+00 1.571936e+00 1.362345e+00 3.143872e-01 1.403197e-01
34962: 1.611702e+00 1.570922e+00 1.361702e+00 3.156028e-01 1.400709e-01
34962: 1.612389e+00 1.569912e+00 1.362832e+00 3.150442e-01 1.398230e-01
34962: 1.613074e+00 1.570671e+00 1.362191e+00 3.144876e-01 1.395760e-01
34962: 1.611993e+00 1.569665e+00 1.365079e+00 3.139330e-01 1.393298e-01
34962: 1.614437e+00 1.568662e+00 1.362676e+00 3.151408e-01 1.390845e-01
34962: 1.615114e+00 1.569420e+00 1.362039e+00 3.145870e-01 1.388401e-01
34962: 1.614035e+00 1.570175e+00 1.363158e+00 3.140351e-01 1.385965e-01
34962: 1.614711e+00 1.570928e+00 1.362522e+00 3.134851e-01 1.383538e-01
34962: 1.613636e+00 1.569930e+00 1.365385e+00 3.129371e-01 1.381119e-01
34962: 1.614311e+00 1.570681e+00 1.363002e+00 3.141361e-01 1.378709e-01
34962: 1.614983e+00 1.567944e+00 1.365854e+00 3.135889e-01 1.376307e-01
34962: 1.612174e+00 1.570435e+00 1.366957e+00 3.130435e-01 1.373913e-01
34962: 1.616319e+00 1.567708e+00 1.366319e+00 3.125000e-01 1.371528e-01
34962: 1.615251e+00 1.571924e+00 1.363951e+00 3.119584e-01 1.369151e-01
34962: 1.615917e+00 1.569204e+00 1.366782e+00 3.114187e-01 1.366782e-01
34962: 1.613126e+00 1.573402e+00 1.366149e+00 3.108808e-01 1.364421e-01
34962: 1.612069e+00 1.572414e+00 1.365517e+00 3.137931e-01 1.362069e-01
34962: 1.612737e+00 1.571429e+00 1.364888e+00 3.149742e-01 1.359725e-01
34962: 1.615120e+00 1.570447e+00 1.364261e+00 3.144330e-01 1.357388e-01
34962: 1.614065e+00 1.569468e+00 1.367067e+00 3.138937e-01 1.355060e-01
34962: 1.614726e+00 1.570205e+00 1.366438e+00 3.133562e-01 1.352740e-01
34962: 1.613675e+00 1.569231e+00 1.369231e+00 3.128205e-01 1.350427e-01
34962: 1.612628e+00 1.569966e+00 1.370307e+00 3.122867e-01 1.348123e-01
34962: 1.611584e+00 1.570698e+00 1.369676e+00 3.134583e-01 1.345826e-01
34962: 1.610544e+00 1.569728e+00 1.369048e+00 3.163265e-01 1.343537e-01
34962: 1.611205e+00 1.570458e+00 1.368421e+00 3.157895e-01 1.341256e-01
34962: 1.611864e+00 1.569492e+00 1.369492e+00 3.152542e-01 1.338983e-01
34962: 1.610829e+00 1.571912e+00 1.367174e+00 3.164129e-01 1.336717e-01
34962: 1.609797e+00 1.569257e+00 1.369932e+00 3.175676e-01 1.334459e-01
34962: 1.608769e+00 1.571669e+00 1.367622e+00 3.187184e-01 1.332209e-01
34962: 1.607744e+00 1.570707e+00 1.367003e+00 3.215488e-01 1.329966e-01
34962: 1.608403e+00 1.569748e+00 1.366387e+00 3.226891e-01 1.327731e-01
34962: 1.607383e+00 1.573826e+00 1.364094e+00 3.221477e-01 1.325503e-01
34962: 1.608040e+00 1.572864e+00 1.363484e+00 3.232831e-01 1.323283e-01
34962: 1.607023e+00 1.573579e+00 1.364548e+00 3.227425e-01 1.321070e-01
34962: 1.607679e+00 1.570952e+00 1.367279e+00 3.222037e-01 1.318865e-01
34962: 1.605000e+00 1.573333e+00 1.366667e+00 3.233333e-01 1.316667e-01
34962: 1.607321e+00 1.572379e+00 1.366057e+00 3.227953e-01 1.314476e-01
34962: 1.606312e+00 1.574751e+00 1.365449e+00 3.222591e-01 1.312292e-01
34962: 1.606965e+00 1.573798e+00 1.364842e+00 3.217247e-01 1.326700e-01
34962: 1.605960e+00 1.574503e+00 1.365894e+00 3.211921e-01 1.324503e-01
34962: 1.606612e+00 1.573554e+00 1.365289e+00 3.223140e-01 1.322314e-01
34962: 1.605611e+00 1.572607e+00 1.364686e+00 3.234323e-01 1.336634e-01
34962: 1.606260e+00 1.570016e+00 1.367381e+00 3.228995e-01 1.334432e-01
34962: 1.603618e+00 1.572368e+00 1.368421e+00 3.223684e-01 1.332237e-01
34962: 1.604269e+00 1.569787e+00 1.367816e+00 3.251232e-01 1.330049e-01
34962: 1.604918e+00 1.570492e+00 1.367213e+00 3.245902e-01 1.327869e-01
34962: 1.605565e+00 1.567921e+00 1.368249e+00 3.240589e-01 1.342062e-01
34962: 1.604575e+00 1.568627e+00 1.367647e+00 3.251634e-01 1.339869e-01
34962: 1.605220e+00 1.569331e+00 1.367047e+00 3.246330e-01 1.337684e-01
34962: 1.602606e+00 1.571661e+00 1.368078e+00 3.241042e-01 1.335505e-01
34962: 1.603252e+00 1.570732e+00 1.367480e+00 3.252033e-01 1.333333e-01
34962: 1.605519e+00 1.569805e+00 1.366883e+00 3.246753e-01 1.331169e-01
34962: 1.606159e+00 1.570502e+00 1.366288e+00 3.241491e-01 1.329011e-01
34962: 1.605178e+00 1.569579e+00 1.367314e+00 3.252427e-01 1.326861e-01
34962: 1.605816e+00 1.571890e+00 1.365105e+00 3.247173e-01 1.324717e-01
34962: 1.606452e+00 1.569355e+00 1.367742e+00 3.241935e-01 1.322581e-01
34962: 1.605475e+00 1.571659e+00 1.365539e+00 3.236715e-01 1.336554e-01
34962: 1.606109e+00 1.570740e+00 1.364952e+00 3.231511e-01 1.350482e-01
34962: 1.605136e+00 1.571429e+00 1.365971e+00 3.226324e-01 1.348315e-01
34962: 1.605769e+00 1.570513e+00 1.365385e+00 3.237179e-01 1.346154e-01
34962: 1.606400e+00 1.569600e+00 1.364800e+00 3.232000e-01 1.360000e-01
34962: 1.607029e+00 1.571885e+00 1.362620e+00 3.226837e-01 1.357827e-01
34962: 1.604466e+00 1.572568e+00 1.365231e+00 3.221691e-01 1.355662e-01
34962: 1.606688e+00 1.570064e+00 1.366242e+00 3.216561e-01 1.353503e-01
34962: 1.607313e+00 1.569157e+00 1.367250e+00 3.211447e-01 1.351351e-01
34962: 1.606349e+00 1.569841e+00 1.368254e+00 3.206349e-01 1.349206e-01
34962: 1.606973e+00 1.568938e+00 1.369255e+00 3.201268e-01 1.347068e-01
34962: 1.606013e+00 1.571203e+00 1.368671e+00 3.196203e-01 1.344937e-01
34962: 1.606635e+00 1.568720e+00 1.369668e+00 3.191153e-01 1.358610e-01
34962: 1.605678e+00 1.570978e+00 1.369085e+00 3.186120e-01 1.356467e-01
34962: 1.606299e+00 1.568504e+00 1.370079e+00 3.181102e-01 1.370079e-01
34962: 1.605346e+00 1.572327e+00 1.367925e+00 3.176101e-01 1.367925e-01
34962: 1.605965e+00 1.571429e+00 1.368917e+00 3.171115e-01 1.365777e-01
34962: 1.606583e+00 1.570533e+00 1.368339e+00 3.181818e-01 1.363636e-01
34962: 1.607199e+00 1.569640e+00 1.369327e+00 3.176839e-01 1.361502e-01
34962: 1.606250e+00 1.571875e+00 1.368750e+00 3.171875e-01 1.359375e-01
34962: 1.608424e+00 1.569423e+00 1.368175e+00 3.182527e-01 1.357254e-01
34962: 1.607477e+00 1.571651e+00 1.367601e+00 3.177570e-01 1.355140e-01
34962: 1.611198e+00 1.569207e+00 1.367030e+00 3.172628e-01 1.353033e-01
34962: 1.610248e+00 1.572981e+00 1.364907e+00 3.167702e-01 1.350932e-01
34962: 1.610853e+00 1.570543e+00 1.365891e+00 3.178295e-01 1.348837e-01
34962: 1.608359e+00 1.572755e+00 1.365325e+00 3.188854e-01 1.346749e-01
34962: 1.612056e+00 1.570325e+00 1.364760e+00 3.183926e-01 1.344668e-01
34962: 1.611111e+00 1.570988e+00 1.365741e+00 3.179012e-01 1.342593e-01
34962: 1.613251e+00 1.570108e+00 1.365177e+00 3.174114e-01 1.340524e-01
34962: 1.612308e+00 1.570769e+00 1.364615e+00 3.169231e-01 1.353846e-01
34962: 1.614439e+00 1.568356e+00 1.365591e+00 3.164363e-01 1.351767e-01
34962: 1.613497e+00 1.569018e+00 1.365031e+00 3.159509e-01 1.365031e-01
34962: 1.614089e+00 1.568147e+00 1.364472e+00 3.169985e-01 1.362940e-01
34962: 1.613150e+00 1.568807e+00 1.365443e+00 3.165138e-01 1.360856e-01
34962: 1.613740e+00 1.567939e+00 1.364885e+00 3.160305e-01 1.374046e-01
34962: 1.612805e+00 1.570122e+00 1.364329e+00 3.155488e-01 1.371951e-01
34962: 1.613394e+00 1.569254e+00 1.365297e+00 3.150685e-01 1.369863e-01
34962: 1.612462e+00 1.571429e+00 1.364742e+00 3.145897e-01 1.367781e-01
34962: 1.613050e+00 1.569044e+00 1.364188e+00 3.171472e-01 1.365706e-01
34962: 1.613636e+00 1.569697e+00 1.363636e+00 3.166667e-01 1.363636e-01
34962: 1.614221e+00 1.568835e+00 1.364599e+00 3.161876e-01 1.361573e-01
34962: 1.611782e+00 1.570997e+00 1.364048e+00 3.172205e-01 1.359517e-01
34962: 1.612368e+00 1.570136e+00 1.363499e+00 3.167421e-01 1.372549e-01
34962: 1.612952e+00 1.570783e+00 1.362952e+00 3.162651e-01 1.370482e-01
34962: 1.612030e+00 1.569925e+00 1.365414e+00 3.157895e-01 1.368421e-01
34962: 1.612613e+00 1.569069e+00 1.364865e+00 3.168168e-01 1.366366e-01
34962: 1.611694e+00 1.571214e+00 1.362819e+00 3.178411e-01 1.364318e-01
34962: 1.613772e+00 1.568862e+00 1.362275e+00 3.188623e-01 1.362275e-01
34962: 1.612855e+00 1.569507e+00 1.363229e+00 3.183857e-01 1.360239e-01
34962: 1.611940e+00 1.570149e+00 1.362687e+00 3.194030e-01 1.358209e-01
34962: 1.615499e+00 1.567809e+00 1.362146e+00 3.189270e-01 1.356185e-01
34962: 1.614583e+00 1.568452e+00 1.360119e+00 3.199405e-01 1.369048e-01
34962: 1.613670e+00 1.569094e+00 1.358098e+00 3.209510e-01 1.381872e-01
34962: 1.615727e+00 1.568249e+00 1.357567e+00 3.204748e-01 1.379822e-01
34962: 1.616296e+00 1.568889e+00 1.355556e+00 3.214815e-01 1.377778e-01
34962: 1.615385e+00 1.568047e+00 1.356509e+00 3.224852e-01 1.375740e-01
34962: 1.615953e+00 1.568685e+00 1.354505e+00 3.234860e-01 1.373708e-01
34962: 1.615044e+00 1.567847e+00 1.356932e+00 3.230088e-01 1.371681e-01
34962: 1.615611e+00 1.567010e+00 1.356406e+00 3.240059e-01 1.369661e-01
34962: 1.614706e+00 1.570588e+00 1.354412e+00 3.235294e-01 1.367647e-01
34962: 1.613803e+00 1.572687e+00 1.353891e+00 3.230543e-01 1.365639e-01
34962: 1.614370e+00 1.570381e+00 1.354839e+00 3.225806e-01 1.378299e-01
34962: 1.613470e+00 1.571010e+00 1.355783e+00 3.221083e-01 1.376281e-01
34962: 1.615497e+00 1.568713e+00 1.356725e+00 3.216374e-01 1.374269e-01
34962: 1.613139e+00 1.569343e+00 1.357664e+00 3.226277e-01 1.372263e-01
34962: 1.615160e+00 1.568513e+00 1.357143e+00 3.221574e-01 1.370262e-01
34962: 1.614265e+00 1.569141e+00 1.358079e+00 3.216885e-01 1.368268e-01
34962: 1.613372e+00 1.569767e+00 1.356105e+00 3.241279e-01 1.366279e-01
34962: 1.615385e+00 1.568940e+00 1.355588e+00 3.236575e-01 1.364296e-01
34962: 1.614493e+00 1.571014e+00 1.355072e+00 3.231884e-01 1.362319e-01
34962: 1.613603e+00 1.570188e+00 1.356006e+00 3.241679e-01 1.360347e-01
34962: 1.615607e+00 1.569364e+00 1.355491e+00 3.236994e-01 1.358382e-01
34962: 1.616162e+00 1.569986e+00 1.354978e+00 3.232323e-01 1.356421e-01
34962: 1.615274e+00 1.570605e+00 1.354467e+00 3.242075e-01 1.354467e-01
34962: 1.617266e+00 1.568345e+00 1.355396e+00 3.237410e-01 1.352518e-01
34962: 1.616379e+00 1.568966e+00 1.354885e+00 3.232759e-01 1.364943e-01
34962: 1.616930e+00 1.569584e+00 1.352941e+00 3.242468e-01 1.362984e-01
34962: 1.616046e+00 1.570201e+00 1.353868e+00 3.237822e-01 1.361032e-01
34962: 1.616595e+00 1.567954e+00 1.354793e+00 3.247496e-01 1.359084e-01
34962: 1.615714e+00 1.568571e+00 1.354286e+00 3.257143e-01 1.357143e-01
34962: 1.616262e+00 1.567760e+00 1.353780e+00 3.266762e-01 1.355207e-01
34962: 1.615385e+00 1.569801e+00 1.353276e+00 3.262108e-01 1.353276e-01
34962: 1.617354e+00 1.568990e+00 1.351351e+00 3.271693e-01 1.351351e-01
34962: 1.615057e+00 1.571023e+00 1.350852e+00 3.281250e-01 1.349432e-01
34962: 1.614184e+00 1.571631e+00 1.351773e+00 3.276596e-01 1.347518e-01
34962: 1.614731e+00 1.570822e+00 1.351275e+00 3.286119e-01 1.345609e-01
34962: 1.613861e+00 1.570014e+00 1.352192e+00 3.281471e-01 1.357850e-01
34962: 1.614407e+00 1.569209e+00 1.353107e+00 3.276836e-01 1.355932e-01
34962: 1.616361e+00 1.569817e+00 1.351199e+00 3.272214e-01 1.354020e-01
34962: 1.616901e+00 1.569014e+00 1.350704e+00 3.281690e-01 1.352113e-01
34962: 1.616034e+00 1.571027e+00 1.350211e+00 3.277075e-01 1.350211e-01
34962: 1.615169e+00 1.571629e+00 1.351124e+00 3.272472e-01 1.348315e-01
34962: 1.617111e+00 1.569425e+00 1.350631e+00 3.281907e-01 1.346424e-01
34962: 1.617647e+00 1.570028e+00 1.348739e+00 3.291317e-01 1.344538e-01
34962: 1.619580e+00 1.567832e+00 1.349650e+00 3.286713e-01 1.342657e-01
34962: 1.620112e+00 1.569832e+00 1.347765e+00 3.282123e-01 1.340782e-01
34962: 1.620642e+00 1.569038e+00 1.347280e+00 3.277545e-01 1.352859e-01
34962: 1.619777e+00 1.571031e+00 1.346797e+00 3.272981e-01 1.350975e-01
34962: 1.618915e+00 1.570236e+00 1.347705e+00 3.282337e-01 1.349096e-01
34962: 1.620833e+00 1.568056e+00 1.348611e+00 3.277778e-01 1.347222e-01
34962: 1.619972e+00 1.570042e+00 1.348128e+00 3.273232e-01 1.345354e-01
34962: 1.619114e+00 1.570637e+00 1.347645e+00 3.282548e-01 1.343490e-01
34962: 1.621024e+00 1.569848e+00 1.347165e+00 3.278008e-01 1.341632e-01
34962: 1.620166e+00 1.571823e+00 1.345304e+00 3.273481e-01 1.353591e-01
34962: 1.622069e+00 1.569655e+00 1.344828e+00 3.282759e-01 1.351724e-01
34962: 1.622590e+00 1.570248e+00 1.344353e+00 3.278237e-01 1.349862e-01
34962: 1.621733e+00 1.569464e+00 1.346630e+00 3.273728e-01 1.348006e-01
34962: 1.620879e+00 1.568681e+00 1.346154e+00 3.296703e-01 1.346154e-01
34962: 1.621399e+00 1.567901e+00 1.347051e+00 3.292181e-01 1.344307e-01
34962: 1.619178e+00 1.569863e+00 1.347945e+00 3.287671e-01 1.342466e-01
34962: 1.621067e+00 1.570451e+00 1.346101e+00 3.283174e-01 1.340629e-01
34962: 1.621585e+00 1.568306e+00 1.348361e+00 3.278689e-01 1.338798e-01
34962: 1.619372e+00 1.570259e+00 1.349250e+00 3.274216e-01 1.336971e-01
34962: 1.619891e+00 1.569482e+00 1.348774e+00 3.269755e-01 1.348774e-01
34962: 1.617687e+00 1.572789e+00 1.346939e+00 3.278912e-01 1.346939e-01
34962: 1.618207e+00 1.570652e+00 1.347826e+00 3.288043e-01 1.345109e-01
34962: 1.617368e+00 1.569878e+00 1.348711e+00 3.283582e-01 1.356852e-01
34962: 1.617886e+00 1.570461e+00 1.346883e+00 3.279133e-01 1.368564e-01
34962: 1.617050e+00 1.569689e+00 1.347767e+00 3.288227e-01 1.366712e-01
34962: 1.617568e+00 1.568919e+00 1.347297e+00 3.283784e-01 1.378378e-01
34962: 1.616734e+00 1.569501e+00 1.348178e+00 3.279352e-01 1.376518e-01
34962: 1.618598e+00 1.568733e+00 1.347709e+00 3.274933e-01 1.374663e-01
34962: 1.617766e+00 1.569314e+00 1.348587e+00 3.270525e-01 1.372813e-01
34962: 1.619624e+00 1.569892e+00 1.346774e+00 3.266129e-01 1.370968e-01
34962: 1.620134e+00 1.570470e+00 1.346309e+00 3.261745e-01 1.369128e-01
34962: 1.619303e+00 1.569705e+00 1.348525e+00 3.257373e-01 1.367292e-01
34962: 1.618474e+00 1.570281e+00 1.346720e+00 3.253012e-01 1.392236e-01
34962: 1.618984e+00 1.570856e+00 1.346257e+00 3.248663e-01 1.390374e-01
34962: 1.618158e+00 1.570093e+00 1.348465e+00 3.244326e-01 1.388518e-01
34962: 1.618667e+00 1.569333e+00 1.349333e+00 3.240000e-01 1.386667e-01
34962: 1.616511e+00 1.569907e+00 1.351531e+00 3.235686e-01 1.384820e-01
34962: 1.618351e+00 1.570479e+00 1.349734e+00 3.231383e-01 1.382979e-01
34962: 1.617530e+00 1.569721e+00 1.351926e+00 3.227092e-01 1.381142e-01
34962: 1.618037e+00 1.570292e+00 1.351459e+00 3.222812e-01 1.379310e-01
34962: 1.617219e+00 1.569536e+00 1.353642e+00 3.218543e-01 1.377483e-01
34962: 1.619048e+00 1.570106e+00 1.351852e+00 3.214286e-01 1.375661e-01
34962: 1.619551e+00 1.569353e+00 1.352708e+00 3.210040e-01 1.373844e-01
34962: 1.618734e+00 1.569921e+00 1.350923e+00 3.232190e-01 1.372032e-01
34962: 1.620553e+00 1.569170e+00 1.349144e+00 3.241107e-01 1.370224e-01
34962: 1.621053e+00 1.569737e+00 1.348684e+00 3.236842e-01 1.368421e-01
34962: 1.621551e+00 1.570302e+00 1.348226e+00 3.232589e-01 1.366623e-01
34962: 1.620735e+00 1.570866e+00 1.349081e+00 3.228346e-01 1.364829e-01
34962: 1.621232e+00 1.570118e+00 1.349934e+00 3.224115e-01 1.363041e-01
34962: 1.620419e+00 1.569372e+00 1.350785e+00 3.219895e-01 1.374346e-01
34962: 1.620915e+00 1.569935e+00 1.350327e+00 3.215686e-01 1.372549e-01
34962: 1.620104e+00 1.569191e+00 1.349869e+00 3.224543e-01 1.383812e-01
34962: 1.621904e+00 1.568449e+00 1.349413e+00 3.220339e-01 1.382008e-01
34962: 1.622396e+00 1.569010e+00 1.348958e+00 3.216146e-01 1.380208e-01
34962: 1.621586e+00 1.569571e+00 1.349805e+00 3.211964e-01 1.378414e-01
34962: 1.622078e+00 1.570130e+00 1.349351e+00 3.207792e-01 1.376623e-01
34962: 1.622568e+00 1.568093e+00 1.350195e+00 3.216602e-01 1.374838e-01
34962: 1.621762e+00 1.569948e+00 1.349741e+00 3.212435e-01 1.373057e-01
34962: 1.622251e+00 1.570505e+00 1.347995e+00 3.208279e-01 1.384217e-01
34962: 1.621447e+00 1.569767e+00 1.350129e+00 3.204134e-01 1.382429e-01
34962: 1.621935e+00 1.570323e+00 1.348387e+00 3.212903e-01 1.380645e-01
34962: 1.621134e+00 1.568299e+00 1.351804e+00 3.208763e-01 1.378866e-01
34962: 1.622909e+00 1.567568e+00 1.350064e+00 3.217503e-01 1.377091e-01
34962: 1.620823e+00 1.570694e+00 1.349614e+00 3.213368e-01 1.375321e-01
34962: 1.621309e+00 1.569961e+00 1.349166e+00 3.222080e-01 1.373556e-01
34962: 1.620513e+00 1.570513e+00 1.348718e+00 3.217949e-01 1.384615e-01
34962: 1.619718e+00 1.569782e+00 1.350832e+00 3.213828e-01 1.382843e-01
34962: 1.620205e+00 1.569054e+00 1.350384e+00 3.222506e-01 1.381074e-01
34962: 1.618135e+00 1.570881e+00 1.349936e+00 3.218391e-01 1.392082e-01
34962: 1.618622e+00 1.568878e+00 1.350765e+00 3.214286e-01 1.403061e-01
34962: 1.616561e+00 1.571975e+00 1.350318e+00 3.210191e-01 1.401274e-01
34962: 1.617048e+00 1.569975e+00 1.351145e+00 3.218830e-01 1.399491e-01
34962: 1.614994e+00 1.571792e+00 1.351970e+00 3.214740e-01 1.397713e-01
34962: 1.616751e+00 1.571066e+00 1.351523e+00 3.210660e-01 1.395939e-01
34962: 1.615970e+00 1.570342e+00 1.352345e+00 3.219265e-01 1.394170e-01
34962: 1.616456e+00 1.569620e+00 1.353165e+00 3.215190e-01 1.392405e-01
34962: 1.614412e+00 1.571429e+00 1.353982e+00 3.211125e-01 1.390645e-01
34962: 1.616162e+00 1.569444e+00 1.354798e+00 3.207071e-01 1.388889e-01
34962: 1.615385e+00 1.569987e+00 1.353090e+00 3.228247e-01 1.387137e-01
34962: 1.614610e+00 1.571788e+00 1.352645e+00 3.224181e-01 1.385390e-01
34962: 1.615094e+00 1.569811e+00 1.353459e+00 3.232704e-01 1.383648e-01
34962: 1.615578e+00 1.570352e+00 1.351759e+00 3.228643e-01 1.394472e-01
34962: 1.614806e+00 1.569636e+00 1.352572e+00 3.237139e-01 1.392723e-01
34962: 1.615288e+00 1.570175e+00 1.352130e+00 3.233083e-01 1.390977e-01
34962: 1.614518e+00 1.568210e+00 1.352941e+00 3.241552e-01 1.401752e-01
34962: 1.615000e+00 1.567500e+00 1.352500e+00 3.250000e-01 1.400000e-01
34962: 1.616729e+00 1.568040e+00 1.350811e+00 3.245943e-01 1.398252e-01
34962: 1.615960e+00 1.568579e+00 1.351621e+00 3.241895e-01 1.396509e-01
34962: 1.616438e+00 1.569116e+00 1.349938e+00 3.250311e-01 1.394770e-01
34962: 1.614428e+00 1.569652e+00 1.351990e+00 3.246269e-01 1.393035e-01
34962: 1.616149e+00 1.568944e+00 1.350311e+00 3.254658e-01 1.391304e-01
34962: 1.616625e+00 1.569479e+00 1.348635e+00 3.263027e-01 1.389578e-01
34962: 1.617100e+00 1.570012e+00 1.348203e+00 3.258984e-01 1.387856e-01
34962: 1.617574e+00 1.568069e+00 1.350248e+00 3.254950e-01 1.386139e-01
34962: 1.618047e+00 1.568603e+00 1.348578e+00 3.263288e-01 1.384425e-01
34962: 1.618519e+00 1.569136e+00 1.348148e+00 3.259259e-01 1.382716e-01
34962: 1.618989e+00 1.568434e+00 1.348952e+00 3.255240e-01 1.381011e-01
34962: 1.619458e+00 1.568966e+00 1.348522e+00 3.251232e-01 1.379310e-01
34962: 1.619926e+00 1.568266e+00 1.348093e+00 3.259533e-01 1.377614e-01
34962: 1.620393e+00 1.568796e+00 1.347666e+00 3.255528e-01 1.375921e-01
34962: 1.619632e+00 1.569325e+00 1.347239e+00 3.263804e-01 1.374233e-01
34962: 1.621324e+00 1.568627e+00 1.346814e+00 3.259804e-01 1.372549e-01
34962: 1.619339e+00 1.569155e+00 1.347613e+00 3.255814e-01 1.383109e-01
34962: 1.619804e+00 1.568460e+00 1.348411e+00 3.251834e-01 1.381418e-01
34962: 1.619048e+00 1.568987e+00 1.347985e+00 3.247863e-01 1.391941e-01
34962: 1.619512e+00 1.568293e+00 1.347561e+00 3.256098e-01 1.390244e-01
34962: 1.617540e+00 1.571255e+00 1.345920e+00 3.264312e-01 1.388551e-01
34962: 1.618005e+00 1.569343e+00 1.347932e+00 3.260341e-01 1.386861e-01
34962: 1.617254e+00 1.569866e+00 1.346294e+00 3.256379e-01 1.409478e-01
34962: 1.618932e+00 1.570388e+00 1.344660e+00 3.252427e-01 1.407767e-01
34962: 1.618182e+00 1.569697e+00 1.346667e+00 3.248485e-01 1.406061e-01
34962: 1.618644e+00 1.570218e+00 1.346247e+00 3.244552e-01 1.404358e-01
34962: 1.620314e+00 1.568319e+00 1.347037e+00 3.240629e-01 1.402660e-01
34962: 1.619565e+00 1.570048e+00 1.345411e+00 3.248792e-01 1.400966e-01
34962: 1.621230e+00 1.568154e+00 1.346200e+00 3.244873e-01 1.399276e-01
34962: 1.621687e+00 1.569880e+00 1.344578e+00 3.240964e-01 1.397590e-01
34962: 1.622142e+00 1.570397e+00 1.344164e+00 3.237064e-01 1.395909e-01
34962: 1.621394e+00 1.568510e+00 1.347356e+00 3.233173e-01 1.394231e-01
34962: 1.624250e+00 1.567827e+00 1.345738e+00 3.229292e-01 1.392557e-01
34962: 1.623501e+00 1.568345e+00 1.346523e+00 3.225420e-01 1.390887e-01
34962: 1.625150e+00 1.567665e+00 1.344910e+00 3.221557e-01 1.401198e-01
34962: 1.624402e+00 1.568182e+00 1.345694e+00 3.217703e-01 1.399522e-01
34962: 1.623656e+00 1.568698e+00 1.345281e+00 3.225806e-01 1.397849e-01
34962: 1.625298e+00 1.569212e+00 1.343675e+00 3.221957e-01 1.396181e-01
34962: 1.625745e+00 1.568534e+00 1.343266e+00 3.230036e-01 1.394517e-01
34962: 1.625000e+00 1.570238e+00 1.341667e+00 3.226190e-01 1.404762e-01
34962: 1.625446e+00 1.569560e+00 1.341260e+00 3.234245e-01 1.403092e-01
34962: 1.624703e+00 1.570071e+00 1.339667e+00 3.254157e-01 1.401425e-01
34962: 1.625148e+00 1.569395e+00 1.340451e+00 3.250297e-01 1.399763e-01
34962: 1.624408e+00 1.569905e+00 1.340047e+00 3.258294e-01 1.398104e-01
34962: 1.624852e+00 1.571598e+00 1.338462e+00 3.254438e-01 1.396450e-01
34962: 1.622931e+00 1.570922e+00 1.341608e+00 3.250591e-01 1.394799e-01
34962: 1.624557e+00 1.570248e+00 1.341204e+00 3.246753e-01 1.393152e-01
34962: 1.622642e+00 1.571934e+00 1.341981e+00 3.242925e-01 1.391509e-01
34962: 1.624264e+00 1.571260e+00 1.341578e+00 3.239105e-01 1.389870e-01
34962: 1.622353e+00 1.570588e+00 1.344706e+00 3.235294e-01 1.388235e-01
34962: 1.623972e+00 1.568743e+00 1.344301e+00 3.243243e-01 1.386604e-01
34962: 1.622066e+00 1.569249e+00 1.345070e+00 3.251174e-01 1.384977e-01
34962: 1.622509e+00 1.569754e+00 1.344666e+00 3.247362e-01 1.383353e-01
34962: 1.621780e+00 1.569087e+00 1.345433e+00 3.255269e-01 1.381733e-01
34962: 1.623392e+00 1.568421e+00 1.343860e+00 3.251462e-01 1.391813e-01
34962: 1.623832e+00 1.568925e+00 1.343458e+00 3.247664e-01 1.390187e-01
34962: 1.624271e+00 1.568261e+00 1.344224e+00 3.243874e-01 1.388565e-01
34962: 1.624709e+00 1.568765e+00 1.343823e+00 3.240093e-01 1.386946e-01
34962: 1.625146e+00 1.569267e+00 1.343423e+00 3.236321e-01 1.385332e-01
34962: 1.623256e+00 1.570930e+00 1.344186e+00 3.232558e-01 1.383721e-01
34962: 1.623693e+00 1.570267e+00 1.344948e+00 3.228804e-01 1.382114e-01
34962: 1.622970e+00 1.569606e+00 1.346868e+00 3.225058e-01 1.380510e-01
34962: 1.623407e+00 1.570104e+00 1.345307e+00 3.232908e-01 1.378911e-01
34962: 1.625000e+00 1.568287e+00 1.346065e+00 3.229167e-01 1.377315e-01
34962: 1.625434e+00 1.569942e+00 1.344509e+00 3.225434e-01 1.375723e-01
34962: 1.625866e+00 1.570439e+00 1.344111e+00 3.221709e-01 1.374134e-01
34962: 1.625144e+00 1.568627e+00 1.346021e+00 3.229527e-01 1.372549e-01
34962: 1.625576e+00 1.567972e+00 1.345622e+00 3.237327e-01 1.370968e-01
34962: 1.624856e+00 1.570771e+00 1.344074e+00 3.233602e-01 1.369390e-01
34962: 1.626437e+00 1.570115e+00 1.343678e+00 3.229885e-01 1.367816e-01
34962: 1.625718e+00 1.569460e+00 1.343284e+00 3.249139e-01 1.366246e-01
34962: 1.626147e+00 1.568807e+00 1.344037e+00 3.245413e-01 1.364679e-01
34962: 1.626575e+00 1.570447e+00 1.342497e+00 3.241695e-01 1.363116e-01
34962: 1.625858e+00 1.569794e+00 1.344394e+00 3.237986e-01 1.361556e-01
34962: 1.626286e+00 1.570286e+00 1.342857e+00 3.245714e-01 1.360000e-01
34962: 1.626712e+00 1.569635e+00 1.343607e+00 3.242009e-01 1.358447e-01
34962: 1.627138e+00 1.571266e+00 1.342075e+00 3.238312e-01 1.356899e-01
34962: 1.626424e+00 1.570615e+00 1.342825e+00 3.246014e-01 1.355353e-01
34962: 1.627986e+00 1.569966e+00 1.342435e+00 3.242321e-01 1.353811e-01
34962: 1.629545e+00 1.570455e+00 1.340909e+00 3.238636e-01 1.352273e-01
34962: 1.628831e+00 1.568672e+00 1.342792e+00 3.246311e-01 1.350738e-01
34962: 1.629252e+00 1.568027e+00 1.342404e+00 3.253968e-01 1.349206e-01
34962: 1.628539e+00 1.568516e+00 1.342016e+00 3.261608e-01 1.347678e-01
34962: 1.627828e+00 1.571267e+00 1.340498e+00 3.257919e-01 1.346154e-01
34962: 1.627119e+00 1.570621e+00 1.342373e+00 3.254237e-01 1.344633e-01
34962: 1.627540e+00 1.569977e+00 1.343115e+00 3.250564e-01 1.343115e-01
34962: 1.626832e+00 1.571590e+00 1.342728e+00 3.246900e-01 1.341601e-01
34962: 1.627252e+00 1.570946e+00 1.342342e+00 3.254505e-01 1.340090e-01
34962: 1.626547e+00 1.570304e+00 1.344207e+00 3.250844e-01 1.338583e-01
34962: 1.626966e+00 1.568539e+00 1.344944e+00 3.247191e-01 1.348315e-01
34962: 1.626263e+00 1.569024e+00 1.345679e+00 3.243547e-01 1.346801e-01
34962: 1.626682e+00 1.569507e+00 1.344170e+00 3.251121e-01 1.345291e-01
34962: 1.625980e+00 1.569989e+00 1.344905e+00 3.247480e-01 1.343785e-01
34962: 1.627517e+00 1.569351e+00 1.343400e+00 3.243848e-01 1.353468e-01
34962: 1.627933e+00 1.569832e+00 1.343017e+00 3.240223e-01 1.351955e-01
34962: 1.627232e+00 1.569196e+00 1.343750e+00 3.236607e-01 1.361607e-01
34962: 1.628763e+00 1.568562e+00 1.343367e+00 3.232999e-01 1.360089e-01
34962: 1.628062e+00 1.570156e+00 1.342984e+00 3.229399e-01 1.358575e-01
34962: 1.628476e+00 1.568409e+00 1.342603e+00 3.236930e-01 1.368187e-01
34962: 1.627778e+00 1.570000e+00 1.341111e+00 3.233333e-01 1.377778e-01
34962: 1.628191e+00 1.568257e+00 1.341842e+00 3.240844e-01 1.376249e-01
34962: 1.626386e+00 1.568736e+00 1.342572e+00 3.248337e-01 1.374723e-01
34962: 1.627907e+00 1.568106e+00 1.341085e+00 3.244740e-01 1.384275e-01
34962: 1.627212e+00 1.569690e+00 1.339602e+00 3.252212e-01 1.382743e-01
34962: 1.628729e+00 1.570166e+00 1.338122e+00 3.248619e-01 1.381215e-01
34962: 1.626932e+00 1.569536e+00 1.339956e+00 3.256071e-01 1.379691e-01
34962: 1.629548e+00 1.568908e+00 1.338479e+00 3.252481e-01 1.378170e-01
34962: 1.628855e+00 1.569383e+00 1.338106e+00 3.259912e-01 1.376652e-01
34962: 1.629263e+00 1.569857e+00 1.337734e+00 3.256326e-01 1.375138e-01
34962: 1.630769e+00 1.569231e+00 1.337363e+00 3.252747e-01 1.373626e-01
34962: 1.631175e+00 1.570801e+00 1.335895e+00 3.249177e-01 1.372119e-01
34962: 1.631579e+00 1.569079e+00 1.337719e+00 3.245614e-01 1.370614e-01
34962: 1.630887e+00 1.569551e+00 1.336254e+00 3.253012e-01 1.380066e-01
34962: 1.632385e+00 1.570022e+00 1.334792e+00 3.249453e-01 1.378556e-01
34962: 1.632787e+00 1.569399e+00 1.335519e+00 3.245902e-01 1.377049e-01
34962: 1.632096e+00 1.570961e+00 1.334061e+00 3.253275e-01 1.375546e-01
34962: 1.631407e+00 1.569248e+00 1.335878e+00 3.260632e-01 1.374046e-01
34962: 1.632898e+00 1.568627e+00 1.335512e+00 3.257081e-01 1.372549e-01
34962: 1.632209e+00 1.569097e+00 1.336235e+00 3.253536e-01 1.371055e-01
34962: 1.633696e+00 1.568478e+00 1.335870e+00 3.250000e-01 1.369565e-01
34962: 1.631922e+00 1.572204e+00 1.334419e+00 3.246471e-01 1.368078e-01
34962: 1.632321e+00 1.571584e+00 1.335141e+00 3.242950e-01 1.366594e-01
34962: 1.632719e+00 1.570964e+00 1.334778e+00 3.250271e-01 1.365114e-01
34962: 1.632035e+00 1.571429e+00 1.334416e+00 3.257576e-01 1.363636e-01
34962: 1.633514e+00 1.569730e+00 1.335135e+00 3.254054e-01 1.362162e-01
34962: 1.632829e+00 1.570194e+00 1.334773e+00 3.261339e-01 1.360691e-01
34962: 1.632147e+00 1.570658e+00 1.335491e+00 3.257821e-01 1.359223e-01
34962: 1.632543e+00 1.571121e+00 1.335129e+00 3.254310e-01 1.357759e-01
34962: 1.630786e+00 1.570506e+00 1.336921e+00 3.250807e-01 1.367061e-01
34962: 1.630108e+00 1.568817e+00 1.339785e+00 3.247312e-01 1.365591e-01
34962: 1.629431e+00 1.570354e+00 1.339420e+00 3.243824e-01 1.364125e-01
34962: 1.630901e+00 1.568670e+00 1.340129e+00 3.240343e-01 1.362661e-01
34962: 1.629153e+00 1.570204e+00 1.339764e+00 3.247588e-01 1.361200e-01
34962: 1.629550e+00 1.569593e+00 1.339400e+00 3.244111e-01 1.370450e-01
34962: 1.629947e+00 1.570053e+00 1.337968e+00 3.251337e-01 1.368984e-01
34962: 1.628205e+00 1.570513e+00 1.339744e+00 3.247863e-01 1.367521e-01
34962: 1.628602e+00 1.568837e+00 1.340448e+00 3.244397e-01 1.376734e-01
34962: 1.628998e+00 1.570362e+00 1.339019e+00 3.240938e-01 1.375267e-01
34962: 1.630458e+00 1.568690e+00 1.339723e+00 3.237487e-01 1.373802e-01
34962: 1.628723e+00 1.569149e+00 1.339362e+00 3.255319e-01 1.372340e-01
34962: 1.629118e+00 1.569607e+00 1.339001e+00 3.251860e-01 1.370882e-01
34962: 1.627389e+00 1.570064e+00 1.340764e+00 3.248408e-01 1.369427e-01
34962: 1.627784e+00 1.568399e+00 1.340403e+00 3.255567e-01 1.378579e-01
34962: 1.626059e+00 1.569915e+00 1.340042e+00 3.252119e-01 1.387712e-01
34962: 1.625397e+00 1.569312e+00 1.340741e+00 3.259259e-01 1.386243e-01
34962: 1.625793e+00 1.569767e+00 1.339323e+00 3.255814e-01 1.395349e-01
34962: 1.626188e+00 1.570222e+00 1.338965e+00 3.252376e-01 1.393875e-01
34962: 1.625527e+00 1.568565e+00 1.341772e+00 3.248945e-01 1.392405e-01
34962: 1.626976e+00 1.567966e+00 1.340358e+00 3.245522e-01 1.401475e-01
34962: 1.626316e+00 1.568421e+00 1.340000e+00 3.252632e-01 1.400000e-01
34962: 1.628812e+00 1.567823e+00 1.338591e+00 3.249211e-01 1.398528e-01
34962: 1.629202e+00 1.568277e+00 1.338235e+00 3.245798e-01 1.397059e-01
34962: 1.630640e+00 1.567681e+00 1.337880e+00 3.242392e-01 1.395593e-01
34962: 1.631027e+00 1.568134e+00 1.336478e+00 3.238994e-01 1.404612e-01
34962: 1.631414e+00 1.568586e+00 1.336126e+00 3.235602e-01 1.403141e-01
34962: 1.631799e+00 1.569038e+00 1.335774e+00 3.232218e-01 1.401674e-01
34962: 1.632184e+00 1.568443e+00 1.336468e+00 3.228840e-01 1.400209e-01
34962: 1.630480e+00 1.568894e+00 1.337161e+00 3.235908e-01 1.398747e-01
34962: 1.630865e+00 1.568300e+00 1.337852e+00 3.232534e-01 1.397289e-01
34962: 1.631250e+00 1.568750e+00 1.337500e+00 3.229167e-01 1.395833e-01
34962: 1.630593e+00 1.569199e+00 1.337149e+00 3.225806e-01 1.404787e-01
34962: 1.630977e+00 1.570686e+00 1.335759e+00 3.222453e-01 1.403326e-01
34962: 1.631360e+00 1.569055e+00 1.336449e+00 3.219107e-01 1.412253e-01
34962: 1.630705e+00 1.570539e+00 1.335062e+00 3.226141e-01 1.410788e-01
34962: 1.632124e+00 1.568912e+00 1.335751e+00 3.222798e-01 1.409326e-01
34962: 1.630435e+00 1.570393e+00 1.336439e+00 3.219462e-01 1.407867e-01
34962: 1.629783e+00 1.570838e+00 1.337125e+00 3.216132e-01 1.406412e-01
34962: 1.631198e+00 1.569215e+00 1.336777e+00 3.223140e-01 1.404959e-01
34962: 1.631579e+00 1.569659e+00 1.335397e+00 3.219814e-01 1.413829e-01
34962: 1.630928e+00 1.570103e+00 1.335052e+00 3.216495e-01 1.422680e-01
34962: 1.630278e+00 1.569516e+00 1.335736e+00 3.223481e-01 1.421215e-01
34962: 1.629630e+00 1.568930e+00 1.336420e+00 3.220165e-01 1.430041e-01
34962: 1.628983e+00 1.570401e+00 1.336074e+00 3.216855e-01 1.428571e-01
34962: 1.630390e+00 1.568789e+00 1.335729e+00 3.213552e-01 1.437372e-01
34962: 1.630769e+00 1.570256e+00 1.334359e+00 3.210256e-01 1.435897e-01
34962: 1.630123e+00 1.568648e+00 1.335041e+00 3.217213e-01 1.444672e-01
34962: 1.630502e+00 1.570113e+00 1.333675e+00 3.213920e-01 1.443193e-01
34962: 1.630879e+00 1.569530e+00 1.334356e+00 3.210634e-01 1.441718e-01
34962: 1.629213e+00 1.570991e+00 1.334014e+00 3.217569e-01 1.440245e-01
34962: 1.630612e+00 1.569388e+00 1.334694e+00 3.214286e-01 1.438776e-01
34962: 1.629969e+00 1.570846e+00 1.333333e+00 3.221203e-01 1.437309e-01
34962: 1.630346e+00 1.570265e+00 1.332994e+00 3.228106e-01 1.435845e-01
34962: 1.628688e+00 1.571719e+00 1.332655e+00 3.234995e-01 1.434385e-01
34962: 1.631098e+00 1.570122e+00 1.332317e+00 3.231707e-01 1.432927e-01
34962: 1.629442e+00 1.571574e+00 1.331980e+00 3.238579e-01 1.431472e-01
34962: 1.629817e+00 1.570994e+00 1.331643e+00 3.245436e-01 1.430020e-01
34962: 1.629179e+00 1.570415e+00 1.332320e+00 3.242148e-01 1.438703e-01
34962: 1.631579e+00 1.568826e+00 1.331984e+00 3.238866e-01 1.437247e-01
34962: 1.629929e+00 1.571284e+00 1.331648e+00 3.235592e-01 1.435794e-01
34962: 1.630303e+00 1.571717e+00 1.331313e+00 3.232323e-01 1.434343e-01
34962: 1.629667e+00 1.570131e+00 1.332997e+00 3.229062e-01 1.442987e-01
34962: 1.629032e+00 1.570565e+00 1.333669e+00 3.225806e-01 1.441532e-01
34962: 1.629406e+00 1.569990e+00 1.334340e+00 3.222558e-01 1.440081e-01
34962: 1.628773e+00 1.570423e+00 1.335010e+00 3.219316e-01 1.438632e-01
34962: 1.628141e+00 1.571859e+00 1.334673e+00 3.216080e-01 1.437186e-01
34962: 1.629518e+00 1.571285e+00 1.334337e+00 3.212851e-01 1.435743e-01
34962: 1.629890e+00 1.571715e+00 1.334002e+00 3.209629e-01 1.434303e-01
34962: 1.628257e+00 1.572144e+00 1.334669e+00 3.216433e-01 1.432866e-01
34962: 1.628629e+00 1.570571e+00 1.336336e+00 3.213213e-01 1.431431e-01
34962: Done!
Traceback (most recent call last):
  File "/lowest-unique-number/tournament0/elexunix.py", line 25, in <module>
    input()
EOFError: EOF when reading a line
