Forked 34051
Starting to reopen 0 and 1
Calling execv `tournament0/elexunix.py` (pid 34051)
Strategy 0: first ans is 3
Forked 34075
Starting to reopen 0 and 1
Calling execv `tournament0/the_best_strategy.py` (pid 34075)
Strategy 1: first ans is 0
Forked 34076
Starting to reopen 0 and 1
Calling execv `tournament0/alex_dany` (pid 34076)
34076: Started!
34076: Number of players: 5, position: 2, number of turns: 1000
34076: Random seed: 1260051377
Strategy 2: first ans is 0
Forked 34077
Starting to reopen 0 and 1
Calling execv `tournament0/lounres.py` (pid 34077)
Strategy 3: first ans is 1
Forked 34078
Starting to reopen 0 and 1
Calling execv `tournament0/fedro.py` (pid 34078)
Strategy 4: first ans is 0
34076: 3.000000e+00 1.000000e+00 0.000000e+00 1.000000e+00 0.000000e+00
34076: 2.500000e+00 2.000000e+00 0.000000e+00 5.000000e-01 0.000000e+00
34076: 2.333333e+00 1.333333e+00 6.666667e-01 6.666667e-01 0.000000e+00
34076: 2.250000e+00 1.500000e+00 5.000000e-01 5.000000e-01 2.500000e-01
34076: 2.200000e+00 1.400000e+00 6.000000e-01 4.000000e-01 4.000000e-01
34076: 2.166667e+00 1.500000e+00 6.666667e-01 3.333333e-01 3.333333e-01
34076: 2.142857e+00 1.428571e+00 8.571429e-01 2.857143e-01 2.857143e-01
34076: 2.250000e+00 1.500000e+00 7.500000e-01 2.500000e-01 2.500000e-01
34076: 2.222222e+00 1.444444e+00 7.777778e-01 3.333333e-01 2.222222e-01
34076: 2.300000e+00 1.500000e+00 7.000000e-01 3.000000e-01 2.000000e-01
34076: 2.272727e+00 1.454545e+00 7.272727e-01 3.636364e-01 1.818182e-01
34076: 2.250000e+00 1.500000e+00 7.500000e-01 3.333333e-01 1.666667e-01
34076: 2.307692e+00 1.461538e+00 7.692308e-01 3.076923e-01 1.538462e-01
34076: 2.357143e+00 1.500000e+00 7.142857e-01 2.857143e-01 1.428571e-01
34076: 2.333333e+00 1.533333e+00 7.333333e-01 2.666667e-01 1.333333e-01
34076: 2.312500e+00 1.500000e+00 8.125000e-01 2.500000e-01 1.250000e-01
34076: 2.294118e+00 1.529412e+00 8.235294e-01 2.352941e-01 1.176471e-01
34076: 2.277778e+00 1.500000e+00 8.333333e-01 2.777778e-01 1.111111e-01
34076: 2.315789e+00 1.526316e+00 7.894737e-01 2.631579e-01 1.052632e-01
34076: 2.300000e+00 1.500000e+00 8.500000e-01 2.500000e-01 1.000000e-01
34076: 2.285714e+00 1.523810e+00 8.571429e-01 2.380952e-01 9.523810e-02
34076: 2.272727e+00 1.545455e+00 8.636364e-01 2.272727e-01 9.090909e-02
34076: 2.304348e+00 1.521739e+00 8.695652e-01 2.173913e-01 8.695652e-02
34076: 2.291667e+00 1.583333e+00 8.333333e-01 2.083333e-01 8.333333e-02
34076: 2.320000e+00 1.520000e+00 8.800000e-01 2.000000e-01 8.000000e-02
34076: 2.346154e+00 1.538462e+00 8.461538e-01 1.923077e-01 7.692308e-02
34076: 2.370370e+00 1.518519e+00 8.518519e-01 1.851852e-01 7.407407e-02
34076: 2.357143e+00 1.571429e+00 8.214286e-01 1.785714e-01 7.142857e-02
34076: 2.344828e+00 1.551724e+00 8.620690e-01 1.724138e-01 6.896552e-02
34076: 2.333333e+00 1.566667e+00 8.666667e-01 1.666667e-01 6.666667e-02
34076: 2.354839e+00 1.548387e+00 8.709677e-01 1.612903e-01 6.451613e-02
34076: 2.343750e+00 1.562500e+00 8.750000e-01 1.562500e-01 6.250000e-02
34076: 2.333333e+00 1.545455e+00 9.090909e-01 1.515152e-01 6.060606e-02
34076: 2.323529e+00 1.558824e+00 9.117647e-01 1.470588e-01 5.882353e-02
34076: 2.342857e+00 1.542857e+00 9.142857e-01 1.428571e-01 5.714286e-02
34076: 2.361111e+00 1.555556e+00 8.888889e-01 1.388889e-01 5.555556e-02
34076: 2.351351e+00 1.567568e+00 8.918919e-01 1.351351e-01 5.405405e-02
34076: 2.342105e+00 1.578947e+00 8.947368e-01 1.315789e-01 5.263158e-02
34076: 2.333333e+00 1.564103e+00 9.230769e-01 1.282051e-01 5.128205e-02
34076: 2.350000e+00 1.575000e+00 9.000000e-01 1.250000e-01 5.000000e-02
34076: 2.341463e+00 1.560976e+00 9.268293e-01 1.219512e-01 4.878049e-02
34076: 2.333333e+00 1.571429e+00 9.285714e-01 1.190476e-01 4.761905e-02
34076: 2.348837e+00 1.534884e+00 9.534884e-01 1.162791e-01 4.651163e-02
34076: 2.340909e+00 1.545455e+00 9.318182e-01 1.363636e-01 4.545455e-02
34076: 2.355556e+00 1.533333e+00 9.333333e-01 1.333333e-01 4.444444e-02
34076: 2.369565e+00 1.543478e+00 9.130435e-01 1.304348e-01 4.347826e-02
34076: 2.361702e+00 1.531915e+00 9.361702e-01 1.276596e-01 4.255319e-02
34076: 2.354167e+00 1.541667e+00 9.375000e-01 1.250000e-01 4.166667e-02
34076: 2.326531e+00 1.571429e+00 9.387755e-01 1.224490e-01 4.081633e-02
34076: 2.320000e+00 1.560000e+00 9.600000e-01 1.200000e-01 4.000000e-02
34076: 2.294118e+00 1.588235e+00 9.607843e-01 1.176471e-01 3.921569e-02
34076: 2.288462e+00 1.576923e+00 9.615385e-01 1.346154e-01 3.846154e-02
34076: 2.264151e+00 1.603774e+00 9.622642e-01 1.320755e-01 3.773585e-02
34076: 2.277778e+00 1.574074e+00 9.814815e-01 1.296296e-01 3.703704e-02
34076: 2.272727e+00 1.563636e+00 1.000000e+00 1.272727e-01 3.636364e-02
34076: 2.250000e+00 1.589286e+00 9.821429e-01 1.428571e-01 3.571429e-02
34076: 2.263158e+00 1.561404e+00 1.000000e+00 1.403509e-01 3.508772e-02
34076: 2.241379e+00 1.568966e+00 1.000000e+00 1.379310e-01 5.172414e-02
34076: 2.237288e+00 1.576271e+00 1.000000e+00 1.355932e-01 5.084746e-02
34076: 2.216667e+00 1.583333e+00 1.016667e+00 1.333333e-01 5.000000e-02
34076: 2.213115e+00 1.573770e+00 1.032787e+00 1.311475e-01 4.918033e-02
34076: 2.209677e+00 1.564516e+00 1.048387e+00 1.290323e-01 4.838710e-02
34076: 2.190476e+00 1.571429e+00 1.063492e+00 1.269841e-01 4.761905e-02
34076: 2.187500e+00 1.578125e+00 1.062500e+00 1.250000e-01 4.687500e-02
34076: 2.169231e+00 1.569231e+00 1.092308e+00 1.230769e-01 4.615385e-02
34076: 2.181818e+00 1.575758e+00 1.075758e+00 1.212121e-01 4.545455e-02
34076: 2.164179e+00 1.552239e+00 1.104478e+00 1.343284e-01 4.477612e-02
34076: 2.161765e+00 1.558824e+00 1.102941e+00 1.323529e-01 4.411765e-02
34076: 2.159420e+00 1.565217e+00 1.101449e+00 1.304348e-01 4.347826e-02
34076: 2.142857e+00 1.557143e+00 1.114286e+00 1.428571e-01 4.285714e-02
34076: 2.140845e+00 1.549296e+00 1.112676e+00 1.549296e-01 4.225352e-02
34076: 2.138889e+00 1.555556e+00 1.111111e+00 1.527778e-01 4.166667e-02
34076: 2.123288e+00 1.547945e+00 1.123288e+00 1.643836e-01 4.109589e-02
34076: 2.121622e+00 1.567568e+00 1.108108e+00 1.621622e-01 4.054054e-02
34076: 2.106667e+00 1.573333e+00 1.120000e+00 1.600000e-01 4.000000e-02
34076: 2.105263e+00 1.552632e+00 1.144737e+00 1.578947e-01 3.947368e-02
34076: 2.090909e+00 1.558442e+00 1.155844e+00 1.558442e-01 3.896104e-02
34076: 2.089744e+00 1.551282e+00 1.166667e+00 1.538462e-01 3.846154e-02
34076: 2.075949e+00 1.569620e+00 1.164557e+00 1.518987e-01 3.797468e-02
34076: 2.075000e+00 1.575000e+00 1.162500e+00 1.500000e-01 3.750000e-02
34076: 2.061728e+00 1.555556e+00 1.197531e+00 1.481481e-01 3.703704e-02
34076: 2.060976e+00 1.573171e+00 1.182927e+00 1.463415e-01 3.658537e-02
34076: 2.048193e+00 1.566265e+00 1.204819e+00 1.445783e-01 3.614458e-02
34076: 2.047619e+00 1.571429e+00 1.202381e+00 1.428571e-01 3.571429e-02
34076: 2.035294e+00 1.552941e+00 1.235294e+00 1.411765e-01 3.529412e-02
34076: 2.034884e+00 1.546512e+00 1.244186e+00 1.395349e-01 3.488372e-02
34076: 2.022989e+00 1.551724e+00 1.252874e+00 1.379310e-01 3.448276e-02
34076: 2.022727e+00 1.556818e+00 1.238636e+00 1.363636e-01 4.545455e-02
34076: 2.011236e+00 1.561798e+00 1.247191e+00 1.348315e-01 4.494382e-02
34076: 2.011111e+00 1.555556e+00 1.255556e+00 1.333333e-01 4.444444e-02
34076: 2.000000e+00 1.560440e+00 1.263736e+00 1.318681e-01 4.395604e-02
34076: 2.010870e+00 1.554348e+00 1.260870e+00 1.304348e-01 4.347826e-02
34076: 2.000000e+00 1.559140e+00 1.258065e+00 1.397849e-01 4.301075e-02
34076: 2.000000e+00 1.553191e+00 1.265957e+00 1.382979e-01 4.255319e-02
34076: 1.989474e+00 1.557895e+00 1.273684e+00 1.368421e-01 4.210526e-02
34076: 1.989583e+00 1.562500e+00 1.260417e+00 1.458333e-01 4.166667e-02
34076: 1.979381e+00 1.567010e+00 1.268041e+00 1.443299e-01 4.123711e-02
34076: 1.979592e+00 1.561224e+00 1.275510e+00 1.428571e-01 4.081633e-02
34076: 1.969697e+00 1.565657e+00 1.272727e+00 1.515152e-01 4.040404e-02
34076: 1.970000e+00 1.570000e+00 1.270000e+00 1.500000e-01 4.000000e-02
34076: 1.960396e+00 1.554455e+00 1.297030e+00 1.485149e-01 3.960396e-02
34076: 1.960784e+00 1.558824e+00 1.294118e+00 1.470588e-01 3.921569e-02
34076: 1.961165e+00 1.553398e+00 1.300971e+00 1.456311e-01 3.883495e-02
34076: 1.951923e+00 1.567308e+00 1.288462e+00 1.538462e-01 3.846154e-02
34076: 1.961905e+00 1.571429e+00 1.276190e+00 1.523810e-01 3.809524e-02
34076: 1.952830e+00 1.575472e+00 1.283019e+00 1.509434e-01 3.773585e-02
34076: 1.953271e+00 1.560748e+00 1.289720e+00 1.495327e-01 4.672897e-02
34076: 1.953704e+00 1.564815e+00 1.287037e+00 1.481481e-01 4.629630e-02
34076: 1.944954e+00 1.559633e+00 1.293578e+00 1.559633e-01 4.587156e-02
34076: 1.954545e+00 1.563636e+00 1.281818e+00 1.545455e-01 4.545455e-02
34076: 1.945946e+00 1.567568e+00 1.288288e+00 1.531532e-01 4.504505e-02
34076: 1.946429e+00 1.571429e+00 1.285714e+00 1.517857e-01 4.464286e-02
34076: 1.938053e+00 1.557522e+00 1.300885e+00 1.592920e-01 4.424779e-02
34076: 1.938596e+00 1.561404e+00 1.298246e+00 1.578947e-01 4.385965e-02
34076: 1.930435e+00 1.565217e+00 1.295652e+00 1.565217e-01 5.217391e-02
34076: 1.931034e+00 1.577586e+00 1.284483e+00 1.551724e-01 5.172414e-02
34076: 1.931624e+00 1.572650e+00 1.290598e+00 1.538462e-01 5.128205e-02
34076: 1.932203e+00 1.567797e+00 1.296610e+00 1.525424e-01 5.084746e-02
34076: 1.924370e+00 1.579832e+00 1.285714e+00 1.596639e-01 5.042017e-02
34076: 1.925000e+00 1.575000e+00 1.291667e+00 1.583333e-01 5.000000e-02
34076: 1.917355e+00 1.570248e+00 1.305785e+00 1.570248e-01 4.958678e-02
34076: 1.918033e+00 1.565574e+00 1.311475e+00 1.557377e-01 4.918033e-02
34076: 1.910569e+00 1.577236e+00 1.300813e+00 1.544715e-01 5.691057e-02
34076: 1.911290e+00 1.580645e+00 1.298387e+00 1.532258e-01 5.645161e-02
34076: 1.904000e+00 1.576000e+00 1.304000e+00 1.600000e-01 5.600000e-02
34076: 1.912698e+00 1.571429e+00 1.301587e+00 1.587302e-01 5.555556e-02
34076: 1.905512e+00 1.582677e+00 1.299213e+00 1.574803e-01 5.511811e-02
34076: 1.906250e+00 1.585938e+00 1.296875e+00 1.562500e-01 5.468750e-02
34076: 1.899225e+00 1.573643e+00 1.310078e+00 1.627907e-01 5.426357e-02
34076: 1.900000e+00 1.576923e+00 1.307692e+00 1.615385e-01 5.384615e-02
34076: 1.893130e+00 1.564885e+00 1.320611e+00 1.603053e-01 6.106870e-02
34076: 1.893939e+00 1.575758e+00 1.310606e+00 1.590909e-01 6.060606e-02
34076: 1.887218e+00 1.571429e+00 1.323308e+00 1.578947e-01 6.015038e-02
34076: 1.888060e+00 1.567164e+00 1.320896e+00 1.641791e-01 5.970149e-02
34076: 1.881481e+00 1.577778e+00 1.318519e+00 1.629630e-01 5.925926e-02
34076: 1.882353e+00 1.566176e+00 1.323529e+00 1.617647e-01 6.617647e-02
34076: 1.875912e+00 1.576642e+00 1.321168e+00 1.605839e-01 6.569343e-02
34076: 1.876812e+00 1.565217e+00 1.333333e+00 1.594203e-01 6.521739e-02
34076: 1.870504e+00 1.568345e+00 1.338129e+00 1.582734e-01 6.474820e-02
34076: 1.871429e+00 1.564286e+00 1.335714e+00 1.642857e-01 6.428571e-02
34076: 1.865248e+00 1.567376e+00 1.333333e+00 1.702128e-01 6.382979e-02
34076: 1.866197e+00 1.563380e+00 1.338028e+00 1.690141e-01 6.338028e-02
34076: 1.867133e+00 1.566434e+00 1.335664e+00 1.678322e-01 6.293706e-02
34076: 1.868056e+00 1.569444e+00 1.333333e+00 1.666667e-01 6.250000e-02
34076: 1.868966e+00 1.565517e+00 1.337931e+00 1.655172e-01 6.206897e-02
34076: 1.869863e+00 1.575342e+00 1.328767e+00 1.643836e-01 6.164384e-02
34076: 1.863946e+00 1.564626e+00 1.346939e+00 1.632653e-01 6.122449e-02
34076: 1.864865e+00 1.567568e+00 1.344595e+00 1.621622e-01 6.081081e-02
34076: 1.859060e+00 1.570470e+00 1.348993e+00 1.610738e-01 6.040268e-02
34076: 1.860000e+00 1.560000e+00 1.360000e+00 1.600000e-01 6.000000e-02
34076: 1.854305e+00 1.562914e+00 1.357616e+00 1.655629e-01 5.960265e-02
34076: 1.861842e+00 1.559211e+00 1.355263e+00 1.644737e-01 5.921053e-02
34076: 1.862745e+00 1.568627e+00 1.346405e+00 1.633987e-01 5.882353e-02
34076: 1.857143e+00 1.571429e+00 1.350649e+00 1.623377e-01 5.844156e-02
34076: 1.858065e+00 1.567742e+00 1.354839e+00 1.612903e-01 5.806452e-02
34076: 1.852564e+00 1.576923e+00 1.352564e+00 1.602564e-01 5.769231e-02
34076: 1.859873e+00 1.566879e+00 1.356688e+00 1.592357e-01 5.732484e-02
34076: 1.854430e+00 1.575949e+00 1.354430e+00 1.582278e-01 5.696203e-02
34076: 1.855346e+00 1.572327e+00 1.358491e+00 1.572327e-01 5.660377e-02
34076: 1.850000e+00 1.581250e+00 1.356250e+00 1.562500e-01 5.625000e-02
34076: 1.857143e+00 1.577640e+00 1.354037e+00 1.552795e-01 5.590062e-02
34076: 1.851852e+00 1.574074e+00 1.364198e+00 1.543210e-01 5.555556e-02
34076: 1.858896e+00 1.570552e+00 1.361963e+00 1.533742e-01 5.521472e-02
34076: 1.853659e+00 1.573171e+00 1.365854e+00 1.524390e-01 5.487805e-02
34076: 1.854545e+00 1.569697e+00 1.369697e+00 1.515152e-01 5.454545e-02
34076: 1.849398e+00 1.578313e+00 1.361446e+00 1.506024e-01 6.024096e-02
34076: 1.856287e+00 1.568862e+00 1.365269e+00 1.497006e-01 5.988024e-02
34076: 1.851190e+00 1.577381e+00 1.363095e+00 1.488095e-01 5.952381e-02
34076: 1.846154e+00 1.573964e+00 1.372781e+00 1.479290e-01 5.917160e-02
34076: 1.847059e+00 1.570588e+00 1.376471e+00 1.470588e-01 5.882353e-02
34076: 1.842105e+00 1.573099e+00 1.380117e+00 1.461988e-01 5.847953e-02
34076: 1.843023e+00 1.563953e+00 1.383721e+00 1.511628e-01 5.813953e-02
34076: 1.838150e+00 1.566474e+00 1.381503e+00 1.502890e-01 6.358382e-02
34076: 1.844828e+00 1.568966e+00 1.373563e+00 1.494253e-01 6.321839e-02
34076: 1.845714e+00 1.571429e+00 1.371429e+00 1.485714e-01 6.285714e-02
34076: 1.840909e+00 1.562500e+00 1.386364e+00 1.477273e-01 6.250000e-02
34076: 1.841808e+00 1.564972e+00 1.384181e+00 1.468927e-01 6.214689e-02
34076: 1.842697e+00 1.561798e+00 1.387640e+00 1.460674e-01 6.179775e-02
34076: 1.843575e+00 1.569832e+00 1.379888e+00 1.452514e-01 6.145251e-02
34076: 1.838889e+00 1.577778e+00 1.377778e+00 1.444444e-01 6.111111e-02
34076: 1.839779e+00 1.574586e+00 1.381215e+00 1.436464e-01 6.077348e-02
34076: 1.835165e+00 1.576923e+00 1.379121e+00 1.483516e-01 6.043956e-02
34076: 1.830601e+00 1.573770e+00 1.382514e+00 1.475410e-01 6.557377e-02
34076: 1.831522e+00 1.565217e+00 1.385870e+00 1.467391e-01 7.065217e-02
34076: 1.827027e+00 1.572973e+00 1.378378e+00 1.513514e-01 7.027027e-02
34076: 1.827957e+00 1.569892e+00 1.376344e+00 1.559140e-01 6.989247e-02
34076: 1.823529e+00 1.582888e+00 1.368984e+00 1.550802e-01 6.951872e-02
34076: 1.824468e+00 1.574468e+00 1.372340e+00 1.542553e-01 7.446809e-02
34076: 1.820106e+00 1.582011e+00 1.370370e+00 1.534392e-01 7.407407e-02
34076: 1.826316e+00 1.573684e+00 1.373684e+00 1.526316e-01 7.368421e-02
34076: 1.821990e+00 1.570681e+00 1.382199e+00 1.518325e-01 7.329843e-02
34076: 1.822917e+00 1.567708e+00 1.380208e+00 1.562500e-01 7.291667e-02
34076: 1.818653e+00 1.580311e+00 1.373057e+00 1.554404e-01 7.253886e-02
34076: 1.819588e+00 1.577320e+00 1.371134e+00 1.546392e-01 7.731959e-02
34076: 1.815385e+00 1.574359e+00 1.374359e+00 1.589744e-01 7.692308e-02
34076: 1.816327e+00 1.566327e+00 1.377551e+00 1.632653e-01 7.653061e-02
34076: 1.812183e+00 1.568528e+00 1.375635e+00 1.675127e-01 7.614213e-02
34076: 1.813131e+00 1.565657e+00 1.373737e+00 1.666667e-01 8.080808e-02
34076: 1.814070e+00 1.567839e+00 1.371859e+00 1.658291e-01 8.040201e-02
34076: 1.810000e+00 1.575000e+00 1.370000e+00 1.650000e-01 8.000000e-02
34076: 1.810945e+00 1.572139e+00 1.373134e+00 1.641791e-01 7.960199e-02
34076: 1.806931e+00 1.574257e+00 1.376238e+00 1.633663e-01 7.920792e-02
34076: 1.812808e+00 1.566502e+00 1.379310e+00 1.625616e-01 7.881773e-02
34076: 1.808824e+00 1.573529e+00 1.377451e+00 1.617647e-01 7.843137e-02
34076: 1.809756e+00 1.575610e+00 1.375610e+00 1.609756e-01 7.804878e-02
34076: 1.805825e+00 1.567961e+00 1.388350e+00 1.601942e-01 7.766990e-02
34076: 1.806763e+00 1.574879e+00 1.381643e+00 1.594203e-01 7.729469e-02
34076: 1.807692e+00 1.567308e+00 1.389423e+00 1.586538e-01 7.692308e-02
34076: 1.803828e+00 1.569378e+00 1.387560e+00 1.626794e-01 7.655502e-02
34076: 1.804762e+00 1.576190e+00 1.380952e+00 1.619048e-01 7.619048e-02
34076: 1.800948e+00 1.573460e+00 1.388626e+00 1.611374e-01 7.582938e-02
34076: 1.801887e+00 1.570755e+00 1.386792e+00 1.650943e-01 7.547170e-02
34076: 1.802817e+00 1.568075e+00 1.389671e+00 1.643192e-01 7.511737e-02
34076: 1.803738e+00 1.570093e+00 1.387850e+00 1.635514e-01 7.476636e-02
34076: 1.800000e+00 1.562791e+00 1.395349e+00 1.674419e-01 7.441860e-02
34076: 1.800926e+00 1.560185e+00 1.393519e+00 1.712963e-01 7.407407e-02
34076: 1.797235e+00 1.571429e+00 1.387097e+00 1.705069e-01 7.373272e-02
34076: 1.802752e+00 1.568807e+00 1.385321e+00 1.697248e-01 7.339450e-02
34076: 1.803653e+00 1.570776e+00 1.383562e+00 1.689498e-01 7.305936e-02
34076: 1.804545e+00 1.568182e+00 1.386364e+00 1.681818e-01 7.272727e-02
34076: 1.800905e+00 1.574661e+00 1.380090e+00 1.719457e-01 7.239819e-02
34076: 1.806306e+00 1.572072e+00 1.378378e+00 1.711712e-01 7.207207e-02
34076: 1.807175e+00 1.569507e+00 1.381166e+00 1.704036e-01 7.174888e-02
34076: 1.803571e+00 1.575893e+00 1.375000e+00 1.741071e-01 7.142857e-02
34076: 1.804444e+00 1.573333e+00 1.377778e+00 1.733333e-01 7.111111e-02
34076: 1.805310e+00 1.575221e+00 1.376106e+00 1.725664e-01 7.079646e-02
34076: 1.806167e+00 1.572687e+00 1.378855e+00 1.718062e-01 7.048458e-02
34076: 1.802632e+00 1.574561e+00 1.381579e+00 1.710526e-01 7.017544e-02
34076: 1.803493e+00 1.572052e+00 1.384279e+00 1.703057e-01 6.986900e-02
34076: 1.804348e+00 1.569565e+00 1.386957e+00 1.695652e-01 6.956522e-02
34076: 1.800866e+00 1.571429e+00 1.389610e+00 1.688312e-01 6.926407e-02
34076: 1.806034e+00 1.564655e+00 1.392241e+00 1.681034e-01 6.896552e-02
34076: 1.806867e+00 1.570815e+00 1.386266e+00 1.673820e-01 6.866953e-02
34076: 1.807692e+00 1.568376e+00 1.388889e+00 1.666667e-01 6.837607e-02
34076: 1.804255e+00 1.574468e+00 1.382979e+00 1.659574e-01 7.234043e-02
34076: 1.805085e+00 1.576271e+00 1.381356e+00 1.652542e-01 7.203390e-02
34076: 1.805907e+00 1.569620e+00 1.388186e+00 1.645570e-01 7.172996e-02
34076: 1.802521e+00 1.571429e+00 1.390756e+00 1.638655e-01 7.142857e-02
34076: 1.803347e+00 1.569038e+00 1.393305e+00 1.631799e-01 7.112971e-02
34076: 1.804167e+00 1.575000e+00 1.387500e+00 1.625000e-01 7.083333e-02
34076: 1.800830e+00 1.576763e+00 1.390041e+00 1.618257e-01 7.053942e-02
34076: 1.801653e+00 1.570248e+00 1.396694e+00 1.611570e-01 7.024793e-02
34076: 1.802469e+00 1.572016e+00 1.395062e+00 1.604938e-01 6.995885e-02
34076: 1.799180e+00 1.569672e+00 1.401639e+00 1.598361e-01 6.967213e-02
34076: 1.800000e+00 1.575510e+00 1.395918e+00 1.591837e-01 6.938776e-02
34076: 1.796748e+00 1.573171e+00 1.402439e+00 1.585366e-01 6.910569e-02
34076: 1.797571e+00 1.570850e+00 1.404858e+00 1.578947e-01 6.882591e-02
34076: 1.794355e+00 1.572581e+00 1.403226e+00 1.612903e-01 6.854839e-02
34076: 1.791165e+00 1.570281e+00 1.405622e+00 1.646586e-01 6.827309e-02
34076: 1.792000e+00 1.572000e+00 1.404000e+00 1.640000e-01 6.800000e-02
34076: 1.788845e+00 1.573705e+00 1.406375e+00 1.633466e-01 6.772908e-02
34076: 1.789683e+00 1.567460e+00 1.412698e+00 1.626984e-01 6.746032e-02
34076: 1.790514e+00 1.573123e+00 1.407115e+00 1.620553e-01 6.719368e-02
34076: 1.787402e+00 1.570866e+00 1.413386e+00 1.614173e-01 6.692913e-02
34076: 1.788235e+00 1.564706e+00 1.415686e+00 1.647059e-01 6.666667e-02
34076: 1.785156e+00 1.570312e+00 1.414062e+00 1.640625e-01 6.640625e-02
34076: 1.785992e+00 1.564202e+00 1.416342e+00 1.673152e-01 6.614786e-02
34076: 1.782946e+00 1.569767e+00 1.410853e+00 1.705426e-01 6.589147e-02
34076: 1.783784e+00 1.571429e+00 1.409266e+00 1.698842e-01 6.563707e-02
34076: 1.784615e+00 1.569231e+00 1.411538e+00 1.692308e-01 6.538462e-02
34076: 1.781609e+00 1.570881e+00 1.413793e+00 1.685824e-01 6.513410e-02
34076: 1.782443e+00 1.564885e+00 1.419847e+00 1.679389e-01 6.488550e-02
34076: 1.779468e+00 1.570342e+00 1.418251e+00 1.673004e-01 6.463878e-02
34076: 1.784091e+00 1.568182e+00 1.416667e+00 1.666667e-01 6.439394e-02
34076: 1.784906e+00 1.573585e+00 1.411321e+00 1.660377e-01 6.415094e-02
34076: 1.781955e+00 1.571429e+00 1.417293e+00 1.654135e-01 6.390977e-02
34076: 1.782772e+00 1.573034e+00 1.415730e+00 1.647940e-01 6.367041e-02
34076: 1.779851e+00 1.570896e+00 1.421642e+00 1.641791e-01 6.343284e-02
34076: 1.784387e+00 1.565056e+00 1.423792e+00 1.635688e-01 6.319703e-02
34076: 1.781481e+00 1.570370e+00 1.422222e+00 1.629630e-01 6.296296e-02
34076: 1.782288e+00 1.568266e+00 1.420664e+00 1.660517e-01 6.273063e-02
34076: 1.779412e+00 1.569853e+00 1.419118e+00 1.691176e-01 6.250000e-02
34076: 1.780220e+00 1.571429e+00 1.417582e+00 1.684982e-01 6.227106e-02
34076: 1.777372e+00 1.569343e+00 1.423358e+00 1.678832e-01 6.204380e-02
34076: 1.778182e+00 1.574545e+00 1.418182e+00 1.672727e-01 6.181818e-02
34076: 1.775362e+00 1.572464e+00 1.423913e+00 1.666667e-01 6.159420e-02
34076: 1.776173e+00 1.570397e+00 1.425993e+00 1.660650e-01 6.137184e-02
34076: 1.773381e+00 1.571942e+00 1.424460e+00 1.690647e-01 6.115108e-02
34076: 1.774194e+00 1.569892e+00 1.426523e+00 1.684588e-01 6.093190e-02
34076: 1.775000e+00 1.571429e+00 1.425000e+00 1.678571e-01 6.071429e-02
34076: 1.775801e+00 1.569395e+00 1.427046e+00 1.672598e-01 6.049822e-02
34076: 1.773050e+00 1.578014e+00 1.421986e+00 1.666667e-01 6.028369e-02
34076: 1.777385e+00 1.572438e+00 1.424028e+00 1.660777e-01 6.007067e-02
34076: 1.774648e+00 1.570423e+00 1.429577e+00 1.654930e-01 5.985915e-02
34076: 1.775439e+00 1.571930e+00 1.428070e+00 1.649123e-01 5.964912e-02
34076: 1.772727e+00 1.569930e+00 1.430070e+00 1.678322e-01 5.944056e-02
34076: 1.773519e+00 1.574913e+00 1.425087e+00 1.672474e-01 5.923345e-02
34076: 1.770833e+00 1.576389e+00 1.427083e+00 1.666667e-01 5.902778e-02
34076: 1.771626e+00 1.570934e+00 1.429066e+00 1.660900e-01 6.228374e-02
34076: 1.768966e+00 1.572414e+00 1.431034e+00 1.655172e-01 6.206897e-02
34076: 1.769759e+00 1.570447e+00 1.429553e+00 1.649485e-01 6.529210e-02
34076: 1.770548e+00 1.571918e+00 1.428082e+00 1.643836e-01 6.506849e-02
34076: 1.767918e+00 1.569966e+00 1.433447e+00 1.638225e-01 6.484642e-02
34076: 1.768707e+00 1.571429e+00 1.428571e+00 1.666667e-01 6.462585e-02
34076: 1.769492e+00 1.566102e+00 1.433898e+00 1.661017e-01 6.440678e-02
34076: 1.766892e+00 1.570946e+00 1.432432e+00 1.655405e-01 6.418919e-02
34076: 1.767677e+00 1.572391e+00 1.430976e+00 1.649832e-01 6.397306e-02
34076: 1.765101e+00 1.567114e+00 1.439597e+00 1.644295e-01 6.375839e-02
34076: 1.769231e+00 1.565217e+00 1.438127e+00 1.638796e-01 6.354515e-02
34076: 1.766667e+00 1.570000e+00 1.436667e+00 1.633333e-01 6.333333e-02
34076: 1.767442e+00 1.571429e+00 1.435216e+00 1.627907e-01 6.312292e-02
34076: 1.768212e+00 1.569536e+00 1.437086e+00 1.622517e-01 6.291391e-02
34076: 1.765677e+00 1.574257e+00 1.435644e+00 1.617162e-01 6.270627e-02
34076: 1.766447e+00 1.572368e+00 1.437500e+00 1.611842e-01 6.250000e-02
34076: 1.763934e+00 1.573770e+00 1.436066e+00 1.639344e-01 6.229508e-02
34076: 1.761438e+00 1.571895e+00 1.441176e+00 1.633987e-01 6.209150e-02
34076: 1.762215e+00 1.566775e+00 1.446254e+00 1.628664e-01 6.188925e-02
34076: 1.759740e+00 1.568182e+00 1.444805e+00 1.655844e-01 6.168831e-02
34076: 1.760518e+00 1.572816e+00 1.440129e+00 1.650485e-01 6.148867e-02
34076: 1.758065e+00 1.567742e+00 1.448387e+00 1.645161e-01 6.129032e-02
34076: 1.758842e+00 1.569132e+00 1.446945e+00 1.639871e-01 6.109325e-02
34076: 1.756410e+00 1.573718e+00 1.445513e+00 1.634615e-01 6.089744e-02
34076: 1.757188e+00 1.571885e+00 1.447284e+00 1.629393e-01 6.070288e-02
34076: 1.754777e+00 1.570064e+00 1.452229e+00 1.624204e-01 6.050955e-02
34076: 1.755556e+00 1.568254e+00 1.453968e+00 1.619048e-01 6.031746e-02
34076: 1.756329e+00 1.569620e+00 1.452532e+00 1.613924e-01 6.012658e-02
34076: 1.753943e+00 1.570978e+00 1.454259e+00 1.608833e-01 5.993691e-02
34076: 1.757862e+00 1.566038e+00 1.455975e+00 1.603774e-01 5.974843e-02
34076: 1.758621e+00 1.570533e+00 1.451411e+00 1.598746e-01 5.956113e-02
34076: 1.759375e+00 1.565625e+00 1.456250e+00 1.593750e-01 5.937500e-02
34076: 1.757009e+00 1.573209e+00 1.451713e+00 1.588785e-01 5.919003e-02
34076: 1.757764e+00 1.571429e+00 1.450311e+00 1.614907e-01 5.900621e-02
34076: 1.758514e+00 1.572755e+00 1.448916e+00 1.609907e-01 5.882353e-02
34076: 1.756173e+00 1.567901e+00 1.456790e+00 1.604938e-01 5.864198e-02
34076: 1.760000e+00 1.569231e+00 1.452308e+00 1.600000e-01 5.846154e-02
34076: 1.757669e+00 1.570552e+00 1.453988e+00 1.595092e-01 5.828221e-02
34076: 1.755352e+00 1.568807e+00 1.458716e+00 1.590214e-01 5.810398e-02
34076: 1.756098e+00 1.567073e+00 1.457317e+00 1.615854e-01 5.792683e-02
34076: 1.756839e+00 1.568389e+00 1.455927e+00 1.610942e-01 5.775076e-02
34076: 1.754545e+00 1.572727e+00 1.454545e+00 1.606061e-01 5.757576e-02
34076: 1.755287e+00 1.570997e+00 1.453172e+00 1.631420e-01 5.740181e-02
34076: 1.753012e+00 1.575301e+00 1.451807e+00 1.626506e-01 5.722892e-02
34076: 1.750751e+00 1.576577e+00 1.450450e+00 1.651652e-01 5.705706e-02
34076: 1.751497e+00 1.574850e+00 1.449102e+00 1.676647e-01 5.688623e-02
34076: 1.752239e+00 1.576119e+00 1.447761e+00 1.671642e-01 5.671642e-02
34076: 1.750000e+00 1.574405e+00 1.449405e+00 1.696429e-01 5.654762e-02
34076: 1.750742e+00 1.575668e+00 1.448071e+00 1.691395e-01 5.637982e-02
34076: 1.751479e+00 1.573964e+00 1.449704e+00 1.686391e-01 5.621302e-02
34076: 1.749263e+00 1.578171e+00 1.448378e+00 1.681416e-01 5.604720e-02
34076: 1.750000e+00 1.576471e+00 1.450000e+00 1.676471e-01 5.588235e-02
34076: 1.747801e+00 1.577713e+00 1.448680e+00 1.671554e-01 5.865103e-02
34076: 1.748538e+00 1.576023e+00 1.447368e+00 1.695906e-01 5.847953e-02
34076: 1.746356e+00 1.580175e+00 1.446064e+00 1.690962e-01 5.830904e-02
34076: 1.750000e+00 1.578488e+00 1.444767e+00 1.686047e-01 5.813953e-02
34076: 1.747826e+00 1.576812e+00 1.449275e+00 1.681159e-01 5.797101e-02
34076: 1.748555e+00 1.578035e+00 1.447977e+00 1.676301e-01 5.780347e-02
34076: 1.746398e+00 1.576369e+00 1.449568e+00 1.700288e-01 5.763689e-02
34076: 1.750000e+00 1.574713e+00 1.448276e+00 1.695402e-01 5.747126e-02
34076: 1.750716e+00 1.573066e+00 1.449857e+00 1.690544e-01 5.730659e-02
34076: 1.748571e+00 1.571429e+00 1.451429e+00 1.685714e-01 6.000000e-02
34076: 1.749288e+00 1.569801e+00 1.450142e+00 1.709402e-01 5.982906e-02
34076: 1.747159e+00 1.573864e+00 1.448864e+00 1.704545e-01 5.965909e-02
34076: 1.747875e+00 1.572238e+00 1.447592e+00 1.728045e-01 5.949008e-02
34076: 1.745763e+00 1.573446e+00 1.449153e+00 1.723164e-01 5.932203e-02
34076: 1.746479e+00 1.571831e+00 1.450704e+00 1.718310e-01 5.915493e-02
34076: 1.744382e+00 1.573034e+00 1.449438e+00 1.741573e-01 5.898876e-02
34076: 1.745098e+00 1.568627e+00 1.450980e+00 1.736695e-01 6.162465e-02
34076: 1.743017e+00 1.575419e+00 1.446927e+00 1.731844e-01 6.145251e-02
34076: 1.746518e+00 1.573816e+00 1.445682e+00 1.727019e-01 6.128134e-02
34076: 1.744444e+00 1.572222e+00 1.450000e+00 1.722222e-01 6.111111e-02
34076: 1.745152e+00 1.570637e+00 1.451524e+00 1.717452e-01 6.094183e-02
34076: 1.745856e+00 1.571823e+00 1.450276e+00 1.712707e-01 6.077348e-02
34076: 1.743802e+00 1.570248e+00 1.454545e+00 1.707989e-01 6.060606e-02
34076: 1.744505e+00 1.568681e+00 1.456044e+00 1.703297e-01 6.043956e-02
34076: 1.742466e+00 1.575342e+00 1.452055e+00 1.698630e-01 6.027397e-02
34076: 1.745902e+00 1.571038e+00 1.453552e+00 1.693989e-01 6.010929e-02
34076: 1.743869e+00 1.572207e+00 1.455041e+00 1.689373e-01 5.994550e-02
34076: 1.747283e+00 1.570652e+00 1.453804e+00 1.684783e-01 5.978261e-02
34076: 1.745257e+00 1.571816e+00 1.452575e+00 1.707317e-01 5.962060e-02
34076: 1.745946e+00 1.567568e+00 1.456757e+00 1.702703e-01 5.945946e-02
34076: 1.743935e+00 1.571429e+00 1.455526e+00 1.698113e-01 5.929919e-02
34076: 1.744624e+00 1.567204e+00 1.456989e+00 1.720430e-01 5.913978e-02
34076: 1.742627e+00 1.571046e+00 1.453083e+00 1.715818e-01 6.166220e-02
34076: 1.743316e+00 1.569519e+00 1.451872e+00 1.711230e-01 6.417112e-02
34076: 1.741333e+00 1.573333e+00 1.450667e+00 1.706667e-01 6.400000e-02
34076: 1.739362e+00 1.574468e+00 1.452128e+00 1.702128e-01 6.382979e-02
34076: 1.740053e+00 1.572944e+00 1.450928e+00 1.697613e-01 6.631300e-02
34076: 1.738095e+00 1.574074e+00 1.452381e+00 1.693122e-01 6.613757e-02
34076: 1.738786e+00 1.569921e+00 1.453826e+00 1.688654e-01 6.860158e-02
34076: 1.736842e+00 1.576316e+00 1.450000e+00 1.684211e-01 6.842105e-02
34076: 1.737533e+00 1.572178e+00 1.454068e+00 1.679790e-01 6.824147e-02
34076: 1.738220e+00 1.570681e+00 1.455497e+00 1.675393e-01 6.806283e-02
34076: 1.736292e+00 1.571802e+00 1.456919e+00 1.671018e-01 6.788512e-02
34076: 1.736979e+00 1.567708e+00 1.458333e+00 1.692708e-01 6.770833e-02
34076: 1.735065e+00 1.571429e+00 1.454545e+00 1.714286e-01 6.753247e-02
34076: 1.733161e+00 1.575130e+00 1.453368e+00 1.709845e-01 6.735751e-02
34076: 1.733850e+00 1.571059e+00 1.454780e+00 1.731266e-01 6.718346e-02
34076: 1.734536e+00 1.572165e+00 1.453608e+00 1.726804e-01 6.701031e-02
34076: 1.732648e+00 1.573265e+00 1.455013e+00 1.722365e-01 6.683805e-02
34076: 1.733333e+00 1.571795e+00 1.456410e+00 1.717949e-01 6.666667e-02
34076: 1.731458e+00 1.572890e+00 1.455243e+00 1.739130e-01 6.649616e-02
34076: 1.732143e+00 1.573980e+00 1.454082e+00 1.734694e-01 6.632653e-02
34076: 1.730280e+00 1.575064e+00 1.455471e+00 1.730280e-01 6.615776e-02
34076: 1.730964e+00 1.573604e+00 1.456853e+00 1.725888e-01 6.598985e-02
34076: 1.729114e+00 1.572152e+00 1.460759e+00 1.721519e-01 6.582278e-02
34076: 1.729798e+00 1.570707e+00 1.462121e+00 1.717172e-01 6.565657e-02
34076: 1.730479e+00 1.571788e+00 1.460957e+00 1.712846e-01 6.549118e-02
34076: 1.731156e+00 1.570352e+00 1.462312e+00 1.708543e-01 6.532663e-02
34076: 1.729323e+00 1.571429e+00 1.463659e+00 1.704261e-01 6.516291e-02
34076: 1.732500e+00 1.567500e+00 1.465000e+00 1.700000e-01 6.500000e-02
34076: 1.730673e+00 1.571072e+00 1.463840e+00 1.695761e-01 6.483791e-02
34076: 1.731343e+00 1.572139e+00 1.462687e+00 1.691542e-01 6.467662e-02
34076: 1.732010e+00 1.570720e+00 1.464020e+00 1.687345e-01 6.451613e-02
34076: 1.730198e+00 1.571782e+00 1.462871e+00 1.707921e-01 6.435644e-02
34076: 1.733333e+00 1.567901e+00 1.464198e+00 1.703704e-01 6.419753e-02
34076: 1.731527e+00 1.571429e+00 1.463054e+00 1.699507e-01 6.403941e-02
34076: 1.729730e+00 1.570025e+00 1.464373e+00 1.719902e-01 6.388206e-02
34076: 1.732843e+00 1.568627e+00 1.463235e+00 1.715686e-01 6.372549e-02
34076: 1.733496e+00 1.569682e+00 1.462103e+00 1.711491e-01 6.356968e-02
34076: 1.731707e+00 1.568293e+00 1.465854e+00 1.707317e-01 6.341463e-02
34076: 1.732360e+00 1.566910e+00 1.464720e+00 1.703163e-01 6.569343e-02
34076: 1.733010e+00 1.570388e+00 1.461165e+00 1.699029e-01 6.553398e-02
34076: 1.731235e+00 1.571429e+00 1.462470e+00 1.694915e-01 6.537530e-02
34076: 1.731884e+00 1.567633e+00 1.463768e+00 1.714976e-01 6.521739e-02
34076: 1.732530e+00 1.571084e+00 1.460241e+00 1.710843e-01 6.506024e-02
34076: 1.733173e+00 1.569712e+00 1.461538e+00 1.706731e-01 6.490385e-02
34076: 1.731415e+00 1.575540e+00 1.458034e+00 1.702638e-01 6.474820e-02
34076: 1.734450e+00 1.571770e+00 1.459330e+00 1.698565e-01 6.459330e-02
34076: 1.735084e+00 1.572792e+00 1.458234e+00 1.694511e-01 6.443914e-02
34076: 1.735714e+00 1.571429e+00 1.459524e+00 1.690476e-01 6.428571e-02
34076: 1.733967e+00 1.570071e+00 1.463183e+00 1.686461e-01 6.413302e-02
34076: 1.736967e+00 1.566351e+00 1.464455e+00 1.682464e-01 6.398104e-02
34076: 1.735225e+00 1.567376e+00 1.463357e+00 1.702128e-01 6.382979e-02
34076: 1.735849e+00 1.568396e+00 1.462264e+00 1.698113e-01 6.367925e-02
34076: 1.734118e+00 1.569412e+00 1.463529e+00 1.694118e-01 6.352941e-02
34076: 1.732394e+00 1.575117e+00 1.460094e+00 1.690141e-01 6.338028e-02
34076: 1.735363e+00 1.571429e+00 1.461358e+00 1.686183e-01 6.323185e-02
34076: 1.733645e+00 1.570093e+00 1.464953e+00 1.682243e-01 6.308411e-02
34076: 1.734266e+00 1.568765e+00 1.466200e+00 1.678322e-01 6.293706e-02
34076: 1.732558e+00 1.569767e+00 1.465116e+00 1.697674e-01 6.279070e-02
34076: 1.730858e+00 1.573086e+00 1.464037e+00 1.693735e-01 6.264501e-02
34076: 1.731481e+00 1.571759e+00 1.465278e+00 1.689815e-01 6.250000e-02
34076: 1.729792e+00 1.572748e+00 1.464203e+00 1.709007e-01 6.235566e-02
34076: 1.728111e+00 1.571429e+00 1.467742e+00 1.705069e-01 6.221198e-02
34076: 1.728736e+00 1.567816e+00 1.468966e+00 1.701149e-01 6.436782e-02
34076: 1.727064e+00 1.571101e+00 1.467890e+00 1.697248e-01 6.422018e-02
34076: 1.725400e+00 1.572082e+00 1.469108e+00 1.693364e-01 6.407323e-02
34076: 1.728311e+00 1.568493e+00 1.470320e+00 1.689498e-01 6.392694e-02
34076: 1.728929e+00 1.571754e+00 1.466970e+00 1.685649e-01 6.378132e-02
34076: 1.727273e+00 1.568182e+00 1.472727e+00 1.681818e-01 6.363636e-02
34076: 1.727891e+00 1.571429e+00 1.469388e+00 1.678005e-01 6.349206e-02
34076: 1.726244e+00 1.570136e+00 1.472851e+00 1.674208e-01 6.334842e-02
34076: 1.724605e+00 1.571106e+00 1.474041e+00 1.670429e-01 6.320542e-02
34076: 1.725225e+00 1.569820e+00 1.475225e+00 1.666667e-01 6.306306e-02
34076: 1.725843e+00 1.573034e+00 1.471910e+00 1.662921e-01 6.292135e-02
34076: 1.724215e+00 1.569507e+00 1.475336e+00 1.681614e-01 6.278027e-02
34076: 1.727069e+00 1.568233e+00 1.474273e+00 1.677852e-01 6.263982e-02
34076: 1.725446e+00 1.571429e+00 1.473214e+00 1.674107e-01 6.250000e-02
34076: 1.723831e+00 1.572383e+00 1.474388e+00 1.670379e-01 6.236080e-02
34076: 1.722222e+00 1.575556e+00 1.473333e+00 1.666667e-01 6.222222e-02
34076: 1.720621e+00 1.574279e+00 1.476718e+00 1.662971e-01 6.208426e-02
34076: 1.721239e+00 1.575221e+00 1.475664e+00 1.659292e-01 6.194690e-02
34076: 1.719647e+00 1.576159e+00 1.476821e+00 1.655629e-01 6.181015e-02
34076: 1.718062e+00 1.577093e+00 1.475771e+00 1.674009e-01 6.167401e-02
34076: 1.716484e+00 1.578022e+00 1.474725e+00 1.692308e-01 6.153846e-02
34076: 1.717105e+00 1.578947e+00 1.473684e+00 1.688596e-01 6.140351e-02
34076: 1.717724e+00 1.577681e+00 1.474836e+00 1.684902e-01 6.126915e-02
34076: 1.716157e+00 1.578603e+00 1.475983e+00 1.681223e-01 6.113537e-02
34076: 1.714597e+00 1.579521e+00 1.474946e+00 1.699346e-01 6.100218e-02
34076: 1.713043e+00 1.580435e+00 1.473913e+00 1.717391e-01 6.086957e-02
34076: 1.713666e+00 1.577007e+00 1.475054e+00 1.735358e-01 6.073753e-02
34076: 1.712121e+00 1.577922e+00 1.476190e+00 1.731602e-01 6.060606e-02
34076: 1.712743e+00 1.576674e+00 1.477322e+00 1.727862e-01 6.047516e-02
34076: 1.711207e+00 1.577586e+00 1.478448e+00 1.724138e-01 6.034483e-02
34076: 1.711828e+00 1.576344e+00 1.479570e+00 1.720430e-01 6.021505e-02
34076: 1.712446e+00 1.575107e+00 1.480687e+00 1.716738e-01 6.008584e-02
34076: 1.710921e+00 1.578158e+00 1.479657e+00 1.713062e-01 5.995717e-02
34076: 1.711538e+00 1.576923e+00 1.480769e+00 1.709402e-01 5.982906e-02
34076: 1.712154e+00 1.575693e+00 1.481876e+00 1.705757e-01 5.970149e-02
34076: 1.710638e+00 1.578723e+00 1.480851e+00 1.702128e-01 5.957447e-02
34076: 1.709130e+00 1.579618e+00 1.481953e+00 1.698514e-01 5.944798e-02
34076: 1.711864e+00 1.578390e+00 1.480932e+00 1.694915e-01 5.932203e-02
34076: 1.712474e+00 1.579281e+00 1.479915e+00 1.691332e-01 5.919662e-02
34076: 1.710970e+00 1.580169e+00 1.481013e+00 1.687764e-01 5.907173e-02
34076: 1.709474e+00 1.578947e+00 1.484211e+00 1.684211e-01 5.894737e-02
34076: 1.710084e+00 1.577731e+00 1.483193e+00 1.701681e-01 5.882353e-02
34076: 1.708595e+00 1.578616e+00 1.482180e+00 1.719078e-01 5.870021e-02
34076: 1.709205e+00 1.577406e+00 1.483264e+00 1.715481e-01 5.857741e-02
34076: 1.707724e+00 1.576200e+00 1.484342e+00 1.711900e-01 6.054280e-02
34076: 1.708333e+00 1.575000e+00 1.485417e+00 1.708333e-01 6.041667e-02
34076: 1.706861e+00 1.575884e+00 1.484407e+00 1.725572e-01 6.029106e-02
34076: 1.707469e+00 1.574689e+00 1.485477e+00 1.721992e-01 6.016598e-02
34076: 1.706004e+00 1.575569e+00 1.486542e+00 1.718427e-01 6.004141e-02
34076: 1.706612e+00 1.572314e+00 1.487603e+00 1.735537e-01 5.991736e-02
34076: 1.705155e+00 1.571134e+00 1.488660e+00 1.752577e-01 5.979381e-02
34076: 1.705761e+00 1.569959e+00 1.489712e+00 1.748971e-01 5.967078e-02
34076: 1.704312e+00 1.574949e+00 1.486653e+00 1.745380e-01 5.954825e-02
34076: 1.704918e+00 1.571721e+00 1.489754e+00 1.741803e-01 5.942623e-02
34076: 1.703476e+00 1.572597e+00 1.490798e+00 1.738241e-01 5.930470e-02
34076: 1.704082e+00 1.569388e+00 1.493878e+00 1.734694e-01 5.918367e-02
34076: 1.702648e+00 1.572301e+00 1.490835e+00 1.751527e-01 5.906314e-02
34076: 1.705285e+00 1.571138e+00 1.489837e+00 1.747967e-01 5.894309e-02
34076: 1.703854e+00 1.572008e+00 1.488844e+00 1.764706e-01 5.882353e-02
34076: 1.704453e+00 1.568826e+00 1.491903e+00 1.761134e-01 5.870445e-02
34076: 1.703030e+00 1.573737e+00 1.488889e+00 1.757576e-01 5.858586e-02
34076: 1.703629e+00 1.574597e+00 1.487903e+00 1.754032e-01 5.846774e-02
34076: 1.702213e+00 1.575453e+00 1.488934e+00 1.750503e-01 5.835010e-02
34076: 1.702811e+00 1.572289e+00 1.489960e+00 1.767068e-01 5.823293e-02
34076: 1.701403e+00 1.571142e+00 1.490982e+00 1.783567e-01 5.811623e-02
34076: 1.702000e+00 1.570000e+00 1.490000e+00 1.780000e-01 6.000000e-02
34076: 1.702595e+00 1.570858e+00 1.489022e+00 1.776447e-01 5.988024e-02
34076: 1.701195e+00 1.569721e+00 1.490040e+00 1.792829e-01 5.976096e-02
34076: 1.701789e+00 1.568588e+00 1.489066e+00 1.809145e-01 5.964215e-02
34076: 1.700397e+00 1.571429e+00 1.488095e+00 1.805556e-01 5.952381e-02
34076: 1.700990e+00 1.570297e+00 1.489109e+00 1.801980e-01 5.940594e-02
34076: 1.699605e+00 1.573123e+00 1.488142e+00 1.798419e-01 5.928854e-02
34076: 1.702170e+00 1.570020e+00 1.489152e+00 1.794872e-01 5.917160e-02
34076: 1.700787e+00 1.570866e+00 1.490157e+00 1.791339e-01 5.905512e-02
34076: 1.703340e+00 1.567780e+00 1.491159e+00 1.787819e-01 5.893910e-02
34076: 1.701961e+00 1.572549e+00 1.488235e+00 1.784314e-01 5.882353e-02
34076: 1.702544e+00 1.571429e+00 1.487280e+00 1.800391e-01 5.870841e-02
34076: 1.701172e+00 1.572266e+00 1.488281e+00 1.796875e-01 5.859375e-02
34076: 1.701754e+00 1.571150e+00 1.489279e+00 1.793372e-01 5.847953e-02
34076: 1.700389e+00 1.573930e+00 1.488327e+00 1.789883e-01 5.836576e-02
34076: 1.700971e+00 1.574757e+00 1.487379e+00 1.786408e-01 5.825243e-02
34076: 1.701550e+00 1.573643e+00 1.488372e+00 1.782946e-01 5.813953e-02
34076: 1.700193e+00 1.574468e+00 1.487427e+00 1.779497e-01 5.996132e-02
34076: 1.700772e+00 1.571429e+00 1.490347e+00 1.776062e-01 5.984556e-02
34076: 1.699422e+00 1.572254e+00 1.491329e+00 1.772640e-01 5.973025e-02
34076: 1.700000e+00 1.569231e+00 1.494231e+00 1.769231e-01 5.961538e-02
34076: 1.698656e+00 1.571977e+00 1.491363e+00 1.785029e-01 5.950096e-02
34076: 1.699234e+00 1.572797e+00 1.490421e+00 1.781609e-01 5.938697e-02
34076: 1.697897e+00 1.571702e+00 1.493308e+00 1.778203e-01 5.927342e-02
34076: 1.698473e+00 1.570611e+00 1.492366e+00 1.793893e-01 5.916031e-02
34076: 1.697143e+00 1.569524e+00 1.495238e+00 1.790476e-01 5.904762e-02
34076: 1.699620e+00 1.570342e+00 1.492395e+00 1.787072e-01 5.893536e-02
34076: 1.698292e+00 1.569260e+00 1.495256e+00 1.783681e-01 5.882353e-02
34076: 1.700758e+00 1.570076e+00 1.492424e+00 1.780303e-01 5.871212e-02
34076: 1.699433e+00 1.568998e+00 1.493384e+00 1.795841e-01 5.860113e-02
34076: 1.700000e+00 1.569811e+00 1.492453e+00 1.792453e-01 5.849057e-02
34076: 1.698682e+00 1.570621e+00 1.491525e+00 1.807910e-01 5.838041e-02
34076: 1.699248e+00 1.569549e+00 1.490602e+00 1.823308e-01 5.827068e-02
34076: 1.697936e+00 1.572233e+00 1.489681e+00 1.819887e-01 5.816135e-02
34076: 1.696629e+00 1.573034e+00 1.490637e+00 1.816479e-01 5.805243e-02
34076: 1.697196e+00 1.571963e+00 1.491589e+00 1.813084e-01 5.794393e-02
34076: 1.695896e+00 1.572761e+00 1.492537e+00 1.809701e-01 5.783582e-02
34076: 1.698324e+00 1.571695e+00 1.491620e+00 1.806331e-01 5.772812e-02
34076: 1.697026e+00 1.574349e+00 1.490706e+00 1.802974e-01 5.762082e-02
34076: 1.697588e+00 1.575139e+00 1.489796e+00 1.799629e-01 5.751391e-02
34076: 1.698148e+00 1.574074e+00 1.490741e+00 1.796296e-01 5.740741e-02
34076: 1.696858e+00 1.574861e+00 1.491682e+00 1.792976e-01 5.730129e-02
34076: 1.699262e+00 1.573801e+00 1.490775e+00 1.789668e-01 5.719557e-02
34076: 1.699816e+00 1.574586e+00 1.489871e+00 1.786372e-01 5.709024e-02
34076: 1.698529e+00 1.573529e+00 1.492647e+00 1.783088e-01 5.698529e-02
34076: 1.700917e+00 1.572477e+00 1.491743e+00 1.779817e-01 5.688073e-02
34076: 1.699634e+00 1.575092e+00 1.490842e+00 1.776557e-01 5.677656e-02
34076: 1.702011e+00 1.574040e+00 1.489945e+00 1.773309e-01 5.667276e-02
34076: 1.700730e+00 1.576642e+00 1.489051e+00 1.770073e-01 5.656934e-02
34076: 1.699454e+00 1.577413e+00 1.488160e+00 1.766849e-01 5.828780e-02
34076: 1.700000e+00 1.578182e+00 1.487273e+00 1.763636e-01 5.818182e-02
34076: 1.698730e+00 1.577132e+00 1.488203e+00 1.760436e-01 5.989111e-02
34076: 1.701087e+00 1.574275e+00 1.489130e+00 1.757246e-01 5.978261e-02
34076: 1.699819e+00 1.573237e+00 1.490054e+00 1.754069e-01 6.148282e-02
34076: 1.698556e+00 1.572202e+00 1.492780e+00 1.750903e-01 6.137184e-02
34076: 1.699099e+00 1.571171e+00 1.493694e+00 1.747748e-01 6.126126e-02
34076: 1.697842e+00 1.570144e+00 1.496403e+00 1.744604e-01 6.115108e-02
34076: 1.696589e+00 1.570916e+00 1.497307e+00 1.741472e-01 6.104129e-02
34076: 1.698925e+00 1.569892e+00 1.496416e+00 1.738351e-01 6.093190e-02
34076: 1.697674e+00 1.572451e+00 1.495528e+00 1.735242e-01 6.082290e-02
34076: 1.696429e+00 1.573214e+00 1.496429e+00 1.732143e-01 6.071429e-02
34076: 1.698752e+00 1.570410e+00 1.497326e+00 1.729055e-01 6.060606e-02
34076: 1.697509e+00 1.569395e+00 1.500000e+00 1.725979e-01 6.049822e-02
34076: 1.696270e+00 1.573712e+00 1.497336e+00 1.722913e-01 6.039076e-02
34076: 1.696809e+00 1.572695e+00 1.498227e+00 1.719858e-01 6.028369e-02
34076: 1.695575e+00 1.573451e+00 1.499115e+00 1.716814e-01 6.017699e-02
34076: 1.697880e+00 1.572438e+00 1.498233e+00 1.713781e-01 6.007067e-02
34076: 1.696649e+00 1.573192e+00 1.499118e+00 1.710758e-01 5.996473e-02
34076: 1.695423e+00 1.575704e+00 1.498239e+00 1.707746e-01 5.985915e-02
34076: 1.695958e+00 1.572935e+00 1.500879e+00 1.704745e-01 5.975395e-02
34076: 1.696491e+00 1.571930e+00 1.501754e+00 1.701754e-01 5.964912e-02
34076: 1.695271e+00 1.572680e+00 1.502627e+00 1.698774e-01 5.954466e-02
34076: 1.694056e+00 1.573427e+00 1.501748e+00 1.695804e-01 6.118881e-02
34076: 1.694590e+00 1.572426e+00 1.502618e+00 1.692845e-01 6.108202e-02
34076: 1.693380e+00 1.573171e+00 1.501742e+00 1.707317e-01 6.097561e-02
34076: 1.692174e+00 1.575652e+00 1.500870e+00 1.704348e-01 6.086957e-02
34076: 1.694444e+00 1.574653e+00 1.500000e+00 1.701389e-01 6.076389e-02
34076: 1.693241e+00 1.575390e+00 1.500867e+00 1.698440e-01 6.065858e-02
34076: 1.692042e+00 1.574394e+00 1.503460e+00 1.695502e-01 6.055363e-02
34076: 1.692573e+00 1.575130e+00 1.502591e+00 1.692573e-01 6.044905e-02
34076: 1.691379e+00 1.574138e+00 1.503448e+00 1.689655e-01 6.206897e-02
34076: 1.691910e+00 1.574871e+00 1.502582e+00 1.686747e-01 6.196213e-02
34076: 1.690722e+00 1.573883e+00 1.503436e+00 1.701031e-01 6.185567e-02
34076: 1.691252e+00 1.572899e+00 1.504288e+00 1.698113e-01 6.174957e-02
34076: 1.690068e+00 1.573630e+00 1.505137e+00 1.695205e-01 6.164384e-02
34076: 1.688889e+00 1.574359e+00 1.504274e+00 1.709402e-01 6.153846e-02
34076: 1.689420e+00 1.573379e+00 1.503413e+00 1.723549e-01 6.143345e-02
34076: 1.688245e+00 1.574106e+00 1.502555e+00 1.737649e-01 6.132879e-02
34076: 1.688776e+00 1.571429e+00 1.503401e+00 1.751701e-01 6.122449e-02
34076: 1.687606e+00 1.572156e+00 1.504244e+00 1.748727e-01 6.112054e-02
34076: 1.689831e+00 1.571186e+00 1.503390e+00 1.745763e-01 6.101695e-02
34076: 1.690355e+00 1.571912e+00 1.502538e+00 1.742809e-01 6.091371e-02
34076: 1.689189e+00 1.570946e+00 1.505068e+00 1.739865e-01 6.081081e-02
34076: 1.688027e+00 1.571669e+00 1.504216e+00 1.736931e-01 6.239460e-02
34076: 1.690236e+00 1.570707e+00 1.503367e+00 1.734007e-01 6.228956e-02
34076: 1.690756e+00 1.571429e+00 1.502521e+00 1.731092e-01 6.218487e-02
34076: 1.689597e+00 1.570470e+00 1.505034e+00 1.728188e-01 6.208054e-02
34076: 1.690117e+00 1.571189e+00 1.504188e+00 1.725293e-01 6.197655e-02
34076: 1.688963e+00 1.570234e+00 1.506689e+00 1.722408e-01 6.187291e-02
34076: 1.689482e+00 1.567613e+00 1.509182e+00 1.719533e-01 6.176962e-02
34076: 1.690000e+00 1.570000e+00 1.506667e+00 1.716667e-01 6.166667e-02
34076: 1.690516e+00 1.567388e+00 1.509151e+00 1.713810e-01 6.156406e-02
34076: 1.689369e+00 1.569767e+00 1.508306e+00 1.710963e-01 6.146179e-02
34076: 1.688226e+00 1.572139e+00 1.507463e+00 1.708126e-01 6.135987e-02
34076: 1.687086e+00 1.572848e+00 1.508278e+00 1.705298e-01 6.125828e-02
34076: 1.689256e+00 1.571901e+00 1.507438e+00 1.702479e-01 6.115702e-02
34076: 1.689769e+00 1.572607e+00 1.506601e+00 1.699670e-01 6.105611e-02
34076: 1.688633e+00 1.573311e+00 1.507414e+00 1.696870e-01 6.095552e-02
34076: 1.689145e+00 1.574013e+00 1.506579e+00 1.694079e-01 6.085526e-02
34076: 1.689655e+00 1.573071e+00 1.507389e+00 1.691297e-01 6.075534e-02
34076: 1.688525e+00 1.573770e+00 1.508197e+00 1.688525e-01 6.065574e-02
34076: 1.687398e+00 1.574468e+00 1.509002e+00 1.685761e-01 6.055646e-02
34076: 1.686275e+00 1.575163e+00 1.508170e+00 1.699346e-01 6.045752e-02
34076: 1.688418e+00 1.572594e+00 1.508972e+00 1.696574e-01 6.035889e-02
34076: 1.687296e+00 1.574919e+00 1.508143e+00 1.693811e-01 6.026059e-02
34076: 1.687805e+00 1.573984e+00 1.508943e+00 1.691057e-01 6.016260e-02
34076: 1.686688e+00 1.576299e+00 1.508117e+00 1.688312e-01 6.006494e-02
34076: 1.688817e+00 1.575365e+00 1.507293e+00 1.685575e-01 5.996759e-02
34076: 1.687702e+00 1.576052e+00 1.506472e+00 1.699029e-01 5.987055e-02
34076: 1.688207e+00 1.576737e+00 1.505654e+00 1.696284e-01 5.977383e-02
34076: 1.687097e+00 1.575806e+00 1.506452e+00 1.693548e-01 6.129032e-02
34076: 1.687601e+00 1.574879e+00 1.505636e+00 1.706924e-01 6.119163e-02
34076: 1.686495e+00 1.573955e+00 1.506431e+00 1.704180e-01 6.270096e-02
34076: 1.686998e+00 1.571429e+00 1.507223e+00 1.717496e-01 6.260032e-02
34076: 1.685897e+00 1.570513e+00 1.509615e+00 1.714744e-01 6.250000e-02
34076: 1.686400e+00 1.569600e+00 1.510400e+00 1.712000e-01 6.240000e-02
34076: 1.686901e+00 1.571885e+00 1.507987e+00 1.709265e-01 6.230032e-02
34076: 1.685805e+00 1.572568e+00 1.508772e+00 1.706539e-01 6.220096e-02
34076: 1.684713e+00 1.574841e+00 1.507962e+00 1.703822e-01 6.210191e-02
34076: 1.683625e+00 1.573927e+00 1.508744e+00 1.717011e-01 6.200318e-02
34076: 1.685714e+00 1.573016e+00 1.507937e+00 1.714286e-01 6.190476e-02
34076: 1.684628e+00 1.573693e+00 1.507132e+00 1.727417e-01 6.180666e-02
34076: 1.683544e+00 1.575949e+00 1.506329e+00 1.724684e-01 6.170886e-02
34076: 1.684044e+00 1.575039e+00 1.505529e+00 1.737757e-01 6.161137e-02
34076: 1.682965e+00 1.574132e+00 1.506309e+00 1.750789e-01 6.151420e-02
34076: 1.683465e+00 1.573228e+00 1.507087e+00 1.748031e-01 6.141732e-02
34076: 1.682390e+00 1.575472e+00 1.506289e+00 1.745283e-01 6.132075e-02
34076: 1.681319e+00 1.576138e+00 1.507064e+00 1.742543e-01 6.122449e-02
34076: 1.681818e+00 1.575235e+00 1.507837e+00 1.739812e-01 6.112853e-02
34076: 1.680751e+00 1.575900e+00 1.507042e+00 1.752739e-01 6.103286e-02
34076: 1.682813e+00 1.575000e+00 1.506250e+00 1.750000e-01 6.093750e-02
34076: 1.681747e+00 1.575663e+00 1.507020e+00 1.747270e-01 6.084243e-02
34076: 1.682243e+00 1.576324e+00 1.506231e+00 1.744548e-01 6.074766e-02
34076: 1.681182e+00 1.576983e+00 1.506998e+00 1.741835e-01 6.065319e-02
34076: 1.680124e+00 1.577640e+00 1.506211e+00 1.739130e-01 6.211180e-02
34076: 1.680620e+00 1.575194e+00 1.506977e+00 1.736434e-01 6.356589e-02
34076: 1.679567e+00 1.575851e+00 1.507740e+00 1.733746e-01 6.346749e-02
34076: 1.680062e+00 1.574961e+00 1.508501e+00 1.731066e-01 6.336940e-02
34076: 1.679012e+00 1.575617e+00 1.507716e+00 1.743827e-01 6.327160e-02
34076: 1.679507e+00 1.576271e+00 1.506934e+00 1.741140e-01 6.317411e-02
34076: 1.678462e+00 1.575385e+00 1.509231e+00 1.738462e-01 6.307692e-02
34076: 1.678955e+00 1.574501e+00 1.509985e+00 1.735791e-01 6.298003e-02
34076: 1.677914e+00 1.575153e+00 1.510736e+00 1.733129e-01 6.288344e-02
34076: 1.678407e+00 1.574273e+00 1.511485e+00 1.730475e-01 6.278714e-02
34076: 1.677370e+00 1.574924e+00 1.512232e+00 1.727829e-01 6.269113e-02
34076: 1.677863e+00 1.575573e+00 1.511450e+00 1.725191e-01 6.259542e-02
34076: 1.676829e+00 1.574695e+00 1.512195e+00 1.737805e-01 6.250000e-02
34076: 1.675799e+00 1.575342e+00 1.512938e+00 1.735160e-01 6.240487e-02
34076: 1.677812e+00 1.574468e+00 1.512158e+00 1.732523e-01 6.231003e-02
34076: 1.678300e+00 1.575114e+00 1.511381e+00 1.729894e-01 6.221548e-02
34076: 1.677273e+00 1.574242e+00 1.512121e+00 1.727273e-01 6.363636e-02
34076: 1.676248e+00 1.573374e+00 1.514372e+00 1.724660e-01 6.354009e-02
34076: 1.676737e+00 1.572508e+00 1.513595e+00 1.737160e-01 6.344411e-02
34076: 1.675716e+00 1.574661e+00 1.512821e+00 1.734540e-01 6.334842e-02
34076: 1.677711e+00 1.573795e+00 1.512048e+00 1.731928e-01 6.325301e-02
34076: 1.676692e+00 1.572932e+00 1.514286e+00 1.729323e-01 6.315789e-02
34076: 1.675676e+00 1.573574e+00 1.515015e+00 1.726727e-01 6.306306e-02
34076: 1.676162e+00 1.571214e+00 1.517241e+00 1.724138e-01 6.296852e-02
34076: 1.675150e+00 1.570359e+00 1.517964e+00 1.736527e-01 6.287425e-02
34076: 1.675635e+00 1.571001e+00 1.517190e+00 1.733931e-01 6.278027e-02
34076: 1.674627e+00 1.570149e+00 1.517910e+00 1.746269e-01 6.268657e-02
34076: 1.675112e+00 1.569300e+00 1.518629e+00 1.743666e-01 6.259314e-02
34076: 1.674107e+00 1.569940e+00 1.517857e+00 1.755952e-01 6.250000e-02
34076: 1.673105e+00 1.573551e+00 1.515602e+00 1.753343e-01 6.240713e-02
34076: 1.673591e+00 1.574184e+00 1.514837e+00 1.750742e-01 6.231454e-02
34076: 1.674074e+00 1.573333e+00 1.515556e+00 1.748148e-01 6.222222e-02
34076: 1.673077e+00 1.572485e+00 1.516272e+00 1.745562e-01 6.360947e-02
34076: 1.673560e+00 1.573117e+00 1.515510e+00 1.742984e-01 6.351551e-02
34076: 1.672566e+00 1.570796e+00 1.517699e+00 1.740413e-01 6.489676e-02
34076: 1.673049e+00 1.568483e+00 1.518409e+00 1.752577e-01 6.480118e-02
34076: 1.673529e+00 1.570588e+00 1.516176e+00 1.750000e-01 6.470588e-02
34076: 1.672540e+00 1.569750e+00 1.516887e+00 1.762115e-01 6.461087e-02
34076: 1.674487e+00 1.568915e+00 1.516129e+00 1.759531e-01 6.451613e-02
34076: 1.673499e+00 1.569546e+00 1.515373e+00 1.756955e-01 6.588580e-02
34076: 1.672515e+00 1.571637e+00 1.514620e+00 1.754386e-01 6.578947e-02
34076: 1.672993e+00 1.570803e+00 1.513869e+00 1.751825e-01 6.715328e-02
34076: 1.673469e+00 1.571429e+00 1.513120e+00 1.749271e-01 6.705539e-02
34076: 1.672489e+00 1.570597e+00 1.513828e+00 1.761281e-01 6.695779e-02
34076: 1.671512e+00 1.572674e+00 1.513081e+00 1.758721e-01 6.686047e-02
34076: 1.671988e+00 1.573295e+00 1.512337e+00 1.756168e-01 6.676343e-02
34076: 1.671014e+00 1.572464e+00 1.514493e+00 1.753623e-01 6.666667e-02
34076: 1.671491e+00 1.570188e+00 1.516643e+00 1.751085e-01 6.657019e-02
34076: 1.671965e+00 1.570809e+00 1.515896e+00 1.748555e-01 6.647399e-02
34076: 1.670996e+00 1.571429e+00 1.516595e+00 1.746032e-01 6.637807e-02
34076: 1.671470e+00 1.570605e+00 1.517291e+00 1.743516e-01 6.628242e-02
34076: 1.670504e+00 1.571223e+00 1.517986e+00 1.741007e-01 6.618705e-02
34076: 1.670977e+00 1.570402e+00 1.518678e+00 1.738506e-01 6.609195e-02
34076: 1.671449e+00 1.571019e+00 1.517934e+00 1.736011e-01 6.599713e-02
34076: 1.670487e+00 1.570201e+00 1.518625e+00 1.747851e-01 6.590258e-02
34076: 1.669528e+00 1.570815e+00 1.517883e+00 1.759657e-01 6.580830e-02
34076: 1.671429e+00 1.570000e+00 1.517143e+00 1.757143e-01 6.571429e-02
34076: 1.670471e+00 1.570613e+00 1.516405e+00 1.768902e-01 6.562054e-02
34076: 1.669516e+00 1.572650e+00 1.515670e+00 1.766382e-01 6.552707e-02
34076: 1.669986e+00 1.573257e+00 1.514936e+00 1.763869e-01 6.543385e-02
34076: 1.669034e+00 1.573864e+00 1.515625e+00 1.761364e-01 6.534091e-02
34076: 1.668085e+00 1.574468e+00 1.516312e+00 1.758865e-01 6.524823e-02
34076: 1.667139e+00 1.575071e+00 1.515581e+00 1.770538e-01 6.515581e-02
34076: 1.669024e+00 1.574257e+00 1.514851e+00 1.768034e-01 6.506365e-02
34076: 1.669492e+00 1.574859e+00 1.514124e+00 1.765537e-01 6.497175e-02
34076: 1.668547e+00 1.572638e+00 1.517630e+00 1.763047e-01 6.488011e-02
34076: 1.667606e+00 1.571831e+00 1.518310e+00 1.774648e-01 6.478873e-02
34076: 1.668073e+00 1.571027e+00 1.517581e+00 1.786217e-01 6.469761e-02
34076: 1.667135e+00 1.571629e+00 1.516854e+00 1.797753e-01 6.460674e-02
34076: 1.669004e+00 1.570827e+00 1.516129e+00 1.795231e-01 6.451613e-02
34076: 1.668067e+00 1.571429e+00 1.516807e+00 1.792717e-01 6.442577e-02
34076: 1.667133e+00 1.573427e+00 1.516084e+00 1.790210e-01 6.433566e-02
34076: 1.667598e+00 1.572626e+00 1.516760e+00 1.787709e-01 6.424581e-02
34076: 1.668061e+00 1.573222e+00 1.516039e+00 1.785216e-01 6.415621e-02
34076: 1.667131e+00 1.572423e+00 1.518106e+00 1.782730e-01 6.406685e-02
34076: 1.667594e+00 1.571627e+00 1.518776e+00 1.780250e-01 6.397775e-02
34076: 1.666667e+00 1.572222e+00 1.519444e+00 1.777778e-01 6.388889e-02
34076: 1.667129e+00 1.572816e+00 1.518724e+00 1.775312e-01 6.380028e-02
34076: 1.666205e+00 1.573407e+00 1.519391e+00 1.772853e-01 6.371191e-02
34076: 1.665284e+00 1.575380e+00 1.518672e+00 1.770401e-01 6.362379e-02
34076: 1.665746e+00 1.574586e+00 1.519337e+00 1.767956e-01 6.353591e-02
34076: 1.664828e+00 1.575172e+00 1.520000e+00 1.765517e-01 6.344828e-02
34076: 1.665289e+00 1.573003e+00 1.522039e+00 1.763085e-01 6.336088e-02
34076: 1.665750e+00 1.573590e+00 1.521320e+00 1.760660e-01 6.327373e-02
34076: 1.666209e+00 1.572802e+00 1.521978e+00 1.758242e-01 6.318681e-02
34076: 1.666667e+00 1.572016e+00 1.522634e+00 1.755830e-01 6.310014e-02
34076: 1.665753e+00 1.572603e+00 1.521918e+00 1.767123e-01 6.301370e-02
34076: 1.666211e+00 1.573187e+00 1.521204e+00 1.764706e-01 6.292750e-02
34076: 1.666667e+00 1.572404e+00 1.521858e+00 1.762295e-01 6.284153e-02
34076: 1.665757e+00 1.571623e+00 1.522510e+00 1.773533e-01 6.275580e-02
34076: 1.667575e+00 1.570845e+00 1.521798e+00 1.771117e-01 6.267030e-02
34076: 1.666667e+00 1.571429e+00 1.522449e+00 1.768707e-01 6.258503e-02
34076: 1.667120e+00 1.572011e+00 1.521739e+00 1.766304e-01 6.250000e-02
34076: 1.667571e+00 1.569878e+00 1.523745e+00 1.763908e-01 6.241520e-02
34076: 1.666667e+00 1.571816e+00 1.521680e+00 1.761518e-01 6.368564e-02
34076: 1.665765e+00 1.572395e+00 1.520974e+00 1.772666e-01 6.359946e-02
34076: 1.667568e+00 1.571622e+00 1.520270e+00 1.770270e-01 6.351351e-02
34076: 1.668016e+00 1.572200e+00 1.519568e+00 1.767881e-01 6.342780e-02
34076: 1.667116e+00 1.571429e+00 1.520216e+00 1.778976e-01 6.334232e-02
34076: 1.666218e+00 1.573351e+00 1.519515e+00 1.776581e-01 6.325707e-02
34076: 1.666667e+00 1.572581e+00 1.520161e+00 1.774194e-01 6.317204e-02
34076: 1.665772e+00 1.573154e+00 1.520805e+00 1.771812e-01 6.308725e-02
34076: 1.666220e+00 1.573727e+00 1.520107e+00 1.769437e-01 6.300268e-02
34076: 1.665328e+00 1.574297e+00 1.520750e+00 1.767068e-01 6.291834e-02
34076: 1.665775e+00 1.574866e+00 1.520053e+00 1.764706e-01 6.283422e-02
34076: 1.664887e+00 1.575434e+00 1.520694e+00 1.762350e-01 6.275033e-02
34076: 1.664000e+00 1.576000e+00 1.521333e+00 1.760000e-01 6.266667e-02
34076: 1.665779e+00 1.575233e+00 1.520639e+00 1.757656e-01 6.258322e-02
34076: 1.664894e+00 1.575798e+00 1.521277e+00 1.755319e-01 6.250000e-02
34076: 1.664011e+00 1.576361e+00 1.520584e+00 1.766268e-01 6.241700e-02
34076: 1.663130e+00 1.578249e+00 1.519894e+00 1.763926e-01 6.233422e-02
34076: 1.663576e+00 1.578808e+00 1.519205e+00 1.761589e-01 6.225166e-02
34076: 1.664021e+00 1.578042e+00 1.519841e+00 1.759259e-01 6.216931e-02
34076: 1.664465e+00 1.578600e+00 1.519155e+00 1.756935e-01 6.208719e-02
34076: 1.663588e+00 1.577836e+00 1.521108e+00 1.754617e-01 6.200528e-02
34076: 1.662714e+00 1.578393e+00 1.520422e+00 1.765481e-01 6.192358e-02
34076: 1.664474e+00 1.577632e+00 1.519737e+00 1.763158e-01 6.184211e-02
34076: 1.663601e+00 1.578187e+00 1.519054e+00 1.773982e-01 6.176084e-02
34076: 1.662730e+00 1.580052e+00 1.518373e+00 1.771654e-01 6.167979e-02
34076: 1.663172e+00 1.579292e+00 1.519004e+00 1.769332e-01 6.159895e-02
34076: 1.662304e+00 1.579843e+00 1.518325e+00 1.780105e-01 6.151832e-02
34076: 1.664052e+00 1.579085e+00 1.517647e+00 1.777778e-01 6.143791e-02
34076: 1.663185e+00 1.578329e+00 1.518277e+00 1.775457e-01 6.266319e-02
34076: 1.663625e+00 1.578879e+00 1.517601e+00 1.773142e-01 6.258149e-02
34076: 1.662760e+00 1.579427e+00 1.518229e+00 1.770833e-01 6.250000e-02
34076: 1.664499e+00 1.578674e+00 1.517555e+00 1.768531e-01 6.241873e-02
34076: 1.663636e+00 1.577922e+00 1.518182e+00 1.779221e-01 6.233766e-02
34076: 1.662776e+00 1.579767e+00 1.517510e+00 1.776913e-01 6.225681e-02
34076: 1.664508e+00 1.577720e+00 1.518135e+00 1.774611e-01 6.217617e-02
34076: 1.664942e+00 1.576973e+00 1.518758e+00 1.772316e-01 6.209573e-02
34076: 1.664083e+00 1.577519e+00 1.519380e+00 1.770026e-01 6.201550e-02
34076: 1.664516e+00 1.578065e+00 1.518710e+00 1.767742e-01 6.193548e-02
34076: 1.663660e+00 1.577320e+00 1.520619e+00 1.765464e-01 6.185567e-02
34076: 1.664093e+00 1.577864e+00 1.519949e+00 1.763192e-01 6.177606e-02
34076: 1.663239e+00 1.578406e+00 1.520566e+00 1.760925e-01 6.169666e-02
34076: 1.663671e+00 1.578947e+00 1.519897e+00 1.758665e-01 6.161746e-02
34076: 1.662821e+00 1.576923e+00 1.521795e+00 1.769231e-01 6.153846e-02
34076: 1.663252e+00 1.576184e+00 1.522407e+00 1.766965e-01 6.145967e-02
34076: 1.662404e+00 1.576726e+00 1.523018e+00 1.764706e-01 6.138107e-02
34076: 1.661558e+00 1.577267e+00 1.523627e+00 1.762452e-01 6.130268e-02
34076: 1.660714e+00 1.576531e+00 1.525510e+00 1.760204e-01 6.122449e-02
34076: 1.661146e+00 1.575796e+00 1.526115e+00 1.757962e-01 6.114650e-02
34076: 1.660305e+00 1.576336e+00 1.526718e+00 1.755725e-01 6.106870e-02
34076: 1.659466e+00 1.576874e+00 1.526048e+00 1.766201e-01 6.099111e-02
34076: 1.659898e+00 1.577411e+00 1.525381e+00 1.763959e-01 6.091371e-02
34076: 1.659062e+00 1.576679e+00 1.527250e+00 1.761724e-01 6.083650e-02
34076: 1.659494e+00 1.577215e+00 1.526582e+00 1.759494e-01 6.075949e-02
34076: 1.658660e+00 1.576485e+00 1.528445e+00 1.757269e-01 6.068268e-02
34076: 1.657828e+00 1.577020e+00 1.527778e+00 1.755051e-01 6.186869e-02
34076: 1.656999e+00 1.577554e+00 1.528373e+00 1.752837e-01 6.179067e-02
34076: 1.657431e+00 1.578086e+00 1.527708e+00 1.750630e-01 6.171285e-02
34076: 1.656604e+00 1.577358e+00 1.529560e+00 1.748428e-01 6.163522e-02
34076: 1.658291e+00 1.576633e+00 1.528894e+00 1.746231e-01 6.155779e-02
34076: 1.657465e+00 1.577164e+00 1.529486e+00 1.744040e-01 6.148055e-02
34076: 1.656642e+00 1.578947e+00 1.528822e+00 1.741855e-01 6.140351e-02
34076: 1.657071e+00 1.578223e+00 1.529412e+00 1.739675e-01 6.132666e-02
34076: 1.656250e+00 1.578750e+00 1.528750e+00 1.750000e-01 6.125000e-02
34076: 1.656679e+00 1.578027e+00 1.529338e+00 1.747815e-01 6.117353e-02
34076: 1.655860e+00 1.579800e+00 1.528678e+00 1.745636e-01 6.109726e-02
34076: 1.657534e+00 1.577833e+00 1.529265e+00 1.743462e-01 6.102117e-02
34076: 1.656716e+00 1.577114e+00 1.531095e+00 1.741294e-01 6.094527e-02
34076: 1.655901e+00 1.578882e+00 1.530435e+00 1.739130e-01 6.086957e-02
34076: 1.656328e+00 1.578164e+00 1.531017e+00 1.736973e-01 6.079404e-02
34076: 1.655514e+00 1.579926e+00 1.530359e+00 1.734820e-01 6.071871e-02
34076: 1.655941e+00 1.580446e+00 1.529703e+00 1.732673e-01 6.064356e-02
34076: 1.655130e+00 1.580964e+00 1.530284e+00 1.730532e-01 6.056860e-02
34076: 1.655556e+00 1.580247e+00 1.530864e+00 1.728395e-01 6.049383e-02
34076: 1.655980e+00 1.580764e+00 1.530210e+00 1.726264e-01 6.041924e-02
34076: 1.656404e+00 1.580049e+00 1.530788e+00 1.724138e-01 6.034483e-02
34076: 1.656827e+00 1.580566e+00 1.530135e+00 1.722017e-01 6.027060e-02
34076: 1.656020e+00 1.581081e+00 1.530713e+00 1.719902e-01 6.019656e-02
34076: 1.656442e+00 1.581595e+00 1.530061e+00 1.717791e-01 6.012270e-02
34076: 1.656863e+00 1.579657e+00 1.531863e+00 1.715686e-01 6.004902e-02
34076: 1.656059e+00 1.580171e+00 1.531212e+00 1.725826e-01 5.997552e-02
34076: 1.656479e+00 1.579462e+00 1.530562e+00 1.723716e-01 6.112469e-02
34076: 1.655678e+00 1.579976e+00 1.531136e+00 1.721612e-01 6.105006e-02
34076: 1.657317e+00 1.579268e+00 1.530488e+00 1.719512e-01 6.097561e-02
34076: 1.656516e+00 1.578563e+00 1.531060e+00 1.729598e-01 6.090134e-02
34076: 1.655718e+00 1.577859e+00 1.531630e+00 1.727494e-01 6.204380e-02
34076: 1.656136e+00 1.577157e+00 1.530984e+00 1.737546e-01 6.196841e-02
34076: 1.655340e+00 1.577670e+00 1.531553e+00 1.735437e-01 6.189320e-02
34076: 1.655758e+00 1.575758e+00 1.533333e+00 1.733333e-01 6.181818e-02
34076: 1.656174e+00 1.576271e+00 1.532688e+00 1.731235e-01 6.174334e-02
34076: 1.655381e+00 1.575574e+00 1.533253e+00 1.741233e-01 6.166868e-02
34076: 1.654589e+00 1.574879e+00 1.535024e+00 1.739130e-01 6.159420e-02
34076: 1.655006e+00 1.574186e+00 1.535585e+00 1.737033e-01 6.151990e-02
34076: 1.654217e+00 1.575904e+00 1.534940e+00 1.734940e-01 6.144578e-02
34076: 1.654633e+00 1.575211e+00 1.535499e+00 1.732852e-01 6.137184e-02
34076: 1.653846e+00 1.575721e+00 1.536058e+00 1.730769e-01 6.129808e-02
34076: 1.654262e+00 1.575030e+00 1.536615e+00 1.728691e-01 6.122449e-02
34076: 1.654676e+00 1.575540e+00 1.535971e+00 1.726619e-01 6.115108e-02
34076: 1.655090e+00 1.574850e+00 1.536527e+00 1.724551e-01 6.107784e-02
34076: 1.655502e+00 1.575359e+00 1.535885e+00 1.722488e-01 6.100478e-02
34076: 1.655914e+00 1.573477e+00 1.537634e+00 1.720430e-01 6.093190e-02
34076: 1.655131e+00 1.573986e+00 1.538186e+00 1.718377e-01 6.085919e-02
34076: 1.654350e+00 1.573302e+00 1.538737e+00 1.716329e-01 6.197855e-02
34076: 1.654762e+00 1.573810e+00 1.538095e+00 1.714286e-01 6.190476e-02
34076: 1.653983e+00 1.571938e+00 1.541023e+00 1.712247e-01 6.183115e-02
34076: 1.654394e+00 1.572447e+00 1.540380e+00 1.710214e-01 6.175772e-02
34076: 1.653618e+00 1.572954e+00 1.540925e+00 1.708185e-01 6.168446e-02
34076: 1.652844e+00 1.572275e+00 1.541469e+00 1.718009e-01 6.161137e-02
34076: 1.653254e+00 1.572781e+00 1.540828e+00 1.715976e-01 6.153846e-02
34076: 1.653664e+00 1.572104e+00 1.541371e+00 1.713948e-01 6.146572e-02
34076: 1.652893e+00 1.572609e+00 1.540732e+00 1.723731e-01 6.139315e-02
34076: 1.652123e+00 1.573113e+00 1.540094e+00 1.721698e-01 6.250000e-02
34076: 1.652532e+00 1.572438e+00 1.540636e+00 1.719670e-01 6.242638e-02
34076: 1.652941e+00 1.572941e+00 1.540000e+00 1.717647e-01 6.235294e-02
34076: 1.653349e+00 1.572268e+00 1.540541e+00 1.715629e-01 6.227967e-02
34076: 1.652582e+00 1.572770e+00 1.539906e+00 1.725352e-01 6.220657e-02
34076: 1.651817e+00 1.573271e+00 1.539273e+00 1.735053e-01 6.213365e-02
34076: 1.651054e+00 1.573770e+00 1.538642e+00 1.733021e-01 6.323185e-02
34076: 1.650292e+00 1.575439e+00 1.538012e+00 1.730994e-01 6.315789e-02
34076: 1.650701e+00 1.575935e+00 1.537383e+00 1.728972e-01 6.308411e-02
34076: 1.649942e+00 1.576429e+00 1.537923e+00 1.726954e-01 6.301050e-02
34076: 1.649184e+00 1.576923e+00 1.538462e+00 1.724942e-01 6.293706e-02
34076: 1.649593e+00 1.576251e+00 1.538999e+00 1.722934e-01 6.286380e-02
34076: 1.650000e+00 1.576744e+00 1.538372e+00 1.720930e-01 6.279070e-02
34076: 1.650407e+00 1.574913e+00 1.540070e+00 1.718931e-01 6.271777e-02
34076: 1.649652e+00 1.576566e+00 1.539443e+00 1.716937e-01 6.264501e-02
34076: 1.648899e+00 1.575898e+00 1.541136e+00 1.714948e-01 6.257242e-02
34076: 1.648148e+00 1.576389e+00 1.541667e+00 1.712963e-01 6.250000e-02
34076: 1.648555e+00 1.576879e+00 1.541040e+00 1.710983e-01 6.242775e-02
34076: 1.648961e+00 1.576212e+00 1.541570e+00 1.709007e-01 6.235566e-02
34076: 1.648212e+00 1.576701e+00 1.542099e+00 1.707036e-01 6.228374e-02
34076: 1.647465e+00 1.577189e+00 1.542627e+00 1.705069e-01 6.221198e-02
34076: 1.646720e+00 1.577675e+00 1.543153e+00 1.703107e-01 6.214039e-02
34076: 1.645977e+00 1.578161e+00 1.543678e+00 1.701149e-01 6.206897e-02
34076: 1.646383e+00 1.576349e+00 1.545350e+00 1.699196e-01 6.199770e-02
34076: 1.646789e+00 1.576835e+00 1.544725e+00 1.697248e-01 6.192661e-02
34076: 1.647194e+00 1.576174e+00 1.545246e+00 1.695304e-01 6.185567e-02
34076: 1.646453e+00 1.576659e+00 1.544622e+00 1.704805e-01 6.178490e-02
34076: 1.645714e+00 1.578286e+00 1.544000e+00 1.702857e-01 6.171429e-02
34076: 1.646119e+00 1.578767e+00 1.543379e+00 1.700913e-01 6.164384e-02
34076: 1.645382e+00 1.579247e+00 1.543900e+00 1.698974e-01 6.157355e-02
34076: 1.645786e+00 1.578588e+00 1.544419e+00 1.697039e-01 6.150342e-02
34076: 1.645051e+00 1.579067e+00 1.543800e+00 1.706485e-01 6.143345e-02
34076: 1.645455e+00 1.579545e+00 1.543182e+00 1.704545e-01 6.136364e-02
34076: 1.644722e+00 1.580023e+00 1.543700e+00 1.702611e-01 6.129398e-02
34076: 1.645125e+00 1.580499e+00 1.543084e+00 1.700680e-01 6.122449e-02
34076: 1.644394e+00 1.579841e+00 1.544734e+00 1.698754e-01 6.115515e-02
34076: 1.644796e+00 1.580317e+00 1.544118e+00 1.696833e-01 6.108597e-02
34076: 1.645198e+00 1.579661e+00 1.544633e+00 1.694915e-01 6.101695e-02
34076: 1.645598e+00 1.579007e+00 1.545147e+00 1.693002e-01 6.094808e-02
34076: 1.644870e+00 1.580609e+00 1.544532e+00 1.691094e-01 6.087937e-02
34076: 1.645270e+00 1.581081e+00 1.543919e+00 1.689189e-01 6.081081e-02
34076: 1.644544e+00 1.580427e+00 1.544432e+00 1.698538e-01 6.074241e-02
34076: 1.643820e+00 1.580899e+00 1.544944e+00 1.696629e-01 6.067416e-02
34076: 1.644220e+00 1.580247e+00 1.544332e+00 1.705948e-01 6.060606e-02
34076: 1.643498e+00 1.580717e+00 1.543722e+00 1.715247e-01 6.053812e-02
34076: 1.643897e+00 1.580067e+00 1.544233e+00 1.713326e-01 6.047032e-02
34076: 1.643177e+00 1.580537e+00 1.544743e+00 1.711409e-01 6.040268e-02
34076: 1.642458e+00 1.579888e+00 1.545251e+00 1.720670e-01 6.033520e-02
34076: 1.642857e+00 1.580357e+00 1.544643e+00 1.718750e-01 6.026786e-02
34076: 1.643255e+00 1.579710e+00 1.545151e+00 1.716834e-01 6.020067e-02
34076: 1.642539e+00 1.580178e+00 1.545657e+00 1.714922e-01 6.013363e-02
34076: 1.644049e+00 1.578420e+00 1.546162e+00 1.713014e-01 6.006674e-02
34076: 1.643333e+00 1.578889e+00 1.546667e+00 1.711111e-01 6.000000e-02
34076: 1.643729e+00 1.579356e+00 1.546060e+00 1.709212e-01 5.993341e-02
34076: 1.643016e+00 1.578714e+00 1.547672e+00 1.707317e-01 5.986696e-02
34076: 1.644518e+00 1.578073e+00 1.547065e+00 1.705426e-01 5.980066e-02
34076: 1.643805e+00 1.578540e+00 1.546460e+00 1.714602e-01 5.973451e-02
34076: 1.644199e+00 1.579006e+00 1.545856e+00 1.712707e-01 5.966851e-02
34076: 1.643488e+00 1.579470e+00 1.546358e+00 1.710817e-01 5.960265e-02
34076: 1.643881e+00 1.579934e+00 1.545755e+00 1.708931e-01 5.953693e-02
34076: 1.643172e+00 1.580396e+00 1.546256e+00 1.707048e-01 5.947137e-02
34076: 1.642464e+00 1.579758e+00 1.546755e+00 1.716172e-01 5.940594e-02
34076: 1.642857e+00 1.580220e+00 1.546154e+00 1.714286e-01 5.934066e-02
34076: 1.642151e+00 1.580681e+00 1.546652e+00 1.712404e-01 5.927552e-02
34076: 1.642544e+00 1.581140e+00 1.546053e+00 1.710526e-01 5.921053e-02
34076: 1.641840e+00 1.581599e+00 1.546550e+00 1.708653e-01 5.914567e-02
34076: 1.641138e+00 1.582057e+00 1.547046e+00 1.706783e-01 5.908096e-02
34076: 1.641530e+00 1.581421e+00 1.547541e+00 1.704918e-01 5.901639e-02
34076: 1.640830e+00 1.582969e+00 1.546943e+00 1.703057e-01 5.895197e-02
34076: 1.641221e+00 1.583424e+00 1.546347e+00 1.701200e-01 5.888768e-02
34076: 1.640523e+00 1.582789e+00 1.547930e+00 1.699346e-01 5.882353e-02
34076: 1.639826e+00 1.583243e+00 1.547334e+00 1.708379e-01 5.875952e-02
34076: 1.641304e+00 1.582609e+00 1.546739e+00 1.706522e-01 5.869565e-02
34076: 1.640608e+00 1.583062e+00 1.547231e+00 1.704669e-01 5.863192e-02
34076: 1.640998e+00 1.583514e+00 1.546638e+00 1.702820e-01 5.856833e-02
34076: 1.640303e+00 1.582882e+00 1.547129e+00 1.711809e-01 5.850488e-02
34076: 1.639610e+00 1.583333e+00 1.546537e+00 1.720779e-01 5.844156e-02
34076: 1.640000e+00 1.582703e+00 1.547027e+00 1.718919e-01 5.837838e-02
34076: 1.639309e+00 1.583153e+00 1.547516e+00 1.717063e-01 5.831533e-02
34076: 1.640777e+00 1.582524e+00 1.546926e+00 1.715210e-01 5.825243e-02
34076: 1.640086e+00 1.582974e+00 1.546336e+00 1.724138e-01 5.818966e-02
34076: 1.640474e+00 1.582347e+00 1.546825e+00 1.722282e-01 5.812702e-02
34076: 1.639785e+00 1.583871e+00 1.546237e+00 1.720430e-01 5.806452e-02
34076: 1.641246e+00 1.583244e+00 1.545650e+00 1.718582e-01 5.800215e-02
34076: 1.640558e+00 1.584764e+00 1.545064e+00 1.716738e-01 5.793991e-02
34076: 1.639871e+00 1.586281e+00 1.544480e+00 1.714898e-01 5.787781e-02
34076: 1.641328e+00 1.585653e+00 1.543897e+00 1.713062e-01 5.781585e-02
34076: 1.640642e+00 1.586096e+00 1.544385e+00 1.711230e-01 5.775401e-02
34076: 1.639957e+00 1.586538e+00 1.544872e+00 1.709402e-01 5.769231e-02
34076: 1.640342e+00 1.586980e+00 1.544290e+00 1.707577e-01 5.763074e-02
34076: 1.639659e+00 1.586354e+00 1.544776e+00 1.716418e-01 5.756930e-02
34076: 1.640043e+00 1.586794e+00 1.544196e+00 1.714590e-01 5.750799e-02
34076: 1.639362e+00 1.586170e+00 1.545745e+00 1.712766e-01 5.744681e-02
34076: 1.640808e+00 1.585547e+00 1.545165e+00 1.710946e-01 5.738576e-02
34076: 1.640127e+00 1.585987e+00 1.545648e+00 1.709130e-01 5.732484e-02
34076: 1.639449e+00 1.587487e+00 1.545069e+00 1.707317e-01 5.726405e-02
34076: 1.639831e+00 1.586864e+00 1.545551e+00 1.705508e-01 5.720339e-02
34076: 1.639153e+00 1.587302e+00 1.546032e+00 1.703704e-01 5.714286e-02
34076: 1.639535e+00 1.586681e+00 1.546512e+00 1.701903e-01 5.708245e-02
34076: 1.638860e+00 1.587117e+00 1.546990e+00 1.700106e-01 5.702218e-02
34076: 1.638186e+00 1.588608e+00 1.546414e+00 1.698312e-01 5.696203e-02
34076: 1.639621e+00 1.587987e+00 1.545838e+00 1.696523e-01 5.690200e-02
34076: 1.638947e+00 1.589474e+00 1.545263e+00 1.694737e-01 5.684211e-02
34076: 1.639327e+00 1.589905e+00 1.544690e+00 1.692955e-01 5.678233e-02
34076: 1.638655e+00 1.589286e+00 1.545168e+00 1.701681e-01 5.672269e-02
34076: 1.640084e+00 1.588667e+00 1.544596e+00 1.699895e-01 5.666317e-02
34076: 1.639413e+00 1.589099e+00 1.545073e+00 1.698113e-01 5.660377e-02
34076: 1.638743e+00 1.590576e+00 1.544503e+00 1.696335e-01 5.654450e-02
34076: 1.639121e+00 1.591004e+00 1.543933e+00 1.694561e-01 5.648536e-02
34076: 1.638454e+00 1.589342e+00 1.545455e+00 1.703239e-01 5.642633e-02
34076: 1.638831e+00 1.589770e+00 1.544885e+00 1.701461e-01 5.636743e-02
34076: 1.639208e+00 1.589155e+00 1.545360e+00 1.699687e-01 5.630865e-02
34076: 1.639583e+00 1.589583e+00 1.544792e+00 1.697917e-01 5.625000e-02
34076: 1.638918e+00 1.588970e+00 1.545265e+00 1.706556e-01 5.619147e-02
34076: 1.639293e+00 1.587318e+00 1.546778e+00 1.704782e-01 5.613306e-02
34076: 1.639668e+00 1.587747e+00 1.546210e+00 1.703011e-01 5.607477e-02
34076: 1.639004e+00 1.587137e+00 1.546680e+00 1.711618e-01 5.601660e-02
34076: 1.638342e+00 1.587565e+00 1.547150e+00 1.709845e-01 5.595855e-02
34076: 1.638716e+00 1.587992e+00 1.546584e+00 1.708075e-01 5.590062e-02
34076: 1.639090e+00 1.587384e+00 1.547053e+00 1.706308e-01 5.584281e-02
34076: 1.638430e+00 1.587810e+00 1.546488e+00 1.714876e-01 5.578512e-02
34076: 1.637771e+00 1.588235e+00 1.545924e+00 1.723426e-01 5.572755e-02
34076: 1.638144e+00 1.587629e+00 1.545361e+00 1.731959e-01 5.567010e-02
34076: 1.637487e+00 1.589083e+00 1.544799e+00 1.730175e-01 5.561277e-02
34076: 1.637860e+00 1.589506e+00 1.544239e+00 1.728395e-01 5.555556e-02
34076: 1.638232e+00 1.588900e+00 1.544707e+00 1.726619e-01 5.549846e-02
34076: 1.637577e+00 1.590349e+00 1.544148e+00 1.724846e-01 5.544148e-02
34076: 1.637949e+00 1.589744e+00 1.543590e+00 1.723077e-01 5.641026e-02
34076: 1.637295e+00 1.590164e+00 1.543033e+00 1.731557e-01 5.635246e-02
34076: 1.636643e+00 1.591607e+00 1.542477e+00 1.729785e-01 5.629478e-02
34076: 1.637014e+00 1.589980e+00 1.542945e+00 1.728016e-01 5.725971e-02
34076: 1.636364e+00 1.590398e+00 1.542390e+00 1.726251e-01 5.822268e-02
34076: 1.637755e+00 1.589796e+00 1.541837e+00 1.724490e-01 5.816327e-02
34076: 1.638124e+00 1.590214e+00 1.541284e+00 1.722732e-01 5.810398e-02
34076: 1.638493e+00 1.588595e+00 1.542770e+00 1.720978e-01 5.804481e-02
34076: 1.638861e+00 1.589013e+00 1.542218e+00 1.719227e-01 5.798576e-02
34076: 1.638211e+00 1.589431e+00 1.542683e+00 1.717480e-01 5.792683e-02
34076: 1.637563e+00 1.590863e+00 1.542132e+00 1.715736e-01 5.786802e-02
34076: 1.637931e+00 1.591278e+00 1.541582e+00 1.713996e-01 5.780933e-02
34076: 1.637285e+00 1.590679e+00 1.543060e+00 1.712259e-01 5.775076e-02
34076: 1.638664e+00 1.590081e+00 1.542510e+00 1.710526e-01 5.769231e-02
34076: 1.639029e+00 1.590495e+00 1.541962e+00 1.708797e-01 5.763397e-02
34076: 1.638384e+00 1.588889e+00 1.543434e+00 1.717172e-01 5.757576e-02
34076: 1.638749e+00 1.588295e+00 1.543895e+00 1.715439e-01 5.751766e-02
34076: 1.638105e+00 1.588710e+00 1.543347e+00 1.723790e-01 5.745968e-02
34076: 1.637462e+00 1.589124e+00 1.542800e+00 1.722054e-01 5.840886e-02
34076: 1.638833e+00 1.588531e+00 1.542254e+00 1.720322e-01 5.835010e-02
34076: 1.638191e+00 1.588945e+00 1.541709e+00 1.728643e-01 5.829146e-02
34076: 1.637550e+00 1.590361e+00 1.541165e+00 1.726908e-01 5.823293e-02
34076: 1.637914e+00 1.589769e+00 1.541625e+00 1.725176e-01 5.817452e-02
34076: 1.638277e+00 1.589178e+00 1.542084e+00 1.723447e-01 5.811623e-02
34076: 1.637638e+00 1.589590e+00 1.542543e+00 1.721722e-01 5.805806e-02
34076: Done!
Traceback (most recent call last):
  File "/lowest-unique-number/tournament0/elexunix.py", line 25, in <module>
    input()
EOFError: EOF when reading a line
