Forked 33947
Starting to reopen 0 and 1
Calling execv `tournament0/pzakorko.py` (pid 33947)
Strategy 0: first ans is 0
Forked 33948
Starting to reopen 0 and 1
Calling execv `tournament0/alex_dany` (pid 33948)
33948: Started!
33948: Number of players: 5, position: 1, number of turns: 1000
33948: Random seed: 3870252250
Strategy 1: first ans is 1
Forked 33949
Starting to reopen 0 and 1
Calling execv `tournament0/fedro.py` (pid 33949)
Strategy 2: first ans is 0
Forked 33973
Starting to reopen 0 and 1
Calling execv `tournament0/elexunix.py` (pid 33973)
Strategy 3: first ans is 3
Forked 33997
Starting to reopen 0 and 1
Calling execv `tournament0/the_best_strategy.py` (pid 33997)
Strategy 4: first ans is 0
33948: 3.000000e+00 1.000000e+00 0.000000e+00 1.000000e+00 0.000000e+00
33948: 2.500000e+00 1.500000e+00 5.000000e-01 5.000000e-01 0.000000e+00
33948: 2.333333e+00 1.333333e+00 3.333333e-01 1.000000e+00 0.000000e+00
33948: 2.250000e+00 1.500000e+00 5.000000e-01 7.500000e-01 0.000000e+00
33948: 2.400000e+00 1.400000e+00 4.000000e-01 6.000000e-01 2.000000e-01
33948: 2.500000e+00 1.333333e+00 3.333333e-01 6.666667e-01 1.666667e-01
33948: 2.428571e+00 1.285714e+00 5.714286e-01 5.714286e-01 1.428571e-01
33948: 2.375000e+00 1.250000e+00 6.250000e-01 6.250000e-01 1.250000e-01
33948: 2.444444e+00 1.222222e+00 5.555556e-01 5.555556e-01 2.222222e-01
33948: 2.500000e+00 1.200000e+00 5.000000e-01 6.000000e-01 2.000000e-01
33948: 2.454545e+00 1.272727e+00 5.454545e-01 5.454545e-01 1.818182e-01
33948: 2.500000e+00 1.250000e+00 5.833333e-01 5.000000e-01 1.666667e-01
33948: 2.538462e+00 1.230769e+00 6.153846e-01 4.615385e-01 1.538462e-01
33948: 2.500000e+00 1.214286e+00 6.428571e-01 4.285714e-01 2.142857e-01
33948: 2.533333e+00 1.200000e+00 6.666667e-01 4.000000e-01 2.000000e-01
33948: 2.562500e+00 1.187500e+00 6.875000e-01 3.750000e-01 1.875000e-01
33948: 2.588235e+00 1.176471e+00 7.058824e-01 3.529412e-01 1.764706e-01
33948: 2.555556e+00 1.277778e+00 6.666667e-01 3.333333e-01 1.666667e-01
33948: 2.578947e+00 1.263158e+00 6.842105e-01 3.157895e-01 1.578947e-01
33948: 2.550000e+00 1.300000e+00 7.000000e-01 3.000000e-01 1.500000e-01
33948: 2.523810e+00 1.285714e+00 7.142857e-01 3.333333e-01 1.428571e-01
33948: 2.500000e+00 1.272727e+00 7.272727e-01 3.636364e-01 1.363636e-01
33948: 2.521739e+00 1.304348e+00 6.956522e-01 3.478261e-01 1.304348e-01
33948: 2.541667e+00 1.291667e+00 6.666667e-01 3.750000e-01 1.250000e-01
33948: 2.520000e+00 1.360000e+00 6.400000e-01 3.600000e-01 1.200000e-01
33948: 2.500000e+00 1.346154e+00 6.538462e-01 3.846154e-01 1.153846e-01
33948: 2.555556e+00 1.333333e+00 6.296296e-01 3.703704e-01 1.111111e-01
33948: 2.607143e+00 1.321429e+00 6.071429e-01 3.571429e-01 1.071429e-01
33948: 2.586207e+00 1.310345e+00 6.206897e-01 3.793103e-01 1.034483e-01
33948: 2.566667e+00 1.300000e+00 6.333333e-01 4.000000e-01 1.000000e-01
33948: 2.548387e+00 1.322581e+00 6.451613e-01 3.870968e-01 9.677419e-02
33948: 2.531250e+00 1.312500e+00 6.562500e-01 4.062500e-01 9.375000e-02
33948: 2.515152e+00 1.303030e+00 6.969697e-01 3.939394e-01 9.090909e-02
33948: 2.529412e+00 1.294118e+00 7.058824e-01 3.823529e-01 8.823529e-02
33948: 2.542857e+00 1.314286e+00 6.857143e-01 3.714286e-01 8.571429e-02
33948: 2.527778e+00 1.333333e+00 6.944444e-01 3.611111e-01 8.333333e-02
33948: 2.540541e+00 1.351351e+00 6.756757e-01 3.513514e-01 8.108108e-02
33948: 2.526316e+00 1.342105e+00 6.842105e-01 3.421053e-01 1.052632e-01
33948: 2.538462e+00 1.358974e+00 6.666667e-01 3.333333e-01 1.025641e-01
33948: 2.550000e+00 1.375000e+00 6.500000e-01 3.250000e-01 1.000000e-01
33948: 2.536585e+00 1.390244e+00 6.341463e-01 3.414634e-01 9.756098e-02
33948: 2.547619e+00 1.380952e+00 6.428571e-01 3.333333e-01 9.523810e-02
33948: 2.581395e+00 1.372093e+00 6.279070e-01 3.255814e-01 9.302326e-02
33948: 2.568182e+00 1.386364e+00 6.363636e-01 3.181818e-01 9.090909e-02
33948: 2.555556e+00 1.422222e+00 6.222222e-01 3.111111e-01 8.888889e-02
33948: 2.565217e+00 1.413043e+00 6.086957e-01 3.260870e-01 8.695652e-02
33948: 2.553191e+00 1.404255e+00 6.170213e-01 3.404255e-01 8.510638e-02
33948: 2.583333e+00 1.395833e+00 6.041667e-01 3.333333e-01 8.333333e-02
33948: 2.571429e+00 1.387755e+00 6.326531e-01 3.265306e-01 8.163265e-02
33948: 2.580000e+00 1.400000e+00 6.200000e-01 3.200000e-01 8.000000e-02
33948: 2.568627e+00 1.411765e+00 6.078431e-01 3.333333e-01 7.843137e-02
33948: 2.557692e+00 1.403846e+00 5.961538e-01 3.461538e-01 9.615385e-02
33948: 2.547170e+00 1.415094e+00 6.037736e-01 3.396226e-01 9.433962e-02
33948: 2.537037e+00 1.407407e+00 6.296296e-01 3.333333e-01 9.259259e-02
33948: 2.527273e+00 1.418182e+00 6.363636e-01 3.272727e-01 9.090909e-02
33948: 2.553571e+00 1.410714e+00 6.250000e-01 3.214286e-01 8.928571e-02
33948: 2.543860e+00 1.438596e+00 6.140351e-01 3.157895e-01 8.771930e-02
33948: 2.534483e+00 1.448276e+00 6.034483e-01 3.103448e-01 1.034483e-01
33948: 2.542373e+00 1.457627e+00 5.932203e-01 3.050847e-01 1.016949e-01
33948: 2.533333e+00 1.466667e+00 6.000000e-01 3.000000e-01 1.000000e-01
33948: 2.524590e+00 1.491803e+00 5.901639e-01 2.950820e-01 9.836066e-02
33948: 2.516129e+00 1.500000e+00 5.967742e-01 2.903226e-01 9.677419e-02
33948: 2.523810e+00 1.507937e+00 5.873016e-01 2.857143e-01 9.523810e-02
33948: 2.546875e+00 1.500000e+00 5.781250e-01 2.812500e-01 9.375000e-02
33948: 2.569231e+00 1.492308e+00 5.692308e-01 2.769231e-01 9.230769e-02
33948: 2.575758e+00 1.484848e+00 5.757576e-01 2.727273e-01 9.090909e-02
33948: 2.567164e+00 1.492537e+00 5.820896e-01 2.686567e-01 8.955224e-02
33948: 2.558824e+00 1.485294e+00 5.882353e-01 2.794118e-01 8.823529e-02
33948: 2.550725e+00 1.492754e+00 5.942029e-01 2.753623e-01 8.695652e-02
33948: 2.542857e+00 1.485714e+00 6.000000e-01 2.714286e-01 1.000000e-01
33948: 2.549296e+00 1.492958e+00 5.915493e-01 2.676056e-01 9.859155e-02
33948: 2.541667e+00 1.500000e+00 5.833333e-01 2.777778e-01 9.722222e-02
33948: 2.534247e+00 1.493151e+00 5.890411e-01 2.739726e-01 1.095890e-01
33948: 2.540541e+00 1.486486e+00 5.945946e-01 2.702703e-01 1.081081e-01
33948: 2.546667e+00 1.493333e+00 5.866667e-01 2.666667e-01 1.066667e-01
33948: 2.526316e+00 1.486842e+00 6.184211e-01 2.631579e-01 1.052632e-01
33948: 2.519481e+00 1.480519e+00 6.363636e-01 2.597403e-01 1.038961e-01
33948: 2.500000e+00 1.487179e+00 6.538462e-01 2.564103e-01 1.025641e-01
33948: 2.481013e+00 1.493671e+00 6.708861e-01 2.531646e-01 1.012658e-01
33948: 2.462500e+00 1.500000e+00 6.750000e-01 2.625000e-01 1.000000e-01
33948: 2.456790e+00 1.506173e+00 6.790123e-01 2.592593e-01 9.876543e-02
33948: 2.451220e+00 1.512195e+00 6.829268e-01 2.560976e-01 9.756098e-02
33948: 2.433735e+00 1.506024e+00 6.987952e-01 2.650602e-01 9.638554e-02
33948: 2.428571e+00 1.511905e+00 7.023810e-01 2.619048e-01 9.523810e-02
33948: 2.411765e+00 1.505882e+00 7.058824e-01 2.705882e-01 1.058824e-01
33948: 2.395349e+00 1.511628e+00 7.209302e-01 2.674419e-01 1.046512e-01
33948: 2.390805e+00 1.505747e+00 7.241379e-01 2.758621e-01 1.034483e-01
33948: 2.375000e+00 1.500000e+00 7.386364e-01 2.727273e-01 1.136364e-01
33948: 2.359551e+00 1.516854e+00 7.415730e-01 2.696629e-01 1.123596e-01
33948: 2.355556e+00 1.522222e+00 7.444444e-01 2.666667e-01 1.111111e-01
33948: 2.340659e+00 1.516484e+00 7.582418e-01 2.747253e-01 1.098901e-01
33948: 2.326087e+00 1.510870e+00 7.826087e-01 2.717391e-01 1.086957e-01
33948: 2.322581e+00 1.505376e+00 7.849462e-01 2.795699e-01 1.075269e-01
33948: 2.319149e+00 1.500000e+00 7.872340e-01 2.872340e-01 1.063830e-01
33948: 2.315789e+00 1.494737e+00 7.894737e-01 2.842105e-01 1.157895e-01
33948: 2.312500e+00 1.489583e+00 8.020833e-01 2.812500e-01 1.145833e-01
33948: 2.309278e+00 1.484536e+00 8.144330e-01 2.783505e-01 1.134021e-01
33948: 2.295918e+00 1.479592e+00 8.265306e-01 2.857143e-01 1.122449e-01
33948: 2.282828e+00 1.494949e+00 8.282828e-01 2.828283e-01 1.111111e-01
33948: 2.270000e+00 1.500000e+00 8.300000e-01 2.900000e-01 1.100000e-01
33948: 2.267327e+00 1.504950e+00 8.316832e-01 2.871287e-01 1.089109e-01
33948: 2.264706e+00 1.500000e+00 8.333333e-01 2.843137e-01 1.176471e-01
33948: 2.252427e+00 1.504854e+00 8.349515e-01 2.912621e-01 1.165049e-01
33948: 2.250000e+00 1.500000e+00 8.365385e-01 2.980769e-01 1.153846e-01
33948: 2.238095e+00 1.495238e+00 8.476190e-01 3.047619e-01 1.142857e-01
33948: 2.235849e+00 1.500000e+00 8.490566e-01 3.018868e-01 1.132075e-01
33948: 2.233645e+00 1.495327e+00 8.504673e-01 3.084112e-01 1.121495e-01
33948: 2.231481e+00 1.490741e+00 8.611111e-01 3.055556e-01 1.111111e-01
33948: 2.220183e+00 1.486239e+00 8.715596e-01 3.119266e-01 1.100917e-01
33948: 2.218182e+00 1.490909e+00 8.727273e-01 3.090909e-01 1.090909e-01
33948: 2.207207e+00 1.495495e+00 8.828829e-01 3.063063e-01 1.081081e-01
33948: 2.196429e+00 1.491071e+00 8.928571e-01 3.035714e-01 1.160714e-01
33948: 2.194690e+00 1.486726e+00 9.026549e-01 3.008850e-01 1.150442e-01
33948: 2.192982e+00 1.491228e+00 9.035088e-01 2.982456e-01 1.140351e-01
33948: 2.182609e+00 1.486957e+00 9.043478e-01 3.130435e-01 1.130435e-01
33948: 2.181034e+00 1.491379e+00 9.051724e-01 3.103448e-01 1.120690e-01
33948: 2.170940e+00 1.487179e+00 9.230769e-01 3.076923e-01 1.111111e-01
33948: 2.161017e+00 1.491525e+00 9.322034e-01 3.050847e-01 1.101695e-01
33948: 2.159664e+00 1.495798e+00 9.327731e-01 3.025210e-01 1.092437e-01
33948: 2.158333e+00 1.500000e+00 9.333333e-01 3.000000e-01 1.083333e-01
33948: 2.157025e+00 1.495868e+00 9.421488e-01 2.975207e-01 1.074380e-01
33948: 2.147541e+00 1.508197e+00 9.426230e-01 2.950820e-01 1.065574e-01
33948: 2.138211e+00 1.504065e+00 9.512195e-01 3.008130e-01 1.056911e-01
33948: 2.129032e+00 1.508065e+00 9.516129e-01 2.983871e-01 1.129032e-01
33948: 2.120000e+00 1.504000e+00 9.600000e-01 3.040000e-01 1.120000e-01
33948: 2.119048e+00 1.500000e+00 9.603175e-01 3.015873e-01 1.190476e-01
33948: 2.125984e+00 1.496063e+00 9.606299e-01 2.992126e-01 1.181102e-01
33948: 2.125000e+00 1.492188e+00 9.687500e-01 2.968750e-01 1.171875e-01
33948: 2.124031e+00 1.496124e+00 9.689922e-01 2.945736e-01 1.162791e-01
33948: 2.115385e+00 1.500000e+00 9.692308e-01 2.923077e-01 1.230769e-01
33948: 2.114504e+00 1.496183e+00 9.770992e-01 2.900763e-01 1.221374e-01
33948: 2.106061e+00 1.500000e+00 9.772727e-01 2.954545e-01 1.212121e-01
33948: 2.105263e+00 1.496241e+00 9.774436e-01 2.932331e-01 1.278195e-01
33948: 2.111940e+00 1.492537e+00 9.776119e-01 2.910448e-01 1.268657e-01
33948: 2.111111e+00 1.488889e+00 9.777778e-01 2.962963e-01 1.259259e-01
33948: 2.102941e+00 1.485294e+00 9.852941e-01 3.014706e-01 1.250000e-01
33948: 2.094891e+00 1.489051e+00 9.854015e-01 3.065693e-01 1.240876e-01
33948: 2.101449e+00 1.485507e+00 9.855072e-01 3.043478e-01 1.231884e-01
33948: 2.093525e+00 1.489209e+00 9.856115e-01 3.093525e-01 1.223022e-01
33948: 2.085714e+00 1.492857e+00 9.857143e-01 3.071429e-01 1.285714e-01
33948: 2.085106e+00 1.489362e+00 9.858156e-01 3.049645e-01 1.347518e-01
33948: 2.077465e+00 1.485915e+00 9.929577e-01 3.098592e-01 1.338028e-01
33948: 2.076923e+00 1.482517e+00 9.930070e-01 3.146853e-01 1.328671e-01
33948: 2.069444e+00 1.479167e+00 1.000000e+00 3.125000e-01 1.388889e-01
33948: 2.062069e+00 1.482759e+00 1.006897e+00 3.103448e-01 1.379310e-01
33948: 2.054795e+00 1.486301e+00 1.006849e+00 3.150685e-01 1.369863e-01
33948: 2.047619e+00 1.496599e+00 1.006803e+00 3.129252e-01 1.360544e-01
33948: 2.047297e+00 1.493243e+00 1.013514e+00 3.108108e-01 1.351351e-01
33948: 2.040268e+00 1.489933e+00 1.020134e+00 3.154362e-01 1.342282e-01
33948: 2.040000e+00 1.493333e+00 1.020000e+00 3.133333e-01 1.333333e-01
33948: 2.033113e+00 1.496689e+00 1.019868e+00 3.178808e-01 1.324503e-01
33948: 2.026316e+00 1.500000e+00 1.019737e+00 3.157895e-01 1.381579e-01
33948: 2.019608e+00 1.503268e+00 1.026144e+00 3.137255e-01 1.372549e-01
33948: 2.012987e+00 1.512987e+00 1.025974e+00 3.116883e-01 1.363636e-01
33948: 2.012903e+00 1.516129e+00 1.025806e+00 3.096774e-01 1.354839e-01
33948: 2.006410e+00 1.519231e+00 1.025641e+00 3.141026e-01 1.346154e-01
33948: 2.006369e+00 1.522293e+00 1.025478e+00 3.121019e-01 1.337580e-01
33948: 2.000000e+00 1.518987e+00 1.031646e+00 3.164557e-01 1.329114e-01
33948: 2.006289e+00 1.515723e+00 1.031447e+00 3.144654e-01 1.320755e-01
33948: 2.000000e+00 1.518750e+00 1.037500e+00 3.125000e-01 1.312500e-01
33948: 2.000000e+00 1.521739e+00 1.037267e+00 3.105590e-01 1.304348e-01
33948: 2.000000e+00 1.518519e+00 1.037037e+00 3.148148e-01 1.296296e-01
33948: 1.993865e+00 1.521472e+00 1.036810e+00 3.190184e-01 1.288344e-01
33948: 1.993902e+00 1.518293e+00 1.036585e+00 3.170732e-01 1.341463e-01
33948: 1.993939e+00 1.515152e+00 1.036364e+00 3.212121e-01 1.333333e-01
33948: 1.987952e+00 1.518072e+00 1.042169e+00 3.192771e-01 1.325301e-01
33948: 1.982036e+00 1.514970e+00 1.047904e+00 3.173653e-01 1.377246e-01
33948: 1.982143e+00 1.511905e+00 1.053571e+00 3.154762e-01 1.369048e-01
33948: 1.976331e+00 1.514793e+00 1.053254e+00 3.136095e-01 1.420118e-01
33948: 1.970588e+00 1.511765e+00 1.058824e+00 3.176471e-01 1.411765e-01
33948: 1.964912e+00 1.508772e+00 1.058480e+00 3.274854e-01 1.403509e-01
33948: 1.959302e+00 1.505814e+00 1.063953e+00 3.313953e-01 1.395349e-01
33948: 1.959538e+00 1.502890e+00 1.069364e+00 3.294798e-01 1.387283e-01
33948: 1.954023e+00 1.511494e+00 1.068966e+00 3.275862e-01 1.379310e-01
33948: 1.948571e+00 1.514286e+00 1.068571e+00 3.314286e-01 1.371429e-01
33948: 1.948864e+00 1.511364e+00 1.068182e+00 3.352273e-01 1.363636e-01
33948: 1.949153e+00 1.508475e+00 1.073446e+00 3.333333e-01 1.355932e-01
33948: 1.943820e+00 1.511236e+00 1.078652e+00 3.314607e-01 1.348315e-01
33948: 1.938547e+00 1.513966e+00 1.083799e+00 3.296089e-01 1.340782e-01
33948: 1.938889e+00 1.516667e+00 1.083333e+00 3.277778e-01 1.333333e-01
33948: 1.939227e+00 1.519337e+00 1.082873e+00 3.259669e-01 1.325967e-01
33948: 1.934066e+00 1.516484e+00 1.093407e+00 3.241758e-01 1.318681e-01
33948: 1.928962e+00 1.513661e+00 1.098361e+00 3.224044e-01 1.366120e-01
33948: 1.923913e+00 1.510870e+00 1.103261e+00 3.206522e-01 1.413043e-01
33948: 1.924324e+00 1.508108e+00 1.102703e+00 3.243243e-01 1.405405e-01
33948: 1.924731e+00 1.505376e+00 1.107527e+00 3.225806e-01 1.397849e-01
33948: 1.925134e+00 1.502674e+00 1.106952e+00 3.208556e-01 1.443850e-01
33948: 1.920213e+00 1.500000e+00 1.111702e+00 3.191489e-01 1.489362e-01
33948: 1.915344e+00 1.502646e+00 1.116402e+00 3.174603e-01 1.481481e-01
33948: 1.910526e+00 1.500000e+00 1.121053e+00 3.210526e-01 1.473684e-01
33948: 1.905759e+00 1.502618e+00 1.125654e+00 3.193717e-01 1.465969e-01
33948: 1.901042e+00 1.505208e+00 1.125000e+00 3.229167e-01 1.458333e-01
33948: 1.896373e+00 1.502591e+00 1.129534e+00 3.212435e-01 1.502591e-01
33948: 1.896907e+00 1.505155e+00 1.128866e+00 3.195876e-01 1.494845e-01
33948: 1.892308e+00 1.507692e+00 1.133333e+00 3.179487e-01 1.487179e-01
33948: 1.887755e+00 1.505102e+00 1.137755e+00 3.214286e-01 1.479592e-01
33948: 1.888325e+00 1.502538e+00 1.142132e+00 3.197970e-01 1.472081e-01
33948: 1.883838e+00 1.505051e+00 1.141414e+00 3.232323e-01 1.464646e-01
33948: 1.879397e+00 1.507538e+00 1.145729e+00 3.216080e-01 1.457286e-01
33948: 1.875000e+00 1.505000e+00 1.150000e+00 3.200000e-01 1.500000e-01
33948: 1.875622e+00 1.502488e+00 1.154229e+00 3.184080e-01 1.492537e-01
33948: 1.871287e+00 1.509901e+00 1.153465e+00 3.168317e-01 1.485149e-01
33948: 1.876847e+00 1.507389e+00 1.152709e+00 3.152709e-01 1.477833e-01
33948: 1.877451e+00 1.504902e+00 1.156863e+00 3.137255e-01 1.470588e-01
33948: 1.878049e+00 1.502439e+00 1.160976e+00 3.121951e-01 1.463415e-01
33948: 1.878641e+00 1.500000e+00 1.160194e+00 3.155340e-01 1.456311e-01
33948: 1.884058e+00 1.497585e+00 1.159420e+00 3.140097e-01 1.449275e-01
33948: 1.879808e+00 1.495192e+00 1.158654e+00 3.221154e-01 1.442308e-01
33948: 1.880383e+00 1.492823e+00 1.157895e+00 3.253589e-01 1.435407e-01
33948: 1.880952e+00 1.495238e+00 1.157143e+00 3.238095e-01 1.428571e-01
33948: 1.876777e+00 1.492891e+00 1.161137e+00 3.270142e-01 1.421801e-01
33948: 1.872642e+00 1.490566e+00 1.160377e+00 3.349057e-01 1.415094e-01
33948: 1.868545e+00 1.488263e+00 1.164319e+00 3.380282e-01 1.408451e-01
33948: 1.869159e+00 1.485981e+00 1.168224e+00 3.364486e-01 1.401869e-01
33948: 1.869767e+00 1.483721e+00 1.172093e+00 3.348837e-01 1.395349e-01
33948: 1.870370e+00 1.486111e+00 1.171296e+00 3.333333e-01 1.388889e-01
33948: 1.870968e+00 1.488479e+00 1.170507e+00 3.317972e-01 1.382488e-01
33948: 1.866972e+00 1.486239e+00 1.178899e+00 3.302752e-01 1.376147e-01
33948: 1.863014e+00 1.488584e+00 1.182648e+00 3.287671e-01 1.369863e-01
33948: 1.863636e+00 1.486364e+00 1.186364e+00 3.272727e-01 1.363636e-01
33948: 1.859729e+00 1.488688e+00 1.185520e+00 3.303167e-01 1.357466e-01
33948: 1.855856e+00 1.490991e+00 1.189189e+00 3.288288e-01 1.351351e-01
33948: 1.852018e+00 1.488789e+00 1.197309e+00 3.273543e-01 1.345291e-01
33948: 1.848214e+00 1.486607e+00 1.205357e+00 3.258929e-01 1.339286e-01
33948: 1.848889e+00 1.488889e+00 1.204444e+00 3.244444e-01 1.333333e-01
33948: 1.849558e+00 1.486726e+00 1.207965e+00 3.230088e-01 1.327434e-01
33948: 1.850220e+00 1.488987e+00 1.207048e+00 3.215859e-01 1.321586e-01
33948: 1.846491e+00 1.491228e+00 1.206140e+00 3.245614e-01 1.315789e-01
33948: 1.847162e+00 1.493450e+00 1.205240e+00 3.231441e-01 1.310044e-01
33948: 1.843478e+00 1.491304e+00 1.208696e+00 3.260870e-01 1.304348e-01
33948: 1.844156e+00 1.493506e+00 1.207792e+00 3.246753e-01 1.298701e-01
33948: 1.840517e+00 1.491379e+00 1.211207e+00 3.275862e-01 1.293103e-01
33948: 1.836910e+00 1.497854e+00 1.210300e+00 3.261803e-01 1.287554e-01
33948: 1.833333e+00 1.495726e+00 1.209402e+00 3.290598e-01 1.324786e-01
33948: 1.829787e+00 1.502128e+00 1.208511e+00 3.276596e-01 1.319149e-01
33948: 1.834746e+00 1.500000e+00 1.207627e+00 3.262712e-01 1.313559e-01
33948: 1.835443e+00 1.497890e+00 1.206751e+00 3.291139e-01 1.308017e-01
33948: 1.831933e+00 1.504202e+00 1.205882e+00 3.277311e-01 1.302521e-01
33948: 1.836820e+00 1.502092e+00 1.205021e+00 3.263598e-01 1.297071e-01
33948: 1.833333e+00 1.504167e+00 1.208333e+00 3.250000e-01 1.291667e-01
33948: 1.834025e+00 1.502075e+00 1.211618e+00 3.236515e-01 1.286307e-01
33948: 1.830579e+00 1.508264e+00 1.210744e+00 3.223140e-01 1.280992e-01
33948: 1.831276e+00 1.506173e+00 1.213992e+00 3.209877e-01 1.275720e-01
33948: 1.831967e+00 1.504098e+00 1.213115e+00 3.237705e-01 1.270492e-01
33948: 1.828571e+00 1.506122e+00 1.212245e+00 3.224490e-01 1.306122e-01
33948: 1.825203e+00 1.508130e+00 1.215447e+00 3.211382e-01 1.300813e-01
33948: 1.821862e+00 1.510121e+00 1.214575e+00 3.238866e-01 1.295547e-01
33948: 1.818548e+00 1.512097e+00 1.213710e+00 3.266129e-01 1.290323e-01
33948: 1.819277e+00 1.510040e+00 1.216867e+00 3.253012e-01 1.285141e-01
33948: 1.816000e+00 1.516000e+00 1.216000e+00 3.240000e-01 1.280000e-01
33948: 1.816733e+00 1.517928e+00 1.215139e+00 3.227092e-01 1.274900e-01
33948: 1.813492e+00 1.519841e+00 1.218254e+00 3.214286e-01 1.269841e-01
33948: 1.810277e+00 1.525692e+00 1.217391e+00 3.201581e-01 1.264822e-01
33948: 1.811024e+00 1.523622e+00 1.216535e+00 3.228346e-01 1.259843e-01
33948: 1.807843e+00 1.525490e+00 1.219608e+00 3.215686e-01 1.254902e-01
33948: 1.804688e+00 1.523438e+00 1.226562e+00 3.203125e-01 1.250000e-01
33948: 1.805447e+00 1.521401e+00 1.225681e+00 3.229572e-01 1.245136e-01
33948: 1.802326e+00 1.519380e+00 1.224806e+00 3.217054e-01 1.317829e-01
33948: 1.803089e+00 1.517375e+00 1.227799e+00 3.204633e-01 1.312741e-01
33948: 1.803846e+00 1.515385e+00 1.226923e+00 3.230769e-01 1.307692e-01
33948: 1.804598e+00 1.513410e+00 1.229885e+00 3.218391e-01 1.302682e-01
33948: 1.805344e+00 1.511450e+00 1.232824e+00 3.206107e-01 1.297710e-01
33948: 1.802281e+00 1.517110e+00 1.231939e+00 3.193916e-01 1.292776e-01
33948: 1.799242e+00 1.518939e+00 1.234848e+00 3.181818e-01 1.287879e-01
33948: 1.803774e+00 1.516981e+00 1.233962e+00 3.169811e-01 1.283019e-01
33948: 1.804511e+00 1.515038e+00 1.233083e+00 3.157895e-01 1.315789e-01
33948: 1.805243e+00 1.513109e+00 1.232210e+00 3.146067e-01 1.348315e-01
33948: 1.805970e+00 1.511194e+00 1.231343e+00 3.171642e-01 1.343284e-01
33948: 1.802974e+00 1.509294e+00 1.234201e+00 3.197026e-01 1.338290e-01
33948: 1.803704e+00 1.511111e+00 1.233333e+00 3.185185e-01 1.333333e-01
33948: 1.804428e+00 1.509225e+00 1.236162e+00 3.173432e-01 1.328413e-01
33948: 1.805147e+00 1.507353e+00 1.235294e+00 3.161765e-01 1.360294e-01
33948: 1.802198e+00 1.505495e+00 1.238095e+00 3.186813e-01 1.355311e-01
33948: 1.802920e+00 1.507299e+00 1.237226e+00 3.175182e-01 1.350365e-01
33948: 1.800000e+00 1.512727e+00 1.236364e+00 3.163636e-01 1.345455e-01
33948: 1.800725e+00 1.510870e+00 1.235507e+00 3.188406e-01 1.340580e-01
33948: 1.797834e+00 1.509025e+00 1.238267e+00 3.176895e-01 1.371841e-01
33948: 1.794964e+00 1.510791e+00 1.241007e+00 3.165468e-01 1.366906e-01
33948: 1.795699e+00 1.512545e+00 1.240143e+00 3.154122e-01 1.362007e-01
33948: 1.796429e+00 1.510714e+00 1.242857e+00 3.142857e-01 1.357143e-01
33948: 1.793594e+00 1.512456e+00 1.241993e+00 3.131673e-01 1.387900e-01
33948: 1.794326e+00 1.510638e+00 1.241135e+00 3.156028e-01 1.382979e-01
33948: 1.791519e+00 1.512367e+00 1.243816e+00 3.144876e-01 1.378092e-01
33948: 1.788732e+00 1.510563e+00 1.250000e+00 3.133803e-01 1.373239e-01
33948: 1.785965e+00 1.512281e+00 1.249123e+00 3.157895e-01 1.368421e-01
33948: 1.786713e+00 1.510490e+00 1.251748e+00 3.146853e-01 1.363636e-01
33948: 1.783972e+00 1.508711e+00 1.254355e+00 3.170732e-01 1.358885e-01
33948: 1.781250e+00 1.506944e+00 1.256944e+00 3.194444e-01 1.354167e-01
33948: 1.778547e+00 1.508651e+00 1.256055e+00 3.183391e-01 1.384083e-01
33948: 1.779310e+00 1.510345e+00 1.255172e+00 3.172414e-01 1.379310e-01
33948: 1.783505e+00 1.508591e+00 1.254296e+00 3.161512e-01 1.374570e-01
33948: 1.780822e+00 1.506849e+00 1.256849e+00 3.150685e-01 1.404110e-01
33948: 1.778157e+00 1.505119e+00 1.259386e+00 3.139932e-01 1.433447e-01
33948: 1.775510e+00 1.503401e+00 1.261905e+00 3.163265e-01 1.428571e-01
33948: 1.779661e+00 1.501695e+00 1.261017e+00 3.152542e-01 1.423729e-01
33948: 1.780405e+00 1.500000e+00 1.260135e+00 3.175676e-01 1.418919e-01
33948: 1.777778e+00 1.501684e+00 1.259259e+00 3.164983e-01 1.447811e-01
33948: 1.775168e+00 1.506711e+00 1.258389e+00 3.154362e-01 1.442953e-01
33948: 1.775920e+00 1.505017e+00 1.260870e+00 3.143813e-01 1.438127e-01
33948: 1.780000e+00 1.503333e+00 1.260000e+00 3.133333e-01 1.433333e-01
33948: 1.777409e+00 1.504983e+00 1.262458e+00 3.122924e-01 1.428571e-01
33948: 1.774834e+00 1.503311e+00 1.268212e+00 3.112583e-01 1.423841e-01
33948: 1.772277e+00 1.501650e+00 1.267327e+00 3.135314e-01 1.452145e-01
33948: 1.769737e+00 1.503289e+00 1.266447e+00 3.157895e-01 1.447368e-01
33948: 1.767213e+00 1.501639e+00 1.272131e+00 3.147541e-01 1.442623e-01
33948: 1.767974e+00 1.500000e+00 1.271242e+00 3.169935e-01 1.437908e-01
33948: 1.768730e+00 1.501629e+00 1.270358e+00 3.159609e-01 1.433225e-01
33948: 1.769481e+00 1.500000e+00 1.269481e+00 3.181818e-01 1.428571e-01
33948: 1.766990e+00 1.498382e+00 1.271845e+00 3.203883e-01 1.423948e-01
33948: 1.767742e+00 1.500000e+00 1.270968e+00 3.193548e-01 1.419355e-01
33948: 1.765273e+00 1.504823e+00 1.270096e+00 3.183280e-01 1.414791e-01
33948: 1.766026e+00 1.506410e+00 1.269231e+00 3.173077e-01 1.410256e-01
33948: 1.766773e+00 1.504792e+00 1.271565e+00 3.162939e-01 1.405751e-01
33948: 1.767516e+00 1.503185e+00 1.273885e+00 3.152866e-01 1.401274e-01
33948: 1.765079e+00 1.501587e+00 1.276190e+00 3.174603e-01 1.396825e-01
33948: 1.765823e+00 1.503165e+00 1.275316e+00 3.164557e-01 1.392405e-01
33948: 1.766562e+00 1.501577e+00 1.274448e+00 3.186120e-01 1.388013e-01
33948: 1.767296e+00 1.503145e+00 1.273585e+00 3.176101e-01 1.383648e-01
33948: 1.764890e+00 1.501567e+00 1.275862e+00 3.197492e-01 1.379310e-01
33948: 1.765625e+00 1.500000e+00 1.278125e+00 3.187500e-01 1.375000e-01
33948: 1.763240e+00 1.501558e+00 1.280374e+00 3.177570e-01 1.370717e-01
33948: 1.760870e+00 1.506211e+00 1.279503e+00 3.167702e-01 1.366460e-01
33948: 1.758514e+00 1.504644e+00 1.278638e+00 3.188854e-01 1.393189e-01
33948: 1.759259e+00 1.503086e+00 1.280864e+00 3.179012e-01 1.388889e-01
33948: 1.756923e+00 1.501538e+00 1.283077e+00 3.169231e-01 1.415385e-01
33948: 1.760736e+00 1.500000e+00 1.282209e+00 3.159509e-01 1.411043e-01
33948: 1.761468e+00 1.498471e+00 1.284404e+00 3.149847e-01 1.406728e-01
33948: 1.765244e+00 1.496951e+00 1.283537e+00 3.140244e-01 1.402439e-01
33948: 1.762918e+00 1.498480e+00 1.282675e+00 3.161094e-01 1.398176e-01
33948: 1.760606e+00 1.496970e+00 1.284848e+00 3.181818e-01 1.393939e-01
33948: 1.761329e+00 1.498489e+00 1.283988e+00 3.172205e-01 1.389728e-01
33948: 1.762048e+00 1.496988e+00 1.286145e+00 3.162651e-01 1.385542e-01
33948: 1.759760e+00 1.498498e+00 1.288288e+00 3.153153e-01 1.381381e-01
33948: 1.760479e+00 1.497006e+00 1.290419e+00 3.143713e-01 1.377246e-01
33948: 1.761194e+00 1.495522e+00 1.292537e+00 3.134328e-01 1.373134e-01
33948: 1.761905e+00 1.494048e+00 1.294643e+00 3.125000e-01 1.369048e-01
33948: 1.762611e+00 1.495549e+00 1.293769e+00 3.115727e-01 1.364985e-01
33948: 1.760355e+00 1.497041e+00 1.292899e+00 3.106509e-01 1.390533e-01
33948: 1.761062e+00 1.495575e+00 1.294985e+00 3.097345e-01 1.386431e-01
33948: 1.758824e+00 1.500000e+00 1.294118e+00 3.088235e-01 1.382353e-01
33948: 1.756598e+00 1.501466e+00 1.293255e+00 3.079179e-01 1.407625e-01
33948: 1.754386e+00 1.502924e+00 1.292398e+00 3.099415e-01 1.403509e-01
33948: 1.752187e+00 1.501458e+00 1.297376e+00 3.090379e-01 1.399417e-01
33948: 1.750000e+00 1.500000e+00 1.299419e+00 3.081395e-01 1.424419e-01
33948: 1.750725e+00 1.498551e+00 1.298551e+00 3.072464e-01 1.449275e-01
33948: 1.751445e+00 1.497110e+00 1.300578e+00 3.063584e-01 1.445087e-01
33948: 1.749280e+00 1.495677e+00 1.302594e+00 3.083573e-01 1.440922e-01
33948: 1.747126e+00 1.494253e+00 1.304598e+00 3.103448e-01 1.436782e-01
33948: 1.744986e+00 1.492837e+00 1.306590e+00 3.123209e-01 1.432665e-01
33948: 1.742857e+00 1.494286e+00 1.305714e+00 3.142857e-01 1.428571e-01
33948: 1.743590e+00 1.492877e+00 1.304843e+00 3.162393e-01 1.424501e-01
33948: 1.741477e+00 1.494318e+00 1.306818e+00 3.153409e-01 1.420455e-01
33948: 1.742210e+00 1.492918e+00 1.305949e+00 3.172805e-01 1.416431e-01
33948: 1.740113e+00 1.494350e+00 1.307910e+00 3.163842e-01 1.412429e-01
33948: 1.738028e+00 1.492958e+00 1.309859e+00 3.183099e-01 1.408451e-01
33948: 1.738764e+00 1.494382e+00 1.308989e+00 3.174157e-01 1.404494e-01
33948: 1.736695e+00 1.495798e+00 1.310924e+00 3.165266e-01 1.400560e-01
33948: 1.734637e+00 1.497207e+00 1.312849e+00 3.156425e-01 1.396648e-01
33948: 1.732591e+00 1.495822e+00 1.314763e+00 3.175487e-01 1.392758e-01
33948: 1.730556e+00 1.500000e+00 1.313889e+00 3.166667e-01 1.388889e-01
33948: 1.731302e+00 1.501385e+00 1.313019e+00 3.157895e-01 1.385042e-01
33948: 1.732044e+00 1.502762e+00 1.312155e+00 3.149171e-01 1.381215e-01
33948: 1.732782e+00 1.501377e+00 1.314050e+00 3.140496e-01 1.377410e-01
33948: 1.736264e+00 1.500000e+00 1.313187e+00 3.131868e-01 1.373626e-01
33948: 1.736986e+00 1.501370e+00 1.312329e+00 3.123288e-01 1.369863e-01
33948: 1.734973e+00 1.502732e+00 1.314208e+00 3.114754e-01 1.366120e-01
33948: 1.735695e+00 1.501362e+00 1.313351e+00 3.106267e-01 1.389646e-01
33948: 1.733696e+00 1.500000e+00 1.315217e+00 3.125000e-01 1.385870e-01
33948: 1.731707e+00 1.498645e+00 1.314363e+00 3.170732e-01 1.382114e-01
33948: 1.729730e+00 1.500000e+00 1.313514e+00 3.162162e-01 1.405405e-01
33948: 1.730458e+00 1.498652e+00 1.312668e+00 3.153639e-01 1.428571e-01
33948: 1.733871e+00 1.497312e+00 1.311828e+00 3.145161e-01 1.424731e-01
33948: 1.731903e+00 1.495979e+00 1.316354e+00 3.136729e-01 1.420912e-01
33948: 1.732620e+00 1.497326e+00 1.315508e+00 3.128342e-01 1.417112e-01
33948: 1.733333e+00 1.496000e+00 1.317333e+00 3.120000e-01 1.413333e-01
33948: 1.731383e+00 1.497340e+00 1.319149e+00 3.111702e-01 1.409574e-01
33948: 1.729443e+00 1.498674e+00 1.320955e+00 3.103448e-01 1.405836e-01
33948: 1.730159e+00 1.497354e+00 1.322751e+00 3.095238e-01 1.402116e-01
33948: 1.730871e+00 1.496042e+00 1.324538e+00 3.087071e-01 1.398417e-01
33948: 1.728947e+00 1.497368e+00 1.323684e+00 3.078947e-01 1.421053e-01
33948: 1.727034e+00 1.498688e+00 1.322835e+00 3.097113e-01 1.417323e-01
33948: 1.727749e+00 1.500000e+00 1.321990e+00 3.089005e-01 1.413613e-01
33948: 1.728460e+00 1.498695e+00 1.321149e+00 3.107050e-01 1.409922e-01
33948: 1.731771e+00 1.497396e+00 1.320312e+00 3.098958e-01 1.406250e-01
33948: 1.732468e+00 1.496104e+00 1.322078e+00 3.090909e-01 1.402597e-01
33948: 1.730570e+00 1.497409e+00 1.323834e+00 3.082902e-01 1.398964e-01
33948: 1.731266e+00 1.498708e+00 1.322997e+00 3.074935e-01 1.395349e-01
33948: 1.729381e+00 1.500000e+00 1.324742e+00 3.067010e-01 1.391753e-01
33948: 1.730077e+00 1.498715e+00 1.326478e+00 3.059126e-01 1.388175e-01
33948: 1.728205e+00 1.500000e+00 1.325641e+00 3.076923e-01 1.384615e-01
33948: 1.728900e+00 1.498721e+00 1.327366e+00 3.069054e-01 1.381074e-01
33948: 1.729592e+00 1.497449e+00 1.329082e+00 3.061224e-01 1.377551e-01
33948: 1.727735e+00 1.498728e+00 1.330789e+00 3.053435e-01 1.374046e-01
33948: 1.725888e+00 1.500000e+00 1.329949e+00 3.071066e-01 1.370558e-01
33948: 1.724051e+00 1.498734e+00 1.331646e+00 3.088608e-01 1.367089e-01
33948: 1.727273e+00 1.497475e+00 1.330808e+00 3.080808e-01 1.363636e-01
33948: 1.725441e+00 1.498741e+00 1.332494e+00 3.073048e-01 1.360202e-01
33948: 1.723618e+00 1.497487e+00 1.334171e+00 3.065327e-01 1.381910e-01
33948: 1.724311e+00 1.496241e+00 1.333333e+00 3.082707e-01 1.378446e-01
33948: 1.727500e+00 1.495000e+00 1.332500e+00 3.075000e-01 1.375000e-01
33948: 1.725686e+00 1.496259e+00 1.331671e+00 3.092269e-01 1.371571e-01
33948: 1.726368e+00 1.495025e+00 1.330846e+00 3.109453e-01 1.368159e-01
33948: 1.727047e+00 1.496278e+00 1.330025e+00 3.101737e-01 1.364764e-01
33948: 1.725248e+00 1.497525e+00 1.331683e+00 3.094059e-01 1.361386e-01
33948: 1.725926e+00 1.498765e+00 1.330864e+00 3.086420e-01 1.358025e-01
33948: 1.726601e+00 1.497537e+00 1.332512e+00 3.078818e-01 1.354680e-01
33948: 1.724816e+00 1.498771e+00 1.331695e+00 3.071253e-01 1.375921e-01
33948: 1.723039e+00 1.497549e+00 1.333333e+00 3.088235e-01 1.372549e-01
33948: 1.723716e+00 1.496333e+00 1.334963e+00 3.080685e-01 1.369193e-01
33948: 1.721951e+00 1.495122e+00 1.336585e+00 3.097561e-01 1.365854e-01
33948: 1.720195e+00 1.498783e+00 1.335766e+00 3.090024e-01 1.362530e-01
33948: 1.718447e+00 1.500000e+00 1.337379e+00 3.082524e-01 1.359223e-01
33948: 1.716707e+00 1.503632e+00 1.336562e+00 3.075061e-01 1.355932e-01
33948: 1.717391e+00 1.502415e+00 1.335749e+00 3.091787e-01 1.352657e-01
33948: 1.718072e+00 1.501205e+00 1.334940e+00 3.108434e-01 1.349398e-01
33948: 1.716346e+00 1.502404e+00 1.334135e+00 3.125000e-01 1.346154e-01
33948: 1.719424e+00 1.501199e+00 1.333333e+00 3.117506e-01 1.342926e-01
33948: 1.717703e+00 1.500000e+00 1.334928e+00 3.110048e-01 1.363636e-01
33948: 1.718377e+00 1.498807e+00 1.334129e+00 3.102625e-01 1.384248e-01
33948: 1.716667e+00 1.500000e+00 1.333333e+00 3.119048e-01 1.380952e-01
33948: 1.717340e+00 1.498812e+00 1.332542e+00 3.135392e-01 1.377672e-01
33948: 1.715640e+00 1.497630e+00 1.334123e+00 3.151659e-01 1.374408e-01
33948: 1.713948e+00 1.498818e+00 1.333333e+00 3.167849e-01 1.371158e-01
33948: 1.712264e+00 1.497642e+00 1.334906e+00 3.183962e-01 1.367925e-01
33948: 1.710588e+00 1.496471e+00 1.338824e+00 3.176471e-01 1.364706e-01
33948: 1.711268e+00 1.495305e+00 1.340376e+00 3.169014e-01 1.361502e-01
33948: 1.709602e+00 1.496487e+00 1.339578e+00 3.185012e-01 1.358314e-01
33948: 1.710280e+00 1.495327e+00 1.341121e+00 3.177570e-01 1.355140e-01
33948: 1.708625e+00 1.496503e+00 1.340326e+00 3.193473e-01 1.351981e-01
33948: 1.706977e+00 1.497674e+00 1.339535e+00 3.209302e-01 1.348837e-01
33948: 1.705336e+00 1.498840e+00 1.341067e+00 3.201856e-01 1.345708e-01
33948: 1.703704e+00 1.497685e+00 1.344907e+00 3.194444e-01 1.342593e-01
33948: 1.702079e+00 1.496536e+00 1.344111e+00 3.233256e-01 1.339492e-01
33948: 1.700461e+00 1.495392e+00 1.345622e+00 3.248848e-01 1.336406e-01
33948: 1.701149e+00 1.494253e+00 1.344828e+00 3.264368e-01 1.333333e-01
33948: 1.699541e+00 1.493119e+00 1.344037e+00 3.302752e-01 1.330275e-01
33948: 1.700229e+00 1.491991e+00 1.345538e+00 3.295195e-01 1.327231e-01
33948: 1.700913e+00 1.493151e+00 1.344749e+00 3.287671e-01 1.324201e-01
33948: 1.699317e+00 1.492027e+00 1.346241e+00 3.302961e-01 1.321185e-01
33948: 1.700000e+00 1.493182e+00 1.345455e+00 3.295455e-01 1.318182e-01
33948: 1.698413e+00 1.494331e+00 1.346939e+00 3.287982e-01 1.315193e-01
33948: 1.696833e+00 1.497738e+00 1.346154e+00 3.280543e-01 1.312217e-01
33948: 1.695260e+00 1.498871e+00 1.345372e+00 3.295711e-01 1.309255e-01
33948: 1.693694e+00 1.497748e+00 1.349099e+00 3.288288e-01 1.306306e-01
33948: 1.694382e+00 1.496629e+00 1.348315e+00 3.280899e-01 1.325843e-01
33948: 1.692825e+00 1.497758e+00 1.349776e+00 3.273543e-01 1.322870e-01
33948: 1.691275e+00 1.496644e+00 1.353468e+00 3.266219e-01 1.319911e-01
33948: 1.691964e+00 1.495536e+00 1.354911e+00 3.258929e-01 1.316964e-01
33948: 1.692650e+00 1.494432e+00 1.354120e+00 3.273942e-01 1.314031e-01
33948: 1.691111e+00 1.495556e+00 1.353333e+00 3.266667e-01 1.333333e-01
33948: 1.689579e+00 1.496674e+00 1.354767e+00 3.259424e-01 1.330377e-01
33948: 1.690265e+00 1.495575e+00 1.356195e+00 3.252212e-01 1.327434e-01
33948: 1.688742e+00 1.496689e+00 1.355408e+00 3.245033e-01 1.346578e-01
33948: 1.691630e+00 1.495595e+00 1.354626e+00 3.237885e-01 1.343612e-01
33948: 1.690110e+00 1.496703e+00 1.353846e+00 3.252747e-01 1.340659e-01
33948: 1.690789e+00 1.495614e+00 1.355263e+00 3.245614e-01 1.337719e-01
33948: 1.691466e+00 1.494530e+00 1.354486e+00 3.260394e-01 1.334792e-01
33948: 1.689956e+00 1.495633e+00 1.355895e+00 3.253275e-01 1.331878e-01
33948: 1.692810e+00 1.494553e+00 1.355120e+00 3.246187e-01 1.328976e-01
33948: 1.693478e+00 1.493478e+00 1.354348e+00 3.239130e-01 1.347826e-01
33948: 1.691974e+00 1.494577e+00 1.355748e+00 3.232104e-01 1.344902e-01
33948: 1.690476e+00 1.495671e+00 1.357143e+00 3.225108e-01 1.341991e-01
33948: 1.688985e+00 1.496760e+00 1.356371e+00 3.218143e-01 1.360691e-01
33948: 1.687500e+00 1.497845e+00 1.357759e+00 3.211207e-01 1.357759e-01
33948: 1.686022e+00 1.496774e+00 1.359140e+00 3.204301e-01 1.376344e-01
33948: 1.684549e+00 1.500000e+00 1.358369e+00 3.197425e-01 1.373391e-01
33948: 1.685225e+00 1.498929e+00 1.359743e+00 3.190578e-01 1.370450e-01
33948: 1.683761e+00 1.497863e+00 1.361111e+00 3.205128e-01 1.367521e-01
33948: 1.684435e+00 1.496802e+00 1.360341e+00 3.219616e-01 1.364606e-01
33948: 1.687234e+00 1.495745e+00 1.359574e+00 3.212766e-01 1.361702e-01
33948: 1.685775e+00 1.498938e+00 1.358811e+00 3.205945e-01 1.358811e-01
33948: 1.684322e+00 1.497881e+00 1.362288e+00 3.199153e-01 1.355932e-01
33948: 1.682875e+00 1.496829e+00 1.363636e+00 3.192389e-01 1.374207e-01
33948: 1.683544e+00 1.495781e+00 1.364979e+00 3.185654e-01 1.371308e-01
33948: 1.684211e+00 1.496842e+00 1.364211e+00 3.178947e-01 1.368421e-01
33948: 1.682773e+00 1.495798e+00 1.367647e+00 3.172269e-01 1.365546e-01
33948: 1.681342e+00 1.498952e+00 1.366876e+00 3.165618e-01 1.362683e-01
33948: 1.682008e+00 1.500000e+00 1.366109e+00 3.158996e-01 1.359833e-01
33948: 1.682672e+00 1.498956e+00 1.365344e+00 3.173278e-01 1.356994e-01
33948: 1.681250e+00 1.500000e+00 1.366667e+00 3.166667e-01 1.354167e-01
33948: 1.681913e+00 1.501040e+00 1.365904e+00 3.160083e-01 1.351351e-01
33948: 1.680498e+00 1.502075e+00 1.365145e+00 3.174274e-01 1.348548e-01
33948: 1.681159e+00 1.501035e+00 1.366460e+00 3.167702e-01 1.345756e-01
33948: 1.679752e+00 1.500000e+00 1.365702e+00 3.181818e-01 1.363636e-01
33948: 1.678351e+00 1.498969e+00 1.367010e+00 3.175258e-01 1.381443e-01
33948: 1.679012e+00 1.500000e+00 1.366255e+00 3.168724e-01 1.378601e-01
33948: 1.677618e+00 1.498973e+00 1.369610e+00 3.162218e-01 1.375770e-01
33948: 1.678279e+00 1.497951e+00 1.370902e+00 3.155738e-01 1.372951e-01
33948: 1.676892e+00 1.496933e+00 1.370143e+00 3.169734e-01 1.390593e-01
33948: 1.675510e+00 1.497959e+00 1.369388e+00 3.163265e-01 1.408163e-01
33948: 1.674134e+00 1.501018e+00 1.368635e+00 3.156823e-01 1.405295e-01
33948: 1.672764e+00 1.500000e+00 1.367886e+00 3.191057e-01 1.402439e-01
33948: 1.671400e+00 1.498986e+00 1.371197e+00 3.184584e-01 1.399594e-01
33948: 1.670040e+00 1.497976e+00 1.374494e+00 3.178138e-01 1.396761e-01
33948: 1.668687e+00 1.498990e+00 1.375758e+00 3.171717e-01 1.393939e-01
33948: 1.671371e+00 1.497984e+00 1.375000e+00 3.165323e-01 1.391129e-01
33948: 1.672032e+00 1.498994e+00 1.374245e+00 3.158954e-01 1.388330e-01
33948: 1.670683e+00 1.500000e+00 1.373494e+00 3.172691e-01 1.385542e-01
33948: 1.671343e+00 1.501002e+00 1.372745e+00 3.166333e-01 1.382766e-01
33948: 1.670000e+00 1.502000e+00 1.374000e+00 3.160000e-01 1.380000e-01
33948: 1.668663e+00 1.500998e+00 1.377246e+00 3.153693e-01 1.377246e-01
33948: 1.667331e+00 1.501992e+00 1.376494e+00 3.147410e-01 1.394422e-01
33948: 1.667992e+00 1.500994e+00 1.377734e+00 3.141153e-01 1.391650e-01
33948: 1.668651e+00 1.500000e+00 1.378968e+00 3.134921e-01 1.388889e-01
33948: 1.667327e+00 1.499010e+00 1.380198e+00 3.148515e-01 1.386139e-01
33948: 1.666008e+00 1.500000e+00 1.381423e+00 3.142292e-01 1.383399e-01
33948: 1.664694e+00 1.499014e+00 1.380671e+00 3.155819e-01 1.400394e-01
33948: 1.663386e+00 1.498031e+00 1.381890e+00 3.149606e-01 1.417323e-01
33948: 1.662083e+00 1.500982e+00 1.381139e+00 3.143418e-01 1.414538e-01
33948: 1.662745e+00 1.500000e+00 1.382353e+00 3.137255e-01 1.411765e-01
33948: 1.661448e+00 1.500978e+00 1.383562e+00 3.131115e-01 1.409002e-01
33948: 1.660156e+00 1.500000e+00 1.384766e+00 3.144531e-01 1.406250e-01
33948: 1.660819e+00 1.499025e+00 1.385965e+00 3.138402e-01 1.403509e-01
33948: 1.659533e+00 1.498054e+00 1.389105e+00 3.132296e-01 1.400778e-01
33948: 1.658252e+00 1.497087e+00 1.390291e+00 3.145631e-01 1.398058e-01
33948: 1.658915e+00 1.496124e+00 1.391473e+00 3.139535e-01 1.395349e-01
33948: 1.657640e+00 1.497099e+00 1.392650e+00 3.133462e-01 1.392650e-01
33948: 1.658301e+00 1.498069e+00 1.391892e+00 3.127413e-01 1.389961e-01
33948: 1.657033e+00 1.500963e+00 1.391137e+00 3.121387e-01 1.387283e-01
33948: 1.657692e+00 1.501923e+00 1.390385e+00 3.115385e-01 1.384615e-01
33948: 1.658349e+00 1.500960e+00 1.389635e+00 3.128599e-01 1.381958e-01
33948: 1.657088e+00 1.500000e+00 1.388889e+00 3.160920e-01 1.379310e-01
33948: 1.655832e+00 1.499044e+00 1.390057e+00 3.154876e-01 1.395793e-01
33948: 1.654580e+00 1.498092e+00 1.391221e+00 3.167939e-01 1.393130e-01
33948: 1.655238e+00 1.497143e+00 1.390476e+00 3.161905e-01 1.409524e-01
33948: 1.653992e+00 1.496198e+00 1.391635e+00 3.174905e-01 1.406844e-01
33948: 1.652751e+00 1.497154e+00 1.390892e+00 3.168880e-01 1.423150e-01
33948: 1.651515e+00 1.498106e+00 1.390152e+00 3.181818e-01 1.420455e-01
33948: 1.650284e+00 1.499055e+00 1.389414e+00 3.175803e-01 1.436673e-01
33948: 1.650943e+00 1.498113e+00 1.390566e+00 3.169811e-01 1.433962e-01
33948: 1.653484e+00 1.497175e+00 1.389831e+00 3.163842e-01 1.431262e-01
33948: 1.654135e+00 1.496241e+00 1.389098e+00 3.176692e-01 1.428571e-01
33948: 1.654784e+00 1.495310e+00 1.390244e+00 3.170732e-01 1.425891e-01
33948: 1.655431e+00 1.494382e+00 1.391386e+00 3.164794e-01 1.423221e-01
33948: 1.654206e+00 1.493458e+00 1.392523e+00 3.158879e-01 1.439252e-01
33948: 1.654851e+00 1.494403e+00 1.391791e+00 3.152985e-01 1.436567e-01
33948: 1.653631e+00 1.495345e+00 1.392924e+00 3.147114e-01 1.433892e-01
33948: 1.652416e+00 1.498141e+00 1.392193e+00 3.141264e-01 1.431227e-01
33948: 1.654917e+00 1.497217e+00 1.391466e+00 3.135436e-01 1.428571e-01
33948: 1.655556e+00 1.496296e+00 1.390741e+00 3.129630e-01 1.444444e-01
33948: 1.654344e+00 1.497227e+00 1.390018e+00 3.142329e-01 1.441774e-01
33948: 1.653137e+00 1.496310e+00 1.389299e+00 3.154982e-01 1.457565e-01
33948: 1.651934e+00 1.495396e+00 1.392265e+00 3.149171e-01 1.454880e-01
33948: 1.650735e+00 1.496324e+00 1.391544e+00 3.143382e-01 1.470588e-01
33948: 1.651376e+00 1.495413e+00 1.392661e+00 3.137615e-01 1.467890e-01
33948: 1.650183e+00 1.496337e+00 1.391941e+00 3.150183e-01 1.465201e-01
33948: 1.648995e+00 1.497258e+00 1.391225e+00 3.144424e-01 1.480804e-01
33948: 1.649635e+00 1.498175e+00 1.390511e+00 3.138686e-01 1.478102e-01
33948: 1.648452e+00 1.497268e+00 1.391621e+00 3.132969e-01 1.493625e-01
33948: 1.647273e+00 1.498182e+00 1.390909e+00 3.145455e-01 1.490909e-01
33948: 1.646098e+00 1.500907e+00 1.390200e+00 3.139746e-01 1.488203e-01
33948: 1.644928e+00 1.501812e+00 1.391304e+00 3.134058e-01 1.485507e-01
33948: 1.643761e+00 1.502712e+00 1.392405e+00 3.128391e-01 1.482821e-01
33948: 1.642599e+00 1.501805e+00 1.391697e+00 3.140794e-01 1.498195e-01
33948: 1.643243e+00 1.502703e+00 1.390991e+00 3.135135e-01 1.495495e-01
33948: 1.642086e+00 1.501799e+00 1.392086e+00 3.129496e-01 1.510791e-01
33948: 1.642729e+00 1.502693e+00 1.391382e+00 3.123878e-01 1.508079e-01
33948: 1.643369e+00 1.501792e+00 1.392473e+00 3.118280e-01 1.505376e-01
33948: 1.645796e+00 1.500894e+00 1.391771e+00 3.112701e-01 1.502683e-01
33948: 1.646429e+00 1.500000e+00 1.391071e+00 3.125000e-01 1.500000e-01
33948: 1.645276e+00 1.500891e+00 1.392157e+00 3.119430e-01 1.497326e-01
33948: 1.645907e+00 1.501779e+00 1.391459e+00 3.113879e-01 1.494662e-01
33948: 1.644760e+00 1.500888e+00 1.392540e+00 3.126110e-01 1.492007e-01
33948: 1.645390e+00 1.500000e+00 1.391844e+00 3.138298e-01 1.489362e-01
33948: 1.646018e+00 1.500885e+00 1.391150e+00 3.132743e-01 1.486726e-01
33948: 1.644876e+00 1.500000e+00 1.392226e+00 3.144876e-01 1.484099e-01
33948: 1.645503e+00 1.500882e+00 1.391534e+00 3.139330e-01 1.481481e-01
33948: 1.644366e+00 1.500000e+00 1.392606e+00 3.133803e-01 1.496479e-01
33948: 1.644991e+00 1.499121e+00 1.391916e+00 3.145870e-01 1.493849e-01
33948: 1.643860e+00 1.500000e+00 1.392982e+00 3.140351e-01 1.491228e-01
33948: 1.642732e+00 1.500876e+00 1.394046e+00 3.134851e-01 1.488616e-01
33948: 1.641608e+00 1.500000e+00 1.395105e+00 3.129371e-01 1.503497e-01
33948: 1.642234e+00 1.499127e+00 1.394415e+00 3.141361e-01 1.500873e-01
33948: 1.641115e+00 1.500000e+00 1.395470e+00 3.135889e-01 1.498258e-01
33948: 1.640000e+00 1.499130e+00 1.398261e+00 3.130435e-01 1.495652e-01
33948: 1.640625e+00 1.500000e+00 1.397569e+00 3.125000e-01 1.493056e-01
33948: 1.639515e+00 1.502600e+00 1.396880e+00 3.119584e-01 1.490468e-01
33948: 1.638408e+00 1.503460e+00 1.397924e+00 3.114187e-01 1.487889e-01
33948: 1.639033e+00 1.502591e+00 1.398964e+00 3.108808e-01 1.485320e-01
33948: 1.639655e+00 1.501724e+00 1.400000e+00 3.103448e-01 1.482759e-01
33948: 1.638554e+00 1.502582e+00 1.399312e+00 3.115318e-01 1.480207e-01
33948: 1.637457e+00 1.505155e+00 1.398625e+00 3.109966e-01 1.477663e-01
33948: 1.636364e+00 1.506003e+00 1.397942e+00 3.104631e-01 1.492281e-01
33948: 1.636986e+00 1.506849e+00 1.397260e+00 3.099315e-01 1.489726e-01
33948: 1.635897e+00 1.505983e+00 1.398291e+00 3.111111e-01 1.487179e-01
33948: 1.638225e+00 1.505119e+00 1.397611e+00 3.105802e-01 1.484642e-01
33948: 1.638842e+00 1.505963e+00 1.396934e+00 3.100511e-01 1.482112e-01
33948: 1.639456e+00 1.505102e+00 1.397959e+00 3.095238e-01 1.479592e-01
33948: 1.640068e+00 1.504244e+00 1.398981e+00 3.089983e-01 1.477080e-01
33948: 1.638983e+00 1.506780e+00 1.398305e+00 3.084746e-01 1.474576e-01
33948: 1.637902e+00 1.507614e+00 1.397631e+00 3.096447e-01 1.472081e-01
33948: 1.636824e+00 1.510135e+00 1.396959e+00 3.091216e-01 1.469595e-01
33948: 1.637437e+00 1.509275e+00 1.396290e+00 3.102867e-01 1.467116e-01
33948: 1.636364e+00 1.508418e+00 1.397306e+00 3.097643e-01 1.481481e-01
33948: 1.638655e+00 1.507563e+00 1.396639e+00 3.092437e-01 1.478992e-01
33948: 1.639262e+00 1.506711e+00 1.397651e+00 3.087248e-01 1.476510e-01
33948: 1.638191e+00 1.509213e+00 1.396985e+00 3.082077e-01 1.474037e-01
33948: 1.637124e+00 1.508361e+00 1.396321e+00 3.110368e-01 1.471572e-01
33948: 1.636060e+00 1.507513e+00 1.395659e+00 3.138564e-01 1.469115e-01
33948: 1.635000e+00 1.506667e+00 1.398333e+00 3.133333e-01 1.466667e-01
33948: 1.633943e+00 1.507488e+00 1.397671e+00 3.128120e-01 1.480865e-01
33948: 1.632890e+00 1.508306e+00 1.397010e+00 3.122924e-01 1.495017e-01
33948: 1.631841e+00 1.509121e+00 1.396352e+00 3.134328e-01 1.492537e-01
33948: 1.630795e+00 1.508278e+00 1.395695e+00 3.145695e-01 1.506623e-01
33948: 1.629752e+00 1.507438e+00 1.396694e+00 3.157025e-01 1.504132e-01
33948: 1.628713e+00 1.506601e+00 1.397690e+00 3.151815e-01 1.518152e-01
33948: 1.629325e+00 1.505766e+00 1.397035e+00 3.163097e-01 1.515651e-01
33948: 1.628289e+00 1.508224e+00 1.396382e+00 3.157895e-01 1.513158e-01
33948: 1.628900e+00 1.509031e+00 1.395731e+00 3.152709e-01 1.510673e-01
33948: 1.627869e+00 1.508197e+00 1.398361e+00 3.147541e-01 1.508197e-01
33948: 1.628478e+00 1.507365e+00 1.397709e+00 3.158756e-01 1.505728e-01
33948: 1.629085e+00 1.506536e+00 1.398693e+00 3.153595e-01 1.503268e-01
33948: 1.628059e+00 1.507341e+00 1.399674e+00 3.148450e-01 1.500816e-01
33948: 1.628664e+00 1.506515e+00 1.400651e+00 3.143322e-01 1.498371e-01
33948: 1.627642e+00 1.505691e+00 1.401626e+00 3.154472e-01 1.495935e-01
33948: 1.626623e+00 1.504870e+00 1.402597e+00 3.165584e-01 1.493506e-01
33948: 1.625608e+00 1.504052e+00 1.403566e+00 3.176661e-01 1.491086e-01
33948: 1.626214e+00 1.503236e+00 1.404531e+00 3.171521e-01 1.488673e-01
33948: 1.625202e+00 1.504039e+00 1.403877e+00 3.182553e-01 1.486268e-01
33948: 1.625806e+00 1.503226e+00 1.404839e+00 3.177419e-01 1.483871e-01
33948: 1.624799e+00 1.502415e+00 1.407407e+00 3.172303e-01 1.481481e-01
33948: 1.625402e+00 1.501608e+00 1.406752e+00 3.167203e-01 1.495177e-01
33948: 1.624398e+00 1.504013e+00 1.406100e+00 3.162119e-01 1.492777e-01
33948: 1.623397e+00 1.504808e+00 1.407051e+00 3.157051e-01 1.490385e-01
33948: 1.622400e+00 1.505600e+00 1.408000e+00 3.152000e-01 1.488000e-01
33948: 1.621406e+00 1.504792e+00 1.407348e+00 3.162939e-01 1.501597e-01
33948: 1.620415e+00 1.503987e+00 1.406699e+00 3.189793e-01 1.499203e-01
33948: 1.621019e+00 1.503185e+00 1.406051e+00 3.200637e-01 1.496815e-01
33948: 1.620032e+00 1.503975e+00 1.406995e+00 3.195548e-01 1.494436e-01
33948: 1.619048e+00 1.503175e+00 1.406349e+00 3.206349e-01 1.507937e-01
33948: 1.618067e+00 1.502377e+00 1.408875e+00 3.201268e-01 1.505547e-01
33948: 1.617089e+00 1.501582e+00 1.409810e+00 3.212025e-01 1.503165e-01
33948: 1.616114e+00 1.500790e+00 1.410742e+00 3.222749e-01 1.500790e-01
33948: 1.615142e+00 1.500000e+00 1.413249e+00 3.217666e-01 1.498423e-01
33948: 1.615748e+00 1.500787e+00 1.412598e+00 3.212598e-01 1.496063e-01
33948: 1.616352e+00 1.500000e+00 1.413522e+00 3.207547e-01 1.493711e-01
33948: 1.616954e+00 1.499215e+00 1.414443e+00 3.202512e-01 1.491366e-01
33948: 1.617555e+00 1.498433e+00 1.415361e+00 3.197492e-01 1.489028e-01
33948: 1.618153e+00 1.499218e+00 1.414710e+00 3.192488e-01 1.486698e-01
33948: 1.618750e+00 1.498438e+00 1.414062e+00 3.203125e-01 1.484375e-01
33948: 1.617785e+00 1.499220e+00 1.413417e+00 3.198128e-01 1.497660e-01
33948: 1.616822e+00 1.500000e+00 1.414330e+00 3.193146e-01 1.495327e-01
33948: 1.617418e+00 1.499222e+00 1.415241e+00 3.188180e-01 1.493002e-01
33948: 1.616460e+00 1.498447e+00 1.416149e+00 3.198758e-01 1.490683e-01
33948: 1.615504e+00 1.499225e+00 1.415504e+00 3.209302e-01 1.488372e-01
33948: 1.616099e+00 1.500000e+00 1.414861e+00 3.204334e-01 1.486068e-01
33948: 1.615147e+00 1.502318e+00 1.414219e+00 3.199382e-01 1.483771e-01
33948: 1.614198e+00 1.501543e+00 1.415123e+00 3.194444e-01 1.496914e-01
33948: 1.614792e+00 1.500770e+00 1.416025e+00 3.189522e-01 1.494607e-01
33948: 1.613846e+00 1.501538e+00 1.415385e+00 3.200000e-01 1.492308e-01
33948: 1.612903e+00 1.502304e+00 1.416283e+00 3.195084e-01 1.490015e-01
33948: 1.611963e+00 1.501534e+00 1.415644e+00 3.190184e-01 1.518405e-01
33948: 1.611026e+00 1.502297e+00 1.415008e+00 3.200613e-01 1.516080e-01
33948: 1.611621e+00 1.503058e+00 1.414373e+00 3.195719e-01 1.513761e-01
33948: 1.610687e+00 1.503817e+00 1.415267e+00 3.190840e-01 1.511450e-01
33948: 1.611280e+00 1.503049e+00 1.416159e+00 3.185976e-01 1.509146e-01
33948: 1.611872e+00 1.502283e+00 1.417047e+00 3.181126e-01 1.506849e-01
33948: 1.610942e+00 1.503040e+00 1.417933e+00 3.176292e-01 1.504559e-01
33948: 1.611533e+00 1.502276e+00 1.418816e+00 3.171472e-01 1.502276e-01
33948: 1.613636e+00 1.501515e+00 1.418182e+00 3.166667e-01 1.500000e-01
33948: 1.612708e+00 1.500756e+00 1.419062e+00 3.161876e-01 1.512859e-01
33948: 1.611782e+00 1.500000e+00 1.419940e+00 3.172205e-01 1.510574e-01
33948: 1.612368e+00 1.500754e+00 1.419306e+00 3.167421e-01 1.508296e-01
33948: 1.611446e+00 1.500000e+00 1.420181e+00 3.177711e-01 1.506024e-01
33948: 1.613534e+00 1.499248e+00 1.419549e+00 3.172932e-01 1.503759e-01
33948: 1.614114e+00 1.500000e+00 1.418919e+00 3.168168e-01 1.501502e-01
33948: 1.614693e+00 1.499250e+00 1.419790e+00 3.163418e-01 1.499250e-01
33948: 1.613772e+00 1.500000e+00 1.419162e+00 3.173653e-01 1.497006e-01
33948: 1.612855e+00 1.499253e+00 1.418535e+00 3.183857e-01 1.509716e-01
33948: 1.611940e+00 1.500000e+00 1.417910e+00 3.179104e-01 1.522388e-01
33948: 1.614009e+00 1.499255e+00 1.417288e+00 3.174367e-01 1.520119e-01
33948: 1.613095e+00 1.500000e+00 1.416667e+00 3.169643e-01 1.532738e-01
33948: 1.613670e+00 1.500743e+00 1.416048e+00 3.164933e-01 1.530461e-01
33948: 1.612760e+00 1.501484e+00 1.416914e+00 3.160237e-01 1.528190e-01
33948: 1.611852e+00 1.500741e+00 1.417778e+00 3.170370e-01 1.525926e-01
33948: 1.612426e+00 1.501479e+00 1.417160e+00 3.165680e-01 1.523669e-01
33948: 1.612999e+00 1.500739e+00 1.416544e+00 3.175775e-01 1.521418e-01
33948: 1.613569e+00 1.500000e+00 1.415929e+00 3.185841e-01 1.519174e-01
33948: 1.612666e+00 1.500736e+00 1.416789e+00 3.181149e-01 1.516937e-01
33948: 1.611765e+00 1.500000e+00 1.417647e+00 3.191176e-01 1.514706e-01
33948: 1.612335e+00 1.499266e+00 1.418502e+00 3.186490e-01 1.512482e-01
33948: 1.611437e+00 1.498534e+00 1.419355e+00 3.196481e-01 1.510264e-01
33948: 1.612006e+00 1.499268e+00 1.418741e+00 3.191801e-01 1.508053e-01
33948: 1.614035e+00 1.498538e+00 1.418129e+00 3.187135e-01 1.505848e-01
33948: 1.613139e+00 1.497810e+00 1.418978e+00 3.197080e-01 1.503650e-01
33948: 1.613703e+00 1.498542e+00 1.418367e+00 3.192420e-01 1.501458e-01
33948: 1.612809e+00 1.500728e+00 1.417758e+00 3.187773e-01 1.499272e-01
33948: 1.614826e+00 1.500000e+00 1.417151e+00 3.183140e-01 1.497093e-01
33948: 1.615385e+00 1.500726e+00 1.416546e+00 3.178520e-01 1.494920e-01
33948: 1.614493e+00 1.502899e+00 1.415942e+00 3.173913e-01 1.492754e-01
33948: 1.615051e+00 1.502171e+00 1.416787e+00 3.169320e-01 1.490593e-01
33948: 1.615607e+00 1.501445e+00 1.417630e+00 3.164740e-01 1.488439e-01
33948: 1.614719e+00 1.500722e+00 1.418470e+00 3.174603e-01 1.486291e-01
33948: 1.613833e+00 1.501441e+00 1.419308e+00 3.170029e-01 1.484150e-01
33948: 1.614388e+00 1.502158e+00 1.418705e+00 3.165468e-01 1.482014e-01
33948: 1.614943e+00 1.502874e+00 1.418103e+00 3.160920e-01 1.479885e-01
33948: 1.616930e+00 1.502152e+00 1.417504e+00 3.156385e-01 1.477762e-01
33948: 1.616046e+00 1.501433e+00 1.416905e+00 3.166189e-01 1.489971e-01
33948: 1.616595e+00 1.502146e+00 1.416309e+00 3.161660e-01 1.487840e-01
33948: 1.617143e+00 1.501429e+00 1.417143e+00 3.157143e-01 1.485714e-01
33948: 1.616262e+00 1.500713e+00 1.419401e+00 3.152639e-01 1.483595e-01
33948: 1.615385e+00 1.501425e+00 1.418803e+00 3.162393e-01 1.481481e-01
33948: 1.614509e+00 1.502134e+00 1.419630e+00 3.157895e-01 1.479374e-01
33948: 1.615057e+00 1.502841e+00 1.419034e+00 3.153409e-01 1.477273e-01
33948: 1.615603e+00 1.503546e+00 1.418440e+00 3.148936e-01 1.475177e-01
33948: 1.614731e+00 1.505666e+00 1.417847e+00 3.144476e-01 1.473088e-01
33948: 1.613861e+00 1.504950e+00 1.418670e+00 3.140028e-01 1.485149e-01
33948: 1.612994e+00 1.504237e+00 1.420904e+00 3.135593e-01 1.483051e-01
33948: 1.612130e+00 1.503526e+00 1.421721e+00 3.131171e-01 1.495063e-01
33948: 1.612676e+00 1.502817e+00 1.421127e+00 3.126761e-01 1.507042e-01
33948: 1.611814e+00 1.503516e+00 1.421941e+00 3.122363e-01 1.504923e-01
33948: 1.610955e+00 1.504213e+00 1.422753e+00 3.117978e-01 1.502809e-01
33948: 1.611501e+00 1.504909e+00 1.422160e+00 3.113604e-01 1.500701e-01
33948: 1.610644e+00 1.504202e+00 1.422969e+00 3.123249e-01 1.498599e-01
33948: 1.609790e+00 1.506294e+00 1.422378e+00 3.118881e-01 1.496503e-01
33948: 1.608939e+00 1.508380e+00 1.421788e+00 3.114525e-01 1.494413e-01
33948: 1.608089e+00 1.509066e+00 1.421199e+00 3.124128e-01 1.492329e-01
33948: 1.608635e+00 1.508357e+00 1.422006e+00 3.119777e-01 1.490251e-01
33948: 1.609179e+00 1.509040e+00 1.421419e+00 3.115438e-01 1.488178e-01
33948: 1.608333e+00 1.508333e+00 1.422222e+00 3.125000e-01 1.486111e-01
33948: 1.608877e+00 1.507628e+00 1.423024e+00 3.120666e-01 1.484050e-01
33948: 1.608033e+00 1.506925e+00 1.423823e+00 3.116343e-01 1.495845e-01
33948: 1.607192e+00 1.507607e+00 1.424620e+00 3.112033e-01 1.493776e-01
33948: 1.606354e+00 1.508287e+00 1.424033e+00 3.107735e-01 1.505525e-01
33948: 1.605517e+00 1.507586e+00 1.424828e+00 3.117241e-01 1.503448e-01
33948: 1.606061e+00 1.506887e+00 1.425620e+00 3.112948e-01 1.501377e-01
33948: 1.605227e+00 1.506190e+00 1.425034e+00 3.122421e-01 1.513067e-01
33948: 1.605769e+00 1.505495e+00 1.425824e+00 3.118132e-01 1.510989e-01
33948: 1.604938e+00 1.504801e+00 1.427984e+00 3.113855e-01 1.508916e-01
33948: 1.604110e+00 1.505479e+00 1.428767e+00 3.109589e-01 1.506849e-01
33948: 1.604651e+00 1.506156e+00 1.428181e+00 3.105335e-01 1.504788e-01
33948: 1.603825e+00 1.505464e+00 1.428962e+00 3.114754e-01 1.502732e-01
33948: 1.604366e+00 1.506139e+00 1.428377e+00 3.110505e-01 1.500682e-01
33948: 1.603542e+00 1.508174e+00 1.427793e+00 3.106267e-01 1.498638e-01
33948: 1.605442e+00 1.507483e+00 1.427211e+00 3.102041e-01 1.496599e-01
33948: 1.605978e+00 1.506793e+00 1.427989e+00 3.097826e-01 1.494565e-01
33948: 1.606513e+00 1.506106e+00 1.427408e+00 3.093623e-01 1.506106e-01
33948: 1.607046e+00 1.506775e+00 1.426829e+00 3.089431e-01 1.504065e-01
33948: 1.607578e+00 1.507442e+00 1.426252e+00 3.085250e-01 1.502030e-01
33948: 1.608108e+00 1.506757e+00 1.427027e+00 3.081081e-01 1.500000e-01
33948: 1.609987e+00 1.506073e+00 1.426451e+00 3.076923e-01 1.497976e-01
33948: 1.609164e+00 1.505391e+00 1.427224e+00 3.072776e-01 1.509434e-01
33948: 1.611036e+00 1.504711e+00 1.426649e+00 3.068641e-01 1.507402e-01
33948: 1.610215e+00 1.504032e+00 1.427419e+00 3.077957e-01 1.505376e-01
33948: 1.610738e+00 1.503356e+00 1.426846e+00 3.073826e-01 1.516779e-01
33948: 1.612601e+00 1.502681e+00 1.426273e+00 3.069705e-01 1.514745e-01
33948: 1.613119e+00 1.502008e+00 1.425703e+00 3.078983e-01 1.512718e-01
33948: 1.613636e+00 1.501337e+00 1.425134e+00 3.088235e-01 1.510695e-01
33948: 1.612817e+00 1.502003e+00 1.425901e+00 3.084112e-01 1.508678e-01
33948: 1.612000e+00 1.502667e+00 1.426667e+00 3.080000e-01 1.506667e-01
33948: 1.611185e+00 1.501997e+00 1.427430e+00 3.089214e-01 1.504660e-01
33948: 1.611702e+00 1.501330e+00 1.426862e+00 3.085106e-01 1.515957e-01
33948: 1.610890e+00 1.503320e+00 1.426295e+00 3.081009e-01 1.513944e-01
33948: 1.610080e+00 1.505305e+00 1.425729e+00 3.076923e-01 1.511936e-01
33948: 1.610596e+00 1.504636e+00 1.426490e+00 3.072848e-01 1.509934e-01
33948: 1.609788e+00 1.505291e+00 1.427249e+00 3.068783e-01 1.507937e-01
33948: 1.608983e+00 1.505945e+00 1.426684e+00 3.077939e-01 1.505945e-01
33948: 1.609499e+00 1.505277e+00 1.427441e+00 3.073879e-01 1.503958e-01
33948: 1.608696e+00 1.505929e+00 1.428195e+00 3.069829e-01 1.501976e-01
33948: 1.607895e+00 1.505263e+00 1.430263e+00 3.065789e-01 1.500000e-01
33948: 1.607096e+00 1.507227e+00 1.429698e+00 3.061761e-01 1.498029e-01
33948: 1.607612e+00 1.507874e+00 1.429134e+00 3.057743e-01 1.496063e-01
33948: 1.608126e+00 1.507208e+00 1.429882e+00 3.053735e-01 1.494102e-01
33948: 1.608639e+00 1.507853e+00 1.429319e+00 3.049738e-01 1.492147e-01
33948: 1.607843e+00 1.507190e+00 1.430065e+00 3.058824e-01 1.490196e-01
33948: 1.608355e+00 1.506527e+00 1.430809e+00 3.054830e-01 1.488251e-01
33948: 1.607562e+00 1.505867e+00 1.432855e+00 3.050847e-01 1.486310e-01
33948: 1.606771e+00 1.506510e+00 1.433594e+00 3.046875e-01 1.484375e-01
33948: 1.605982e+00 1.508453e+00 1.433030e+00 3.042913e-01 1.482445e-01
33948: 1.605195e+00 1.510390e+00 1.432468e+00 3.038961e-01 1.480519e-01
33948: 1.604410e+00 1.512322e+00 1.431907e+00 3.035019e-01 1.478599e-01
33948: 1.603627e+00 1.512953e+00 1.431347e+00 3.031088e-01 1.489637e-01
33948: 1.602846e+00 1.513583e+00 1.432083e+00 3.027167e-01 1.487710e-01
33948: 1.603359e+00 1.512920e+00 1.431525e+00 3.036176e-01 1.485788e-01
33948: 1.603871e+00 1.512258e+00 1.430968e+00 3.045161e-01 1.483871e-01
33948: 1.603093e+00 1.511598e+00 1.432990e+00 3.041237e-01 1.481959e-01
33948: 1.602317e+00 1.510940e+00 1.435006e+00 3.037323e-01 1.480051e-01
33948: 1.601542e+00 1.511568e+00 1.435733e+00 3.033419e-01 1.478149e-01
33948: 1.602054e+00 1.510911e+00 1.436457e+00 3.029525e-01 1.476252e-01
33948: 1.601282e+00 1.511538e+00 1.435897e+00 3.038462e-01 1.474359e-01
33948: 1.600512e+00 1.512164e+00 1.435339e+00 3.034571e-01 1.485275e-01
33948: 1.599744e+00 1.512788e+00 1.434783e+00 3.043478e-01 1.483376e-01
33948: 1.598978e+00 1.513410e+00 1.435504e+00 3.039591e-01 1.481481e-01
33948: 1.598214e+00 1.515306e+00 1.434949e+00 3.035714e-01 1.479592e-01
33948: 1.597452e+00 1.515924e+00 1.434395e+00 3.044586e-01 1.477707e-01
33948: 1.597964e+00 1.516539e+00 1.433842e+00 3.040712e-01 1.475827e-01
33948: 1.598475e+00 1.515883e+00 1.434562e+00 3.036849e-01 1.473952e-01
33948: 1.600254e+00 1.515228e+00 1.434010e+00 3.032995e-01 1.472081e-01
33948: 1.600760e+00 1.514575e+00 1.433460e+00 3.041825e-01 1.470215e-01
33948: 1.600000e+00 1.513924e+00 1.435443e+00 3.037975e-01 1.468354e-01
33948: 1.599241e+00 1.514539e+00 1.434893e+00 3.046776e-01 1.466498e-01
33948: 1.599747e+00 1.513889e+00 1.435606e+00 3.042929e-01 1.464646e-01
33948: 1.600252e+00 1.513241e+00 1.436318e+00 3.039092e-01 1.462799e-01
33948: 1.600756e+00 1.513854e+00 1.435768e+00 3.035264e-01 1.460957e-01
33948: 1.601258e+00 1.513208e+00 1.436478e+00 3.031447e-01 1.459119e-01
33948: 1.603015e+00 1.512563e+00 1.435930e+00 3.027638e-01 1.457286e-01
33948: 1.602258e+00 1.514429e+00 1.435383e+00 3.023839e-01 1.455458e-01
33948: 1.601504e+00 1.516291e+00 1.434837e+00 3.020050e-01 1.453634e-01
33948: 1.603254e+00 1.515645e+00 1.434293e+00 3.016270e-01 1.451815e-01
33948: 1.602500e+00 1.516250e+00 1.435000e+00 3.012500e-01 1.450000e-01
33948: 1.601748e+00 1.516854e+00 1.435705e+00 3.008739e-01 1.448190e-01
33948: 1.600998e+00 1.517456e+00 1.436409e+00 3.004988e-01 1.446384e-01
33948: 1.601494e+00 1.518057e+00 1.435866e+00 3.001245e-01 1.444583e-01
33948: 1.600746e+00 1.518657e+00 1.435323e+00 3.009950e-01 1.442786e-01
33948: 1.600000e+00 1.520497e+00 1.434783e+00 3.006211e-01 1.440994e-01
33948: 1.599256e+00 1.521092e+00 1.434243e+00 3.002481e-01 1.451613e-01
33948: 1.599752e+00 1.520446e+00 1.434944e+00 2.998761e-01 1.449814e-01
33948: 1.601485e+00 1.519802e+00 1.434406e+00 2.995050e-01 1.448020e-01
33948: 1.600742e+00 1.519159e+00 1.436341e+00 2.991347e-01 1.446230e-01
33948: 1.600000e+00 1.519753e+00 1.437037e+00 2.987654e-01 1.444444e-01
33948: 1.599260e+00 1.519112e+00 1.437731e+00 2.983970e-01 1.454994e-01
33948: 1.598522e+00 1.518473e+00 1.438424e+00 2.992611e-01 1.453202e-01
33948: 1.599016e+00 1.517835e+00 1.437884e+00 3.001230e-01 1.451415e-01
33948: 1.598280e+00 1.517199e+00 1.438575e+00 3.009828e-01 1.449631e-01
33948: 1.598773e+00 1.517791e+00 1.438037e+00 3.006135e-01 1.447853e-01
33948: 1.598039e+00 1.517157e+00 1.439951e+00 3.002451e-01 1.446078e-01
33948: 1.598531e+00 1.516524e+00 1.439412e+00 3.011016e-01 1.444308e-01
33948: 1.599022e+00 1.517115e+00 1.438875e+00 3.007335e-01 1.442543e-01
33948: 1.599512e+00 1.517705e+00 1.438339e+00 3.003663e-01 1.440781e-01
33948: 1.598780e+00 1.517073e+00 1.437805e+00 3.000000e-01 1.463415e-01
33948: 1.598051e+00 1.516443e+00 1.438490e+00 3.008526e-01 1.461632e-01
33948: 1.597324e+00 1.515815e+00 1.439173e+00 3.017032e-01 1.459854e-01
33948: 1.597813e+00 1.515188e+00 1.439854e+00 3.013366e-01 1.458080e-01
33948: 1.597087e+00 1.514563e+00 1.440534e+00 3.021845e-01 1.456311e-01
33948: 1.596364e+00 1.516364e+00 1.440000e+00 3.018182e-01 1.454545e-01
33948: 1.596852e+00 1.515738e+00 1.439467e+00 3.014528e-01 1.464891e-01
33948: 1.597340e+00 1.515115e+00 1.440145e+00 3.010883e-01 1.463120e-01
33948: 1.599034e+00 1.514493e+00 1.439614e+00 3.007246e-01 1.461353e-01
33948: 1.598311e+00 1.515078e+00 1.439083e+00 3.015682e-01 1.459590e-01
33948: 1.597590e+00 1.515663e+00 1.439759e+00 3.012048e-01 1.457831e-01
33948: 1.596871e+00 1.516245e+00 1.440433e+00 3.008424e-01 1.456077e-01
33948: 1.596154e+00 1.515625e+00 1.442308e+00 3.004808e-01 1.454327e-01
33948: 1.596639e+00 1.516206e+00 1.441777e+00 3.001200e-01 1.452581e-01
33948: 1.598321e+00 1.515588e+00 1.441247e+00 2.997602e-01 1.450839e-01
33948: 1.598802e+00 1.516168e+00 1.440719e+00 2.994012e-01 1.449102e-01
33948: 1.598086e+00 1.516746e+00 1.441388e+00 2.990431e-01 1.447368e-01
33948: 1.598566e+00 1.516129e+00 1.442055e+00 2.986858e-01 1.445639e-01
33948: 1.597852e+00 1.516706e+00 1.442721e+00 2.983294e-01 1.443914e-01
33948: 1.597139e+00 1.516091e+00 1.444577e+00 2.979738e-01 1.442193e-01
33948: 1.597619e+00 1.515476e+00 1.445238e+00 2.976190e-01 1.440476e-01
33948: 1.598098e+00 1.516052e+00 1.444709e+00 2.972652e-01 1.438763e-01
33948: 1.598575e+00 1.515439e+00 1.445368e+00 2.969121e-01 1.437055e-01
33948: 1.599051e+00 1.514828e+00 1.446026e+00 2.965599e-01 1.435350e-01
33948: 1.599526e+00 1.515403e+00 1.445498e+00 2.962085e-01 1.433649e-01
33948: 1.600000e+00 1.515976e+00 1.444970e+00 2.958580e-01 1.431953e-01
33948: 1.601655e+00 1.515366e+00 1.444444e+00 2.955083e-01 1.430260e-01
33948: 1.602125e+00 1.515939e+00 1.443920e+00 2.951594e-01 1.428571e-01
33948: 1.601415e+00 1.516509e+00 1.444575e+00 2.948113e-01 1.426887e-01
33948: 1.600707e+00 1.517079e+00 1.445230e+00 2.944641e-01 1.425206e-01
33948: 1.600000e+00 1.516471e+00 1.445882e+00 2.952941e-01 1.423529e-01
33948: 1.600470e+00 1.517039e+00 1.445358e+00 2.949471e-01 1.421857e-01
33948: 1.599765e+00 1.516432e+00 1.447183e+00 2.946009e-01 1.420188e-01
33948: 1.600234e+00 1.515826e+00 1.447831e+00 2.942556e-01 1.418523e-01
33948: 1.599532e+00 1.516393e+00 1.448478e+00 2.939110e-01 1.416862e-01
33948: 1.600000e+00 1.515789e+00 1.447953e+00 2.947368e-01 1.415205e-01
33948: 1.599299e+00 1.515187e+00 1.448598e+00 2.955607e-01 1.413551e-01
33948: 1.598600e+00 1.514586e+00 1.449242e+00 2.952159e-01 1.423571e-01
33948: 1.599068e+00 1.513986e+00 1.448718e+00 2.948718e-01 1.433566e-01
33948: 1.599534e+00 1.514552e+00 1.448196e+00 2.945285e-01 1.431898e-01
33948: 1.598837e+00 1.515116e+00 1.447674e+00 2.953488e-01 1.430233e-01
33948: 1.598142e+00 1.514518e+00 1.449477e+00 2.950058e-01 1.428571e-01
33948: 1.598608e+00 1.513921e+00 1.448956e+00 2.958237e-01 1.426914e-01
33948: 1.599073e+00 1.514484e+00 1.448436e+00 2.954809e-01 1.425261e-01
33948: 1.599537e+00 1.513889e+00 1.449074e+00 2.951389e-01 1.423611e-01
33948: 1.598844e+00 1.513295e+00 1.449711e+00 2.959538e-01 1.421965e-01
33948: 1.598152e+00 1.512702e+00 1.451501e+00 2.956120e-01 1.420323e-01
33948: 1.597463e+00 1.512111e+00 1.452134e+00 2.964245e-01 1.418685e-01
33948: 1.596774e+00 1.512673e+00 1.452765e+00 2.960829e-01 1.417051e-01
33948: 1.598389e+00 1.512083e+00 1.452244e+00 2.957422e-01 1.415420e-01
33948: 1.597701e+00 1.511494e+00 1.454023e+00 2.954023e-01 1.413793e-01
33948: 1.598163e+00 1.510907e+00 1.454650e+00 2.950631e-01 1.412170e-01
33948: 1.597477e+00 1.510321e+00 1.455275e+00 2.958716e-01 1.410550e-01
33948: 1.599084e+00 1.509737e+00 1.454754e+00 2.955326e-01 1.408935e-01
33948: 1.598398e+00 1.511442e+00 1.454233e+00 2.951945e-01 1.407323e-01
33948: 1.597714e+00 1.512000e+00 1.454857e+00 2.948571e-01 1.405714e-01
33948: 1.598174e+00 1.511416e+00 1.454338e+00 2.956621e-01 1.404110e-01
33948: 1.597491e+00 1.511973e+00 1.454960e+00 2.953250e-01 1.402509e-01
33948: 1.596811e+00 1.511390e+00 1.455581e+00 2.949886e-01 1.412301e-01
33948: 1.596132e+00 1.510808e+00 1.456200e+00 2.957907e-01 1.410694e-01
33948: 1.595455e+00 1.511364e+00 1.456818e+00 2.954545e-01 1.409091e-01
33948: 1.594779e+00 1.510783e+00 1.457435e+00 2.951192e-01 1.418842e-01
33948: 1.595238e+00 1.510204e+00 1.456916e+00 2.947846e-01 1.428571e-01
33948: 1.594564e+00 1.511891e+00 1.456399e+00 2.944507e-01 1.426954e-01
33948: 1.593891e+00 1.512443e+00 1.457014e+00 2.941176e-01 1.425339e-01
33948: 1.594350e+00 1.512994e+00 1.456497e+00 2.937853e-01 1.423729e-01
33948: 1.593679e+00 1.513544e+00 1.455982e+00 2.934537e-01 1.433409e-01
33948: 1.593010e+00 1.512965e+00 1.456595e+00 2.942503e-01 1.431793e-01
33948: 1.592342e+00 1.512387e+00 1.456081e+00 2.950450e-01 1.441441e-01
33948: 1.591676e+00 1.511811e+00 1.455568e+00 2.958380e-01 1.451069e-01
33948: 1.591011e+00 1.512360e+00 1.455056e+00 2.966292e-01 1.449438e-01
33948: 1.590348e+00 1.511785e+00 1.455668e+00 2.974186e-01 1.447811e-01
33948: 1.591928e+00 1.511211e+00 1.455157e+00 2.970852e-01 1.446188e-01
33948: 1.592385e+00 1.511758e+00 1.454647e+00 2.967525e-01 1.444569e-01
33948: 1.592841e+00 1.512304e+00 1.454139e+00 2.964206e-01 1.442953e-01
33948: 1.593296e+00 1.512849e+00 1.453631e+00 2.960894e-01 1.441341e-01
33948: 1.593750e+00 1.512277e+00 1.454241e+00 2.957589e-01 1.439732e-01
33948: 1.594203e+00 1.511706e+00 1.454849e+00 2.954292e-01 1.438127e-01
33948: 1.594655e+00 1.511136e+00 1.455457e+00 2.951002e-01 1.436526e-01
33948: 1.593993e+00 1.510567e+00 1.456062e+00 2.958843e-01 1.434928e-01
33948: 1.593333e+00 1.511111e+00 1.456667e+00 2.955556e-01 1.433333e-01
33948: 1.593785e+00 1.510544e+00 1.457270e+00 2.952275e-01 1.431743e-01
33948: 1.593126e+00 1.509978e+00 1.458980e+00 2.949002e-01 1.430155e-01
33948: 1.592470e+00 1.510520e+00 1.459579e+00 2.945736e-01 1.428571e-01
33948: 1.592920e+00 1.509956e+00 1.460177e+00 2.942478e-01 1.426991e-01
33948: 1.593370e+00 1.509392e+00 1.459669e+00 2.939227e-01 1.436464e-01
33948: 1.592715e+00 1.509934e+00 1.460265e+00 2.935982e-01 1.434879e-01
33948: 1.594267e+00 1.509372e+00 1.459757e+00 2.932745e-01 1.433297e-01
33948: 1.594714e+00 1.508811e+00 1.459251e+00 2.940529e-01 1.431718e-01
33948: 1.594059e+00 1.508251e+00 1.459846e+00 2.937294e-01 1.441144e-01
33948: 1.593407e+00 1.507692e+00 1.459341e+00 2.956044e-01 1.439560e-01
33948: 1.593853e+00 1.507135e+00 1.458836e+00 2.952799e-01 1.448957e-01
33948: 1.595395e+00 1.506579e+00 1.458333e+00 2.949561e-01 1.447368e-01
33948: 1.596933e+00 1.506024e+00 1.457831e+00 2.946331e-01 1.445783e-01
33948: 1.598468e+00 1.505470e+00 1.457330e+00 2.943107e-01 1.444201e-01
33948: 1.597814e+00 1.506011e+00 1.456831e+00 2.950820e-01 1.442623e-01
33948: 1.597162e+00 1.506550e+00 1.457424e+00 2.947598e-01 1.441048e-01
33948: 1.597601e+00 1.505998e+00 1.456925e+00 2.955289e-01 1.439477e-01
33948: 1.598039e+00 1.505447e+00 1.457516e+00 2.952070e-01 1.437908e-01
33948: 1.597388e+00 1.507073e+00 1.457018e+00 2.948857e-01 1.436344e-01
33948: 1.596739e+00 1.506522e+00 1.458696e+00 2.945652e-01 1.434783e-01
33948: 1.596091e+00 1.508143e+00 1.458198e+00 2.942454e-01 1.433225e-01
33948: 1.595445e+00 1.507592e+00 1.457701e+00 2.960954e-01 1.431670e-01
33948: 1.595883e+00 1.507042e+00 1.458288e+00 2.957746e-01 1.430119e-01
33948: 1.595238e+00 1.508658e+00 1.457792e+00 2.954545e-01 1.428571e-01
33948: 1.594595e+00 1.509189e+00 1.457297e+00 2.962162e-01 1.427027e-01
33948: 1.593952e+00 1.509719e+00 1.456803e+00 2.958963e-01 1.436285e-01
33948: 1.594391e+00 1.510248e+00 1.456311e+00 2.955771e-01 1.434736e-01
33948: 1.594828e+00 1.509698e+00 1.456897e+00 2.952586e-01 1.433190e-01
33948: 1.595264e+00 1.509150e+00 1.456405e+00 2.949408e-01 1.442411e-01
33948: 1.595699e+00 1.508602e+00 1.456989e+00 2.946237e-01 1.440860e-01
33948: 1.596133e+00 1.508056e+00 1.456498e+00 2.953813e-01 1.439313e-01
33948: 1.595494e+00 1.507511e+00 1.457082e+00 2.961373e-01 1.437768e-01
33948: 1.595927e+00 1.506967e+00 1.457663e+00 2.958199e-01 1.436227e-01
33948: 1.596360e+00 1.506424e+00 1.458244e+00 2.955032e-01 1.434690e-01
33948: 1.596791e+00 1.505882e+00 1.457754e+00 2.962567e-01 1.433155e-01
33948: 1.597222e+00 1.505342e+00 1.458333e+00 2.959402e-01 1.431624e-01
33948: 1.598719e+00 1.504803e+00 1.457844e+00 2.956243e-01 1.430096e-01
33948: 1.598081e+00 1.505330e+00 1.458422e+00 2.953092e-01 1.428571e-01
33948: 1.597444e+00 1.505857e+00 1.458999e+00 2.949947e-01 1.427050e-01
33948: 1.597872e+00 1.505319e+00 1.458511e+00 2.946809e-01 1.436170e-01
33948: 1.599362e+00 1.504782e+00 1.458023e+00 2.943677e-01 1.434644e-01
33948: 1.598726e+00 1.504246e+00 1.457537e+00 2.961783e-01 1.433121e-01
33948: 1.599152e+00 1.503712e+00 1.457052e+00 2.958643e-01 1.442206e-01
33948: 1.598517e+00 1.504237e+00 1.456568e+00 2.966102e-01 1.440678e-01
33948: 1.598942e+00 1.503704e+00 1.457143e+00 2.962963e-01 1.439153e-01
33948: 1.599366e+00 1.504228e+00 1.456660e+00 2.959831e-01 1.437632e-01
33948: 1.598733e+00 1.503696e+00 1.457233e+00 2.967265e-01 1.436114e-01
33948: 1.598101e+00 1.503165e+00 1.458861e+00 2.964135e-01 1.434599e-01
33948: 1.597471e+00 1.502634e+00 1.460485e+00 2.961012e-01 1.433087e-01
33948: 1.597895e+00 1.502105e+00 1.461053e+00 2.957895e-01 1.431579e-01
33948: 1.598318e+00 1.501577e+00 1.461619e+00 2.954784e-01 1.430074e-01
33948: 1.598739e+00 1.502101e+00 1.461134e+00 2.951681e-01 1.428571e-01
33948: 1.598111e+00 1.501574e+00 1.462749e+00 2.948583e-01 1.427072e-01
33948: 1.597484e+00 1.502096e+00 1.463312e+00 2.945493e-01 1.425577e-01
33948: 1.597906e+00 1.502618e+00 1.462827e+00 2.942408e-01 1.424084e-01
33948: 1.598326e+00 1.502092e+00 1.462343e+00 2.939331e-01 1.433054e-01
33948: 1.597701e+00 1.501567e+00 1.463950e+00 2.936259e-01 1.431557e-01
33948: 1.597077e+00 1.502088e+00 1.463466e+00 2.943633e-01 1.430063e-01
33948: 1.596455e+00 1.501564e+00 1.464025e+00 2.950991e-01 1.428571e-01
33948: 1.596875e+00 1.501042e+00 1.464583e+00 2.947917e-01 1.427083e-01
33948: 1.596254e+00 1.501561e+00 1.464100e+00 2.944849e-01 1.436004e-01
33948: 1.595634e+00 1.501040e+00 1.465696e+00 2.941788e-01 1.434511e-01
33948: 1.596054e+00 1.501558e+00 1.465213e+00 2.938733e-01 1.433022e-01
33948: 1.595436e+00 1.503112e+00 1.464730e+00 2.935685e-01 1.431535e-01
33948: 1.594819e+00 1.502591e+00 1.465285e+00 2.943005e-01 1.430052e-01
33948: 1.594203e+00 1.503106e+00 1.465839e+00 2.939959e-01 1.428571e-01
33948: 1.594623e+00 1.502585e+00 1.465357e+00 2.936918e-01 1.437435e-01
33948: 1.595041e+00 1.502066e+00 1.464876e+00 2.933884e-01 1.446281e-01
33948: 1.596491e+00 1.501548e+00 1.464396e+00 2.930857e-01 1.444788e-01
33948: 1.595876e+00 1.501031e+00 1.463918e+00 2.948454e-01 1.443299e-01
33948: 1.595263e+00 1.501545e+00 1.463440e+00 2.945417e-01 1.452111e-01
33948: 1.595679e+00 1.502058e+00 1.462963e+00 2.942387e-01 1.450617e-01
33948: 1.596095e+00 1.501542e+00 1.463515e+00 2.939363e-01 1.449126e-01
33948: 1.596509e+00 1.501027e+00 1.464066e+00 2.936345e-01 1.447639e-01
33948: 1.596923e+00 1.500513e+00 1.464615e+00 2.933333e-01 1.446154e-01
33948: 1.596311e+00 1.501025e+00 1.465164e+00 2.930328e-01 1.444672e-01
33948: 1.595701e+00 1.501535e+00 1.465711e+00 2.927329e-01 1.443193e-01
33948: 1.595092e+00 1.502045e+00 1.466258e+00 2.924335e-01 1.441718e-01
33948: 1.595506e+00 1.502554e+00 1.465781e+00 2.921348e-01 1.440245e-01
33948: 1.594898e+00 1.502041e+00 1.466327e+00 2.928571e-01 1.438776e-01
33948: 1.594292e+00 1.502548e+00 1.466871e+00 2.925586e-01 1.437309e-01
33948: 1.594705e+00 1.502037e+00 1.466395e+00 2.932790e-01 1.435845e-01
33948: 1.595117e+00 1.501526e+00 1.466938e+00 2.929807e-01 1.434385e-01
33948: 1.594512e+00 1.503049e+00 1.466463e+00 2.926829e-01 1.432927e-01
33948: 1.594924e+00 1.503553e+00 1.465990e+00 2.923858e-01 1.431472e-01
33948: 1.595335e+00 1.504057e+00 1.465517e+00 2.920892e-01 1.430020e-01
33948: 1.595745e+00 1.503546e+00 1.465046e+00 2.928065e-01 1.428571e-01
33948: 1.596154e+00 1.504049e+00 1.464575e+00 2.925101e-01 1.427126e-01
33948: 1.595551e+00 1.504550e+00 1.464105e+00 2.932255e-01 1.425683e-01
33948: 1.594949e+00 1.505051e+00 1.463636e+00 2.939394e-01 1.424242e-01
33948: 1.594349e+00 1.505550e+00 1.463169e+00 2.946519e-01 1.422805e-01
33948: 1.594758e+00 1.505040e+00 1.463710e+00 2.943548e-01 1.421371e-01
33948: 1.595166e+00 1.504532e+00 1.464250e+00 2.940584e-01 1.419940e-01
33948: 1.595573e+00 1.504024e+00 1.463783e+00 2.937626e-01 1.428571e-01
33948: 1.595980e+00 1.503518e+00 1.463317e+00 2.934673e-01 1.437186e-01
33948: 1.596386e+00 1.504016e+00 1.462851e+00 2.931727e-01 1.435743e-01
33948: 1.596790e+00 1.503511e+00 1.463390e+00 2.928786e-01 1.434303e-01
33948: 1.596192e+00 1.504008e+00 1.463928e+00 2.925852e-01 1.432866e-01
33948: 1.595596e+00 1.503504e+00 1.464464e+00 2.932933e-01 1.431431e-01
33948: Done!
Traceback (most recent call last):
  File "/lowest-unique-number/tournament0/elexunix.py", line 25, in <module>
    input()
EOFError: EOF when reading a line
