Forked 39375
Starting to reopen 0 and 1
Calling execv `tournament0/pzakorko.py` (pid 39375)
Strategy 0: first ans is 0
Forked 39376
Starting to reopen 0 and 1
Calling execv `tournament0/fedro.py` (pid 39376)
Strategy 1: first ans is 0
Forked 39400
Starting to reopen 0 and 1
Calling execv `tournament0/the_best_strategy.py` (pid 39400)
Strategy 2: first ans is 0
Forked 39401
Starting to reopen 0 and 1
Calling execv `tournament0/alex_dany` (pid 39401)
39401: Started!
39401: Number of players: 4, position: 3, number of turns: 1000
39401: Random seed: 3710352401
Strategy 3: first ans is 0
39401: 4.000000e+00 0.000000e+00 0.000000e+00 0.000000e+00
39401: 3.500000e+00 5.000000e-01 0.000000e+00 0.000000e+00
39401: 3.000000e+00 6.666667e-01 3.333333e-01 0.000000e+00
39401: 2.750000e+00 1.000000e+00 2.500000e-01 0.000000e+00
39401: 2.800000e+00 1.000000e+00 2.000000e-01 0.000000e+00
39401: 2.666667e+00 1.000000e+00 3.333333e-01 0.000000e+00
39401: 2.714286e+00 1.000000e+00 2.857143e-01 0.000000e+00
39401: 2.625000e+00 1.000000e+00 3.750000e-01 0.000000e+00
39401: 2.555556e+00 1.111111e+00 3.333333e-01 0.000000e+00
39401: 2.500000e+00 1.100000e+00 4.000000e-01 0.000000e+00
39401: 2.545455e+00 1.090909e+00 3.636364e-01 0.000000e+00
39401: 2.500000e+00 1.166667e+00 3.333333e-01 0.000000e+00
39401: 2.538462e+00 1.153846e+00 3.076923e-01 0.000000e+00
39401: 2.500000e+00 1.142857e+00 3.571429e-01 0.000000e+00
39401: 2.533333e+00 1.133333e+00 3.333333e-01 0.000000e+00
39401: 2.500000e+00 1.187500e+00 3.125000e-01 0.000000e+00
39401: 2.529412e+00 1.176471e+00 2.941176e-01 0.000000e+00
39401: 2.500000e+00 1.222222e+00 2.777778e-01 0.000000e+00
39401: 2.473684e+00 1.210526e+00 3.157895e-01 0.000000e+00
39401: 2.450000e+00 1.200000e+00 3.500000e-01 0.000000e+00
39401: 2.428571e+00 1.190476e+00 3.809524e-01 0.000000e+00
39401: 2.409091e+00 1.181818e+00 4.090909e-01 0.000000e+00
39401: 2.434783e+00 1.173913e+00 3.913043e-01 0.000000e+00
39401: 2.416667e+00 1.166667e+00 4.166667e-01 0.000000e+00
39401: 2.440000e+00 1.160000e+00 4.000000e-01 0.000000e+00
39401: 2.423077e+00 1.192308e+00 3.846154e-01 0.000000e+00
39401: 2.444444e+00 1.185185e+00 3.703704e-01 0.000000e+00
39401: 2.464286e+00 1.178571e+00 3.571429e-01 0.000000e+00
39401: 2.448276e+00 1.206897e+00 3.448276e-01 0.000000e+00
39401: 2.466667e+00 1.200000e+00 3.333333e-01 0.000000e+00
39401: 2.483871e+00 1.193548e+00 3.225806e-01 0.000000e+00
39401: 2.468750e+00 1.218750e+00 3.125000e-01 0.000000e+00
39401: 2.484848e+00 1.212121e+00 3.030303e-01 0.000000e+00
39401: 2.470588e+00 1.235294e+00 2.941176e-01 0.000000e+00
39401: 2.457143e+00 1.228571e+00 3.142857e-01 0.000000e+00
39401: 2.444444e+00 1.222222e+00 3.333333e-01 0.000000e+00
39401: 2.432432e+00 1.216216e+00 3.513514e-01 0.000000e+00
39401: 2.447368e+00 1.210526e+00 3.421053e-01 0.000000e+00
39401: 2.435897e+00 1.205128e+00 3.589744e-01 0.000000e+00
39401: 2.425000e+00 1.200000e+00 3.750000e-01 0.000000e+00
39401: 2.414634e+00 1.219512e+00 3.658537e-01 0.000000e+00
39401: 2.428571e+00 1.214286e+00 3.571429e-01 0.000000e+00
39401: 2.418605e+00 1.209302e+00 3.720930e-01 0.000000e+00
39401: 2.431818e+00 1.204545e+00 3.636364e-01 0.000000e+00
39401: 2.422222e+00 1.222222e+00 3.555556e-01 0.000000e+00
39401: 2.413043e+00 1.217391e+00 3.695652e-01 0.000000e+00
39401: 2.425532e+00 1.212766e+00 3.617021e-01 0.000000e+00
39401: 2.437500e+00 1.208333e+00 3.541667e-01 0.000000e+00
39401: 2.448980e+00 1.204082e+00 3.469388e-01 0.000000e+00
39401: 2.440000e+00 1.200000e+00 3.600000e-01 0.000000e+00
39401: 2.431373e+00 1.196078e+00 3.725490e-01 0.000000e+00
39401: 2.442308e+00 1.192308e+00 3.653846e-01 0.000000e+00
39401: 2.433962e+00 1.207547e+00 3.584906e-01 0.000000e+00
39401: 2.444444e+00 1.203704e+00 3.518519e-01 0.000000e+00
39401: 2.436364e+00 1.218182e+00 3.454545e-01 0.000000e+00
39401: 2.446429e+00 1.214286e+00 3.392857e-01 0.000000e+00
39401: 2.438596e+00 1.210526e+00 3.508772e-01 0.000000e+00
39401: 2.431034e+00 1.224138e+00 3.448276e-01 0.000000e+00
39401: 2.423729e+00 1.220339e+00 3.559322e-01 0.000000e+00
39401: 2.416667e+00 1.216667e+00 3.666667e-01 0.000000e+00
39401: 2.426230e+00 1.213115e+00 3.606557e-01 0.000000e+00
39401: 2.435484e+00 1.209677e+00 3.548387e-01 0.000000e+00
39401: 2.444444e+00 1.206349e+00 3.492063e-01 0.000000e+00
39401: 2.453125e+00 1.203125e+00 3.437500e-01 0.000000e+00
39401: 2.446154e+00 1.200000e+00 3.538462e-01 0.000000e+00
39401: 2.439394e+00 1.196970e+00 3.636364e-01 0.000000e+00
39401: 2.432836e+00 1.194030e+00 3.731343e-01 0.000000e+00
39401: 2.426471e+00 1.191176e+00 3.823529e-01 0.000000e+00
39401: 2.420290e+00 1.188406e+00 3.913043e-01 0.000000e+00
39401: 2.414286e+00 1.200000e+00 3.857143e-01 0.000000e+00
39401: 2.408451e+00 1.211268e+00 3.802817e-01 0.000000e+00
39401: 2.402778e+00 1.208333e+00 3.888889e-01 0.000000e+00
39401: 2.410959e+00 1.205479e+00 3.835616e-01 0.000000e+00
39401: 2.405405e+00 1.216216e+00 3.783784e-01 0.000000e+00
39401: 2.400000e+00 1.213333e+00 3.866667e-01 0.000000e+00
39401: 2.394737e+00 1.223684e+00 3.815789e-01 0.000000e+00
39401: 2.389610e+00 1.220779e+00 3.896104e-01 0.000000e+00
39401: 2.384615e+00 1.217949e+00 3.974359e-01 0.000000e+00
39401: 2.379747e+00 1.215190e+00 4.050633e-01 0.000000e+00
39401: 2.375000e+00 1.212500e+00 4.125000e-01 0.000000e+00
39401: 2.370370e+00 1.209877e+00 4.197531e-01 0.000000e+00
39401: 2.378049e+00 1.207317e+00 4.146341e-01 0.000000e+00
39401: 2.373494e+00 1.204819e+00 4.216867e-01 0.000000e+00
39401: 2.380952e+00 1.202381e+00 4.166667e-01 0.000000e+00
39401: 2.376471e+00 1.200000e+00 4.235294e-01 0.000000e+00
39401: 2.372093e+00 1.209302e+00 4.186047e-01 0.000000e+00
39401: 2.367816e+00 1.206897e+00 4.252874e-01 0.000000e+00
39401: 2.375000e+00 1.204545e+00 4.204545e-01 0.000000e+00
39401: 2.382022e+00 1.202247e+00 4.157303e-01 0.000000e+00
39401: 2.388889e+00 1.200000e+00 4.111111e-01 0.000000e+00
39401: 2.384615e+00 1.197802e+00 4.175824e-01 0.000000e+00
39401: 2.380435e+00 1.206522e+00 4.130435e-01 0.000000e+00
39401: 2.376344e+00 1.204301e+00 4.193548e-01 0.000000e+00
39401: 2.372340e+00 1.202128e+00 4.255319e-01 0.000000e+00
39401: 2.378947e+00 1.200000e+00 4.210526e-01 0.000000e+00
39401: 2.375000e+00 1.197917e+00 4.270833e-01 0.000000e+00
39401: 2.371134e+00 1.206186e+00 4.226804e-01 0.000000e+00
39401: 2.377551e+00 1.204082e+00 4.183673e-01 0.000000e+00
39401: 2.373737e+00 1.212121e+00 4.141414e-01 0.000000e+00
39401: 2.380000e+00 1.210000e+00 4.100000e-01 0.000000e+00
39401: 2.376238e+00 1.207921e+00 4.158416e-01 0.000000e+00
39401: 2.362745e+00 1.215686e+00 4.215686e-01 0.000000e+00
39401: 2.359223e+00 1.223301e+00 4.174757e-01 0.000000e+00
39401: 2.365385e+00 1.221154e+00 4.134615e-01 0.000000e+00
39401: 2.371429e+00 1.219048e+00 4.095238e-01 0.000000e+00
39401: 2.358491e+00 1.235849e+00 4.056604e-01 0.000000e+00
39401: 2.355140e+00 1.233645e+00 4.112150e-01 0.000000e+00
39401: 2.361111e+00 1.231481e+00 4.074074e-01 0.000000e+00
39401: 2.357798e+00 1.229358e+00 4.128440e-01 0.000000e+00
39401: 2.345455e+00 1.245455e+00 4.090909e-01 0.000000e+00
39401: 2.351351e+00 1.243243e+00 4.054054e-01 0.000000e+00
39401: 2.339286e+00 1.250000e+00 4.107143e-01 0.000000e+00
39401: 2.336283e+00 1.256637e+00 4.070796e-01 0.000000e+00
39401: 2.342105e+00 1.254386e+00 4.035088e-01 0.000000e+00
39401: 2.339130e+00 1.260870e+00 4.000000e-01 0.000000e+00
39401: 2.327586e+00 1.275862e+00 3.965517e-01 0.000000e+00
39401: 2.324786e+00 1.282051e+00 3.931624e-01 0.000000e+00
39401: 2.322034e+00 1.288136e+00 3.898305e-01 0.000000e+00
39401: 2.319328e+00 1.285714e+00 3.949580e-01 0.000000e+00
39401: 2.308333e+00 1.300000e+00 3.916667e-01 0.000000e+00
39401: 2.305785e+00 1.297521e+00 3.966942e-01 0.000000e+00
39401: 2.303279e+00 1.303279e+00 3.934426e-01 0.000000e+00
39401: 2.308943e+00 1.300813e+00 3.902439e-01 0.000000e+00
39401: 2.306452e+00 1.306452e+00 3.870968e-01 0.000000e+00
39401: 2.312000e+00 1.304000e+00 3.840000e-01 0.000000e+00
39401: 2.301587e+00 1.309524e+00 3.888889e-01 0.000000e+00
39401: 2.307087e+00 1.307087e+00 3.858268e-01 0.000000e+00
39401: 2.296875e+00 1.312500e+00 3.906250e-01 0.000000e+00
39401: 2.294574e+00 1.317829e+00 3.875969e-01 0.000000e+00
39401: 2.292308e+00 1.315385e+00 3.923077e-01 0.000000e+00
39401: 2.282443e+00 1.328244e+00 3.893130e-01 0.000000e+00
39401: 2.287879e+00 1.325758e+00 3.863636e-01 0.000000e+00
39401: 2.285714e+00 1.330827e+00 3.834586e-01 0.000000e+00
39401: 2.276119e+00 1.335821e+00 3.880597e-01 0.000000e+00
39401: 2.266667e+00 1.340741e+00 3.925926e-01 0.000000e+00
39401: 2.264706e+00 1.338235e+00 3.970588e-01 0.000000e+00
39401: 2.255474e+00 1.350365e+00 3.941606e-01 0.000000e+00
39401: 2.246377e+00 1.355072e+00 3.985507e-01 0.000000e+00
39401: 2.237410e+00 1.359712e+00 4.028777e-01 0.000000e+00
39401: 2.235714e+00 1.364286e+00 4.000000e-01 0.000000e+00
39401: 2.226950e+00 1.368794e+00 4.042553e-01 0.000000e+00
39401: 2.225352e+00 1.373239e+00 4.014085e-01 0.000000e+00
39401: 2.230769e+00 1.370629e+00 3.986014e-01 0.000000e+00
39401: 2.222222e+00 1.375000e+00 4.027778e-01 0.000000e+00
39401: 2.213793e+00 1.379310e+00 4.068966e-01 0.000000e+00
39401: 2.219178e+00 1.376712e+00 4.041096e-01 0.000000e+00
39401: 2.217687e+00 1.380952e+00 4.013605e-01 0.000000e+00
39401: 2.222973e+00 1.378378e+00 3.986486e-01 0.000000e+00
39401: 2.221477e+00 1.375839e+00 4.026846e-01 0.000000e+00
39401: 2.220000e+00 1.373333e+00 4.066667e-01 0.000000e+00
39401: 2.218543e+00 1.377483e+00 4.039735e-01 0.000000e+00
39401: 2.217105e+00 1.375000e+00 4.078947e-01 0.000000e+00
39401: 2.215686e+00 1.379085e+00 4.052288e-01 0.000000e+00
39401: 2.214286e+00 1.376623e+00 4.090909e-01 0.000000e+00
39401: 2.212903e+00 1.380645e+00 4.064516e-01 0.000000e+00
39401: 2.217949e+00 1.378205e+00 4.038462e-01 0.000000e+00
39401: 2.216561e+00 1.382166e+00 4.012739e-01 0.000000e+00
39401: 2.215190e+00 1.386076e+00 3.987342e-01 0.000000e+00
39401: 2.213836e+00 1.389937e+00 3.962264e-01 0.000000e+00
39401: 2.218750e+00 1.387500e+00 3.937500e-01 0.000000e+00
39401: 2.223602e+00 1.385093e+00 3.913043e-01 0.000000e+00
39401: 2.222222e+00 1.382716e+00 3.950617e-01 0.000000e+00
39401: 2.226994e+00 1.380368e+00 3.926380e-01 0.000000e+00
39401: 2.225610e+00 1.384146e+00 3.902439e-01 0.000000e+00
39401: 2.224242e+00 1.381818e+00 3.939394e-01 0.000000e+00
39401: 2.228916e+00 1.379518e+00 3.915663e-01 0.000000e+00
39401: 2.227545e+00 1.383234e+00 3.892216e-01 0.000000e+00
39401: 2.232143e+00 1.380952e+00 3.869048e-01 0.000000e+00
39401: 2.230769e+00 1.378698e+00 3.905325e-01 0.000000e+00
39401: 2.229412e+00 1.376471e+00 3.941176e-01 0.000000e+00
39401: 2.228070e+00 1.380117e+00 3.918129e-01 0.000000e+00
39401: 2.226744e+00 1.383721e+00 3.895349e-01 0.000000e+00
39401: 2.225434e+00 1.381503e+00 3.930636e-01 0.000000e+00
39401: 2.224138e+00 1.385057e+00 3.908046e-01 0.000000e+00
39401: 2.222857e+00 1.382857e+00 3.942857e-01 0.000000e+00
39401: 2.221591e+00 1.386364e+00 3.920455e-01 0.000000e+00
39401: 2.220339e+00 1.389831e+00 3.898305e-01 0.000000e+00
39401: 2.224719e+00 1.387640e+00 3.876404e-01 0.000000e+00
39401: 2.223464e+00 1.391061e+00 3.854749e-01 0.000000e+00
39401: 2.227778e+00 1.388889e+00 3.833333e-01 0.000000e+00
39401: 2.232044e+00 1.386740e+00 3.812155e-01 0.000000e+00
39401: 2.230769e+00 1.390110e+00 3.791209e-01 0.000000e+00
39401: 2.229508e+00 1.393443e+00 3.770492e-01 0.000000e+00
39401: 2.233696e+00 1.391304e+00 3.750000e-01 0.000000e+00
39401: 2.232432e+00 1.394595e+00 3.729730e-01 0.000000e+00
39401: 2.231183e+00 1.392473e+00 3.763441e-01 0.000000e+00
39401: 2.229947e+00 1.390374e+00 3.796791e-01 0.000000e+00
39401: 2.234043e+00 1.388298e+00 3.776596e-01 0.000000e+00
39401: 2.232804e+00 1.391534e+00 3.756614e-01 0.000000e+00
39401: 2.236842e+00 1.389474e+00 3.736842e-01 0.000000e+00
39401: 2.235602e+00 1.387435e+00 3.769634e-01 0.000000e+00
39401: 2.239583e+00 1.385417e+00 3.750000e-01 0.000000e+00
39401: 2.238342e+00 1.383420e+00 3.782383e-01 0.000000e+00
39401: 2.242268e+00 1.381443e+00 3.762887e-01 0.000000e+00
39401: 2.246154e+00 1.379487e+00 3.743590e-01 0.000000e+00
39401: 2.244898e+00 1.377551e+00 3.775510e-01 0.000000e+00
39401: 2.243655e+00 1.375635e+00 3.807107e-01 0.000000e+00
39401: 2.242424e+00 1.378788e+00 3.787879e-01 0.000000e+00
39401: 2.241206e+00 1.376884e+00 3.819095e-01 0.000000e+00
39401: 2.235000e+00 1.385000e+00 3.800000e-01 0.000000e+00
39401: 2.233831e+00 1.388060e+00 3.781095e-01 0.000000e+00
39401: 2.232673e+00 1.386139e+00 3.811881e-01 0.000000e+00
39401: 2.231527e+00 1.389163e+00 3.793103e-01 0.000000e+00
39401: 2.230392e+00 1.387255e+00 3.823529e-01 0.000000e+00
39401: 2.229268e+00 1.390244e+00 3.804878e-01 0.000000e+00
39401: 2.228155e+00 1.393204e+00 3.786408e-01 0.000000e+00
39401: 2.231884e+00 1.391304e+00 3.768116e-01 0.000000e+00
39401: 2.235577e+00 1.389423e+00 3.750000e-01 0.000000e+00
39401: 2.234450e+00 1.387560e+00 3.779904e-01 0.000000e+00
39401: 2.238095e+00 1.385714e+00 3.761905e-01 0.000000e+00
39401: 2.236967e+00 1.383886e+00 3.791469e-01 0.000000e+00
39401: 2.235849e+00 1.382075e+00 3.820755e-01 0.000000e+00
39401: 2.239437e+00 1.380282e+00 3.802817e-01 0.000000e+00
39401: 2.242991e+00 1.378505e+00 3.785047e-01 0.000000e+00
39401: 2.237209e+00 1.381395e+00 3.813953e-01 0.000000e+00
39401: 2.240741e+00 1.379630e+00 3.796296e-01 0.000000e+00
39401: 2.239631e+00 1.377880e+00 3.824885e-01 0.000000e+00
39401: 2.238532e+00 1.376147e+00 3.853211e-01 0.000000e+00
39401: 2.242009e+00 1.374429e+00 3.835616e-01 0.000000e+00
39401: 2.245455e+00 1.372727e+00 3.818182e-01 0.000000e+00
39401: 2.248869e+00 1.371041e+00 3.800905e-01 0.000000e+00
39401: 2.247748e+00 1.369369e+00 3.828829e-01 0.000000e+00
39401: 2.246637e+00 1.372197e+00 3.811659e-01 0.000000e+00
39401: 2.245536e+00 1.370536e+00 3.839286e-01 0.000000e+00
39401: 2.248889e+00 1.368889e+00 3.822222e-01 0.000000e+00
39401: 2.247788e+00 1.371681e+00 3.805310e-01 0.000000e+00
39401: 2.246696e+00 1.374449e+00 3.788546e-01 0.000000e+00
39401: 2.250000e+00 1.372807e+00 3.771930e-01 0.000000e+00
39401: 2.248908e+00 1.371179e+00 3.799127e-01 0.000000e+00
39401: 2.252174e+00 1.369565e+00 3.782609e-01 0.000000e+00
39401: 2.251082e+00 1.367965e+00 3.809524e-01 0.000000e+00
39401: 2.250000e+00 1.370690e+00 3.793103e-01 0.000000e+00
39401: 2.248927e+00 1.369099e+00 3.819742e-01 0.000000e+00
39401: 2.247863e+00 1.371795e+00 3.803419e-01 0.000000e+00
39401: 2.251064e+00 1.370213e+00 3.787234e-01 0.000000e+00
39401: 2.254237e+00 1.368644e+00 3.771186e-01 0.000000e+00
39401: 2.253165e+00 1.367089e+00 3.797468e-01 0.000000e+00
39401: 2.256303e+00 1.365546e+00 3.781513e-01 0.000000e+00
39401: 2.255230e+00 1.364017e+00 3.807531e-01 0.000000e+00
39401: 2.258333e+00 1.362500e+00 3.791667e-01 0.000000e+00
39401: 2.261411e+00 1.360996e+00 3.775934e-01 0.000000e+00
39401: 2.260331e+00 1.359504e+00 3.801653e-01 0.000000e+00
39401: 2.259259e+00 1.362140e+00 3.786008e-01 0.000000e+00
39401: 2.258197e+00 1.364754e+00 3.770492e-01 0.000000e+00
39401: 2.261224e+00 1.363265e+00 3.755102e-01 0.000000e+00
39401: 2.260163e+00 1.361789e+00 3.780488e-01 0.000000e+00
39401: 2.259109e+00 1.360324e+00 3.805668e-01 0.000000e+00
39401: 2.262097e+00 1.358871e+00 3.790323e-01 0.000000e+00
39401: 2.261044e+00 1.361446e+00 3.775100e-01 0.000000e+00
39401: 2.264000e+00 1.360000e+00 3.760000e-01 0.000000e+00
39401: 2.262948e+00 1.358566e+00 3.784861e-01 0.000000e+00
39401: 2.261905e+00 1.361111e+00 3.769841e-01 0.000000e+00
39401: 2.264822e+00 1.359684e+00 3.754941e-01 0.000000e+00
39401: 2.263780e+00 1.358268e+00 3.779528e-01 0.000000e+00
39401: 2.266667e+00 1.356863e+00 3.764706e-01 0.000000e+00
39401: 2.269531e+00 1.355469e+00 3.750000e-01 0.000000e+00
39401: 2.268482e+00 1.354086e+00 3.774319e-01 0.000000e+00
39401: 2.271318e+00 1.352713e+00 3.759690e-01 0.000000e+00
39401: 2.274131e+00 1.351351e+00 3.745174e-01 0.000000e+00
39401: 2.273077e+00 1.350000e+00 3.769231e-01 0.000000e+00
39401: 2.275862e+00 1.348659e+00 3.754789e-01 0.000000e+00
39401: 2.278626e+00 1.347328e+00 3.740458e-01 0.000000e+00
39401: 2.281369e+00 1.346008e+00 3.726236e-01 0.000000e+00
39401: 2.280303e+00 1.344697e+00 3.750000e-01 0.000000e+00
39401: 2.279245e+00 1.343396e+00 3.773585e-01 0.000000e+00
39401: 2.281955e+00 1.342105e+00 3.759398e-01 0.000000e+00
39401: 2.280899e+00 1.344569e+00 3.745318e-01 0.000000e+00
39401: 2.279851e+00 1.343284e+00 3.768657e-01 0.000000e+00
39401: 2.282528e+00 1.342007e+00 3.754647e-01 0.000000e+00
39401: 2.281481e+00 1.340741e+00 3.777778e-01 0.000000e+00
39401: 2.284133e+00 1.339483e+00 3.763838e-01 0.000000e+00
39401: 2.286765e+00 1.338235e+00 3.750000e-01 0.000000e+00
39401: 2.285714e+00 1.336996e+00 3.772894e-01 0.000000e+00
39401: 2.284672e+00 1.339416e+00 3.759124e-01 0.000000e+00
39401: 2.287273e+00 1.338182e+00 3.745455e-01 0.000000e+00
39401: 2.286232e+00 1.336957e+00 3.768116e-01 0.000000e+00
39401: 2.288809e+00 1.335740e+00 3.754513e-01 0.000000e+00
39401: 2.287770e+00 1.338129e+00 3.741007e-01 0.000000e+00
39401: 2.290323e+00 1.336918e+00 3.727599e-01 0.000000e+00
39401: 2.289286e+00 1.339286e+00 3.714286e-01 0.000000e+00
39401: 2.291815e+00 1.338078e+00 3.701068e-01 0.000000e+00
39401: 2.294326e+00 1.336879e+00 3.687943e-01 0.000000e+00
39401: 2.293286e+00 1.335689e+00 3.710247e-01 0.000000e+00
39401: 2.295775e+00 1.334507e+00 3.697183e-01 0.000000e+00
39401: 2.298246e+00 1.333333e+00 3.684211e-01 0.000000e+00
39401: 2.300699e+00 1.332168e+00 3.671329e-01 0.000000e+00
39401: 2.299652e+00 1.331010e+00 3.693380e-01 0.000000e+00
39401: 2.298611e+00 1.329861e+00 3.715278e-01 0.000000e+00
39401: 2.301038e+00 1.328720e+00 3.702422e-01 0.000000e+00
39401: 2.303448e+00 1.327586e+00 3.689655e-01 0.000000e+00
39401: 2.302405e+00 1.326460e+00 3.711340e-01 0.000000e+00
39401: 2.297945e+00 1.328767e+00 3.732877e-01 0.000000e+00
39401: 2.296928e+00 1.327645e+00 3.754266e-01 0.000000e+00
39401: 2.299320e+00 1.326531e+00 3.741497e-01 0.000000e+00
39401: 2.298305e+00 1.325424e+00 3.762712e-01 0.000000e+00
39401: 2.293919e+00 1.327703e+00 3.783784e-01 0.000000e+00
39401: 2.292929e+00 1.326599e+00 3.804714e-01 0.000000e+00
39401: 2.291946e+00 1.325503e+00 3.825503e-01 0.000000e+00
39401: 2.290970e+00 1.327759e+00 3.812709e-01 0.000000e+00
39401: 2.290000e+00 1.326667e+00 3.833333e-01 0.000000e+00
39401: 2.289037e+00 1.325581e+00 3.853821e-01 0.000000e+00
39401: 2.288079e+00 1.327815e+00 3.841060e-01 0.000000e+00
39401: 2.290429e+00 1.326733e+00 3.828383e-01 0.000000e+00
39401: 2.289474e+00 1.325658e+00 3.848684e-01 0.000000e+00
39401: 2.288525e+00 1.324590e+00 3.868852e-01 0.000000e+00
39401: 2.287582e+00 1.326797e+00 3.856209e-01 0.000000e+00
39401: 2.289902e+00 1.325733e+00 3.843648e-01 0.000000e+00
39401: 2.288961e+00 1.327922e+00 3.831169e-01 0.000000e+00
39401: 2.291262e+00 1.326861e+00 3.818770e-01 0.000000e+00
39401: 2.293548e+00 1.325806e+00 3.806452e-01 0.000000e+00
39401: 2.292605e+00 1.324759e+00 3.826367e-01 0.000000e+00
39401: 2.291667e+00 1.326923e+00 3.814103e-01 0.000000e+00
39401: 2.290735e+00 1.325879e+00 3.833866e-01 0.000000e+00
39401: 2.289809e+00 1.324841e+00 3.853503e-01 0.000000e+00
39401: 2.288889e+00 1.326984e+00 3.841270e-01 0.000000e+00
39401: 2.291139e+00 1.325949e+00 3.829114e-01 0.000000e+00
39401: 2.293375e+00 1.324921e+00 3.817035e-01 0.000000e+00
39401: 2.295597e+00 1.323899e+00 3.805031e-01 0.000000e+00
39401: 2.297806e+00 1.322884e+00 3.793103e-01 0.000000e+00
39401: 2.296875e+00 1.325000e+00 3.781250e-01 0.000000e+00
39401: 2.299065e+00 1.323988e+00 3.769470e-01 0.000000e+00
39401: 2.301242e+00 1.322981e+00 3.757764e-01 0.000000e+00
39401: 2.300310e+00 1.321981e+00 3.777090e-01 0.000000e+00
39401: 2.299383e+00 1.320988e+00 3.796296e-01 0.000000e+00
39401: 2.298462e+00 1.323077e+00 3.784615e-01 0.000000e+00
39401: 2.297546e+00 1.325153e+00 3.773006e-01 0.000000e+00
39401: 2.296636e+00 1.324159e+00 3.792049e-01 0.000000e+00
39401: 2.295732e+00 1.326220e+00 3.780488e-01 0.000000e+00
39401: 2.297872e+00 1.325228e+00 3.768997e-01 0.000000e+00
39401: 2.296970e+00 1.324242e+00 3.787879e-01 0.000000e+00
39401: 2.296073e+00 1.326284e+00 3.776435e-01 0.000000e+00
39401: 2.295181e+00 1.328313e+00 3.765060e-01 0.000000e+00
39401: 2.297297e+00 1.327327e+00 3.753754e-01 0.000000e+00
39401: 2.296407e+00 1.326347e+00 3.772455e-01 0.000000e+00
39401: 2.295522e+00 1.328358e+00 3.761194e-01 0.000000e+00
39401: 2.294643e+00 1.330357e+00 3.750000e-01 0.000000e+00
39401: 2.296736e+00 1.329377e+00 3.738872e-01 0.000000e+00
39401: 2.292899e+00 1.334320e+00 3.727811e-01 0.000000e+00
39401: 2.292035e+00 1.333333e+00 3.746313e-01 0.000000e+00
39401: 2.291176e+00 1.335294e+00 3.735294e-01 0.000000e+00
39401: 2.290323e+00 1.334311e+00 3.753666e-01 0.000000e+00
39401: 2.289474e+00 1.333333e+00 3.771930e-01 0.000000e+00
39401: 2.291545e+00 1.332362e+00 3.760933e-01 0.000000e+00
39401: 2.290698e+00 1.334302e+00 3.750000e-01 0.000000e+00
39401: 2.286957e+00 1.339130e+00 3.739130e-01 0.000000e+00
39401: 2.289017e+00 1.338150e+00 3.728324e-01 0.000000e+00
39401: 2.288184e+00 1.340058e+00 3.717579e-01 0.000000e+00
39401: 2.287356e+00 1.339080e+00 3.735632e-01 0.000000e+00
39401: 2.286533e+00 1.340974e+00 3.724928e-01 0.000000e+00
39401: 2.288571e+00 1.340000e+00 3.714286e-01 0.000000e+00
39401: 2.287749e+00 1.339031e+00 3.732194e-01 0.000000e+00
39401: 2.289773e+00 1.338068e+00 3.721591e-01 0.000000e+00
39401: 2.291785e+00 1.337110e+00 3.711048e-01 0.000000e+00
39401: 2.290960e+00 1.336158e+00 3.728814e-01 0.000000e+00
39401: 2.290141e+00 1.338028e+00 3.718310e-01 0.000000e+00
39401: 2.292135e+00 1.337079e+00 3.707865e-01 0.000000e+00
39401: 2.294118e+00 1.336134e+00 3.697479e-01 0.000000e+00
39401: 2.290503e+00 1.337989e+00 3.715084e-01 0.000000e+00
39401: 2.289694e+00 1.339833e+00 3.704735e-01 0.000000e+00
39401: 2.288889e+00 1.341667e+00 3.694444e-01 0.000000e+00
39401: 2.290859e+00 1.340720e+00 3.684211e-01 0.000000e+00
39401: 2.292818e+00 1.339779e+00 3.674033e-01 0.000000e+00
39401: 2.292011e+00 1.338843e+00 3.691460e-01 0.000000e+00
39401: 2.293956e+00 1.337912e+00 3.681319e-01 0.000000e+00
39401: 2.295890e+00 1.336986e+00 3.671233e-01 0.000000e+00
39401: 2.297814e+00 1.336066e+00 3.661202e-01 0.000000e+00
39401: 2.299728e+00 1.335150e+00 3.651226e-01 0.000000e+00
39401: 2.301630e+00 1.334239e+00 3.641304e-01 0.000000e+00
39401: 2.300813e+00 1.333333e+00 3.658537e-01 0.000000e+00
39401: 2.297297e+00 1.335135e+00 3.675676e-01 0.000000e+00
39401: 2.299191e+00 1.334232e+00 3.665768e-01 0.000000e+00
39401: 2.298387e+00 1.333333e+00 3.682796e-01 0.000000e+00
39401: 2.300268e+00 1.332440e+00 3.672922e-01 0.000000e+00
39401: 2.299465e+00 1.331551e+00 3.689840e-01 0.000000e+00
39401: 2.301333e+00 1.330667e+00 3.680000e-01 0.000000e+00
39401: 2.300532e+00 1.332447e+00 3.670213e-01 0.000000e+00
39401: 2.302387e+00 1.331565e+00 3.660477e-01 0.000000e+00
39401: 2.304233e+00 1.330688e+00 3.650794e-01 0.000000e+00
39401: 2.306069e+00 1.329815e+00 3.641161e-01 0.000000e+00
39401: 2.302632e+00 1.331579e+00 3.657895e-01 0.000000e+00
39401: 2.301837e+00 1.333333e+00 3.648294e-01 0.000000e+00
39401: 2.301047e+00 1.332461e+00 3.664921e-01 0.000000e+00
39401: 2.302872e+00 1.331593e+00 3.655352e-01 0.000000e+00
39401: 2.302083e+00 1.330729e+00 3.671875e-01 0.000000e+00
39401: 2.298701e+00 1.332468e+00 3.688312e-01 0.000000e+00
39401: 2.300518e+00 1.331606e+00 3.678756e-01 0.000000e+00
39401: 2.299742e+00 1.330749e+00 3.695090e-01 0.000000e+00
39401: 2.301546e+00 1.329897e+00 3.685567e-01 0.000000e+00
39401: 2.303342e+00 1.329049e+00 3.676093e-01 0.000000e+00
39401: 2.305128e+00 1.328205e+00 3.666667e-01 0.000000e+00
39401: 2.306905e+00 1.327366e+00 3.657289e-01 0.000000e+00
39401: 2.308673e+00 1.326531e+00 3.647959e-01 0.000000e+00
39401: 2.307888e+00 1.328244e+00 3.638677e-01 0.000000e+00
39401: 2.307107e+00 1.327411e+00 3.654822e-01 0.000000e+00
39401: 2.306329e+00 1.326582e+00 3.670886e-01 0.000000e+00
39401: 2.305556e+00 1.328283e+00 3.661616e-01 0.000000e+00
39401: 2.302267e+00 1.329975e+00 3.677582e-01 0.000000e+00
39401: 2.301508e+00 1.329146e+00 3.693467e-01 0.000000e+00
39401: 2.303258e+00 1.328321e+00 3.684211e-01 0.000000e+00
39401: 2.305000e+00 1.327500e+00 3.675000e-01 0.000000e+00
39401: 2.306733e+00 1.326683e+00 3.665835e-01 0.000000e+00
39401: 2.308458e+00 1.325871e+00 3.656716e-01 0.000000e+00
39401: 2.307692e+00 1.325062e+00 3.672457e-01 0.000000e+00
39401: 2.309406e+00 1.324257e+00 3.663366e-01 0.000000e+00
39401: 2.311111e+00 1.323457e+00 3.654321e-01 0.000000e+00
39401: 2.310345e+00 1.322660e+00 3.669951e-01 0.000000e+00
39401: 2.309582e+00 1.321867e+00 3.685504e-01 0.000000e+00
39401: 2.308824e+00 1.323529e+00 3.676471e-01 0.000000e+00
39401: 2.308068e+00 1.322738e+00 3.691932e-01 0.000000e+00
39401: 2.309756e+00 1.321951e+00 3.682927e-01 0.000000e+00
39401: 2.311436e+00 1.321168e+00 3.673966e-01 0.000000e+00
39401: 2.310680e+00 1.322816e+00 3.665049e-01 0.000000e+00
39401: 2.309927e+00 1.322034e+00 3.680387e-01 0.000000e+00
39401: 2.311594e+00 1.321256e+00 3.671498e-01 0.000000e+00
39401: 2.310843e+00 1.320482e+00 3.686747e-01 0.000000e+00
39401: 2.310096e+00 1.319712e+00 3.701923e-01 0.000000e+00
39401: 2.311751e+00 1.318945e+00 3.693046e-01 0.000000e+00
39401: 2.311005e+00 1.320574e+00 3.684211e-01 0.000000e+00
39401: 2.310263e+00 1.319809e+00 3.699284e-01 0.000000e+00
39401: 2.309524e+00 1.319048e+00 3.714286e-01 0.000000e+00
39401: 2.308789e+00 1.320665e+00 3.705463e-01 0.000000e+00
39401: 2.308057e+00 1.319905e+00 3.720379e-01 0.000000e+00
39401: 2.307329e+00 1.319149e+00 3.735225e-01 0.000000e+00
39401: 2.306604e+00 1.318396e+00 3.750000e-01 0.000000e+00
39401: 2.305882e+00 1.317647e+00 3.764706e-01 0.000000e+00
39401: 2.307512e+00 1.316901e+00 3.755869e-01 0.000000e+00
39401: 2.306792e+00 1.316159e+00 3.770492e-01 0.000000e+00
39401: 2.308411e+00 1.315421e+00 3.761682e-01 0.000000e+00
39401: 2.307692e+00 1.317016e+00 3.752914e-01 0.000000e+00
39401: 2.309302e+00 1.316279e+00 3.744186e-01 0.000000e+00
39401: 2.310905e+00 1.315545e+00 3.735499e-01 0.000000e+00
39401: 2.310185e+00 1.317130e+00 3.726852e-01 0.000000e+00
39401: 2.311778e+00 1.316397e+00 3.718245e-01 0.000000e+00
39401: 2.311060e+00 1.315668e+00 3.732719e-01 0.000000e+00
39401: 2.310345e+00 1.314943e+00 3.747126e-01 0.000000e+00
39401: 2.309633e+00 1.316514e+00 3.738532e-01 0.000000e+00
39401: 2.308924e+00 1.315789e+00 3.752860e-01 0.000000e+00
39401: 2.310502e+00 1.315068e+00 3.744292e-01 0.000000e+00
39401: 2.312073e+00 1.314351e+00 3.735763e-01 0.000000e+00
39401: 2.311364e+00 1.313636e+00 3.750000e-01 0.000000e+00
39401: 2.310658e+00 1.312925e+00 3.764172e-01 0.000000e+00
39401: 2.309955e+00 1.312217e+00 3.778281e-01 0.000000e+00
39401: 2.309255e+00 1.311512e+00 3.792325e-01 0.000000e+00
39401: 2.310811e+00 1.310811e+00 3.783784e-01 0.000000e+00
39401: 2.310112e+00 1.312360e+00 3.775281e-01 0.000000e+00
39401: 2.311659e+00 1.311659e+00 3.766816e-01 0.000000e+00
39401: 2.313199e+00 1.310962e+00 3.758389e-01 0.000000e+00
39401: 2.312500e+00 1.312500e+00 3.750000e-01 0.000000e+00
39401: 2.311804e+00 1.311804e+00 3.763920e-01 0.000000e+00
39401: 2.311111e+00 1.311111e+00 3.777778e-01 0.000000e+00
39401: 2.310421e+00 1.310421e+00 3.791574e-01 0.000000e+00
39401: 2.309735e+00 1.311947e+00 3.783186e-01 0.000000e+00
39401: 2.309051e+00 1.311258e+00 3.796909e-01 0.000000e+00
39401: 2.308370e+00 1.310573e+00 3.810573e-01 0.000000e+00
39401: 2.307692e+00 1.309890e+00 3.824176e-01 0.000000e+00
39401: 2.307018e+00 1.309211e+00 3.837719e-01 0.000000e+00
39401: 2.304158e+00 1.310722e+00 3.851204e-01 0.000000e+00
39401: 2.305677e+00 1.310044e+00 3.842795e-01 0.000000e+00
39401: 2.307190e+00 1.309368e+00 3.834423e-01 0.000000e+00
39401: 2.308696e+00 1.308696e+00 3.826087e-01 0.000000e+00
39401: 2.310195e+00 1.308026e+00 3.817787e-01 0.000000e+00
39401: 2.309524e+00 1.309524e+00 3.809524e-01 0.000000e+00
39401: 2.308855e+00 1.308855e+00 3.822894e-01 0.000000e+00
39401: 2.308190e+00 1.308190e+00 3.836207e-01 0.000000e+00
39401: 2.307527e+00 1.309677e+00 3.827957e-01 0.000000e+00
39401: 2.309013e+00 1.309013e+00 3.819742e-01 0.000000e+00
39401: 2.310493e+00 1.308351e+00 3.811563e-01 0.000000e+00
39401: 2.311966e+00 1.307692e+00 3.803419e-01 0.000000e+00
39401: 2.311301e+00 1.307036e+00 3.816631e-01 0.000000e+00
39401: 2.312766e+00 1.306383e+00 3.808511e-01 0.000000e+00
39401: 2.312102e+00 1.307856e+00 3.800425e-01 0.000000e+00
39401: 2.311441e+00 1.307203e+00 3.813559e-01 0.000000e+00
39401: 2.312896e+00 1.306554e+00 3.805497e-01 0.000000e+00
39401: 2.312236e+00 1.305907e+00 3.818565e-01 0.000000e+00
39401: 2.309474e+00 1.307368e+00 3.831579e-01 0.000000e+00
39401: 2.310924e+00 1.306723e+00 3.823529e-01 0.000000e+00
39401: 2.308176e+00 1.308176e+00 3.836478e-01 0.000000e+00
39401: 2.307531e+00 1.307531e+00 3.849372e-01 0.000000e+00
39401: 2.306889e+00 1.306889e+00 3.862213e-01 0.000000e+00
39401: 2.306250e+00 1.308333e+00 3.854167e-01 0.000000e+00
39401: 2.305613e+00 1.307692e+00 3.866944e-01 0.000000e+00
39401: 2.304979e+00 1.309129e+00 3.858921e-01 0.000000e+00
39401: 2.302277e+00 1.312629e+00 3.850932e-01 0.000000e+00
39401: 2.301653e+00 1.311983e+00 3.863636e-01 0.000000e+00
39401: 2.301031e+00 1.311340e+00 3.876289e-01 0.000000e+00
39401: 2.302469e+00 1.310700e+00 3.868313e-01 0.000000e+00
39401: 2.301848e+00 1.312115e+00 3.860370e-01 0.000000e+00
39401: 2.301230e+00 1.311475e+00 3.872951e-01 0.000000e+00
39401: 2.300613e+00 1.312883e+00 3.865031e-01 0.000000e+00
39401: 2.302041e+00 1.312245e+00 3.857143e-01 0.000000e+00
39401: 2.301426e+00 1.313646e+00 3.849287e-01 0.000000e+00
39401: 2.300813e+00 1.315041e+00 3.841463e-01 0.000000e+00
39401: 2.302231e+00 1.314402e+00 3.833671e-01 0.000000e+00
39401: 2.301619e+00 1.313765e+00 3.846154e-01 0.000000e+00
39401: 2.303030e+00 1.313131e+00 3.838384e-01 0.000000e+00
39401: 2.304435e+00 1.312500e+00 3.830645e-01 0.000000e+00
39401: 2.305835e+00 1.311871e+00 3.822938e-01 0.000000e+00
39401: 2.307229e+00 1.311245e+00 3.815261e-01 0.000000e+00
39401: 2.306613e+00 1.310621e+00 3.827655e-01 0.000000e+00
39401: 2.308000e+00 1.310000e+00 3.820000e-01 0.000000e+00
39401: 2.307385e+00 1.311377e+00 3.812375e-01 0.000000e+00
39401: 2.306773e+00 1.310757e+00 3.824701e-01 0.000000e+00
39401: 2.308151e+00 1.310139e+00 3.817097e-01 0.000000e+00
39401: 2.307540e+00 1.309524e+00 3.829365e-01 0.000000e+00
39401: 2.308911e+00 1.308911e+00 3.821782e-01 0.000000e+00
39401: 2.308300e+00 1.310277e+00 3.814229e-01 0.000000e+00
39401: 2.309665e+00 1.309665e+00 3.806706e-01 0.000000e+00
39401: 2.309055e+00 1.309055e+00 3.818898e-01 0.000000e+00
39401: 2.308448e+00 1.308448e+00 3.831041e-01 0.000000e+00
39401: 2.305882e+00 1.309804e+00 3.843137e-01 0.000000e+00
39401: 2.305284e+00 1.309198e+00 3.855186e-01 0.000000e+00
39401: 2.304688e+00 1.308594e+00 3.867188e-01 0.000000e+00
39401: 2.304094e+00 1.307992e+00 3.879142e-01 0.000000e+00
39401: 2.303502e+00 1.307393e+00 3.891051e-01 0.000000e+00
39401: 2.302913e+00 1.306796e+00 3.902913e-01 0.000000e+00
39401: 2.302326e+00 1.308140e+00 3.895349e-01 0.000000e+00
39401: 2.301741e+00 1.307544e+00 3.907157e-01 0.000000e+00
39401: 2.299228e+00 1.308880e+00 3.918919e-01 0.000000e+00
39401: 2.300578e+00 1.308285e+00 3.911368e-01 0.000000e+00
39401: 2.298077e+00 1.311538e+00 3.903846e-01 0.000000e+00
39401: 2.299424e+00 1.310940e+00 3.896353e-01 0.000000e+00
39401: 2.298851e+00 1.310345e+00 3.908046e-01 0.000000e+00
39401: 2.298279e+00 1.309751e+00 3.919694e-01 0.000000e+00
39401: 2.297710e+00 1.311069e+00 3.912214e-01 0.000000e+00
39401: 2.297143e+00 1.312381e+00 3.904762e-01 0.000000e+00
39401: 2.298479e+00 1.311787e+00 3.897338e-01 0.000000e+00
39401: 2.297913e+00 1.313093e+00 3.889943e-01 0.000000e+00
39401: 2.297348e+00 1.314394e+00 3.882576e-01 0.000000e+00
39401: 2.296786e+00 1.313800e+00 3.894140e-01 0.000000e+00
39401: 2.296226e+00 1.315094e+00 3.886792e-01 0.000000e+00
39401: 2.295669e+00 1.316384e+00 3.879473e-01 0.000000e+00
39401: 2.296992e+00 1.315789e+00 3.872180e-01 0.000000e+00
39401: 2.298311e+00 1.315197e+00 3.864916e-01 0.000000e+00
39401: 2.299625e+00 1.314607e+00 3.857678e-01 0.000000e+00
39401: 2.299065e+00 1.314019e+00 3.869159e-01 0.000000e+00
39401: 2.298507e+00 1.313433e+00 3.880597e-01 0.000000e+00
39401: 2.297952e+00 1.314711e+00 3.873371e-01 0.000000e+00
39401: 2.297398e+00 1.315985e+00 3.866171e-01 0.000000e+00
39401: 2.296846e+00 1.315399e+00 3.877551e-01 0.000000e+00
39401: 2.296296e+00 1.314815e+00 3.888889e-01 0.000000e+00
39401: 2.295749e+00 1.314233e+00 3.900185e-01 0.000000e+00
39401: 2.295203e+00 1.315498e+00 3.892989e-01 0.000000e+00
39401: 2.296501e+00 1.314917e+00 3.885820e-01 0.000000e+00
39401: 2.295956e+00 1.314338e+00 3.897059e-01 0.000000e+00
39401: 2.295413e+00 1.313761e+00 3.908257e-01 0.000000e+00
39401: 2.294872e+00 1.313187e+00 3.919414e-01 0.000000e+00
39401: 2.294333e+00 1.312614e+00 3.930530e-01 0.000000e+00
39401: 2.293796e+00 1.313869e+00 3.923358e-01 0.000000e+00
39401: 2.293260e+00 1.313297e+00 3.934426e-01 0.000000e+00
39401: 2.292727e+00 1.314545e+00 3.927273e-01 0.000000e+00
39401: 2.292196e+00 1.313975e+00 3.938294e-01 0.000000e+00
39401: 2.291667e+00 1.313406e+00 3.949275e-01 0.000000e+00
39401: 2.292948e+00 1.312839e+00 3.942134e-01 0.000000e+00
39401: 2.292419e+00 1.312274e+00 3.953069e-01 0.000000e+00
39401: 2.293694e+00 1.311712e+00 3.945946e-01 0.000000e+00
39401: 2.293165e+00 1.312950e+00 3.938849e-01 0.000000e+00
39401: 2.292639e+00 1.312388e+00 3.949731e-01 0.000000e+00
39401: 2.293907e+00 1.311828e+00 3.942652e-01 0.000000e+00
39401: 2.293381e+00 1.311270e+00 3.953488e-01 0.000000e+00
39401: 2.292857e+00 1.310714e+00 3.964286e-01 0.000000e+00
39401: 2.292335e+00 1.311943e+00 3.957219e-01 0.000000e+00
39401: 2.291815e+00 1.311388e+00 3.967972e-01 0.000000e+00
39401: 2.291297e+00 1.310835e+00 3.978686e-01 0.000000e+00
39401: 2.290780e+00 1.310284e+00 3.989362e-01 0.000000e+00
39401: 2.292035e+00 1.309735e+00 3.982301e-01 0.000000e+00
39401: 2.291519e+00 1.310954e+00 3.975265e-01 0.000000e+00
39401: 2.291005e+00 1.310406e+00 3.985891e-01 0.000000e+00
39401: 2.290493e+00 1.311620e+00 3.978873e-01 0.000000e+00
39401: 2.289982e+00 1.311072e+00 3.989455e-01 0.000000e+00
39401: 2.289474e+00 1.312281e+00 3.982456e-01 0.000000e+00
39401: 2.290718e+00 1.311734e+00 3.975482e-01 0.000000e+00
39401: 2.290210e+00 1.312937e+00 3.968531e-01 0.000000e+00
39401: 2.291449e+00 1.312391e+00 3.961606e-01 0.000000e+00
39401: 2.290941e+00 1.313589e+00 3.954704e-01 0.000000e+00
39401: 2.290435e+00 1.314783e+00 3.947826e-01 0.000000e+00
39401: 2.289931e+00 1.314236e+00 3.958333e-01 0.000000e+00
39401: 2.289428e+00 1.315425e+00 3.951473e-01 0.000000e+00
39401: 2.288927e+00 1.314879e+00 3.961938e-01 0.000000e+00
39401: 2.290155e+00 1.314335e+00 3.955095e-01 0.000000e+00
39401: 2.289655e+00 1.315517e+00 3.948276e-01 0.000000e+00
39401: 2.289157e+00 1.314974e+00 3.958692e-01 0.000000e+00
39401: 2.290378e+00 1.314433e+00 3.951890e-01 0.000000e+00
39401: 2.291595e+00 1.313894e+00 3.945111e-01 0.000000e+00
39401: 2.291096e+00 1.313356e+00 3.955479e-01 0.000000e+00
39401: 2.290598e+00 1.314530e+00 3.948718e-01 0.000000e+00
39401: 2.290102e+00 1.313993e+00 3.959044e-01 0.000000e+00
39401: 2.291312e+00 1.313458e+00 3.952300e-01 0.000000e+00
39401: 2.290816e+00 1.312925e+00 3.962585e-01 0.000000e+00
39401: 2.290323e+00 1.314092e+00 3.955857e-01 0.000000e+00
39401: 2.291525e+00 1.313559e+00 3.949153e-01 0.000000e+00
39401: 2.292724e+00 1.313029e+00 3.942470e-01 0.000000e+00
39401: 2.292230e+00 1.312500e+00 3.952703e-01 0.000000e+00
39401: 2.291737e+00 1.311973e+00 3.962901e-01 0.000000e+00
39401: 2.291246e+00 1.313131e+00 3.956229e-01 0.000000e+00
39401: 2.292437e+00 1.312605e+00 3.949580e-01 0.000000e+00
39401: 2.293624e+00 1.312081e+00 3.942953e-01 0.000000e+00
39401: 2.293132e+00 1.311558e+00 3.953099e-01 0.000000e+00
39401: 2.294314e+00 1.311037e+00 3.946488e-01 0.000000e+00
39401: 2.293823e+00 1.310518e+00 3.956594e-01 0.000000e+00
39401: 2.295000e+00 1.310000e+00 3.950000e-01 0.000000e+00
39401: 2.294509e+00 1.309484e+00 3.960067e-01 0.000000e+00
39401: 2.295681e+00 1.308970e+00 3.953488e-01 0.000000e+00
39401: 2.295191e+00 1.308458e+00 3.963516e-01 0.000000e+00
39401: 2.294702e+00 1.307947e+00 3.973510e-01 0.000000e+00
39401: 2.294215e+00 1.307438e+00 3.983471e-01 0.000000e+00
39401: 2.295380e+00 1.306931e+00 3.976898e-01 0.000000e+00
39401: 2.294893e+00 1.306425e+00 3.986820e-01 0.000000e+00
39401: 2.294408e+00 1.305921e+00 3.996711e-01 0.000000e+00
39401: 2.293924e+00 1.307061e+00 3.990148e-01 0.000000e+00
39401: 2.293443e+00 1.308197e+00 3.983607e-01 0.000000e+00
39401: 2.294599e+00 1.307692e+00 3.977087e-01 0.000000e+00
39401: 2.294118e+00 1.307190e+00 3.986928e-01 0.000000e+00
39401: 2.295269e+00 1.306688e+00 3.980424e-01 0.000000e+00
39401: 2.296417e+00 1.306189e+00 3.973941e-01 0.000000e+00
39401: 2.295935e+00 1.305691e+00 3.983740e-01 0.000000e+00
39401: 2.295455e+00 1.305195e+00 3.993506e-01 0.000000e+00
39401: 2.296596e+00 1.304700e+00 3.987034e-01 0.000000e+00
39401: 2.297735e+00 1.304207e+00 3.980583e-01 0.000000e+00
39401: 2.295638e+00 1.305331e+00 3.990307e-01 0.000000e+00
39401: 2.295161e+00 1.306452e+00 3.983871e-01 0.000000e+00
39401: 2.294686e+00 1.307568e+00 3.977456e-01 0.000000e+00
39401: 2.294212e+00 1.307074e+00 3.987138e-01 0.000000e+00
39401: 2.295345e+00 1.306581e+00 3.980738e-01 0.000000e+00
39401: 2.294872e+00 1.307692e+00 3.974359e-01 0.000000e+00
39401: 2.294400e+00 1.307200e+00 3.984000e-01 0.000000e+00
39401: 2.293930e+00 1.306709e+00 3.993610e-01 0.000000e+00
39401: 2.291866e+00 1.307815e+00 4.003190e-01 0.000000e+00
39401: 2.292994e+00 1.307325e+00 3.996815e-01 0.000000e+00
39401: 2.292528e+00 1.306836e+00 4.006359e-01 0.000000e+00
39401: 2.293651e+00 1.306349e+00 4.000000e-01 0.000000e+00
39401: 2.294770e+00 1.305864e+00 3.993661e-01 0.000000e+00
39401: 2.294304e+00 1.306962e+00 3.987342e-01 0.000000e+00
39401: 2.293839e+00 1.306477e+00 3.996840e-01 0.000000e+00
39401: 2.293375e+00 1.305994e+00 4.006309e-01 0.000000e+00
39401: 2.291339e+00 1.307087e+00 4.015748e-01 0.000000e+00
39401: 2.290881e+00 1.308176e+00 4.009434e-01 0.000000e+00
39401: 2.290424e+00 1.307692e+00 4.018838e-01 0.000000e+00
39401: 2.289969e+00 1.308777e+00 4.012539e-01 0.000000e+00
39401: 2.289515e+00 1.308294e+00 4.021909e-01 0.000000e+00
39401: 2.290625e+00 1.307813e+00 4.015625e-01 0.000000e+00
39401: 2.291732e+00 1.307332e+00 4.009360e-01 0.000000e+00
39401: 2.291277e+00 1.306854e+00 4.018692e-01 0.000000e+00
39401: 2.290824e+00 1.306376e+00 4.027994e-01 0.000000e+00
39401: 2.291925e+00 1.305901e+00 4.021739e-01 0.000000e+00
39401: 2.291473e+00 1.305426e+00 4.031008e-01 0.000000e+00
39401: 2.291022e+00 1.306502e+00 4.024768e-01 0.000000e+00
39401: 2.290572e+00 1.307573e+00 4.018547e-01 0.000000e+00
39401: 2.290123e+00 1.307099e+00 4.027778e-01 0.000000e+00
39401: 2.291217e+00 1.306626e+00 4.021572e-01 0.000000e+00
39401: 2.292308e+00 1.306154e+00 4.015385e-01 0.000000e+00
39401: 2.291859e+00 1.305684e+00 4.024578e-01 0.000000e+00
39401: 2.291411e+00 1.306748e+00 4.018405e-01 0.000000e+00
39401: 2.290965e+00 1.306279e+00 4.027565e-01 0.000000e+00
39401: 2.292049e+00 1.305810e+00 4.021407e-01 0.000000e+00
39401: 2.293130e+00 1.305344e+00 4.015267e-01 0.000000e+00
39401: 2.292683e+00 1.304878e+00 4.024390e-01 0.000000e+00
39401: 2.292237e+00 1.305936e+00 4.018265e-01 0.000000e+00
39401: 2.291793e+00 1.305471e+00 4.027356e-01 0.000000e+00
39401: 2.291351e+00 1.305008e+00 4.036419e-01 0.000000e+00
39401: 2.290909e+00 1.304545e+00 4.045455e-01 0.000000e+00
39401: 2.290469e+00 1.304085e+00 4.054463e-01 0.000000e+00
39401: 2.291541e+00 1.303625e+00 4.048338e-01 0.000000e+00
39401: 2.292609e+00 1.303167e+00 4.042232e-01 0.000000e+00
39401: 2.292169e+00 1.302711e+00 4.051205e-01 0.000000e+00
39401: 2.291729e+00 1.302256e+00 4.060150e-01 0.000000e+00
39401: 2.292793e+00 1.301802e+00 4.054054e-01 0.000000e+00
39401: 2.293853e+00 1.301349e+00 4.047976e-01 0.000000e+00
39401: 2.293413e+00 1.300898e+00 4.056886e-01 0.000000e+00
39401: 2.294469e+00 1.300448e+00 4.050822e-01 0.000000e+00
39401: 2.295522e+00 1.300000e+00 4.044776e-01 0.000000e+00
39401: 2.295082e+00 1.299553e+00 4.053651e-01 0.000000e+00
39401: 2.294643e+00 1.300595e+00 4.047619e-01 0.000000e+00
39401: 2.295691e+00 1.300149e+00 4.041605e-01 0.000000e+00
39401: 2.295252e+00 1.301187e+00 4.035608e-01 0.000000e+00
39401: 2.294815e+00 1.300741e+00 4.044444e-01 0.000000e+00
39401: 2.295858e+00 1.300296e+00 4.038462e-01 0.000000e+00
39401: 2.296898e+00 1.299852e+00 4.032496e-01 0.000000e+00
39401: 2.297935e+00 1.299410e+00 4.026549e-01 0.000000e+00
39401: 2.297496e+00 1.298969e+00 4.035346e-01 0.000000e+00
39401: 2.298529e+00 1.298529e+00 4.029412e-01 0.000000e+00
39401: 2.299559e+00 1.298091e+00 4.023495e-01 0.000000e+00
39401: 2.299120e+00 1.297654e+00 4.032258e-01 0.000000e+00
39401: 2.300146e+00 1.297218e+00 4.026354e-01 0.000000e+00
39401: 2.301170e+00 1.296784e+00 4.020468e-01 0.000000e+00
39401: 2.300730e+00 1.297810e+00 4.014599e-01 0.000000e+00
39401: 2.301749e+00 1.297376e+00 4.008746e-01 0.000000e+00
39401: 2.301310e+00 1.296943e+00 4.017467e-01 0.000000e+00
39401: 2.299419e+00 1.297965e+00 4.026163e-01 0.000000e+00
39401: 2.300435e+00 1.297533e+00 4.020319e-01 0.000000e+00
39401: 2.300000e+00 1.297101e+00 4.028986e-01 0.000000e+00
39401: 2.299566e+00 1.296671e+00 4.037627e-01 0.000000e+00
39401: 2.299133e+00 1.296243e+00 4.046243e-01 0.000000e+00
39401: 2.298701e+00 1.297258e+00 4.040404e-01 0.000000e+00
39401: 2.299712e+00 1.296830e+00 4.034582e-01 0.000000e+00
39401: 2.300719e+00 1.296403e+00 4.028777e-01 0.000000e+00
39401: 2.298851e+00 1.297414e+00 4.037356e-01 0.000000e+00
39401: 2.299857e+00 1.296987e+00 4.031564e-01 0.000000e+00
39401: 2.300860e+00 1.296562e+00 4.025788e-01 0.000000e+00
39401: 2.301860e+00 1.296137e+00 4.020029e-01 0.000000e+00
39401: 2.302857e+00 1.295714e+00 4.014286e-01 0.000000e+00
39401: 2.302425e+00 1.296719e+00 4.008559e-01 0.000000e+00
39401: 2.303419e+00 1.296296e+00 4.002849e-01 0.000000e+00
39401: 2.304410e+00 1.295875e+00 3.997155e-01 0.000000e+00
39401: 2.305398e+00 1.295455e+00 3.991477e-01 0.000000e+00
39401: 2.304965e+00 1.295035e+00 4.000000e-01 0.000000e+00
39401: 2.304533e+00 1.294618e+00 4.008499e-01 0.000000e+00
39401: 2.304102e+00 1.295615e+00 4.002829e-01 0.000000e+00
39401: 2.305085e+00 1.295198e+00 3.997175e-01 0.000000e+00
39401: 2.304654e+00 1.296192e+00 3.991537e-01 0.000000e+00
39401: 2.304225e+00 1.297183e+00 3.985915e-01 0.000000e+00
39401: 2.305204e+00 1.296765e+00 3.980309e-01 0.000000e+00
39401: 2.304775e+00 1.297753e+00 3.974719e-01 0.000000e+00
39401: 2.305750e+00 1.297335e+00 3.969144e-01 0.000000e+00
39401: 2.305322e+00 1.298319e+00 3.963585e-01 0.000000e+00
39401: 2.306294e+00 1.297902e+00 3.958042e-01 0.000000e+00
39401: 2.305866e+00 1.297486e+00 3.966480e-01 0.000000e+00
39401: 2.305439e+00 1.297071e+00 3.974895e-01 0.000000e+00
39401: 2.305014e+00 1.296657e+00 3.983287e-01 0.000000e+00
39401: 2.304590e+00 1.296245e+00 3.991655e-01 0.000000e+00
39401: 2.305556e+00 1.295833e+00 3.986111e-01 0.000000e+00
39401: 2.306519e+00 1.295423e+00 3.980583e-01 0.000000e+00
39401: 2.306094e+00 1.295014e+00 3.988920e-01 0.000000e+00
39401: 2.305671e+00 1.294606e+00 3.997234e-01 0.000000e+00
39401: 2.305249e+00 1.295580e+00 3.991713e-01 0.000000e+00
39401: 2.306207e+00 1.295172e+00 3.986207e-01 0.000000e+00
39401: 2.307163e+00 1.294766e+00 3.980716e-01 0.000000e+00
39401: 2.308116e+00 1.294360e+00 3.975241e-01 0.000000e+00
39401: 2.309066e+00 1.293956e+00 3.969780e-01 0.000000e+00
39401: 2.310014e+00 1.293553e+00 3.964335e-01 0.000000e+00
39401: 2.309589e+00 1.294521e+00 3.958904e-01 0.000000e+00
39401: 2.309166e+00 1.294118e+00 3.967168e-01 0.000000e+00
39401: 2.310109e+00 1.293716e+00 3.961749e-01 0.000000e+00
39401: 2.309686e+00 1.293315e+00 3.969986e-01 0.000000e+00
39401: 2.310627e+00 1.292916e+00 3.964578e-01 0.000000e+00
39401: 2.311565e+00 1.292517e+00 3.959184e-01 0.000000e+00
39401: 2.311141e+00 1.293478e+00 3.953804e-01 0.000000e+00
39401: 2.310719e+00 1.293080e+00 3.962008e-01 0.000000e+00
39401: 2.311653e+00 1.292683e+00 3.956640e-01 0.000000e+00
39401: 2.311231e+00 1.292287e+00 3.964817e-01 0.000000e+00
39401: 2.310811e+00 1.291892e+00 3.972973e-01 0.000000e+00
39401: 2.310391e+00 1.291498e+00 3.981107e-01 0.000000e+00
39401: 2.309973e+00 1.291105e+00 3.989218e-01 0.000000e+00
39401: 2.310902e+00 1.290713e+00 3.983849e-01 0.000000e+00
39401: 2.310484e+00 1.291667e+00 3.978495e-01 0.000000e+00
39401: 2.310067e+00 1.291275e+00 3.986577e-01 0.000000e+00
39401: 2.310992e+00 1.290885e+00 3.981233e-01 0.000000e+00
39401: 2.310576e+00 1.290495e+00 3.989290e-01 0.000000e+00
39401: 2.310160e+00 1.290107e+00 3.997326e-01 0.000000e+00
39401: 2.311081e+00 1.289720e+00 3.991989e-01 0.000000e+00
39401: 2.310667e+00 1.290667e+00 3.986667e-01 0.000000e+00
39401: 2.310253e+00 1.290280e+00 3.994674e-01 0.000000e+00
39401: 2.309840e+00 1.289894e+00 4.002660e-01 0.000000e+00
39401: 2.310757e+00 1.289509e+00 3.997344e-01 0.000000e+00
39401: 2.311671e+00 1.289125e+00 3.992042e-01 0.000000e+00
39401: 2.311258e+00 1.290066e+00 3.986755e-01 0.000000e+00
39401: 2.312169e+00 1.289683e+00 3.981481e-01 0.000000e+00
39401: 2.311757e+00 1.290621e+00 3.976222e-01 0.000000e+00
39401: 2.312665e+00 1.290237e+00 3.970976e-01 0.000000e+00
39401: 2.313570e+00 1.289855e+00 3.965744e-01 0.000000e+00
39401: 2.314474e+00 1.289474e+00 3.960526e-01 0.000000e+00
39401: 2.315375e+00 1.289093e+00 3.955322e-01 0.000000e+00
39401: 2.314961e+00 1.290026e+00 3.950131e-01 0.000000e+00
39401: 2.314548e+00 1.290957e+00 3.944954e-01 0.000000e+00
39401: 2.315445e+00 1.290576e+00 3.939791e-01 0.000000e+00
39401: 2.315033e+00 1.290196e+00 3.947712e-01 0.000000e+00
39401: 2.315927e+00 1.289817e+00 3.942559e-01 0.000000e+00
39401: 2.316819e+00 1.289439e+00 3.937419e-01 0.000000e+00
39401: 2.316406e+00 1.289062e+00 3.945312e-01 0.000000e+00
39401: 2.315995e+00 1.289987e+00 3.940182e-01 0.000000e+00
39401: 2.316883e+00 1.289610e+00 3.935065e-01 0.000000e+00
39401: 2.316472e+00 1.289235e+00 3.942931e-01 0.000000e+00
39401: 2.317358e+00 1.288860e+00 3.937824e-01 0.000000e+00
39401: 2.316947e+00 1.288486e+00 3.945666e-01 0.000000e+00
39401: 2.316537e+00 1.289406e+00 3.940568e-01 0.000000e+00
39401: 2.317419e+00 1.289032e+00 3.935484e-01 0.000000e+00
39401: 2.317010e+00 1.288660e+00 3.943299e-01 0.000000e+00
39401: 2.316602e+00 1.288288e+00 3.951094e-01 0.000000e+00
39401: 2.316195e+00 1.289203e+00 3.946015e-01 0.000000e+00
39401: 2.315789e+00 1.290116e+00 3.940950e-01 0.000000e+00
39401: 2.316667e+00 1.289744e+00 3.935897e-01 0.000000e+00
39401: 2.317542e+00 1.289373e+00 3.930858e-01 0.000000e+00
39401: 2.318414e+00 1.289003e+00 3.925831e-01 0.000000e+00
39401: 2.318008e+00 1.288633e+00 3.933589e-01 0.000000e+00
39401: 2.317602e+00 1.289541e+00 3.928571e-01 0.000000e+00
39401: 2.317197e+00 1.289172e+00 3.936306e-01 0.000000e+00
39401: 2.318066e+00 1.288804e+00 3.931298e-01 0.000000e+00
39401: 2.318933e+00 1.288437e+00 3.926302e-01 0.000000e+00
39401: 2.318528e+00 1.289340e+00 3.921320e-01 0.000000e+00
39401: 2.319392e+00 1.288973e+00 3.916350e-01 0.000000e+00
39401: 2.318987e+00 1.289873e+00 3.911392e-01 0.000000e+00
39401: 2.318584e+00 1.289507e+00 3.919090e-01 0.000000e+00
39401: 2.318182e+00 1.289141e+00 3.926768e-01 0.000000e+00
39401: 2.317781e+00 1.290038e+00 3.921816e-01 0.000000e+00
39401: 2.317380e+00 1.290932e+00 3.916877e-01 0.000000e+00
39401: 2.316981e+00 1.290566e+00 3.924528e-01 0.000000e+00
39401: 2.316583e+00 1.291457e+00 3.919598e-01 0.000000e+00
39401: 2.316186e+00 1.291092e+00 3.927227e-01 0.000000e+00
39401: 2.315789e+00 1.290727e+00 3.934837e-01 0.000000e+00
39401: 2.316646e+00 1.290363e+00 3.929912e-01 0.000000e+00
39401: 2.316250e+00 1.290000e+00 3.937500e-01 0.000000e+00
39401: 2.315855e+00 1.289638e+00 3.945069e-01 0.000000e+00
39401: 2.315461e+00 1.289277e+00 3.952618e-01 0.000000e+00
39401: 2.315068e+00 1.288917e+00 3.960149e-01 0.000000e+00
39401: 2.314677e+00 1.289801e+00 3.955224e-01 0.000000e+00
39401: 2.315528e+00 1.289441e+00 3.950311e-01 0.000000e+00
39401: 2.315136e+00 1.289082e+00 3.957816e-01 0.000000e+00
39401: 2.314746e+00 1.288724e+00 3.965304e-01 0.000000e+00
39401: 2.314356e+00 1.288366e+00 3.972772e-01 0.000000e+00
39401: 2.315204e+00 1.288010e+00 3.967862e-01 0.000000e+00
39401: 2.314815e+00 1.288889e+00 3.962963e-01 0.000000e+00
39401: 2.314427e+00 1.289766e+00 3.958076e-01 0.000000e+00
39401: 2.314039e+00 1.289409e+00 3.965517e-01 0.000000e+00
39401: 2.313653e+00 1.289053e+00 3.972940e-01 0.000000e+00
39401: 2.313268e+00 1.288698e+00 3.980344e-01 0.000000e+00
39401: 2.312883e+00 1.288344e+00 3.987730e-01 0.000000e+00
39401: 2.313725e+00 1.287990e+00 3.982843e-01 0.000000e+00
39401: 2.312118e+00 1.290086e+00 3.977968e-01 0.000000e+00
39401: 2.312958e+00 1.289731e+00 3.973105e-01 0.000000e+00
39401: 2.312576e+00 1.289377e+00 3.980464e-01 0.000000e+00
39401: 2.313415e+00 1.289024e+00 3.975610e-01 0.000000e+00
39401: 2.313033e+00 1.289890e+00 3.970767e-01 0.000000e+00
39401: 2.313869e+00 1.289538e+00 3.965937e-01 0.000000e+00
39401: 2.313487e+00 1.289186e+00 3.973269e-01 0.000000e+00
39401: 2.314320e+00 1.288835e+00 3.968447e-01 0.000000e+00
39401: 2.313939e+00 1.288485e+00 3.975758e-01 0.000000e+00
39401: 2.313559e+00 1.288136e+00 3.983051e-01 0.000000e+00
39401: 2.313180e+00 1.287787e+00 3.990326e-01 0.000000e+00
39401: 2.312802e+00 1.288647e+00 3.985507e-01 0.000000e+00
39401: 2.312425e+00 1.288299e+00 3.992762e-01 0.000000e+00
39401: 2.313253e+00 1.287952e+00 3.987952e-01 0.000000e+00
39401: 2.314079e+00 1.287605e+00 3.983153e-01 0.000000e+00
39401: 2.313702e+00 1.288462e+00 3.978365e-01 0.000000e+00
39401: 2.313325e+00 1.289316e+00 3.973589e-01 0.000000e+00
39401: 2.312950e+00 1.290168e+00 3.968825e-01 0.000000e+00
39401: 2.312575e+00 1.291018e+00 3.964072e-01 0.000000e+00
39401: 2.313397e+00 1.290670e+00 3.959330e-01 0.000000e+00
39401: 2.311828e+00 1.291517e+00 3.966547e-01 0.000000e+00
39401: 2.312649e+00 1.291169e+00 3.961814e-01 0.000000e+00
39401: 2.312277e+00 1.292014e+00 3.957092e-01 0.000000e+00
39401: 2.313095e+00 1.291667e+00 3.952381e-01 0.000000e+00
39401: 2.312723e+00 1.292509e+00 3.947681e-01 0.000000e+00
39401: 2.312352e+00 1.292162e+00 3.954869e-01 0.000000e+00
39401: 2.313167e+00 1.291815e+00 3.950178e-01 0.000000e+00
39401: 2.312796e+00 1.291469e+00 3.957346e-01 0.000000e+00
39401: 2.313609e+00 1.291124e+00 3.952663e-01 0.000000e+00
39401: 2.314421e+00 1.290780e+00 3.947991e-01 0.000000e+00
39401: 2.315230e+00 1.290437e+00 3.943329e-01 0.000000e+00
39401: 2.316038e+00 1.290094e+00 3.938679e-01 0.000000e+00
39401: 2.316843e+00 1.289753e+00 3.934040e-01 0.000000e+00
39401: 2.316471e+00 1.289412e+00 3.941176e-01 0.000000e+00
39401: 2.316099e+00 1.289072e+00 3.948296e-01 0.000000e+00
39401: 2.316901e+00 1.288732e+00 3.943662e-01 0.000000e+00
39401: 2.316530e+00 1.288394e+00 3.950762e-01 0.000000e+00
39401: 2.316159e+00 1.288056e+00 3.957845e-01 0.000000e+00
39401: 2.315789e+00 1.287719e+00 3.964912e-01 0.000000e+00
39401: 2.315421e+00 1.288551e+00 3.960280e-01 0.000000e+00
39401: 2.315053e+00 1.288215e+00 3.967328e-01 0.000000e+00
39401: 2.314685e+00 1.287879e+00 3.974359e-01 0.000000e+00
39401: 2.314319e+00 1.288708e+00 3.969732e-01 0.000000e+00
39401: 2.315116e+00 1.288372e+00 3.965116e-01 0.000000e+00
39401: 2.314750e+00 1.288037e+00 3.972125e-01 0.000000e+00
39401: 2.314385e+00 1.287703e+00 3.979118e-01 0.000000e+00
39401: 2.314021e+00 1.287370e+00 3.986095e-01 0.000000e+00
39401: 2.313657e+00 1.287037e+00 3.993056e-01 0.000000e+00
39401: 2.313295e+00 1.286705e+00 4.000000e-01 0.000000e+00
39401: 2.312933e+00 1.287529e+00 3.995381e-01 0.000000e+00
39401: 2.313725e+00 1.287197e+00 3.990773e-01 0.000000e+00
39401: 2.314516e+00 1.286866e+00 3.986175e-01 0.000000e+00
39401: 2.315305e+00 1.286536e+00 3.981588e-01 0.000000e+00
39401: 2.314943e+00 1.286207e+00 3.988506e-01 0.000000e+00
39401: 2.313433e+00 1.287026e+00 3.995408e-01 0.000000e+00
39401: 2.314220e+00 1.286697e+00 3.990826e-01 0.000000e+00
39401: 2.315006e+00 1.286369e+00 3.986254e-01 0.000000e+00
39401: 2.315789e+00 1.286041e+00 3.981693e-01 0.000000e+00
39401: 2.315429e+00 1.285714e+00 3.988571e-01 0.000000e+00
39401: 2.315068e+00 1.285388e+00 3.995434e-01 0.000000e+00
39401: 2.315849e+00 1.285063e+00 3.990878e-01 0.000000e+00
39401: 2.315490e+00 1.284738e+00 3.997722e-01 0.000000e+00
39401: 2.315131e+00 1.285552e+00 3.993174e-01 0.000000e+00
39401: 2.313636e+00 1.287500e+00 3.988636e-01 0.000000e+00
39401: 2.313280e+00 1.288309e+00 3.984109e-01 0.000000e+00
39401: 2.312925e+00 1.287982e+00 3.990930e-01 0.000000e+00
39401: 2.312571e+00 1.288788e+00 3.986410e-01 0.000000e+00
39401: 2.312217e+00 1.288462e+00 3.993213e-01 0.000000e+00
39401: 2.311864e+00 1.288136e+00 4.000000e-01 0.000000e+00
39401: 2.311512e+00 1.288939e+00 3.995485e-01 0.000000e+00
39401: 2.311161e+00 1.288613e+00 4.002255e-01 0.000000e+00
39401: 2.311937e+00 1.288288e+00 3.997748e-01 0.000000e+00
39401: 2.311586e+00 1.287964e+00 4.004499e-01 0.000000e+00
39401: 2.310112e+00 1.288764e+00 4.011236e-01 0.000000e+00
39401: 2.309764e+00 1.288440e+00 4.017957e-01 0.000000e+00
39401: 2.310538e+00 1.288117e+00 4.013453e-01 0.000000e+00
39401: 2.310190e+00 1.287794e+00 4.020157e-01 0.000000e+00
39401: 2.309843e+00 1.287472e+00 4.026846e-01 0.000000e+00
39401: 2.310615e+00 1.287151e+00 4.022346e-01 0.000000e+00
39401: 2.311384e+00 1.286830e+00 4.017857e-01 0.000000e+00
39401: 2.311037e+00 1.287625e+00 4.013378e-01 0.000000e+00
39401: 2.310690e+00 1.288419e+00 4.008909e-01 0.000000e+00
39401: 2.310345e+00 1.289210e+00 4.004449e-01 0.000000e+00
39401: 2.310000e+00 1.288889e+00 4.011111e-01 0.000000e+00
39401: 2.309656e+00 1.288568e+00 4.017758e-01 0.000000e+00
39401: 2.309313e+00 1.288248e+00 4.024390e-01 0.000000e+00
39401: 2.308970e+00 1.287929e+00 4.031008e-01 0.000000e+00
39401: 2.308628e+00 1.287611e+00 4.037611e-01 0.000000e+00
39401: 2.308287e+00 1.287293e+00 4.044199e-01 0.000000e+00
39401: 2.307947e+00 1.286976e+00 4.050773e-01 0.000000e+00
39401: 2.307607e+00 1.287762e+00 4.046307e-01 0.000000e+00
39401: 2.307269e+00 1.287445e+00 4.052863e-01 0.000000e+00
39401: 2.308031e+00 1.287129e+00 4.048405e-01 0.000000e+00
39401: 2.307692e+00 1.286813e+00 4.054945e-01 0.000000e+00
39401: 2.308452e+00 1.286498e+00 4.050494e-01 0.000000e+00
39401: 2.308114e+00 1.286184e+00 4.057018e-01 0.000000e+00
39401: 2.308872e+00 1.285871e+00 4.052574e-01 0.000000e+00
39401: 2.309628e+00 1.285558e+00 4.048140e-01 0.000000e+00
39401: 2.310383e+00 1.285246e+00 4.043716e-01 0.000000e+00
39401: 2.308952e+00 1.286026e+00 4.050218e-01 0.000000e+00
39401: 2.309706e+00 1.285714e+00 4.045802e-01 0.000000e+00
39401: 2.310458e+00 1.285403e+00 4.041394e-01 0.000000e+00
39401: 2.310120e+00 1.285092e+00 4.047878e-01 0.000000e+00
39401: 2.309783e+00 1.284783e+00 4.054348e-01 0.000000e+00
39401: 2.309446e+00 1.284473e+00 4.060803e-01 0.000000e+00
39401: 2.310195e+00 1.284165e+00 4.056399e-01 0.000000e+00
39401: 2.310943e+00 1.283857e+00 4.052004e-01 0.000000e+00
39401: 2.310606e+00 1.284632e+00 4.047619e-01 0.000000e+00
39401: 2.310270e+00 1.284324e+00 4.054054e-01 0.000000e+00
39401: 2.311015e+00 1.284017e+00 4.049676e-01 0.000000e+00
39401: 2.310680e+00 1.284790e+00 4.045307e-01 0.000000e+00
39401: 2.310345e+00 1.285560e+00 4.040948e-01 0.000000e+00
39401: 2.311087e+00 1.285253e+00 4.036598e-01 0.000000e+00
39401: 2.310753e+00 1.286022e+00 4.032258e-01 0.000000e+00
39401: 2.310419e+00 1.286788e+00 4.027927e-01 0.000000e+00
39401: 2.310086e+00 1.286481e+00 4.034335e-01 0.000000e+00
39401: 2.309753e+00 1.286174e+00 4.040729e-01 0.000000e+00
39401: 2.310493e+00 1.285867e+00 4.036403e-01 0.000000e+00
39401: 2.311230e+00 1.285561e+00 4.032086e-01 0.000000e+00
39401: 2.309829e+00 1.286325e+00 4.038462e-01 0.000000e+00
39401: 2.310566e+00 1.286019e+00 4.034152e-01 0.000000e+00
39401: 2.311301e+00 1.285714e+00 4.029851e-01 0.000000e+00
39401: 2.312034e+00 1.285410e+00 4.025559e-01 0.000000e+00
39401: 2.312766e+00 1.285106e+00 4.021277e-01 0.000000e+00
39401: 2.313496e+00 1.284803e+00 4.017003e-01 0.000000e+00
39401: 2.313163e+00 1.284501e+00 4.023355e-01 0.000000e+00
39401: 2.312831e+00 1.285260e+00 4.019088e-01 0.000000e+00
39401: 2.313559e+00 1.284958e+00 4.014831e-01 0.000000e+00
39401: 2.314286e+00 1.284656e+00 4.010582e-01 0.000000e+00
39401: 2.313953e+00 1.285412e+00 4.006342e-01 0.000000e+00
39401: 2.313622e+00 1.285111e+00 4.012672e-01 0.000000e+00
39401: 2.314346e+00 1.284810e+00 4.008439e-01 0.000000e+00
39401: 2.314015e+00 1.285564e+00 4.004215e-01 0.000000e+00
39401: 2.312632e+00 1.286316e+00 4.010526e-01 0.000000e+00
39401: 2.312303e+00 1.286015e+00 4.016824e-01 0.000000e+00
39401: 2.311975e+00 1.285714e+00 4.023109e-01 0.000000e+00
39401: 2.312697e+00 1.285414e+00 4.018888e-01 0.000000e+00
39401: 2.313417e+00 1.285115e+00 4.014675e-01 0.000000e+00
39401: 2.313089e+00 1.284817e+00 4.020942e-01 0.000000e+00
39401: 2.312762e+00 1.284519e+00 4.027197e-01 0.000000e+00
39401: 2.312435e+00 1.285266e+00 4.022989e-01 0.000000e+00
39401: 2.312109e+00 1.286013e+00 4.018789e-01 0.000000e+00
39401: 2.312826e+00 1.285714e+00 4.014599e-01 0.000000e+00
39401: 2.312500e+00 1.285417e+00 4.020833e-01 0.000000e+00
39401: 2.311134e+00 1.286160e+00 4.027055e-01 0.000000e+00
39401: 2.311850e+00 1.285863e+00 4.022869e-01 0.000000e+00
39401: 2.311526e+00 1.285566e+00 4.029076e-01 0.000000e+00
39401: 2.312241e+00 1.285270e+00 4.024896e-01 0.000000e+00
39401: 2.311917e+00 1.284974e+00 4.031088e-01 0.000000e+00
39401: 2.312629e+00 1.284679e+00 4.026915e-01 0.000000e+00
39401: 2.312306e+00 1.284385e+00 4.033092e-01 0.000000e+00
39401: 2.311983e+00 1.284091e+00 4.039256e-01 0.000000e+00
39401: 2.312693e+00 1.283798e+00 4.035088e-01 0.000000e+00
39401: 2.312371e+00 1.284536e+00 4.030928e-01 0.000000e+00
39401: 2.312049e+00 1.284243e+00 4.037075e-01 0.000000e+00
39401: 2.311728e+00 1.284979e+00 4.032922e-01 0.000000e+00
39401: 2.312436e+00 1.284687e+00 4.028777e-01 0.000000e+00
39401: 2.313142e+00 1.284394e+00 4.024641e-01 0.000000e+00
39401: 2.312821e+00 1.284103e+00 4.030769e-01 0.000000e+00
39401: 2.312500e+00 1.283811e+00 4.036885e-01 0.000000e+00
39401: 2.313204e+00 1.283521e+00 4.032753e-01 0.000000e+00
39401: 2.312883e+00 1.284254e+00 4.028630e-01 0.000000e+00
39401: 2.312564e+00 1.283963e+00 4.034729e-01 0.000000e+00
39401: 2.312245e+00 1.284694e+00 4.030612e-01 0.000000e+00
39401: 2.311927e+00 1.284404e+00 4.036697e-01 0.000000e+00
39401: 2.311609e+00 1.284114e+00 4.042770e-01 0.000000e+00
39401: 2.311292e+00 1.283825e+00 4.048830e-01 0.000000e+00
39401: 2.310976e+00 1.283537e+00 4.054878e-01 0.000000e+00
39401: 2.310660e+00 1.283249e+00 4.060914e-01 0.000000e+00
39401: 2.311359e+00 1.282961e+00 4.056795e-01 0.000000e+00
39401: 2.311044e+00 1.282675e+00 4.062817e-01 0.000000e+00
39401: 2.311741e+00 1.282389e+00 4.058704e-01 0.000000e+00
39401: 2.311426e+00 1.282103e+00 4.064712e-01 0.000000e+00
39401: 2.312121e+00 1.281818e+00 4.060606e-01 0.000000e+00
39401: 2.312815e+00 1.281534e+00 4.056509e-01 0.000000e+00
39401: 2.313508e+00 1.281250e+00 4.052419e-01 0.000000e+00
39401: 2.313192e+00 1.280967e+00 4.058409e-01 0.000000e+00
39401: 2.312877e+00 1.280684e+00 4.064386e-01 0.000000e+00
39401: 2.312563e+00 1.280402e+00 4.070352e-01 0.000000e+00
39401: 2.313253e+00 1.280120e+00 4.066265e-01 0.000000e+00
39401: 2.312939e+00 1.279840e+00 4.072217e-01 0.000000e+00
39401: 2.312625e+00 1.279559e+00 4.078156e-01 0.000000e+00
39401: 2.312312e+00 1.279279e+00 4.084084e-01 0.000000e+00
39401: Done!
