Forked 34716
Starting to reopen 0 and 1
Calling execv `tournament0/elexunix.py` (pid 34716)
Strategy 0: first ans is 2
Forked 34740
Starting to reopen 0 and 1
Calling execv `tournament0/the_best_strategy.py` (pid 34740)
Strategy 1: first ans is 0
Forked 34741
Starting to reopen 0 and 1
Calling execv `tournament0/alex_dany` (pid 34741)
34741: Started!
34741: Number of players: 5, position: 2, number of turns: 1000
34741: Random seed: 3002219942
Strategy 2: first ans is 1
Forked 34742
Starting to reopen 0 and 1
Calling execv `tournament0/pzakorko.py` (pid 34742)
Strategy 3: first ans is 0
Forked 34743
Starting to reopen 0 and 1
Calling execv `tournament0/lounres.py` (pid 34743)
Strategy 4: first ans is 1
34741: 2.000000e+00 2.000000e+00 1.000000e+00 0.000000e+00 0.000000e+00
34741: 1.500000e+00 1.500000e+00 2.000000e+00 0.000000e+00 0.000000e+00
34741: 2.000000e+00 1.333333e+00 1.333333e+00 0.000000e+00 3.333333e-01
34741: 1.750000e+00 2.000000e+00 1.000000e+00 0.000000e+00 2.500000e-01
34741: 2.000000e+00 1.800000e+00 1.000000e+00 0.000000e+00 2.000000e-01
34741: 1.833333e+00 1.833333e+00 1.000000e+00 1.666667e-01 1.666667e-01
34741: 1.857143e+00 1.857143e+00 1.000000e+00 1.428571e-01 1.428571e-01
34741: 1.875000e+00 1.625000e+00 1.125000e+00 2.500000e-01 1.250000e-01
34741: 1.888889e+00 1.666667e+00 1.111111e+00 2.222222e-01 1.111111e-01
34741: 1.900000e+00 1.500000e+00 1.200000e+00 3.000000e-01 1.000000e-01
34741: 1.818182e+00 1.727273e+00 1.090909e+00 2.727273e-01 9.090909e-02
34741: 2.000000e+00 1.583333e+00 1.083333e+00 2.500000e-01 8.333333e-02
34741: 1.923077e+00 1.692308e+00 1.076923e+00 2.307692e-01 7.692308e-02
34741: 2.000000e+00 1.571429e+00 1.071429e+00 2.857143e-01 7.142857e-02
34741: 1.933333e+00 1.600000e+00 1.133333e+00 2.666667e-01 6.666667e-02
34741: 2.000000e+00 1.500000e+00 1.187500e+00 2.500000e-01 6.250000e-02
34741: 2.000000e+00 1.529412e+00 1.176471e+00 2.352941e-01 5.882353e-02
34741: 1.944444e+00 1.555556e+00 1.222222e+00 2.222222e-01 5.555556e-02
34741: 2.052632e+00 1.526316e+00 1.157895e+00 2.105263e-01 5.263158e-02
34741: 2.000000e+00 1.650000e+00 1.100000e+00 2.000000e-01 5.000000e-02
34741: 2.000000e+00 1.571429e+00 1.142857e+00 2.380952e-01 4.761905e-02
34741: 1.954545e+00 1.545455e+00 1.136364e+00 3.181818e-01 4.545455e-02
34741: 1.956522e+00 1.521739e+00 1.130435e+00 3.043478e-01 8.695652e-02
34741: 1.958333e+00 1.583333e+00 1.083333e+00 2.916667e-01 8.333333e-02
34741: 1.880000e+00 1.600000e+00 1.160000e+00 2.800000e-01 8.000000e-02
34741: 1.884615e+00 1.538462e+00 1.192308e+00 3.076923e-01 7.692308e-02
34741: 1.814815e+00 1.629630e+00 1.148148e+00 2.962963e-01 1.111111e-01
34741: 1.821429e+00 1.607143e+00 1.178571e+00 2.857143e-01 1.071429e-01
34741: 1.827586e+00 1.586207e+00 1.206897e+00 2.758621e-01 1.034483e-01
34741: 1.766667e+00 1.633333e+00 1.200000e+00 3.000000e-01 1.000000e-01
34741: 1.741935e+00 1.612903e+00 1.258065e+00 2.903226e-01 9.677419e-02
34741: 1.718750e+00 1.593750e+00 1.250000e+00 3.125000e-01 1.250000e-01
34741: 1.696970e+00 1.606061e+00 1.242424e+00 3.030303e-01 1.515152e-01
34741: 1.705882e+00 1.617647e+00 1.235294e+00 2.941176e-01 1.470588e-01
34741: 1.657143e+00 1.628571e+00 1.257143e+00 3.142857e-01 1.428571e-01
34741: 1.694444e+00 1.583333e+00 1.277778e+00 3.055556e-01 1.388889e-01
34741: 1.675676e+00 1.594595e+00 1.297297e+00 2.972973e-01 1.351351e-01
34741: 1.657895e+00 1.631579e+00 1.289474e+00 2.894737e-01 1.315789e-01
34741: 1.666667e+00 1.615385e+00 1.307692e+00 2.820513e-01 1.282051e-01
34741: 1.675000e+00 1.625000e+00 1.300000e+00 2.750000e-01 1.250000e-01
34741: 1.658537e+00 1.609756e+00 1.341463e+00 2.682927e-01 1.219512e-01
34741: 1.666667e+00 1.595238e+00 1.333333e+00 2.857143e-01 1.190476e-01
34741: 1.627907e+00 1.627907e+00 1.348837e+00 2.790698e-01 1.162791e-01
34741: 1.636364e+00 1.590909e+00 1.340909e+00 3.181818e-01 1.136364e-01
34741: 1.622222e+00 1.600000e+00 1.355556e+00 3.111111e-01 1.111111e-01
34741: 1.652174e+00 1.565217e+00 1.369565e+00 3.043478e-01 1.086957e-01
34741: 1.659574e+00 1.574468e+00 1.361702e+00 2.978723e-01 1.063830e-01
34741: 1.645833e+00 1.583333e+00 1.375000e+00 2.916667e-01 1.041667e-01
34741: 1.653061e+00 1.571429e+00 1.367347e+00 2.857143e-01 1.224490e-01
34741: 1.620000e+00 1.600000e+00 1.380000e+00 2.800000e-01 1.200000e-01
34741: 1.647059e+00 1.568627e+00 1.392157e+00 2.745098e-01 1.176471e-01
34741: 1.634615e+00 1.576923e+00 1.403846e+00 2.692308e-01 1.153846e-01
34741: 1.641509e+00 1.547170e+00 1.433962e+00 2.641509e-01 1.132075e-01
34741: 1.648148e+00 1.574074e+00 1.407407e+00 2.592593e-01 1.111111e-01
34741: 1.654545e+00 1.545455e+00 1.418182e+00 2.727273e-01 1.090909e-01
34741: 1.642857e+00 1.589286e+00 1.392857e+00 2.678571e-01 1.071429e-01
34741: 1.649123e+00 1.596491e+00 1.385965e+00 2.631579e-01 1.052632e-01
34741: 1.620690e+00 1.603448e+00 1.413793e+00 2.586207e-01 1.034483e-01
34741: 1.627119e+00 1.576271e+00 1.440678e+00 2.542373e-01 1.016949e-01
34741: 1.633333e+00 1.566667e+00 1.450000e+00 2.500000e-01 1.000000e-01
34741: 1.639344e+00 1.590164e+00 1.426230e+00 2.459016e-01 9.836066e-02
34741: 1.645161e+00 1.564516e+00 1.451613e+00 2.419355e-01 9.677419e-02
34741: 1.634921e+00 1.587302e+00 1.428571e+00 2.539683e-01 9.523810e-02
34741: 1.640625e+00 1.593750e+00 1.421875e+00 2.500000e-01 9.375000e-02
34741: 1.615385e+00 1.584615e+00 1.430769e+00 2.615385e-01 1.076923e-01
34741: 1.606061e+00 1.575758e+00 1.439394e+00 2.727273e-01 1.060606e-01
34741: 1.626866e+00 1.567164e+00 1.432836e+00 2.686567e-01 1.044776e-01
34741: 1.617647e+00 1.588235e+00 1.426471e+00 2.647059e-01 1.029412e-01
34741: 1.608696e+00 1.594203e+00 1.420290e+00 2.753623e-01 1.014493e-01
34741: 1.600000e+00 1.585714e+00 1.428571e+00 2.714286e-01 1.142857e-01
34741: 1.605634e+00 1.591549e+00 1.422535e+00 2.676056e-01 1.126761e-01
34741: 1.597222e+00 1.583333e+00 1.444444e+00 2.638889e-01 1.111111e-01
34741: 1.602740e+00 1.561644e+00 1.452055e+00 2.602740e-01 1.232877e-01
34741: 1.594595e+00 1.594595e+00 1.432432e+00 2.567568e-01 1.216216e-01
34741: 1.613333e+00 1.573333e+00 1.426667e+00 2.533333e-01 1.333333e-01
34741: 1.618421e+00 1.565789e+00 1.434211e+00 2.500000e-01 1.315789e-01
34741: 1.623377e+00 1.584416e+00 1.415584e+00 2.467532e-01 1.298701e-01
34741: 1.615385e+00 1.564103e+00 1.435897e+00 2.564103e-01 1.282051e-01
34741: 1.620253e+00 1.582278e+00 1.417722e+00 2.531646e-01 1.265823e-01
34741: 1.612500e+00 1.587500e+00 1.425000e+00 2.500000e-01 1.250000e-01
34741: 1.629630e+00 1.567901e+00 1.419753e+00 2.469136e-01 1.358025e-01
34741: 1.634146e+00 1.585366e+00 1.402439e+00 2.439024e-01 1.341463e-01
34741: 1.614458e+00 1.602410e+00 1.409639e+00 2.409639e-01 1.325301e-01
34741: 1.630952e+00 1.583333e+00 1.404762e+00 2.500000e-01 1.309524e-01
34741: 1.623529e+00 1.576471e+00 1.411765e+00 2.588235e-01 1.294118e-01
34741: 1.639535e+00 1.569767e+00 1.406977e+00 2.558140e-01 1.279070e-01
34741: 1.643678e+00 1.574713e+00 1.390805e+00 2.643678e-01 1.264368e-01
34741: 1.636364e+00 1.556818e+00 1.409091e+00 2.727273e-01 1.250000e-01
34741: 1.640449e+00 1.550562e+00 1.404494e+00 2.808989e-01 1.235955e-01
34741: 1.633333e+00 1.577778e+00 1.388889e+00 2.777778e-01 1.222222e-01
34741: 1.648352e+00 1.560440e+00 1.384615e+00 2.857143e-01 1.208791e-01
34741: 1.641304e+00 1.576087e+00 1.380435e+00 2.826087e-01 1.195652e-01
34741: 1.655914e+00 1.569892e+00 1.376344e+00 2.795699e-01 1.182796e-01
34741: 1.638298e+00 1.585106e+00 1.372340e+00 2.872340e-01 1.170213e-01
34741: 1.642105e+00 1.578947e+00 1.368421e+00 2.842105e-01 1.263158e-01
34741: 1.645833e+00 1.583333e+00 1.364583e+00 2.812500e-01 1.250000e-01
34741: 1.649485e+00 1.567010e+00 1.371134e+00 2.886598e-01 1.237113e-01
34741: 1.642857e+00 1.581633e+00 1.357143e+00 2.857143e-01 1.326531e-01
34741: 1.646465e+00 1.565657e+00 1.373737e+00 2.828283e-01 1.313131e-01
34741: 1.650000e+00 1.580000e+00 1.360000e+00 2.800000e-01 1.300000e-01
34741: 1.643564e+00 1.574257e+00 1.366337e+00 2.871287e-01 1.287129e-01
34741: 1.647059e+00 1.568627e+00 1.362745e+00 2.843137e-01 1.372549e-01
34741: 1.640777e+00 1.572816e+00 1.368932e+00 2.815534e-01 1.359223e-01
34741: 1.653846e+00 1.557692e+00 1.365385e+00 2.884615e-01 1.346154e-01
34741: 1.657143e+00 1.561905e+00 1.361905e+00 2.857143e-01 1.333333e-01
34741: 1.669811e+00 1.556604e+00 1.358491e+00 2.830189e-01 1.320755e-01
34741: 1.672897e+00 1.570093e+00 1.345794e+00 2.803738e-01 1.308411e-01
34741: 1.675926e+00 1.555556e+00 1.361111e+00 2.777778e-01 1.296296e-01
34741: 1.660550e+00 1.568807e+00 1.357798e+00 2.752294e-01 1.376147e-01
34741: 1.672727e+00 1.572727e+00 1.345455e+00 2.727273e-01 1.363636e-01
34741: 1.666667e+00 1.567568e+00 1.360360e+00 2.702703e-01 1.351351e-01
34741: 1.660714e+00 1.571429e+00 1.348214e+00 2.678571e-01 1.517857e-01
34741: 1.654867e+00 1.566372e+00 1.353982e+00 2.654867e-01 1.592920e-01
34741: 1.657895e+00 1.561404e+00 1.342105e+00 2.719298e-01 1.666667e-01
34741: 1.660870e+00 1.565217e+00 1.330435e+00 2.782609e-01 1.652174e-01
34741: 1.655172e+00 1.568966e+00 1.336207e+00 2.758621e-01 1.637931e-01
34741: 1.658120e+00 1.581197e+00 1.324786e+00 2.735043e-01 1.623932e-01
34741: 1.652542e+00 1.567797e+00 1.347458e+00 2.711864e-01 1.610169e-01
34741: 1.663866e+00 1.563025e+00 1.344538e+00 2.689076e-01 1.596639e-01
34741: 1.658333e+00 1.566667e+00 1.341667e+00 2.750000e-01 1.583333e-01
34741: 1.669421e+00 1.561983e+00 1.330579e+00 2.727273e-01 1.652893e-01
34741: 1.663934e+00 1.573770e+00 1.319672e+00 2.786885e-01 1.639344e-01
34741: 1.674797e+00 1.560976e+00 1.325203e+00 2.764228e-01 1.626016e-01
34741: 1.685484e+00 1.564516e+00 1.314516e+00 2.741935e-01 1.612903e-01
34741: 1.672000e+00 1.568000e+00 1.320000e+00 2.800000e-01 1.600000e-01
34741: 1.674603e+00 1.571429e+00 1.309524e+00 2.777778e-01 1.666667e-01
34741: 1.677165e+00 1.559055e+00 1.322835e+00 2.755906e-01 1.653543e-01
34741: 1.687500e+00 1.562500e+00 1.312500e+00 2.734375e-01 1.640625e-01
34741: 1.689922e+00 1.565891e+00 1.310078e+00 2.713178e-01 1.627907e-01
34741: 1.684615e+00 1.569231e+00 1.307692e+00 2.769231e-01 1.615385e-01
34741: 1.687023e+00 1.572519e+00 1.305344e+00 2.748092e-01 1.603053e-01
34741: 1.681818e+00 1.560606e+00 1.310606e+00 2.727273e-01 1.742424e-01
34741: 1.684211e+00 1.556391e+00 1.300752e+00 2.781955e-01 1.804511e-01
34741: 1.679104e+00 1.559701e+00 1.298507e+00 2.835821e-01 1.791045e-01
34741: 1.688889e+00 1.555556e+00 1.296296e+00 2.814815e-01 1.777778e-01
34741: 1.683824e+00 1.566176e+00 1.286765e+00 2.867647e-01 1.764706e-01
34741: 1.686131e+00 1.569343e+00 1.284672e+00 2.846715e-01 1.751825e-01
34741: 1.681159e+00 1.572464e+00 1.282609e+00 2.898551e-01 1.739130e-01
34741: 1.683453e+00 1.575540e+00 1.280576e+00 2.877698e-01 1.726619e-01
34741: 1.671429e+00 1.578571e+00 1.292857e+00 2.857143e-01 1.714286e-01
34741: 1.673759e+00 1.574468e+00 1.290780e+00 2.836879e-01 1.773050e-01
34741: 1.669014e+00 1.577465e+00 1.295775e+00 2.816901e-01 1.760563e-01
34741: 1.671329e+00 1.566434e+00 1.307692e+00 2.797203e-01 1.748252e-01
34741: 1.659722e+00 1.576389e+00 1.312500e+00 2.777778e-01 1.736111e-01
34741: 1.655172e+00 1.572414e+00 1.317241e+00 2.827586e-01 1.724138e-01
34741: 1.657534e+00 1.575342e+00 1.315068e+00 2.808219e-01 1.712329e-01
34741: 1.653061e+00 1.571429e+00 1.319728e+00 2.789116e-01 1.768707e-01
34741: 1.655405e+00 1.560811e+00 1.317568e+00 2.905405e-01 1.756757e-01
34741: 1.651007e+00 1.563758e+00 1.315436e+00 2.953020e-01 1.744966e-01
34741: 1.653333e+00 1.560000e+00 1.313333e+00 3.000000e-01 1.733333e-01
34741: 1.662252e+00 1.562914e+00 1.304636e+00 2.980132e-01 1.721854e-01
34741: 1.657895e+00 1.572368e+00 1.302632e+00 2.960526e-01 1.710526e-01
34741: 1.666667e+00 1.562092e+00 1.300654e+00 3.006536e-01 1.699346e-01
34741: 1.662338e+00 1.571429e+00 1.298701e+00 2.987013e-01 1.688312e-01
34741: 1.670968e+00 1.567742e+00 1.296774e+00 2.967742e-01 1.677419e-01
34741: 1.666667e+00 1.570513e+00 1.294872e+00 2.948718e-01 1.730769e-01
34741: 1.668790e+00 1.566879e+00 1.299363e+00 2.929936e-01 1.719745e-01
34741: 1.677215e+00 1.569620e+00 1.291139e+00 2.911392e-01 1.708861e-01
34741: 1.672956e+00 1.566038e+00 1.295597e+00 2.955975e-01 1.698113e-01
34741: 1.675000e+00 1.562500e+00 1.293750e+00 2.937500e-01 1.750000e-01
34741: 1.670807e+00 1.565217e+00 1.291925e+00 2.919255e-01 1.801242e-01
34741: 1.672840e+00 1.567901e+00 1.290123e+00 2.901235e-01 1.790123e-01
34741: 1.674847e+00 1.564417e+00 1.288344e+00 2.944785e-01 1.779141e-01
34741: 1.664634e+00 1.567073e+00 1.298780e+00 2.926829e-01 1.768293e-01
34741: 1.672727e+00 1.569697e+00 1.290909e+00 2.909091e-01 1.757576e-01
34741: 1.668675e+00 1.566265e+00 1.301205e+00 2.891566e-01 1.746988e-01
34741: 1.676647e+00 1.562874e+00 1.293413e+00 2.934132e-01 1.736527e-01
34741: 1.678571e+00 1.565476e+00 1.291667e+00 2.916667e-01 1.726190e-01
34741: 1.680473e+00 1.568047e+00 1.289941e+00 2.899408e-01 1.715976e-01
34741: 1.670588e+00 1.570588e+00 1.300000e+00 2.882353e-01 1.705882e-01
34741: 1.666667e+00 1.573099e+00 1.304094e+00 2.865497e-01 1.695906e-01
34741: 1.674419e+00 1.563953e+00 1.308140e+00 2.848837e-01 1.686047e-01
34741: 1.676301e+00 1.572254e+00 1.300578e+00 2.832370e-01 1.676301e-01
34741: 1.678161e+00 1.568966e+00 1.304598e+00 2.816092e-01 1.666667e-01
34741: 1.668571e+00 1.577143e+00 1.297143e+00 2.857143e-01 1.714286e-01
34741: 1.670455e+00 1.573864e+00 1.301136e+00 2.840909e-01 1.704545e-01
34741: 1.666667e+00 1.570621e+00 1.305085e+00 2.881356e-01 1.694915e-01
34741: 1.668539e+00 1.567416e+00 1.303371e+00 2.921348e-01 1.685393e-01
34741: 1.670391e+00 1.569832e+00 1.301676e+00 2.905028e-01 1.675978e-01
34741: 1.661111e+00 1.572222e+00 1.305556e+00 2.888889e-01 1.722222e-01
34741: 1.657459e+00 1.569061e+00 1.309392e+00 2.872928e-01 1.767956e-01
34741: 1.653846e+00 1.565934e+00 1.313187e+00 2.912088e-01 1.758242e-01
34741: 1.661202e+00 1.568306e+00 1.306011e+00 2.896175e-01 1.748634e-01
34741: 1.663043e+00 1.565217e+00 1.309783e+00 2.880435e-01 1.739130e-01
34741: 1.664865e+00 1.567568e+00 1.308108e+00 2.864865e-01 1.729730e-01
34741: 1.661290e+00 1.569892e+00 1.311828e+00 2.849462e-01 1.720430e-01
34741: 1.668449e+00 1.572193e+00 1.304813e+00 2.834225e-01 1.711230e-01
34741: 1.670213e+00 1.569149e+00 1.308511e+00 2.819149e-01 1.702128e-01
34741: 1.666667e+00 1.571429e+00 1.301587e+00 2.910053e-01 1.693122e-01
34741: 1.668421e+00 1.568421e+00 1.305263e+00 2.894737e-01 1.684211e-01
34741: 1.670157e+00 1.575916e+00 1.298429e+00 2.879581e-01 1.675393e-01
34741: 1.661458e+00 1.578125e+00 1.302083e+00 2.864583e-01 1.718750e-01
34741: 1.668394e+00 1.569948e+00 1.305699e+00 2.849741e-01 1.709845e-01
34741: 1.670103e+00 1.577320e+00 1.298969e+00 2.835052e-01 1.701031e-01
34741: 1.671795e+00 1.569231e+00 1.302564e+00 2.871795e-01 1.692308e-01
34741: 1.668367e+00 1.576531e+00 1.295918e+00 2.857143e-01 1.734694e-01
34741: 1.670051e+00 1.568528e+00 1.299492e+00 2.842640e-01 1.776650e-01
34741: 1.671717e+00 1.570707e+00 1.297980e+00 2.828283e-01 1.767677e-01
34741: 1.668342e+00 1.562814e+00 1.306533e+00 2.814070e-01 1.809045e-01
34741: 1.680000e+00 1.560000e+00 1.300000e+00 2.800000e-01 1.800000e-01
34741: 1.676617e+00 1.567164e+00 1.298507e+00 2.786070e-01 1.791045e-01
34741: 1.678218e+00 1.569307e+00 1.292079e+00 2.772277e-01 1.831683e-01
34741: 1.684729e+00 1.566502e+00 1.290640e+00 2.758621e-01 1.822660e-01
34741: 1.681373e+00 1.573529e+00 1.284314e+00 2.745098e-01 1.862745e-01
34741: 1.682927e+00 1.565854e+00 1.287805e+00 2.780488e-01 1.853659e-01
34741: 1.679612e+00 1.572816e+00 1.286408e+00 2.766990e-01 1.844660e-01
34741: 1.685990e+00 1.565217e+00 1.285024e+00 2.801932e-01 1.835749e-01
34741: 1.677885e+00 1.572115e+00 1.288462e+00 2.788462e-01 1.826923e-01
34741: 1.684211e+00 1.564593e+00 1.287081e+00 2.775120e-01 1.866029e-01
34741: 1.676190e+00 1.580952e+00 1.280952e+00 2.761905e-01 1.857143e-01
34741: 1.677725e+00 1.582938e+00 1.279621e+00 2.748815e-01 1.848341e-01
34741: 1.679245e+00 1.575472e+00 1.287736e+00 2.735849e-01 1.839623e-01
34741: 1.676056e+00 1.582160e+00 1.286385e+00 2.723005e-01 1.830986e-01
34741: 1.682243e+00 1.574766e+00 1.289720e+00 2.710280e-01 1.822430e-01
34741: 1.679070e+00 1.572093e+00 1.293023e+00 2.744186e-01 1.813953e-01
34741: 1.680556e+00 1.574074e+00 1.291667e+00 2.731481e-01 1.805556e-01
34741: 1.677419e+00 1.566820e+00 1.294931e+00 2.811060e-01 1.797235e-01
34741: 1.678899e+00 1.568807e+00 1.293578e+00 2.798165e-01 1.788991e-01
34741: 1.680365e+00 1.570776e+00 1.292237e+00 2.785388e-01 1.780822e-01
34741: 1.672727e+00 1.563636e+00 1.309091e+00 2.772727e-01 1.772727e-01
34741: 1.674208e+00 1.565611e+00 1.307692e+00 2.760181e-01 1.764706e-01
34741: 1.671171e+00 1.567568e+00 1.310811e+00 2.747748e-01 1.756757e-01
34741: 1.668161e+00 1.573991e+00 1.309417e+00 2.735426e-01 1.748879e-01
34741: 1.665179e+00 1.575893e+00 1.312500e+00 2.723214e-01 1.741071e-01
34741: 1.662222e+00 1.573333e+00 1.311111e+00 2.800000e-01 1.733333e-01
34741: 1.663717e+00 1.566372e+00 1.309735e+00 2.831858e-01 1.769912e-01
34741: 1.660793e+00 1.568282e+00 1.312775e+00 2.819383e-01 1.762115e-01
34741: 1.657895e+00 1.570175e+00 1.307018e+00 2.894737e-01 1.754386e-01
34741: 1.663755e+00 1.567686e+00 1.305677e+00 2.882096e-01 1.746725e-01
34741: 1.660870e+00 1.578261e+00 1.300000e+00 2.869565e-01 1.739130e-01
34741: 1.662338e+00 1.571429e+00 1.307359e+00 2.857143e-01 1.731602e-01
34741: 1.659483e+00 1.577586e+00 1.306034e+00 2.844828e-01 1.724138e-01
34741: 1.660944e+00 1.570815e+00 1.313305e+00 2.832618e-01 1.716738e-01
34741: 1.662393e+00 1.568376e+00 1.311966e+00 2.820513e-01 1.752137e-01
34741: 1.655319e+00 1.582979e+00 1.306383e+00 2.808511e-01 1.744681e-01
34741: 1.652542e+00 1.580508e+00 1.309322e+00 2.838983e-01 1.737288e-01
34741: 1.654008e+00 1.578059e+00 1.312236e+00 2.827004e-01 1.729958e-01
34741: 1.659664e+00 1.575630e+00 1.310924e+00 2.815126e-01 1.722689e-01
34741: 1.652720e+00 1.581590e+00 1.309623e+00 2.803347e-01 1.757322e-01
34741: 1.658333e+00 1.575000e+00 1.308333e+00 2.833333e-01 1.750000e-01
34741: 1.651452e+00 1.572614e+00 1.319502e+00 2.821577e-01 1.742739e-01
34741: 1.657025e+00 1.566116e+00 1.322314e+00 2.809917e-01 1.735537e-01
34741: 1.654321e+00 1.567901e+00 1.320988e+00 2.839506e-01 1.728395e-01
34741: 1.655738e+00 1.569672e+00 1.319672e+00 2.827869e-01 1.721311e-01
34741: 1.648980e+00 1.571429e+00 1.318367e+00 2.897959e-01 1.714286e-01
34741: 1.650407e+00 1.569106e+00 1.317073e+00 2.926829e-01 1.707317e-01
34741: 1.651822e+00 1.570850e+00 1.315789e+00 2.914980e-01 1.700405e-01
34741: 1.649194e+00 1.572581e+00 1.318548e+00 2.903226e-01 1.693548e-01
34741: 1.650602e+00 1.570281e+00 1.317269e+00 2.891566e-01 1.726908e-01
34741: 1.648000e+00 1.568000e+00 1.320000e+00 2.920000e-01 1.720000e-01
34741: 1.649402e+00 1.569721e+00 1.318725e+00 2.908367e-01 1.713147e-01
34741: 1.650794e+00 1.567460e+00 1.321429e+00 2.896825e-01 1.706349e-01
34741: 1.656126e+00 1.569170e+00 1.316206e+00 2.885375e-01 1.699605e-01
34741: 1.649606e+00 1.570866e+00 1.314961e+00 2.952756e-01 1.692913e-01
34741: 1.647059e+00 1.568627e+00 1.321569e+00 2.941176e-01 1.686275e-01
34741: 1.648438e+00 1.570312e+00 1.320312e+00 2.929688e-01 1.679688e-01
34741: 1.649805e+00 1.568093e+00 1.322957e+00 2.918288e-01 1.673152e-01
34741: 1.651163e+00 1.569767e+00 1.321705e+00 2.906977e-01 1.666667e-01
34741: 1.652510e+00 1.567568e+00 1.324324e+00 2.895753e-01 1.660232e-01
34741: 1.650000e+00 1.569231e+00 1.326923e+00 2.884615e-01 1.653846e-01
34741: 1.651341e+00 1.567050e+00 1.325670e+00 2.873563e-01 1.685824e-01
34741: 1.645038e+00 1.576336e+00 1.324427e+00 2.862595e-01 1.679389e-01
34741: 1.646388e+00 1.577947e+00 1.323194e+00 2.851711e-01 1.673004e-01
34741: 1.643939e+00 1.571970e+00 1.329545e+00 2.840909e-01 1.704545e-01
34741: 1.652830e+00 1.566038e+00 1.328302e+00 2.830189e-01 1.698113e-01
34741: 1.646617e+00 1.575188e+00 1.327068e+00 2.819549e-01 1.691729e-01
34741: 1.644195e+00 1.569288e+00 1.337079e+00 2.808989e-01 1.685393e-01
34741: 1.649254e+00 1.570896e+00 1.332090e+00 2.798507e-01 1.679104e-01
34741: 1.650558e+00 1.565056e+00 1.338290e+00 2.788104e-01 1.672862e-01
34741: 1.648148e+00 1.570370e+00 1.333333e+00 2.777778e-01 1.703704e-01
34741: 1.645756e+00 1.571956e+00 1.335793e+00 2.767528e-01 1.697417e-01
34741: 1.647059e+00 1.566176e+00 1.341912e+00 2.757353e-01 1.691176e-01
34741: 1.641026e+00 1.571429e+00 1.344322e+00 2.747253e-01 1.684982e-01
34741: 1.638686e+00 1.572993e+00 1.343066e+00 2.773723e-01 1.678832e-01
34741: 1.640000e+00 1.574545e+00 1.341818e+00 2.763636e-01 1.672727e-01
34741: 1.637681e+00 1.572464e+00 1.344203e+00 2.753623e-01 1.702899e-01
34741: 1.638989e+00 1.566787e+00 1.350181e+00 2.743682e-01 1.696751e-01
34741: 1.636691e+00 1.568345e+00 1.352518e+00 2.733813e-01 1.690647e-01
34741: 1.641577e+00 1.566308e+00 1.347670e+00 2.759857e-01 1.684588e-01
34741: 1.642857e+00 1.571429e+00 1.342857e+00 2.750000e-01 1.678571e-01
34741: 1.644128e+00 1.565836e+00 1.348754e+00 2.740214e-01 1.672598e-01
34741: 1.638298e+00 1.578014e+00 1.343972e+00 2.730496e-01 1.666667e-01
34741: 1.636042e+00 1.575972e+00 1.349823e+00 2.720848e-01 1.660777e-01
34741: 1.640845e+00 1.570423e+00 1.352113e+00 2.711268e-01 1.654930e-01
34741: 1.638596e+00 1.571930e+00 1.354386e+00 2.701754e-01 1.649123e-01
34741: 1.639860e+00 1.566434e+00 1.356643e+00 2.727273e-01 1.643357e-01
34741: 1.637631e+00 1.571429e+00 1.355401e+00 2.717770e-01 1.637631e-01
34741: 1.635417e+00 1.576389e+00 1.354167e+00 2.708333e-01 1.631944e-01
34741: 1.636678e+00 1.570934e+00 1.356401e+00 2.698962e-01 1.660900e-01
34741: 1.634483e+00 1.575862e+00 1.355172e+00 2.689655e-01 1.655172e-01
34741: 1.639175e+00 1.570447e+00 1.357388e+00 2.680412e-01 1.649485e-01
34741: 1.636986e+00 1.568493e+00 1.359589e+00 2.671233e-01 1.678082e-01
34741: 1.638225e+00 1.569966e+00 1.354949e+00 2.696246e-01 1.672355e-01
34741: 1.636054e+00 1.571429e+00 1.357143e+00 2.687075e-01 1.666667e-01
34741: 1.637288e+00 1.569492e+00 1.359322e+00 2.677966e-01 1.661017e-01
34741: 1.638514e+00 1.570946e+00 1.354730e+00 2.668919e-01 1.689189e-01
34741: 1.636364e+00 1.572391e+00 1.356902e+00 2.659933e-01 1.683502e-01
34741: 1.637584e+00 1.570470e+00 1.359060e+00 2.651007e-01 1.677852e-01
34741: 1.632107e+00 1.575251e+00 1.361204e+00 2.642140e-01 1.672241e-01
34741: 1.640000e+00 1.570000e+00 1.360000e+00 2.633333e-01 1.666667e-01
34741: 1.637874e+00 1.574751e+00 1.358804e+00 2.624585e-01 1.661130e-01
34741: 1.639073e+00 1.576159e+00 1.357616e+00 2.615894e-01 1.655629e-01
34741: 1.636964e+00 1.577558e+00 1.359736e+00 2.607261e-01 1.650165e-01
34741: 1.641447e+00 1.575658e+00 1.358553e+00 2.598684e-01 1.644737e-01
34741: 1.639344e+00 1.573770e+00 1.363934e+00 2.590164e-01 1.639344e-01
34741: 1.640523e+00 1.571895e+00 1.366013e+00 2.581699e-01 1.633987e-01
34741: 1.638436e+00 1.573290e+00 1.368078e+00 2.573290e-01 1.628664e-01
34741: 1.642857e+00 1.571429e+00 1.366883e+00 2.564935e-01 1.623377e-01
34741: 1.640777e+00 1.572816e+00 1.368932e+00 2.556634e-01 1.618123e-01
34741: 1.641935e+00 1.570968e+00 1.370968e+00 2.548387e-01 1.612903e-01
34741: 1.639871e+00 1.575563e+00 1.369775e+00 2.540193e-01 1.607717e-01
34741: 1.644231e+00 1.570513e+00 1.368590e+00 2.564103e-01 1.602564e-01
34741: 1.648562e+00 1.568690e+00 1.367412e+00 2.555911e-01 1.597444e-01
34741: 1.646497e+00 1.570064e+00 1.366242e+00 2.547771e-01 1.624204e-01
34741: 1.647619e+00 1.565079e+00 1.368254e+00 2.539683e-01 1.650794e-01
34741: 1.651899e+00 1.566456e+00 1.363924e+00 2.531646e-01 1.645570e-01
34741: 1.656151e+00 1.564669e+00 1.362776e+00 2.523659e-01 1.640379e-01
34741: 1.657233e+00 1.566038e+00 1.361635e+00 2.515723e-01 1.635220e-01
34741: 1.658307e+00 1.567398e+00 1.360502e+00 2.507837e-01 1.630094e-01
34741: 1.656250e+00 1.565625e+00 1.359375e+00 2.562500e-01 1.625000e-01
34741: 1.657321e+00 1.566978e+00 1.355140e+00 2.585670e-01 1.619938e-01
34741: 1.655280e+00 1.565217e+00 1.357143e+00 2.577640e-01 1.645963e-01
34741: 1.656347e+00 1.563467e+00 1.356037e+00 2.600619e-01 1.640867e-01
34741: 1.654321e+00 1.564815e+00 1.354938e+00 2.623457e-01 1.635802e-01
34741: 1.658462e+00 1.563077e+00 1.353846e+00 2.615385e-01 1.630769e-01
34741: 1.656442e+00 1.570552e+00 1.349693e+00 2.607362e-01 1.625767e-01
34741: 1.657492e+00 1.568807e+00 1.351682e+00 2.599388e-01 1.620795e-01
34741: 1.655488e+00 1.570122e+00 1.350610e+00 2.621951e-01 1.615854e-01
34741: 1.659574e+00 1.565350e+00 1.349544e+00 2.613982e-01 1.641337e-01
34741: 1.657576e+00 1.569697e+00 1.348485e+00 2.606061e-01 1.636364e-01
34741: 1.655589e+00 1.570997e+00 1.347432e+00 2.598187e-01 1.661631e-01
34741: 1.656627e+00 1.566265e+00 1.352410e+00 2.590361e-01 1.656627e-01
34741: 1.654655e+00 1.567568e+00 1.351351e+00 2.612613e-01 1.651652e-01
34741: 1.661677e+00 1.565868e+00 1.347305e+00 2.604790e-01 1.646707e-01
34741: 1.656716e+00 1.573134e+00 1.343284e+00 2.597015e-01 1.671642e-01
34741: 1.657738e+00 1.571429e+00 1.345238e+00 2.589286e-01 1.666667e-01
34741: 1.652819e+00 1.575668e+00 1.347181e+00 2.581602e-01 1.661721e-01
34741: 1.659763e+00 1.571006e+00 1.346154e+00 2.573964e-01 1.656805e-01
34741: 1.654867e+00 1.572271e+00 1.348083e+00 2.595870e-01 1.651917e-01
34741: 1.652941e+00 1.570588e+00 1.352941e+00 2.588235e-01 1.647059e-01
34741: 1.653959e+00 1.565982e+00 1.357771e+00 2.580645e-01 1.642229e-01
34741: 1.652047e+00 1.573099e+00 1.353801e+00 2.573099e-01 1.637427e-01
34741: 1.653061e+00 1.568513e+00 1.358601e+00 2.565598e-01 1.632653e-01
34741: 1.651163e+00 1.572674e+00 1.354651e+00 2.558140e-01 1.656977e-01
34741: 1.655072e+00 1.568116e+00 1.353623e+00 2.579710e-01 1.652174e-01
34741: 1.650289e+00 1.572254e+00 1.349711e+00 2.601156e-01 1.676301e-01
34741: 1.648415e+00 1.567723e+00 1.351585e+00 2.622478e-01 1.700288e-01
34741: 1.649425e+00 1.566092e+00 1.350575e+00 2.643678e-01 1.695402e-01
34741: 1.647564e+00 1.567335e+00 1.352436e+00 2.636103e-01 1.690544e-01
34741: 1.648571e+00 1.571429e+00 1.348571e+00 2.628571e-01 1.685714e-01
34741: 1.646724e+00 1.569801e+00 1.353276e+00 2.621083e-01 1.680912e-01
34741: 1.647727e+00 1.568182e+00 1.352273e+00 2.613636e-01 1.704545e-01
34741: 1.645892e+00 1.575071e+00 1.348442e+00 2.606232e-01 1.699717e-01
34741: 1.649718e+00 1.570621e+00 1.350282e+00 2.598870e-01 1.694915e-01
34741: 1.650704e+00 1.569014e+00 1.349296e+00 2.591549e-01 1.718310e-01
34741: 1.651685e+00 1.573034e+00 1.345506e+00 2.584270e-01 1.713483e-01
34741: 1.652661e+00 1.571429e+00 1.347339e+00 2.577031e-01 1.708683e-01
34741: 1.650838e+00 1.572626e+00 1.346369e+00 2.569832e-01 1.731844e-01
34741: 1.651811e+00 1.571031e+00 1.345404e+00 2.590529e-01 1.727019e-01
34741: 1.650000e+00 1.569444e+00 1.350000e+00 2.583333e-01 1.722222e-01
34741: 1.650970e+00 1.573407e+00 1.346260e+00 2.576177e-01 1.717452e-01
34741: 1.649171e+00 1.571823e+00 1.350829e+00 2.569061e-01 1.712707e-01
34741: 1.652893e+00 1.567493e+00 1.352617e+00 2.561983e-01 1.707989e-01
34741: 1.653846e+00 1.568681e+00 1.351648e+00 2.554945e-01 1.703297e-01
34741: 1.654795e+00 1.569863e+00 1.350685e+00 2.547945e-01 1.698630e-01
34741: 1.655738e+00 1.568306e+00 1.352459e+00 2.540984e-01 1.693989e-01
34741: 1.651226e+00 1.572207e+00 1.351499e+00 2.534060e-01 1.716621e-01
34741: 1.652174e+00 1.567935e+00 1.355978e+00 2.527174e-01 1.711957e-01
34741: 1.653117e+00 1.569106e+00 1.352304e+00 2.547425e-01 1.707317e-01
34741: 1.648649e+00 1.570270e+00 1.354054e+00 2.567568e-01 1.702703e-01
34741: 1.646900e+00 1.568733e+00 1.355795e+00 2.587601e-01 1.698113e-01
34741: 1.647849e+00 1.569892e+00 1.354839e+00 2.580645e-01 1.693548e-01
34741: 1.646113e+00 1.571046e+00 1.353887e+00 2.573727e-01 1.715818e-01
34741: 1.647059e+00 1.566845e+00 1.355615e+00 2.593583e-01 1.711230e-01
34741: 1.645333e+00 1.568000e+00 1.354667e+00 2.613333e-01 1.706667e-01
34741: 1.646277e+00 1.566489e+00 1.353723e+00 2.606383e-01 1.728723e-01
34741: 1.647215e+00 1.567639e+00 1.350133e+00 2.625995e-01 1.724138e-01
34741: 1.648148e+00 1.566138e+00 1.351852e+00 2.619048e-01 1.719577e-01
34741: 1.651715e+00 1.567282e+00 1.348285e+00 2.612137e-01 1.715040e-01
34741: 1.647368e+00 1.568421e+00 1.352632e+00 2.605263e-01 1.710526e-01
34741: 1.650919e+00 1.566929e+00 1.349081e+00 2.598425e-01 1.732283e-01
34741: 1.651832e+00 1.568063e+00 1.348168e+00 2.591623e-01 1.727749e-01
34741: 1.650131e+00 1.569191e+00 1.347258e+00 2.610966e-01 1.723238e-01
34741: 1.648438e+00 1.570312e+00 1.346354e+00 2.630208e-01 1.718750e-01
34741: 1.646753e+00 1.571429e+00 1.348052e+00 2.623377e-01 1.714286e-01
34741: 1.645078e+00 1.569948e+00 1.352332e+00 2.616580e-01 1.709845e-01
34741: 1.648579e+00 1.568475e+00 1.351421e+00 2.609819e-01 1.705426e-01
34741: 1.652062e+00 1.569588e+00 1.347938e+00 2.603093e-01 1.701031e-01
34741: 1.647815e+00 1.573265e+00 1.347044e+00 2.622108e-01 1.696658e-01
34741: 1.646154e+00 1.571795e+00 1.348718e+00 2.641026e-01 1.692308e-01
34741: 1.647059e+00 1.570332e+00 1.347826e+00 2.659847e-01 1.687980e-01
34741: 1.645408e+00 1.568878e+00 1.349490e+00 2.653061e-01 1.709184e-01
34741: 1.646310e+00 1.569975e+00 1.346056e+00 2.671756e-01 1.704835e-01
34741: 1.644670e+00 1.571066e+00 1.347716e+00 2.664975e-01 1.700508e-01
34741: 1.645570e+00 1.569620e+00 1.346835e+00 2.683544e-01 1.696203e-01
34741: 1.641414e+00 1.575758e+00 1.345960e+00 2.676768e-01 1.691919e-01
34741: 1.639798e+00 1.576826e+00 1.345088e+00 2.695214e-01 1.687657e-01
34741: 1.640704e+00 1.572864e+00 1.346734e+00 2.713568e-01 1.683417e-01
34741: 1.639098e+00 1.573935e+00 1.348371e+00 2.706767e-01 1.679198e-01
34741: 1.642500e+00 1.570000e+00 1.347500e+00 2.700000e-01 1.700000e-01
34741: 1.645885e+00 1.568579e+00 1.346633e+00 2.693267e-01 1.695761e-01
34741: 1.644279e+00 1.574627e+00 1.343284e+00 2.686567e-01 1.691542e-01
34741: 1.650124e+00 1.570720e+00 1.342432e+00 2.679901e-01 1.687345e-01
34741: 1.650990e+00 1.571782e+00 1.341584e+00 2.673267e-01 1.683168e-01
34741: 1.649383e+00 1.567901e+00 1.345679e+00 2.666667e-01 1.703704e-01
34741: 1.652709e+00 1.568966e+00 1.342365e+00 2.660099e-01 1.699507e-01
34741: 1.651106e+00 1.570025e+00 1.343980e+00 2.653563e-01 1.695332e-01
34741: 1.651961e+00 1.568627e+00 1.345588e+00 2.647059e-01 1.691176e-01
34741: 1.650367e+00 1.572127e+00 1.344743e+00 2.640587e-01 1.687042e-01
34741: 1.653659e+00 1.570732e+00 1.343902e+00 2.634146e-01 1.682927e-01
34741: 1.652068e+00 1.571776e+00 1.345499e+00 2.627737e-01 1.678832e-01
34741: 1.652913e+00 1.567961e+00 1.349515e+00 2.621359e-01 1.674757e-01
34741: 1.653753e+00 1.569007e+00 1.346247e+00 2.615012e-01 1.694915e-01
34741: 1.652174e+00 1.567633e+00 1.347826e+00 2.632850e-01 1.690821e-01
34741: 1.655422e+00 1.566265e+00 1.344578e+00 2.650602e-01 1.686747e-01
34741: 1.653846e+00 1.569712e+00 1.343750e+00 2.644231e-01 1.682692e-01
34741: 1.659472e+00 1.568345e+00 1.340528e+00 2.637890e-01 1.678657e-01
34741: 1.657895e+00 1.571770e+00 1.339713e+00 2.631579e-01 1.674641e-01
34741: 1.658711e+00 1.570406e+00 1.341289e+00 2.625298e-01 1.670644e-01
34741: 1.657143e+00 1.569048e+00 1.340476e+00 2.642857e-01 1.690476e-01
34741: 1.657957e+00 1.570071e+00 1.339667e+00 2.636580e-01 1.686461e-01
34741: 1.656398e+00 1.571090e+00 1.341232e+00 2.630332e-01 1.682464e-01
34741: 1.657210e+00 1.569740e+00 1.342790e+00 2.624113e-01 1.678487e-01
34741: 1.658019e+00 1.570755e+00 1.339623e+00 2.641509e-01 1.674528e-01
34741: 1.656471e+00 1.571765e+00 1.341176e+00 2.635294e-01 1.670588e-01
34741: 1.659624e+00 1.568075e+00 1.342723e+00 2.629108e-01 1.666667e-01
34741: 1.658080e+00 1.569087e+00 1.341920e+00 2.646370e-01 1.662763e-01
34741: 1.658879e+00 1.567757e+00 1.341121e+00 2.663551e-01 1.658879e-01
34741: 1.659674e+00 1.571096e+00 1.337995e+00 2.657343e-01 1.655012e-01
34741: 1.662791e+00 1.567442e+00 1.339535e+00 2.651163e-01 1.651163e-01
34741: 1.661253e+00 1.570766e+00 1.338747e+00 2.645012e-01 1.647332e-01
34741: 1.662037e+00 1.569444e+00 1.337963e+00 2.662037e-01 1.643519e-01
34741: 1.662818e+00 1.570439e+00 1.334873e+00 2.655889e-01 1.662818e-01
34741: 1.661290e+00 1.569124e+00 1.336406e+00 2.672811e-01 1.658986e-01
34741: 1.666667e+00 1.567816e+00 1.333333e+00 2.666667e-01 1.655172e-01
34741: 1.662844e+00 1.573394e+00 1.332569e+00 2.660550e-01 1.651376e-01
34741: 1.663616e+00 1.574371e+00 1.331808e+00 2.654462e-01 1.647597e-01
34741: 1.659817e+00 1.573059e+00 1.337900e+00 2.648402e-01 1.643836e-01
34741: 1.660592e+00 1.571754e+00 1.339408e+00 2.642369e-01 1.640091e-01
34741: 1.656818e+00 1.572727e+00 1.343182e+00 2.636364e-01 1.636364e-01
34741: 1.657596e+00 1.571429e+00 1.342404e+00 2.653061e-01 1.632653e-01
34741: 1.656109e+00 1.572398e+00 1.343891e+00 2.647059e-01 1.628959e-01
34741: 1.656885e+00 1.571106e+00 1.345372e+00 2.641084e-01 1.625282e-01
34741: 1.655405e+00 1.572072e+00 1.346847e+00 2.635135e-01 1.621622e-01
34741: 1.656180e+00 1.570787e+00 1.348315e+00 2.629213e-01 1.617978e-01
34741: 1.654709e+00 1.569507e+00 1.347534e+00 2.645740e-01 1.636771e-01
34741: 1.655481e+00 1.570470e+00 1.346756e+00 2.639821e-01 1.633110e-01
34741: 1.651786e+00 1.566964e+00 1.352679e+00 2.656250e-01 1.629464e-01
34741: 1.652561e+00 1.567929e+00 1.349666e+00 2.672606e-01 1.625835e-01
34741: 1.648889e+00 1.571111e+00 1.351111e+00 2.666667e-01 1.622222e-01
34741: 1.651885e+00 1.569845e+00 1.350333e+00 2.660754e-01 1.618625e-01
34741: 1.648230e+00 1.575221e+00 1.349558e+00 2.654867e-01 1.615044e-01
34741: 1.653422e+00 1.571744e+00 1.348786e+00 2.649007e-01 1.611479e-01
34741: 1.654185e+00 1.572687e+00 1.348018e+00 2.643172e-01 1.607930e-01
34741: 1.652747e+00 1.571429e+00 1.349451e+00 2.637363e-01 1.626374e-01
34741: 1.655702e+00 1.567982e+00 1.348684e+00 2.653509e-01 1.622807e-01
34741: 1.656455e+00 1.571116e+00 1.345733e+00 2.647702e-01 1.619256e-01
34741: 1.655022e+00 1.569869e+00 1.347162e+00 2.641921e-01 1.637555e-01
34741: 1.655773e+00 1.570806e+00 1.346405e+00 2.636166e-01 1.633987e-01
34741: 1.654348e+00 1.571739e+00 1.347826e+00 2.630435e-01 1.630435e-01
34741: 1.655098e+00 1.568330e+00 1.347072e+00 2.646421e-01 1.648590e-01
34741: 1.651515e+00 1.571429e+00 1.348485e+00 2.640693e-01 1.645022e-01
34741: 1.654428e+00 1.570194e+00 1.347732e+00 2.634989e-01 1.641469e-01
34741: 1.653017e+00 1.573276e+00 1.346983e+00 2.629310e-01 1.637931e-01
34741: 1.653763e+00 1.569892e+00 1.348387e+00 2.645161e-01 1.634409e-01
34741: 1.650215e+00 1.572961e+00 1.349785e+00 2.639485e-01 1.630901e-01
34741: 1.653105e+00 1.569593e+00 1.351178e+00 2.633833e-01 1.627409e-01
34741: 1.653846e+00 1.570513e+00 1.348291e+00 2.649573e-01 1.623932e-01
34741: 1.654584e+00 1.569296e+00 1.349680e+00 2.643923e-01 1.620469e-01
34741: 1.655319e+00 1.570213e+00 1.348936e+00 2.638298e-01 1.617021e-01
34741: 1.651805e+00 1.571125e+00 1.352442e+00 2.632696e-01 1.613588e-01
34741: 1.654661e+00 1.569915e+00 1.351695e+00 2.627119e-01 1.610169e-01
34741: 1.657505e+00 1.570825e+00 1.348837e+00 2.621564e-01 1.606765e-01
34741: 1.656118e+00 1.567511e+00 1.350211e+00 2.616034e-01 1.645570e-01
34741: 1.654737e+00 1.570526e+00 1.349474e+00 2.610526e-01 1.642105e-01
34741: 1.653361e+00 1.571429e+00 1.348739e+00 2.626050e-01 1.638655e-01
34741: 1.654088e+00 1.570231e+00 1.348008e+00 2.620545e-01 1.656184e-01
34741: 1.652720e+00 1.569038e+00 1.347280e+00 2.656904e-01 1.652720e-01
34741: 1.655532e+00 1.569937e+00 1.344468e+00 2.651357e-01 1.649269e-01
34741: 1.652083e+00 1.570833e+00 1.343750e+00 2.687500e-01 1.645833e-01
34741: 1.652807e+00 1.569647e+00 1.345114e+00 2.681913e-01 1.642412e-01
34741: 1.655602e+00 1.570539e+00 1.342324e+00 2.676349e-01 1.639004e-01
34741: 1.654244e+00 1.571429e+00 1.343685e+00 2.670807e-01 1.635611e-01
34741: 1.652893e+00 1.570248e+00 1.345041e+00 2.685950e-01 1.632231e-01
34741: 1.655670e+00 1.567010e+00 1.346392e+00 2.680412e-01 1.628866e-01
34741: 1.654321e+00 1.569959e+00 1.345679e+00 2.674897e-01 1.625514e-01
34741: 1.655031e+00 1.568789e+00 1.347023e+00 2.669405e-01 1.622177e-01
34741: 1.653689e+00 1.573770e+00 1.344262e+00 2.663934e-01 1.618852e-01
34741: 1.654397e+00 1.574642e+00 1.343558e+00 2.658487e-01 1.615542e-01
34741: 1.653061e+00 1.571429e+00 1.344898e+00 2.673469e-01 1.632653e-01
34741: 1.653768e+00 1.572301e+00 1.344196e+00 2.668024e-01 1.629328e-01
34741: 1.652439e+00 1.569106e+00 1.349593e+00 2.662602e-01 1.626016e-01
34741: 1.651116e+00 1.569980e+00 1.348884e+00 2.677485e-01 1.622718e-01
34741: 1.653846e+00 1.568826e+00 1.346154e+00 2.672065e-01 1.639676e-01
34741: 1.650505e+00 1.573737e+00 1.343434e+00 2.666667e-01 1.656566e-01
34741: 1.651210e+00 1.572581e+00 1.344758e+00 2.661290e-01 1.653226e-01
34741: 1.651911e+00 1.573441e+00 1.344064e+00 2.655936e-01 1.649899e-01
34741: 1.650602e+00 1.570281e+00 1.345382e+00 2.690763e-01 1.646586e-01
34741: 1.651303e+00 1.569138e+00 1.346693e+00 2.685371e-01 1.643287e-01
34741: 1.648000e+00 1.570000e+00 1.350000e+00 2.680000e-01 1.640000e-01
34741: 1.648703e+00 1.570858e+00 1.349301e+00 2.674651e-01 1.636727e-01
34741: 1.651394e+00 1.567729e+00 1.350598e+00 2.669323e-01 1.633466e-01
34741: 1.650099e+00 1.570577e+00 1.349901e+00 2.664016e-01 1.630219e-01
34741: 1.650794e+00 1.567460e+00 1.349206e+00 2.678571e-01 1.646825e-01
34741: 1.647525e+00 1.570297e+00 1.348515e+00 2.693069e-01 1.643564e-01
34741: 1.650198e+00 1.567194e+00 1.349802e+00 2.687747e-01 1.640316e-01
34741: 1.648915e+00 1.570020e+00 1.349112e+00 2.682446e-01 1.637081e-01
34741: 1.649606e+00 1.570866e+00 1.348425e+00 2.677165e-01 1.633858e-01
34741: 1.650295e+00 1.569745e+00 1.349705e+00 2.671906e-01 1.630648e-01
34741: 1.649020e+00 1.572549e+00 1.349020e+00 2.666667e-01 1.627451e-01
34741: 1.651663e+00 1.571429e+00 1.348337e+00 2.661448e-01 1.624266e-01
34741: 1.650391e+00 1.572266e+00 1.349609e+00 2.656250e-01 1.621094e-01
34741: 1.653021e+00 1.569201e+00 1.350877e+00 2.651072e-01 1.617934e-01
34741: 1.653696e+00 1.570039e+00 1.348249e+00 2.645914e-01 1.634241e-01
34741: 1.654369e+00 1.566990e+00 1.349515e+00 2.640777e-01 1.650485e-01
34741: 1.653101e+00 1.571705e+00 1.346899e+00 2.635659e-01 1.647287e-01
34741: 1.653772e+00 1.568665e+00 1.346228e+00 2.669246e-01 1.644101e-01
34741: 1.652510e+00 1.571429e+00 1.345560e+00 2.664093e-01 1.640927e-01
34741: 1.655106e+00 1.568401e+00 1.346821e+00 2.658960e-01 1.637765e-01
34741: 1.655769e+00 1.569231e+00 1.346154e+00 2.653846e-01 1.634615e-01
34741: 1.654511e+00 1.570058e+00 1.347409e+00 2.648752e-01 1.631478e-01
34741: 1.653257e+00 1.567050e+00 1.352490e+00 2.643678e-01 1.628352e-01
34741: 1.655832e+00 1.567878e+00 1.349904e+00 2.638623e-01 1.625239e-01
34741: 1.652672e+00 1.566794e+00 1.353053e+00 2.633588e-01 1.641221e-01
34741: 1.653333e+00 1.569524e+00 1.350476e+00 2.628571e-01 1.638095e-01
34741: 1.652091e+00 1.572243e+00 1.349810e+00 2.623574e-01 1.634981e-01
34741: 1.652751e+00 1.569260e+00 1.351044e+00 2.618596e-01 1.650854e-01
34741: 1.649621e+00 1.571970e+00 1.350379e+00 2.632576e-01 1.647727e-01
34741: 1.652174e+00 1.568998e+00 1.351607e+00 2.627599e-01 1.644612e-01
34741: 1.650943e+00 1.571698e+00 1.350943e+00 2.622642e-01 1.641509e-01
34741: 1.651601e+00 1.572505e+00 1.350282e+00 2.617702e-01 1.638418e-01
34741: 1.648496e+00 1.573308e+00 1.353383e+00 2.612782e-01 1.635338e-01
34741: 1.649156e+00 1.572233e+00 1.354597e+00 2.607880e-01 1.632270e-01
34741: 1.647940e+00 1.573034e+00 1.355805e+00 2.602996e-01 1.629213e-01
34741: 1.652336e+00 1.570093e+00 1.355140e+00 2.598131e-01 1.626168e-01
34741: 1.651119e+00 1.570896e+00 1.356343e+00 2.593284e-01 1.623134e-01
34741: 1.649907e+00 1.569832e+00 1.359404e+00 2.588454e-01 1.620112e-01
34741: 1.650558e+00 1.568773e+00 1.358736e+00 2.602230e-01 1.617100e-01
34741: 1.649351e+00 1.569573e+00 1.359926e+00 2.597403e-01 1.614100e-01
34741: 1.648148e+00 1.572222e+00 1.357407e+00 2.611111e-01 1.611111e-01
34741: 1.648799e+00 1.573013e+00 1.356747e+00 2.606285e-01 1.608133e-01
34741: 1.647601e+00 1.570111e+00 1.361624e+00 2.601476e-01 1.605166e-01
34741: 1.650092e+00 1.569061e+00 1.360958e+00 2.596685e-01 1.602210e-01
34741: 1.650735e+00 1.571691e+00 1.358456e+00 2.591912e-01 1.599265e-01
34741: 1.651376e+00 1.568807e+00 1.361468e+00 2.587156e-01 1.596330e-01
34741: 1.650183e+00 1.571429e+00 1.360806e+00 2.582418e-01 1.593407e-01
34741: 1.652651e+00 1.568556e+00 1.361974e+00 2.577697e-01 1.590494e-01
34741: 1.651460e+00 1.571168e+00 1.359489e+00 2.591241e-01 1.587591e-01
34741: 1.653916e+00 1.568306e+00 1.358834e+00 2.604736e-01 1.584699e-01
34741: 1.652727e+00 1.570909e+00 1.356364e+00 2.600000e-01 1.600000e-01
34741: 1.651543e+00 1.568058e+00 1.359347e+00 2.595281e-01 1.615245e-01
34741: 1.650362e+00 1.570652e+00 1.356884e+00 2.608696e-01 1.612319e-01
34741: 1.650995e+00 1.571429e+00 1.356239e+00 2.603978e-01 1.609403e-01
34741: 1.651625e+00 1.568592e+00 1.357401e+00 2.617329e-01 1.606498e-01
34741: 1.648649e+00 1.571171e+00 1.358559e+00 2.612613e-01 1.603604e-01
34741: 1.649281e+00 1.571942e+00 1.357914e+00 2.607914e-01 1.600719e-01
34741: 1.648115e+00 1.569120e+00 1.362657e+00 2.603232e-01 1.597846e-01
34741: 1.648746e+00 1.569892e+00 1.362007e+00 2.598566e-01 1.594982e-01
34741: 1.649374e+00 1.570662e+00 1.361360e+00 2.593918e-01 1.592129e-01
34741: 1.648214e+00 1.567857e+00 1.364286e+00 2.607143e-01 1.589286e-01
34741: 1.650624e+00 1.566845e+00 1.363636e+00 2.602496e-01 1.586453e-01
34741: 1.651246e+00 1.567616e+00 1.362989e+00 2.597865e-01 1.583630e-01
34741: 1.650089e+00 1.570160e+00 1.362345e+00 2.593250e-01 1.580817e-01
34741: 1.648936e+00 1.570922e+00 1.363475e+00 2.588652e-01 1.578014e-01
34741: 1.649558e+00 1.569912e+00 1.362832e+00 2.601770e-01 1.575221e-01
34741: 1.648410e+00 1.574205e+00 1.360424e+00 2.597173e-01 1.572438e-01
34741: 1.649030e+00 1.573192e+00 1.359788e+00 2.610229e-01 1.569665e-01
34741: 1.649648e+00 1.572183e+00 1.359155e+00 2.605634e-01 1.584507e-01
34741: 1.648506e+00 1.574692e+00 1.358524e+00 2.601054e-01 1.581722e-01
34741: 1.647368e+00 1.575439e+00 1.357895e+00 2.596491e-01 1.596491e-01
34741: 1.649737e+00 1.574431e+00 1.357268e+00 2.591944e-01 1.593695e-01
34741: 1.650350e+00 1.573427e+00 1.358392e+00 2.587413e-01 1.590909e-01
34741: 1.649215e+00 1.575916e+00 1.357766e+00 2.582897e-01 1.588133e-01
34741: 1.649826e+00 1.573171e+00 1.358885e+00 2.578397e-01 1.602787e-01
34741: 1.650435e+00 1.572174e+00 1.360000e+00 2.573913e-01 1.600000e-01
34741: 1.651042e+00 1.571181e+00 1.361111e+00 2.569444e-01 1.597222e-01
34741: 1.651646e+00 1.570191e+00 1.360485e+00 2.564991e-01 1.611785e-01
34741: 1.650519e+00 1.572664e+00 1.359862e+00 2.560554e-01 1.608997e-01
34741: 1.651123e+00 1.571675e+00 1.359240e+00 2.556131e-01 1.623489e-01
34741: 1.650000e+00 1.572414e+00 1.360345e+00 2.551724e-01 1.620690e-01
34741: 1.650602e+00 1.571429e+00 1.361446e+00 2.547332e-01 1.617900e-01
34741: 1.649485e+00 1.570447e+00 1.362543e+00 2.560137e-01 1.615120e-01
34741: 1.650086e+00 1.569468e+00 1.361921e+00 2.572899e-01 1.612350e-01
34741: 1.648973e+00 1.571918e+00 1.359589e+00 2.585616e-01 1.609589e-01
34741: 1.652991e+00 1.569231e+00 1.358974e+00 2.581197e-01 1.606838e-01
34741: 1.653584e+00 1.569966e+00 1.356655e+00 2.576792e-01 1.621160e-01
34741: 1.652470e+00 1.570698e+00 1.357751e+00 2.572402e-01 1.618399e-01
34741: 1.653061e+00 1.568027e+00 1.360544e+00 2.568027e-01 1.615646e-01
34741: 1.651952e+00 1.568761e+00 1.358234e+00 2.597623e-01 1.612903e-01
34741: 1.652542e+00 1.569492e+00 1.357627e+00 2.593220e-01 1.610169e-01
34741: 1.653130e+00 1.570220e+00 1.357022e+00 2.588832e-01 1.607445e-01
34741: 1.653716e+00 1.569257e+00 1.358108e+00 2.584459e-01 1.604730e-01
34741: 1.650927e+00 1.573356e+00 1.357504e+00 2.580101e-01 1.602024e-01
34741: 1.653199e+00 1.570707e+00 1.356902e+00 2.592593e-01 1.599327e-01
34741: 1.652101e+00 1.573109e+00 1.356303e+00 2.588235e-01 1.596639e-01
34741: 1.651007e+00 1.572148e+00 1.359060e+00 2.583893e-01 1.593960e-01
34741: 1.651591e+00 1.572864e+00 1.358459e+00 2.579564e-01 1.591290e-01
34741: 1.650502e+00 1.571906e+00 1.361204e+00 2.575251e-01 1.588629e-01
34741: 1.651085e+00 1.569282e+00 1.360601e+00 2.604341e-01 1.585977e-01
34741: 1.651667e+00 1.571667e+00 1.358333e+00 2.600000e-01 1.583333e-01
34741: 1.652246e+00 1.570715e+00 1.359401e+00 2.595674e-01 1.580699e-01
34741: 1.652824e+00 1.569767e+00 1.360465e+00 2.591362e-01 1.578073e-01
34741: 1.653400e+00 1.572139e+00 1.358209e+00 2.587065e-01 1.575456e-01
34741: 1.653974e+00 1.569536e+00 1.359272e+00 2.599338e-01 1.572848e-01
34741: 1.654545e+00 1.571901e+00 1.357025e+00 2.595041e-01 1.570248e-01
34741: 1.655116e+00 1.569307e+00 1.359736e+00 2.590759e-01 1.567657e-01
34741: 1.654036e+00 1.570016e+00 1.359143e+00 2.602965e-01 1.565074e-01
34741: 1.654605e+00 1.567434e+00 1.360197e+00 2.598684e-01 1.578947e-01
34741: 1.653530e+00 1.569787e+00 1.359606e+00 2.594417e-01 1.576355e-01
34741: 1.655738e+00 1.570492e+00 1.357377e+00 2.590164e-01 1.573770e-01
34741: 1.654664e+00 1.569558e+00 1.358429e+00 2.585925e-01 1.587561e-01
34741: 1.658497e+00 1.568627e+00 1.356209e+00 2.581699e-01 1.584967e-01
34741: 1.659054e+00 1.570962e+00 1.353997e+00 2.577488e-01 1.582382e-01
34741: 1.657980e+00 1.570033e+00 1.355049e+00 2.589577e-01 1.579805e-01
34741: 1.658537e+00 1.570732e+00 1.354472e+00 2.585366e-01 1.577236e-01
34741: 1.655844e+00 1.569805e+00 1.357143e+00 2.597403e-01 1.574675e-01
34741: 1.654781e+00 1.570502e+00 1.358185e+00 2.593193e-01 1.572123e-01
34741: 1.653722e+00 1.572816e+00 1.357605e+00 2.588997e-01 1.569579e-01
34741: 1.654281e+00 1.573506e+00 1.357027e+00 2.584814e-01 1.567044e-01
34741: 1.653226e+00 1.572581e+00 1.358065e+00 2.580645e-01 1.580645e-01
34741: 1.653784e+00 1.571659e+00 1.359098e+00 2.576490e-01 1.578100e-01
34741: 1.654341e+00 1.572347e+00 1.358521e+00 2.572347e-01 1.575563e-01
34741: 1.653291e+00 1.573034e+00 1.359551e+00 2.568218e-01 1.573034e-01
34741: 1.657051e+00 1.570513e+00 1.358974e+00 2.564103e-01 1.570513e-01
34741: 1.656000e+00 1.569600e+00 1.360000e+00 2.576000e-01 1.568000e-01
34741: 1.658147e+00 1.570288e+00 1.357827e+00 2.571885e-01 1.565495e-01
34741: 1.658692e+00 1.567783e+00 1.360447e+00 2.567783e-01 1.562998e-01
34741: 1.657643e+00 1.570064e+00 1.358280e+00 2.563694e-01 1.576433e-01
34741: 1.656598e+00 1.570747e+00 1.357711e+00 2.575517e-01 1.573927e-01
34741: 1.658730e+00 1.568254e+00 1.358730e+00 2.571429e-01 1.571429e-01
34741: 1.657686e+00 1.570523e+00 1.356577e+00 2.583201e-01 1.568938e-01
34741: 1.656646e+00 1.569620e+00 1.359177e+00 2.579114e-01 1.566456e-01
34741: 1.657188e+00 1.570300e+00 1.357030e+00 2.590837e-01 1.563981e-01
34741: 1.656151e+00 1.567823e+00 1.358044e+00 2.618297e-01 1.561514e-01
34741: 1.658268e+00 1.566929e+00 1.357480e+00 2.614173e-01 1.559055e-01
34741: 1.657233e+00 1.569182e+00 1.355346e+00 2.625786e-01 1.556604e-01
34741: 1.657771e+00 1.569859e+00 1.354788e+00 2.621664e-01 1.554160e-01
34741: 1.658307e+00 1.568966e+00 1.355799e+00 2.617555e-01 1.551724e-01
34741: 1.657277e+00 1.571205e+00 1.355243e+00 2.613459e-01 1.549296e-01
34741: 1.657812e+00 1.570312e+00 1.354688e+00 2.609375e-01 1.562500e-01
34741: 1.655226e+00 1.574103e+00 1.354134e+00 2.605304e-01 1.560062e-01
34741: 1.655763e+00 1.573209e+00 1.355140e+00 2.601246e-01 1.557632e-01
34741: 1.656299e+00 1.573872e+00 1.354588e+00 2.597201e-01 1.555210e-01
34741: 1.653727e+00 1.572981e+00 1.358696e+00 2.593168e-01 1.552795e-01
34741: 1.654264e+00 1.573643e+00 1.358140e+00 2.589147e-01 1.550388e-01
34741: 1.654799e+00 1.571207e+00 1.359133e+00 2.585139e-01 1.563467e-01
34741: 1.655332e+00 1.570325e+00 1.358578e+00 2.581144e-01 1.576507e-01
34741: 1.654321e+00 1.569444e+00 1.359568e+00 2.592593e-01 1.574074e-01
34741: 1.654854e+00 1.571649e+00 1.357473e+00 2.588598e-01 1.571649e-01
34741: 1.652308e+00 1.570769e+00 1.358462e+00 2.615385e-01 1.569231e-01
34741: 1.652842e+00 1.568356e+00 1.359447e+00 2.626728e-01 1.566820e-01
34741: 1.653374e+00 1.570552e+00 1.357362e+00 2.622699e-01 1.564417e-01
34741: 1.653905e+00 1.568147e+00 1.359877e+00 2.618683e-01 1.562021e-01
34741: 1.654434e+00 1.570336e+00 1.357798e+00 2.614679e-01 1.559633e-01
34741: 1.654962e+00 1.567939e+00 1.360305e+00 2.610687e-01 1.557252e-01
34741: 1.653963e+00 1.571646e+00 1.358232e+00 2.606707e-01 1.554878e-01
34741: 1.654490e+00 1.572298e+00 1.357686e+00 2.602740e-01 1.552511e-01
34741: 1.655015e+00 1.569909e+00 1.358663e+00 2.598784e-01 1.565350e-01
34741: 1.655539e+00 1.570561e+00 1.358118e+00 2.594841e-01 1.562974e-01
34741: 1.654545e+00 1.569697e+00 1.359091e+00 2.606061e-01 1.560606e-01
34741: 1.655068e+00 1.568835e+00 1.358548e+00 2.617247e-01 1.558245e-01
34741: 1.655589e+00 1.569486e+00 1.356495e+00 2.628399e-01 1.555891e-01
34741: 1.653092e+00 1.571644e+00 1.357466e+00 2.624434e-01 1.553544e-01
34741: 1.653614e+00 1.572289e+00 1.356928e+00 2.620482e-01 1.551205e-01
34741: 1.651128e+00 1.571429e+00 1.359398e+00 2.631579e-01 1.548872e-01
34741: 1.650150e+00 1.570571e+00 1.360360e+00 2.627628e-01 1.561562e-01
34741: 1.652174e+00 1.569715e+00 1.359820e+00 2.623688e-01 1.559220e-01
34741: 1.649701e+00 1.571856e+00 1.360778e+00 2.619760e-01 1.556886e-01
34741: 1.651719e+00 1.569507e+00 1.360239e+00 2.630792e-01 1.554559e-01
34741: 1.652239e+00 1.570149e+00 1.359701e+00 2.626866e-01 1.552239e-01
34741: 1.651267e+00 1.570790e+00 1.360656e+00 2.622951e-01 1.549925e-01
34741: 1.651786e+00 1.569940e+00 1.361607e+00 2.619048e-01 1.547619e-01
34741: 1.652303e+00 1.570579e+00 1.361070e+00 2.615156e-01 1.545319e-01
34741: 1.651335e+00 1.571217e+00 1.362018e+00 2.611276e-01 1.543027e-01
34741: 1.650370e+00 1.573333e+00 1.361481e+00 2.607407e-01 1.540741e-01
34741: 1.652367e+00 1.572485e+00 1.360947e+00 2.603550e-01 1.538462e-01
34741: 1.651403e+00 1.573117e+00 1.360414e+00 2.599705e-01 1.550960e-01
34741: 1.650442e+00 1.572271e+00 1.361357e+00 2.610619e-01 1.548673e-01
34741: 1.650957e+00 1.571429e+00 1.360825e+00 2.621502e-01 1.546392e-01
34741: 1.648529e+00 1.572059e+00 1.361765e+00 2.632353e-01 1.544118e-01
34741: 1.649046e+00 1.572687e+00 1.361233e+00 2.628488e-01 1.541850e-01
34741: 1.649560e+00 1.570381e+00 1.363636e+00 2.624633e-01 1.539589e-01
34741: 1.651537e+00 1.569546e+00 1.363104e+00 2.620791e-01 1.537335e-01
34741: 1.649123e+00 1.571637e+00 1.361111e+00 2.646199e-01 1.535088e-01
34741: 1.649635e+00 1.572263e+00 1.360584e+00 2.642336e-01 1.532847e-01
34741: 1.648688e+00 1.571429e+00 1.362974e+00 2.638484e-01 1.530612e-01
34741: 1.649199e+00 1.569141e+00 1.363901e+00 2.649199e-01 1.528384e-01
34741: 1.646802e+00 1.574128e+00 1.361919e+00 2.645349e-01 1.526163e-01
34741: 1.648766e+00 1.573295e+00 1.361393e+00 2.641509e-01 1.523948e-01
34741: 1.647826e+00 1.572464e+00 1.362319e+00 2.652174e-01 1.521739e-01
34741: 1.648336e+00 1.571635e+00 1.363242e+00 2.648336e-01 1.519537e-01
34741: 1.647399e+00 1.572254e+00 1.364162e+00 2.644509e-01 1.517341e-01
34741: 1.647908e+00 1.569986e+00 1.365079e+00 2.640693e-01 1.529582e-01
34741: 1.646974e+00 1.572046e+00 1.363112e+00 2.636888e-01 1.541787e-01
34741: 1.647482e+00 1.571223e+00 1.364029e+00 2.633094e-01 1.539568e-01
34741: 1.645115e+00 1.573276e+00 1.364943e+00 2.629310e-01 1.537356e-01
34741: 1.648494e+00 1.571019e+00 1.364419e+00 2.625538e-01 1.535151e-01
34741: 1.647564e+00 1.573066e+00 1.363897e+00 2.621777e-01 1.532951e-01
34741: 1.648069e+00 1.570815e+00 1.364807e+00 2.632332e-01 1.530758e-01
34741: 1.648571e+00 1.570000e+00 1.365714e+00 2.628571e-01 1.528571e-01
34741: 1.646220e+00 1.569187e+00 1.368046e+00 2.639087e-01 1.526391e-01
34741: 1.648148e+00 1.568376e+00 1.367521e+00 2.635328e-01 1.524217e-01
34741: 1.648649e+00 1.570413e+00 1.365576e+00 2.631579e-01 1.522048e-01
34741: 1.647727e+00 1.568182e+00 1.366477e+00 2.642045e-01 1.534091e-01
34741: 1.646809e+00 1.568794e+00 1.365957e+00 2.652482e-01 1.531915e-01
34741: 1.647309e+00 1.569405e+00 1.364023e+00 2.662890e-01 1.529745e-01
34741: 1.646393e+00 1.568600e+00 1.364922e+00 2.673267e-01 1.527581e-01
34741: 1.648305e+00 1.567797e+00 1.364407e+00 2.669492e-01 1.525424e-01
34741: 1.645980e+00 1.569817e+00 1.362482e+00 2.693935e-01 1.523272e-01
34741: 1.646479e+00 1.570423e+00 1.360563e+00 2.690141e-01 1.535211e-01
34741: 1.645570e+00 1.568214e+00 1.364276e+00 2.686357e-01 1.533052e-01
34741: 1.644663e+00 1.568820e+00 1.365169e+00 2.682584e-01 1.530899e-01
34741: 1.647966e+00 1.568022e+00 1.363254e+00 2.678822e-01 1.528752e-01
34741: 1.648459e+00 1.570028e+00 1.361345e+00 2.675070e-01 1.526611e-01
34741: 1.648951e+00 1.567832e+00 1.362238e+00 2.685315e-01 1.524476e-01
34741: 1.646648e+00 1.571229e+00 1.361732e+00 2.681564e-01 1.522346e-01
34741: 1.648536e+00 1.569038e+00 1.361227e+00 2.691771e-01 1.520223e-01
34741: 1.647632e+00 1.569638e+00 1.360724e+00 2.701950e-01 1.518106e-01
34741: 1.648122e+00 1.568846e+00 1.360223e+00 2.712100e-01 1.515994e-01
34741: 1.648611e+00 1.569444e+00 1.359722e+00 2.708333e-01 1.513889e-01
34741: 1.649098e+00 1.568655e+00 1.360610e+00 2.704577e-01 1.511789e-01
34741: 1.649584e+00 1.570637e+00 1.358726e+00 2.700831e-01 1.509695e-01
34741: 1.651452e+00 1.568465e+00 1.359613e+00 2.697095e-01 1.507607e-01
34741: 1.650552e+00 1.569061e+00 1.360497e+00 2.693370e-01 1.505525e-01
34741: 1.652414e+00 1.568276e+00 1.358621e+00 2.703448e-01 1.503448e-01
34741: 1.651515e+00 1.570248e+00 1.358127e+00 2.699725e-01 1.501377e-01
34741: 1.650619e+00 1.569464e+00 1.360385e+00 2.696011e-01 1.499312e-01
34741: 1.649725e+00 1.570055e+00 1.361264e+00 2.692308e-01 1.497253e-01
34741: 1.648834e+00 1.572016e+00 1.360768e+00 2.688615e-01 1.495199e-01
34741: 1.649315e+00 1.572603e+00 1.360274e+00 2.684932e-01 1.493151e-01
34741: 1.647059e+00 1.574555e+00 1.361149e+00 2.681259e-01 1.491108e-01
34741: 1.646175e+00 1.573770e+00 1.362022e+00 2.691257e-01 1.489071e-01
34741: 1.646658e+00 1.572988e+00 1.362892e+00 2.687585e-01 1.487040e-01
34741: 1.647139e+00 1.572207e+00 1.362398e+00 2.683924e-01 1.498638e-01
34741: 1.646259e+00 1.571429e+00 1.364626e+00 2.680272e-01 1.496599e-01
34741: 1.648098e+00 1.569293e+00 1.364130e+00 2.690217e-01 1.494565e-01
34741: 1.647218e+00 1.569878e+00 1.363636e+00 2.686567e-01 1.506106e-01
34741: 1.647696e+00 1.569106e+00 1.363144e+00 2.696477e-01 1.504065e-01
34741: 1.645467e+00 1.571042e+00 1.364005e+00 2.692828e-01 1.502030e-01
34741: 1.644595e+00 1.571622e+00 1.364865e+00 2.689189e-01 1.500000e-01
34741: 1.645074e+00 1.570850e+00 1.365722e+00 2.685560e-01 1.497976e-01
34741: 1.646900e+00 1.570081e+00 1.365229e+00 2.681941e-01 1.495957e-01
34741: 1.647376e+00 1.569314e+00 1.366083e+00 2.678331e-01 1.493943e-01
34741: 1.649194e+00 1.569892e+00 1.364247e+00 2.674731e-01 1.491935e-01
34741: 1.648322e+00 1.569128e+00 1.366443e+00 2.671141e-01 1.489933e-01
34741: 1.650134e+00 1.569705e+00 1.364611e+00 2.667560e-01 1.487936e-01
34741: 1.650602e+00 1.568942e+00 1.364123e+00 2.663989e-01 1.499331e-01
34741: 1.648396e+00 1.573529e+00 1.362299e+00 2.660428e-01 1.497326e-01
34741: 1.648865e+00 1.574099e+00 1.361816e+00 2.656876e-01 1.495327e-01
34741: 1.649333e+00 1.572000e+00 1.364000e+00 2.653333e-01 1.493333e-01
34741: 1.651132e+00 1.571238e+00 1.363515e+00 2.649800e-01 1.491345e-01
34741: 1.652926e+00 1.570479e+00 1.363032e+00 2.646277e-01 1.489362e-01
34741: 1.653386e+00 1.569721e+00 1.362550e+00 2.656042e-01 1.487384e-01
34741: 1.652520e+00 1.570292e+00 1.360743e+00 2.665782e-01 1.498674e-01
34741: 1.652980e+00 1.569536e+00 1.360265e+00 2.662252e-01 1.509934e-01
34741: 1.650794e+00 1.574074e+00 1.358466e+00 2.658730e-01 1.507937e-01
34741: 1.652576e+00 1.573316e+00 1.357992e+00 2.655218e-01 1.505945e-01
34741: 1.653034e+00 1.573879e+00 1.357520e+00 2.651715e-01 1.503958e-01
34741: 1.652174e+00 1.573123e+00 1.359684e+00 2.648221e-01 1.501976e-01
34741: 1.652632e+00 1.571053e+00 1.359211e+00 2.657895e-01 1.513158e-01
34741: 1.653088e+00 1.571616e+00 1.358739e+00 2.654402e-01 1.511170e-01
34741: 1.652231e+00 1.572178e+00 1.359580e+00 2.650919e-01 1.509186e-01
34741: 1.653997e+00 1.571429e+00 1.359109e+00 2.647444e-01 1.507208e-01
34741: 1.651832e+00 1.573298e+00 1.359948e+00 2.643979e-01 1.505236e-01
34741: 1.652288e+00 1.572549e+00 1.360784e+00 2.640523e-01 1.503268e-01
34741: 1.652742e+00 1.571802e+00 1.361619e+00 2.637076e-01 1.501305e-01
34741: 1.653194e+00 1.572360e+00 1.361147e+00 2.633638e-01 1.499348e-01
34741: 1.652344e+00 1.570312e+00 1.363281e+00 2.643229e-01 1.497396e-01
34741: 1.652796e+00 1.569571e+00 1.362809e+00 2.652796e-01 1.495449e-01
34741: 1.651948e+00 1.570130e+00 1.363636e+00 2.649351e-01 1.493506e-01
34741: 1.653696e+00 1.568093e+00 1.364462e+00 2.645914e-01 1.491569e-01
34741: 1.651554e+00 1.571244e+00 1.362694e+00 2.655440e-01 1.489637e-01
34741: 1.652005e+00 1.569211e+00 1.364812e+00 2.652005e-01 1.487710e-01
34741: 1.649871e+00 1.569767e+00 1.366925e+00 2.648579e-01 1.485788e-01
34741: 1.650323e+00 1.570323e+00 1.366452e+00 2.645161e-01 1.483871e-01
34741: 1.652062e+00 1.568299e+00 1.367268e+00 2.641753e-01 1.481959e-01
34741: 1.651223e+00 1.568855e+00 1.368082e+00 2.638353e-01 1.480051e-01
34741: 1.650386e+00 1.570694e+00 1.366324e+00 2.634961e-01 1.491003e-01
34741: 1.650834e+00 1.568678e+00 1.367137e+00 2.644416e-01 1.489089e-01
34741: 1.650000e+00 1.570513e+00 1.365385e+00 2.641026e-01 1.500000e-01
34741: 1.651729e+00 1.568502e+00 1.364917e+00 2.637644e-01 1.510883e-01
34741: 1.650895e+00 1.570332e+00 1.363171e+00 2.647059e-01 1.508951e-01
34741: 1.651341e+00 1.569604e+00 1.363985e+00 2.643678e-01 1.507024e-01
34741: 1.650510e+00 1.571429e+00 1.363520e+00 2.640306e-01 1.505102e-01
34741: 1.649682e+00 1.570701e+00 1.365605e+00 2.636943e-01 1.503185e-01
34741: 1.650127e+00 1.568702e+00 1.366412e+00 2.633588e-01 1.513995e-01
34741: 1.650572e+00 1.569250e+00 1.364676e+00 2.630241e-01 1.524778e-01
34741: 1.649746e+00 1.571066e+00 1.364213e+00 2.626904e-01 1.522843e-01
34741: 1.651458e+00 1.570342e+00 1.363752e+00 2.623574e-01 1.520913e-01
34741: 1.651899e+00 1.570886e+00 1.363291e+00 2.620253e-01 1.518987e-01
34741: 1.651075e+00 1.570164e+00 1.365360e+00 2.616941e-01 1.517067e-01
34741: 1.652778e+00 1.568182e+00 1.366162e+00 2.613636e-01 1.515152e-01
34741: 1.650694e+00 1.572509e+00 1.364439e+00 2.610340e-01 1.513241e-01
34741: 1.651134e+00 1.571788e+00 1.365239e+00 2.607053e-01 1.511335e-01
34741: 1.649057e+00 1.571069e+00 1.367296e+00 2.603774e-01 1.522013e-01
34741: 1.649497e+00 1.571608e+00 1.366834e+00 2.600503e-01 1.520101e-01
34741: 1.648683e+00 1.570891e+00 1.367629e+00 2.597240e-01 1.530740e-01
34741: 1.649123e+00 1.568922e+00 1.368421e+00 2.593985e-01 1.541353e-01
34741: 1.648310e+00 1.570713e+00 1.367960e+00 2.590738e-01 1.539424e-01
34741: 1.647500e+00 1.570000e+00 1.368750e+00 2.600000e-01 1.537500e-01
34741: 1.647940e+00 1.568040e+00 1.370787e+00 2.596754e-01 1.535581e-01
34741: 1.645885e+00 1.571072e+00 1.369077e+00 2.605985e-01 1.533666e-01
34741: 1.645081e+00 1.570361e+00 1.371108e+00 2.602740e-01 1.531756e-01
34741: 1.645522e+00 1.569652e+00 1.371891e+00 2.599502e-01 1.529851e-01
34741: 1.645963e+00 1.570186e+00 1.370186e+00 2.608696e-01 1.527950e-01
34741: 1.645161e+00 1.569479e+00 1.372208e+00 2.605459e-01 1.526055e-01
34741: 1.644362e+00 1.570012e+00 1.371747e+00 2.614622e-01 1.524164e-01
34741: 1.646040e+00 1.568069e+00 1.371287e+00 2.623762e-01 1.522277e-01
34741: 1.646477e+00 1.568603e+00 1.370828e+00 2.620519e-01 1.520396e-01
34741: 1.644444e+00 1.567901e+00 1.374074e+00 2.617284e-01 1.518519e-01
34741: 1.644883e+00 1.567201e+00 1.372380e+00 2.626387e-01 1.528977e-01
34741: 1.644089e+00 1.568966e+00 1.370690e+00 2.623153e-01 1.539409e-01
34741: 1.644526e+00 1.568266e+00 1.371464e+00 2.619926e-01 1.537515e-01
34741: 1.644963e+00 1.568796e+00 1.371007e+00 2.616708e-01 1.535627e-01
34741: 1.644172e+00 1.569325e+00 1.371779e+00 2.613497e-01 1.533742e-01
34741: 1.647059e+00 1.568627e+00 1.370098e+00 2.610294e-01 1.531863e-01
34741: 1.646267e+00 1.570379e+00 1.369645e+00 2.607099e-01 1.529988e-01
34741: 1.647922e+00 1.568460e+00 1.370416e+00 2.603912e-01 1.528117e-01
34741: 1.647131e+00 1.570208e+00 1.368742e+00 2.612943e-01 1.526252e-01
34741: 1.648780e+00 1.568293e+00 1.369512e+00 2.609756e-01 1.524390e-01
34741: 1.647990e+00 1.571255e+00 1.367844e+00 2.606577e-01 1.522533e-01
34741: 1.648418e+00 1.571776e+00 1.367397e+00 2.603406e-01 1.520681e-01
34741: 1.648846e+00 1.571081e+00 1.368165e+00 2.600243e-01 1.518834e-01
34741: 1.649272e+00 1.570388e+00 1.368932e+00 2.597087e-01 1.516990e-01
34741: 1.649697e+00 1.569697e+00 1.369697e+00 2.593939e-01 1.515152e-01
34741: 1.650121e+00 1.570218e+00 1.368039e+00 2.602906e-01 1.513317e-01
34741: 1.649335e+00 1.569528e+00 1.370012e+00 2.599758e-01 1.511487e-01
34741: 1.649758e+00 1.568841e+00 1.370773e+00 2.596618e-01 1.509662e-01
34741: 1.651387e+00 1.569361e+00 1.369119e+00 2.593486e-01 1.507841e-01
34741: 1.650602e+00 1.568675e+00 1.369880e+00 2.602410e-01 1.506024e-01
34741: 1.652226e+00 1.569194e+00 1.368231e+00 2.599278e-01 1.504212e-01
34741: 1.650240e+00 1.570913e+00 1.368990e+00 2.596154e-01 1.502404e-01
34741: 1.650660e+00 1.570228e+00 1.368547e+00 2.593037e-01 1.512605e-01
34741: 1.648681e+00 1.569544e+00 1.369305e+00 2.601918e-01 1.522782e-01
34741: 1.649102e+00 1.568862e+00 1.370060e+00 2.598802e-01 1.520958e-01
34741: 1.648325e+00 1.569378e+00 1.370813e+00 2.595694e-01 1.519139e-01
34741: 1.648746e+00 1.569892e+00 1.369176e+00 2.592593e-01 1.529271e-01
34741: 1.649165e+00 1.569212e+00 1.368735e+00 2.589499e-01 1.539379e-01
34741: 1.648391e+00 1.569726e+00 1.367104e+00 2.610250e-01 1.537545e-01
34741: 1.650000e+00 1.569048e+00 1.365476e+00 2.619048e-01 1.535714e-01
34741: 1.648038e+00 1.569560e+00 1.367420e+00 2.615933e-01 1.533888e-01
34741: 1.648456e+00 1.568884e+00 1.368171e+00 2.612827e-01 1.532067e-01
34741: 1.647687e+00 1.569395e+00 1.367734e+00 2.621590e-01 1.530249e-01
34741: 1.648104e+00 1.569905e+00 1.367299e+00 2.618483e-01 1.528436e-01
34741: 1.648521e+00 1.570414e+00 1.366864e+00 2.615385e-01 1.526627e-01
34741: 1.646572e+00 1.569740e+00 1.368794e+00 2.624113e-01 1.524823e-01
34741: 1.646989e+00 1.569067e+00 1.367178e+00 2.632822e-01 1.534829e-01
34741: 1.646226e+00 1.569575e+00 1.366745e+00 2.641509e-01 1.533019e-01
34741: 1.647821e+00 1.570082e+00 1.365135e+00 2.638398e-01 1.531213e-01
34741: 1.645882e+00 1.570588e+00 1.367059e+00 2.635294e-01 1.529412e-01
34741: 1.647474e+00 1.569918e+00 1.366627e+00 2.632197e-01 1.527615e-01
34741: 1.647887e+00 1.571596e+00 1.365023e+00 2.629108e-01 1.525822e-01
34741: 1.645955e+00 1.570926e+00 1.368113e+00 2.626026e-01 1.524033e-01
34741: 1.648712e+00 1.569087e+00 1.367681e+00 2.622951e-01 1.522248e-01
34741: 1.647953e+00 1.569591e+00 1.367251e+00 2.619883e-01 1.532164e-01
34741: 1.648364e+00 1.568925e+00 1.366822e+00 2.628505e-01 1.530374e-01
34741: 1.646441e+00 1.571762e+00 1.366394e+00 2.625438e-01 1.528588e-01
34741: 1.646853e+00 1.571096e+00 1.367133e+00 2.622378e-01 1.526807e-01
34741: 1.644936e+00 1.571595e+00 1.367870e+00 2.630966e-01 1.525029e-01
34741: 1.644186e+00 1.572093e+00 1.367442e+00 2.639535e-01 1.523256e-01
34741: 1.644599e+00 1.570267e+00 1.368177e+00 2.636469e-01 1.533101e-01
34741: 1.645012e+00 1.569606e+00 1.368910e+00 2.633411e-01 1.531323e-01
34741: 1.643105e+00 1.571263e+00 1.368482e+00 2.641947e-01 1.529548e-01
34741: 1.644676e+00 1.570602e+00 1.368056e+00 2.638889e-01 1.527778e-01
34741: 1.642775e+00 1.572254e+00 1.367630e+00 2.647399e-01 1.526012e-01
34741: 1.644342e+00 1.570439e+00 1.367206e+00 2.644342e-01 1.535797e-01
34741: 1.644752e+00 1.570934e+00 1.366782e+00 2.641292e-01 1.534025e-01
34741: 1.644009e+00 1.570276e+00 1.368664e+00 2.638249e-01 1.532258e-01
34741: 1.644419e+00 1.568470e+00 1.369390e+00 2.635213e-01 1.542002e-01
34741: 1.643678e+00 1.568966e+00 1.370115e+00 2.632184e-01 1.540230e-01
34741: 1.644087e+00 1.568312e+00 1.370838e+00 2.629162e-01 1.538462e-01
34741: 1.642202e+00 1.571101e+00 1.370413e+00 2.626147e-01 1.536697e-01
34741: 1.641466e+00 1.572738e+00 1.369989e+00 2.623139e-01 1.534937e-01
34741: 1.641876e+00 1.570938e+00 1.371854e+00 2.620137e-01 1.533181e-01
34741: 1.640000e+00 1.571429e+00 1.371429e+00 2.628571e-01 1.542857e-01
34741: 1.640411e+00 1.569635e+00 1.373288e+00 2.625571e-01 1.541096e-01
34741: 1.639681e+00 1.572406e+00 1.371722e+00 2.622577e-01 1.539339e-01
34741: 1.641230e+00 1.570615e+00 1.372437e+00 2.619590e-01 1.537585e-01
34741: 1.641638e+00 1.571104e+00 1.372014e+00 2.616610e-01 1.535836e-01
34741: 1.640909e+00 1.570455e+00 1.373864e+00 2.613636e-01 1.534091e-01
34741: 1.642452e+00 1.569807e+00 1.373439e+00 2.610670e-01 1.532350e-01
34741: 1.642857e+00 1.570295e+00 1.373016e+00 2.607710e-01 1.530612e-01
34741: 1.642129e+00 1.569649e+00 1.373726e+00 2.616082e-01 1.528879e-01
34741: 1.642534e+00 1.569005e+00 1.373303e+00 2.624434e-01 1.527149e-01
34741: 1.641808e+00 1.570621e+00 1.372881e+00 2.621469e-01 1.525424e-01
34741: 1.642212e+00 1.571106e+00 1.372460e+00 2.618510e-01 1.523702e-01
34741: 1.642616e+00 1.569335e+00 1.374295e+00 2.615558e-01 1.521984e-01
34741: 1.641892e+00 1.570946e+00 1.373874e+00 2.612613e-01 1.520270e-01
34741: 1.642295e+00 1.569179e+00 1.375703e+00 2.609674e-01 1.518560e-01
34741: 1.643820e+00 1.569663e+00 1.374157e+00 2.606742e-01 1.516854e-01
34741: 1.643098e+00 1.570146e+00 1.373737e+00 2.615039e-01 1.515152e-01
34741: 1.644619e+00 1.568386e+00 1.374439e+00 2.612108e-01 1.513453e-01
34741: 1.643897e+00 1.569989e+00 1.372900e+00 2.620381e-01 1.511758e-01
34741: 1.644295e+00 1.571588e+00 1.371365e+00 2.617450e-01 1.510067e-01
34741: 1.643575e+00 1.572067e+00 1.372067e+00 2.614525e-01 1.508380e-01
34741: 1.646205e+00 1.570312e+00 1.371652e+00 2.611607e-01 1.506696e-01
34741: 1.645485e+00 1.569677e+00 1.372352e+00 2.608696e-01 1.516165e-01
34741: 1.646993e+00 1.570156e+00 1.370824e+00 2.605791e-01 1.514477e-01
34741: 1.646274e+00 1.569522e+00 1.372636e+00 2.602892e-01 1.512792e-01
34741: 1.645556e+00 1.572222e+00 1.371111e+00 2.600000e-01 1.511111e-01
34741: 1.644839e+00 1.570477e+00 1.374029e+00 2.597114e-01 1.509434e-01
34741: 1.646341e+00 1.569845e+00 1.373614e+00 2.594235e-01 1.507761e-01
34741: 1.644518e+00 1.571429e+00 1.372093e+00 2.613511e-01 1.506091e-01
34741: 1.644912e+00 1.570796e+00 1.372788e+00 2.610619e-01 1.504425e-01
34741: 1.645304e+00 1.570166e+00 1.372376e+00 2.618785e-01 1.502762e-01
34741: 1.644592e+00 1.569536e+00 1.374172e+00 2.615894e-01 1.501104e-01
34741: 1.644983e+00 1.570011e+00 1.372657e+00 2.624035e-01 1.499449e-01
34741: 1.643172e+00 1.569383e+00 1.375551e+00 2.621145e-01 1.497797e-01
34741: 1.644664e+00 1.568757e+00 1.375138e+00 2.618262e-01 1.496150e-01
34741: 1.646154e+00 1.569231e+00 1.373626e+00 2.615385e-01 1.494505e-01
34741: 1.646542e+00 1.568606e+00 1.373216e+00 2.612514e-01 1.503842e-01
34741: 1.645833e+00 1.570175e+00 1.371711e+00 2.620614e-01 1.502193e-01
34741: 1.647317e+00 1.569551e+00 1.371303e+00 2.617744e-01 1.500548e-01
34741: 1.645514e+00 1.571116e+00 1.370897e+00 2.614880e-01 1.509847e-01
34741: 1.646995e+00 1.570492e+00 1.370492e+00 2.612022e-01 1.508197e-01
34741: 1.646288e+00 1.570961e+00 1.370087e+00 2.620087e-01 1.506550e-01
34741: 1.646674e+00 1.570338e+00 1.369684e+00 2.628135e-01 1.504907e-01
34741: 1.647059e+00 1.569717e+00 1.370370e+00 2.625272e-01 1.503268e-01
34741: 1.645267e+00 1.572361e+00 1.368879e+00 2.633297e-01 1.501632e-01
34741: 1.644565e+00 1.571739e+00 1.368478e+00 2.641304e-01 1.510870e-01
34741: 1.643865e+00 1.573290e+00 1.368078e+00 2.638436e-01 1.509229e-01
34741: 1.644252e+00 1.571584e+00 1.369848e+00 2.635575e-01 1.507592e-01
34741: 1.643554e+00 1.572048e+00 1.369447e+00 2.632719e-01 1.516793e-01
34741: 1.643939e+00 1.570346e+00 1.370130e+00 2.640693e-01 1.515152e-01
34741: 1.643243e+00 1.571892e+00 1.369730e+00 2.637838e-01 1.513514e-01
34741: 1.642549e+00 1.571274e+00 1.370410e+00 2.645788e-01 1.511879e-01
34741: 1.642934e+00 1.570658e+00 1.370011e+00 2.653722e-01 1.510248e-01
34741: 1.641164e+00 1.571121e+00 1.370690e+00 2.661638e-01 1.508621e-01
34741: 1.641550e+00 1.570506e+00 1.370291e+00 2.669537e-01 1.506997e-01
34741: 1.641935e+00 1.569892e+00 1.369892e+00 2.666667e-01 1.516129e-01
34741: 1.641246e+00 1.570354e+00 1.369495e+00 2.663802e-01 1.525242e-01
34741: 1.641631e+00 1.568670e+00 1.371245e+00 2.660944e-01 1.523605e-01
34741: 1.640943e+00 1.571275e+00 1.369775e+00 2.658092e-01 1.521972e-01
34741: 1.642398e+00 1.570664e+00 1.369379e+00 2.655246e-01 1.520343e-01
34741: 1.640642e+00 1.571123e+00 1.370053e+00 2.663102e-01 1.518717e-01
34741: 1.641026e+00 1.569444e+00 1.371795e+00 2.660256e-01 1.517094e-01
34741: 1.641409e+00 1.569904e+00 1.371398e+00 2.657417e-01 1.515475e-01
34741: 1.642857e+00 1.569296e+00 1.371002e+00 2.654584e-01 1.513859e-01
34741: 1.642173e+00 1.571885e+00 1.369542e+00 2.651757e-01 1.512247e-01
34741: 1.642553e+00 1.571277e+00 1.370213e+00 2.648936e-01 1.510638e-01
34741: 1.641870e+00 1.570670e+00 1.369819e+00 2.656748e-01 1.519660e-01
34741: 1.642251e+00 1.570064e+00 1.370488e+00 2.653928e-01 1.518047e-01
34741: 1.641569e+00 1.570520e+00 1.370095e+00 2.651113e-01 1.527041e-01
34741: 1.641949e+00 1.569915e+00 1.370763e+00 2.648305e-01 1.525424e-01
34741: 1.642328e+00 1.571429e+00 1.369312e+00 2.645503e-01 1.523810e-01
34741: 1.640592e+00 1.571882e+00 1.369979e+00 2.653277e-01 1.522199e-01
34741: 1.639916e+00 1.571278e+00 1.369588e+00 2.671595e-01 1.520591e-01
34741: 1.639241e+00 1.571730e+00 1.369198e+00 2.679325e-01 1.518987e-01
34741: 1.639621e+00 1.570074e+00 1.368809e+00 2.687039e-01 1.527924e-01
34741: 1.638947e+00 1.569474e+00 1.368421e+00 2.694737e-01 1.536842e-01
34741: 1.639327e+00 1.569926e+00 1.366982e+00 2.691903e-01 1.545741e-01
34741: 1.639706e+00 1.569328e+00 1.367647e+00 2.689076e-01 1.544118e-01
34741: 1.640084e+00 1.569780e+00 1.367261e+00 2.686254e-01 1.542497e-01
34741: 1.639413e+00 1.570231e+00 1.367925e+00 2.683438e-01 1.540881e-01
34741: 1.639791e+00 1.569634e+00 1.368586e+00 2.680628e-01 1.539267e-01
34741: 1.640167e+00 1.571130e+00 1.367155e+00 2.677824e-01 1.537657e-01
34741: 1.639498e+00 1.569488e+00 1.367816e+00 2.675026e-01 1.556949e-01
34741: 1.639875e+00 1.569937e+00 1.366388e+00 2.682672e-01 1.555324e-01
34741: 1.639208e+00 1.569343e+00 1.367049e+00 2.690302e-01 1.553702e-01
34741: 1.639583e+00 1.569792e+00 1.366667e+00 2.687500e-01 1.552083e-01
34741: 1.638918e+00 1.570239e+00 1.366285e+00 2.684703e-01 1.560874e-01
34741: 1.639293e+00 1.568607e+00 1.367983e+00 2.681913e-01 1.559252e-01
34741: 1.637591e+00 1.571132e+00 1.366563e+00 2.689512e-01 1.557632e-01
34741: 1.636929e+00 1.571577e+00 1.366183e+00 2.697095e-01 1.556017e-01
34741: 1.636269e+00 1.570984e+00 1.365803e+00 2.704663e-01 1.564767e-01
34741: 1.635611e+00 1.570393e+00 1.366460e+00 2.712215e-01 1.563147e-01
34741: 1.635988e+00 1.569804e+00 1.366081e+00 2.719752e-01 1.561531e-01
34741: 1.635331e+00 1.570248e+00 1.365702e+00 2.727273e-01 1.559917e-01
34741: 1.635707e+00 1.569659e+00 1.366357e+00 2.724458e-01 1.558308e-01
34741: 1.635052e+00 1.570103e+00 1.365979e+00 2.721649e-01 1.567010e-01
34741: 1.635427e+00 1.568486e+00 1.366632e+00 2.718847e-01 1.575695e-01
34741: 1.634774e+00 1.569959e+00 1.365226e+00 2.726337e-01 1.574074e-01
34741: 1.635149e+00 1.570401e+00 1.363823e+00 2.733813e-01 1.572456e-01
34741: 1.635524e+00 1.568789e+00 1.364476e+00 2.731006e-01 1.581109e-01
34741: 1.634872e+00 1.571282e+00 1.363077e+00 2.728205e-01 1.579487e-01
34741: 1.636270e+00 1.569672e+00 1.363730e+00 2.725410e-01 1.577869e-01
34741: 1.635619e+00 1.571136e+00 1.363357e+00 2.722620e-01 1.576254e-01
34741: 1.635992e+00 1.570552e+00 1.364008e+00 2.719836e-01 1.574642e-01
34741: 1.635342e+00 1.570991e+00 1.364658e+00 2.717058e-01 1.573034e-01
34741: 1.634694e+00 1.571429e+00 1.364286e+00 2.724490e-01 1.571429e-01
34741: 1.634047e+00 1.570846e+00 1.364934e+00 2.731906e-01 1.569827e-01
34741: 1.633401e+00 1.571283e+00 1.364562e+00 2.739308e-01 1.568228e-01
34741: 1.633774e+00 1.569685e+00 1.365209e+00 2.746694e-01 1.566633e-01
34741: 1.633130e+00 1.571138e+00 1.364837e+00 2.743902e-01 1.565041e-01
34741: 1.632487e+00 1.572589e+00 1.364467e+00 2.741117e-01 1.563452e-01
34741: 1.632860e+00 1.572008e+00 1.364097e+00 2.748479e-01 1.561866e-01
34741: 1.633232e+00 1.571429e+00 1.363728e+00 2.745694e-01 1.570415e-01
34741: 1.631579e+00 1.570850e+00 1.366397e+00 2.742915e-01 1.568826e-01
34741: 1.631951e+00 1.570273e+00 1.366026e+00 2.740142e-01 1.577351e-01
34741: 1.632323e+00 1.570707e+00 1.365657e+00 2.737374e-01 1.575758e-01
34741: 1.631685e+00 1.570131e+00 1.366297e+00 2.734612e-01 1.584258e-01
34741: 1.631048e+00 1.568548e+00 1.368952e+00 2.731855e-01 1.582661e-01
34741: 1.632427e+00 1.567976e+00 1.367573e+00 2.729104e-01 1.591138e-01
34741: 1.632797e+00 1.568410e+00 1.367203e+00 2.726358e-01 1.589537e-01
34741: 1.632161e+00 1.568844e+00 1.366834e+00 2.733668e-01 1.587940e-01
34741: 1.633534e+00 1.569277e+00 1.365462e+00 2.730924e-01 1.586345e-01
34741: 1.632899e+00 1.569709e+00 1.365095e+00 2.738215e-01 1.584754e-01
34741: 1.633267e+00 1.570140e+00 1.364729e+00 2.735471e-01 1.583166e-01
34741: 1.633634e+00 1.569570e+00 1.365365e+00 2.732733e-01 1.581582e-01
34741: Done!
Traceback (most recent call last):
  File "/lowest-unique-number/tournament0/elexunix.py", line 25, in <module>
    input()
EOFError: EOF when reading a line
