Forked 31485
Starting to reopen 0 and 1
Calling execv `tournament0/elexunix.py` (pid 31485)
Strategy 0: first ans is 3
Forked 31509
Starting to reopen 0 and 1
Calling execv `tournament0/pzakorko.py` (pid 31509)
Strategy 1: first ans is 0
Forked 31510
Starting to reopen 0 and 1
Calling execv `tournament0/fedro.py` (pid 31510)
Strategy 2: first ans is 0
Forked 31534
Starting to reopen 0 and 1
Calling execv `tournament0/the_best_strategy.py` (pid 31534)
Strategy 3: first ans is 0
Forked 31535
Starting to reopen 0 and 1
Calling execv `tournament0/lounres.py` (pid 31535)
Strategy 4: first ans is 1
Forked 31536
Starting to reopen 0 and 1
Calling execv `tournament0/alex_dany` (pid 31536)
31536: Started!
31536: Number of players: 6, position: 5, number of turns: 1000
31536: Random seed: 2999926061
Strategy 5: first ans is 1
31536: 3.000000e+00 2.000000e+00 0.000000e+00 1.000000e+00 0.000000e+00 0.000000e+00
31536: 2.500000e+00 2.000000e+00 1.000000e+00 5.000000e-01 0.000000e+00 0.000000e+00
31536: 2.666667e+00 1.333333e+00 1.000000e+00 6.666667e-01 3.333333e-01 0.000000e+00
31536: 2.500000e+00 1.750000e+00 7.500000e-01 7.500000e-01 2.500000e-01 0.000000e+00
31536: 2.400000e+00 1.600000e+00 1.000000e+00 8.000000e-01 2.000000e-01 0.000000e+00
31536: 2.333333e+00 1.500000e+00 1.166667e+00 8.333333e-01 1.666667e-01 0.000000e+00
31536: 2.285714e+00 1.571429e+00 1.000000e+00 8.571429e-01 2.857143e-01 0.000000e+00
31536: 2.250000e+00 1.500000e+00 1.250000e+00 7.500000e-01 2.500000e-01 0.000000e+00
31536: 2.222222e+00 1.666667e+00 1.222222e+00 6.666667e-01 2.222222e-01 0.000000e+00
31536: 2.300000e+00 1.500000e+00 1.300000e+00 7.000000e-01 2.000000e-01 0.000000e+00
31536: 2.272727e+00 1.636364e+00 1.181818e+00 6.363636e-01 2.727273e-01 0.000000e+00
31536: 2.333333e+00 1.583333e+00 1.250000e+00 5.833333e-01 2.500000e-01 0.000000e+00
31536: 2.384615e+00 1.538462e+00 1.307692e+00 5.384615e-01 2.307692e-01 0.000000e+00
31536: 2.357143e+00 1.571429e+00 1.214286e+00 6.428571e-01 2.142857e-01 0.000000e+00
31536: 2.400000e+00 1.533333e+00 1.266667e+00 6.000000e-01 2.000000e-01 0.000000e+00
31536: 2.437500e+00 1.562500e+00 1.187500e+00 5.625000e-01 1.875000e-01 6.250000e-02
31536: 2.470588e+00 1.588235e+00 1.176471e+00 5.294118e-01 1.764706e-01 5.882353e-02
31536: 2.444444e+00 1.500000e+00 1.222222e+00 5.555556e-01 2.222222e-01 5.555556e-02
31536: 2.473684e+00 1.578947e+00 1.157895e+00 5.263158e-01 2.105263e-01 5.263158e-02
31536: 2.450000e+00 1.500000e+00 1.200000e+00 6.000000e-01 2.000000e-01 5.000000e-02
31536: 2.428571e+00 1.523810e+00 1.142857e+00 5.714286e-01 2.857143e-01 4.761905e-02
31536: 2.409091e+00 1.500000e+00 1.136364e+00 5.909091e-01 3.181818e-01 4.545455e-02
31536: 2.434783e+00 1.521739e+00 1.086957e+00 5.652174e-01 3.478261e-01 4.347826e-02
31536: 2.458333e+00 1.500000e+00 1.083333e+00 5.833333e-01 3.333333e-01 4.166667e-02
31536: 2.480000e+00 1.520000e+00 1.040000e+00 6.000000e-01 3.200000e-01 4.000000e-02
31536: 2.461538e+00 1.576923e+00 1.038462e+00 5.769231e-01 3.076923e-01 3.846154e-02
31536: 2.444444e+00 1.555556e+00 1.111111e+00 5.555556e-01 2.962963e-01 3.703704e-02
31536: 2.464286e+00 1.571429e+00 1.107143e+00 5.357143e-01 2.857143e-01 3.571429e-02
31536: 2.448276e+00 1.517241e+00 1.172414e+00 5.517241e-01 2.758621e-01 3.448276e-02
31536: 2.433333e+00 1.600000e+00 1.133333e+00 5.333333e-01 2.666667e-01 3.333333e-02
31536: 2.419355e+00 1.548387e+00 1.225806e+00 5.161290e-01 2.580645e-01 3.225806e-02
31536: 2.437500e+00 1.593750e+00 1.187500e+00 5.000000e-01 2.500000e-01 3.125000e-02
31536: 2.424242e+00 1.545455e+00 1.212121e+00 5.151515e-01 2.727273e-01 3.030303e-02
31536: 2.411765e+00 1.588235e+00 1.205882e+00 5.000000e-01 2.647059e-01 2.941176e-02
31536: 2.400000e+00 1.571429e+00 1.228571e+00 4.857143e-01 2.857143e-01 2.857143e-02
31536: 2.416667e+00 1.555556e+00 1.222222e+00 5.000000e-01 2.777778e-01 2.777778e-02
31536: 2.405405e+00 1.594595e+00 1.189189e+00 5.135135e-01 2.702703e-01 2.702703e-02
31536: 2.394737e+00 1.552632e+00 1.236842e+00 5.263158e-01 2.631579e-01 2.631579e-02
31536: 2.410256e+00 1.564103e+00 1.230769e+00 5.128205e-01 2.564103e-01 2.564103e-02
31536: 2.425000e+00 1.550000e+00 1.250000e+00 5.000000e-01 2.500000e-01 2.500000e-02
31536: 2.439024e+00 1.585366e+00 1.219512e+00 4.878049e-01 2.439024e-01 2.439024e-02
31536: 2.452381e+00 1.547619e+00 1.238095e+00 5.000000e-01 2.380952e-01 2.380952e-02
31536: 2.418605e+00 1.604651e+00 1.232558e+00 4.883721e-01 2.325581e-01 2.325581e-02
31536: 2.454545e+00 1.568182e+00 1.250000e+00 4.772727e-01 2.272727e-01 2.272727e-02
31536: 2.422222e+00 1.600000e+00 1.266667e+00 4.666667e-01 2.222222e-01 2.222222e-02
31536: 2.413043e+00 1.565217e+00 1.282609e+00 5.000000e-01 2.173913e-01 2.173913e-02
31536: 2.382979e+00 1.574468e+00 1.297872e+00 4.893617e-01 2.340426e-01 2.127660e-02
31536: 2.375000e+00 1.562500e+00 1.333333e+00 4.791667e-01 2.291667e-01 2.083333e-02
31536: 2.367347e+00 1.591837e+00 1.326531e+00 4.693878e-01 2.244898e-01 2.040816e-02
31536: 2.360000e+00 1.560000e+00 1.360000e+00 4.600000e-01 2.400000e-01 2.000000e-02
31536: 2.333333e+00 1.607843e+00 1.333333e+00 4.509804e-01 2.549020e-01 1.960784e-02
31536: 2.326923e+00 1.576923e+00 1.365385e+00 4.423077e-01 2.692308e-01 1.923077e-02
31536: 2.301887e+00 1.603774e+00 1.358491e+00 4.528302e-01 2.641509e-01 1.886792e-02
31536: 2.296296e+00 1.629630e+00 1.351852e+00 4.444444e-01 2.592593e-01 1.851852e-02
31536: 2.272727e+00 1.618182e+00 1.363636e+00 4.545455e-01 2.727273e-01 1.818182e-02
31536: 2.267857e+00 1.607143e+00 1.375000e+00 4.642857e-01 2.678571e-01 1.785714e-02
31536: 2.245614e+00 1.596491e+00 1.421053e+00 4.561404e-01 2.631579e-01 1.754386e-02
31536: 2.241379e+00 1.586207e+00 1.431034e+00 4.655172e-01 2.586207e-01 1.724138e-02
31536: 2.220339e+00 1.576271e+00 1.440678e+00 4.745763e-01 2.711864e-01 1.694915e-02
31536: 2.233333e+00 1.566667e+00 1.450000e+00 4.666667e-01 2.666667e-01 1.666667e-02
31536: 2.245902e+00 1.573770e+00 1.442623e+00 4.590164e-01 2.622951e-01 1.639344e-02
31536: 2.258065e+00 1.564516e+00 1.451613e+00 4.516129e-01 2.580645e-01 1.612903e-02
31536: 2.238095e+00 1.587302e+00 1.444444e+00 4.444444e-01 2.698413e-01 1.587302e-02
31536: 2.234375e+00 1.593750e+00 1.453125e+00 4.375000e-01 2.656250e-01 1.562500e-02
31536: 2.215385e+00 1.600000e+00 1.461538e+00 4.461538e-01 2.615385e-01 1.538462e-02
31536: 2.212121e+00 1.590909e+00 1.484848e+00 4.393939e-01 2.575758e-01 1.515152e-02
31536: 2.194030e+00 1.597015e+00 1.492537e+00 4.477612e-01 2.537313e-01 1.492537e-02
31536: 2.191176e+00 1.588235e+00 1.514706e+00 4.411765e-01 2.500000e-01 1.470588e-02
31536: 2.173913e+00 1.579710e+00 1.550725e+00 4.347826e-01 2.463768e-01 1.449275e-02
31536: 2.171429e+00 1.585714e+00 1.557143e+00 4.285714e-01 2.428571e-01 1.428571e-02
31536: 2.169014e+00 1.577465e+00 1.563380e+00 4.366197e-01 2.394366e-01 1.408451e-02
31536: 2.180556e+00 1.583333e+00 1.555556e+00 4.305556e-01 2.361111e-01 1.388889e-02
31536: 2.164384e+00 1.575342e+00 1.561644e+00 4.520548e-01 2.328767e-01 1.369863e-02
31536: 2.162162e+00 1.567568e+00 1.567568e+00 4.459459e-01 2.297297e-01 2.702703e-02
31536: 2.146667e+00 1.586667e+00 1.560000e+00 4.533333e-01 2.266667e-01 2.666667e-02
31536: 2.144737e+00 1.578947e+00 1.565789e+00 4.473684e-01 2.236842e-01 3.947368e-02
31536: 2.142857e+00 1.597403e+00 1.558442e+00 4.415584e-01 2.207792e-01 3.896104e-02
31536: 2.128205e+00 1.576923e+00 1.589744e+00 4.358974e-01 2.307692e-01 3.846154e-02
31536: 2.126582e+00 1.582278e+00 1.582278e+00 4.430380e-01 2.278481e-01 3.797468e-02
31536: 2.125000e+00 1.562500e+00 1.587500e+00 4.500000e-01 2.375000e-01 3.750000e-02
31536: 2.123457e+00 1.580247e+00 1.580247e+00 4.444444e-01 2.345679e-01 3.703704e-02
31536: 2.109756e+00 1.573171e+00 1.585366e+00 4.634146e-01 2.317073e-01 3.658537e-02
31536: 2.108434e+00 1.554217e+00 1.578313e+00 4.819277e-01 2.409639e-01 3.614458e-02
31536: 2.107143e+00 1.571429e+00 1.559524e+00 4.880952e-01 2.380952e-01 3.571429e-02
31536: 2.105882e+00 1.576471e+00 1.564706e+00 4.823529e-01 2.352941e-01 3.529412e-02
31536: 2.104651e+00 1.569767e+00 1.569767e+00 4.883721e-01 2.325581e-01 3.488372e-02
31536: 2.091954e+00 1.586207e+00 1.574713e+00 4.827586e-01 2.298851e-01 3.448276e-02
31536: 2.090909e+00 1.590909e+00 1.556818e+00 5.000000e-01 2.272727e-01 3.409091e-02
31536: 2.089888e+00 1.573034e+00 1.573034e+00 5.056180e-01 2.247191e-01 3.370787e-02
31536: 2.077778e+00 1.577778e+00 1.555556e+00 5.222222e-01 2.333333e-01 3.333333e-02
31536: 2.098901e+00 1.560440e+00 1.560440e+00 5.164835e-01 2.307692e-01 3.296703e-02
31536: 2.086957e+00 1.576087e+00 1.554348e+00 5.217391e-01 2.282609e-01 3.260870e-02
31536: 2.096774e+00 1.569892e+00 1.548387e+00 5.268817e-01 2.258065e-01 3.225806e-02
31536: 2.095745e+00 1.574468e+00 1.553191e+00 5.212766e-01 2.234043e-01 3.191489e-02
31536: 2.084211e+00 1.568421e+00 1.557895e+00 5.368421e-01 2.210526e-01 3.157895e-02
31536: 2.093750e+00 1.572917e+00 1.552083e+00 5.312500e-01 2.187500e-01 3.125000e-02
31536: 2.092784e+00 1.556701e+00 1.567010e+00 5.360825e-01 2.164948e-01 3.092784e-02
31536: 2.081633e+00 1.571429e+00 1.561224e+00 5.306122e-01 2.244898e-01 3.061224e-02
31536: 2.090909e+00 1.565657e+00 1.555556e+00 5.353535e-01 2.222222e-01 3.030303e-02
31536: 2.080000e+00 1.590000e+00 1.550000e+00 5.300000e-01 2.200000e-01 3.000000e-02
31536: 2.079208e+00 1.584158e+00 1.564356e+00 5.247525e-01 2.178218e-01 2.970297e-02
31536: 2.068627e+00 1.578431e+00 1.568627e+00 5.392157e-01 2.156863e-01 2.941176e-02
31536: 2.067961e+00 1.582524e+00 1.572816e+00 5.339806e-01 2.135922e-01 2.912621e-02
31536: 2.057692e+00 1.576923e+00 1.576923e+00 5.480769e-01 2.115385e-01 2.884615e-02
31536: 2.057143e+00 1.571429e+00 1.580952e+00 5.523810e-01 2.095238e-01 2.857143e-02
31536: 2.047170e+00 1.566038e+00 1.575472e+00 5.660377e-01 2.169811e-01 2.830189e-02
31536: 2.056075e+00 1.560748e+00 1.570093e+00 5.607477e-01 2.242991e-01 2.803738e-02
31536: 2.046296e+00 1.583333e+00 1.564815e+00 5.555556e-01 2.222222e-01 2.777778e-02
31536: 2.045872e+00 1.577982e+00 1.568807e+00 5.504587e-01 2.293578e-01 2.752294e-02
31536: 2.036364e+00 1.590909e+00 1.572727e+00 5.454545e-01 2.272727e-01 2.727273e-02
31536: 2.036036e+00 1.585586e+00 1.576577e+00 5.495495e-01 2.252252e-01 2.702703e-02
31536: 2.026786e+00 1.589286e+00 1.571429e+00 5.625000e-01 2.232143e-01 2.678571e-02
31536: 2.035398e+00 1.584071e+00 1.566372e+00 5.663717e-01 2.212389e-01 2.654867e-02
31536: 2.035088e+00 1.578947e+00 1.578947e+00 5.614035e-01 2.192982e-01 2.631579e-02
31536: 2.034783e+00 1.582609e+00 1.573913e+00 5.652174e-01 2.173913e-01 2.608696e-02
31536: 2.034483e+00 1.586207e+00 1.568966e+00 5.689655e-01 2.155172e-01 2.586207e-02
31536: 2.034188e+00 1.572650e+00 1.581197e+00 5.726496e-01 2.136752e-01 2.564103e-02
31536: 2.025424e+00 1.584746e+00 1.567797e+00 5.847458e-01 2.118644e-01 2.542373e-02
31536: 2.025210e+00 1.588235e+00 1.563025e+00 5.882353e-01 2.100840e-01 2.521008e-02
31536: 2.016667e+00 1.575000e+00 1.583333e+00 5.916667e-01 2.083333e-01 2.500000e-02
31536: 2.016529e+00 1.570248e+00 1.578512e+00 6.033058e-01 2.066116e-01 2.479339e-02
31536: 2.016393e+00 1.573770e+00 1.573770e+00 6.065574e-01 2.049180e-01 2.459016e-02
31536: 2.008130e+00 1.577236e+00 1.569106e+00 6.178862e-01 2.032520e-01 2.439024e-02
31536: 2.016129e+00 1.580645e+00 1.564516e+00 6.129032e-01 2.016129e-01 2.419355e-02
31536: 2.008000e+00 1.584000e+00 1.576000e+00 6.080000e-01 2.000000e-01 2.400000e-02
31536: 2.015873e+00 1.579365e+00 1.563492e+00 6.111111e-01 2.063492e-01 2.380952e-02
31536: 2.015748e+00 1.574803e+00 1.574803e+00 6.062992e-01 2.047244e-01 2.362205e-02
31536: 2.015625e+00 1.570312e+00 1.578125e+00 6.093750e-01 2.031250e-01 2.343750e-02
31536: 2.007752e+00 1.573643e+00 1.573643e+00 6.124031e-01 2.093023e-01 2.325581e-02
31536: 2.015385e+00 1.569231e+00 1.569231e+00 6.153846e-01 2.076923e-01 2.307692e-02
31536: 2.015267e+00 1.587786e+00 1.557252e+00 6.106870e-01 2.061069e-01 2.290076e-02
31536: 2.007576e+00 1.590909e+00 1.568182e+00 6.060606e-01 2.045455e-01 2.272727e-02
31536: 2.007519e+00 1.586466e+00 1.571429e+00 6.090226e-01 2.030075e-01 2.255639e-02
31536: 2.000000e+00 1.597015e+00 1.567164e+00 6.119403e-01 2.014925e-01 2.238806e-02
31536: 2.000000e+00 1.585185e+00 1.585185e+00 6.074074e-01 2.000000e-01 2.222222e-02
31536: 1.992647e+00 1.588235e+00 1.580882e+00 6.176471e-01 1.985294e-01 2.205882e-02
31536: 1.992701e+00 1.598540e+00 1.569343e+00 6.204380e-01 1.970803e-01 2.189781e-02
31536: 1.992754e+00 1.601449e+00 1.572464e+00 6.159420e-01 1.956522e-01 2.173913e-02
31536: 1.985612e+00 1.597122e+00 1.575540e+00 6.258993e-01 1.942446e-01 2.158273e-02
31536: 1.992857e+00 1.600000e+00 1.564286e+00 6.285714e-01 1.928571e-01 2.142857e-02
31536: 1.985816e+00 1.595745e+00 1.574468e+00 6.312057e-01 1.914894e-01 2.127660e-02
31536: 1.985915e+00 1.591549e+00 1.570423e+00 6.408451e-01 1.901408e-01 2.112676e-02
31536: 1.979021e+00 1.601399e+00 1.566434e+00 6.433566e-01 1.888112e-01 2.097902e-02
31536: 1.986111e+00 1.597222e+00 1.569444e+00 6.388889e-01 1.875000e-01 2.083333e-02
31536: 1.986207e+00 1.593103e+00 1.579310e+00 6.344828e-01 1.862069e-01 2.068966e-02
31536: 1.979452e+00 1.589041e+00 1.582192e+00 6.369863e-01 1.917808e-01 2.054795e-02
31536: 1.979592e+00 1.591837e+00 1.578231e+00 6.394558e-01 1.904762e-01 2.040816e-02
31536: 1.972973e+00 1.594595e+00 1.574324e+00 6.486486e-01 1.891892e-01 2.027027e-02
31536: 1.979866e+00 1.590604e+00 1.563758e+00 6.510067e-01 1.946309e-01 2.013423e-02
31536: 1.973333e+00 1.600000e+00 1.566667e+00 6.466667e-01 1.933333e-01 2.000000e-02
31536: 1.980132e+00 1.589404e+00 1.576159e+00 6.423841e-01 1.920530e-01 1.986755e-02
31536: 1.980263e+00 1.592105e+00 1.565789e+00 6.513158e-01 1.907895e-01 1.973684e-02
31536: 1.980392e+00 1.581699e+00 1.581699e+00 6.470588e-01 1.895425e-01 1.960784e-02
31536: 1.974026e+00 1.584416e+00 1.577922e+00 6.558442e-01 1.883117e-01 1.948052e-02
31536: 1.980645e+00 1.580645e+00 1.567742e+00 6.580645e-01 1.935484e-01 1.935484e-02
31536: 1.980769e+00 1.583333e+00 1.570513e+00 6.538462e-01 1.923077e-01 1.923077e-02
31536: 1.980892e+00 1.579618e+00 1.566879e+00 6.624204e-01 1.910828e-01 1.910828e-02
31536: 1.974684e+00 1.588608e+00 1.563291e+00 6.645570e-01 1.898734e-01 1.898734e-02
31536: 1.981132e+00 1.584906e+00 1.566038e+00 6.603774e-01 1.886792e-01 1.886792e-02
31536: 1.981250e+00 1.587500e+00 1.562500e+00 6.625000e-01 1.875000e-01 1.875000e-02
31536: 1.981366e+00 1.583851e+00 1.565217e+00 6.645963e-01 1.863354e-01 1.863354e-02
31536: 1.975309e+00 1.592593e+00 1.567901e+00 6.604938e-01 1.851852e-01 1.851852e-02
31536: 1.987730e+00 1.588957e+00 1.564417e+00 6.564417e-01 1.840491e-01 1.840491e-02
31536: 1.981707e+00 1.597561e+00 1.567073e+00 6.524390e-01 1.829268e-01 1.829268e-02
31536: 1.981818e+00 1.593939e+00 1.569697e+00 6.484848e-01 1.878788e-01 1.818182e-02
31536: 1.981928e+00 1.596386e+00 1.566265e+00 6.445783e-01 1.927711e-01 1.807229e-02
31536: 1.982036e+00 1.586826e+00 1.574850e+00 6.407186e-01 1.916168e-01 2.395210e-02
31536: 1.976190e+00 1.589286e+00 1.565476e+00 6.547619e-01 1.904762e-01 2.380952e-02
31536: 1.970414e+00 1.597633e+00 1.562130e+00 6.508876e-01 1.952663e-01 2.366864e-02
31536: 1.970588e+00 1.594118e+00 1.564706e+00 6.470588e-01 2.000000e-01 2.352941e-02
31536: 1.970760e+00 1.596491e+00 1.561404e+00 6.491228e-01 1.988304e-01 2.339181e-02
31536: 1.965116e+00 1.598837e+00 1.563953e+00 6.453488e-01 2.034884e-01 2.325581e-02
31536: 1.965318e+00 1.595376e+00 1.566474e+00 6.473988e-01 2.023121e-01 2.312139e-02
31536: 1.965517e+00 1.597701e+00 1.563218e+00 6.494253e-01 2.011494e-01 2.298851e-02
31536: 1.960000e+00 1.594286e+00 1.565714e+00 6.514286e-01 2.057143e-01 2.285714e-02
31536: 1.960227e+00 1.590909e+00 1.573864e+00 6.477273e-01 2.045455e-01 2.272727e-02
31536: 1.954802e+00 1.598870e+00 1.564972e+00 6.553672e-01 2.033898e-01 2.259887e-02
31536: 1.960674e+00 1.595506e+00 1.561798e+00 6.573034e-01 2.022472e-01 2.247191e-02
31536: 1.955307e+00 1.603352e+00 1.564246e+00 6.536313e-01 2.011173e-01 2.234637e-02
31536: 1.961111e+00 1.600000e+00 1.566667e+00 6.500000e-01 2.000000e-01 2.222222e-02
31536: 1.955801e+00 1.602210e+00 1.569061e+00 6.519337e-01 1.988950e-01 2.209945e-02
31536: 1.956044e+00 1.604396e+00 1.571429e+00 6.483516e-01 1.978022e-01 2.197802e-02
31536: 1.950820e+00 1.606557e+00 1.562842e+00 6.557377e-01 2.021858e-01 2.185792e-02
31536: 1.951087e+00 1.603261e+00 1.565217e+00 6.521739e-01 2.065217e-01 2.173913e-02
31536: 1.945946e+00 1.610811e+00 1.562162e+00 6.540541e-01 2.054054e-01 2.162162e-02
31536: 1.946237e+00 1.612903e+00 1.559140e+00 6.559140e-01 2.043011e-01 2.150538e-02
31536: 1.941176e+00 1.609626e+00 1.566845e+00 6.577540e-01 2.032086e-01 2.139037e-02
31536: 1.941489e+00 1.617021e+00 1.563830e+00 6.542553e-01 2.021277e-01 2.127660e-02
31536: 1.936508e+00 1.619048e+00 1.566138e+00 6.507937e-01 2.063492e-01 2.116402e-02
31536: 1.936842e+00 1.621053e+00 1.568421e+00 6.473684e-01 2.052632e-01 2.105263e-02
31536: 1.931937e+00 1.617801e+00 1.570681e+00 6.544503e-01 2.041885e-01 2.094241e-02
31536: 1.932292e+00 1.609375e+00 1.578125e+00 6.562500e-01 2.031250e-01 2.083333e-02
31536: 1.927461e+00 1.611399e+00 1.575130e+00 6.580311e-01 2.072539e-01 2.072539e-02
31536: 1.932990e+00 1.603093e+00 1.572165e+00 6.597938e-01 2.113402e-01 2.061856e-02
31536: 1.933333e+00 1.605128e+00 1.564103e+00 6.666667e-01 2.102564e-01 2.051282e-02
31536: 1.933673e+00 1.602041e+00 1.571429e+00 6.632653e-01 2.091837e-01 2.040816e-02
31536: 1.928934e+00 1.604061e+00 1.568528e+00 6.649746e-01 2.131980e-01 2.030457e-02
31536: 1.929293e+00 1.606061e+00 1.570707e+00 6.616162e-01 2.121212e-01 2.020202e-02
31536: 1.934673e+00 1.603015e+00 1.562814e+00 6.683417e-01 2.110553e-01 2.010050e-02
31536: 1.930000e+00 1.605000e+00 1.565000e+00 6.700000e-01 2.100000e-01 2.000000e-02
31536: 1.935323e+00 1.597015e+00 1.567164e+00 6.716418e-01 2.089552e-01 1.990050e-02
31536: 1.930693e+00 1.599010e+00 1.569307e+00 6.683168e-01 2.128713e-01 1.980198e-02
31536: 1.931034e+00 1.605911e+00 1.566502e+00 6.650246e-01 2.118227e-01 1.970443e-02
31536: 1.931373e+00 1.602941e+00 1.573529e+00 6.617647e-01 2.107843e-01 1.960784e-02
31536: 1.926829e+00 1.609756e+00 1.565854e+00 6.634146e-01 2.146341e-01 1.951220e-02
31536: 1.927184e+00 1.606796e+00 1.567961e+00 6.650485e-01 2.135922e-01 1.941748e-02
31536: 1.927536e+00 1.608696e+00 1.570048e+00 6.618357e-01 2.125604e-01 1.932367e-02
31536: 1.927885e+00 1.610577e+00 1.562500e+00 6.682692e-01 2.115385e-01 1.923077e-02
31536: 1.928230e+00 1.612440e+00 1.564593e+00 6.650718e-01 2.105263e-01 1.913876e-02
31536: 1.928571e+00 1.609524e+00 1.566667e+00 6.666667e-01 2.095238e-01 1.904762e-02
31536: 1.924171e+00 1.611374e+00 1.568720e+00 6.682464e-01 2.085308e-01 1.895735e-02
31536: 1.924528e+00 1.617925e+00 1.566038e+00 6.650943e-01 2.075472e-01 1.886792e-02
31536: 1.924883e+00 1.619718e+00 1.568075e+00 6.619718e-01 2.065728e-01 1.877934e-02
31536: 1.920561e+00 1.626168e+00 1.565421e+00 6.635514e-01 2.056075e-01 1.869159e-02
31536: 1.920930e+00 1.627907e+00 1.562791e+00 6.604651e-01 2.093023e-01 1.860465e-02
31536: 1.921296e+00 1.625000e+00 1.569444e+00 6.574074e-01 2.083333e-01 1.851852e-02
31536: 1.917051e+00 1.622120e+00 1.571429e+00 6.589862e-01 2.119816e-01 1.843318e-02
31536: 1.917431e+00 1.619266e+00 1.568807e+00 6.651376e-01 2.110092e-01 1.834862e-02
31536: 1.913242e+00 1.625571e+00 1.570776e+00 6.621005e-01 2.100457e-01 1.826484e-02
31536: 1.913636e+00 1.622727e+00 1.568182e+00 6.636364e-01 2.136364e-01 1.818182e-02
31536: 1.909502e+00 1.628959e+00 1.570136e+00 6.606335e-01 2.126697e-01 1.809955e-02
31536: 1.909910e+00 1.630631e+00 1.567568e+00 6.621622e-01 2.117117e-01 1.801802e-02
31536: 1.905830e+00 1.623318e+00 1.582960e+00 6.591928e-01 2.107623e-01 1.793722e-02
31536: 1.906250e+00 1.620536e+00 1.580357e+00 6.651786e-01 2.098214e-01 1.785714e-02
31536: 1.902222e+00 1.622222e+00 1.582222e+00 6.666667e-01 2.088889e-01 1.777778e-02
31536: 1.907080e+00 1.615044e+00 1.579646e+00 6.725664e-01 2.079646e-01 1.769912e-02
31536: 1.903084e+00 1.621145e+00 1.577093e+00 6.740088e-01 2.070485e-01 1.762115e-02
31536: 1.907895e+00 1.618421e+00 1.570175e+00 6.754386e-01 2.105263e-01 1.754386e-02
31536: 1.912664e+00 1.620087e+00 1.563319e+00 6.768559e-01 2.096070e-01 1.746725e-02
31536: 1.908696e+00 1.621739e+00 1.569565e+00 6.739130e-01 2.086957e-01 1.739130e-02
31536: 1.909091e+00 1.619048e+00 1.571429e+00 6.709957e-01 2.077922e-01 2.164502e-02
31536: 1.909483e+00 1.616379e+00 1.568966e+00 6.724138e-01 2.112069e-01 2.155172e-02
31536: 1.905579e+00 1.618026e+00 1.570815e+00 6.695279e-01 2.103004e-01 2.575107e-02
31536: 1.910256e+00 1.615385e+00 1.568376e+00 6.709402e-01 2.094017e-01 2.564103e-02
31536: 1.906383e+00 1.617021e+00 1.570213e+00 6.680851e-01 2.127660e-01 2.553191e-02
31536: 1.911017e+00 1.618644e+00 1.563559e+00 6.694915e-01 2.118644e-01 2.542373e-02
31536: 1.911392e+00 1.616034e+00 1.569620e+00 6.666667e-01 2.109705e-01 2.531646e-02
31536: 1.907563e+00 1.621849e+00 1.571429e+00 6.638655e-01 2.100840e-01 2.521008e-02
31536: 1.916318e+00 1.619247e+00 1.564854e+00 6.652720e-01 2.092050e-01 2.510460e-02
31536: 1.912500e+00 1.629167e+00 1.562500e+00 6.625000e-01 2.083333e-01 2.500000e-02
31536: 1.917012e+00 1.626556e+00 1.560166e+00 6.597510e-01 2.116183e-01 2.489627e-02
31536: 1.913223e+00 1.628099e+00 1.566116e+00 6.570248e-01 2.107438e-01 2.479339e-02
31536: 1.913580e+00 1.621399e+00 1.572016e+00 6.584362e-01 2.098765e-01 2.469136e-02
31536: 1.909836e+00 1.627049e+00 1.569672e+00 6.598361e-01 2.090164e-01 2.459016e-02
31536: 1.914286e+00 1.624490e+00 1.567347e+00 6.612245e-01 2.081633e-01 2.448980e-02
31536: 1.914634e+00 1.630081e+00 1.565041e+00 6.585366e-01 2.073171e-01 2.439024e-02
31536: 1.910931e+00 1.627530e+00 1.570850e+00 6.558704e-01 2.064777e-01 2.834008e-02
31536: 1.915323e+00 1.629032e+00 1.564516e+00 6.572581e-01 2.056452e-01 2.822581e-02
31536: 1.911647e+00 1.630522e+00 1.570281e+00 6.546185e-01 2.048193e-01 2.811245e-02
31536: 1.912000e+00 1.632000e+00 1.568000e+00 6.560000e-01 2.040000e-01 2.800000e-02
31536: 1.916335e+00 1.629482e+00 1.569721e+00 6.533865e-01 2.031873e-01 2.788845e-02
31536: 1.912698e+00 1.630952e+00 1.571429e+00 6.547619e-01 2.023810e-01 2.777778e-02
31536: 1.920949e+00 1.628458e+00 1.565217e+00 6.561265e-01 2.015810e-01 2.766798e-02
31536: 1.917323e+00 1.625984e+00 1.574803e+00 6.535433e-01 2.007874e-01 2.755906e-02
31536: 1.913725e+00 1.623529e+00 1.576471e+00 6.549020e-01 2.039216e-01 2.745098e-02
31536: 1.914062e+00 1.625000e+00 1.574219e+00 6.562500e-01 2.031250e-01 2.734375e-02
31536: 1.910506e+00 1.626459e+00 1.571984e+00 6.575875e-01 2.062257e-01 2.723735e-02
31536: 1.914729e+00 1.624031e+00 1.569767e+00 6.589147e-01 2.054264e-01 2.713178e-02
31536: 1.911197e+00 1.629344e+00 1.567568e+00 6.602317e-01 2.046332e-01 2.702703e-02
31536: 1.915385e+00 1.630769e+00 1.565385e+00 6.576923e-01 2.038462e-01 2.692308e-02
31536: 1.911877e+00 1.628352e+00 1.574713e+00 6.551724e-01 2.030651e-01 2.681992e-02
31536: 1.916031e+00 1.625954e+00 1.572519e+00 6.564885e-01 2.022901e-01 2.671756e-02
31536: 1.912548e+00 1.627376e+00 1.574144e+00 6.577947e-01 2.015209e-01 2.661597e-02
31536: 1.909091e+00 1.636364e+00 1.568182e+00 6.590909e-01 2.007576e-01 2.651515e-02
31536: 1.909434e+00 1.633962e+00 1.569811e+00 6.566038e-01 2.037736e-01 2.641509e-02
31536: 1.909774e+00 1.635338e+00 1.571429e+00 6.541353e-01 2.030075e-01 2.631579e-02
31536: 1.910112e+00 1.629213e+00 1.569288e+00 6.629213e-01 2.022472e-01 2.621723e-02
31536: 1.906716e+00 1.634328e+00 1.570896e+00 6.604478e-01 2.014925e-01 2.611940e-02
31536: 1.910781e+00 1.631970e+00 1.565056e+00 6.654275e-01 2.007435e-01 2.602230e-02
31536: 1.911111e+00 1.633333e+00 1.566667e+00 6.629630e-01 2.000000e-01 2.592593e-02
31536: 1.911439e+00 1.630996e+00 1.568266e+00 6.642066e-01 1.992620e-01 2.583026e-02
31536: 1.908088e+00 1.636029e+00 1.569853e+00 6.617647e-01 1.985294e-01 2.573529e-02
31536: 1.912088e+00 1.637363e+00 1.567766e+00 6.593407e-01 1.978022e-01 2.564103e-02
31536: 1.912409e+00 1.635036e+00 1.572993e+00 6.569343e-01 1.970803e-01 2.554745e-02
31536: 1.909091e+00 1.640000e+00 1.570909e+00 6.581818e-01 1.963636e-01 2.545455e-02
31536: 1.909420e+00 1.637681e+00 1.568841e+00 6.594203e-01 1.992754e-01 2.536232e-02
31536: 1.913357e+00 1.638989e+00 1.566787e+00 6.570397e-01 1.985560e-01 2.527076e-02
31536: 1.910072e+00 1.640288e+00 1.571942e+00 6.546763e-01 1.978417e-01 2.517986e-02
31536: 1.910394e+00 1.637993e+00 1.569892e+00 6.594982e-01 1.971326e-01 2.508961e-02
31536: 1.907143e+00 1.635714e+00 1.575000e+00 6.607143e-01 1.964286e-01 2.500000e-02
31536: 1.907473e+00 1.637011e+00 1.569395e+00 6.654804e-01 1.957295e-01 2.491103e-02
31536: 1.904255e+00 1.638298e+00 1.574468e+00 6.631206e-01 1.950355e-01 2.482270e-02
31536: 1.908127e+00 1.636042e+00 1.572438e+00 6.643110e-01 1.943463e-01 2.473498e-02
31536: 1.908451e+00 1.640845e+00 1.566901e+00 6.654930e-01 1.936620e-01 2.464789e-02
31536: 1.905263e+00 1.642105e+00 1.568421e+00 6.666667e-01 1.929825e-01 2.456140e-02
31536: 1.909091e+00 1.639860e+00 1.569930e+00 6.643357e-01 1.923077e-01 2.447552e-02
31536: 1.905923e+00 1.641115e+00 1.574913e+00 6.620209e-01 1.916376e-01 2.439024e-02
31536: 1.906250e+00 1.642361e+00 1.569444e+00 6.631944e-01 1.944444e-01 2.430556e-02
31536: 1.903114e+00 1.643599e+00 1.570934e+00 6.643599e-01 1.937716e-01 2.422145e-02
31536: 1.906897e+00 1.637931e+00 1.572414e+00 6.655172e-01 1.931034e-01 2.413793e-02
31536: 1.910653e+00 1.635739e+00 1.570447e+00 6.666667e-01 1.924399e-01 2.405498e-02
31536: 1.907534e+00 1.633562e+00 1.571918e+00 6.678082e-01 1.952055e-01 2.397260e-02
31536: 1.907850e+00 1.627986e+00 1.573379e+00 6.723549e-01 1.945392e-01 2.389078e-02
31536: 1.908163e+00 1.625850e+00 1.574830e+00 6.734694e-01 1.938776e-01 2.380952e-02
31536: 1.908475e+00 1.630508e+00 1.569492e+00 6.745763e-01 1.932203e-01 2.372881e-02
31536: 1.905405e+00 1.635135e+00 1.570946e+00 6.722973e-01 1.925676e-01 2.364865e-02
31536: 1.909091e+00 1.632997e+00 1.565657e+00 6.734007e-01 1.919192e-01 2.693603e-02
31536: 1.906040e+00 1.640940e+00 1.563758e+00 6.711409e-01 1.912752e-01 2.684564e-02
31536: 1.906355e+00 1.638796e+00 1.565217e+00 6.722408e-01 1.906355e-01 2.675585e-02
31536: 1.903333e+00 1.640000e+00 1.570000e+00 6.700000e-01 1.900000e-01 2.666667e-02
31536: 1.906977e+00 1.637874e+00 1.564784e+00 6.744186e-01 1.893688e-01 2.657807e-02
31536: 1.907285e+00 1.639073e+00 1.566225e+00 6.721854e-01 1.887417e-01 2.649007e-02
31536: 1.904290e+00 1.640264e+00 1.564356e+00 6.732673e-01 1.914191e-01 2.640264e-02
31536: 1.907895e+00 1.638158e+00 1.562500e+00 6.743421e-01 1.907895e-01 2.631579e-02
31536: 1.904918e+00 1.642623e+00 1.563934e+00 6.721311e-01 1.901639e-01 2.622951e-02
31536: 1.905229e+00 1.640523e+00 1.562092e+00 6.699346e-01 1.960784e-01 2.614379e-02
31536: 1.902280e+00 1.644951e+00 1.563518e+00 6.677524e-01 1.954397e-01 2.605863e-02
31536: 1.905844e+00 1.646104e+00 1.561688e+00 6.655844e-01 1.948052e-01 2.597403e-02
31536: 1.906149e+00 1.647249e+00 1.563107e+00 6.634304e-01 1.941748e-01 2.588997e-02
31536: 1.903226e+00 1.645161e+00 1.564516e+00 6.677419e-01 1.935484e-01 2.580645e-02
31536: 1.903537e+00 1.646302e+00 1.565916e+00 6.655949e-01 1.929260e-01 2.572347e-02
31536: 1.900641e+00 1.647436e+00 1.567308e+00 6.666667e-01 1.923077e-01 2.564103e-02
31536: 1.904153e+00 1.645367e+00 1.568690e+00 6.645367e-01 1.916933e-01 2.555911e-02
31536: 1.901274e+00 1.649682e+00 1.570064e+00 6.624204e-01 1.910828e-01 2.547771e-02
31536: 1.898413e+00 1.650794e+00 1.568254e+00 6.666667e-01 1.904762e-01 2.539683e-02
31536: 1.901899e+00 1.648734e+00 1.569620e+00 6.645570e-01 1.898734e-01 2.531646e-02
31536: 1.899054e+00 1.652997e+00 1.570978e+00 6.624606e-01 1.892744e-01 2.523659e-02
31536: 1.899371e+00 1.650943e+00 1.569182e+00 6.666667e-01 1.886792e-01 2.515723e-02
31536: 1.896552e+00 1.652038e+00 1.573668e+00 6.645768e-01 1.880878e-01 2.507837e-02
31536: 1.900000e+00 1.650000e+00 1.568750e+00 6.687500e-01 1.875000e-01 2.500000e-02
31536: 1.897196e+00 1.651090e+00 1.573209e+00 6.666667e-01 1.869159e-01 2.492212e-02
31536: 1.900621e+00 1.652174e+00 1.568323e+00 6.677019e-01 1.863354e-01 2.484472e-02
31536: 1.897833e+00 1.647059e+00 1.575851e+00 6.687307e-01 1.857585e-01 2.476780e-02
31536: 1.898148e+00 1.651235e+00 1.570988e+00 6.697531e-01 1.851852e-01 2.469136e-02
31536: 1.895385e+00 1.649231e+00 1.572308e+00 6.738462e-01 1.846154e-01 2.461538e-02
31536: 1.898773e+00 1.650307e+00 1.567485e+00 6.748466e-01 1.840491e-01 2.453988e-02
31536: 1.896024e+00 1.651376e+00 1.571865e+00 6.727829e-01 1.834862e-01 2.446483e-02
31536: 1.896341e+00 1.649390e+00 1.567073e+00 6.798780e-01 1.829268e-01 2.439024e-02
31536: 1.896657e+00 1.653495e+00 1.565350e+00 6.778116e-01 1.823708e-01 2.431611e-02
31536: 1.896970e+00 1.648485e+00 1.572727e+00 6.757576e-01 1.818182e-01 2.424242e-02
31536: 1.894260e+00 1.649547e+00 1.567976e+00 6.797583e-01 1.812689e-01 2.719033e-02
31536: 1.894578e+00 1.644578e+00 1.575301e+00 6.777108e-01 1.807229e-01 2.710843e-02
31536: 1.891892e+00 1.651652e+00 1.570571e+00 6.786787e-01 1.801802e-01 2.702703e-02
31536: 1.895210e+00 1.649701e+00 1.565868e+00 6.826347e-01 1.796407e-01 2.694611e-02
31536: 1.892537e+00 1.656716e+00 1.564179e+00 6.805970e-01 1.791045e-01 2.686567e-02
31536: 1.895833e+00 1.654762e+00 1.562500e+00 6.785714e-01 1.815476e-01 2.678571e-02
31536: 1.893175e+00 1.658754e+00 1.560831e+00 6.795252e-01 1.810089e-01 2.670623e-02
31536: 1.896450e+00 1.656805e+00 1.562130e+00 6.775148e-01 1.804734e-01 2.662722e-02
31536: 1.893805e+00 1.657817e+00 1.563422e+00 6.784661e-01 1.799410e-01 2.654867e-02
31536: 1.894118e+00 1.655882e+00 1.567647e+00 6.764706e-01 1.794118e-01 2.647059e-02
31536: 1.894428e+00 1.656891e+00 1.568915e+00 6.744868e-01 1.788856e-01 2.639296e-02
31536: 1.894737e+00 1.657895e+00 1.567251e+00 6.754386e-01 1.783626e-01 2.631579e-02
31536: 1.895044e+00 1.655977e+00 1.571429e+00 6.734694e-01 1.778426e-01 2.623907e-02
31536: 1.892442e+00 1.662791e+00 1.566860e+00 6.744186e-01 1.773256e-01 2.616279e-02
31536: 1.892754e+00 1.663768e+00 1.568116e+00 6.724638e-01 1.768116e-01 2.608696e-02
31536: 1.893064e+00 1.664740e+00 1.566474e+00 6.734104e-01 1.763006e-01 2.601156e-02
31536: 1.893372e+00 1.662824e+00 1.570605e+00 6.714697e-01 1.757925e-01 2.593660e-02
31536: 1.890805e+00 1.666667e+00 1.568966e+00 6.724138e-01 1.752874e-01 2.586207e-02
31536: 1.891117e+00 1.661891e+00 1.573066e+00 6.733524e-01 1.747851e-01 2.578797e-02
31536: 1.891429e+00 1.662857e+00 1.571429e+00 6.742857e-01 1.742857e-01 2.571429e-02
31536: 1.888889e+00 1.663818e+00 1.572650e+00 6.752137e-01 1.737892e-01 2.564103e-02
31536: 1.892045e+00 1.661932e+00 1.568182e+00 6.789773e-01 1.732955e-01 2.556818e-02
31536: 1.889518e+00 1.668555e+00 1.566572e+00 6.770538e-01 1.728045e-01 2.549575e-02
31536: 1.889831e+00 1.669492e+00 1.564972e+00 6.779661e-01 1.723164e-01 2.542373e-02
31536: 1.892958e+00 1.667606e+00 1.566197e+00 6.760563e-01 1.718310e-01 2.535211e-02
31536: 1.893258e+00 1.665730e+00 1.570225e+00 6.741573e-01 1.713483e-01 2.528090e-02
31536: 1.890756e+00 1.669468e+00 1.565826e+00 6.778711e-01 1.708683e-01 2.521008e-02
31536: 1.891061e+00 1.667598e+00 1.567039e+00 6.787709e-01 1.703911e-01 2.513966e-02
31536: 1.891365e+00 1.668524e+00 1.568245e+00 6.768802e-01 1.699164e-01 2.506964e-02
31536: 1.891667e+00 1.666667e+00 1.569444e+00 6.777778e-01 1.694444e-01 2.500000e-02
31536: 1.889197e+00 1.667590e+00 1.573407e+00 6.759003e-01 1.689751e-01 2.493075e-02
31536: 1.889503e+00 1.665746e+00 1.571823e+00 6.795580e-01 1.685083e-01 2.486188e-02
31536: 1.889807e+00 1.663912e+00 1.570248e+00 6.831956e-01 1.680441e-01 2.479339e-02
31536: 1.890110e+00 1.664835e+00 1.568681e+00 6.840659e-01 1.675824e-01 2.472527e-02
31536: 1.887671e+00 1.663014e+00 1.569863e+00 6.849315e-01 1.698630e-01 2.465753e-02
31536: 1.887978e+00 1.661202e+00 1.573770e+00 6.830601e-01 1.693989e-01 2.459016e-02
31536: 1.891008e+00 1.662125e+00 1.569482e+00 6.839237e-01 1.689373e-01 2.452316e-02
31536: 1.888587e+00 1.660326e+00 1.570652e+00 6.847826e-01 1.711957e-01 2.445652e-02
31536: 1.891599e+00 1.658537e+00 1.566396e+00 6.883469e-01 1.707317e-01 2.439024e-02
31536: 1.889189e+00 1.659459e+00 1.564865e+00 6.891892e-01 1.729730e-01 2.432432e-02
31536: 1.889488e+00 1.660377e+00 1.563342e+00 6.900270e-01 1.725067e-01 2.425876e-02
31536: 1.889785e+00 1.658602e+00 1.564516e+00 6.908602e-01 1.720430e-01 2.419355e-02
31536: 1.890080e+00 1.659517e+00 1.565684e+00 6.890080e-01 1.715818e-01 2.412869e-02
31536: 1.890374e+00 1.657754e+00 1.564171e+00 6.898396e-01 1.737968e-01 2.406417e-02
31536: 1.890667e+00 1.658667e+00 1.562667e+00 6.906667e-01 1.733333e-01 2.400000e-02
31536: 1.888298e+00 1.656915e+00 1.569149e+00 6.888298e-01 1.728723e-01 2.393617e-02
31536: 1.891247e+00 1.657825e+00 1.567639e+00 6.870027e-01 1.724138e-01 2.387268e-02
31536: 1.891534e+00 1.656085e+00 1.571429e+00 6.851852e-01 1.719577e-01 2.380952e-02
31536: 1.889182e+00 1.656992e+00 1.572559e+00 6.860158e-01 1.715040e-01 2.374670e-02
31536: 1.892105e+00 1.652632e+00 1.571053e+00 6.868421e-01 1.736842e-01 2.368421e-02
31536: 1.892388e+00 1.653543e+00 1.569554e+00 6.876640e-01 1.732283e-01 2.362205e-02
31536: 1.892670e+00 1.651832e+00 1.573298e+00 6.858639e-01 1.727749e-01 2.356021e-02
31536: 1.890339e+00 1.655352e+00 1.571802e+00 6.866841e-01 1.723238e-01 2.349869e-02
31536: 1.890625e+00 1.653646e+00 1.572917e+00 6.875000e-01 1.718750e-01 2.343750e-02
31536: 1.888312e+00 1.654545e+00 1.574026e+00 6.883117e-01 1.714286e-01 2.337662e-02
31536: 1.888601e+00 1.658031e+00 1.569948e+00 6.891192e-01 1.709845e-01 2.331606e-02
31536: 1.886305e+00 1.658915e+00 1.571059e+00 6.899225e-01 1.705426e-01 2.325581e-02
31536: 1.889175e+00 1.654639e+00 1.572165e+00 6.907216e-01 1.701031e-01 2.319588e-02
31536: 1.886889e+00 1.655527e+00 1.570694e+00 6.940874e-01 1.696658e-01 2.313625e-02
31536: 1.889744e+00 1.656410e+00 1.566667e+00 6.948718e-01 1.692308e-01 2.307692e-02
31536: 1.887468e+00 1.654731e+00 1.567775e+00 6.956522e-01 1.713555e-01 2.301790e-02
31536: 1.885204e+00 1.655612e+00 1.568878e+00 6.938776e-01 1.734694e-01 2.295918e-02
31536: 1.885496e+00 1.659033e+00 1.567430e+00 6.921120e-01 1.730280e-01 2.290076e-02
31536: 1.883249e+00 1.657360e+00 1.568528e+00 6.928934e-01 1.751269e-01 2.284264e-02
31536: 1.883544e+00 1.655696e+00 1.569620e+00 6.911392e-01 1.772152e-01 2.278481e-02
31536: 1.883838e+00 1.654040e+00 1.570707e+00 6.919192e-01 1.767677e-01 2.272727e-02
31536: 1.881612e+00 1.657431e+00 1.566751e+00 6.952141e-01 1.763224e-01 2.267003e-02
31536: 1.881910e+00 1.658291e+00 1.567839e+00 6.934673e-01 1.758794e-01 2.261307e-02
31536: 1.879699e+00 1.654135e+00 1.573935e+00 6.942356e-01 1.754386e-01 2.255639e-02
31536: 1.880000e+00 1.655000e+00 1.570000e+00 6.950000e-01 1.775000e-01 2.250000e-02
31536: 1.880299e+00 1.653367e+00 1.571072e+00 6.957606e-01 1.770574e-01 2.244389e-02
31536: 1.880597e+00 1.654229e+00 1.569652e+00 6.965174e-01 1.766169e-01 2.238806e-02
31536: 1.878412e+00 1.652605e+00 1.570720e+00 6.947891e-01 1.786600e-01 2.481390e-02
31536: 1.878713e+00 1.650990e+00 1.571782e+00 6.955446e-01 1.782178e-01 2.475248e-02
31536: 1.879012e+00 1.651852e+00 1.570370e+00 6.962963e-01 1.777778e-01 2.469136e-02
31536: 1.876847e+00 1.652709e+00 1.571429e+00 6.970443e-01 1.773399e-01 2.463054e-02
31536: 1.879607e+00 1.651106e+00 1.567568e+00 7.002457e-01 1.769042e-01 2.457002e-02
31536: 1.877451e+00 1.654412e+00 1.568627e+00 6.985294e-01 1.764706e-01 2.450980e-02
31536: 1.877751e+00 1.650367e+00 1.569682e+00 7.017115e-01 1.760391e-01 2.444988e-02
31536: 1.878049e+00 1.648780e+00 1.573171e+00 7.000000e-01 1.756098e-01 2.439024e-02
31536: 1.875912e+00 1.654501e+00 1.569343e+00 7.007299e-01 1.751825e-01 2.433090e-02
31536: 1.881068e+00 1.652913e+00 1.567961e+00 6.990291e-01 1.747573e-01 2.427184e-02
31536: 1.881356e+00 1.656174e+00 1.566586e+00 6.973366e-01 1.743341e-01 2.421308e-02
31536: 1.884058e+00 1.654589e+00 1.567633e+00 6.956522e-01 1.739130e-01 2.415459e-02
31536: 1.886747e+00 1.655422e+00 1.566265e+00 6.939759e-01 1.734940e-01 2.409639e-02
31536: 1.887019e+00 1.653846e+00 1.567308e+00 6.947115e-01 1.730769e-01 2.403846e-02
31536: 1.884892e+00 1.654676e+00 1.568345e+00 6.954436e-01 1.726619e-01 2.398082e-02
31536: 1.885167e+00 1.653110e+00 1.566986e+00 6.961722e-01 1.746411e-01 2.392344e-02
31536: 1.883055e+00 1.653938e+00 1.570406e+00 6.945107e-01 1.742243e-01 2.386635e-02
31536: 1.883333e+00 1.652381e+00 1.569048e+00 6.976190e-01 1.738095e-01 2.380952e-02
31536: 1.881235e+00 1.650831e+00 1.572447e+00 6.959620e-01 1.757720e-01 2.375297e-02
31536: 1.881517e+00 1.649289e+00 1.571090e+00 6.990521e-01 1.753555e-01 2.369668e-02
31536: 1.879433e+00 1.654846e+00 1.567376e+00 6.997636e-01 1.749409e-01 2.364066e-02
31536: 1.879717e+00 1.655660e+00 1.568396e+00 6.981132e-01 1.745283e-01 2.358491e-02
31536: 1.877647e+00 1.654118e+00 1.569412e+00 7.011765e-01 1.741176e-01 2.352941e-02
31536: 1.877934e+00 1.652582e+00 1.572770e+00 6.995305e-01 1.737089e-01 2.347418e-02
31536: 1.875878e+00 1.655738e+00 1.569087e+00 7.025761e-01 1.733021e-01 2.341920e-02
31536: 1.876168e+00 1.658879e+00 1.567757e+00 7.009346e-01 1.728972e-01 2.336449e-02
31536: 1.874126e+00 1.657343e+00 1.571096e+00 7.016317e-01 1.724942e-01 2.331002e-02
31536: 1.874419e+00 1.655814e+00 1.572093e+00 7.023256e-01 1.720930e-01 2.325581e-02
31536: 1.872390e+00 1.656613e+00 1.570766e+00 7.030162e-01 1.740139e-01 2.320186e-02
31536: 1.877315e+00 1.655093e+00 1.567130e+00 7.037037e-01 1.736111e-01 2.314815e-02
31536: 1.875289e+00 1.658199e+00 1.565820e+00 7.020785e-01 1.755196e-01 2.309469e-02
31536: 1.873272e+00 1.658986e+00 1.569124e+00 7.004608e-01 1.751152e-01 2.304147e-02
31536: 1.873563e+00 1.659770e+00 1.567816e+00 7.011494e-01 1.747126e-01 2.298851e-02
31536: 1.873853e+00 1.660550e+00 1.568807e+00 6.995413e-01 1.743119e-01 2.293578e-02
31536: 1.874142e+00 1.659039e+00 1.569794e+00 7.002288e-01 1.739130e-01 2.288330e-02
31536: 1.874429e+00 1.659817e+00 1.570776e+00 6.986301e-01 1.735160e-01 2.283105e-02
31536: 1.872437e+00 1.660592e+00 1.567198e+00 7.038724e-01 1.731207e-01 2.277904e-02
31536: 1.870455e+00 1.663636e+00 1.568182e+00 7.022727e-01 1.727273e-01 2.272727e-02
31536: 1.873016e+00 1.662132e+00 1.566893e+00 7.006803e-01 1.746032e-01 2.267574e-02
31536: 1.871041e+00 1.662896e+00 1.567873e+00 6.990950e-01 1.764706e-01 2.262443e-02
31536: 1.871332e+00 1.663657e+00 1.566591e+00 6.975169e-01 1.783296e-01 2.257336e-02
31536: 1.869369e+00 1.664414e+00 1.567568e+00 6.981982e-01 1.779279e-01 2.252252e-02
31536: 1.869663e+00 1.660674e+00 1.568539e+00 6.988764e-01 1.797753e-01 2.247191e-02
31536: 1.872197e+00 1.661435e+00 1.567265e+00 6.973094e-01 1.793722e-01 2.242152e-02
31536: 1.870246e+00 1.662192e+00 1.570470e+00 6.957494e-01 1.789709e-01 2.237136e-02
31536: 1.872768e+00 1.662946e+00 1.566964e+00 6.964286e-01 1.785714e-01 2.232143e-02
31536: 1.870824e+00 1.661470e+00 1.570156e+00 6.971047e-01 1.781737e-01 2.227171e-02
31536: 1.871111e+00 1.660000e+00 1.571111e+00 6.977778e-01 1.777778e-01 2.222222e-02
31536: 1.871397e+00 1.660754e+00 1.567627e+00 7.006652e-01 1.773836e-01 2.217295e-02
31536: 1.871681e+00 1.659292e+00 1.568584e+00 6.991150e-01 1.769912e-01 2.433628e-02
31536: 1.871965e+00 1.660044e+00 1.569536e+00 6.975717e-01 1.766004e-01 2.428256e-02
31536: 1.870044e+00 1.660793e+00 1.568282e+00 7.004405e-01 1.762115e-01 2.422907e-02
31536: 1.872527e+00 1.659341e+00 1.567033e+00 7.010989e-01 1.758242e-01 2.417582e-02
31536: 1.872807e+00 1.657895e+00 1.570175e+00 6.995614e-01 1.754386e-01 2.412281e-02
31536: 1.875274e+00 1.658643e+00 1.566740e+00 7.002188e-01 1.750547e-01 2.407002e-02
31536: 1.873362e+00 1.657205e+00 1.569869e+00 6.986900e-01 1.768559e-01 2.401747e-02
31536: 1.875817e+00 1.655773e+00 1.570806e+00 6.971678e-01 1.764706e-01 2.396514e-02
31536: 1.876087e+00 1.656522e+00 1.567391e+00 6.978261e-01 1.782609e-01 2.391304e-02
31536: 1.876356e+00 1.657267e+00 1.568330e+00 6.963124e-01 1.778742e-01 2.386117e-02
31536: 1.874459e+00 1.655844e+00 1.567100e+00 6.991342e-01 1.774892e-01 2.597403e-02
31536: 1.876890e+00 1.656587e+00 1.565875e+00 6.976242e-01 1.771058e-01 2.591793e-02
31536: 1.877155e+00 1.657328e+00 1.566810e+00 6.961207e-01 1.767241e-01 2.586207e-02
31536: 1.875269e+00 1.658065e+00 1.567742e+00 6.967742e-01 1.763441e-01 2.580645e-02
31536: 1.875536e+00 1.658798e+00 1.568670e+00 6.952790e-01 1.759657e-01 2.575107e-02
31536: 1.873662e+00 1.659529e+00 1.567452e+00 6.980728e-01 1.755889e-01 2.569593e-02
31536: 1.873932e+00 1.658120e+00 1.566239e+00 6.965812e-01 1.794872e-01 2.564103e-02
31536: 1.872068e+00 1.663113e+00 1.565032e+00 6.950959e-01 1.791045e-01 2.558635e-02
31536: 1.874468e+00 1.661702e+00 1.565957e+00 6.936170e-01 1.787234e-01 2.553191e-02
31536: 1.872611e+00 1.662420e+00 1.566879e+00 6.942675e-01 1.783439e-01 2.547771e-02
31536: 1.875000e+00 1.661017e+00 1.565678e+00 6.949153e-01 1.779661e-01 2.542373e-02
31536: 1.873150e+00 1.661734e+00 1.564482e+00 6.976744e-01 1.775899e-01 2.536998e-02
31536: 1.873418e+00 1.662447e+00 1.565401e+00 6.962025e-01 1.772152e-01 2.531646e-02
31536: 1.871579e+00 1.661053e+00 1.564211e+00 6.989474e-01 1.768421e-01 2.736842e-02
31536: 1.873950e+00 1.659664e+00 1.563025e+00 6.995798e-01 1.764706e-01 2.731092e-02
31536: 1.872117e+00 1.660377e+00 1.561845e+00 6.981132e-01 1.802935e-01 2.725367e-02
31536: 1.872385e+00 1.658996e+00 1.562762e+00 6.966527e-01 1.820084e-01 2.719665e-02
31536: 1.874739e+00 1.659708e+00 1.561587e+00 6.951983e-01 1.816284e-01 2.713987e-02
31536: 1.875000e+00 1.658333e+00 1.564583e+00 6.937500e-01 1.812500e-01 2.708333e-02
31536: 1.873181e+00 1.663202e+00 1.563410e+00 6.923077e-01 1.808732e-01 2.702703e-02
31536: 1.875519e+00 1.663900e+00 1.562241e+00 6.908714e-01 1.804979e-01 2.697095e-02
31536: 1.873706e+00 1.664596e+00 1.563147e+00 6.915114e-01 1.801242e-01 2.691511e-02
31536: 1.873967e+00 1.661157e+00 1.568182e+00 6.900826e-01 1.797521e-01 2.685950e-02
31536: 1.874227e+00 1.661856e+00 1.567010e+00 6.886598e-01 1.814433e-01 2.680412e-02
31536: 1.872428e+00 1.660494e+00 1.569959e+00 6.872428e-01 1.831276e-01 2.674897e-02
31536: 1.874743e+00 1.659138e+00 1.568789e+00 6.878850e-01 1.827515e-01 2.669405e-02
31536: 1.872951e+00 1.661885e+00 1.567623e+00 6.885246e-01 1.823770e-01 2.663934e-02
31536: 1.873211e+00 1.660532e+00 1.570552e+00 6.871166e-01 1.820041e-01 2.658487e-02
31536: 1.871429e+00 1.663265e+00 1.569388e+00 6.877551e-01 1.816327e-01 2.653061e-02
31536: 1.875764e+00 1.659878e+00 1.570265e+00 6.863544e-01 1.812627e-01 2.647658e-02
31536: 1.876016e+00 1.660569e+00 1.569106e+00 6.869919e-01 1.808943e-01 2.642276e-02
31536: 1.876268e+00 1.661258e+00 1.569980e+00 6.855984e-01 1.805274e-01 2.636917e-02
31536: 1.876518e+00 1.661943e+00 1.568826e+00 6.862348e-01 1.801619e-01 2.631579e-02
31536: 1.874747e+00 1.662626e+00 1.569697e+00 6.868687e-01 1.797980e-01 2.626263e-02
31536: 1.877016e+00 1.661290e+00 1.570565e+00 6.854839e-01 1.794355e-01 2.620968e-02
31536: 1.875252e+00 1.661972e+00 1.569416e+00 6.861167e-01 1.810865e-01 2.615694e-02
31536: 1.877510e+00 1.660643e+00 1.570281e+00 6.847390e-01 1.807229e-01 2.610442e-02
31536: 1.875752e+00 1.663327e+00 1.567134e+00 6.853707e-01 1.823647e-01 2.605210e-02
31536: 1.876000e+00 1.662000e+00 1.566000e+00 6.880000e-01 1.820000e-01 2.600000e-02
31536: 1.874251e+00 1.664671e+00 1.566866e+00 6.866267e-01 1.816367e-01 2.594810e-02
31536: 1.874502e+00 1.667331e+00 1.565737e+00 6.852590e-01 1.812749e-01 2.589641e-02
31536: 1.872763e+00 1.666004e+00 1.566600e+00 6.878728e-01 1.809145e-01 2.584493e-02
31536: 1.875000e+00 1.664683e+00 1.565476e+00 6.884921e-01 1.805556e-01 2.579365e-02
31536: 1.873267e+00 1.667327e+00 1.566337e+00 6.871287e-01 1.801980e-01 2.574257e-02
31536: 1.875494e+00 1.667984e+00 1.565217e+00 6.857708e-01 1.798419e-01 2.569170e-02
31536: 1.873767e+00 1.666667e+00 1.570020e+00 6.844181e-01 1.794872e-01 2.564103e-02
31536: 1.874016e+00 1.665354e+00 1.566929e+00 6.850394e-01 1.811024e-01 2.755906e-02
31536: 1.872299e+00 1.667976e+00 1.565815e+00 6.856582e-01 1.807466e-01 2.750491e-02
31536: 1.872549e+00 1.670588e+00 1.564706e+00 6.843137e-01 1.803922e-01 2.745098e-02
31536: 1.870841e+00 1.671233e+00 1.567515e+00 6.829746e-01 1.800391e-01 2.739726e-02
31536: 1.871094e+00 1.671875e+00 1.568359e+00 6.816406e-01 1.796875e-01 2.734375e-02
31536: 1.869396e+00 1.672515e+00 1.567251e+00 6.842105e-01 1.793372e-01 2.729045e-02
31536: 1.869650e+00 1.673152e+00 1.568093e+00 6.828794e-01 1.789883e-01 2.723735e-02
31536: 1.869903e+00 1.673786e+00 1.566990e+00 6.834951e-01 1.786408e-01 2.718447e-02
31536: 1.868217e+00 1.674419e+00 1.569767e+00 6.821705e-01 1.782946e-01 2.713178e-02
31536: 1.870406e+00 1.673114e+00 1.568665e+00 6.808511e-01 1.798839e-01 2.707930e-02
31536: 1.868726e+00 1.673745e+00 1.571429e+00 6.795367e-01 1.795367e-01 2.702703e-02
31536: 1.868979e+00 1.676301e+00 1.568401e+00 6.801541e-01 1.791908e-01 2.697495e-02
31536: 1.867308e+00 1.675000e+00 1.571154e+00 6.807692e-01 1.788462e-01 2.692308e-02
31536: 1.867562e+00 1.675624e+00 1.568138e+00 6.833013e-01 1.785029e-01 2.687140e-02
31536: 1.867816e+00 1.674330e+00 1.570881e+00 6.819923e-01 1.781609e-01 2.681992e-02
31536: 1.866157e+00 1.676864e+00 1.567878e+00 6.826004e-01 1.797323e-01 2.676864e-02
31536: 1.866412e+00 1.677481e+00 1.568702e+00 6.812977e-01 1.793893e-01 2.671756e-02
31536: 1.866667e+00 1.678095e+00 1.567619e+00 6.819048e-01 1.790476e-01 2.666667e-02
31536: 1.865019e+00 1.678707e+00 1.568441e+00 6.825095e-01 1.787072e-01 2.661597e-02
31536: 1.865275e+00 1.679317e+00 1.567362e+00 6.831120e-01 1.783681e-01 2.656546e-02
31536: 1.865530e+00 1.679924e+00 1.568182e+00 6.818182e-01 1.780303e-01 2.651515e-02
31536: 1.865784e+00 1.680529e+00 1.567108e+00 6.824197e-01 1.776938e-01 2.646503e-02
31536: 1.864151e+00 1.679245e+00 1.567925e+00 6.849057e-01 1.773585e-01 2.641509e-02
31536: 1.866290e+00 1.679849e+00 1.566855e+00 6.836158e-01 1.770245e-01 2.636535e-02
31536: 1.866541e+00 1.680451e+00 1.567669e+00 6.823308e-01 1.766917e-01 2.631579e-02
31536: 1.864916e+00 1.681051e+00 1.568480e+00 6.829268e-01 1.763602e-01 2.626642e-02
31536: 1.865169e+00 1.679775e+00 1.569288e+00 6.835206e-01 1.760300e-01 2.621723e-02
31536: 1.865421e+00 1.680374e+00 1.570093e+00 6.822430e-01 1.757009e-01 2.616822e-02
31536: 1.865672e+00 1.679104e+00 1.567164e+00 6.847015e-01 1.772388e-01 2.611940e-02
31536: 1.865922e+00 1.679702e+00 1.566108e+00 6.834264e-01 1.769088e-01 2.793296e-02
31536: 1.866171e+00 1.678439e+00 1.566914e+00 6.840149e-01 1.765799e-01 2.788104e-02
31536: 1.866419e+00 1.679035e+00 1.567718e+00 6.827458e-01 1.762523e-01 2.782931e-02
31536: 1.868519e+00 1.675926e+00 1.568519e+00 6.833333e-01 1.759259e-01 2.777778e-02
31536: 1.866913e+00 1.678373e+00 1.567468e+00 6.820702e-01 1.774492e-01 2.772643e-02
31536: 1.869004e+00 1.677122e+00 1.566421e+00 6.826568e-01 1.771218e-01 2.767528e-02
31536: 1.867403e+00 1.681400e+00 1.565378e+00 6.813996e-01 1.767956e-01 2.762431e-02
31536: 1.869485e+00 1.680147e+00 1.566176e+00 6.801471e-01 1.764706e-01 2.757353e-02
31536: 1.867890e+00 1.680734e+00 1.565138e+00 6.807339e-01 1.779817e-01 2.752294e-02
31536: 1.868132e+00 1.681319e+00 1.564103e+00 6.813187e-01 1.776557e-01 2.747253e-02
31536: 1.866545e+00 1.683729e+00 1.564899e+00 6.800731e-01 1.773309e-01 2.742230e-02
31536: 1.868613e+00 1.680657e+00 1.567518e+00 6.788321e-01 1.770073e-01 2.737226e-02
31536: 1.867031e+00 1.681239e+00 1.570128e+00 6.775956e-01 1.766849e-01 2.732240e-02
31536: 1.869091e+00 1.680000e+00 1.567273e+00 6.800000e-01 1.763636e-01 2.727273e-02
31536: 1.869328e+00 1.682396e+00 1.566243e+00 6.787659e-01 1.760436e-01 2.722323e-02
31536: 1.871377e+00 1.681159e+00 1.567029e+00 6.775362e-01 1.757246e-01 2.717391e-02
31536: 1.871609e+00 1.683544e+00 1.566004e+00 6.763110e-01 1.754069e-01 2.712477e-02
31536: 1.871841e+00 1.682310e+00 1.566787e+00 6.750903e-01 1.768953e-01 2.707581e-02
31536: 1.870270e+00 1.682883e+00 1.569369e+00 6.738739e-01 1.765766e-01 2.702703e-02
31536: 1.870504e+00 1.681655e+00 1.571942e+00 6.726619e-01 1.762590e-01 2.697842e-02
31536: 1.868941e+00 1.684022e+00 1.569120e+00 6.750449e-01 1.759425e-01 2.692998e-02
31536: 1.870968e+00 1.682796e+00 1.568100e+00 6.756272e-01 1.756272e-01 2.688172e-02
31536: 1.869410e+00 1.685152e+00 1.567084e+00 6.762075e-01 1.753131e-01 2.683363e-02
31536: 1.871429e+00 1.683929e+00 1.567857e+00 6.750000e-01 1.750000e-01 2.678571e-02
31536: 1.869875e+00 1.686275e+00 1.566845e+00 6.755793e-01 1.746881e-01 2.673797e-02
31536: 1.870107e+00 1.683274e+00 1.571174e+00 6.743772e-01 1.743772e-01 2.669039e-02
31536: 1.868561e+00 1.685613e+00 1.568384e+00 6.767318e-01 1.740675e-01 2.664298e-02
31536: 1.868794e+00 1.686170e+00 1.569149e+00 6.755319e-01 1.737589e-01 2.659574e-02
31536: 1.869027e+00 1.686726e+00 1.568142e+00 6.761062e-01 1.734513e-01 2.654867e-02
31536: 1.869258e+00 1.687279e+00 1.568905e+00 6.749117e-01 1.731449e-01 2.650177e-02
31536: 1.867725e+00 1.684303e+00 1.573192e+00 6.754850e-01 1.728395e-01 2.645503e-02
31536: 1.869718e+00 1.684859e+00 1.570423e+00 6.760563e-01 1.725352e-01 2.640845e-02
31536: 1.868190e+00 1.683656e+00 1.572935e+00 6.766257e-01 1.722320e-01 2.636204e-02
31536: 1.868421e+00 1.682456e+00 1.571930e+00 6.789474e-01 1.719298e-01 2.631579e-02
31536: 1.866900e+00 1.686515e+00 1.569177e+00 6.795096e-01 1.716287e-01 2.626970e-02
31536: 1.867133e+00 1.685315e+00 1.568182e+00 6.800699e-01 1.730769e-01 2.622378e-02
31536: 1.867365e+00 1.687609e+00 1.567190e+00 6.788831e-01 1.727749e-01 2.617801e-02
31536: 1.865854e+00 1.686411e+00 1.571429e+00 6.777003e-01 1.724739e-01 2.613240e-02
31536: 1.866087e+00 1.688696e+00 1.568696e+00 6.782609e-01 1.721739e-01 2.608696e-02
31536: 1.864583e+00 1.687500e+00 1.571181e+00 6.788194e-01 1.718750e-01 2.604167e-02
31536: 1.866551e+00 1.686308e+00 1.570191e+00 6.793761e-01 1.715771e-01 2.599653e-02
31536: 1.866782e+00 1.686851e+00 1.569204e+00 6.799308e-01 1.712803e-01 2.595156e-02
31536: 1.865285e+00 1.685665e+00 1.571675e+00 6.804836e-01 1.709845e-01 2.590674e-02
31536: 1.867241e+00 1.686207e+00 1.568966e+00 6.810345e-01 1.706897e-01 2.586207e-02
31536: 1.865749e+00 1.686747e+00 1.571429e+00 6.798623e-01 1.703959e-01 2.581756e-02
31536: 1.864261e+00 1.685567e+00 1.572165e+00 6.804124e-01 1.718213e-01 2.577320e-02
31536: 1.864494e+00 1.686106e+00 1.571184e+00 6.809605e-01 1.715266e-01 2.572899e-02
31536: 1.864726e+00 1.686644e+00 1.570205e+00 6.815068e-01 1.712329e-01 2.568493e-02
31536: 1.864957e+00 1.687179e+00 1.569231e+00 6.820513e-01 1.709402e-01 2.564103e-02
31536: 1.865188e+00 1.686007e+00 1.569966e+00 6.825939e-01 1.706485e-01 2.559727e-02
31536: 1.863714e+00 1.686542e+00 1.570698e+00 6.831346e-01 1.703578e-01 2.555366e-02
31536: 1.865646e+00 1.685374e+00 1.568027e+00 6.853741e-01 1.700680e-01 2.551020e-02
31536: 1.864177e+00 1.685908e+00 1.567063e+00 6.876061e-01 1.697793e-01 2.546689e-02
31536: 1.862712e+00 1.686441e+00 1.566102e+00 6.864407e-01 1.711864e-01 2.711864e-02
31536: 1.862944e+00 1.685279e+00 1.568528e+00 6.852792e-01 1.708968e-01 2.707276e-02
31536: 1.861486e+00 1.684122e+00 1.569257e+00 6.858108e-01 1.722973e-01 2.702703e-02
31536: 1.860034e+00 1.682968e+00 1.571669e+00 6.846543e-01 1.736931e-01 2.698145e-02
31536: 1.860269e+00 1.681818e+00 1.570707e+00 6.868687e-01 1.734007e-01 2.693603e-02
31536: 1.858824e+00 1.682353e+00 1.571429e+00 6.873950e-01 1.731092e-01 2.689076e-02
31536: 1.859060e+00 1.681208e+00 1.572148e+00 6.879195e-01 1.728188e-01 2.684564e-02
31536: 1.857621e+00 1.683417e+00 1.569514e+00 6.901173e-01 1.725293e-01 2.680067e-02
31536: 1.859532e+00 1.682274e+00 1.568562e+00 6.889632e-01 1.739130e-01 2.675585e-02
31536: 1.859766e+00 1.682805e+00 1.569282e+00 6.878130e-01 1.736227e-01 2.671119e-02
31536: 1.861667e+00 1.681667e+00 1.568333e+00 6.883333e-01 1.733333e-01 2.666667e-02
31536: 1.861897e+00 1.683860e+00 1.567388e+00 6.871880e-01 1.730449e-01 2.662230e-02
31536: 1.860465e+00 1.682724e+00 1.569767e+00 6.860465e-01 1.744186e-01 2.657807e-02
31536: 1.864013e+00 1.681592e+00 1.568823e+00 6.849088e-01 1.741294e-01 2.653400e-02
31536: 1.865894e+00 1.682119e+00 1.567881e+00 6.837748e-01 1.738411e-01 2.649007e-02
31536: 1.864463e+00 1.680992e+00 1.568595e+00 6.842975e-01 1.752066e-01 2.644628e-02
31536: 1.864686e+00 1.681518e+00 1.567657e+00 6.848185e-01 1.749175e-01 2.640264e-02
31536: 1.863262e+00 1.680395e+00 1.570016e+00 6.836903e-01 1.762768e-01 2.635914e-02
31536: 1.861842e+00 1.682566e+00 1.567434e+00 6.858553e-01 1.759868e-01 2.631579e-02
31536: 1.862069e+00 1.681445e+00 1.569787e+00 6.847291e-01 1.756979e-01 2.627258e-02
31536: 1.862295e+00 1.683607e+00 1.568852e+00 6.836066e-01 1.754098e-01 2.622951e-02
31536: 1.860884e+00 1.682488e+00 1.569558e+00 6.857610e-01 1.751227e-01 2.618658e-02
31536: 1.862745e+00 1.683007e+00 1.568627e+00 6.846405e-01 1.748366e-01 2.614379e-02
31536: 1.861338e+00 1.683524e+00 1.570962e+00 6.835237e-01 1.745514e-01 2.610114e-02
31536: 1.859935e+00 1.684039e+00 1.570033e+00 6.856678e-01 1.742671e-01 2.605863e-02
31536: 1.861789e+00 1.681301e+00 1.569106e+00 6.861789e-01 1.756098e-01 2.601626e-02
31536: 1.860390e+00 1.681818e+00 1.569805e+00 6.850649e-01 1.769481e-01 2.597403e-02
31536: 1.860616e+00 1.682334e+00 1.570502e+00 6.839546e-01 1.766613e-01 2.593193e-02
31536: 1.859223e+00 1.682848e+00 1.567961e+00 6.877023e-01 1.763754e-01 2.588997e-02
31536: 1.859451e+00 1.681745e+00 1.568659e+00 6.882068e-01 1.760905e-01 2.584814e-02
31536: 1.859677e+00 1.682258e+00 1.567742e+00 6.870968e-01 1.774194e-01 2.580645e-02
31536: 1.858293e+00 1.681159e+00 1.568438e+00 6.876006e-01 1.771337e-01 2.737520e-02
31536: 1.856913e+00 1.681672e+00 1.569132e+00 6.864952e-01 1.784566e-01 2.733119e-02
31536: 1.858748e+00 1.680578e+00 1.569823e+00 6.853933e-01 1.781701e-01 2.728732e-02
31536: 1.858974e+00 1.682692e+00 1.568910e+00 6.842949e-01 1.778846e-01 2.724359e-02
31536: 1.859200e+00 1.681600e+00 1.569600e+00 6.848000e-01 1.776000e-01 2.720000e-02
31536: 1.859425e+00 1.682109e+00 1.570288e+00 6.837061e-01 1.773163e-01 2.715655e-02
31536: 1.858054e+00 1.682616e+00 1.569378e+00 6.858054e-01 1.770335e-01 2.711324e-02
31536: 1.858280e+00 1.681529e+00 1.570064e+00 6.847134e-01 1.767516e-01 2.866242e-02
31536: 1.856916e+00 1.683625e+00 1.569157e+00 6.852146e-01 1.764706e-01 2.861685e-02
31536: 1.858730e+00 1.680952e+00 1.571429e+00 6.841270e-01 1.761905e-01 2.857143e-02
31536: 1.857369e+00 1.681458e+00 1.572108e+00 6.846276e-01 1.759113e-01 2.852615e-02
31536: 1.856013e+00 1.681962e+00 1.571203e+00 6.851266e-01 1.772152e-01 2.848101e-02
31536: 1.856240e+00 1.680885e+00 1.568720e+00 6.872038e-01 1.785150e-01 2.843602e-02
31536: 1.856467e+00 1.682965e+00 1.567823e+00 6.861199e-01 1.782334e-01 2.839117e-02
31536: 1.856693e+00 1.681890e+00 1.570079e+00 6.850394e-01 1.779528e-01 2.834646e-02
31536: 1.858491e+00 1.682390e+00 1.567610e+00 6.855346e-01 1.776730e-01 2.830189e-02
31536: 1.858713e+00 1.681319e+00 1.569859e+00 6.844584e-01 1.773940e-01 2.825746e-02
31536: 1.858934e+00 1.680251e+00 1.572100e+00 6.833856e-01 1.771160e-01 2.821317e-02
31536: 1.859155e+00 1.680751e+00 1.569640e+00 6.838811e-01 1.784038e-01 2.816901e-02
31536: 1.857813e+00 1.679688e+00 1.570312e+00 6.843750e-01 1.796875e-01 2.812500e-02
31536: 1.858034e+00 1.680187e+00 1.569423e+00 6.848674e-01 1.794072e-01 2.808112e-02
31536: 1.856698e+00 1.679128e+00 1.571651e+00 6.853583e-01 1.791277e-01 2.803738e-02
31536: 1.856921e+00 1.678072e+00 1.570762e+00 6.874028e-01 1.788491e-01 2.799378e-02
31536: 1.857143e+00 1.678571e+00 1.569876e+00 6.878882e-01 1.785714e-01 2.795031e-02
31536: 1.857364e+00 1.677519e+00 1.572093e+00 6.868217e-01 1.782946e-01 2.790698e-02
31536: 1.857585e+00 1.676471e+00 1.571207e+00 6.888545e-01 1.780186e-01 2.786378e-02
31536: 1.856260e+00 1.676971e+00 1.570325e+00 6.893354e-01 1.792890e-01 2.782071e-02
31536: 1.858025e+00 1.675926e+00 1.569444e+00 6.898148e-01 1.790123e-01 2.777778e-02
31536: 1.856703e+00 1.676425e+00 1.568567e+00 6.918336e-01 1.787365e-01 2.773498e-02
31536: 1.855385e+00 1.678462e+00 1.567692e+00 6.907692e-01 1.800000e-01 2.769231e-02
31536: 1.857143e+00 1.677419e+00 1.568356e+00 6.897081e-01 1.797235e-01 2.764977e-02
31536: 1.857362e+00 1.679448e+00 1.567485e+00 6.886503e-01 1.794479e-01 2.760736e-02
31536: 1.856049e+00 1.676876e+00 1.569678e+00 6.906585e-01 1.791730e-01 2.756508e-02
31536: 1.856269e+00 1.674312e+00 1.573394e+00 6.896024e-01 1.788991e-01 2.752294e-02
31536: 1.856489e+00 1.676336e+00 1.570992e+00 6.900763e-01 1.786260e-01 2.748092e-02
31536: 1.856707e+00 1.675305e+00 1.571646e+00 6.905488e-01 1.783537e-01 2.743902e-02
31536: 1.855403e+00 1.675799e+00 1.572298e+00 6.910198e-01 1.780822e-01 2.739726e-02
31536: 1.855623e+00 1.676292e+00 1.571429e+00 6.914894e-01 1.778116e-01 2.735562e-02
31536: 1.854325e+00 1.676783e+00 1.572079e+00 6.919575e-01 1.775417e-01 2.731411e-02
31536: 1.854545e+00 1.677273e+00 1.571212e+00 6.924242e-01 1.772727e-01 2.727273e-02
31536: 1.853253e+00 1.676248e+00 1.570348e+00 6.944024e-01 1.785174e-01 2.723147e-02
31536: 1.851964e+00 1.676737e+00 1.567976e+00 6.963746e-01 1.797583e-01 2.719033e-02
31536: 1.852187e+00 1.675716e+00 1.568627e+00 6.968326e-01 1.794872e-01 2.714932e-02
31536: 1.850904e+00 1.677711e+00 1.567771e+00 6.957831e-01 1.807229e-01 2.710843e-02
31536: 1.852632e+00 1.676692e+00 1.566917e+00 6.962406e-01 1.804511e-01 2.706767e-02
31536: 1.852853e+00 1.677177e+00 1.566066e+00 6.966967e-01 1.801802e-01 2.702703e-02
31536: 1.851574e+00 1.677661e+00 1.568216e+00 6.956522e-01 1.799100e-01 2.698651e-02
31536: 1.851796e+00 1.678144e+00 1.567365e+00 6.961078e-01 1.796407e-01 2.694611e-02
31536: 1.850523e+00 1.678625e+00 1.568012e+00 6.950673e-01 1.808670e-01 2.690583e-02
31536: 1.849254e+00 1.679104e+00 1.570149e+00 6.940299e-01 1.805970e-01 2.686567e-02
31536: 1.849478e+00 1.678092e+00 1.569300e+00 6.959762e-01 1.803279e-01 2.682563e-02
31536: 1.849702e+00 1.678571e+00 1.568452e+00 6.949405e-01 1.815476e-01 2.678571e-02
31536: 1.848440e+00 1.677563e+00 1.570579e+00 6.953938e-01 1.812779e-01 2.674591e-02
31536: 1.848665e+00 1.676558e+00 1.571217e+00 6.958457e-01 1.810089e-01 2.670623e-02
31536: 1.848889e+00 1.677037e+00 1.568889e+00 6.962963e-01 1.822222e-01 2.666667e-02
31536: 1.849112e+00 1.676036e+00 1.571006e+00 6.952663e-01 1.819527e-01 2.662722e-02
31536: 1.847858e+00 1.677991e+00 1.568685e+00 6.971935e-01 1.816839e-01 2.658789e-02
31536: 1.848083e+00 1.676991e+00 1.570796e+00 6.961652e-01 1.814159e-01 2.654867e-02
31536: 1.846834e+00 1.678940e+00 1.568483e+00 6.980854e-01 1.811487e-01 2.650957e-02
31536: 1.847059e+00 1.677941e+00 1.567647e+00 7.000000e-01 1.808824e-01 2.647059e-02
31536: 1.847283e+00 1.678414e+00 1.568282e+00 6.989721e-01 1.806167e-01 2.643172e-02
31536: 1.847507e+00 1.678886e+00 1.567449e+00 6.994135e-01 1.803519e-01 2.639296e-02
31536: 1.846266e+00 1.680820e+00 1.568082e+00 6.983895e-01 1.800878e-01 2.635432e-02
31536: 1.847953e+00 1.681287e+00 1.567251e+00 6.973684e-01 1.798246e-01 2.631579e-02
31536: 1.848175e+00 1.681752e+00 1.567883e+00 6.963504e-01 1.795620e-01 2.627737e-02
31536: 1.846939e+00 1.680758e+00 1.567055e+00 6.967930e-01 1.822157e-01 2.623907e-02
31536: 1.848617e+00 1.679767e+00 1.566230e+00 6.957787e-01 1.834061e-01 2.620087e-02
31536: 1.848837e+00 1.680233e+00 1.565407e+00 6.962209e-01 1.831395e-01 2.616279e-02
31536: 1.849057e+00 1.679245e+00 1.566038e+00 6.966618e-01 1.828737e-01 2.612482e-02
31536: 1.847826e+00 1.681159e+00 1.566667e+00 6.956522e-01 1.826087e-01 2.608696e-02
31536: 1.846599e+00 1.681621e+00 1.568741e+00 6.946454e-01 1.823444e-01 2.604920e-02
31536: 1.848266e+00 1.682081e+00 1.567919e+00 6.936416e-01 1.820809e-01 2.601156e-02
31536: 1.847042e+00 1.681097e+00 1.568543e+00 6.955267e-01 1.818182e-01 2.597403e-02
31536: 1.847262e+00 1.680115e+00 1.570605e+00 6.945245e-01 1.815562e-01 2.593660e-02
31536: 1.847482e+00 1.682014e+00 1.568345e+00 6.949640e-01 1.812950e-01 2.589928e-02
31536: 1.846264e+00 1.681034e+00 1.570402e+00 6.939655e-01 1.824713e-01 2.586207e-02
31536: 1.846485e+00 1.678623e+00 1.572453e+00 6.944046e-01 1.822095e-01 2.582496e-02
31536: 1.845272e+00 1.680516e+00 1.571633e+00 6.948424e-01 1.819484e-01 2.578797e-02
31536: 1.845494e+00 1.679542e+00 1.572246e+00 6.952790e-01 1.816881e-01 2.575107e-02
31536: 1.845714e+00 1.680000e+00 1.570000e+00 6.971429e-01 1.814286e-01 2.571429e-02
31536: 1.844508e+00 1.680456e+00 1.569187e+00 6.990014e-01 1.811698e-01 2.567760e-02
31536: 1.843305e+00 1.682336e+00 1.568376e+00 6.994302e-01 1.809117e-01 2.564103e-02
31536: 1.843528e+00 1.681366e+00 1.567568e+00 7.012802e-01 1.806543e-01 2.560455e-02
31536: 1.843750e+00 1.681818e+00 1.568182e+00 7.002841e-01 1.803977e-01 2.556818e-02
31536: 1.843972e+00 1.682270e+00 1.567376e+00 7.007092e-01 1.801418e-01 2.553191e-02
31536: 1.845609e+00 1.681303e+00 1.567989e+00 6.997167e-01 1.798867e-01 2.549575e-02
31536: 1.844413e+00 1.681754e+00 1.568600e+00 6.987270e-01 1.810467e-01 2.545969e-02
31536: 1.843220e+00 1.682203e+00 1.569209e+00 6.991525e-01 1.807910e-01 2.542373e-02
31536: 1.843441e+00 1.684062e+00 1.568406e+00 6.981664e-01 1.805360e-01 2.538787e-02
31536: 1.843662e+00 1.683099e+00 1.569014e+00 6.985915e-01 1.802817e-01 2.535211e-02
31536: 1.842475e+00 1.684951e+00 1.568214e+00 6.976090e-01 1.814346e-01 2.531646e-02
31536: 1.842697e+00 1.683989e+00 1.568820e+00 6.980337e-01 1.811798e-01 2.528090e-02
31536: 1.841515e+00 1.687237e+00 1.568022e+00 6.970547e-01 1.809257e-01 2.524544e-02
31536: 1.843137e+00 1.686275e+00 1.567227e+00 6.974790e-01 1.806723e-01 2.521008e-02
31536: 1.841958e+00 1.686713e+00 1.567832e+00 6.979021e-01 1.804196e-01 2.517483e-02
31536: 1.840782e+00 1.687151e+00 1.567039e+00 6.969274e-01 1.829609e-01 2.513966e-02
31536: 1.841004e+00 1.688982e+00 1.566248e+00 6.959554e-01 1.827057e-01 2.510460e-02
31536: 1.839833e+00 1.689415e+00 1.568245e+00 6.949861e-01 1.824513e-01 2.506964e-02
31536: 1.841446e+00 1.689847e+00 1.567455e+00 6.940195e-01 1.821975e-01 2.503477e-02
31536: 1.840278e+00 1.688889e+00 1.569444e+00 6.944444e-01 1.819444e-01 2.500000e-02
31536: 1.840499e+00 1.689320e+00 1.568655e+00 6.948682e-01 1.816921e-01 2.496533e-02
31536: 1.840720e+00 1.689751e+00 1.569252e+00 6.939058e-01 1.814404e-01 2.493075e-02
31536: 1.840941e+00 1.688797e+00 1.568465e+00 6.957123e-01 1.811895e-01 2.489627e-02
31536: 1.839779e+00 1.690608e+00 1.569061e+00 6.947514e-01 1.809392e-01 2.486188e-02
31536: 1.840000e+00 1.691034e+00 1.568276e+00 6.937931e-01 1.820690e-01 2.482759e-02
31536: 1.838843e+00 1.691460e+00 1.568871e+00 6.942149e-01 1.818182e-01 2.479339e-02
31536: 1.840440e+00 1.690509e+00 1.569464e+00 6.932600e-01 1.815681e-01 2.475928e-02
31536: 1.840659e+00 1.692308e+00 1.568681e+00 6.923077e-01 1.813187e-01 2.472527e-02
31536: 1.839506e+00 1.689986e+00 1.572016e+00 6.927298e-01 1.810700e-01 2.469136e-02
31536: 1.841096e+00 1.690411e+00 1.569863e+00 6.931507e-01 1.808219e-01 2.465753e-02
31536: 1.841313e+00 1.689466e+00 1.571819e+00 6.922025e-01 1.805746e-01 2.462380e-02
31536: 1.841530e+00 1.689891e+00 1.569672e+00 6.939891e-01 1.803279e-01 2.459016e-02
31536: 1.840382e+00 1.688950e+00 1.572988e+00 6.930423e-01 1.800819e-01 2.455662e-02
31536: 1.839237e+00 1.690736e+00 1.572207e+00 6.934605e-01 1.798365e-01 2.452316e-02
31536: 1.840816e+00 1.689796e+00 1.570068e+00 6.952381e-01 1.795918e-01 2.448980e-02
31536: 1.839674e+00 1.691576e+00 1.569293e+00 6.956522e-01 1.793478e-01 2.445652e-02
31536: 1.841248e+00 1.690638e+00 1.569878e+00 6.947083e-01 1.791045e-01 2.442334e-02
31536: 1.841463e+00 1.692412e+00 1.569106e+00 6.937669e-01 1.788618e-01 2.439024e-02
31536: 1.840325e+00 1.690122e+00 1.573748e+00 6.928281e-01 1.786198e-01 2.435724e-02
31536: 1.840541e+00 1.690541e+00 1.572973e+00 6.932432e-01 1.783784e-01 2.432432e-02
31536: 1.839406e+00 1.689609e+00 1.573549e+00 6.936572e-01 1.794872e-01 2.429150e-02
31536: 1.840970e+00 1.688679e+00 1.572776e+00 6.940701e-01 1.792453e-01 2.425876e-02
31536: 1.841184e+00 1.690444e+00 1.570659e+00 6.944818e-01 1.790040e-01 2.422611e-02
31536: 1.840054e+00 1.688172e+00 1.572581e+00 6.948925e-01 1.801075e-01 2.419355e-02
31536: 1.841611e+00 1.687248e+00 1.571812e+00 6.953020e-01 1.798658e-01 2.416107e-02
31536: 1.840483e+00 1.687668e+00 1.571046e+00 6.970509e-01 1.796247e-01 2.412869e-02
31536: 1.839357e+00 1.686747e+00 1.571620e+00 6.974565e-01 1.807229e-01 2.409639e-02
31536: 1.839572e+00 1.685829e+00 1.570856e+00 6.991979e-01 1.804813e-01 2.406417e-02
31536: 1.839786e+00 1.686248e+00 1.570093e+00 6.995995e-01 1.802403e-01 2.403204e-02
31536: 1.840000e+00 1.685333e+00 1.569333e+00 7.000000e-01 1.813333e-01 2.400000e-02
31536: 1.840213e+00 1.685752e+00 1.568575e+00 7.003995e-01 1.810919e-01 2.396804e-02
31536: 1.840426e+00 1.684840e+00 1.569149e+00 7.007979e-01 1.808511e-01 2.393617e-02
31536: 1.839309e+00 1.685259e+00 1.571049e+00 6.998672e-01 1.806109e-01 2.390438e-02
31536: 1.838196e+00 1.684350e+00 1.570292e+00 7.015915e-01 1.816976e-01 2.387268e-02
31536: 1.839735e+00 1.684768e+00 1.568212e+00 7.019868e-01 1.814570e-01 2.384106e-02
31536: 1.838624e+00 1.683862e+00 1.571429e+00 7.010582e-01 1.812169e-01 2.380952e-02
31536: 1.837517e+00 1.682959e+00 1.570674e+00 7.027741e-01 1.809775e-01 2.509908e-02
31536: 1.837731e+00 1.683377e+00 1.568602e+00 7.044855e-01 1.807388e-01 2.506596e-02
31536: 1.837945e+00 1.682477e+00 1.570487e+00 7.035573e-01 1.805007e-01 2.503294e-02
31536: 1.836842e+00 1.685526e+00 1.568421e+00 7.039474e-01 1.802632e-01 2.500000e-02
31536: 1.837057e+00 1.684625e+00 1.570302e+00 7.030223e-01 1.800263e-01 2.496715e-02
31536: 1.835958e+00 1.687664e+00 1.568241e+00 7.034121e-01 1.797900e-01 2.493438e-02
31536: 1.836173e+00 1.685452e+00 1.570118e+00 7.038008e-01 1.795544e-01 2.490170e-02
31536: 1.836387e+00 1.687173e+00 1.568063e+00 7.041885e-01 1.793194e-01 2.486911e-02
31536: 1.836601e+00 1.686275e+00 1.568627e+00 7.032680e-01 1.803922e-01 2.483660e-02
31536: 1.835509e+00 1.686684e+00 1.570496e+00 7.023499e-01 1.801567e-01 2.480418e-02
31536: 1.837027e+00 1.685789e+00 1.569752e+00 7.027379e-01 1.799218e-01 2.477184e-02
31536: 1.835938e+00 1.686198e+00 1.570312e+00 7.018229e-01 1.809896e-01 2.473958e-02
31536: 1.836151e+00 1.685306e+00 1.569571e+00 7.022107e-01 1.807542e-01 2.600780e-02
31536: 1.835065e+00 1.688312e+00 1.568831e+00 7.012987e-01 1.805195e-01 2.597403e-02
31536: 1.837873e+00 1.687419e+00 1.568093e+00 7.003891e-01 1.802853e-01 2.594034e-02
31536: 1.838083e+00 1.689119e+00 1.567358e+00 6.994819e-01 1.800518e-01 2.590674e-02
31536: 1.836999e+00 1.688228e+00 1.569211e+00 6.998706e-01 1.798189e-01 2.587322e-02
31536: 1.837209e+00 1.688630e+00 1.568475e+00 6.989664e-01 1.808786e-01 2.583979e-02
31536: 1.836129e+00 1.687742e+00 1.570323e+00 6.993548e-01 1.806452e-01 2.580645e-02
31536: 1.837629e+00 1.688144e+00 1.568299e+00 6.997423e-01 1.804124e-01 2.577320e-02
31536: 1.837838e+00 1.687259e+00 1.570142e+00 6.988417e-01 1.801802e-01 2.574003e-02
31536: 1.836761e+00 1.687661e+00 1.569409e+00 6.992288e-01 1.812339e-01 2.570694e-02
31536: 1.836970e+00 1.688062e+00 1.568678e+00 6.983312e-01 1.822850e-01 2.567394e-02
31536: 1.835897e+00 1.688462e+00 1.569231e+00 6.974359e-01 1.833333e-01 2.564103e-02
31536: 1.834827e+00 1.688860e+00 1.569782e+00 6.978233e-01 1.830986e-01 2.560819e-02
31536: 1.835038e+00 1.689258e+00 1.569054e+00 6.969309e-01 1.828645e-01 2.685422e-02
31536: 1.835249e+00 1.688378e+00 1.569604e+00 6.960409e-01 1.839080e-01 2.681992e-02
31536: 1.834184e+00 1.690051e+00 1.568878e+00 6.951531e-01 1.849490e-01 2.678571e-02
31536: 1.834395e+00 1.690446e+00 1.569427e+00 6.942675e-01 1.847134e-01 2.675159e-02
31536: 1.834606e+00 1.689567e+00 1.568702e+00 6.946565e-01 1.857506e-01 2.671756e-02
31536: 1.834816e+00 1.689962e+00 1.567980e+00 6.950445e-01 1.855146e-01 2.668361e-02
31536: 1.833756e+00 1.690355e+00 1.568528e+00 6.954315e-01 1.852792e-01 2.664975e-02
31536: 1.832700e+00 1.693283e+00 1.567807e+00 6.945501e-01 1.850444e-01 2.661597e-02
31536: 1.832911e+00 1.693671e+00 1.567089e+00 6.936709e-01 1.860759e-01 2.658228e-02
31536: 1.831858e+00 1.692794e+00 1.570164e+00 6.927939e-01 1.858407e-01 2.654867e-02
31536: 1.832071e+00 1.694444e+00 1.568182e+00 6.931818e-01 1.856061e-01 2.651515e-02
31536: 1.831021e+00 1.694830e+00 1.568726e+00 6.923077e-01 1.866330e-01 2.648172e-02
31536: 1.832494e+00 1.695214e+00 1.568010e+00 6.914358e-01 1.863980e-01 2.644836e-02
31536: 1.832704e+00 1.693082e+00 1.571069e+00 6.905660e-01 1.861635e-01 2.641509e-02
31536: 1.832915e+00 1.693467e+00 1.570352e+00 6.909548e-01 1.859296e-01 2.638191e-02
31536: 1.833124e+00 1.693852e+00 1.569636e+00 6.913425e-01 1.856964e-01 2.634881e-02
31536: 1.832080e+00 1.694236e+00 1.570175e+00 6.917293e-01 1.854637e-01 2.631579e-02
31536: 1.831039e+00 1.697121e+00 1.568210e+00 6.921151e-01 1.852315e-01 2.628285e-02
31536: 1.832500e+00 1.695000e+00 1.568750e+00 6.925000e-01 1.850000e-01 2.625000e-02
31536: 1.832709e+00 1.695381e+00 1.568040e+00 6.928839e-01 1.847690e-01 2.621723e-02
31536: 1.831671e+00 1.695761e+00 1.569825e+00 6.920200e-01 1.845387e-01 2.618454e-02
31536: 1.830635e+00 1.694894e+00 1.570361e+00 6.924035e-01 1.855542e-01 2.615193e-02
31536: 1.830846e+00 1.692786e+00 1.569652e+00 6.952736e-01 1.853234e-01 2.611940e-02
31536: 1.829814e+00 1.693168e+00 1.570186e+00 6.944099e-01 1.863354e-01 2.608696e-02
31536: 1.830025e+00 1.693548e+00 1.568238e+00 6.947891e-01 1.873449e-01 2.605459e-02
31536: 1.830235e+00 1.692689e+00 1.568773e+00 6.951673e-01 1.871128e-01 2.602230e-02
31536: 1.829208e+00 1.693069e+00 1.568069e+00 6.943069e-01 1.893564e-01 2.599010e-02
31536: 1.829419e+00 1.692213e+00 1.569839e+00 6.934487e-01 1.891224e-01 2.595797e-02
31536: 1.829630e+00 1.692593e+00 1.570370e+00 6.925926e-01 1.888889e-01 2.592593e-02
31536: 1.828607e+00 1.694205e+00 1.568434e+00 6.942047e-01 1.886560e-01 2.589396e-02
31536: 1.830049e+00 1.693350e+00 1.567734e+00 6.945813e-01 1.884236e-01 2.586207e-02
31536: 1.829028e+00 1.694957e+00 1.568266e+00 6.937269e-01 1.881919e-01 2.583026e-02
31536: 1.829238e+00 1.695332e+00 1.568796e+00 6.928747e-01 1.879607e-01 2.579853e-02
31536: 1.829448e+00 1.695706e+00 1.568098e+00 6.932515e-01 1.877301e-01 2.576687e-02
31536: 1.830882e+00 1.694853e+00 1.568627e+00 6.924020e-01 1.875000e-01 2.573529e-02
31536: 1.829865e+00 1.696450e+00 1.569155e+00 6.915545e-01 1.872705e-01 2.570379e-02
31536: 1.828851e+00 1.696822e+00 1.569682e+00 6.919315e-01 1.870416e-01 2.567237e-02
31536: 1.829060e+00 1.698413e+00 1.568987e+00 6.910867e-01 1.868132e-01 2.564103e-02
31536: 1.829268e+00 1.697561e+00 1.569512e+00 6.914634e-01 1.865854e-01 2.560976e-02
31536: 1.829476e+00 1.697929e+00 1.570037e+00 6.906212e-01 1.863581e-01 2.557856e-02
31536: 1.828467e+00 1.698297e+00 1.569343e+00 6.922141e-01 1.861314e-01 2.554745e-02
31536: 1.828676e+00 1.697448e+00 1.568651e+00 6.938032e-01 1.859052e-01 2.551640e-02
31536: 1.827670e+00 1.697816e+00 1.569175e+00 6.929612e-01 1.868932e-01 2.548544e-02
31536: 1.827879e+00 1.696970e+00 1.569697e+00 6.933333e-01 1.866667e-01 2.545455e-02
31536: 1.828087e+00 1.697337e+00 1.569007e+00 6.924939e-01 1.876513e-01 2.542373e-02
31536: 1.827086e+00 1.696493e+00 1.570738e+00 6.928658e-01 1.874244e-01 2.539299e-02
31536: 1.827295e+00 1.698068e+00 1.568841e+00 6.932367e-01 1.871981e-01 2.536232e-02
31536: 1.827503e+00 1.697226e+00 1.570567e+00 6.924005e-01 1.869723e-01 2.533172e-02
31536: 1.826506e+00 1.698795e+00 1.569880e+00 6.927711e-01 1.867470e-01 2.530120e-02
31536: 1.825511e+00 1.699158e+00 1.569194e+00 6.931408e-01 1.877256e-01 2.527076e-02
31536: 1.825721e+00 1.699519e+00 1.569712e+00 6.923077e-01 1.875000e-01 2.524038e-02
31536: 1.824730e+00 1.699880e+00 1.569028e+00 6.926771e-01 1.884754e-01 2.521008e-02
31536: 1.826139e+00 1.699041e+00 1.568345e+00 6.930456e-01 1.882494e-01 2.517986e-02
31536: 1.827545e+00 1.698204e+00 1.568862e+00 6.922156e-01 1.880240e-01 2.514970e-02
31536: 1.827751e+00 1.698565e+00 1.569378e+00 6.913876e-01 1.877990e-01 2.511962e-02
31536: 1.826762e+00 1.698925e+00 1.568698e+00 6.917563e-01 1.887694e-01 2.508961e-02
31536: 1.826969e+00 1.698091e+00 1.568019e+00 6.921241e-01 1.897375e-01 2.505967e-02
31536: 1.827175e+00 1.698451e+00 1.567342e+00 6.924911e-01 1.895113e-01 2.502980e-02
31536: 1.826190e+00 1.698810e+00 1.569048e+00 6.916667e-01 1.892857e-01 2.500000e-02
31536: 1.826397e+00 1.697979e+00 1.570749e+00 6.908442e-01 1.890606e-01 2.497027e-02
31536: 1.826603e+00 1.698337e+00 1.568884e+00 6.923990e-01 1.888361e-01 2.494062e-02
31536: 1.826809e+00 1.697509e+00 1.570581e+00 6.915777e-01 1.886121e-01 2.491103e-02
31536: 1.825829e+00 1.699052e+00 1.568720e+00 6.919431e-01 1.895735e-01 2.488152e-02
31536: 1.824852e+00 1.700592e+00 1.569231e+00 6.911243e-01 1.893491e-01 2.485207e-02
31536: 1.827423e+00 1.699764e+00 1.568558e+00 6.903073e-01 1.891253e-01 2.482270e-02
31536: 1.826446e+00 1.701299e+00 1.569067e+00 6.894923e-01 1.889020e-01 2.479339e-02
31536: 1.826651e+00 1.700472e+00 1.570755e+00 6.886792e-01 1.886792e-01 2.476415e-02
31536: 1.825677e+00 1.700824e+00 1.568905e+00 6.902238e-01 1.896349e-01 2.473498e-02
31536: 1.827059e+00 1.700000e+00 1.568235e+00 6.905882e-01 1.894118e-01 2.470588e-02
31536: 1.826087e+00 1.700353e+00 1.568743e+00 6.897767e-01 1.903643e-01 2.467685e-02
31536: 1.826291e+00 1.700704e+00 1.568075e+00 6.901408e-01 1.901408e-01 2.464789e-02
31536: 1.826495e+00 1.699883e+00 1.569754e+00 6.893318e-01 1.899179e-01 2.461899e-02
31536: 1.825527e+00 1.701405e+00 1.569087e+00 6.896956e-01 1.896956e-01 2.459016e-02
31536: 1.825731e+00 1.699415e+00 1.570760e+00 6.900585e-01 1.894737e-01 2.456140e-02
31536: 1.824766e+00 1.700935e+00 1.568925e+00 6.915888e-01 1.892523e-01 2.453271e-02
31536: 1.824971e+00 1.700117e+00 1.569428e+00 6.919487e-01 1.890315e-01 2.450408e-02
31536: 1.825175e+00 1.701632e+00 1.568765e+00 6.911422e-01 1.888112e-01 2.447552e-02
31536: 1.826542e+00 1.700815e+00 1.569267e+00 6.903376e-01 1.885914e-01 2.444703e-02
31536: 1.825581e+00 1.702326e+00 1.569767e+00 6.895349e-01 1.883721e-01 2.441860e-02
31536: 1.826945e+00 1.701510e+00 1.569106e+00 6.898955e-01 1.881533e-01 2.439024e-02
31536: 1.825986e+00 1.701856e+00 1.569606e+00 6.890951e-01 1.890951e-01 2.436195e-02
31536: 1.828505e+00 1.701043e+00 1.568946e+00 6.882966e-01 1.888760e-01 2.433372e-02
31536: 1.827546e+00 1.702546e+00 1.568287e+00 6.886574e-01 1.886574e-01 2.430556e-02
31536: 1.828902e+00 1.701734e+00 1.568786e+00 6.878613e-01 1.884393e-01 2.427746e-02
31536: 1.827945e+00 1.702079e+00 1.570439e+00 6.870670e-01 1.882217e-01 2.424942e-02
31536: 1.829296e+00 1.700115e+00 1.569781e+00 6.885813e-01 1.880046e-01 2.422145e-02
31536: 1.829493e+00 1.700461e+00 1.569124e+00 6.889401e-01 1.877880e-01 2.419355e-02
31536: 1.828539e+00 1.699655e+00 1.570771e+00 6.892980e-01 1.875719e-01 2.416571e-02
31536: 1.828736e+00 1.700000e+00 1.570115e+00 6.896552e-01 1.873563e-01 2.413793e-02
31536: 1.830080e+00 1.699196e+00 1.569460e+00 6.900115e-01 1.871412e-01 2.411022e-02
31536: 1.829128e+00 1.699541e+00 1.571101e+00 6.892202e-01 1.869266e-01 2.408257e-02
31536: 1.828179e+00 1.698740e+00 1.571592e+00 6.907216e-01 1.867125e-01 2.405498e-02
31536: 1.829519e+00 1.697941e+00 1.569794e+00 6.922197e-01 1.864989e-01 2.402746e-02
31536: 1.828571e+00 1.698286e+00 1.570286e+00 6.925714e-01 1.862857e-01 2.400000e-02
31536: 1.829909e+00 1.697489e+00 1.569635e+00 6.929224e-01 1.860731e-01 2.397260e-02
31536: 1.828962e+00 1.698974e+00 1.568985e+00 6.932725e-01 1.858609e-01 2.394527e-02
31536: 1.830296e+00 1.699317e+00 1.568337e+00 6.924829e-01 1.856492e-01 2.391800e-02
31536: 1.831627e+00 1.698521e+00 1.568828e+00 6.916951e-01 1.854380e-01 2.389078e-02
31536: 1.831818e+00 1.700000e+00 1.568182e+00 6.909091e-01 1.852273e-01 2.386364e-02
31536: 1.832009e+00 1.699205e+00 1.568672e+00 6.912599e-01 1.850170e-01 2.383655e-02
31536: 1.832200e+00 1.699546e+00 1.569161e+00 6.904762e-01 1.848073e-01 2.380952e-02
31536: 1.831257e+00 1.699887e+00 1.568516e+00 6.919592e-01 1.845980e-01 2.378256e-02
31536: 1.831448e+00 1.699095e+00 1.567873e+00 6.934389e-01 1.843891e-01 2.375566e-02
31536: 1.830508e+00 1.700565e+00 1.567232e+00 6.926554e-01 1.853107e-01 2.372881e-02
31536: 1.829571e+00 1.700903e+00 1.567720e+00 6.918736e-01 1.862302e-01 2.370203e-02
31536: 1.832018e+00 1.698985e+00 1.568207e+00 6.910936e-01 1.860203e-01 2.367531e-02
31536: 1.832207e+00 1.700450e+00 1.567568e+00 6.903153e-01 1.858108e-01 2.364865e-02
31536: 1.831271e+00 1.699663e+00 1.569179e+00 6.906637e-01 1.856018e-01 2.362205e-02
31536: 1.832584e+00 1.698876e+00 1.569663e+00 6.898876e-01 1.853933e-01 2.359551e-02
31536: 1.831650e+00 1.700337e+00 1.569024e+00 6.891134e-01 1.863075e-01 2.356902e-02
31536: 1.831839e+00 1.699552e+00 1.570628e+00 6.883408e-01 1.860987e-01 2.354260e-02
31536: 1.830907e+00 1.701008e+00 1.568869e+00 6.898096e-01 1.858903e-01 2.351624e-02
31536: 1.831096e+00 1.701342e+00 1.569351e+00 6.890380e-01 1.856823e-01 2.348993e-02
31536: 1.830168e+00 1.702793e+00 1.568715e+00 6.893855e-01 1.854749e-01 2.346369e-02
31536: 1.831473e+00 1.702009e+00 1.569196e+00 6.886161e-01 1.852679e-01 2.343750e-02
31536: 1.830546e+00 1.702341e+00 1.570792e+00 6.878484e-01 1.850613e-01 2.341137e-02
31536: 1.830735e+00 1.703786e+00 1.569042e+00 6.881960e-01 1.848552e-01 2.338530e-02
31536: 1.830923e+00 1.701891e+00 1.570634e+00 6.874305e-01 1.857620e-01 2.335929e-02
31536: 1.831111e+00 1.702222e+00 1.570000e+00 6.877778e-01 1.855556e-01 2.333333e-02
31536: 1.832408e+00 1.701443e+00 1.569367e+00 6.881243e-01 1.853496e-01 2.330744e-02
31536: 1.831486e+00 1.702882e+00 1.569845e+00 6.873614e-01 1.851441e-01 2.328160e-02
31536: 1.831672e+00 1.703212e+00 1.570321e+00 6.866002e-01 1.849391e-01 2.325581e-02
31536: 1.830752e+00 1.703540e+00 1.568584e+00 6.891593e-01 1.847345e-01 2.323009e-02
31536: 1.830939e+00 1.703867e+00 1.569061e+00 6.883978e-01 1.845304e-01 2.320442e-02
31536: 1.830022e+00 1.703091e+00 1.569536e+00 6.898455e-01 1.843267e-01 2.317881e-02
31536: 1.830209e+00 1.703418e+00 1.570011e+00 6.890849e-01 1.841235e-01 2.315325e-02
31536: 1.830396e+00 1.702643e+00 1.568282e+00 6.905286e-01 1.850220e-01 2.312775e-02
31536: 1.830583e+00 1.704070e+00 1.567657e+00 6.897690e-01 1.848185e-01 2.310231e-02
31536: 1.830769e+00 1.703297e+00 1.568132e+00 6.890110e-01 1.857143e-01 2.307692e-02
31536: 1.830955e+00 1.704720e+00 1.567508e+00 6.882547e-01 1.855104e-01 2.305159e-02
31536: 1.830044e+00 1.703947e+00 1.569079e+00 6.885965e-01 1.853070e-01 2.302632e-02
31536: 1.830230e+00 1.704272e+00 1.569551e+00 6.878423e-01 1.851041e-01 2.300110e-02
31536: 1.830416e+00 1.703501e+00 1.570022e+00 6.881838e-01 1.849015e-01 2.297593e-02
31536: 1.830601e+00 1.703825e+00 1.568306e+00 6.896175e-01 1.846995e-01 2.295082e-02
31536: 1.830786e+00 1.703057e+00 1.569869e+00 6.888646e-01 1.844978e-01 2.292576e-02
31536: 1.830971e+00 1.704471e+00 1.569248e+00 6.881134e-01 1.842966e-01 2.290076e-02
31536: 1.830065e+00 1.704793e+00 1.569717e+00 6.884532e-01 1.840959e-01 2.287582e-02
31536: 1.830250e+00 1.705114e+00 1.569097e+00 6.887922e-01 1.838955e-01 2.285092e-02
31536: 1.830435e+00 1.704348e+00 1.570652e+00 6.880435e-01 1.836957e-01 2.282609e-02
31536: 1.829533e+00 1.704669e+00 1.570033e+00 6.883822e-01 1.834962e-01 2.388708e-02
31536: 1.828633e+00 1.704989e+00 1.569414e+00 6.898048e-01 1.832972e-01 2.386117e-02
31536: 1.828819e+00 1.704225e+00 1.569881e+00 6.901408e-01 1.830986e-01 2.383532e-02
31536: 1.829004e+00 1.703463e+00 1.571429e+00 6.893939e-01 1.829004e-01 2.380952e-02
31536: 1.828108e+00 1.702703e+00 1.571892e+00 6.908108e-01 1.827027e-01 2.378378e-02
31536: 1.828294e+00 1.701944e+00 1.571274e+00 6.911447e-01 1.835853e-01 2.375810e-02
31536: 1.827400e+00 1.703344e+00 1.570658e+00 6.914779e-01 1.833873e-01 2.373247e-02
31536: 1.826509e+00 1.703664e+00 1.570043e+00 6.928879e-01 1.831897e-01 2.370690e-02
31536: 1.827772e+00 1.702906e+00 1.569429e+00 6.932185e-01 1.829925e-01 2.368138e-02
31536: 1.826882e+00 1.704301e+00 1.569892e+00 6.924731e-01 1.827957e-01 2.365591e-02
31536: 1.825994e+00 1.704619e+00 1.571429e+00 6.917293e-01 1.825994e-01 2.363050e-02
31536: 1.826180e+00 1.704936e+00 1.569742e+00 6.920601e-01 1.824034e-01 2.467811e-02
31536: 1.825295e+00 1.704180e+00 1.571275e+00 6.923901e-01 1.822079e-01 2.465166e-02
31536: 1.825482e+00 1.704497e+00 1.570664e+00 6.927195e-01 1.820128e-01 2.462527e-02
31536: 1.824599e+00 1.703743e+00 1.571123e+00 6.930481e-01 1.828877e-01 2.459893e-02
31536: 1.824786e+00 1.704060e+00 1.570513e+00 6.933761e-01 1.826923e-01 2.457265e-02
31536: 1.823906e+00 1.703308e+00 1.569904e+00 6.958378e-01 1.824973e-01 2.454642e-02
31536: 1.826226e+00 1.702559e+00 1.569296e+00 6.950959e-01 1.823028e-01 2.452026e-02
31536: 1.826411e+00 1.702875e+00 1.568690e+00 6.954207e-01 1.821086e-01 2.449414e-02
31536: 1.825532e+00 1.702128e+00 1.570213e+00 6.957447e-01 1.819149e-01 2.446809e-02
31536: 1.825717e+00 1.701382e+00 1.570670e+00 6.960680e-01 1.817216e-01 2.444208e-02
31536: 1.825902e+00 1.701699e+00 1.570064e+00 6.963907e-01 1.815287e-01 2.441614e-02
31536: 1.826087e+00 1.700954e+00 1.570520e+00 6.967126e-01 1.813362e-01 2.439024e-02
31536: 1.825212e+00 1.701271e+00 1.569915e+00 6.980932e-01 1.811441e-01 2.436441e-02
31536: 1.825397e+00 1.700529e+00 1.571429e+00 6.973545e-01 1.809524e-01 2.433862e-02
31536: 1.824524e+00 1.700846e+00 1.569767e+00 6.987315e-01 1.818182e-01 2.431290e-02
31536: 1.825766e+00 1.700106e+00 1.570222e+00 6.979937e-01 1.816262e-01 2.428722e-02
31536: 1.825949e+00 1.700422e+00 1.569620e+00 6.983122e-01 1.814346e-01 2.426160e-02
31536: 1.826133e+00 1.699684e+00 1.571128e+00 6.975764e-01 1.812434e-01 2.423604e-02
31536: 1.826316e+00 1.700000e+00 1.569474e+00 6.978947e-01 1.821053e-01 2.421053e-02
31536: 1.825447e+00 1.700315e+00 1.569926e+00 6.971609e-01 1.829653e-01 2.418507e-02
31536: 1.825630e+00 1.700630e+00 1.569328e+00 6.974790e-01 1.827731e-01 2.415966e-02
31536: 1.824764e+00 1.700944e+00 1.570829e+00 6.967471e-01 1.825813e-01 2.413431e-02
31536: 1.825996e+00 1.700210e+00 1.569182e+00 6.970650e-01 1.834382e-01 2.410901e-02
31536: 1.826178e+00 1.700524e+00 1.569634e+00 6.963351e-01 1.832461e-01 2.408377e-02
31536: 1.826360e+00 1.699791e+00 1.570084e+00 6.966527e-01 1.830544e-01 2.405858e-02
31536: 1.826541e+00 1.701149e+00 1.568443e+00 6.969697e-01 1.828631e-01 2.403344e-02
31536: 1.826722e+00 1.701461e+00 1.568894e+00 6.962422e-01 1.826722e-01 2.400835e-02
31536: 1.827946e+00 1.700730e+00 1.568300e+00 6.965589e-01 1.824818e-01 2.398332e-02
31536: 1.827083e+00 1.702083e+00 1.568750e+00 6.958333e-01 1.822917e-01 2.395833e-02
31536: 1.828304e+00 1.701353e+00 1.568158e+00 6.961498e-01 1.821020e-01 2.393340e-02
31536: 1.827443e+00 1.702703e+00 1.568607e+00 6.954262e-01 1.819127e-01 2.390852e-02
31536: 1.827622e+00 1.701973e+00 1.569055e+00 6.947040e-01 1.827622e-01 2.388370e-02
31536: 1.827801e+00 1.702282e+00 1.569502e+00 6.939834e-01 1.825726e-01 2.385892e-02
31536: 1.827979e+00 1.701554e+00 1.568912e+00 6.943005e-01 1.834197e-01 2.383420e-02
31536: 1.829193e+00 1.701863e+00 1.568323e+00 6.935818e-01 1.832298e-01 2.380952e-02
31536: 1.829369e+00 1.702172e+00 1.568769e+00 6.928645e-01 1.830403e-01 2.378490e-02
31536: 1.830579e+00 1.700413e+00 1.569215e+00 6.931818e-01 1.828512e-01 2.376033e-02
31536: 1.829721e+00 1.702786e+00 1.568627e+00 6.924665e-01 1.826625e-01 2.373581e-02
31536: 1.829897e+00 1.703093e+00 1.568041e+00 6.927835e-01 1.824742e-01 2.371134e-02
31536: 1.829042e+00 1.703399e+00 1.569516e+00 6.920700e-01 1.822863e-01 2.368692e-02
31536: 1.830247e+00 1.702675e+00 1.569959e+00 6.913580e-01 1.820988e-01 2.366255e-02
31536: 1.831449e+00 1.702980e+00 1.569373e+00 6.906475e-01 1.819116e-01 2.363823e-02
31536: 1.831622e+00 1.702259e+00 1.570842e+00 6.899384e-01 1.817248e-01 2.361396e-02
31536: 1.830769e+00 1.702564e+00 1.570256e+00 6.912821e-01 1.815385e-01 2.358974e-02
31536: 1.831967e+00 1.701844e+00 1.569672e+00 6.915984e-01 1.813525e-01 2.356557e-02
31536: 1.831116e+00 1.702149e+00 1.570113e+00 6.908905e-01 1.821904e-01 2.354145e-02
31536: 1.830266e+00 1.701431e+00 1.569530e+00 6.912065e-01 1.840491e-01 2.351738e-02
31536: 1.831461e+00 1.700715e+00 1.569969e+00 6.905005e-01 1.838611e-01 2.349336e-02
31536: 1.830612e+00 1.701020e+00 1.570408e+00 6.897959e-01 1.846939e-01 2.346939e-02
31536: 1.829766e+00 1.702345e+00 1.569827e+00 6.901121e-01 1.845056e-01 2.344546e-02
31536: 1.829939e+00 1.700611e+00 1.570265e+00 6.894094e-01 1.863544e-01 2.342159e-02
31536: 1.831129e+00 1.700916e+00 1.568667e+00 6.897253e-01 1.861648e-01 2.339776e-02
31536: 1.831301e+00 1.701220e+00 1.569106e+00 6.890244e-01 1.859756e-01 2.337398e-02
31536: 1.830457e+00 1.701523e+00 1.569543e+00 6.893401e-01 1.857868e-01 2.335025e-02
31536: 1.830629e+00 1.701826e+00 1.569980e+00 6.886410e-01 1.855984e-01 2.332657e-02
31536: 1.829787e+00 1.701114e+00 1.569402e+00 6.909828e-01 1.854103e-01 2.330294e-02
31536: 1.829960e+00 1.702429e+00 1.568826e+00 6.902834e-01 1.852227e-01 2.327935e-02
31536: 1.829120e+00 1.702730e+00 1.569262e+00 6.895854e-01 1.850354e-01 2.426694e-02
31536: 1.828283e+00 1.703030e+00 1.569697e+00 6.898990e-01 1.848485e-01 2.424242e-02
31536: 1.828456e+00 1.703330e+00 1.570131e+00 6.892028e-01 1.846620e-01 2.421796e-02
31536: 1.827621e+00 1.703629e+00 1.569556e+00 6.905242e-01 1.844758e-01 2.419355e-02
31536: 1.827795e+00 1.704935e+00 1.568983e+00 6.898288e-01 1.842900e-01 2.416918e-02
31536: 1.826962e+00 1.705231e+00 1.569416e+00 6.891348e-01 1.851107e-01 2.414487e-02
31536: 1.827136e+00 1.705528e+00 1.569849e+00 6.884422e-01 1.849246e-01 2.412060e-02
31536: 1.826305e+00 1.704819e+00 1.570281e+00 6.897590e-01 1.847390e-01 2.409639e-02
31536: 1.826479e+00 1.704112e+00 1.569709e+00 6.910732e-01 1.845537e-01 2.407222e-02
31536: 1.826653e+00 1.703407e+00 1.571142e+00 6.903808e-01 1.843687e-01 2.404810e-02
31536: 1.826827e+00 1.704705e+00 1.569570e+00 6.906907e-01 1.841842e-01 2.402402e-02
Traceback (most recent call last):
31536: Done!
  File "/lowest-unique-number/tournament0/elexunix.py", line 25, in <module>
    input()
EOFError: EOF when reading a line
