Forked 31856
Starting to reopen 0 and 1
Calling execv `tournament0/alex_dany` (pid 31856)
31856: Started!
31856: Number of players: 6, position: 0, number of turns: 1000
31856: Random seed: 4084681951
Strategy 0: first ans is 1
Forked 31857
Starting to reopen 0 and 1
Calling execv `tournament0/fedro.py` (pid 31857)
Strategy 1: first ans is 0
Forked 31881
Starting to reopen 0 and 1
Calling execv `tournament0/lounres.py` (pid 31881)
Strategy 2: first ans is 1
Forked 31882
Starting to reopen 0 and 1
Calling execv `tournament0/the_best_strategy.py` (pid 31882)
Strategy 3: first ans is 0
Forked 31883
Starting to reopen 0 and 1
Calling execv `tournament0/pzakorko.py` (pid 31883)
Strategy 4: first ans is 0
Forked 31884
Starting to reopen 0 and 1
Calling execv `tournament0/elexunix.py` (pid 31884)
Strategy 5: first ans is 1
31856: 3.000000e+00 3.000000e+00 0.000000e+00 0.000000e+00 0.000000e+00 0.000000e+00
31856: 3.000000e+00 2.000000e+00 1.000000e+00 0.000000e+00 0.000000e+00 0.000000e+00
31856: 3.000000e+00 2.000000e+00 1.000000e+00 0.000000e+00 0.000000e+00 0.000000e+00
31856: 2.750000e+00 1.750000e+00 1.250000e+00 0.000000e+00 0.000000e+00 2.500000e-01
31856: 2.600000e+00 1.600000e+00 1.600000e+00 0.000000e+00 0.000000e+00 2.000000e-01
31856: 2.500000e+00 1.833333e+00 1.333333e+00 1.666667e-01 0.000000e+00 1.666667e-01
31856: 2.571429e+00 1.714286e+00 1.428571e+00 1.428571e-01 0.000000e+00 1.428571e-01
31856: 2.500000e+00 1.750000e+00 1.375000e+00 1.250000e-01 1.250000e-01 1.250000e-01
31856: 2.555556e+00 1.555556e+00 1.555556e+00 1.111111e-01 1.111111e-01 1.111111e-01
31856: 2.700000e+00 1.600000e+00 1.400000e+00 1.000000e-01 1.000000e-01 1.000000e-01
31856: 2.636364e+00 1.545455e+00 1.454545e+00 1.818182e-01 9.090909e-02 9.090909e-02
31856: 2.583333e+00 1.583333e+00 1.500000e+00 1.666667e-01 8.333333e-02 8.333333e-02
31856: 2.615385e+00 1.538462e+00 1.461538e+00 2.307692e-01 7.692308e-02 7.692308e-02
31856: 2.642857e+00 1.571429e+00 1.428571e+00 2.142857e-01 7.142857e-02 7.142857e-02
31856: 2.666667e+00 1.533333e+00 1.466667e+00 2.000000e-01 6.666667e-02 6.666667e-02
31856: 2.625000e+00 1.625000e+00 1.437500e+00 1.875000e-01 6.250000e-02 6.250000e-02
31856: 2.588235e+00 1.588235e+00 1.470588e+00 1.764706e-01 5.882353e-02 1.176471e-01
31856: 2.611111e+00 1.555556e+00 1.500000e+00 1.666667e-01 5.555556e-02 1.111111e-01
31856: 2.684211e+00 1.578947e+00 1.421053e+00 1.578947e-01 5.263158e-02 1.052632e-01
31856: 2.700000e+00 1.500000e+00 1.450000e+00 1.500000e-01 1.000000e-01 1.000000e-01
31856: 2.714286e+00 1.571429e+00 1.380952e+00 1.428571e-01 9.523810e-02 9.523810e-02
31856: 2.681818e+00 1.500000e+00 1.454545e+00 1.818182e-01 9.090909e-02 9.090909e-02
31856: 2.652174e+00 1.521739e+00 1.391304e+00 2.173913e-01 1.304348e-01 8.695652e-02
31856: 2.625000e+00 1.541667e+00 1.416667e+00 2.083333e-01 1.250000e-01 8.333333e-02
31856: 2.600000e+00 1.520000e+00 1.360000e+00 2.800000e-01 1.600000e-01 8.000000e-02
31856: 2.576923e+00 1.576923e+00 1.346154e+00 2.692308e-01 1.538462e-01 7.692308e-02
31856: 2.592593e+00 1.518519e+00 1.370370e+00 2.962963e-01 1.481481e-01 7.407407e-02
31856: 2.607143e+00 1.571429e+00 1.321429e+00 2.857143e-01 1.428571e-01 7.142857e-02
31856: 2.655172e+00 1.517241e+00 1.344828e+00 2.758621e-01 1.379310e-01 6.896552e-02
31856: 2.633333e+00 1.533333e+00 1.300000e+00 3.000000e-01 1.666667e-01 6.666667e-02
31856: 2.645161e+00 1.516129e+00 1.322581e+00 2.903226e-01 1.612903e-01 6.451613e-02
31856: 2.625000e+00 1.562500e+00 1.312500e+00 2.812500e-01 1.562500e-01 6.250000e-02
31856: 2.606061e+00 1.545455e+00 1.333333e+00 2.727273e-01 1.818182e-01 6.060606e-02
31856: 2.617647e+00 1.558824e+00 1.294118e+00 2.941176e-01 1.764706e-01 5.882353e-02
31856: 2.628571e+00 1.542857e+00 1.314286e+00 2.857143e-01 1.714286e-01 5.714286e-02
31856: 2.583333e+00 1.583333e+00 1.305556e+00 2.777778e-01 1.944444e-01 5.555556e-02
31856: 2.567568e+00 1.540541e+00 1.351351e+00 2.972973e-01 1.891892e-01 5.405405e-02
31856: 2.526316e+00 1.578947e+00 1.368421e+00 2.894737e-01 1.842105e-01 5.263158e-02
31856: 2.538462e+00 1.589744e+00 1.358974e+00 2.820513e-01 1.794872e-01 5.128205e-02
31856: 2.525000e+00 1.575000e+00 1.400000e+00 2.750000e-01 1.750000e-01 5.000000e-02
31856: 2.512195e+00 1.585366e+00 1.390244e+00 2.926829e-01 1.707317e-01 4.878049e-02
31856: 2.523810e+00 1.547619e+00 1.428571e+00 2.857143e-01 1.666667e-01 4.761905e-02
31856: 2.488372e+00 1.581395e+00 1.441860e+00 2.790698e-01 1.627907e-01 4.651163e-02
31856: 2.477273e+00 1.568182e+00 1.477273e+00 2.727273e-01 1.590909e-01 4.545455e-02
31856: 2.444444e+00 1.600000e+00 1.466667e+00 2.666667e-01 1.777778e-01 4.444444e-02
31856: 2.456522e+00 1.565217e+00 1.478261e+00 2.608696e-01 1.956522e-01 4.347826e-02
31856: 2.446809e+00 1.617021e+00 1.446809e+00 2.553191e-01 1.914894e-01 4.255319e-02
31856: 2.437500e+00 1.625000e+00 1.458333e+00 2.500000e-01 1.875000e-01 4.166667e-02
31856: 2.408163e+00 1.632653e+00 1.469388e+00 2.653061e-01 1.836735e-01 4.081633e-02
31856: 2.400000e+00 1.620000e+00 1.480000e+00 2.800000e-01 1.800000e-01 4.000000e-02
31856: 2.392157e+00 1.627451e+00 1.490196e+00 2.745098e-01 1.764706e-01 3.921569e-02
31856: 2.365385e+00 1.653846e+00 1.480769e+00 2.884615e-01 1.730769e-01 3.846154e-02
31856: 2.396226e+00 1.641509e+00 1.471698e+00 2.830189e-01 1.698113e-01 3.773585e-02
31856: 2.388889e+00 1.648148e+00 1.481481e+00 2.777778e-01 1.666667e-01 3.703704e-02
31856: 2.363636e+00 1.654545e+00 1.490909e+00 2.909091e-01 1.636364e-01 3.636364e-02
31856: 2.375000e+00 1.625000e+00 1.517857e+00 2.857143e-01 1.607143e-01 3.571429e-02
31856: 2.368421e+00 1.631579e+00 1.508772e+00 2.807018e-01 1.754386e-01 3.508772e-02
31856: 2.344828e+00 1.637931e+00 1.534483e+00 2.758621e-01 1.724138e-01 3.448276e-02
31856: 2.355932e+00 1.644068e+00 1.525424e+00 2.711864e-01 1.694915e-01 3.389831e-02
31856: 2.366667e+00 1.616667e+00 1.550000e+00 2.666667e-01 1.666667e-01 3.333333e-02
31856: 2.360656e+00 1.606557e+00 1.573770e+00 2.622951e-01 1.639344e-01 3.278689e-02
31856: 2.338710e+00 1.596774e+00 1.580645e+00 2.741935e-01 1.612903e-01 4.838710e-02
31856: 2.349206e+00 1.587302e+00 1.555556e+00 3.015873e-01 1.587302e-01 4.761905e-02
31856: 2.328125e+00 1.593750e+00 1.562500e+00 2.968750e-01 1.718750e-01 4.687500e-02
31856: 2.323077e+00 1.600000e+00 1.569231e+00 2.923077e-01 1.692308e-01 4.615385e-02
31856: 2.303030e+00 1.606061e+00 1.560606e+00 3.181818e-01 1.666667e-01 4.545455e-02
31856: 2.313433e+00 1.597015e+00 1.567164e+00 3.134328e-01 1.641791e-01 4.477612e-02
31856: 2.323529e+00 1.602941e+00 1.558824e+00 3.088235e-01 1.617647e-01 4.411765e-02
31856: 2.333333e+00 1.594203e+00 1.565217e+00 3.043478e-01 1.594203e-01 4.347826e-02
31856: 2.314286e+00 1.614286e+00 1.557143e+00 3.142857e-01 1.571429e-01 4.285714e-02
31856: 2.309859e+00 1.591549e+00 1.577465e+00 3.098592e-01 1.690141e-01 4.225352e-02
31856: 2.319444e+00 1.597222e+00 1.555556e+00 3.194444e-01 1.666667e-01 4.166667e-02
31856: 2.301370e+00 1.589041e+00 1.589041e+00 3.150685e-01 1.643836e-01 4.109589e-02
31856: 2.297297e+00 1.594595e+00 1.581081e+00 3.243243e-01 1.621622e-01 4.054054e-02
31856: 2.280000e+00 1.600000e+00 1.573333e+00 3.466667e-01 1.600000e-01 4.000000e-02
31856: 2.276316e+00 1.592105e+00 1.565789e+00 3.552632e-01 1.710526e-01 3.947368e-02
31856: 2.272727e+00 1.597403e+00 1.558442e+00 3.636364e-01 1.688312e-01 3.896104e-02
31856: 2.269231e+00 1.589744e+00 1.564103e+00 3.717949e-01 1.666667e-01 3.846154e-02
31856: 2.265823e+00 1.594937e+00 1.556962e+00 3.797468e-01 1.645570e-01 3.797468e-02
31856: 2.250000e+00 1.587500e+00 1.575000e+00 3.875000e-01 1.625000e-01 3.750000e-02
31856: 2.259259e+00 1.580247e+00 1.555556e+00 4.074074e-01 1.604938e-01 3.703704e-02
31856: 2.256098e+00 1.573171e+00 1.560976e+00 4.024390e-01 1.707317e-01 3.658537e-02
31856: 2.253012e+00 1.566265e+00 1.566265e+00 4.096386e-01 1.686747e-01 3.614458e-02
31856: 2.250000e+00 1.583333e+00 1.547619e+00 4.166667e-01 1.666667e-01 3.571429e-02
31856: 2.235294e+00 1.588235e+00 1.552941e+00 4.235294e-01 1.647059e-01 3.529412e-02
31856: 2.244186e+00 1.581395e+00 1.558140e+00 4.186047e-01 1.627907e-01 3.488372e-02
31856: 2.241379e+00 1.597701e+00 1.551724e+00 4.137931e-01 1.609195e-01 3.448276e-02
31856: 2.227273e+00 1.590909e+00 1.556818e+00 4.204545e-01 1.704545e-01 3.409091e-02
31856: 2.235955e+00 1.584270e+00 1.550562e+00 4.269663e-01 1.685393e-01 3.370787e-02
31856: 2.222222e+00 1.611111e+00 1.544444e+00 4.222222e-01 1.666667e-01 3.333333e-02
31856: 2.219780e+00 1.626374e+00 1.538462e+00 4.175824e-01 1.648352e-01 3.296703e-02
31856: 2.206522e+00 1.630435e+00 1.543478e+00 4.130435e-01 1.739130e-01 3.260870e-02
31856: 2.204301e+00 1.623656e+00 1.559140e+00 4.086022e-01 1.720430e-01 3.225806e-02
31856: 2.212766e+00 1.627660e+00 1.553191e+00 4.042553e-01 1.702128e-01 3.191489e-02
31856: 2.210526e+00 1.610526e+00 1.568421e+00 4.105263e-01 1.684211e-01 3.157895e-02
31856: 2.208333e+00 1.625000e+00 1.562500e+00 4.062500e-01 1.666667e-01 3.125000e-02
31856: 2.206186e+00 1.628866e+00 1.567010e+00 4.020619e-01 1.649485e-01 3.092784e-02
31856: 2.193878e+00 1.632653e+00 1.571429e+00 4.081633e-01 1.632653e-01 3.061224e-02
31856: 2.191919e+00 1.636364e+00 1.565657e+00 4.141414e-01 1.616162e-01 3.030303e-02
31856: 2.190000e+00 1.630000e+00 1.580000e+00 4.100000e-01 1.600000e-01 3.000000e-02
31856: 2.178218e+00 1.633663e+00 1.574257e+00 4.158416e-01 1.584158e-01 3.960396e-02
31856: 2.186275e+00 1.617647e+00 1.578431e+00 4.215686e-01 1.568627e-01 3.921569e-02
31856: 2.174757e+00 1.621359e+00 1.582524e+00 4.271845e-01 1.553398e-01 3.883495e-02
31856: 2.182692e+00 1.605769e+00 1.576923e+00 4.423077e-01 1.538462e-01 3.846154e-02
31856: 2.180952e+00 1.609524e+00 1.571429e+00 4.476190e-01 1.523810e-01 3.809524e-02
31856: 2.179245e+00 1.603774e+00 1.566038e+00 4.622642e-01 1.509434e-01 3.773585e-02
31856: 2.168224e+00 1.598131e+00 1.579439e+00 4.672897e-01 1.495327e-01 3.738318e-02
31856: 2.166667e+00 1.592593e+00 1.574074e+00 4.814815e-01 1.481481e-01 3.703704e-02
31856: 2.155963e+00 1.596330e+00 1.568807e+00 4.954128e-01 1.467890e-01 3.669725e-02
31856: 2.163636e+00 1.590909e+00 1.572727e+00 4.909091e-01 1.454545e-01 3.636364e-02
31856: 2.153153e+00 1.603604e+00 1.558559e+00 5.045045e-01 1.441441e-01 3.603604e-02
31856: 2.151786e+00 1.589286e+00 1.562500e+00 5.000000e-01 1.517857e-01 4.464286e-02
31856: 2.141593e+00 1.592920e+00 1.575221e+00 4.955752e-01 1.504425e-01 4.424779e-02
31856: 2.140351e+00 1.587719e+00 1.561404e+00 5.087719e-01 1.578947e-01 4.385965e-02
31856: 2.130435e+00 1.591304e+00 1.565217e+00 5.130435e-01 1.565217e-01 4.347826e-02
31856: 2.137931e+00 1.586207e+00 1.568966e+00 5.086207e-01 1.551724e-01 4.310345e-02
31856: 2.128205e+00 1.606838e+00 1.564103e+00 5.042735e-01 1.538462e-01 4.273504e-02
31856: 2.144068e+00 1.593220e+00 1.567797e+00 5.000000e-01 1.525424e-01 4.237288e-02
31856: 2.134454e+00 1.596639e+00 1.579832e+00 4.957983e-01 1.512605e-01 4.201681e-02
31856: 2.141667e+00 1.583333e+00 1.575000e+00 5.083333e-01 1.500000e-01 4.166667e-02
31856: 2.132231e+00 1.595041e+00 1.570248e+00 5.123967e-01 1.487603e-01 4.132231e-02
31856: 2.122951e+00 1.614754e+00 1.557377e+00 5.163934e-01 1.475410e-01 4.098361e-02
31856: 2.138211e+00 1.609756e+00 1.552846e+00 5.121951e-01 1.463415e-01 4.065041e-02
31856: 2.137097e+00 1.620968e+00 1.548387e+00 5.080645e-01 1.451613e-01 4.032258e-02
31856: 2.136000e+00 1.616000e+00 1.560000e+00 5.040000e-01 1.440000e-01 4.000000e-02
31856: 2.142857e+00 1.611111e+00 1.563492e+00 5.000000e-01 1.428571e-01 3.968254e-02
31856: 2.133858e+00 1.629921e+00 1.559055e+00 4.960630e-01 1.417323e-01 3.937008e-02
31856: 2.140625e+00 1.625000e+00 1.562500e+00 4.921875e-01 1.406250e-01 3.906250e-02
31856: 2.131783e+00 1.620155e+00 1.581395e+00 4.883721e-01 1.395349e-01 3.875969e-02
31856: 2.123077e+00 1.623077e+00 1.569231e+00 5.076923e-01 1.384615e-01 3.846154e-02
31856: 2.137405e+00 1.618321e+00 1.564885e+00 5.038168e-01 1.374046e-01 3.816794e-02
31856: 2.136364e+00 1.628788e+00 1.560606e+00 5.000000e-01 1.363636e-01 3.787879e-02
31856: 2.135338e+00 1.624060e+00 1.571429e+00 4.962406e-01 1.353383e-01 3.759398e-02
31856: 2.126866e+00 1.634328e+00 1.559701e+00 5.074627e-01 1.343284e-01 3.731343e-02
31856: 2.133333e+00 1.637037e+00 1.555556e+00 5.037037e-01 1.333333e-01 3.703704e-02
31856: 2.125000e+00 1.639706e+00 1.558824e+00 5.000000e-01 1.397059e-01 3.676471e-02
31856: 2.124088e+00 1.635036e+00 1.569343e+00 4.963504e-01 1.386861e-01 3.649635e-02
31856: 2.115942e+00 1.644928e+00 1.572464e+00 4.927536e-01 1.376812e-01 3.623188e-02
31856: 2.115108e+00 1.647482e+00 1.561151e+00 4.964029e-01 1.438849e-01 3.597122e-02
31856: 2.121429e+00 1.642857e+00 1.564286e+00 4.928571e-01 1.428571e-01 3.571429e-02
31856: 2.113475e+00 1.652482e+00 1.567376e+00 4.893617e-01 1.418440e-01 3.546099e-02
31856: 2.112676e+00 1.661972e+00 1.563380e+00 4.859155e-01 1.408451e-01 3.521127e-02
31856: 2.104895e+00 1.664336e+00 1.573427e+00 4.825175e-01 1.398601e-01 3.496503e-02
31856: 2.104167e+00 1.666667e+00 1.569444e+00 4.861111e-01 1.388889e-01 3.472222e-02
31856: 2.096552e+00 1.662069e+00 1.579310e+00 4.896552e-01 1.379310e-01 3.448276e-02
31856: 2.095890e+00 1.657534e+00 1.575342e+00 5.000000e-01 1.369863e-01 3.424658e-02
31856: 2.095238e+00 1.666667e+00 1.564626e+00 5.034014e-01 1.360544e-01 3.401361e-02
31856: 2.087838e+00 1.662162e+00 1.581081e+00 5.000000e-01 1.351351e-01 3.378378e-02
31856: 2.087248e+00 1.657718e+00 1.577181e+00 5.033557e-01 1.409396e-01 3.355705e-02
31856: 2.086667e+00 1.660000e+00 1.573333e+00 5.066667e-01 1.400000e-01 3.333333e-02
31856: 2.079470e+00 1.655629e+00 1.569536e+00 5.231788e-01 1.390728e-01 3.311258e-02
31856: 2.085526e+00 1.651316e+00 1.565789e+00 5.197368e-01 1.447368e-01 3.289474e-02
31856: 2.091503e+00 1.653595e+00 1.562092e+00 5.163399e-01 1.437908e-01 3.267974e-02
31856: 2.084416e+00 1.649351e+00 1.571429e+00 5.194805e-01 1.428571e-01 3.246753e-02
31856: 2.083871e+00 1.651613e+00 1.567742e+00 5.225806e-01 1.419355e-01 3.225806e-02
31856: 2.076923e+00 1.653846e+00 1.576923e+00 5.192308e-01 1.410256e-01 3.205128e-02
31856: 2.082803e+00 1.643312e+00 1.579618e+00 5.222930e-01 1.401274e-01 3.184713e-02
31856: 2.082278e+00 1.651899e+00 1.569620e+00 5.253165e-01 1.392405e-01 3.164557e-02
31856: 2.075472e+00 1.647799e+00 1.578616e+00 5.283019e-01 1.383648e-01 3.144654e-02
31856: 2.075000e+00 1.643750e+00 1.581250e+00 5.312500e-01 1.375000e-01 3.125000e-02
31856: 2.068323e+00 1.652174e+00 1.577640e+00 5.341615e-01 1.366460e-01 3.105590e-02
31856: 2.080247e+00 1.641975e+00 1.574074e+00 5.370370e-01 1.358025e-01 3.086420e-02
31856: 2.073620e+00 1.644172e+00 1.570552e+00 5.460123e-01 1.349693e-01 3.067485e-02
31856: 2.079268e+00 1.634146e+00 1.567073e+00 5.487805e-01 1.402439e-01 3.048780e-02
31856: 2.072727e+00 1.636364e+00 1.569697e+00 5.454545e-01 1.393939e-01 3.636364e-02
31856: 2.078313e+00 1.638554e+00 1.566265e+00 5.421687e-01 1.385542e-01 3.614458e-02
31856: 2.071856e+00 1.628743e+00 1.580838e+00 5.449102e-01 1.377246e-01 3.592814e-02
31856: 2.071429e+00 1.625000e+00 1.577381e+00 5.535714e-01 1.369048e-01 3.571429e-02
31856: 2.076923e+00 1.627219e+00 1.568047e+00 5.562130e-01 1.360947e-01 3.550296e-02
31856: 2.070588e+00 1.623529e+00 1.582353e+00 5.529412e-01 1.352941e-01 3.529412e-02
31856: 2.070175e+00 1.625731e+00 1.578947e+00 5.555556e-01 1.345029e-01 3.508772e-02
31856: 2.063953e+00 1.622093e+00 1.587209e+00 5.581395e-01 1.337209e-01 3.488372e-02
31856: 2.069364e+00 1.618497e+00 1.578035e+00 5.664740e-01 1.329480e-01 3.468208e-02
31856: 2.063218e+00 1.626437e+00 1.574713e+00 5.689655e-01 1.321839e-01 3.448276e-02
31856: 2.068571e+00 1.622857e+00 1.571429e+00 5.714286e-01 1.314286e-01 3.428571e-02
31856: 2.068182e+00 1.630682e+00 1.562500e+00 5.738636e-01 1.306818e-01 3.409091e-02
31856: 2.067797e+00 1.627119e+00 1.570621e+00 5.706215e-01 1.299435e-01 3.389831e-02
31856: 2.061798e+00 1.634831e+00 1.561798e+00 5.730337e-01 1.348315e-01 3.370787e-02
31856: 2.067039e+00 1.631285e+00 1.564246e+00 5.698324e-01 1.340782e-01 3.351955e-02
31856: 2.061111e+00 1.638889e+00 1.561111e+00 5.666667e-01 1.388889e-01 3.333333e-02
31856: 2.071823e+00 1.635359e+00 1.558011e+00 5.635359e-01 1.381215e-01 3.314917e-02
31856: 2.076923e+00 1.637363e+00 1.554945e+00 5.604396e-01 1.373626e-01 3.296703e-02
31856: 2.071038e+00 1.633880e+00 1.562842e+00 5.628415e-01 1.366120e-01 3.278689e-02
31856: 2.081522e+00 1.630435e+00 1.559783e+00 5.597826e-01 1.358696e-01 3.260870e-02
31856: 2.081081e+00 1.632432e+00 1.562162e+00 5.567568e-01 1.351351e-01 3.243243e-02
31856: 2.075269e+00 1.623656e+00 1.569892e+00 5.645161e-01 1.344086e-01 3.225806e-02
31856: 2.074866e+00 1.631016e+00 1.566845e+00 5.614973e-01 1.336898e-01 3.208556e-02
31856: 2.069149e+00 1.627660e+00 1.574468e+00 5.638298e-01 1.329787e-01 3.191489e-02
31856: 2.068783e+00 1.629630e+00 1.571429e+00 5.661376e-01 1.322751e-01 3.174603e-02
31856: 2.063158e+00 1.626316e+00 1.568421e+00 5.789474e-01 1.315789e-01 3.157895e-02
31856: 2.057592e+00 1.628272e+00 1.570681e+00 5.759162e-01 1.308901e-01 3.664921e-02
31856: 2.057292e+00 1.630208e+00 1.562500e+00 5.833333e-01 1.302083e-01 3.645833e-02
31856: 2.051813e+00 1.626943e+00 1.564767e+00 5.854922e-01 1.347150e-01 3.626943e-02
31856: 2.051546e+00 1.623711e+00 1.567010e+00 5.876289e-01 1.340206e-01 3.608247e-02
31856: 2.046154e+00 1.625641e+00 1.569231e+00 5.846154e-01 1.384615e-01 3.589744e-02
31856: 2.051020e+00 1.622449e+00 1.571429e+00 5.816327e-01 1.377551e-01 3.571429e-02
31856: 2.050761e+00 1.624365e+00 1.563452e+00 5.888325e-01 1.370558e-01 3.553299e-02
31856: 2.045455e+00 1.621212e+00 1.570707e+00 5.909091e-01 1.363636e-01 3.535354e-02
31856: 2.045226e+00 1.618090e+00 1.572864e+00 5.929648e-01 1.356784e-01 3.517588e-02
31856: 2.040000e+00 1.625000e+00 1.570000e+00 5.950000e-01 1.350000e-01 3.500000e-02
31856: 2.044776e+00 1.616915e+00 1.567164e+00 6.019900e-01 1.343284e-01 3.482587e-02
31856: 2.039604e+00 1.623762e+00 1.564356e+00 6.039604e-01 1.336634e-01 3.465347e-02
31856: 2.039409e+00 1.620690e+00 1.566502e+00 6.059113e-01 1.330049e-01 3.448276e-02
31856: 2.034314e+00 1.627451e+00 1.568627e+00 6.029412e-01 1.323529e-01 3.431373e-02
31856: 2.039024e+00 1.629268e+00 1.565854e+00 6.000000e-01 1.317073e-01 3.414634e-02
31856: 2.038835e+00 1.631068e+00 1.567961e+00 5.970874e-01 1.310680e-01 3.398058e-02
31856: 2.043478e+00 1.623188e+00 1.570048e+00 5.990338e-01 1.304348e-01 3.381643e-02
31856: 2.038462e+00 1.629808e+00 1.567308e+00 6.009615e-01 1.298077e-01 3.365385e-02
31856: 2.038278e+00 1.626794e+00 1.569378e+00 5.980861e-01 1.339713e-01 3.349282e-02
31856: 2.038095e+00 1.633333e+00 1.566667e+00 5.952381e-01 1.333333e-01 3.333333e-02
31856: 2.033175e+00 1.635071e+00 1.573460e+00 5.924171e-01 1.327014e-01 3.317536e-02
31856: 2.037736e+00 1.632075e+00 1.570755e+00 5.943396e-01 1.320755e-01 3.301887e-02
31856: 2.037559e+00 1.633803e+00 1.568075e+00 5.962441e-01 1.314554e-01 3.286385e-02
31856: 2.037383e+00 1.630841e+00 1.574766e+00 5.934579e-01 1.308411e-01 3.271028e-02
31856: 2.032558e+00 1.632558e+00 1.567442e+00 6.046512e-01 1.302326e-01 3.255814e-02
31856: 2.037037e+00 1.634259e+00 1.564815e+00 6.018519e-01 1.296296e-01 3.240741e-02
31856: 2.032258e+00 1.631336e+00 1.571429e+00 6.036866e-01 1.290323e-01 3.225806e-02
31856: 2.036697e+00 1.628440e+00 1.564220e+00 6.055046e-01 1.330275e-01 3.211009e-02
31856: 2.036530e+00 1.630137e+00 1.566210e+00 6.027397e-01 1.324201e-01 3.196347e-02
31856: 2.040909e+00 1.627273e+00 1.563636e+00 6.045455e-01 1.318182e-01 3.181818e-02
31856: 2.036199e+00 1.628959e+00 1.570136e+00 6.018100e-01 1.312217e-01 3.167421e-02
31856: 2.036036e+00 1.626126e+00 1.567568e+00 6.081081e-01 1.306306e-01 3.153153e-02
31856: 2.035874e+00 1.627803e+00 1.565022e+00 6.053812e-01 1.345291e-01 3.139013e-02
31856: 2.031250e+00 1.625000e+00 1.575893e+00 6.026786e-01 1.339286e-01 3.125000e-02
31856: 2.035556e+00 1.622222e+00 1.568889e+00 6.088889e-01 1.333333e-01 3.111111e-02
31856: 2.030973e+00 1.628319e+00 1.566372e+00 6.106195e-01 1.327434e-01 3.097345e-02
31856: 2.026432e+00 1.634361e+00 1.568282e+00 6.079295e-01 1.321586e-01 3.083700e-02
31856: 2.030702e+00 1.631579e+00 1.565789e+00 6.096491e-01 1.315789e-01 3.070175e-02
31856: 2.030568e+00 1.633188e+00 1.563319e+00 6.069869e-01 1.353712e-01 3.056769e-02
31856: 2.026087e+00 1.630435e+00 1.565217e+00 6.086957e-01 1.391304e-01 3.043478e-02
31856: 2.025974e+00 1.627706e+00 1.567100e+00 6.103896e-01 1.385281e-01 3.030303e-02
31856: 2.025862e+00 1.629310e+00 1.568966e+00 6.077586e-01 1.379310e-01 3.017241e-02
31856: 2.021459e+00 1.626609e+00 1.570815e+00 6.137339e-01 1.373391e-01 3.004292e-02
31856: 2.017094e+00 1.636752e+00 1.564103e+00 6.153846e-01 1.367521e-01 2.991453e-02
31856: 2.021277e+00 1.638298e+00 1.561702e+00 6.127660e-01 1.361702e-01 2.978723e-02
31856: 2.016949e+00 1.639831e+00 1.563559e+00 6.144068e-01 1.355932e-01 2.966102e-02
31856: 2.021097e+00 1.637131e+00 1.565401e+00 6.118143e-01 1.350211e-01 2.953586e-02
31856: 2.016807e+00 1.642857e+00 1.563025e+00 6.092437e-01 1.386555e-01 2.941176e-02
31856: 2.016736e+00 1.640167e+00 1.564854e+00 6.108787e-01 1.380753e-01 2.928870e-02
31856: 2.016667e+00 1.641667e+00 1.566667e+00 6.083333e-01 1.375000e-01 2.916667e-02
31856: 2.012448e+00 1.643154e+00 1.564315e+00 6.141079e-01 1.369295e-01 2.904564e-02
31856: 2.012397e+00 1.640496e+00 1.566116e+00 6.157025e-01 1.363636e-01 2.892562e-02
31856: 2.008230e+00 1.646091e+00 1.567901e+00 6.131687e-01 1.358025e-01 2.880658e-02
31856: 2.012295e+00 1.643443e+00 1.569672e+00 6.106557e-01 1.352459e-01 2.868852e-02
31856: 2.012245e+00 1.644898e+00 1.571429e+00 6.081633e-01 1.346939e-01 2.857143e-02
31856: 2.012195e+00 1.638211e+00 1.573171e+00 6.138211e-01 1.341463e-01 2.845528e-02
31856: 2.008097e+00 1.639676e+00 1.570850e+00 6.153846e-01 1.336032e-01 3.238866e-02
31856: 2.008065e+00 1.637097e+00 1.568548e+00 6.209677e-01 1.330645e-01 3.225806e-02
31856: 2.008032e+00 1.634538e+00 1.574297e+00 6.184739e-01 1.325301e-01 3.212851e-02
31856: 2.004000e+00 1.640000e+00 1.572000e+00 6.200000e-01 1.320000e-01 3.200000e-02
31856: 2.003984e+00 1.645418e+00 1.565737e+00 6.215139e-01 1.314741e-01 3.187251e-02
31856: 2.000000e+00 1.646825e+00 1.567460e+00 6.230159e-01 1.309524e-01 3.174603e-02
31856: 2.000000e+00 1.640316e+00 1.573123e+00 6.205534e-01 1.343874e-01 3.162055e-02
31856: 1.996063e+00 1.641732e+00 1.566929e+00 6.299213e-01 1.338583e-01 3.149606e-02
31856: 1.996078e+00 1.639216e+00 1.568627e+00 6.274510e-01 1.333333e-01 3.529412e-02
31856: 1.996094e+00 1.640625e+00 1.570312e+00 6.250000e-01 1.328125e-01 3.515625e-02
31856: 1.996109e+00 1.642023e+00 1.564202e+00 6.303502e-01 1.322957e-01 3.501946e-02
31856: 1.992248e+00 1.635659e+00 1.569767e+00 6.317829e-01 1.317829e-01 3.875969e-02
31856: 2.000000e+00 1.629344e+00 1.571429e+00 6.293436e-01 1.312741e-01 3.861004e-02
31856: 2.003846e+00 1.630769e+00 1.565385e+00 6.307692e-01 1.307692e-01 3.846154e-02
31856: 2.000000e+00 1.628352e+00 1.574713e+00 6.283525e-01 1.302682e-01 3.831418e-02
31856: 2.000000e+00 1.625954e+00 1.572519e+00 6.297710e-01 1.297710e-01 4.198473e-02
31856: 1.996198e+00 1.631179e+00 1.566540e+00 6.311787e-01 1.330798e-01 4.182510e-02
31856: 2.000000e+00 1.628788e+00 1.568182e+00 6.287879e-01 1.325758e-01 4.166667e-02
31856: 2.000000e+00 1.630189e+00 1.566038e+00 6.301887e-01 1.320755e-01 4.150943e-02
31856: 2.000000e+00 1.627820e+00 1.571429e+00 6.278195e-01 1.315789e-01 4.135338e-02
31856: 2.000000e+00 1.632959e+00 1.565543e+00 6.292135e-01 1.310861e-01 4.119850e-02
31856: 1.996269e+00 1.638060e+00 1.567164e+00 6.268657e-01 1.305970e-01 4.104478e-02
31856: 1.996283e+00 1.635688e+00 1.572491e+00 6.245353e-01 1.301115e-01 4.089219e-02
31856: 2.000000e+00 1.633333e+00 1.570370e+00 6.259259e-01 1.296296e-01 4.074074e-02
31856: 1.996310e+00 1.630996e+00 1.575646e+00 6.273063e-01 1.291513e-01 4.059041e-02
31856: 1.996324e+00 1.628676e+00 1.569853e+00 6.323529e-01 1.323529e-01 4.044118e-02
31856: 1.992674e+00 1.630037e+00 1.571429e+00 6.300366e-01 1.355311e-01 4.029304e-02
31856: 1.996350e+00 1.627737e+00 1.569343e+00 6.313869e-01 1.350365e-01 4.014599e-02
31856: 1.996364e+00 1.625455e+00 1.570909e+00 6.290909e-01 1.381818e-01 4.000000e-02
31856: 1.996377e+00 1.626812e+00 1.565217e+00 6.304348e-01 1.376812e-01 4.347826e-02
31856: 1.996390e+00 1.624549e+00 1.570397e+00 6.281588e-01 1.371841e-01 4.332130e-02
31856: 1.996403e+00 1.625899e+00 1.568345e+00 6.294964e-01 1.366906e-01 4.316547e-02
31856: 1.996416e+00 1.623656e+00 1.569892e+00 6.272401e-01 1.397849e-01 4.301075e-02
31856: 1.992857e+00 1.625000e+00 1.571429e+00 6.250000e-01 1.428571e-01 4.285714e-02
31856: 1.996441e+00 1.622776e+00 1.565836e+00 6.298932e-01 1.423488e-01 4.270463e-02
31856: 1.992908e+00 1.624113e+00 1.570922e+00 6.276596e-01 1.418440e-01 4.255319e-02
31856: 1.996466e+00 1.621908e+00 1.565371e+00 6.325088e-01 1.413428e-01 4.240283e-02
31856: 1.992958e+00 1.623239e+00 1.566901e+00 6.338028e-01 1.408451e-01 4.225352e-02
31856: 1.992982e+00 1.621053e+00 1.571930e+00 6.315789e-01 1.403509e-01 4.210526e-02
31856: 1.989510e+00 1.629371e+00 1.566434e+00 6.328671e-01 1.398601e-01 4.195804e-02
31856: 1.989547e+00 1.630662e+00 1.567944e+00 6.306620e-01 1.393728e-01 4.181185e-02
31856: 1.993056e+00 1.628472e+00 1.565972e+00 6.319444e-01 1.388889e-01 4.166667e-02
31856: 1.989619e+00 1.633218e+00 1.564014e+00 6.332180e-01 1.384083e-01 4.152249e-02
31856: 1.986207e+00 1.637931e+00 1.565517e+00 6.310345e-01 1.379310e-01 4.137931e-02
31856: 1.986254e+00 1.639175e+00 1.563574e+00 6.323024e-01 1.374570e-01 4.123711e-02
31856: 1.982877e+00 1.640411e+00 1.568493e+00 6.301370e-01 1.369863e-01 4.109589e-02
31856: 1.982935e+00 1.634812e+00 1.573379e+00 6.279863e-01 1.399317e-01 4.095563e-02
31856: 1.979592e+00 1.642857e+00 1.568027e+00 6.292517e-01 1.394558e-01 4.081633e-02
31856: 1.979661e+00 1.644068e+00 1.566102e+00 6.305085e-01 1.389831e-01 4.067797e-02
31856: 1.976351e+00 1.641892e+00 1.570946e+00 6.317568e-01 1.385135e-01 4.054054e-02
31856: 1.979798e+00 1.639731e+00 1.569024e+00 6.329966e-01 1.380471e-01 4.040404e-02
31856: 1.979866e+00 1.640940e+00 1.570470e+00 6.308725e-01 1.375839e-01 4.026846e-02
31856: 1.979933e+00 1.642140e+00 1.565217e+00 6.354515e-01 1.371237e-01 4.013378e-02
31856: 1.976667e+00 1.643333e+00 1.566667e+00 6.366667e-01 1.366667e-01 4.000000e-02
31856: 1.976744e+00 1.644518e+00 1.564784e+00 6.345515e-01 1.395349e-01 3.986711e-02
31856: 1.976821e+00 1.642384e+00 1.566225e+00 6.324503e-01 1.423841e-01 3.973510e-02
31856: 1.973597e+00 1.646865e+00 1.567657e+00 6.303630e-01 1.419142e-01 3.960396e-02
31856: 1.976974e+00 1.648026e+00 1.565789e+00 6.282895e-01 1.414474e-01 3.947368e-02
31856: 1.973770e+00 1.645902e+00 1.567213e+00 6.295082e-01 1.442623e-01 3.934426e-02
31856: 1.973856e+00 1.647059e+00 1.565359e+00 6.307190e-01 1.437908e-01 3.921569e-02
31856: 1.970684e+00 1.648208e+00 1.566775e+00 6.286645e-01 1.465798e-01 3.908795e-02
31856: 1.970779e+00 1.642857e+00 1.574675e+00 6.266234e-01 1.461039e-01 3.896104e-02
31856: 1.967638e+00 1.647249e+00 1.572816e+00 6.278317e-01 1.456311e-01 3.883495e-02
31856: 1.967742e+00 1.648387e+00 1.567742e+00 6.290323e-01 1.483871e-01 3.870968e-02
31856: 1.964630e+00 1.649518e+00 1.569132e+00 6.302251e-01 1.479100e-01 3.858521e-02
31856: 1.964744e+00 1.650641e+00 1.570513e+00 6.282051e-01 1.474359e-01 3.846154e-02
31856: 1.964856e+00 1.648562e+00 1.565495e+00 6.325879e-01 1.501597e-01 3.833866e-02
31856: 1.961783e+00 1.652866e+00 1.563694e+00 6.337580e-01 1.496815e-01 3.821656e-02
31856: 1.961905e+00 1.650794e+00 1.565079e+00 6.317460e-01 1.523810e-01 3.809524e-02
31856: 1.958861e+00 1.655063e+00 1.566456e+00 6.297468e-01 1.518987e-01 3.797468e-02
31856: 1.962145e+00 1.652997e+00 1.564669e+00 6.277603e-01 1.514196e-01 4.100946e-02
31856: 1.959119e+00 1.654088e+00 1.566038e+00 6.257862e-01 1.540881e-01 4.088050e-02
31856: 1.959248e+00 1.652038e+00 1.567398e+00 6.238245e-01 1.567398e-01 4.075235e-02
31856: 1.959375e+00 1.653125e+00 1.568750e+00 6.218750e-01 1.562500e-01 4.062500e-02
31856: 1.956386e+00 1.651090e+00 1.566978e+00 6.292835e-01 1.557632e-01 4.049844e-02
31856: 1.959627e+00 1.652174e+00 1.565217e+00 6.273292e-01 1.552795e-01 4.037267e-02
31856: 1.959752e+00 1.653251e+00 1.566563e+00 6.253870e-01 1.547988e-01 4.024768e-02
31856: 1.959877e+00 1.651235e+00 1.564815e+00 6.265432e-01 1.543210e-01 4.320988e-02
31856: 1.956923e+00 1.652308e+00 1.569231e+00 6.246154e-01 1.538462e-01 4.307692e-02
31856: 1.957055e+00 1.653374e+00 1.570552e+00 6.226994e-01 1.533742e-01 4.294479e-02
31856: 1.957187e+00 1.651376e+00 1.565749e+00 6.299694e-01 1.529052e-01 4.281346e-02
31856: 1.954268e+00 1.652439e+00 1.567073e+00 6.310976e-01 1.524390e-01 4.268293e-02
31856: 1.954407e+00 1.653495e+00 1.568389e+00 6.291793e-01 1.519757e-01 4.255319e-02
31856: 1.951515e+00 1.651515e+00 1.569697e+00 6.333333e-01 1.515152e-01 4.242424e-02
31856: 1.951662e+00 1.652568e+00 1.570997e+00 6.314199e-01 1.510574e-01 4.229607e-02
31856: 1.948795e+00 1.653614e+00 1.566265e+00 6.385542e-01 1.506024e-01 4.216867e-02
31856: 1.951952e+00 1.651652e+00 1.567568e+00 6.366366e-01 1.501502e-01 4.204204e-02
31856: 1.949102e+00 1.652695e+00 1.571856e+00 6.347305e-01 1.497006e-01 4.191617e-02
31856: 1.952239e+00 1.647761e+00 1.570149e+00 6.388060e-01 1.492537e-01 4.179104e-02
31856: 1.952381e+00 1.648810e+00 1.568452e+00 6.398810e-01 1.488095e-01 4.166667e-02
31856: 1.949555e+00 1.646884e+00 1.569733e+00 6.409496e-01 1.483680e-01 4.451039e-02
31856: 1.949704e+00 1.642012e+00 1.573964e+00 6.420118e-01 1.479290e-01 4.437870e-02
31856: 1.949853e+00 1.643068e+00 1.569322e+00 6.460177e-01 1.474926e-01 4.424779e-02
31856: 1.950000e+00 1.644118e+00 1.570588e+00 6.441176e-01 1.470588e-01 4.411765e-02
31856: 1.950147e+00 1.642229e+00 1.568915e+00 6.480938e-01 1.466276e-01 4.398827e-02
31856: 1.947368e+00 1.646199e+00 1.570175e+00 6.461988e-01 1.461988e-01 4.385965e-02
31856: 1.950437e+00 1.641399e+00 1.568513e+00 6.501458e-01 1.457726e-01 4.373178e-02
31856: 1.947674e+00 1.645349e+00 1.566860e+00 6.511628e-01 1.453488e-01 4.360465e-02
31856: 1.947826e+00 1.649275e+00 1.565217e+00 6.492754e-01 1.449275e-01 4.347826e-02
31856: 1.947977e+00 1.644509e+00 1.569364e+00 6.502890e-01 1.445087e-01 4.335260e-02
31856: 1.948127e+00 1.645533e+00 1.570605e+00 6.484150e-01 1.440922e-01 4.322767e-02
31856: 1.951149e+00 1.643678e+00 1.566092e+00 6.522989e-01 1.436782e-01 4.310345e-02
31856: 1.948424e+00 1.647564e+00 1.567335e+00 6.504298e-01 1.432665e-01 4.297994e-02
31856: 1.951429e+00 1.648571e+00 1.565714e+00 6.485714e-01 1.428571e-01 4.285714e-02
31856: 1.954416e+00 1.646724e+00 1.566952e+00 6.467236e-01 1.424501e-01 4.273504e-02
31856: 1.954545e+00 1.647727e+00 1.568182e+00 6.448864e-01 1.420455e-01 4.261364e-02
31856: 1.951841e+00 1.645892e+00 1.569405e+00 6.487252e-01 1.416431e-01 4.249292e-02
31856: 1.951977e+00 1.646893e+00 1.570621e+00 6.468927e-01 1.412429e-01 4.237288e-02
31856: 1.952113e+00 1.645070e+00 1.566197e+00 6.535211e-01 1.408451e-01 4.225352e-02
31856: 1.952247e+00 1.646067e+00 1.567416e+00 6.516854e-01 1.404494e-01 4.213483e-02
31856: 1.949580e+00 1.649860e+00 1.565826e+00 6.526611e-01 1.400560e-01 4.201681e-02
31856: 1.952514e+00 1.648045e+00 1.564246e+00 6.536313e-01 1.396648e-01 4.189944e-02
31856: 1.949861e+00 1.651811e+00 1.565460e+00 6.518106e-01 1.392758e-01 4.178273e-02
31856: 1.952778e+00 1.650000e+00 1.566667e+00 6.500000e-01 1.388889e-01 4.166667e-02
31856: 1.950139e+00 1.653740e+00 1.565097e+00 6.509695e-01 1.385042e-01 4.155125e-02
31856: 1.950276e+00 1.654696e+00 1.563536e+00 6.519337e-01 1.381215e-01 4.143646e-02
31856: 1.947658e+00 1.652893e+00 1.570248e+00 6.501377e-01 1.377410e-01 4.132231e-02
31856: 1.947802e+00 1.653846e+00 1.568681e+00 6.510989e-01 1.373626e-01 4.120879e-02
31856: 1.947945e+00 1.652055e+00 1.569863e+00 6.520548e-01 1.369863e-01 4.109589e-02
31856: 1.948087e+00 1.653005e+00 1.571038e+00 6.502732e-01 1.366120e-01 4.098361e-02
31856: 1.948229e+00 1.648501e+00 1.569482e+00 6.539510e-01 1.389646e-01 4.087193e-02
31856: 1.945652e+00 1.646739e+00 1.573370e+00 6.548913e-01 1.385870e-01 4.076087e-02
31856: 1.943089e+00 1.644986e+00 1.574526e+00 6.558266e-01 1.409214e-01 4.065041e-02
31856: 1.943243e+00 1.643243e+00 1.575676e+00 6.567568e-01 1.405405e-01 4.054054e-02
31856: 1.943396e+00 1.646900e+00 1.571429e+00 6.576819e-01 1.401617e-01 4.043127e-02
31856: 1.940860e+00 1.645161e+00 1.569892e+00 6.586022e-01 1.451613e-01 4.032258e-02
31856: 1.941019e+00 1.646113e+00 1.568365e+00 6.568365e-01 1.474531e-01 4.021448e-02
31856: 1.941176e+00 1.647059e+00 1.569519e+00 6.550802e-01 1.470588e-01 4.010695e-02
31856: 1.941333e+00 1.645333e+00 1.570667e+00 6.560000e-01 1.466667e-01 4.000000e-02
31856: 1.941489e+00 1.646277e+00 1.566489e+00 6.569149e-01 1.489362e-01 3.989362e-02
31856: 1.941645e+00 1.644562e+00 1.570292e+00 6.551724e-01 1.485411e-01 3.978780e-02
31856: 1.941799e+00 1.648148e+00 1.566138e+00 6.560847e-01 1.481481e-01 3.968254e-02
31856: 1.939314e+00 1.646438e+00 1.569921e+00 6.543536e-01 1.477573e-01 4.221636e-02
31856: 1.939474e+00 1.644737e+00 1.573684e+00 6.526316e-01 1.473684e-01 4.210526e-02
31856: 1.939633e+00 1.645669e+00 1.572178e+00 6.535433e-01 1.469816e-01 4.199475e-02
31856: 1.939791e+00 1.646597e+00 1.570681e+00 6.544503e-01 1.465969e-01 4.188482e-02
31856: 1.939948e+00 1.647520e+00 1.569191e+00 6.553525e-01 1.462141e-01 4.177546e-02
31856: 1.940104e+00 1.645833e+00 1.570312e+00 6.562500e-01 1.458333e-01 4.166667e-02
31856: 1.937662e+00 1.651948e+00 1.566234e+00 6.571429e-01 1.454545e-01 4.155844e-02
31856: 1.937824e+00 1.652850e+00 1.567358e+00 6.554404e-01 1.450777e-01 4.145078e-02
31856: 1.935401e+00 1.651163e+00 1.571059e+00 6.563307e-01 1.447028e-01 4.134367e-02
31856: 1.932990e+00 1.649485e+00 1.572165e+00 6.597938e-01 1.443299e-01 4.123711e-02
31856: 1.933162e+00 1.647815e+00 1.573265e+00 6.606684e-01 1.439589e-01 4.113111e-02
31856: 1.930769e+00 1.651282e+00 1.569231e+00 6.641026e-01 1.435897e-01 4.102564e-02
31856: 1.930946e+00 1.652174e+00 1.567775e+00 6.649616e-01 1.432225e-01 4.092072e-02
31856: 1.931122e+00 1.650510e+00 1.571429e+00 6.632653e-01 1.428571e-01 4.081633e-02
31856: 1.931298e+00 1.651399e+00 1.567430e+00 6.641221e-01 1.450382e-01 4.071247e-02
31856: 1.928934e+00 1.649746e+00 1.568528e+00 6.675127e-01 1.446701e-01 4.060914e-02
31856: 1.929114e+00 1.645570e+00 1.572152e+00 6.658228e-01 1.468354e-01 4.050633e-02
31856: 1.929293e+00 1.646465e+00 1.568182e+00 6.691919e-01 1.464646e-01 4.040404e-02
31856: 1.929471e+00 1.647355e+00 1.569270e+00 6.675063e-01 1.460957e-01 4.030227e-02
31856: 1.927136e+00 1.648241e+00 1.567839e+00 6.708543e-01 1.457286e-01 4.020101e-02
31856: 1.927318e+00 1.649123e+00 1.566416e+00 6.716792e-01 1.453634e-01 4.010025e-02
31856: 1.925000e+00 1.650000e+00 1.570000e+00 6.700000e-01 1.450000e-01 4.000000e-02
31856: 1.927681e+00 1.648379e+00 1.566085e+00 6.733167e-01 1.446384e-01 3.990025e-02
31856: 1.925373e+00 1.651741e+00 1.567164e+00 6.716418e-01 1.442786e-01 3.980100e-02
31856: 1.925558e+00 1.647643e+00 1.573201e+00 6.699752e-01 1.439206e-01 3.970223e-02
31856: 1.925743e+00 1.648515e+00 1.569307e+00 6.732673e-01 1.435644e-01 3.960396e-02
31856: 1.923457e+00 1.649383e+00 1.572840e+00 6.716049e-01 1.432099e-01 3.950617e-02
31856: 1.923645e+00 1.650246e+00 1.571429e+00 6.724138e-01 1.428571e-01 3.940887e-02
31856: 1.921376e+00 1.651106e+00 1.572482e+00 6.732187e-01 1.425061e-01 3.931204e-02
31856: 1.921569e+00 1.649510e+00 1.571078e+00 6.740196e-01 1.446078e-01 3.921569e-02
31856: 1.921760e+00 1.650367e+00 1.569682e+00 6.748166e-01 1.442543e-01 3.911980e-02
31856: 1.921951e+00 1.646341e+00 1.575610e+00 6.731707e-01 1.439024e-01 3.902439e-02
31856: 1.919708e+00 1.649635e+00 1.571776e+00 6.763990e-01 1.435523e-01 3.892944e-02
31856: 1.919903e+00 1.648058e+00 1.570388e+00 6.771845e-01 1.456311e-01 3.883495e-02
31856: 1.917676e+00 1.648910e+00 1.569007e+00 6.779661e-01 1.476998e-01 3.874092e-02
31856: 1.917874e+00 1.647343e+00 1.570048e+00 6.763285e-01 1.473430e-01 4.106280e-02
31856: 1.915663e+00 1.648193e+00 1.568675e+00 6.795181e-01 1.469880e-01 4.096386e-02
31856: 1.918269e+00 1.649038e+00 1.567308e+00 6.778846e-01 1.466346e-01 4.086538e-02
31856: 1.916067e+00 1.649880e+00 1.570743e+00 6.762590e-01 1.462830e-01 4.076739e-02
31856: 1.918660e+00 1.650718e+00 1.566986e+00 6.770335e-01 1.459330e-01 4.066986e-02
31856: 1.918854e+00 1.649165e+00 1.568019e+00 6.754177e-01 1.479714e-01 4.057279e-02
31856: 1.916667e+00 1.650000e+00 1.566667e+00 6.738095e-01 1.523810e-01 4.047619e-02
31856: 1.919240e+00 1.650831e+00 1.565321e+00 6.722090e-01 1.520190e-01 4.038005e-02
31856: 1.919431e+00 1.649289e+00 1.566351e+00 6.706161e-01 1.540284e-01 4.028436e-02
31856: 1.919622e+00 1.652482e+00 1.565012e+00 6.690307e-01 1.536643e-01 4.018913e-02
31856: 1.917453e+00 1.653302e+00 1.568396e+00 6.674528e-01 1.533019e-01 4.009434e-02
31856: 1.922353e+00 1.651765e+00 1.567059e+00 6.658824e-01 1.529412e-01 4.000000e-02
31856: 1.920188e+00 1.654930e+00 1.568075e+00 6.643192e-01 1.525822e-01 3.990610e-02
31856: 1.920375e+00 1.653396e+00 1.571429e+00 6.627635e-01 1.522248e-01 3.981265e-02
31856: 1.920561e+00 1.654206e+00 1.570093e+00 6.635514e-01 1.518692e-01 3.971963e-02
31856: 1.920746e+00 1.652681e+00 1.568765e+00 6.666667e-01 1.515152e-01 3.962704e-02
31856: 1.918605e+00 1.653488e+00 1.567442e+00 6.697674e-01 1.511628e-01 3.953488e-02
31856: 1.918794e+00 1.654292e+00 1.568445e+00 6.682135e-01 1.508121e-01 3.944316e-02
31856: 1.918981e+00 1.655093e+00 1.567130e+00 6.689815e-01 1.504630e-01 3.935185e-02
31856: 1.916859e+00 1.658199e+00 1.568129e+00 6.674365e-01 1.501155e-01 3.926097e-02
31856: 1.921659e+00 1.654378e+00 1.569124e+00 6.658986e-01 1.497696e-01 3.917051e-02
31856: 1.921839e+00 1.655172e+00 1.567816e+00 6.643678e-01 1.517241e-01 3.908046e-02
31856: 1.919725e+00 1.655963e+00 1.568807e+00 6.651376e-01 1.513761e-01 3.899083e-02
31856: 1.919908e+00 1.656751e+00 1.567506e+00 6.636156e-01 1.510297e-01 4.118993e-02
31856: 1.917808e+00 1.655251e+00 1.568493e+00 6.666667e-01 1.506849e-01 4.109589e-02
31856: 1.920273e+00 1.656036e+00 1.567198e+00 6.651481e-01 1.503417e-01 4.100228e-02
31856: 1.920455e+00 1.656818e+00 1.568182e+00 6.636364e-01 1.500000e-01 4.090909e-02
31856: 1.918367e+00 1.655329e+00 1.569161e+00 6.666667e-01 1.496599e-01 4.081633e-02
31856: 1.920814e+00 1.656109e+00 1.567873e+00 6.651584e-01 1.493213e-01 4.072398e-02
31856: 1.918736e+00 1.654628e+00 1.571106e+00 6.659142e-01 1.489842e-01 4.063205e-02
31856: 1.921171e+00 1.653153e+00 1.567568e+00 6.689189e-01 1.486486e-01 4.054054e-02
31856: 1.919101e+00 1.653933e+00 1.570787e+00 6.674157e-01 1.483146e-01 4.044944e-02
31856: 1.919283e+00 1.654709e+00 1.567265e+00 6.704036e-01 1.479821e-01 4.035874e-02
31856: 1.917226e+00 1.655481e+00 1.568233e+00 6.689038e-01 1.498881e-01 4.026846e-02
31856: 1.917411e+00 1.656250e+00 1.566964e+00 6.674107e-01 1.517857e-01 4.017857e-02
31856: 1.919822e+00 1.654788e+00 1.567929e+00 6.659243e-01 1.514477e-01 4.008909e-02
31856: 1.920000e+00 1.657778e+00 1.566667e+00 6.644444e-01 1.511111e-01 4.000000e-02
31856: 1.917960e+00 1.658537e+00 1.569845e+00 6.629712e-01 1.507761e-01 3.991131e-02
31856: 1.918142e+00 1.657080e+00 1.568584e+00 6.637168e-01 1.526549e-01 3.982301e-02
31856: 1.918322e+00 1.657837e+00 1.569536e+00 6.622517e-01 1.523179e-01 3.973510e-02
31856: 1.918502e+00 1.658590e+00 1.568282e+00 6.629956e-01 1.519824e-01 3.964758e-02
31856: 1.918681e+00 1.657143e+00 1.571429e+00 6.615385e-01 1.516484e-01 3.956044e-02
31856: 1.916667e+00 1.655702e+00 1.572368e+00 6.622807e-01 1.535088e-01 3.947368e-02
31856: 1.919037e+00 1.654267e+00 1.571116e+00 6.630197e-01 1.531729e-01 3.938731e-02
31856: 1.917031e+00 1.659389e+00 1.567686e+00 6.637555e-01 1.528384e-01 3.930131e-02
31856: 1.917211e+00 1.660131e+00 1.568627e+00 6.623094e-01 1.525054e-01 3.921569e-02
31856: 1.917391e+00 1.658696e+00 1.569565e+00 6.630435e-01 1.521739e-01 3.913043e-02
31856: 1.917570e+00 1.659436e+00 1.570499e+00 6.616052e-01 1.518438e-01 3.904555e-02
31856: 1.915584e+00 1.660173e+00 1.567100e+00 6.645022e-01 1.536797e-01 3.896104e-02
31856: 1.915767e+00 1.658747e+00 1.568035e+00 6.652268e-01 1.533477e-01 3.887689e-02
31856: 1.913793e+00 1.659483e+00 1.568966e+00 6.659483e-01 1.530172e-01 3.879310e-02
31856: 1.913978e+00 1.660215e+00 1.569892e+00 6.645161e-01 1.526882e-01 3.870968e-02
31856: 1.912017e+00 1.660944e+00 1.570815e+00 6.652361e-01 1.523605e-01 3.862661e-02
31856: 1.912206e+00 1.659529e+00 1.569593e+00 6.680942e-01 1.520343e-01 3.854390e-02
31856: 1.910256e+00 1.660256e+00 1.570513e+00 6.666667e-01 1.538462e-01 3.846154e-02
31856: 1.910448e+00 1.660981e+00 1.567164e+00 6.695096e-01 1.535181e-01 3.837953e-02
31856: 1.908511e+00 1.659574e+00 1.568085e+00 6.702128e-01 1.531915e-01 4.042553e-02
31856: 1.908705e+00 1.658174e+00 1.571125e+00 6.687898e-01 1.528662e-01 4.033970e-02
31856: 1.906780e+00 1.658898e+00 1.569915e+00 6.716102e-01 1.525424e-01 4.025424e-02
31856: 1.906977e+00 1.661734e+00 1.568710e+00 6.701903e-01 1.522199e-01 4.016913e-02
31856: 1.907173e+00 1.662447e+00 1.569620e+00 6.687764e-01 1.518987e-01 4.008439e-02
31856: 1.905263e+00 1.663158e+00 1.568421e+00 6.715789e-01 1.515789e-01 4.000000e-02
31856: 1.905462e+00 1.663866e+00 1.569328e+00 6.701681e-01 1.512605e-01 3.991597e-02
31856: 1.905660e+00 1.662474e+00 1.568134e+00 6.729560e-01 1.509434e-01 3.983229e-02
31856: 1.905858e+00 1.661088e+00 1.571130e+00 6.715481e-01 1.506276e-01 3.974895e-02
31856: 1.903967e+00 1.661795e+00 1.567850e+00 6.743215e-01 1.524008e-01 3.966597e-02
31856: 1.906250e+00 1.660417e+00 1.566667e+00 6.729167e-01 1.541667e-01 3.958333e-02
31856: 1.906445e+00 1.661123e+00 1.567568e+00 6.715177e-01 1.538462e-01 3.950104e-02
31856: 1.906639e+00 1.661826e+00 1.566390e+00 6.721992e-01 1.535270e-01 3.941909e-02
31856: 1.904762e+00 1.658385e+00 1.571429e+00 6.708075e-01 1.532091e-01 4.140787e-02
31856: 1.907025e+00 1.659091e+00 1.568182e+00 6.714876e-01 1.528926e-01 4.132231e-02
31856: 1.905155e+00 1.659794e+00 1.569072e+00 6.721649e-01 1.525773e-01 4.123711e-02
31856: 1.907407e+00 1.658436e+00 1.569959e+00 6.707819e-01 1.522634e-01 4.115226e-02
31856: 1.905544e+00 1.661191e+00 1.568789e+00 6.694045e-01 1.540041e-01 4.106776e-02
31856: 1.909836e+00 1.659836e+00 1.567623e+00 6.680328e-01 1.536885e-01 4.098361e-02
31856: 1.910020e+00 1.660532e+00 1.568507e+00 6.666667e-01 1.533742e-01 4.089980e-02
31856: 1.908163e+00 1.661224e+00 1.569388e+00 6.673469e-01 1.530612e-01 4.081633e-02
31856: 1.908350e+00 1.661914e+00 1.568228e+00 6.659878e-01 1.527495e-01 4.276986e-02
31856: 1.908537e+00 1.660569e+00 1.571138e+00 6.646341e-01 1.524390e-01 4.268293e-02
31856: 1.906694e+00 1.663286e+00 1.569980e+00 6.653144e-01 1.521298e-01 4.259635e-02
31856: 1.906883e+00 1.661943e+00 1.568826e+00 6.659919e-01 1.538462e-01 4.251012e-02
31856: 1.905051e+00 1.662626e+00 1.569697e+00 6.666667e-01 1.535354e-01 4.242424e-02
31856: 1.907258e+00 1.661290e+00 1.570565e+00 6.653226e-01 1.532258e-01 4.233871e-02
31856: 1.905433e+00 1.663984e+00 1.567404e+00 6.659960e-01 1.549296e-01 4.225352e-02
31856: 1.905622e+00 1.664659e+00 1.568273e+00 6.646586e-01 1.546185e-01 4.216867e-02
31856: 1.903808e+00 1.663327e+00 1.569138e+00 6.673347e-01 1.543086e-01 4.208417e-02
31856: 1.904000e+00 1.662000e+00 1.572000e+00 6.660000e-01 1.540000e-01 4.200000e-02
31856: 1.902196e+00 1.662675e+00 1.572854e+00 6.666667e-01 1.536926e-01 4.191617e-02
31856: 1.902390e+00 1.663347e+00 1.571713e+00 6.673307e-01 1.533865e-01 4.183267e-02
31856: 1.900596e+00 1.666004e+00 1.570577e+00 6.679920e-01 1.530815e-01 4.174950e-02
31856: 1.902778e+00 1.666667e+00 1.567460e+00 6.686508e-01 1.527778e-01 4.166667e-02
31856: 1.900990e+00 1.667327e+00 1.568317e+00 6.673267e-01 1.544554e-01 4.158416e-02
31856: 1.901186e+00 1.667984e+00 1.567194e+00 6.679842e-01 1.541502e-01 4.150198e-02
31856: 1.901381e+00 1.668639e+00 1.568047e+00 6.666667e-01 1.538462e-01 4.142012e-02
31856: 1.899606e+00 1.669291e+00 1.566929e+00 6.692913e-01 1.535433e-01 4.133858e-02
31856: 1.901768e+00 1.669941e+00 1.565815e+00 6.679764e-01 1.532417e-01 4.125737e-02
31856: 1.901961e+00 1.670588e+00 1.566667e+00 6.666667e-01 1.529412e-01 4.117647e-02
31856: 1.900196e+00 1.669276e+00 1.567515e+00 6.692759e-01 1.526419e-01 4.109589e-02
31856: 1.900391e+00 1.669922e+00 1.568359e+00 6.679688e-01 1.523438e-01 4.101562e-02
31856: 1.898635e+00 1.668616e+00 1.567251e+00 6.705653e-01 1.539961e-01 4.093567e-02
31856: 1.898833e+00 1.669261e+00 1.568093e+00 6.692607e-01 1.536965e-01 4.085603e-02
31856: 1.899029e+00 1.667961e+00 1.568932e+00 6.699029e-01 1.533981e-01 4.077670e-02
31856: 1.899225e+00 1.668605e+00 1.567829e+00 6.686047e-01 1.550388e-01 4.069767e-02
31856: 1.899420e+00 1.667311e+00 1.568665e+00 6.673114e-01 1.566731e-01 4.061896e-02
31856: 1.897683e+00 1.667954e+00 1.569498e+00 6.660232e-01 1.583012e-01 4.054054e-02
31856: 1.899807e+00 1.666667e+00 1.568401e+00 6.647399e-01 1.599229e-01 4.046243e-02
31856: 1.898077e+00 1.667308e+00 1.567308e+00 6.653846e-01 1.615385e-01 4.038462e-02
31856: 1.900192e+00 1.667946e+00 1.566219e+00 6.641075e-01 1.612284e-01 4.030710e-02
31856: 1.900383e+00 1.668582e+00 1.567050e+00 6.628352e-01 1.609195e-01 4.022989e-02
31856: 1.898662e+00 1.669216e+00 1.567878e+00 6.634799e-01 1.606119e-01 4.015296e-02
31856: 1.900763e+00 1.667939e+00 1.568702e+00 6.622137e-01 1.603053e-01 4.007634e-02
31856: 1.900952e+00 1.668571e+00 1.569524e+00 6.609524e-01 1.600000e-01 4.000000e-02
31856: 1.901141e+00 1.667300e+00 1.568441e+00 6.615970e-01 1.615970e-01 3.992395e-02
31856: 1.899431e+00 1.667932e+00 1.569260e+00 6.622391e-01 1.612903e-01 3.984820e-02
31856: 1.901515e+00 1.668561e+00 1.568182e+00 6.609848e-01 1.609848e-01 3.977273e-02
31856: 1.899811e+00 1.669187e+00 1.568998e+00 6.597353e-01 1.606805e-01 4.158790e-02
31856: 1.900000e+00 1.667925e+00 1.569811e+00 6.603774e-01 1.603774e-01 4.150943e-02
31856: 1.900188e+00 1.666667e+00 1.570621e+00 6.591337e-01 1.619586e-01 4.143126e-02
31856: 1.900376e+00 1.669173e+00 1.567669e+00 6.597744e-01 1.616541e-01 4.135338e-02
31856: 1.900563e+00 1.667917e+00 1.570356e+00 6.585366e-01 1.613508e-01 4.127580e-02
31856: 1.898876e+00 1.668539e+00 1.569288e+00 6.591760e-01 1.629213e-01 4.119850e-02
31856: 1.900935e+00 1.669159e+00 1.568224e+00 6.579439e-01 1.626168e-01 4.112150e-02
31856: 1.899254e+00 1.669776e+00 1.569030e+00 6.567164e-01 1.641791e-01 4.104478e-02
31856: 1.903166e+00 1.668529e+00 1.567970e+00 6.554935e-01 1.638734e-01 4.096834e-02
31856: 1.901487e+00 1.672862e+00 1.566914e+00 6.542751e-01 1.635688e-01 4.089219e-02
31856: 1.901670e+00 1.673469e+00 1.567718e+00 6.530612e-01 1.632653e-01 4.081633e-02
31856: 1.901852e+00 1.674074e+00 1.566667e+00 6.537037e-01 1.629630e-01 4.074074e-02
31856: 1.900185e+00 1.672828e+00 1.569316e+00 6.524954e-01 1.645102e-01 4.066543e-02
31856: 1.900369e+00 1.675277e+00 1.568266e+00 6.512915e-01 1.642066e-01 4.059041e-02
31856: 1.900552e+00 1.674033e+00 1.569061e+00 6.500921e-01 1.657459e-01 4.051565e-02
31856: 1.898897e+00 1.676471e+00 1.569853e+00 6.488971e-01 1.654412e-01 4.044118e-02
31856: 1.900917e+00 1.677064e+00 1.568807e+00 6.477064e-01 1.651376e-01 4.036697e-02
31856: 1.901099e+00 1.677656e+00 1.569597e+00 6.465201e-01 1.648352e-01 4.029304e-02
31856: 1.901280e+00 1.676417e+00 1.568556e+00 6.489945e-01 1.645338e-01 4.021938e-02
31856: 1.901460e+00 1.677007e+00 1.567518e+00 6.478102e-01 1.660584e-01 4.014599e-02
31856: 1.903461e+00 1.675774e+00 1.568306e+00 6.466302e-01 1.657559e-01 4.007286e-02
31856: 1.901818e+00 1.676364e+00 1.570909e+00 6.454545e-01 1.654545e-01 4.000000e-02
31856: 1.901996e+00 1.676951e+00 1.568058e+00 6.479129e-01 1.651543e-01 3.992740e-02
31856: 1.900362e+00 1.677536e+00 1.570652e+00 6.467391e-01 1.648551e-01 3.985507e-02
31856: 1.900542e+00 1.676311e+00 1.569620e+00 6.491863e-01 1.645570e-01 3.978300e-02
31856: 1.900722e+00 1.676895e+00 1.570397e+00 6.480144e-01 1.642599e-01 3.971119e-02
31856: 1.899099e+00 1.679279e+00 1.567568e+00 6.504505e-01 1.639640e-01 3.963964e-02
31856: 1.899281e+00 1.678058e+00 1.568345e+00 6.510791e-01 1.636691e-01 3.956835e-02
31856: 1.899461e+00 1.678636e+00 1.569120e+00 6.499102e-01 1.633752e-01 3.949731e-02
31856: 1.899642e+00 1.677419e+00 1.569892e+00 6.505376e-01 1.630824e-01 3.942652e-02
31856: 1.898032e+00 1.677996e+00 1.572451e+00 6.493739e-01 1.627907e-01 3.935599e-02
31856: 1.898214e+00 1.676786e+00 1.573214e+00 6.500000e-01 1.625000e-01 3.928571e-02
31856: 1.898396e+00 1.677362e+00 1.570410e+00 6.524064e-01 1.622103e-01 3.921569e-02
31856: 1.898577e+00 1.676157e+00 1.571174e+00 6.530249e-01 1.619217e-01 3.914591e-02
31856: 1.896980e+00 1.678508e+00 1.570160e+00 6.536412e-01 1.616341e-01 3.907638e-02
31856: 1.897163e+00 1.679078e+00 1.567376e+00 6.542553e-01 1.631206e-01 3.900709e-02
31856: 1.897345e+00 1.679646e+00 1.568142e+00 6.530973e-01 1.628319e-01 3.893805e-02
31856: 1.895760e+00 1.680212e+00 1.567138e+00 6.554770e-01 1.625442e-01 3.886926e-02
31856: 1.897707e+00 1.677249e+00 1.569665e+00 6.543210e-01 1.622575e-01 3.880071e-02
31856: 1.897887e+00 1.677817e+00 1.570423e+00 6.531690e-01 1.619718e-01 3.873239e-02
31856: 1.898067e+00 1.676626e+00 1.567663e+00 6.572935e-01 1.616872e-01 3.866432e-02
31856: 1.896491e+00 1.677193e+00 1.568421e+00 6.561404e-01 1.631579e-01 3.859649e-02
31856: 1.898424e+00 1.674256e+00 1.570928e+00 6.549912e-01 1.628722e-01 3.852890e-02
31856: 1.896853e+00 1.676573e+00 1.568182e+00 6.573427e-01 1.625874e-01 3.846154e-02
31856: 1.897033e+00 1.675393e+00 1.567190e+00 6.596859e-01 1.623037e-01 3.839442e-02
31856: 1.895470e+00 1.675958e+00 1.567944e+00 6.602787e-01 1.620209e-01 3.832753e-02
31856: 1.893913e+00 1.678261e+00 1.566957e+00 6.608696e-01 1.617391e-01 3.826087e-02
31856: 1.895833e+00 1.677083e+00 1.565972e+00 6.597222e-01 1.631944e-01 3.819444e-02
31856: 1.897747e+00 1.677643e+00 1.564991e+00 6.585789e-01 1.629116e-01 3.812825e-02
31856: 1.896194e+00 1.676471e+00 1.565744e+00 6.608997e-01 1.626298e-01 3.806228e-02
31856: 1.896373e+00 1.675302e+00 1.566494e+00 6.614853e-01 1.623489e-01 3.799655e-02
31856: 1.894828e+00 1.675862e+00 1.568966e+00 6.603448e-01 1.620690e-01 3.793103e-02
31856: 1.896730e+00 1.674699e+00 1.569707e+00 6.592083e-01 1.617900e-01 3.786575e-02
31856: 1.895189e+00 1.675258e+00 1.570447e+00 6.580756e-01 1.632302e-01 3.780069e-02
31856: 1.895369e+00 1.674099e+00 1.569468e+00 6.586621e-01 1.646655e-01 3.773585e-02
31856: 1.893836e+00 1.676370e+00 1.568493e+00 6.592466e-01 1.643836e-01 3.767123e-02
31856: 1.894017e+00 1.675214e+00 1.569231e+00 6.598291e-01 1.641026e-01 3.760684e-02
31856: 1.894198e+00 1.675768e+00 1.569966e+00 6.587031e-01 1.638225e-01 3.754266e-02
31856: 1.892675e+00 1.676320e+00 1.568995e+00 6.609881e-01 1.635434e-01 3.747871e-02
31856: 1.894558e+00 1.676871e+00 1.568027e+00 6.598639e-01 1.632653e-01 3.741497e-02
31856: 1.894737e+00 1.675722e+00 1.570458e+00 6.587436e-01 1.629881e-01 3.735144e-02
31856: 1.894915e+00 1.676271e+00 1.569492e+00 6.593220e-01 1.627119e-01 3.728814e-02
31856: 1.893401e+00 1.678511e+00 1.570220e+00 6.582064e-01 1.624365e-01 3.722504e-02
31856: 1.895270e+00 1.677365e+00 1.569257e+00 6.587838e-01 1.621622e-01 3.716216e-02
31856: 1.893761e+00 1.679595e+00 1.569983e+00 6.576728e-01 1.618887e-01 3.709949e-02
31856: 1.893939e+00 1.678451e+00 1.569024e+00 6.582492e-01 1.632997e-01 3.703704e-02
31856: 1.894118e+00 1.680672e+00 1.568067e+00 6.571429e-01 1.630252e-01 3.697479e-02
31856: 1.892617e+00 1.682886e+00 1.568792e+00 6.560403e-01 1.627517e-01 3.691275e-02
31856: 1.894472e+00 1.683417e+00 1.567839e+00 6.549414e-01 1.624791e-01 3.685092e-02
31856: 1.896321e+00 1.682274e+00 1.568562e+00 6.538462e-01 1.622074e-01 3.678930e-02
31856: 1.896494e+00 1.684474e+00 1.567613e+00 6.527546e-01 1.619366e-01 3.672788e-02
31856: 1.895000e+00 1.686667e+00 1.568333e+00 6.516667e-01 1.616667e-01 3.666667e-02
31856: 1.896839e+00 1.685524e+00 1.569052e+00 6.505824e-01 1.613977e-01 3.660566e-02
31856: 1.895349e+00 1.689369e+00 1.568106e+00 6.495017e-01 1.611296e-01 3.654485e-02
31856: 1.897181e+00 1.688226e+00 1.567164e+00 6.500829e-01 1.608624e-01 3.648425e-02
31856: 1.897351e+00 1.688742e+00 1.567881e+00 6.490066e-01 1.605960e-01 3.642384e-02
31856: 1.897521e+00 1.687603e+00 1.566942e+00 6.512397e-01 1.603306e-01 3.636364e-02
31856: 1.897690e+00 1.688119e+00 1.567657e+00 6.501650e-01 1.600660e-01 3.630363e-02
31856: 1.897858e+00 1.686985e+00 1.568369e+00 6.507414e-01 1.598023e-01 3.624382e-02
31856: 1.896382e+00 1.687500e+00 1.570724e+00 6.496711e-01 1.595395e-01 3.618421e-02
31856: 1.894910e+00 1.686371e+00 1.571429e+00 6.502463e-01 1.609195e-01 3.612479e-02
31856: 1.895082e+00 1.688525e+00 1.568852e+00 6.508197e-01 1.606557e-01 3.606557e-02
31856: 1.895254e+00 1.687398e+00 1.569558e+00 6.513912e-01 1.603928e-01 3.600655e-02
31856: 1.893791e+00 1.689542e+00 1.570261e+00 6.503268e-01 1.601307e-01 3.594771e-02
31856: 1.893964e+00 1.688418e+00 1.570962e+00 6.508972e-01 1.598695e-01 3.588907e-02
31856: 1.894137e+00 1.688925e+00 1.568404e+00 6.514658e-01 1.596091e-01 3.745928e-02
31856: 1.892683e+00 1.689431e+00 1.569106e+00 6.520325e-01 1.593496e-01 3.739837e-02
31856: 1.892857e+00 1.689935e+00 1.569805e+00 6.509740e-01 1.590909e-01 3.733766e-02
31856: 1.891410e+00 1.692058e+00 1.568882e+00 6.515397e-01 1.588331e-01 3.727715e-02
31856: 1.891586e+00 1.689320e+00 1.569579e+00 6.521036e-01 1.585761e-01 3.883495e-02
31856: 1.890145e+00 1.689822e+00 1.570275e+00 6.510501e-01 1.583199e-01 4.038772e-02
31856: 1.891935e+00 1.688710e+00 1.567742e+00 6.516129e-01 1.596774e-01 4.032258e-02
31856: 1.890499e+00 1.690821e+00 1.566828e+00 6.505636e-01 1.610306e-01 4.025765e-02
31856: 1.892283e+00 1.689711e+00 1.567524e+00 6.495177e-01 1.607717e-01 4.019293e-02
31856: 1.890851e+00 1.688604e+00 1.569823e+00 6.500803e-01 1.605136e-01 4.012841e-02
31856: 1.889423e+00 1.687500e+00 1.573718e+00 6.490385e-01 1.602564e-01 4.006410e-02
31856: 1.889600e+00 1.688000e+00 1.572800e+00 6.496000e-01 1.600000e-01 4.000000e-02
31856: 1.889776e+00 1.686901e+00 1.571885e+00 6.501597e-01 1.613419e-01 3.993610e-02
31856: 1.889952e+00 1.687400e+00 1.570973e+00 6.507177e-01 1.610845e-01 3.987241e-02
31856: 1.888535e+00 1.687898e+00 1.571656e+00 6.512739e-01 1.608280e-01 3.980892e-02
31856: 1.891892e+00 1.686804e+00 1.569157e+00 6.518283e-01 1.605723e-01 3.974563e-02
31856: 1.890476e+00 1.688889e+00 1.568254e+00 6.523810e-01 1.603175e-01 3.968254e-02
31856: 1.892235e+00 1.687797e+00 1.568938e+00 6.513471e-01 1.600634e-01 3.961965e-02
31856: 1.890823e+00 1.689873e+00 1.568038e+00 6.503165e-01 1.613924e-01 3.955696e-02
31856: 1.894155e+00 1.687204e+00 1.568720e+00 6.492891e-01 1.611374e-01 3.949447e-02
31856: 1.892744e+00 1.689274e+00 1.569401e+00 6.482650e-01 1.608833e-01 3.943218e-02
31856: 1.891339e+00 1.689764e+00 1.571654e+00 6.472441e-01 1.606299e-01 3.937008e-02
31856: 1.893082e+00 1.688679e+00 1.569182e+00 6.477987e-01 1.619497e-01 3.930818e-02
31856: 1.891680e+00 1.690738e+00 1.569859e+00 6.467818e-01 1.616954e-01 3.924647e-02
31856: 1.893417e+00 1.691223e+00 1.568966e+00 6.457680e-01 1.614420e-01 3.918495e-02
31856: 1.893584e+00 1.691706e+00 1.569640e+00 6.447574e-01 1.611894e-01 3.912363e-02
31856: 1.895312e+00 1.690625e+00 1.568750e+00 6.453125e-01 1.609375e-01 3.906250e-02
31856: 1.895476e+00 1.691108e+00 1.567863e+00 6.443058e-01 1.622465e-01 3.900156e-02
31856: 1.895639e+00 1.690031e+00 1.570093e+00 6.433022e-01 1.619938e-01 3.894081e-02
31856: 1.894246e+00 1.692068e+00 1.569207e+00 6.438569e-01 1.617418e-01 3.888025e-02
31856: 1.892857e+00 1.694099e+00 1.569876e+00 6.428571e-01 1.614907e-01 3.881988e-02
31856: 1.893023e+00 1.694574e+00 1.570543e+00 6.418605e-01 1.612403e-01 3.875969e-02
31856: 1.893189e+00 1.695046e+00 1.568111e+00 6.439628e-01 1.609907e-01 3.869969e-02
31856: 1.891808e+00 1.695518e+00 1.570325e+00 6.429675e-01 1.607419e-01 3.863988e-02
31856: 1.891975e+00 1.694444e+00 1.567901e+00 6.450617e-01 1.620370e-01 3.858025e-02
31856: 1.893683e+00 1.694915e+00 1.567026e+00 6.440678e-01 1.617874e-01 3.852080e-02
31856: 1.892308e+00 1.695385e+00 1.567692e+00 6.446154e-01 1.615385e-01 3.846154e-02
31856: 1.892473e+00 1.694316e+00 1.568356e+00 6.451613e-01 1.612903e-01 3.840246e-02
31856: 1.891104e+00 1.696319e+00 1.567485e+00 6.441718e-01 1.625767e-01 3.834356e-02
31856: 1.889740e+00 1.698315e+00 1.568147e+00 6.431853e-01 1.623277e-01 3.828484e-02
31856: 1.889908e+00 1.697248e+00 1.567278e+00 6.452599e-01 1.620795e-01 3.822630e-02
31856: 1.888550e+00 1.697710e+00 1.567939e+00 6.458015e-01 1.618321e-01 3.816794e-02
31856: 1.890244e+00 1.696646e+00 1.567073e+00 6.448171e-01 1.631098e-01 3.810976e-02
31856: 1.888889e+00 1.698630e+00 1.566210e+00 6.453577e-01 1.628615e-01 3.805175e-02
31856: 1.887538e+00 1.699088e+00 1.566869e+00 6.443769e-01 1.641337e-01 3.799392e-02
31856: 1.887709e+00 1.698027e+00 1.566009e+00 6.449165e-01 1.638847e-01 3.945372e-02
31856: 1.886364e+00 1.700000e+00 1.566667e+00 6.439394e-01 1.636364e-01 3.939394e-02
31856: 1.886536e+00 1.700454e+00 1.567322e+00 6.429652e-01 1.633888e-01 3.933434e-02
31856: 1.886707e+00 1.697885e+00 1.567976e+00 6.450151e-01 1.631420e-01 3.927492e-02
31856: 1.885370e+00 1.699849e+00 1.568627e+00 6.440422e-01 1.628959e-01 3.921569e-02
31856: 1.885542e+00 1.698795e+00 1.567771e+00 6.445783e-01 1.641566e-01 3.915663e-02
31856: 1.885714e+00 1.699248e+00 1.566917e+00 6.436090e-01 1.654135e-01 3.909774e-02
31856: 1.887387e+00 1.698198e+00 1.567568e+00 6.426426e-01 1.651652e-01 3.903904e-02
31856: 1.886057e+00 1.701649e+00 1.566717e+00 6.416792e-01 1.649175e-01 3.898051e-02
31856: 1.886228e+00 1.699102e+00 1.570359e+00 6.407186e-01 1.646707e-01 3.892216e-02
31856: 1.886398e+00 1.699552e+00 1.569507e+00 6.412556e-01 1.644245e-01 3.886398e-02
31856: 1.888060e+00 1.698507e+00 1.570149e+00 6.402985e-01 1.641791e-01 3.880597e-02
31856: 1.886736e+00 1.697466e+00 1.570790e+00 6.408346e-01 1.654247e-01 3.874814e-02
31856: 1.888393e+00 1.696429e+00 1.569940e+00 6.413690e-01 1.651786e-01 3.869048e-02
31856: 1.887073e+00 1.696880e+00 1.569094e+00 6.433878e-01 1.649331e-01 3.863299e-02
31856: 1.888724e+00 1.695846e+00 1.569733e+00 6.424332e-01 1.646884e-01 3.857567e-02
31856: 1.888889e+00 1.696296e+00 1.568889e+00 6.414815e-01 1.659259e-01 3.851852e-02
31856: 1.887574e+00 1.698225e+00 1.569527e+00 6.405325e-01 1.656805e-01 3.846154e-02
31856: 1.889217e+00 1.698671e+00 1.568685e+00 6.395864e-01 1.654357e-01 3.840473e-02
31856: 1.889381e+00 1.697640e+00 1.569322e+00 6.401180e-01 1.651917e-01 3.834808e-02
31856: 1.891016e+00 1.698085e+00 1.568483e+00 6.391753e-01 1.649485e-01 3.829161e-02
31856: 1.889706e+00 1.700000e+00 1.569118e+00 6.382353e-01 1.647059e-01 3.823529e-02
31856: 1.888399e+00 1.700441e+00 1.569750e+00 6.372981e-01 1.659325e-01 3.817915e-02
31856: 1.888563e+00 1.699413e+00 1.570381e+00 6.363636e-01 1.671554e-01 3.812317e-02
31856: 1.887262e+00 1.698389e+00 1.571010e+00 6.383602e-01 1.669107e-01 3.806735e-02
31856: 1.887427e+00 1.698830e+00 1.570175e+00 6.388889e-01 1.666667e-01 3.801170e-02
31856: 1.887591e+00 1.697810e+00 1.569343e+00 6.408759e-01 1.664234e-01 3.795620e-02
31856: 1.887755e+00 1.698251e+00 1.569971e+00 6.399417e-01 1.661808e-01 3.790087e-02
31856: 1.886463e+00 1.698690e+00 1.569141e+00 6.419214e-01 1.659389e-01 3.784571e-02
31856: 1.885174e+00 1.700581e+00 1.568314e+00 6.424419e-01 1.656977e-01 3.779070e-02
31856: 1.888244e+00 1.699565e+00 1.567489e+00 6.415094e-01 1.654572e-01 3.773585e-02
31856: 1.886957e+00 1.701449e+00 1.568116e+00 6.405797e-01 1.652174e-01 3.768116e-02
31856: 1.887120e+00 1.703329e+00 1.567294e+00 6.396527e-01 1.649783e-01 3.762663e-02
31856: 1.887283e+00 1.703757e+00 1.567919e+00 6.387283e-01 1.647399e-01 3.757225e-02
31856: 1.886003e+00 1.704185e+00 1.568543e+00 6.392496e-01 1.645022e-01 3.751804e-02
31856: 1.886167e+00 1.704611e+00 1.567723e+00 6.397695e-01 1.642651e-01 3.746398e-02
31856: 1.886331e+00 1.703597e+00 1.569784e+00 6.388489e-01 1.640288e-01 3.741007e-02
31856: 1.885057e+00 1.705460e+00 1.568966e+00 6.393678e-01 1.637931e-01 3.735632e-02
31856: 1.885222e+00 1.704448e+00 1.569584e+00 6.384505e-01 1.635581e-01 3.873745e-02
31856: 1.885387e+00 1.704871e+00 1.568768e+00 6.389685e-01 1.633238e-01 3.868195e-02
31856: 1.884120e+00 1.703863e+00 1.570815e+00 6.394850e-01 1.630901e-01 3.862661e-02
31856: 1.884286e+00 1.705714e+00 1.568571e+00 6.400000e-01 1.628571e-01 3.857143e-02
31856: 1.884451e+00 1.706134e+00 1.569187e+00 6.390870e-01 1.626248e-01 3.851641e-02
31856: 1.884615e+00 1.705128e+00 1.569801e+00 6.396011e-01 1.623932e-01 3.846154e-02
31856: 1.884780e+00 1.706970e+00 1.568990e+00 6.386913e-01 1.621622e-01 3.840683e-02
31856: 1.883523e+00 1.705966e+00 1.571023e+00 6.392045e-01 1.619318e-01 3.835227e-02
31856: 1.885106e+00 1.706383e+00 1.568794e+00 6.397163e-01 1.617021e-01 3.829787e-02
31856: 1.883853e+00 1.703966e+00 1.572238e+00 6.388102e-01 1.628895e-01 3.824363e-02
31856: 1.884017e+00 1.702970e+00 1.572843e+00 6.393211e-01 1.626591e-01 3.818953e-02
31856: 1.882768e+00 1.706215e+00 1.570621e+00 6.398305e-01 1.624294e-01 3.813559e-02
31856: 1.884344e+00 1.703808e+00 1.569817e+00 6.403385e-01 1.636107e-01 3.808181e-02
31856: 1.884507e+00 1.704225e+00 1.569014e+00 6.408451e-01 1.633803e-01 3.802817e-02
31856: 1.884669e+00 1.704641e+00 1.569620e+00 6.399437e-01 1.631505e-01 3.797468e-02
31856: 1.883427e+00 1.703652e+00 1.570225e+00 6.404494e-01 1.643258e-01 3.792135e-02
31856: 1.883590e+00 1.704067e+00 1.568022e+00 6.409537e-01 1.654979e-01 3.786816e-02
31856: 1.883754e+00 1.703081e+00 1.570028e+00 6.400560e-01 1.652661e-01 3.781513e-02
31856: 1.882517e+00 1.703497e+00 1.569231e+00 6.405594e-01 1.664336e-01 3.776224e-02
31856: 1.882682e+00 1.705307e+00 1.568436e+00 6.396648e-01 1.662011e-01 3.770950e-02
31856: 1.881450e+00 1.704324e+00 1.569038e+00 6.401674e-01 1.673640e-01 3.765690e-02
31856: 1.880223e+00 1.704735e+00 1.568245e+00 6.406685e-01 1.685237e-01 3.760446e-02
31856: 1.880389e+00 1.703755e+00 1.568846e+00 6.411683e-01 1.682893e-01 3.755216e-02
31856: 1.879167e+00 1.704167e+00 1.570833e+00 6.402778e-01 1.680556e-01 3.750000e-02
31856: 1.879334e+00 1.705964e+00 1.568655e+00 6.407767e-01 1.678225e-01 3.744799e-02
31856: 1.879501e+00 1.706371e+00 1.569252e+00 6.398892e-01 1.675900e-01 3.739612e-02
31856: 1.878285e+00 1.705394e+00 1.571231e+00 6.403873e-01 1.673582e-01 3.734440e-02
31856: 1.877072e+00 1.704420e+00 1.570442e+00 6.436464e-01 1.671271e-01 3.729282e-02
31856: 1.877241e+00 1.703448e+00 1.569655e+00 6.455172e-01 1.668966e-01 3.724138e-02
31856: 1.877410e+00 1.703857e+00 1.570248e+00 6.446281e-01 1.666667e-01 3.719008e-02
31856: 1.876204e+00 1.702889e+00 1.568088e+00 6.478680e-01 1.678129e-01 3.713893e-02
31856: 1.876374e+00 1.701923e+00 1.567308e+00 6.497253e-01 1.675824e-01 3.708791e-02
31856: 1.875171e+00 1.705075e+00 1.566529e+00 6.488340e-01 1.673525e-01 3.703704e-02
31856: 1.875342e+00 1.704110e+00 1.567123e+00 6.493151e-01 1.671233e-01 3.698630e-02
31856: 1.874145e+00 1.704514e+00 1.566347e+00 6.497948e-01 1.668947e-01 3.830369e-02
31856: 1.875683e+00 1.703552e+00 1.566940e+00 6.489071e-01 1.666667e-01 3.825137e-02
31856: 1.874488e+00 1.705321e+00 1.566166e+00 6.493861e-01 1.664393e-01 3.819918e-02
31856: 1.874659e+00 1.705722e+00 1.566757e+00 6.485014e-01 1.662125e-01 3.814714e-02
31856: 1.876190e+00 1.703401e+00 1.567347e+00 6.489796e-01 1.659864e-01 3.809524e-02
31856: 1.875000e+00 1.703804e+00 1.567935e+00 6.494565e-01 1.657609e-01 3.804348e-02
31856: 1.873813e+00 1.702849e+00 1.568521e+00 6.485753e-01 1.682497e-01 3.799186e-02
31856: 1.875339e+00 1.700542e+00 1.570461e+00 6.476965e-01 1.680217e-01 3.794038e-02
31856: 1.876861e+00 1.700947e+00 1.568336e+00 6.481732e-01 1.677943e-01 3.788904e-02
31856: 1.875676e+00 1.700000e+00 1.570270e+00 6.486486e-01 1.675676e-01 3.783784e-02
31856: 1.875843e+00 1.699055e+00 1.569501e+00 6.491228e-01 1.686910e-01 3.778677e-02
31856: 1.874663e+00 1.699461e+00 1.570081e+00 6.495957e-01 1.684636e-01 3.773585e-02
31856: 1.874832e+00 1.698520e+00 1.567968e+00 6.527591e-01 1.682369e-01 3.768506e-02
31856: 1.873656e+00 1.698925e+00 1.568548e+00 6.532258e-01 1.680108e-01 3.763441e-02
31856: 1.875168e+00 1.699329e+00 1.567785e+00 6.523490e-01 1.677852e-01 3.758389e-02
31856: 1.873995e+00 1.699732e+00 1.568365e+00 6.528150e-01 1.675603e-01 3.753351e-02
31856: 1.872825e+00 1.701473e+00 1.567604e+00 6.519411e-01 1.686747e-01 3.748327e-02
31856: 1.872995e+00 1.700535e+00 1.568182e+00 6.524064e-01 1.684492e-01 3.743316e-02
31856: 1.873164e+00 1.700935e+00 1.568758e+00 6.515354e-01 1.682243e-01 3.738318e-02
31856: 1.872000e+00 1.698667e+00 1.570667e+00 6.520000e-01 1.693333e-01 3.733333e-02
31856: 1.873502e+00 1.699068e+00 1.568575e+00 6.524634e-01 1.691079e-01 3.728362e-02
31856: 1.875000e+00 1.698138e+00 1.569149e+00 6.515957e-01 1.688830e-01 3.723404e-02
31856: 1.875166e+00 1.698539e+00 1.568393e+00 6.507304e-01 1.686587e-01 3.851262e-02
31856: 1.874005e+00 1.698939e+00 1.568966e+00 6.511936e-01 1.684350e-01 3.846154e-02
31856: 1.872848e+00 1.701987e+00 1.568212e+00 6.503311e-01 1.682119e-01 3.841060e-02
31856: 1.874339e+00 1.701058e+00 1.567460e+00 6.507937e-01 1.679894e-01 3.835979e-02
31856: 1.874505e+00 1.700132e+00 1.568032e+00 6.512550e-01 1.677675e-01 3.830911e-02
31856: 1.873351e+00 1.700528e+00 1.569921e+00 6.503958e-01 1.675462e-01 3.825858e-02
31856: 1.873518e+00 1.700922e+00 1.570487e+00 6.495389e-01 1.673254e-01 3.820817e-02
31856: 1.873684e+00 1.700000e+00 1.568421e+00 6.513158e-01 1.684211e-01 3.815789e-02
31856: 1.872536e+00 1.700394e+00 1.568988e+00 6.517740e-01 1.681997e-01 3.810775e-02
31856: 1.872703e+00 1.699475e+00 1.569554e+00 6.509186e-01 1.692913e-01 3.805774e-02
31856: 1.871560e+00 1.701180e+00 1.570118e+00 6.500655e-01 1.690695e-01 3.800786e-02
31856: 1.873037e+00 1.700262e+00 1.569372e+00 6.505236e-01 1.688482e-01 3.795812e-02
31856: 1.873203e+00 1.700654e+00 1.568627e+00 6.509804e-01 1.686275e-01 3.790850e-02
31856: 1.872063e+00 1.701044e+00 1.569191e+00 6.501305e-01 1.697128e-01 3.785901e-02
31856: 1.873533e+00 1.700130e+00 1.569752e+00 6.492829e-01 1.694915e-01 3.780965e-02
31856: 1.873698e+00 1.699219e+00 1.570312e+00 6.497396e-01 1.692708e-01 3.776042e-02
31856: 1.872562e+00 1.699610e+00 1.570871e+00 6.501951e-01 1.690507e-01 3.771131e-02
31856: 1.874026e+00 1.700000e+00 1.568831e+00 6.506494e-01 1.688312e-01 3.766234e-02
31856: 1.874189e+00 1.700389e+00 1.569390e+00 6.498054e-01 1.686122e-01 3.761349e-02
31856: 1.873057e+00 1.699482e+00 1.569948e+00 6.502591e-01 1.696891e-01 3.756477e-02
31856: 1.873221e+00 1.699871e+00 1.570505e+00 6.494179e-01 1.694696e-01 3.751617e-02
31856: 1.873385e+00 1.698966e+00 1.568475e+00 6.524548e-01 1.692506e-01 3.746770e-02
31856: 1.873548e+00 1.700645e+00 1.567742e+00 6.516129e-01 1.690323e-01 3.741935e-02
31856: 1.872423e+00 1.699742e+00 1.569588e+00 6.520619e-01 1.688144e-01 3.737113e-02
31856: 1.872587e+00 1.697555e+00 1.571429e+00 6.512227e-01 1.698842e-01 3.732304e-02
31856: 1.871465e+00 1.697943e+00 1.570694e+00 6.529563e-01 1.696658e-01 3.727506e-02
31856: 1.870347e+00 1.697047e+00 1.571245e+00 6.546855e-01 1.694480e-01 3.722721e-02
31856: 1.870513e+00 1.696154e+00 1.571795e+00 6.551282e-01 1.692308e-01 3.717949e-02
31856: 1.870679e+00 1.695262e+00 1.572343e+00 6.555698e-01 1.690141e-01 3.713188e-02
31856: 1.869565e+00 1.695652e+00 1.571611e+00 6.572890e-01 1.687980e-01 3.708440e-02
31856: 1.868455e+00 1.696041e+00 1.570881e+00 6.577267e-01 1.698595e-01 3.703704e-02
31856: 1.868622e+00 1.693878e+00 1.572704e+00 6.581633e-01 1.696429e-01 3.698980e-02
31856: 1.867516e+00 1.694268e+00 1.573248e+00 6.585987e-01 1.694268e-01 3.694268e-02
31856: 1.868957e+00 1.693384e+00 1.571247e+00 6.603053e-01 1.692112e-01 3.689567e-02
31856: 1.869123e+00 1.693774e+00 1.569250e+00 6.620076e-01 1.689962e-01 3.684879e-02
31856: 1.868020e+00 1.695431e+00 1.569797e+00 6.611675e-01 1.687817e-01 3.680203e-02
31856: 1.869455e+00 1.694550e+00 1.570342e+00 6.603295e-01 1.685678e-01 3.675539e-02
31856: 1.868354e+00 1.696203e+00 1.569620e+00 6.607595e-01 1.683544e-01 3.670886e-02
31856: 1.869785e+00 1.695322e+00 1.570164e+00 6.599241e-01 1.681416e-01 3.666245e-02
31856: 1.869949e+00 1.696970e+00 1.568182e+00 6.603535e-01 1.679293e-01 3.661616e-02
31856: 1.868852e+00 1.698613e+00 1.568726e+00 6.595208e-01 1.677175e-01 3.656999e-02
31856: 1.869018e+00 1.700252e+00 1.568010e+00 6.586902e-01 1.675063e-01 3.652393e-02
31856: 1.867925e+00 1.699371e+00 1.568553e+00 6.578616e-01 1.698113e-01 3.647799e-02
31856: 1.868090e+00 1.698492e+00 1.567839e+00 6.582915e-01 1.708543e-01 3.643216e-02
31856: 1.867001e+00 1.700125e+00 1.567127e+00 6.587202e-01 1.706399e-01 3.638645e-02
31856: 1.865915e+00 1.701754e+00 1.566416e+00 6.591479e-01 1.704261e-01 3.634085e-02
31856: 1.867334e+00 1.700876e+00 1.565707e+00 6.583229e-01 1.714643e-01 3.629537e-02
31856: 1.866250e+00 1.701250e+00 1.565000e+00 6.600000e-01 1.712500e-01 3.625000e-02
31856: 1.867665e+00 1.700375e+00 1.564295e+00 6.604245e-01 1.710362e-01 3.620474e-02
31856: 1.867830e+00 1.700748e+00 1.564838e+00 6.596010e-01 1.708229e-01 3.615960e-02
31856: 1.866750e+00 1.701121e+00 1.565380e+00 6.600249e-01 1.706102e-01 3.611457e-02
31856: 1.865672e+00 1.700249e+00 1.568408e+00 6.592040e-01 1.703980e-01 3.606965e-02
31856: 1.867081e+00 1.699379e+00 1.567702e+00 6.583851e-01 1.701863e-01 3.726708e-02
31856: 1.866005e+00 1.699752e+00 1.568238e+00 6.575682e-01 1.712159e-01 3.722084e-02
31856: 1.866171e+00 1.700124e+00 1.568773e+00 6.567534e-01 1.710037e-01 3.717472e-02
31856: 1.865099e+00 1.698020e+00 1.570545e+00 6.571782e-01 1.720297e-01 3.712871e-02
31856: 1.865266e+00 1.697157e+00 1.569839e+00 6.588381e-01 1.718171e-01 3.708282e-02
31856: 1.864198e+00 1.698765e+00 1.569136e+00 6.592593e-01 1.716049e-01 3.703704e-02
31856: 1.864365e+00 1.699137e+00 1.569667e+00 6.584464e-01 1.713933e-01 3.699137e-02
31856: 1.863300e+00 1.699507e+00 1.570197e+00 6.588670e-01 1.711823e-01 3.694581e-02
31856: 1.863469e+00 1.698647e+00 1.568266e+00 6.617466e-01 1.709717e-01 3.690037e-02
31856: 1.863636e+00 1.699017e+00 1.567568e+00 6.621622e-01 1.707617e-01 3.685504e-02
31856: 1.862577e+00 1.699387e+00 1.568098e+00 6.625767e-01 1.705521e-01 3.680982e-02
31856: 1.862745e+00 1.698529e+00 1.568627e+00 6.629902e-01 1.703431e-01 3.676471e-02
31856: 1.862913e+00 1.698898e+00 1.569155e+00 6.621787e-01 1.701346e-01 3.671971e-02
31856: 1.863081e+00 1.698044e+00 1.569682e+00 6.625917e-01 1.699267e-01 3.667482e-02
31856: 1.862027e+00 1.699634e+00 1.570208e+00 6.617827e-01 1.697192e-01 3.663004e-02
31856: 1.862195e+00 1.700000e+00 1.568293e+00 6.634146e-01 1.695122e-01 3.658537e-02
31856: 1.861145e+00 1.697929e+00 1.571255e+00 6.626066e-01 1.705238e-01 3.654080e-02
31856: 1.861314e+00 1.698297e+00 1.570560e+00 6.630170e-01 1.703163e-01 3.649635e-02
31856: 1.860267e+00 1.697448e+00 1.571081e+00 6.646416e-01 1.701094e-01 3.645200e-02
31856: 1.861650e+00 1.697816e+00 1.569175e+00 6.650485e-01 1.699029e-01 3.640777e-02
31856: 1.860606e+00 1.696970e+00 1.570909e+00 6.642424e-01 1.709091e-01 3.636364e-02
31856: 1.861985e+00 1.697337e+00 1.569007e+00 6.646489e-01 1.707022e-01 3.631961e-02
31856: 1.862152e+00 1.697703e+00 1.569528e+00 6.638452e-01 1.704958e-01 3.627570e-02
31856: 1.861111e+00 1.696860e+00 1.570048e+00 6.654589e-01 1.702899e-01 3.623188e-02
31856: 1.861279e+00 1.698432e+00 1.568154e+00 6.658625e-01 1.700844e-01 3.618818e-02
31856: 1.861446e+00 1.698795e+00 1.568675e+00 6.650602e-01 1.698795e-01 3.614458e-02
31856: 1.861613e+00 1.697954e+00 1.567990e+00 6.654633e-01 1.708785e-01 3.610108e-02
31856: 1.860577e+00 1.698317e+00 1.567308e+00 6.658654e-01 1.718750e-01 3.605769e-02
31856: 1.861945e+00 1.698679e+00 1.566627e+00 6.650660e-01 1.716687e-01 3.601441e-02
31856: 1.862110e+00 1.699041e+00 1.567146e+00 6.642686e-01 1.714628e-01 3.597122e-02
31856: 1.862275e+00 1.699401e+00 1.566467e+00 6.646707e-01 1.712575e-01 3.592814e-02
31856: 1.861244e+00 1.697368e+00 1.569378e+00 6.638756e-01 1.710526e-01 3.708134e-02
31856: 1.862605e+00 1.697730e+00 1.568698e+00 6.630824e-01 1.708483e-01 3.703704e-02
31856: 1.861575e+00 1.696897e+00 1.571599e+00 6.622912e-01 1.706444e-01 3.699284e-02
31856: 1.862932e+00 1.696067e+00 1.569726e+00 6.638856e-01 1.704410e-01 3.694875e-02
31856: 1.861905e+00 1.696429e+00 1.570238e+00 6.642857e-01 1.702381e-01 3.690476e-02
31856: 1.860880e+00 1.696790e+00 1.569560e+00 6.646849e-01 1.712247e-01 3.686088e-02
31856: 1.862233e+00 1.695962e+00 1.570071e+00 6.638955e-01 1.710214e-01 3.681710e-02
31856: 1.861210e+00 1.696323e+00 1.568209e+00 6.654804e-01 1.708185e-01 3.795967e-02
31856: 1.863744e+00 1.694313e+00 1.568720e+00 6.646919e-01 1.706161e-01 3.791469e-02
31856: 1.863905e+00 1.694675e+00 1.568047e+00 6.639053e-01 1.715976e-01 3.786982e-02
31856: 1.862884e+00 1.695035e+00 1.569740e+00 6.631206e-01 1.713948e-01 3.782506e-02
31856: 1.863046e+00 1.694215e+00 1.570248e+00 6.623377e-01 1.723731e-01 3.778040e-02
31856: 1.863208e+00 1.694575e+00 1.569575e+00 6.627358e-01 1.721698e-01 3.773585e-02
31856: 1.862191e+00 1.693757e+00 1.570082e+00 6.631331e-01 1.731449e-01 3.769140e-02
31856: 1.862353e+00 1.692941e+00 1.569412e+00 6.647059e-01 1.729412e-01 3.764706e-02
31856: 1.861340e+00 1.694477e+00 1.568743e+00 6.650999e-01 1.727380e-01 3.760282e-02
31856: 1.861502e+00 1.696009e+00 1.568075e+00 6.643192e-01 1.725352e-01 3.755869e-02
31856: 1.861665e+00 1.695193e+00 1.569754e+00 6.635404e-01 1.723329e-01 3.751465e-02
31856: 1.860656e+00 1.694379e+00 1.570258e+00 6.639344e-01 1.733021e-01 3.747073e-02
31856: 1.860819e+00 1.694737e+00 1.568421e+00 6.654971e-01 1.730994e-01 3.742690e-02
31856: 1.859813e+00 1.695093e+00 1.570093e+00 6.647196e-01 1.728972e-01 3.738318e-02
31856: 1.859977e+00 1.695449e+00 1.569428e+00 6.651109e-01 1.726954e-01 3.733956e-02
31856: 1.858974e+00 1.696970e+00 1.569930e+00 6.643357e-01 1.724942e-01 3.729604e-02
31856: 1.860303e+00 1.696158e+00 1.569267e+00 6.647264e-01 1.722934e-01 3.725262e-02
31856: 1.860465e+00 1.696512e+00 1.568605e+00 6.651163e-01 1.720930e-01 3.720930e-02
31856: 1.859466e+00 1.696864e+00 1.570267e+00 6.643438e-01 1.718931e-01 3.716609e-02
31856: 1.859629e+00 1.697216e+00 1.568445e+00 6.658933e-01 1.716937e-01 3.712297e-02
31856: 1.858633e+00 1.696408e+00 1.570104e+00 6.662804e-01 1.714948e-01 3.707995e-02
31856: 1.858796e+00 1.695602e+00 1.570602e+00 6.666667e-01 1.712963e-01 3.703704e-02
31856: 1.858960e+00 1.695954e+00 1.568786e+00 6.682081e-01 1.710983e-01 3.699422e-02
31856: 1.857968e+00 1.696305e+00 1.569284e+00 6.685912e-01 1.709007e-01 3.695150e-02
31856: 1.856978e+00 1.697809e+00 1.569781e+00 6.678201e-01 1.707036e-01 3.690888e-02
31856: 1.857143e+00 1.698157e+00 1.569124e+00 6.682028e-01 1.705069e-01 3.686636e-02
31856: 1.857307e+00 1.697353e+00 1.570771e+00 6.674338e-01 1.703107e-01 3.682394e-02
31856: 1.856322e+00 1.697701e+00 1.570115e+00 6.678161e-01 1.712644e-01 3.678161e-02
31856: 1.856487e+00 1.696900e+00 1.569460e+00 6.681975e-01 1.722158e-01 3.673938e-02
31856: 1.855505e+00 1.697248e+00 1.571101e+00 6.674312e-01 1.720183e-01 3.669725e-02
31856: 1.856816e+00 1.697595e+00 1.569301e+00 6.678121e-01 1.718213e-01 3.665521e-02
31856: 1.855835e+00 1.696796e+00 1.572082e+00 6.670481e-01 1.716247e-01 3.661327e-02
31856: 1.856000e+00 1.697143e+00 1.571429e+00 6.674286e-01 1.714286e-01 3.657143e-02
31856: 1.856164e+00 1.697489e+00 1.570776e+00 6.678082e-01 1.712329e-01 3.652968e-02
31856: 1.855188e+00 1.697834e+00 1.570125e+00 6.681870e-01 1.721779e-01 3.648803e-02
31856: 1.856492e+00 1.695900e+00 1.570615e+00 6.685649e-01 1.719818e-01 3.644647e-02
31856: 1.856655e+00 1.696246e+00 1.569966e+00 6.689420e-01 1.717861e-01 3.640501e-02
31856: 1.856818e+00 1.696591e+00 1.570455e+00 6.681818e-01 1.715909e-01 3.636364e-02
31856: 1.855846e+00 1.695800e+00 1.568672e+00 6.708286e-01 1.713961e-01 3.745743e-02
31856: 1.856009e+00 1.695011e+00 1.569161e+00 6.712018e-01 1.712018e-01 3.741497e-02
31856: 1.856172e+00 1.695357e+00 1.569649e+00 6.704417e-01 1.710079e-01 3.737259e-02
31856: 1.855204e+00 1.694570e+00 1.571267e+00 6.708145e-01 1.708145e-01 3.733032e-02
31856: 1.855367e+00 1.693785e+00 1.570621e+00 6.723164e-01 1.706215e-01 3.728814e-02
31856: 1.854402e+00 1.695260e+00 1.569977e+00 6.726862e-01 1.704289e-01 3.724605e-02
31856: 1.855693e+00 1.695603e+00 1.569335e+00 6.719278e-01 1.702368e-01 3.720406e-02
31856: 1.854730e+00 1.694820e+00 1.569820e+00 6.722973e-01 1.700450e-01 3.828829e-02
31856: 1.854893e+00 1.695163e+00 1.569179e+00 6.726659e-01 1.698538e-01 3.824522e-02
31856: 1.853933e+00 1.695506e+00 1.570787e+00 6.719101e-01 1.696629e-01 3.820225e-02
31856: 1.855219e+00 1.694725e+00 1.569024e+00 6.734007e-01 1.694725e-01 3.815937e-02
31856: 1.855381e+00 1.695067e+00 1.568386e+00 6.726457e-01 1.704036e-01 3.811659e-02
31856: 1.855543e+00 1.694289e+00 1.569989e+00 6.718925e-01 1.702128e-01 3.807391e-02
31856: 1.854586e+00 1.694631e+00 1.570470e+00 6.711409e-01 1.711409e-01 3.803132e-02
31856: 1.854749e+00 1.693855e+00 1.569832e+00 6.726257e-01 1.709497e-01 3.798883e-02
31856: 1.853795e+00 1.694196e+00 1.570312e+00 6.729911e-01 1.707589e-01 3.794643e-02
31856: 1.853958e+00 1.695652e+00 1.568562e+00 6.733556e-01 1.705686e-01 3.790412e-02
31856: 1.855234e+00 1.694878e+00 1.569042e+00 6.726058e-01 1.703786e-01 3.786192e-02
31856: 1.855395e+00 1.696329e+00 1.568409e+00 6.718576e-01 1.701891e-01 3.781980e-02
31856: 1.855556e+00 1.695556e+00 1.568889e+00 6.722222e-01 1.700000e-01 3.777778e-02
31856: 1.854606e+00 1.695893e+00 1.568257e+00 6.736959e-01 1.698113e-01 3.773585e-02
31856: 1.854767e+00 1.695122e+00 1.567627e+00 6.729490e-01 1.718404e-01 3.769401e-02
31856: 1.853821e+00 1.695460e+00 1.569214e+00 6.722038e-01 1.716501e-01 3.765227e-02
31856: 1.853982e+00 1.695796e+00 1.568584e+00 6.725664e-01 1.714602e-01 3.761062e-02
31856: 1.854144e+00 1.696133e+00 1.569061e+00 6.718232e-01 1.712707e-01 3.756906e-02
31856: 1.854305e+00 1.696468e+00 1.568433e+00 6.721854e-01 1.710817e-01 3.752759e-02
31856: 1.853363e+00 1.697905e+00 1.568908e+00 6.714443e-01 1.708931e-01 3.748622e-02
31856: 1.853524e+00 1.697137e+00 1.569383e+00 6.707048e-01 1.718062e-01 3.744493e-02
31856: 1.852585e+00 1.698570e+00 1.569857e+00 6.699670e-01 1.716172e-01 3.740374e-02
31856: 1.853846e+00 1.697802e+00 1.569231e+00 6.703297e-01 1.714286e-01 3.736264e-02
31856: 1.854007e+00 1.699232e+00 1.568606e+00 6.695939e-01 1.712404e-01 3.732162e-02
31856: 1.854167e+00 1.699561e+00 1.569079e+00 6.688596e-01 1.710526e-01 3.728070e-02
31856: 1.853231e+00 1.699890e+00 1.569551e+00 6.692223e-01 1.708653e-01 3.723987e-02
31856: 1.854486e+00 1.699125e+00 1.568928e+00 6.695842e-01 1.706783e-01 3.719912e-02
31856: 1.853552e+00 1.699454e+00 1.569399e+00 6.699454e-01 1.704918e-01 3.715847e-02
31856: 1.854803e+00 1.698690e+00 1.569869e+00 6.692140e-01 1.703057e-01 3.711790e-02
31856: 1.854962e+00 1.699019e+00 1.570338e+00 6.684842e-01 1.701200e-01 3.707743e-02
31856: 1.855120e+00 1.698257e+00 1.569717e+00 6.699346e-01 1.699346e-01 3.703704e-02
31856: 1.855277e+00 1.698585e+00 1.570185e+00 6.692057e-01 1.697497e-01 3.699674e-02
31856: 1.854348e+00 1.697826e+00 1.569565e+00 6.706522e-01 1.695652e-01 3.804348e-02
31856: 1.855592e+00 1.697068e+00 1.570033e+00 6.699240e-01 1.693811e-01 3.800217e-02
31856: 1.855748e+00 1.698482e+00 1.568330e+00 6.702820e-01 1.691974e-01 3.796095e-02
31856: 1.854821e+00 1.698808e+00 1.568797e+00 6.706392e-01 1.690141e-01 3.791983e-02
31856: 1.854978e+00 1.699134e+00 1.568182e+00 6.699134e-01 1.699134e-01 3.787879e-02
31856: 1.854054e+00 1.698378e+00 1.569730e+00 6.702703e-01 1.697297e-01 3.783784e-02
31856: 1.855292e+00 1.697624e+00 1.569114e+00 6.695464e-01 1.706263e-01 3.779698e-02
31856: 1.854369e+00 1.696872e+00 1.569579e+00 6.699029e-01 1.715210e-01 3.775620e-02
31856: 1.856681e+00 1.696121e+00 1.568966e+00 6.691810e-01 1.713362e-01 3.771552e-02
31856: 1.856835e+00 1.696448e+00 1.569429e+00 6.684607e-01 1.711518e-01 3.767492e-02
31856: 1.856989e+00 1.695699e+00 1.568817e+00 6.698925e-01 1.709677e-01 3.763441e-02
31856: 1.857143e+00 1.696026e+00 1.568206e+00 6.702470e-01 1.707841e-01 3.759398e-02
31856: 1.856223e+00 1.695279e+00 1.569742e+00 6.706009e-01 1.706009e-01 3.755365e-02
31856: 1.856377e+00 1.694534e+00 1.569132e+00 6.709539e-01 1.704180e-01 3.858521e-02
31856: 1.856531e+00 1.695931e+00 1.568522e+00 6.702355e-01 1.702355e-01 3.854390e-02
31856: 1.855615e+00 1.696257e+00 1.568984e+00 6.705882e-01 1.700535e-01 3.850267e-02
31856: 1.855769e+00 1.695513e+00 1.569444e+00 6.709402e-01 1.698718e-01 3.846154e-02
31856: 1.854856e+00 1.695838e+00 1.569904e+00 6.712914e-01 1.696905e-01 3.842049e-02
31856: 1.857143e+00 1.695096e+00 1.569296e+00 6.705757e-01 1.695096e-01 3.837953e-02
31856: 1.856230e+00 1.695421e+00 1.570820e+00 6.698616e-01 1.693291e-01 3.833866e-02
31856: 1.856383e+00 1.695745e+00 1.570213e+00 6.702128e-01 1.691489e-01 3.829787e-02
31856: 1.856536e+00 1.695005e+00 1.569607e+00 6.705632e-01 1.700319e-01 3.825717e-02
31856: 1.857749e+00 1.695329e+00 1.569002e+00 6.698514e-01 1.698514e-01 3.821656e-02
31856: 1.856840e+00 1.694592e+00 1.570520e+00 6.691410e-01 1.707317e-01 3.817603e-02
31856: 1.858051e+00 1.694915e+00 1.568856e+00 6.694915e-01 1.705508e-01 3.813559e-02
31856: 1.859259e+00 1.694180e+00 1.569312e+00 6.687831e-01 1.703704e-01 3.809524e-02
31856: 1.860465e+00 1.694503e+00 1.568710e+00 6.680761e-01 1.701903e-01 3.805497e-02
31856: 1.859556e+00 1.693770e+00 1.570222e+00 6.673706e-01 1.710665e-01 3.801478e-02
31856: 1.858650e+00 1.693038e+00 1.571730e+00 6.677215e-01 1.708861e-01 3.797468e-02
31856: 1.858799e+00 1.692308e+00 1.570074e+00 6.691254e-01 1.717597e-01 3.793467e-02
31856: 1.857895e+00 1.693684e+00 1.568421e+00 6.694737e-01 1.726316e-01 3.789474e-02
31856: 1.859096e+00 1.692955e+00 1.568875e+00 6.687697e-01 1.724501e-01 3.785489e-02
31856: 1.858193e+00 1.694328e+00 1.569328e+00 6.680672e-01 1.722689e-01 3.781513e-02
31856: 1.858342e+00 1.693599e+00 1.570829e+00 6.673662e-01 1.720881e-01 3.777545e-02
31856: 1.857442e+00 1.693920e+00 1.570231e+00 6.677149e-01 1.719078e-01 3.878407e-02
31856: 1.857592e+00 1.694241e+00 1.569634e+00 6.680628e-01 1.717277e-01 3.874346e-02
31856: 1.858787e+00 1.693515e+00 1.570084e+00 6.673640e-01 1.715481e-01 3.870293e-02
31856: 1.858934e+00 1.693835e+00 1.569488e+00 6.677116e-01 1.713689e-01 3.866249e-02
31856: 1.858038e+00 1.694154e+00 1.570981e+00 6.670146e-01 1.711900e-01 3.862213e-02
31856: 1.857143e+00 1.692388e+00 1.571429e+00 6.684046e-01 1.720542e-01 3.858186e-02
31856: 1.857292e+00 1.691667e+00 1.570833e+00 6.687500e-01 1.729167e-01 3.854167e-02
31856: 1.857440e+00 1.691988e+00 1.570239e+00 6.690947e-01 1.727367e-01 3.850156e-02
31856: 1.857588e+00 1.691268e+00 1.569647e+00 6.694387e-01 1.735967e-01 3.846154e-02
31856: 1.856698e+00 1.692627e+00 1.569055e+00 6.687435e-01 1.744548e-01 3.842160e-02
31856: 1.857884e+00 1.692946e+00 1.568465e+00 6.680498e-01 1.742739e-01 3.838174e-02
31856: 1.856995e+00 1.693264e+00 1.568912e+00 6.683938e-01 1.740933e-01 3.834197e-02
31856: 1.857143e+00 1.693582e+00 1.569358e+00 6.677019e-01 1.739130e-01 3.830228e-02
31856: 1.856256e+00 1.693899e+00 1.569804e+00 6.680455e-01 1.737332e-01 3.826267e-02
31856: 1.855372e+00 1.694215e+00 1.570248e+00 6.683884e-01 1.735537e-01 3.822314e-02
31856: 1.855521e+00 1.693498e+00 1.569659e+00 6.697626e-01 1.733746e-01 3.818369e-02
31856: 1.854639e+00 1.694845e+00 1.569072e+00 6.701031e-01 1.731959e-01 3.814433e-02
31856: 1.854789e+00 1.696189e+00 1.568486e+00 6.694130e-01 1.730175e-01 3.810505e-02
31856: 1.854938e+00 1.695473e+00 1.569959e+00 6.687243e-01 1.728395e-01 3.806584e-02
31856: 1.854060e+00 1.695786e+00 1.570401e+00 6.690647e-01 1.726619e-01 3.802672e-02
31856: 1.854209e+00 1.695072e+00 1.569815e+00 6.694045e-01 1.735113e-01 3.798768e-02
31856: 1.854359e+00 1.695385e+00 1.569231e+00 6.687179e-01 1.743590e-01 3.794872e-02
31856: 1.854508e+00 1.694672e+00 1.570697e+00 6.680328e-01 1.741803e-01 3.790984e-02
31856: 1.854657e+00 1.694985e+00 1.569089e+00 6.683726e-01 1.740020e-01 3.889458e-02
31856: 1.853783e+00 1.694274e+00 1.571575e+00 6.676892e-01 1.738241e-01 3.885481e-02
31856: 1.853933e+00 1.692543e+00 1.572012e+00 6.680286e-01 1.736466e-01 3.983657e-02
31856: 1.854082e+00 1.692857e+00 1.571429e+00 6.683673e-01 1.734694e-01 3.979592e-02
31856: 1.853211e+00 1.694190e+00 1.570846e+00 6.687054e-01 1.732926e-01 3.975535e-02
31856: 1.852342e+00 1.695519e+00 1.570265e+00 6.690428e-01 1.731161e-01 3.971487e-02
31856: 1.853510e+00 1.694812e+00 1.569685e+00 6.693795e-01 1.729400e-01 3.967447e-02
31856: 1.853659e+00 1.696138e+00 1.569106e+00 6.686992e-01 1.727642e-01 3.963415e-02
31856: 1.853807e+00 1.695431e+00 1.569543e+00 6.680203e-01 1.736041e-01 3.959391e-02
31856: 1.853955e+00 1.695740e+00 1.568966e+00 6.673428e-01 1.734280e-01 4.056795e-02
31856: 1.853090e+00 1.696049e+00 1.570415e+00 6.666667e-01 1.732523e-01 4.052685e-02
31856: 1.852227e+00 1.697368e+00 1.569838e+00 6.670040e-01 1.730769e-01 4.048583e-02
31856: 1.852376e+00 1.697674e+00 1.570273e+00 6.663296e-01 1.729019e-01 4.044489e-02
31856: 1.851515e+00 1.696970e+00 1.569697e+00 6.686869e-01 1.727273e-01 4.040404e-02
31856: 1.851665e+00 1.696266e+00 1.570131e+00 6.690212e-01 1.725530e-01 4.036327e-02
31856: 1.851815e+00 1.697581e+00 1.568548e+00 6.693548e-01 1.723790e-01 4.032258e-02
31856: 1.851964e+00 1.696878e+00 1.569990e+00 6.686808e-01 1.722054e-01 4.028197e-02
31856: 1.851107e+00 1.697183e+00 1.570423e+00 6.680080e-01 1.730382e-01 4.024145e-02
31856: 1.850251e+00 1.696482e+00 1.571859e+00 6.683417e-01 1.728643e-01 4.020101e-02
31856: 1.849398e+00 1.695783e+00 1.572289e+00 6.686747e-01 1.726908e-01 4.116466e-02
31856: 1.851555e+00 1.695085e+00 1.570712e+00 6.690070e-01 1.725176e-01 4.112337e-02
31856: 1.850701e+00 1.696393e+00 1.570140e+00 6.693387e-01 1.723447e-01 4.108216e-02
31856: 1.849850e+00 1.695696e+00 1.570571e+00 6.706707e-01 1.721722e-01 4.104104e-02
31856: Done!
Traceback (most recent call last):
  File "/lowest-unique-number/tournament0/elexunix.py", line 25, in <module>
    input()
EOFError: EOF when reading a line
