Forked 35312
Starting to reopen 0 and 1
Calling execv `tournament0/fedro.py` (pid 35312)
Strategy 0: first ans is 0
Forked 35336
Starting to reopen 0 and 1
Calling execv `tournament0/alex_dany` (pid 35336)
35336: Started!
35336: Number of players: 5, position: 1, number of turns: 1000
35336: Random seed: 2796237611
Strategy 1: first ans is 0
Forked 35337
Starting to reopen 0 and 1
Calling execv `tournament0/lounres.py` (pid 35337)
Strategy 2: first ans is 1
Forked 35338
Starting to reopen 0 and 1
Calling execv `tournament0/the_best_strategy.py` (pid 35338)
Strategy 3: first ans is 0
Forked 35339
Starting to reopen 0 and 1
Calling execv `tournament0/pzakorko.py` (pid 35339)
Strategy 4: first ans is 0
35336: 4.000000e+00 1.000000e+00 0.000000e+00 0.000000e+00 0.000000e+00
35336: 3.000000e+00 1.500000e+00 5.000000e-01 0.000000e+00 0.000000e+00
35336: 3.000000e+00 1.333333e+00 6.666667e-01 0.000000e+00 0.000000e+00
35336: 2.750000e+00 1.500000e+00 5.000000e-01 2.500000e-01 0.000000e+00
35336: 2.600000e+00 1.400000e+00 8.000000e-01 2.000000e-01 0.000000e+00
35336: 2.666667e+00 1.500000e+00 6.666667e-01 1.666667e-01 0.000000e+00
35336: 2.571429e+00 1.428571e+00 7.142857e-01 1.428571e-01 1.428571e-01
35336: 2.625000e+00 1.500000e+00 6.250000e-01 1.250000e-01 1.250000e-01
35336: 2.666667e+00 1.444444e+00 6.666667e-01 1.111111e-01 1.111111e-01
35336: 2.600000e+00 1.600000e+00 6.000000e-01 1.000000e-01 1.000000e-01
35336: 2.545455e+00 1.454545e+00 7.272727e-01 1.818182e-01 9.090909e-02
35336: 2.500000e+00 1.500000e+00 7.500000e-01 1.666667e-01 8.333333e-02
35336: 2.461538e+00 1.538462e+00 7.692308e-01 1.538462e-01 7.692308e-02
35336: 2.500000e+00 1.500000e+00 7.857143e-01 1.428571e-01 7.142857e-02
35336: 2.466667e+00 1.600000e+00 7.333333e-01 1.333333e-01 6.666667e-02
35336: 2.437500e+00 1.500000e+00 8.750000e-01 1.250000e-01 6.250000e-02
35336: 2.411765e+00 1.588235e+00 8.235294e-01 1.176471e-01 5.882353e-02
35336: 2.388889e+00 1.500000e+00 8.888889e-01 1.666667e-01 5.555556e-02
35336: 2.421053e+00 1.526316e+00 8.421053e-01 1.578947e-01 5.263158e-02
35336: 2.400000e+00 1.500000e+00 8.500000e-01 1.500000e-01 1.000000e-01
35336: 2.428571e+00 1.523810e+00 8.095238e-01 1.428571e-01 9.523810e-02
35336: 2.409091e+00 1.500000e+00 8.636364e-01 1.363636e-01 9.090909e-02
35336: 2.391304e+00 1.521739e+00 8.695652e-01 1.304348e-01 8.695652e-02
35336: 2.375000e+00 1.541667e+00 8.750000e-01 1.250000e-01 8.333333e-02
35336: 2.360000e+00 1.560000e+00 8.800000e-01 1.200000e-01 8.000000e-02
35336: 2.384615e+00 1.538462e+00 8.846154e-01 1.153846e-01 7.692308e-02
35336: 2.370370e+00 1.555556e+00 8.888889e-01 1.111111e-01 7.407407e-02
35336: 2.392857e+00 1.535714e+00 8.928571e-01 1.071429e-01 7.142857e-02
35336: 2.413793e+00 1.551724e+00 8.620690e-01 1.034483e-01 6.896552e-02
35336: 2.400000e+00 1.566667e+00 8.666667e-01 1.000000e-01 6.666667e-02
35336: 2.387097e+00 1.548387e+00 9.032258e-01 9.677419e-02 6.451613e-02
35336: 2.375000e+00 1.562500e+00 9.062500e-01 9.375000e-02 6.250000e-02
35336: 2.393939e+00 1.545455e+00 9.090909e-01 9.090909e-02 6.060606e-02
35336: 2.411765e+00 1.558824e+00 8.823529e-01 8.823529e-02 5.882353e-02
35336: 2.400000e+00 1.542857e+00 9.142857e-01 8.571429e-02 5.714286e-02
35336: 2.388889e+00 1.555556e+00 8.888889e-01 1.111111e-01 5.555556e-02
35336: 2.378378e+00 1.540541e+00 9.189189e-01 1.081081e-01 5.405405e-02
35336: 2.368421e+00 1.552632e+00 8.947368e-01 1.315789e-01 5.263158e-02
35336: 2.358974e+00 1.564103e+00 8.974359e-01 1.282051e-01 5.128205e-02
35336: 2.350000e+00 1.550000e+00 9.000000e-01 1.500000e-01 5.000000e-02
35336: 2.341463e+00 1.585366e+00 8.780488e-01 1.463415e-01 4.878049e-02
35336: 2.333333e+00 1.547619e+00 9.047619e-01 1.666667e-01 4.761905e-02
35336: 2.325581e+00 1.581395e+00 8.837209e-01 1.627907e-01 4.651163e-02
35336: 2.318182e+00 1.545455e+00 9.090909e-01 1.818182e-01 4.545455e-02
35336: 2.333333e+00 1.555556e+00 8.888889e-01 1.777778e-01 4.444444e-02
35336: 2.347826e+00 1.543478e+00 8.913043e-01 1.739130e-01 4.347826e-02
35336: 2.340426e+00 1.553191e+00 8.936170e-01 1.702128e-01 4.255319e-02
35336: 2.354167e+00 1.541667e+00 8.958333e-01 1.666667e-01 4.166667e-02
35336: 2.367347e+00 1.551020e+00 8.775510e-01 1.632653e-01 4.081633e-02
35336: 2.360000e+00 1.540000e+00 9.000000e-01 1.600000e-01 4.000000e-02
35336: 2.352941e+00 1.568627e+00 8.823529e-01 1.568627e-01 3.921569e-02
35336: 2.346154e+00 1.557692e+00 9.038462e-01 1.538462e-01 3.846154e-02
35336: 2.339623e+00 1.584906e+00 8.867925e-01 1.509434e-01 3.773585e-02
35336: 2.333333e+00 1.574074e+00 9.074074e-01 1.481481e-01 3.703704e-02
35336: 2.327273e+00 1.581818e+00 9.090909e-01 1.454545e-01 3.636364e-02
35336: 2.321429e+00 1.553571e+00 9.464286e-01 1.428571e-01 3.571429e-02
35336: 2.333333e+00 1.561404e+00 9.298246e-01 1.403509e-01 3.508772e-02
35336: 2.327586e+00 1.551724e+00 9.310345e-01 1.551724e-01 3.448276e-02
35336: 2.322034e+00 1.559322e+00 9.152542e-01 1.694915e-01 3.389831e-02
35336: 2.316667e+00 1.550000e+00 9.333333e-01 1.666667e-01 3.333333e-02
35336: 2.327869e+00 1.557377e+00 9.180328e-01 1.639344e-01 3.278689e-02
35336: 2.322581e+00 1.548387e+00 9.354839e-01 1.612903e-01 3.225806e-02
35336: 2.301587e+00 1.555556e+00 9.365079e-01 1.746032e-01 3.174603e-02
35336: 2.296875e+00 1.562500e+00 9.375000e-01 1.718750e-01 3.125000e-02
35336: 2.276923e+00 1.553846e+00 9.692308e-01 1.692308e-01 3.076923e-02
35336: 2.272727e+00 1.560606e+00 9.696970e-01 1.666667e-01 3.030303e-02
35336: 2.268657e+00 1.552239e+00 9.850746e-01 1.641791e-01 2.985075e-02
35336: 2.250000e+00 1.558824e+00 1.000000e+00 1.617647e-01 2.941176e-02
35336: 2.260870e+00 1.550725e+00 1.000000e+00 1.594203e-01 2.898551e-02
35336: 2.242857e+00 1.557143e+00 1.014286e+00 1.571429e-01 2.857143e-02
35336: 2.239437e+00 1.563380e+00 1.014085e+00 1.549296e-01 2.816901e-02
35336: 2.222222e+00 1.555556e+00 1.027778e+00 1.666667e-01 2.777778e-02
35336: 2.232877e+00 1.547945e+00 1.027397e+00 1.643836e-01 2.739726e-02
35336: 2.229730e+00 1.554054e+00 1.027027e+00 1.621622e-01 2.702703e-02
35336: 2.226667e+00 1.546667e+00 1.040000e+00 1.600000e-01 2.666667e-02
35336: 2.210526e+00 1.565789e+00 1.039474e+00 1.578947e-01 2.631579e-02
35336: 2.207792e+00 1.571429e+00 1.038961e+00 1.558442e-01 2.597403e-02
35336: 2.205128e+00 1.551282e+00 1.064103e+00 1.538462e-01 2.564103e-02
35336: 2.189873e+00 1.556962e+00 1.075949e+00 1.518987e-01 2.531646e-02
35336: 2.187500e+00 1.550000e+00 1.087500e+00 1.500000e-01 2.500000e-02
35336: 2.172840e+00 1.555556e+00 1.098765e+00 1.481481e-01 2.469136e-02
35336: 2.182927e+00 1.548780e+00 1.097561e+00 1.463415e-01 2.439024e-02
35336: 2.168675e+00 1.566265e+00 1.096386e+00 1.445783e-01 2.409639e-02
35336: 2.166667e+00 1.559524e+00 1.107143e+00 1.428571e-01 2.380952e-02
35336: 2.164706e+00 1.564706e+00 1.105882e+00 1.411765e-01 2.352941e-02
35336: 2.151163e+00 1.558140e+00 1.127907e+00 1.395349e-01 2.325581e-02
35336: 2.149425e+00 1.551724e+00 1.126437e+00 1.379310e-01 3.448276e-02
35336: 2.136364e+00 1.556818e+00 1.136364e+00 1.363636e-01 3.409091e-02
35336: 2.134831e+00 1.550562e+00 1.146067e+00 1.348315e-01 3.370787e-02
35336: 2.122222e+00 1.555556e+00 1.155556e+00 1.333333e-01 3.333333e-02
35336: 2.120879e+00 1.549451e+00 1.153846e+00 1.318681e-01 4.395604e-02
35336: 2.108696e+00 1.554348e+00 1.163043e+00 1.304348e-01 4.347826e-02
35336: 2.118280e+00 1.548387e+00 1.161290e+00 1.290323e-01 4.301075e-02
35336: 2.106383e+00 1.563830e+00 1.159574e+00 1.276596e-01 4.255319e-02
35336: 2.105263e+00 1.568421e+00 1.157895e+00 1.263158e-01 4.210526e-02
35336: 2.104167e+00 1.562500e+00 1.166667e+00 1.250000e-01 4.166667e-02
35336: 2.092784e+00 1.577320e+00 1.164948e+00 1.237113e-01 4.123711e-02
35336: 2.102041e+00 1.561224e+00 1.173469e+00 1.224490e-01 4.081633e-02
35336: 2.090909e+00 1.575758e+00 1.171717e+00 1.212121e-01 4.040404e-02
35336: 2.090000e+00 1.560000e+00 1.190000e+00 1.200000e-01 4.000000e-02
35336: 2.079208e+00 1.574257e+00 1.188119e+00 1.188119e-01 3.960396e-02
35336: 2.078431e+00 1.578431e+00 1.186275e+00 1.176471e-01 3.921569e-02
35336: 2.067961e+00 1.563107e+00 1.213592e+00 1.165049e-01 3.883495e-02
35336: 2.076923e+00 1.557692e+00 1.211538e+00 1.153846e-01 3.846154e-02
35336: 2.066667e+00 1.561905e+00 1.219048e+00 1.142857e-01 3.809524e-02
35336: 2.066038e+00 1.566038e+00 1.216981e+00 1.132075e-01 3.773585e-02
35336: 2.056075e+00 1.560748e+00 1.233645e+00 1.121495e-01 3.738318e-02
35336: 2.064815e+00 1.555556e+00 1.231481e+00 1.111111e-01 3.703704e-02
35336: 2.055046e+00 1.568807e+00 1.229358e+00 1.100917e-01 3.669725e-02
35336: 2.063636e+00 1.563636e+00 1.227273e+00 1.090909e-01 3.636364e-02
35336: 2.063063e+00 1.567568e+00 1.225225e+00 1.081081e-01 3.603604e-02
35336: 2.053571e+00 1.571429e+00 1.232143e+00 1.071429e-01 3.571429e-02
35336: 2.061947e+00 1.557522e+00 1.238938e+00 1.061947e-01 3.539823e-02
35336: 2.052632e+00 1.561404e+00 1.245614e+00 1.052632e-01 3.508772e-02
35336: 2.052174e+00 1.573913e+00 1.234783e+00 1.043478e-01 3.478261e-02
35336: 2.043103e+00 1.568966e+00 1.250000e+00 1.034483e-01 3.448276e-02
35336: 2.051282e+00 1.564103e+00 1.247863e+00 1.025641e-01 3.418803e-02
35336: 2.042373e+00 1.576271e+00 1.245763e+00 1.016949e-01 3.389831e-02
35336: 2.042017e+00 1.563025e+00 1.260504e+00 1.008403e-01 3.361345e-02
35336: 2.041667e+00 1.566667e+00 1.258333e+00 1.000000e-01 3.333333e-02
35336: 2.033058e+00 1.561983e+00 1.272727e+00 9.917355e-02 3.305785e-02
35336: 2.040984e+00 1.557377e+00 1.270492e+00 9.836066e-02 3.278689e-02
35336: 2.032520e+00 1.569106e+00 1.268293e+00 9.756098e-02 3.252033e-02
35336: 2.024194e+00 1.572581e+00 1.274194e+00 9.677419e-02 3.225806e-02
35336: 2.024000e+00 1.560000e+00 1.288000e+00 9.600000e-02 3.200000e-02
35336: 2.015873e+00 1.571429e+00 1.285714e+00 9.523810e-02 3.174603e-02
35336: 2.007874e+00 1.574803e+00 1.291339e+00 9.448819e-02 3.149606e-02
35336: 2.007812e+00 1.562500e+00 1.304688e+00 9.375000e-02 3.125000e-02
35336: 2.000000e+00 1.565891e+00 1.310078e+00 9.302326e-02 3.100775e-02
35336: 2.000000e+00 1.569231e+00 1.307692e+00 9.230769e-02 3.076923e-02
35336: 1.992366e+00 1.564885e+00 1.320611e+00 9.160305e-02 3.053435e-02
35336: 2.000000e+00 1.568182e+00 1.310606e+00 9.090909e-02 3.030303e-02
35336: 1.992481e+00 1.563910e+00 1.315789e+00 9.774436e-02 3.007519e-02
35336: 2.000000e+00 1.559701e+00 1.313433e+00 9.701493e-02 2.985075e-02
35336: 2.000000e+00 1.562963e+00 1.311111e+00 9.629630e-02 2.962963e-02
35336: 2.000000e+00 1.566176e+00 1.308824e+00 9.558824e-02 2.941176e-02
35336: 1.992701e+00 1.576642e+00 1.306569e+00 9.489051e-02 2.919708e-02
35336: 1.992754e+00 1.579710e+00 1.304348e+00 9.420290e-02 2.898551e-02
35336: 1.985612e+00 1.575540e+00 1.316547e+00 9.352518e-02 2.877698e-02
35336: 1.985714e+00 1.571429e+00 1.321429e+00 9.285714e-02 2.857143e-02
35336: 1.978723e+00 1.574468e+00 1.326241e+00 9.219858e-02 2.836879e-02
35336: 1.978873e+00 1.563380e+00 1.338028e+00 9.154930e-02 2.816901e-02
35336: 1.979021e+00 1.566434e+00 1.335664e+00 9.090909e-02 2.797203e-02
35336: 1.979167e+00 1.562500e+00 1.340278e+00 9.027778e-02 2.777778e-02
35336: 1.979310e+00 1.565517e+00 1.337931e+00 8.965517e-02 2.758621e-02
35336: 1.972603e+00 1.568493e+00 1.342466e+00 8.904110e-02 2.739726e-02
35336: 1.972789e+00 1.571429e+00 1.340136e+00 8.843537e-02 2.721088e-02
35336: 1.966216e+00 1.560811e+00 1.351351e+00 8.783784e-02 3.378378e-02
35336: 1.973154e+00 1.557047e+00 1.348993e+00 8.724832e-02 3.355705e-02
35336: 1.966667e+00 1.566667e+00 1.346667e+00 8.666667e-02 3.333333e-02
35336: 1.966887e+00 1.562914e+00 1.350993e+00 8.609272e-02 3.311258e-02
35336: 1.960526e+00 1.572368e+00 1.348684e+00 8.552632e-02 3.289474e-02
35336: 1.960784e+00 1.562092e+00 1.359477e+00 8.496732e-02 3.267974e-02
35336: 1.954545e+00 1.564935e+00 1.357143e+00 9.090909e-02 3.246753e-02
35336: 1.954839e+00 1.567742e+00 1.354839e+00 9.032258e-02 3.225806e-02
35336: 1.948718e+00 1.564103e+00 1.358974e+00 9.615385e-02 3.205128e-02
35336: 1.949045e+00 1.566879e+00 1.356688e+00 9.554140e-02 3.184713e-02
35336: 1.949367e+00 1.563291e+00 1.360759e+00 9.493671e-02 3.164557e-02
35336: 1.949686e+00 1.572327e+00 1.352201e+00 9.433962e-02 3.144654e-02
35336: 1.950000e+00 1.562500e+00 1.362500e+00 9.375000e-02 3.125000e-02
35336: 1.950311e+00 1.571429e+00 1.354037e+00 9.316770e-02 3.105590e-02
35336: 1.950617e+00 1.567901e+00 1.358025e+00 9.259259e-02 3.086420e-02
35336: 1.944785e+00 1.576687e+00 1.355828e+00 9.202454e-02 3.067485e-02
35336: 1.945122e+00 1.567073e+00 1.359756e+00 9.756098e-02 3.048780e-02
35336: 1.939394e+00 1.575758e+00 1.357576e+00 9.696970e-02 3.030303e-02
35336: 1.939759e+00 1.572289e+00 1.361446e+00 9.638554e-02 3.012048e-02
35336: 1.940120e+00 1.568862e+00 1.365269e+00 9.580838e-02 2.994012e-02
35336: 1.934524e+00 1.571429e+00 1.363095e+00 1.011905e-01 2.976190e-02
35336: 1.934911e+00 1.568047e+00 1.360947e+00 1.065089e-01 2.958580e-02
35336: 1.929412e+00 1.570588e+00 1.364706e+00 1.058824e-01 2.941176e-02
35336: 1.929825e+00 1.561404e+00 1.368421e+00 1.111111e-01 2.923977e-02
35336: 1.930233e+00 1.563953e+00 1.366279e+00 1.104651e-01 2.906977e-02
35336: 1.924855e+00 1.566474e+00 1.369942e+00 1.098266e-01 2.890173e-02
35336: 1.925287e+00 1.568966e+00 1.367816e+00 1.091954e-01 2.873563e-02
35336: 1.920000e+00 1.565714e+00 1.371429e+00 1.142857e-01 2.857143e-02
35336: 1.926136e+00 1.568182e+00 1.363636e+00 1.136364e-01 2.840909e-02
35336: 1.920904e+00 1.564972e+00 1.367232e+00 1.186441e-01 2.824859e-02
35336: 1.921348e+00 1.567416e+00 1.365169e+00 1.179775e-01 2.808989e-02
35336: 1.921788e+00 1.569832e+00 1.363128e+00 1.173184e-01 2.793296e-02
35336: 1.922222e+00 1.572222e+00 1.361111e+00 1.166667e-01 2.777778e-02
35336: 1.917127e+00 1.563536e+00 1.370166e+00 1.160221e-01 3.314917e-02
35336: 1.917582e+00 1.565934e+00 1.368132e+00 1.153846e-01 3.296703e-02
35336: 1.912568e+00 1.573770e+00 1.366120e+00 1.147541e-01 3.278689e-02
35336: 1.913043e+00 1.565217e+00 1.375000e+00 1.141304e-01 3.260870e-02
35336: 1.908108e+00 1.572973e+00 1.372973e+00 1.135135e-01 3.243243e-02
35336: 1.908602e+00 1.569892e+00 1.376344e+00 1.129032e-01 3.225806e-02
35336: 1.909091e+00 1.577540e+00 1.368984e+00 1.122995e-01 3.208556e-02
35336: 1.904255e+00 1.574468e+00 1.377660e+00 1.117021e-01 3.191489e-02
35336: 1.910053e+00 1.566138e+00 1.380952e+00 1.111111e-01 3.174603e-02
35336: 1.905263e+00 1.573684e+00 1.378947e+00 1.105263e-01 3.157895e-02
35336: 1.905759e+00 1.570681e+00 1.382199e+00 1.099476e-01 3.141361e-02
35336: 1.901042e+00 1.572917e+00 1.385417e+00 1.093750e-01 3.125000e-02
35336: 1.896373e+00 1.569948e+00 1.393782e+00 1.088083e-01 3.108808e-02
35336: 1.896907e+00 1.567010e+00 1.391753e+00 1.134021e-01 3.092784e-02
35336: 1.892308e+00 1.574359e+00 1.389744e+00 1.128205e-01 3.076923e-02
35336: 1.897959e+00 1.566327e+00 1.392857e+00 1.122449e-01 3.061224e-02
35336: 1.893401e+00 1.573604e+00 1.390863e+00 1.116751e-01 3.045685e-02
35336: 1.893939e+00 1.565657e+00 1.393939e+00 1.111111e-01 3.535354e-02
35336: 1.894472e+00 1.572864e+00 1.386935e+00 1.105528e-01 3.517588e-02
35336: 1.890000e+00 1.565000e+00 1.400000e+00 1.100000e-01 3.500000e-02
35336: 1.890547e+00 1.572139e+00 1.393035e+00 1.094527e-01 3.482587e-02
35336: 1.886139e+00 1.569307e+00 1.400990e+00 1.089109e-01 3.465347e-02
35336: 1.881773e+00 1.571429e+00 1.403941e+00 1.083744e-01 3.448276e-02
35336: 1.882353e+00 1.563725e+00 1.411765e+00 1.078431e-01 3.431373e-02
35336: 1.882927e+00 1.570732e+00 1.404878e+00 1.073171e-01 3.414634e-02
35336: 1.883495e+00 1.567961e+00 1.407767e+00 1.067961e-01 3.398058e-02
35336: 1.879227e+00 1.579710e+00 1.400966e+00 1.062802e-01 3.381643e-02
35336: 1.879808e+00 1.572115e+00 1.408654e+00 1.057692e-01 3.365385e-02
35336: 1.875598e+00 1.569378e+00 1.416268e+00 1.052632e-01 3.349282e-02
35336: 1.880952e+00 1.566667e+00 1.414286e+00 1.047619e-01 3.333333e-02
35336: 1.876777e+00 1.573460e+00 1.412322e+00 1.042654e-01 3.317536e-02
35336: 1.872642e+00 1.575472e+00 1.415094e+00 1.037736e-01 3.301887e-02
35336: 1.873239e+00 1.577465e+00 1.413146e+00 1.032864e-01 3.286385e-02
35336: 1.873832e+00 1.574766e+00 1.415888e+00 1.028037e-01 3.271028e-02
35336: 1.869767e+00 1.576744e+00 1.418605e+00 1.023256e-01 3.255814e-02
35336: 1.870370e+00 1.578704e+00 1.416667e+00 1.018519e-01 3.240741e-02
35336: 1.870968e+00 1.576037e+00 1.419355e+00 1.013825e-01 3.225806e-02
35336: 1.871560e+00 1.573394e+00 1.422018e+00 1.009174e-01 3.211009e-02
35336: 1.867580e+00 1.570776e+00 1.429224e+00 1.004566e-01 3.196347e-02
35336: 1.868182e+00 1.563636e+00 1.436364e+00 1.000000e-01 3.181818e-02
35336: 1.864253e+00 1.565611e+00 1.438914e+00 9.954751e-02 3.167421e-02
35336: 1.864865e+00 1.567568e+00 1.436937e+00 9.909910e-02 3.153153e-02
35336: 1.860987e+00 1.569507e+00 1.439462e+00 9.865471e-02 3.139013e-02
35336: 1.857143e+00 1.575893e+00 1.437500e+00 9.821429e-02 3.125000e-02
35336: 1.857778e+00 1.573333e+00 1.440000e+00 9.777778e-02 3.111111e-02
35336: 1.853982e+00 1.570796e+00 1.442478e+00 1.017699e-01 3.097345e-02
35336: 1.850220e+00 1.572687e+00 1.444934e+00 1.013216e-01 3.083700e-02
35336: 1.850877e+00 1.570175e+00 1.442982e+00 1.052632e-01 3.070175e-02
35336: 1.847162e+00 1.572052e+00 1.445415e+00 1.048035e-01 3.056769e-02
35336: 1.847826e+00 1.573913e+00 1.443478e+00 1.043478e-01 3.043478e-02
35336: 1.844156e+00 1.571429e+00 1.450216e+00 1.038961e-01 3.030303e-02
35336: 1.844828e+00 1.564655e+00 1.452586e+00 1.077586e-01 3.017241e-02
35336: 1.841202e+00 1.570815e+00 1.446352e+00 1.072961e-01 3.433476e-02
35336: 1.837607e+00 1.572650e+00 1.448718e+00 1.068376e-01 3.418803e-02
35336: 1.838298e+00 1.565957e+00 1.455319e+00 1.063830e-01 3.404255e-02
35336: 1.834746e+00 1.567797e+00 1.457627e+00 1.059322e-01 3.389831e-02
35336: 1.831224e+00 1.569620e+00 1.455696e+00 1.097046e-01 3.375527e-02
35336: 1.831933e+00 1.567227e+00 1.453782e+00 1.134454e-01 3.361345e-02
35336: 1.828452e+00 1.569038e+00 1.451883e+00 1.171548e-01 3.347280e-02
35336: 1.825000e+00 1.575000e+00 1.450000e+00 1.166667e-01 3.333333e-02
35336: 1.825726e+00 1.568465e+00 1.452282e+00 1.203320e-01 3.319502e-02
35336: 1.822314e+00 1.574380e+00 1.450413e+00 1.198347e-01 3.305785e-02
35336: 1.823045e+00 1.576132e+00 1.448560e+00 1.193416e-01 3.292181e-02
35336: 1.823770e+00 1.573770e+00 1.450820e+00 1.188525e-01 3.278689e-02
35336: 1.820408e+00 1.579592e+00 1.448980e+00 1.183673e-01 3.265306e-02
35336: 1.821138e+00 1.577236e+00 1.451220e+00 1.178862e-01 3.252033e-02
35336: 1.817814e+00 1.578947e+00 1.453441e+00 1.174089e-01 3.238866e-02
35336: 1.818548e+00 1.580645e+00 1.451613e+00 1.169355e-01 3.225806e-02
35336: 1.815261e+00 1.582329e+00 1.453815e+00 1.164659e-01 3.212851e-02
35336: 1.820000e+00 1.576000e+00 1.456000e+00 1.160000e-01 3.200000e-02
35336: 1.816733e+00 1.573705e+00 1.462151e+00 1.155378e-01 3.187251e-02
35336: 1.813492e+00 1.571429e+00 1.464286e+00 1.150794e-01 3.571429e-02
35336: 1.814229e+00 1.565217e+00 1.470356e+00 1.146245e-01 3.557312e-02
35336: 1.811024e+00 1.570866e+00 1.464567e+00 1.181102e-01 3.543307e-02
35336: 1.815686e+00 1.564706e+00 1.466667e+00 1.176471e-01 3.529412e-02
35336: 1.816406e+00 1.566406e+00 1.464844e+00 1.171875e-01 3.515625e-02
35336: 1.813230e+00 1.564202e+00 1.470817e+00 1.167315e-01 3.501946e-02
35336: 1.810078e+00 1.562016e+00 1.476744e+00 1.162791e-01 3.488372e-02
35336: 1.810811e+00 1.559846e+00 1.474903e+00 1.196911e-01 3.474903e-02
35336: 1.811538e+00 1.561538e+00 1.473077e+00 1.192308e-01 3.461538e-02
35336: 1.808429e+00 1.559387e+00 1.478927e+00 1.187739e-01 3.448276e-02
35336: 1.805344e+00 1.561069e+00 1.480916e+00 1.183206e-01 3.435115e-02
35336: 1.806084e+00 1.562738e+00 1.475285e+00 1.178707e-01 3.802281e-02
35336: 1.803030e+00 1.564394e+00 1.477273e+00 1.174242e-01 3.787879e-02
35336: 1.800000e+00 1.573585e+00 1.471698e+00 1.169811e-01 3.773585e-02
35336: 1.804511e+00 1.571429e+00 1.469925e+00 1.165414e-01 3.759398e-02
35336: 1.801498e+00 1.569288e+00 1.475655e+00 1.161049e-01 3.745318e-02
35336: 1.798507e+00 1.570896e+00 1.477612e+00 1.156716e-01 3.731343e-02
35336: 1.799257e+00 1.572491e+00 1.475836e+00 1.152416e-01 3.717472e-02
35336: 1.796296e+00 1.574074e+00 1.477778e+00 1.148148e-01 3.703704e-02
35336: 1.793358e+00 1.575646e+00 1.479705e+00 1.143911e-01 3.690037e-02
35336: 1.794118e+00 1.573529e+00 1.481618e+00 1.139706e-01 3.676471e-02
35336: 1.791209e+00 1.575092e+00 1.479853e+00 1.172161e-01 3.663004e-02
35336: 1.791971e+00 1.576642e+00 1.478102e+00 1.167883e-01 3.649635e-02
35336: 1.789091e+00 1.574545e+00 1.483636e+00 1.163636e-01 3.636364e-02
35336: 1.789855e+00 1.576087e+00 1.481884e+00 1.159420e-01 3.623188e-02
35336: 1.787004e+00 1.570397e+00 1.487365e+00 1.191336e-01 3.610108e-02
35336: 1.791367e+00 1.568345e+00 1.485612e+00 1.187050e-01 3.597122e-02
35336: 1.788530e+00 1.569892e+00 1.483871e+00 1.182796e-01 3.942652e-02
35336: 1.789286e+00 1.575000e+00 1.478571e+00 1.178571e-01 3.928571e-02
35336: 1.786477e+00 1.569395e+00 1.483986e+00 1.209964e-01 3.914591e-02
35336: 1.787234e+00 1.567376e+00 1.485816e+00 1.205674e-01 3.900709e-02
35336: 1.784452e+00 1.568905e+00 1.487633e+00 1.201413e-01 3.886926e-02
35336: 1.781690e+00 1.566901e+00 1.492958e+00 1.197183e-01 3.873239e-02
35336: 1.782456e+00 1.571930e+00 1.487719e+00 1.192982e-01 3.859649e-02
35336: 1.783217e+00 1.566434e+00 1.493007e+00 1.188811e-01 3.846154e-02
35336: 1.780488e+00 1.574913e+00 1.487805e+00 1.184669e-01 3.832753e-02
35336: 1.781250e+00 1.569444e+00 1.489583e+00 1.215278e-01 3.819444e-02
35336: 1.778547e+00 1.577855e+00 1.484429e+00 1.211073e-01 3.806228e-02
35336: 1.779310e+00 1.572414e+00 1.486207e+00 1.241379e-01 3.793103e-02
35336: 1.776632e+00 1.573883e+00 1.487973e+00 1.237113e-01 3.780069e-02
35336: 1.777397e+00 1.568493e+00 1.493151e+00 1.232877e-01 3.767123e-02
35336: 1.778157e+00 1.573379e+00 1.488055e+00 1.228669e-01 3.754266e-02
35336: 1.775510e+00 1.568027e+00 1.496599e+00 1.224490e-01 3.741497e-02
35336: 1.776271e+00 1.572881e+00 1.491525e+00 1.220339e-01 3.728814e-02
35336: 1.777027e+00 1.567568e+00 1.496622e+00 1.216216e-01 3.716216e-02
35336: 1.774411e+00 1.572391e+00 1.491582e+00 1.212121e-01 4.040404e-02
35336: 1.775168e+00 1.567114e+00 1.496644e+00 1.208054e-01 4.026846e-02
35336: 1.772575e+00 1.571906e+00 1.494983e+00 1.204013e-01 4.013378e-02
35336: 1.773333e+00 1.566667e+00 1.500000e+00 1.200000e-01 4.000000e-02
35336: 1.770764e+00 1.574751e+00 1.495017e+00 1.196013e-01 3.986711e-02
35336: 1.771523e+00 1.572848e+00 1.496689e+00 1.192053e-01 3.973510e-02
35336: 1.772277e+00 1.574257e+00 1.495050e+00 1.188119e-01 3.960396e-02
35336: 1.773026e+00 1.572368e+00 1.496711e+00 1.184211e-01 3.947368e-02
35336: 1.770492e+00 1.573770e+00 1.498361e+00 1.180328e-01 3.934426e-02
35336: 1.771242e+00 1.568627e+00 1.500000e+00 1.209150e-01 3.921569e-02
35336: 1.768730e+00 1.576547e+00 1.495114e+00 1.205212e-01 3.908795e-02
35336: 1.772727e+00 1.571429e+00 1.496753e+00 1.201299e-01 3.896104e-02
35336: 1.770227e+00 1.572816e+00 1.498382e+00 1.197411e-01 3.883495e-02
35336: 1.767742e+00 1.577419e+00 1.496774e+00 1.193548e-01 3.870968e-02
35336: 1.768489e+00 1.572347e+00 1.501608e+00 1.189711e-01 3.858521e-02
35336: 1.766026e+00 1.573718e+00 1.500000e+00 1.217949e-01 3.846154e-02
35336: 1.766773e+00 1.568690e+00 1.501597e+00 1.246006e-01 3.833866e-02
35336: 1.764331e+00 1.573248e+00 1.496815e+00 1.273885e-01 3.821656e-02
35336: 1.768254e+00 1.571429e+00 1.495238e+00 1.269841e-01 3.809524e-02
35336: 1.768987e+00 1.572785e+00 1.493671e+00 1.265823e-01 3.797468e-02
35336: 1.766562e+00 1.570978e+00 1.498423e+00 1.261830e-01 3.785489e-02
35336: 1.767296e+00 1.569182e+00 1.500000e+00 1.257862e-01 3.773585e-02
35336: 1.764890e+00 1.573668e+00 1.495298e+00 1.253918e-01 4.075235e-02
35336: 1.765625e+00 1.571875e+00 1.493750e+00 1.281250e-01 4.062500e-02
35336: 1.763240e+00 1.573209e+00 1.495327e+00 1.277259e-01 4.049844e-02
35336: 1.763975e+00 1.568323e+00 1.500000e+00 1.273292e-01 4.037267e-02
35336: 1.761610e+00 1.572755e+00 1.498452e+00 1.269350e-01 4.024768e-02
35336: 1.759259e+00 1.577160e+00 1.496914e+00 1.265432e-01 4.012346e-02
35336: 1.760000e+00 1.572308e+00 1.498462e+00 1.292308e-01 4.000000e-02
35336: 1.757669e+00 1.573620e+00 1.500000e+00 1.288344e-01 3.987730e-02
35336: 1.755352e+00 1.574924e+00 1.501529e+00 1.284404e-01 3.975535e-02
35336: 1.756098e+00 1.570122e+00 1.503049e+00 1.310976e-01 3.963415e-02
35336: 1.753799e+00 1.571429e+00 1.504559e+00 1.306991e-01 3.951368e-02
35336: 1.751515e+00 1.569697e+00 1.506061e+00 1.303030e-01 4.242424e-02
35336: 1.752266e+00 1.570997e+00 1.504532e+00 1.299094e-01 4.229607e-02
35336: 1.750000e+00 1.572289e+00 1.506024e+00 1.295181e-01 4.216867e-02
35336: 1.747748e+00 1.573574e+00 1.507508e+00 1.291291e-01 4.204204e-02
35336: 1.748503e+00 1.571856e+00 1.508982e+00 1.287425e-01 4.191617e-02
35336: 1.746269e+00 1.573134e+00 1.510448e+00 1.283582e-01 4.179104e-02
35336: 1.747024e+00 1.574405e+00 1.508929e+00 1.279762e-01 4.166667e-02
35336: 1.744807e+00 1.569733e+00 1.513353e+00 1.305638e-01 4.154303e-02
35336: 1.748521e+00 1.571006e+00 1.508876e+00 1.301775e-01 4.142012e-02
35336: 1.746313e+00 1.569322e+00 1.513274e+00 1.297935e-01 4.129794e-02
35336: 1.747059e+00 1.567647e+00 1.514706e+00 1.294118e-01 4.117647e-02
35336: 1.744868e+00 1.574780e+00 1.510264e+00 1.290323e-01 4.105572e-02
35336: 1.742690e+00 1.576023e+00 1.511696e+00 1.286550e-01 4.093567e-02
35336: 1.743440e+00 1.571429e+00 1.516035e+00 1.282799e-01 4.081633e-02
35336: 1.744186e+00 1.569767e+00 1.517442e+00 1.279070e-01 4.069767e-02
35336: 1.742029e+00 1.573913e+00 1.515942e+00 1.275362e-01 4.057971e-02
35336: 1.739884e+00 1.575145e+00 1.517341e+00 1.271676e-01 4.046243e-02
35336: 1.740634e+00 1.573487e+00 1.518732e+00 1.268012e-01 4.034582e-02
35336: 1.738506e+00 1.574713e+00 1.520115e+00 1.264368e-01 4.022989e-02
35336: 1.736390e+00 1.575931e+00 1.521490e+00 1.260745e-01 4.011461e-02
35336: 1.737143e+00 1.574286e+00 1.522857e+00 1.257143e-01 4.000000e-02
35336: 1.737892e+00 1.572650e+00 1.524217e+00 1.253561e-01 3.988604e-02
35336: 1.738636e+00 1.571023e+00 1.525568e+00 1.250000e-01 3.977273e-02
35336: 1.736544e+00 1.572238e+00 1.524079e+00 1.274788e-01 3.966006e-02
35336: 1.737288e+00 1.570621e+00 1.525424e+00 1.271186e-01 3.954802e-02
35336: 1.738028e+00 1.571831e+00 1.523944e+00 1.267606e-01 3.943662e-02
35336: 1.735955e+00 1.570225e+00 1.528090e+00 1.264045e-01 3.932584e-02
35336: 1.739496e+00 1.568627e+00 1.526611e+00 1.260504e-01 3.921569e-02
35336: 1.737430e+00 1.569832e+00 1.525140e+00 1.256983e-01 4.189944e-02
35336: 1.738162e+00 1.568245e+00 1.523677e+00 1.281337e-01 4.178273e-02
35336: 1.738889e+00 1.572222e+00 1.519444e+00 1.277778e-01 4.166667e-02
35336: 1.736842e+00 1.570637e+00 1.523546e+00 1.274238e-01 4.155125e-02
35336: 1.737569e+00 1.566298e+00 1.524862e+00 1.298343e-01 4.143646e-02
35336: 1.735537e+00 1.570248e+00 1.523416e+00 1.294766e-01 4.132231e-02
35336: 1.733516e+00 1.571429e+00 1.521978e+00 1.318681e-01 4.120879e-02
35336: 1.734247e+00 1.567123e+00 1.526027e+00 1.315068e-01 4.109589e-02
35336: 1.732240e+00 1.571038e+00 1.524590e+00 1.311475e-01 4.098361e-02
35336: 1.730245e+00 1.569482e+00 1.525886e+00 1.335150e-01 4.087193e-02
35336: 1.730978e+00 1.570652e+00 1.524457e+00 1.331522e-01 4.076087e-02
35336: 1.728997e+00 1.569106e+00 1.528455e+00 1.327913e-01 4.065041e-02
35336: 1.729730e+00 1.570270e+00 1.527027e+00 1.324324e-01 4.054054e-02
35336: 1.727763e+00 1.568733e+00 1.530997e+00 1.320755e-01 4.043127e-02
35336: 1.731183e+00 1.569892e+00 1.526882e+00 1.317204e-01 4.032258e-02
35336: 1.731903e+00 1.568365e+00 1.528150e+00 1.313673e-01 4.021448e-02
35336: 1.732620e+00 1.569519e+00 1.526738e+00 1.310160e-01 4.010695e-02
35336: 1.730667e+00 1.570667e+00 1.525333e+00 1.306667e-01 4.266667e-02
35336: 1.728723e+00 1.569149e+00 1.529255e+00 1.303191e-01 4.255319e-02
35336: 1.729443e+00 1.572944e+00 1.525199e+00 1.299735e-01 4.244032e-02
35336: 1.727513e+00 1.568783e+00 1.531746e+00 1.296296e-01 4.232804e-02
35336: 1.728232e+00 1.569921e+00 1.527704e+00 1.319261e-01 4.221636e-02
35336: 1.726316e+00 1.573684e+00 1.526316e+00 1.315789e-01 4.210526e-02
35336: 1.727034e+00 1.574803e+00 1.524934e+00 1.312336e-01 4.199475e-02
35336: 1.727749e+00 1.573298e+00 1.526178e+00 1.308901e-01 4.188482e-02
35336: 1.725849e+00 1.577023e+00 1.524804e+00 1.305483e-01 4.177546e-02
35336: 1.726562e+00 1.578125e+00 1.523438e+00 1.302083e-01 4.166667e-02
35336: 1.724675e+00 1.576623e+00 1.527273e+00 1.298701e-01 4.155844e-02
35336: 1.725389e+00 1.575130e+00 1.528497e+00 1.295337e-01 4.145078e-02
35336: 1.723514e+00 1.573643e+00 1.529716e+00 1.317829e-01 4.134367e-02
35336: 1.724227e+00 1.572165e+00 1.530928e+00 1.314433e-01 4.123711e-02
35336: 1.722365e+00 1.575835e+00 1.529563e+00 1.311054e-01 4.113111e-02
35336: 1.723077e+00 1.571795e+00 1.530769e+00 1.307692e-01 4.358974e-02
35336: 1.721228e+00 1.572890e+00 1.531969e+00 1.304348e-01 4.347826e-02
35336: 1.721939e+00 1.568878e+00 1.535714e+00 1.301020e-01 4.336735e-02
35336: 1.722646e+00 1.569975e+00 1.534351e+00 1.297710e-01 4.325700e-02
35336: 1.720812e+00 1.571066e+00 1.535533e+00 1.294416e-01 4.314721e-02
35336: 1.718987e+00 1.567089e+00 1.539241e+00 1.316456e-01 4.303797e-02
35336: 1.722222e+00 1.568182e+00 1.535354e+00 1.313131e-01 4.292929e-02
35336: 1.720403e+00 1.571788e+00 1.534005e+00 1.309824e-01 4.282116e-02
35336: 1.721106e+00 1.570352e+00 1.535176e+00 1.306533e-01 4.271357e-02
35336: 1.719298e+00 1.568922e+00 1.536341e+00 1.328321e-01 4.260652e-02
35336: 1.720000e+00 1.572500e+00 1.532500e+00 1.325000e-01 4.250000e-02
35336: 1.718204e+00 1.568579e+00 1.538653e+00 1.321696e-01 4.239401e-02
35336: 1.718905e+00 1.569652e+00 1.537313e+00 1.318408e-01 4.228856e-02
35336: 1.717122e+00 1.568238e+00 1.538462e+00 1.339950e-01 4.218362e-02
35336: 1.715347e+00 1.566832e+00 1.539604e+00 1.336634e-01 4.455446e-02
35336: 1.716049e+00 1.567901e+00 1.538272e+00 1.333333e-01 4.444444e-02
35336: 1.714286e+00 1.568966e+00 1.539409e+00 1.330049e-01 4.433498e-02
35336: 1.714988e+00 1.570025e+00 1.538084e+00 1.326781e-01 4.422604e-02
35336: 1.713235e+00 1.568627e+00 1.541667e+00 1.323529e-01 4.411765e-02
35336: 1.713936e+00 1.569682e+00 1.537897e+00 1.344743e-01 4.400978e-02
35336: 1.712195e+00 1.570732e+00 1.536585e+00 1.365854e-01 4.390244e-02
35336: 1.715328e+00 1.569343e+00 1.535280e+00 1.362530e-01 4.379562e-02
35336: 1.713592e+00 1.570388e+00 1.536408e+00 1.359223e-01 4.368932e-02
35336: 1.716707e+00 1.569007e+00 1.535109e+00 1.355932e-01 4.358354e-02
35336: 1.717391e+00 1.572464e+00 1.531401e+00 1.352657e-01 4.347826e-02
35336: 1.715663e+00 1.571084e+00 1.534940e+00 1.349398e-01 4.337349e-02
35336: 1.716346e+00 1.567308e+00 1.536058e+00 1.346154e-01 4.567308e-02
35336: 1.714628e+00 1.573141e+00 1.532374e+00 1.342926e-01 4.556355e-02
35336: 1.717703e+00 1.569378e+00 1.533493e+00 1.339713e-01 4.545455e-02
35336: 1.718377e+00 1.572792e+00 1.529833e+00 1.336516e-01 4.534606e-02
35336: 1.716667e+00 1.569048e+00 1.535714e+00 1.333333e-01 4.523810e-02
35336: 1.717340e+00 1.570071e+00 1.534442e+00 1.330166e-01 4.513064e-02
35336: 1.715640e+00 1.568720e+00 1.537915e+00 1.327014e-01 4.502370e-02
35336: 1.713948e+00 1.569740e+00 1.539007e+00 1.323877e-01 4.491726e-02
35336: 1.714623e+00 1.568396e+00 1.540094e+00 1.320755e-01 4.481132e-02
35336: 1.712941e+00 1.571765e+00 1.538824e+00 1.317647e-01 4.470588e-02
35336: 1.713615e+00 1.570423e+00 1.537559e+00 1.314554e-01 4.694836e-02
35336: 1.714286e+00 1.569087e+00 1.538642e+00 1.311475e-01 4.683841e-02
35336: 1.712617e+00 1.570093e+00 1.539720e+00 1.308411e-01 4.672897e-02
35336: 1.713287e+00 1.566434e+00 1.540793e+00 1.305361e-01 4.895105e-02
35336: 1.711628e+00 1.569767e+00 1.539535e+00 1.302326e-01 4.883721e-02
35336: 1.712297e+00 1.570766e+00 1.535963e+00 1.322506e-01 4.872390e-02
35336: 1.710648e+00 1.569444e+00 1.537037e+00 1.342593e-01 4.861111e-02
35336: 1.711316e+00 1.570439e+00 1.535797e+00 1.339492e-01 4.849885e-02
35336: 1.711982e+00 1.569124e+00 1.536866e+00 1.336406e-01 4.838710e-02
35336: 1.710345e+00 1.574713e+00 1.533333e+00 1.333333e-01 4.827586e-02
35336: 1.713303e+00 1.571101e+00 1.534404e+00 1.330275e-01 4.816514e-02
35336: 1.711670e+00 1.574371e+00 1.533181e+00 1.327231e-01 4.805492e-02
35336: 1.712329e+00 1.573059e+00 1.534247e+00 1.324201e-01 4.794521e-02
35336: 1.710706e+00 1.571754e+00 1.537585e+00 1.321185e-01 4.783599e-02
35336: 1.713636e+00 1.570455e+00 1.536364e+00 1.318182e-01 4.772727e-02
35336: 1.714286e+00 1.571429e+00 1.535147e+00 1.315193e-01 4.761905e-02
35336: 1.714932e+00 1.570136e+00 1.536199e+00 1.312217e-01 4.751131e-02
35336: 1.713318e+00 1.571106e+00 1.534989e+00 1.331828e-01 4.740406e-02
35336: 1.713964e+00 1.567568e+00 1.536036e+00 1.351351e-01 4.729730e-02
35336: 1.712360e+00 1.573034e+00 1.532584e+00 1.348315e-01 4.719101e-02
35336: 1.713004e+00 1.569507e+00 1.533632e+00 1.367713e-01 4.708520e-02
35336: 1.713647e+00 1.570470e+00 1.532438e+00 1.364653e-01 4.697987e-02
35336: 1.712054e+00 1.571429e+00 1.533482e+00 1.361607e-01 4.687500e-02
35336: 1.710468e+00 1.572383e+00 1.534521e+00 1.358575e-01 4.677060e-02
35336: 1.711111e+00 1.571111e+00 1.535556e+00 1.355556e-01 4.666667e-02
35336: 1.709534e+00 1.574279e+00 1.534368e+00 1.352550e-01 4.656319e-02
35336: 1.707965e+00 1.575221e+00 1.535398e+00 1.349558e-01 4.646018e-02
35336: 1.708609e+00 1.571744e+00 1.536424e+00 1.368653e-01 4.635762e-02
35336: 1.709251e+00 1.570485e+00 1.537445e+00 1.365639e-01 4.625551e-02
35336: 1.709890e+00 1.571429e+00 1.536264e+00 1.362637e-01 4.615385e-02
35336: 1.708333e+00 1.567982e+00 1.541667e+00 1.359649e-01 4.605263e-02
35336: 1.708972e+00 1.568928e+00 1.540481e+00 1.356674e-01 4.595186e-02
35336: 1.707424e+00 1.569869e+00 1.541485e+00 1.353712e-01 4.585153e-02
35336: 1.705882e+00 1.572985e+00 1.540305e+00 1.350763e-01 4.575163e-02
35336: 1.706522e+00 1.573913e+00 1.539130e+00 1.347826e-01 4.565217e-02
35336: 1.707158e+00 1.572668e+00 1.540130e+00 1.344902e-01 4.555315e-02
35336: 1.705628e+00 1.575758e+00 1.538961e+00 1.341991e-01 4.545455e-02
35336: 1.706263e+00 1.576674e+00 1.537797e+00 1.339093e-01 4.535637e-02
35336: 1.706897e+00 1.573276e+00 1.540948e+00 1.336207e-01 4.525862e-02
35336: 1.705376e+00 1.572043e+00 1.544086e+00 1.333333e-01 4.516129e-02
35336: 1.708155e+00 1.570815e+00 1.542918e+00 1.330472e-01 4.506438e-02
35336: 1.708779e+00 1.569593e+00 1.543897e+00 1.327623e-01 4.496788e-02
35336: 1.707265e+00 1.572650e+00 1.542735e+00 1.324786e-01 4.487179e-02
35336: 1.710021e+00 1.571429e+00 1.541578e+00 1.321962e-01 4.477612e-02
35336: 1.708511e+00 1.570213e+00 1.544681e+00 1.319149e-01 4.468085e-02
35336: 1.711253e+00 1.566879e+00 1.545648e+00 1.316348e-01 4.458599e-02
35336: 1.709746e+00 1.572034e+00 1.542373e+00 1.313559e-01 4.449153e-02
35336: 1.710359e+00 1.570825e+00 1.541226e+00 1.310782e-01 4.651163e-02
35336: 1.708861e+00 1.569620e+00 1.544304e+00 1.308017e-01 4.641350e-02
35336: 1.711579e+00 1.570526e+00 1.541053e+00 1.305263e-01 4.631579e-02
35336: 1.710084e+00 1.571429e+00 1.542017e+00 1.302521e-01 4.621849e-02
35336: 1.708595e+00 1.574423e+00 1.540881e+00 1.299790e-01 4.612159e-02
35336: 1.709205e+00 1.573222e+00 1.539749e+00 1.297071e-01 4.811715e-02
35336: 1.709812e+00 1.574113e+00 1.538622e+00 1.294363e-01 4.801670e-02
35336: 1.708333e+00 1.572917e+00 1.541667e+00 1.291667e-01 4.791667e-02
35336: 1.711019e+00 1.571726e+00 1.540541e+00 1.288981e-01 4.781705e-02
35336: 1.711618e+00 1.570539e+00 1.541494e+00 1.286307e-01 4.771784e-02
35336: 1.710145e+00 1.569358e+00 1.544513e+00 1.283644e-01 4.761905e-02
35336: 1.710744e+00 1.570248e+00 1.543388e+00 1.280992e-01 4.752066e-02
35336: 1.711340e+00 1.567010e+00 1.546392e+00 1.278351e-01 4.742268e-02
35336: 1.711934e+00 1.569959e+00 1.543210e+00 1.275720e-01 4.732510e-02
35336: 1.712526e+00 1.568789e+00 1.544148e+00 1.273101e-01 4.722793e-02
35336: 1.711066e+00 1.571721e+00 1.543033e+00 1.270492e-01 4.713115e-02
35336: 1.713701e+00 1.570552e+00 1.541922e+00 1.267894e-01 4.703476e-02
35336: 1.712245e+00 1.571429e+00 1.542857e+00 1.265306e-01 4.693878e-02
35336: 1.710794e+00 1.574338e+00 1.541752e+00 1.262729e-01 4.684318e-02
35336: 1.713415e+00 1.573171e+00 1.540650e+00 1.260163e-01 4.674797e-02
35336: 1.711968e+00 1.574037e+00 1.541582e+00 1.257606e-01 4.665314e-02
35336: 1.710526e+00 1.574899e+00 1.542510e+00 1.255061e-01 4.655870e-02
35336: 1.711111e+00 1.573737e+00 1.543434e+00 1.252525e-01 4.646465e-02
35336: 1.709677e+00 1.574597e+00 1.544355e+00 1.250000e-01 4.637097e-02
35336: 1.708249e+00 1.575453e+00 1.545272e+00 1.247485e-01 4.627767e-02
35336: 1.706827e+00 1.576305e+00 1.546185e+00 1.244980e-01 4.618474e-02
35336: 1.707415e+00 1.575150e+00 1.547094e+00 1.242485e-01 4.609218e-02
35336: 1.706000e+00 1.574000e+00 1.550000e+00 1.240000e-01 4.600000e-02
35336: 1.706587e+00 1.572854e+00 1.550898e+00 1.237525e-01 4.590818e-02
35336: 1.705179e+00 1.571713e+00 1.551793e+00 1.235060e-01 4.780876e-02
35336: 1.705765e+00 1.570577e+00 1.552684e+00 1.232604e-01 4.771372e-02
35336: 1.704365e+00 1.573413e+00 1.551587e+00 1.230159e-01 4.761905e-02
35336: 1.702970e+00 1.576238e+00 1.550495e+00 1.227723e-01 4.752475e-02
35336: 1.701581e+00 1.575099e+00 1.553360e+00 1.225296e-01 4.743083e-02
35336: 1.702170e+00 1.573964e+00 1.554241e+00 1.222880e-01 4.733728e-02
35336: 1.702756e+00 1.574803e+00 1.553150e+00 1.220472e-01 4.724409e-02
35336: 1.701375e+00 1.571709e+00 1.557957e+00 1.218075e-01 4.715128e-02
35336: 1.703922e+00 1.570588e+00 1.556863e+00 1.215686e-01 4.705882e-02
35336: 1.702544e+00 1.569472e+00 1.557730e+00 1.213307e-01 4.892368e-02
35336: 1.701172e+00 1.568359e+00 1.560547e+00 1.210938e-01 4.882812e-02
35336: 1.701754e+00 1.569201e+00 1.559454e+00 1.208577e-01 4.873294e-02
35336: 1.702335e+00 1.570039e+00 1.558366e+00 1.206226e-01 4.863813e-02
35336: 1.700971e+00 1.566990e+00 1.561165e+00 1.223301e-01 4.854369e-02
35336: 1.699612e+00 1.569767e+00 1.560078e+00 1.220930e-01 4.844961e-02
35336: 1.700193e+00 1.568665e+00 1.560928e+00 1.218569e-01 4.835590e-02
35336: 1.698842e+00 1.569498e+00 1.561776e+00 1.216216e-01 4.826255e-02
35336: 1.697495e+00 1.570328e+00 1.560694e+00 1.233141e-01 4.816956e-02
35336: 1.698077e+00 1.571154e+00 1.559615e+00 1.230769e-01 4.807692e-02
35336: 1.698656e+00 1.568138e+00 1.562380e+00 1.228407e-01 4.798464e-02
35336: 1.697318e+00 1.570881e+00 1.559387e+00 1.226054e-01 4.980843e-02
35336: 1.695985e+00 1.571702e+00 1.560229e+00 1.223709e-01 4.971319e-02
35336: 1.696565e+00 1.570611e+00 1.561069e+00 1.221374e-01 4.961832e-02
35336: 1.695238e+00 1.571429e+00 1.561905e+00 1.219048e-01 4.952381e-02
35336: 1.693916e+00 1.574144e+00 1.560837e+00 1.216730e-01 4.942966e-02
35336: 1.694497e+00 1.574953e+00 1.559772e+00 1.214421e-01 4.933586e-02
35336: 1.693182e+00 1.573864e+00 1.562500e+00 1.212121e-01 4.924242e-02
35336: 1.693762e+00 1.574669e+00 1.561437e+00 1.209830e-01 4.914934e-02
35336: 1.692453e+00 1.573585e+00 1.564151e+00 1.207547e-01 4.905660e-02
35336: 1.693032e+00 1.572505e+00 1.564972e+00 1.205273e-01 4.896422e-02
35336: 1.691729e+00 1.573308e+00 1.565789e+00 1.203008e-01 4.887218e-02
35336: 1.692308e+00 1.570356e+00 1.568480e+00 1.200750e-01 4.878049e-02
35336: 1.692884e+00 1.569288e+00 1.569288e+00 1.198502e-01 4.868914e-02
35336: 1.691589e+00 1.571963e+00 1.568224e+00 1.196262e-01 4.859813e-02
35336: 1.690299e+00 1.570896e+00 1.570896e+00 1.194030e-01 4.850746e-02
35336: 1.690875e+00 1.571695e+00 1.567970e+00 1.210428e-01 4.841713e-02
35336: 1.689591e+00 1.572491e+00 1.568773e+00 1.208178e-01 4.832714e-02
35336: 1.690167e+00 1.571429e+00 1.569573e+00 1.205937e-01 4.823748e-02
35336: 1.690741e+00 1.572222e+00 1.568519e+00 1.203704e-01 4.814815e-02
35336: 1.689464e+00 1.569316e+00 1.573013e+00 1.201479e-01 4.805915e-02
35336: 1.690037e+00 1.570111e+00 1.570111e+00 1.217712e-01 4.797048e-02
35336: 1.688766e+00 1.569061e+00 1.570902e+00 1.233886e-01 4.788214e-02
35336: 1.687500e+00 1.569853e+00 1.571691e+00 1.231618e-01 4.779412e-02
35336: 1.688073e+00 1.570642e+00 1.570642e+00 1.229358e-01 4.770642e-02
35336: 1.686813e+00 1.569597e+00 1.571429e+00 1.245421e-01 4.761905e-02
35336: 1.687386e+00 1.568556e+00 1.572212e+00 1.243144e-01 4.753199e-02
35336: 1.687956e+00 1.571168e+00 1.569343e+00 1.240876e-01 4.744526e-02
35336: 1.686703e+00 1.570128e+00 1.571949e+00 1.238616e-01 4.735883e-02
35336: 1.687273e+00 1.570909e+00 1.569091e+00 1.254545e-01 4.727273e-02
35336: 1.687840e+00 1.569873e+00 1.569873e+00 1.252269e-01 4.718693e-02
35336: 1.688406e+00 1.570652e+00 1.568841e+00 1.250000e-01 4.710145e-02
35336: 1.688969e+00 1.567812e+00 1.571429e+00 1.247740e-01 4.701627e-02
35336: 1.687726e+00 1.570397e+00 1.568592e+00 1.263538e-01 4.693141e-02
35336: 1.688288e+00 1.569369e+00 1.569369e+00 1.261261e-01 4.684685e-02
35336: 1.687050e+00 1.571942e+00 1.568345e+00 1.258993e-01 4.676259e-02
35336: 1.687612e+00 1.569120e+00 1.569120e+00 1.274686e-01 4.667864e-02
35336: 1.688172e+00 1.571685e+00 1.566308e+00 1.272401e-01 4.659498e-02
35336: 1.686941e+00 1.570662e+00 1.568873e+00 1.270125e-01 4.651163e-02
35336: 1.687500e+00 1.571429e+00 1.567857e+00 1.267857e-01 4.642857e-02
35336: 1.686275e+00 1.570410e+00 1.570410e+00 1.265597e-01 4.634581e-02
35336: 1.686833e+00 1.571174e+00 1.567616e+00 1.281139e-01 4.626335e-02
35336: 1.687389e+00 1.568384e+00 1.570160e+00 1.278863e-01 4.618117e-02
35336: 1.686170e+00 1.569149e+00 1.569149e+00 1.294326e-01 4.609929e-02
35336: 1.686726e+00 1.568142e+00 1.569912e+00 1.292035e-01 4.601770e-02
35336: 1.685512e+00 1.570671e+00 1.568905e+00 1.289753e-01 4.593640e-02
35336: 1.686067e+00 1.567901e+00 1.571429e+00 1.287478e-01 4.585538e-02
35336: 1.686620e+00 1.568662e+00 1.570423e+00 1.285211e-01 4.577465e-02
35336: 1.685413e+00 1.569420e+00 1.571178e+00 1.282953e-01 4.569420e-02
35336: 1.684211e+00 1.568421e+00 1.573684e+00 1.280702e-01 4.561404e-02
35336: 1.684764e+00 1.569177e+00 1.570928e+00 1.278459e-01 4.728546e-02
35336: 1.685315e+00 1.568182e+00 1.571678e+00 1.276224e-01 4.720280e-02
35336: 1.684119e+00 1.568935e+00 1.572426e+00 1.273997e-01 4.712042e-02
35336: 1.682927e+00 1.569686e+00 1.571429e+00 1.289199e-01 4.703833e-02
35336: 1.685217e+00 1.570435e+00 1.568696e+00 1.286957e-01 4.695652e-02
35336: 1.684028e+00 1.571181e+00 1.569444e+00 1.284722e-01 4.687500e-02
35336: 1.684575e+00 1.568458e+00 1.570191e+00 1.282496e-01 4.852686e-02
35336: 1.683391e+00 1.572664e+00 1.567474e+00 1.280277e-01 4.844291e-02
35336: 1.683938e+00 1.569948e+00 1.569948e+00 1.278066e-01 4.835924e-02
35336: 1.682759e+00 1.574138e+00 1.567241e+00 1.275862e-01 4.827586e-02
35336: 1.683305e+00 1.573150e+00 1.567986e+00 1.273666e-01 4.819277e-02
35336: 1.682131e+00 1.573883e+00 1.568729e+00 1.271478e-01 4.810997e-02
35336: 1.680961e+00 1.574614e+00 1.569468e+00 1.269297e-01 4.802744e-02
35336: 1.683219e+00 1.571918e+00 1.570205e+00 1.267123e-01 4.794521e-02
35336: 1.682051e+00 1.572650e+00 1.569231e+00 1.282051e-01 4.786325e-02
35336: 1.682594e+00 1.571672e+00 1.569966e+00 1.279863e-01 4.778157e-02
35336: 1.681431e+00 1.574106e+00 1.568995e+00 1.277683e-01 4.770017e-02
35336: 1.683673e+00 1.573129e+00 1.568027e+00 1.275510e-01 4.761905e-02
35336: 1.682513e+00 1.573854e+00 1.568761e+00 1.273345e-01 4.753820e-02
35336: 1.681356e+00 1.576271e+00 1.567797e+00 1.271186e-01 4.745763e-02
35336: 1.681895e+00 1.573604e+00 1.570220e+00 1.269036e-01 4.737733e-02
35336: 1.682432e+00 1.572635e+00 1.569257e+00 1.283784e-01 4.729730e-02
35336: 1.681282e+00 1.573356e+00 1.568297e+00 1.281619e-01 4.890388e-02
35336: 1.680135e+00 1.572391e+00 1.570707e+00 1.279461e-01 4.882155e-02
35336: 1.680672e+00 1.573109e+00 1.568067e+00 1.294118e-01 4.873950e-02
35336: 1.681208e+00 1.572148e+00 1.568792e+00 1.291946e-01 4.865772e-02
35336: 1.680067e+00 1.572864e+00 1.567839e+00 1.289782e-01 5.025126e-02
35336: 1.678930e+00 1.573579e+00 1.566890e+00 1.304348e-01 5.016722e-02
35336: 1.681135e+00 1.572621e+00 1.565943e+00 1.302170e-01 5.008347e-02
35336: 1.680000e+00 1.573333e+00 1.565000e+00 1.300000e-01 5.166667e-02
35336: 1.680532e+00 1.572379e+00 1.565724e+00 1.297837e-01 5.158070e-02
35336: 1.679402e+00 1.571429e+00 1.568106e+00 1.295681e-01 5.149502e-02
35336: 1.679934e+00 1.570481e+00 1.568823e+00 1.293532e-01 5.140962e-02
35336: 1.680464e+00 1.571192e+00 1.567881e+00 1.291391e-01 5.132450e-02
35336: 1.680992e+00 1.570248e+00 1.568595e+00 1.289256e-01 5.123967e-02
35336: 1.679868e+00 1.570957e+00 1.567657e+00 1.287129e-01 5.280528e-02
35336: 1.678748e+00 1.571664e+00 1.566722e+00 1.285008e-01 5.436573e-02
35336: 1.679276e+00 1.572368e+00 1.565789e+00 1.282895e-01 5.427632e-02
35336: 1.678161e+00 1.571429e+00 1.566502e+00 1.280788e-01 5.582923e-02
35336: 1.678689e+00 1.570492e+00 1.567213e+00 1.278689e-01 5.573770e-02
35336: 1.677578e+00 1.572831e+00 1.566285e+00 1.276596e-01 5.564648e-02
35336: 1.676471e+00 1.573529e+00 1.565359e+00 1.274510e-01 5.718954e-02
35336: 1.678630e+00 1.570962e+00 1.566069e+00 1.272431e-01 5.709625e-02
35336: 1.679153e+00 1.571661e+00 1.565147e+00 1.270358e-01 5.700326e-02
35336: 1.678049e+00 1.570732e+00 1.567480e+00 1.268293e-01 5.691057e-02
35336: 1.680195e+00 1.569805e+00 1.566558e+00 1.266234e-01 5.681818e-02
35336: 1.679092e+00 1.572123e+00 1.565640e+00 1.264182e-01 5.672609e-02
35336: 1.679612e+00 1.572816e+00 1.564725e+00 1.262136e-01 5.663430e-02
35336: 1.678514e+00 1.571890e+00 1.567044e+00 1.260097e-01 5.654281e-02
35336: 1.680645e+00 1.570968e+00 1.566129e+00 1.258065e-01 5.645161e-02
35336: 1.679549e+00 1.571659e+00 1.566828e+00 1.256039e-01 5.636071e-02
35336: 1.680064e+00 1.572347e+00 1.565916e+00 1.254019e-01 5.627010e-02
35336: 1.678973e+00 1.571429e+00 1.568218e+00 1.252006e-01 5.617978e-02
35336: 1.679487e+00 1.568910e+00 1.570513e+00 1.250000e-01 5.608974e-02
35336: 1.680000e+00 1.571200e+00 1.568000e+00 1.248000e-01 5.600000e-02
35336: 1.678914e+00 1.570288e+00 1.570288e+00 1.246006e-01 5.591054e-02
35336: 1.679426e+00 1.570973e+00 1.567783e+00 1.259968e-01 5.582137e-02
35336: 1.678344e+00 1.570064e+00 1.570064e+00 1.257962e-01 5.573248e-02
35336: 1.680445e+00 1.567568e+00 1.569157e+00 1.271860e-01 5.564388e-02
35336: 1.679365e+00 1.569841e+00 1.568254e+00 1.269841e-01 5.555556e-02
35336: 1.678288e+00 1.572108e+00 1.567353e+00 1.267829e-01 5.546751e-02
35336: 1.678797e+00 1.571203e+00 1.568038e+00 1.265823e-01 5.537975e-02
35336: 1.677725e+00 1.570300e+00 1.570300e+00 1.263823e-01 5.529226e-02
35336: 1.676656e+00 1.569401e+00 1.570978e+00 1.277603e-01 5.520505e-02
35336: 1.677165e+00 1.570079e+00 1.570079e+00 1.275591e-01 5.511811e-02
35336: 1.676101e+00 1.567610e+00 1.570755e+00 1.289308e-01 5.660377e-02
35336: 1.675039e+00 1.566719e+00 1.572998e+00 1.287284e-01 5.651491e-02
35336: 1.673981e+00 1.567398e+00 1.573668e+00 1.285266e-01 5.642633e-02
35336: 1.674491e+00 1.568075e+00 1.572770e+00 1.283255e-01 5.633803e-02
35336: 1.675000e+00 1.568750e+00 1.571875e+00 1.281250e-01 5.625000e-02
35336: 1.673947e+00 1.570983e+00 1.570983e+00 1.279251e-01 5.616225e-02
35336: 1.674455e+00 1.568536e+00 1.571651e+00 1.292835e-01 5.607477e-02
35336: 1.673406e+00 1.572317e+00 1.569207e+00 1.290824e-01 5.598756e-02
35336: 1.673913e+00 1.572981e+00 1.568323e+00 1.288820e-01 5.590062e-02
35336: 1.674419e+00 1.572093e+00 1.568992e+00 1.286822e-01 5.581395e-02
35336: 1.673375e+00 1.572755e+00 1.568111e+00 1.300310e-01 5.572755e-02
35336: 1.673879e+00 1.573416e+00 1.567233e+00 1.298300e-01 5.564142e-02
35336: 1.674383e+00 1.572531e+00 1.567901e+00 1.296296e-01 5.555556e-02
35336: 1.673344e+00 1.571649e+00 1.570108e+00 1.294299e-01 5.546995e-02
35336: 1.673846e+00 1.570769e+00 1.569231e+00 1.307692e-01 5.538462e-02
35336: 1.672811e+00 1.571429e+00 1.569892e+00 1.305684e-01 5.529954e-02
35336: 1.671779e+00 1.570552e+00 1.570552e+00 1.303681e-01 5.674847e-02
35336: 1.672282e+00 1.569678e+00 1.569678e+00 1.316998e-01 5.666156e-02
35336: 1.671254e+00 1.571865e+00 1.568807e+00 1.314985e-01 5.657492e-02
35336: 1.671756e+00 1.570992e+00 1.569466e+00 1.312977e-01 5.648855e-02
35336: 1.672256e+00 1.571646e+00 1.568598e+00 1.310976e-01 5.640244e-02
35336: 1.671233e+00 1.570776e+00 1.570776e+00 1.308980e-01 5.631659e-02
35336: 1.671733e+00 1.569909e+00 1.569909e+00 1.322188e-01 5.623100e-02
35336: 1.670713e+00 1.572079e+00 1.569044e+00 1.320182e-01 5.614568e-02
35336: 1.672727e+00 1.571212e+00 1.568182e+00 1.318182e-01 5.606061e-02
35336: 1.673222e+00 1.570348e+00 1.568835e+00 1.316188e-01 5.597579e-02
35336: 1.672205e+00 1.572508e+00 1.567976e+00 1.314199e-01 5.589124e-02
35336: 1.672700e+00 1.570136e+00 1.568627e+00 1.312217e-01 5.731523e-02
35336: 1.671687e+00 1.570783e+00 1.569277e+00 1.310241e-01 5.722892e-02
35336: 1.670677e+00 1.571429e+00 1.569925e+00 1.308271e-01 5.714286e-02
35336: 1.671171e+00 1.570571e+00 1.570571e+00 1.306306e-01 5.705706e-02
35336: 1.670165e+00 1.569715e+00 1.571214e+00 1.319340e-01 5.697151e-02
35336: 1.670659e+00 1.570359e+00 1.570359e+00 1.317365e-01 5.688623e-02
35336: 1.671151e+00 1.569507e+00 1.569507e+00 1.330344e-01 5.680120e-02
35336: 1.671642e+00 1.571642e+00 1.567164e+00 1.328358e-01 5.671642e-02
35336: 1.670641e+00 1.569300e+00 1.569300e+00 1.326379e-01 5.812221e-02
35336: 1.671131e+00 1.569940e+00 1.566964e+00 1.339286e-01 5.803571e-02
35336: 1.671620e+00 1.570579e+00 1.566122e+00 1.337296e-01 5.794948e-02
35336: 1.670623e+00 1.569733e+00 1.566766e+00 1.335312e-01 5.934718e-02
35336: 1.671111e+00 1.570370e+00 1.565926e+00 1.333333e-01 5.925926e-02
35336: 1.670118e+00 1.569527e+00 1.566568e+00 1.331361e-01 6.065089e-02
35336: 1.670606e+00 1.568685e+00 1.567208e+00 1.329394e-01 6.056130e-02
35336: 1.669617e+00 1.572271e+00 1.564897e+00 1.327434e-01 6.047198e-02
35336: 1.671576e+00 1.571429e+00 1.564065e+00 1.325479e-01 6.038292e-02
35336: 1.670588e+00 1.572059e+00 1.564706e+00 1.323529e-01 6.029412e-02
35336: 1.671072e+00 1.571219e+00 1.565345e+00 1.321586e-01 6.020558e-02
35336: 1.670088e+00 1.573314e+00 1.564516e+00 1.319648e-01 6.011730e-02
35336: 1.670571e+00 1.571010e+00 1.566618e+00 1.317716e-01 6.002928e-02
35336: 1.671053e+00 1.571637e+00 1.565789e+00 1.315789e-01 5.994152e-02
35336: 1.670073e+00 1.570803e+00 1.567883e+00 1.313869e-01 5.985401e-02
35336: 1.670554e+00 1.569971e+00 1.568513e+00 1.311953e-01 5.976676e-02
35336: 1.669578e+00 1.572052e+00 1.567686e+00 1.310044e-01 5.967977e-02
35336: 1.671512e+00 1.571221e+00 1.566860e+00 1.308140e-01 5.959302e-02
35336: 1.671988e+00 1.571843e+00 1.566038e+00 1.306241e-01 5.950653e-02
35336: 1.671014e+00 1.571014e+00 1.566667e+00 1.304348e-01 6.086957e-02
35336: 1.670043e+00 1.573082e+00 1.565847e+00 1.302460e-01 6.078148e-02
35336: 1.670520e+00 1.570809e+00 1.567919e+00 1.300578e-01 6.069364e-02
35336: 1.670996e+00 1.571429e+00 1.567100e+00 1.298701e-01 6.060606e-02
35336: 1.670029e+00 1.570605e+00 1.569164e+00 1.296830e-01 6.051873e-02
35336: 1.670504e+00 1.571223e+00 1.568345e+00 1.294964e-01 6.043165e-02
35336: 1.670977e+00 1.568966e+00 1.570402e+00 1.293103e-01 6.034483e-02
35336: 1.670014e+00 1.571019e+00 1.569584e+00 1.291248e-01 6.025825e-02
35336: 1.669054e+00 1.573066e+00 1.568768e+00 1.289398e-01 6.017192e-02
35336: 1.669528e+00 1.572246e+00 1.567954e+00 1.301860e-01 6.008584e-02
35336: 1.668571e+00 1.572857e+00 1.568571e+00 1.300000e-01 6.000000e-02
35336: 1.667618e+00 1.573466e+00 1.569187e+00 1.298146e-01 5.991441e-02
35336: 1.669516e+00 1.572650e+00 1.568376e+00 1.296296e-01 5.982906e-02
35336: 1.668563e+00 1.574680e+00 1.567568e+00 1.294452e-01 5.974395e-02
35336: 1.667614e+00 1.576705e+00 1.566761e+00 1.292614e-01 5.965909e-02
35336: 1.668085e+00 1.575887e+00 1.567376e+00 1.290780e-01 5.957447e-02
35336: 1.667139e+00 1.576487e+00 1.567989e+00 1.288952e-01 5.949008e-02
35336: 1.666195e+00 1.577086e+00 1.568600e+00 1.287129e-01 5.940594e-02
35336: 1.665254e+00 1.579096e+00 1.567797e+00 1.285311e-01 5.932203e-02
35336: 1.665726e+00 1.579690e+00 1.566996e+00 1.283498e-01 5.923836e-02
35336: 1.664789e+00 1.577465e+00 1.569014e+00 1.295775e-01 5.915493e-02
35336: 1.666667e+00 1.576653e+00 1.568214e+00 1.293952e-01 5.907173e-02
35336: 1.667135e+00 1.577247e+00 1.567416e+00 1.292135e-01 5.898876e-02
35336: 1.666199e+00 1.577840e+00 1.568022e+00 1.290323e-01 5.890603e-02
35336: 1.665266e+00 1.578431e+00 1.568627e+00 1.288515e-01 5.882353e-02
35336: 1.665734e+00 1.577622e+00 1.569231e+00 1.286713e-01 5.874126e-02
35336: 1.664804e+00 1.576816e+00 1.571229e+00 1.284916e-01 5.865922e-02
35336: 1.665272e+00 1.576011e+00 1.570432e+00 1.297071e-01 5.857741e-02
35336: 1.665738e+00 1.576602e+00 1.568245e+00 1.309192e-01 5.849582e-02
35336: 1.664812e+00 1.574409e+00 1.571627e+00 1.307371e-01 5.841446e-02
35336: 1.663889e+00 1.573611e+00 1.572222e+00 1.319444e-01 5.833333e-02
35336: 1.662968e+00 1.571429e+00 1.574202e+00 1.331484e-01 5.825243e-02
35336: 1.664820e+00 1.570637e+00 1.572022e+00 1.343490e-01 5.817175e-02
35336: 1.665284e+00 1.571231e+00 1.569848e+00 1.355463e-01 5.809129e-02
35336: 1.664365e+00 1.571823e+00 1.570442e+00 1.353591e-01 5.801105e-02
35336: 1.663448e+00 1.572414e+00 1.568276e+00 1.379310e-01 5.793103e-02
35336: 1.665289e+00 1.570248e+00 1.568871e+00 1.377410e-01 5.785124e-02
35336: 1.664374e+00 1.570839e+00 1.569464e+00 1.375516e-01 5.777166e-02
35336: 1.663462e+00 1.570055e+00 1.570055e+00 1.387363e-01 5.769231e-02
35336: 1.665295e+00 1.569273e+00 1.567901e+00 1.399177e-01 5.761317e-02
35336: 1.665753e+00 1.571233e+00 1.565753e+00 1.397260e-01 5.753425e-02
35336: 1.664843e+00 1.570451e+00 1.567715e+00 1.395349e-01 5.745554e-02
35336: 1.663934e+00 1.569672e+00 1.569672e+00 1.393443e-01 5.737705e-02
35336: 1.664393e+00 1.571623e+00 1.567531e+00 1.391542e-01 5.729877e-02
35336: 1.663488e+00 1.572207e+00 1.568120e+00 1.389646e-01 5.722071e-02
35336: 1.662585e+00 1.572789e+00 1.567347e+00 1.401361e-01 5.714286e-02
35336: 1.661685e+00 1.574728e+00 1.566576e+00 1.399457e-01 5.706522e-02
35336: 1.662144e+00 1.573948e+00 1.567164e+00 1.397558e-01 5.698779e-02
35336: 1.661247e+00 1.575881e+00 1.566396e+00 1.395664e-01 5.691057e-02
35336: 1.663058e+00 1.575101e+00 1.565629e+00 1.393775e-01 5.683356e-02
35336: 1.662162e+00 1.577027e+00 1.564865e+00 1.391892e-01 5.675676e-02
35336: 1.662618e+00 1.577598e+00 1.564103e+00 1.390013e-01 5.668016e-02
35336: 1.661725e+00 1.576819e+00 1.566038e+00 1.388140e-01 5.660377e-02
35336: 1.662180e+00 1.576043e+00 1.565276e+00 1.386272e-01 5.787349e-02
35336: 1.662634e+00 1.576613e+00 1.564516e+00 1.384409e-01 5.779570e-02
35336: 1.661745e+00 1.575839e+00 1.566443e+00 1.382550e-01 5.771812e-02
35336: 1.660858e+00 1.575067e+00 1.567024e+00 1.380697e-01 5.898123e-02
35336: 1.661312e+00 1.574297e+00 1.567604e+00 1.378849e-01 5.890228e-02
35336: 1.660428e+00 1.573529e+00 1.569519e+00 1.377005e-01 5.882353e-02
35336: 1.660881e+00 1.574099e+00 1.568758e+00 1.375167e-01 5.874499e-02
35336: 1.661333e+00 1.573333e+00 1.569333e+00 1.373333e-01 5.866667e-02
35336: 1.661784e+00 1.573901e+00 1.568575e+00 1.371505e-01 5.858855e-02
35336: 1.662234e+00 1.573138e+00 1.569149e+00 1.369681e-01 5.851064e-02
35336: 1.661355e+00 1.575033e+00 1.568393e+00 1.367862e-01 5.843293e-02
35336: 1.661804e+00 1.572944e+00 1.570292e+00 1.366048e-01 5.835544e-02
35336: 1.660927e+00 1.574834e+00 1.568212e+00 1.377483e-01 5.827815e-02
35336: 1.661376e+00 1.575397e+00 1.567460e+00 1.375661e-01 5.820106e-02
35336: 1.661823e+00 1.574637e+00 1.568032e+00 1.373844e-01 5.812417e-02
35336: 1.660950e+00 1.575198e+00 1.567282e+00 1.372032e-01 5.936675e-02
35336: 1.660079e+00 1.575758e+00 1.567852e+00 1.370224e-01 5.928854e-02
35336: 1.661842e+00 1.575000e+00 1.567105e+00 1.368421e-01 5.921053e-02
35336: 1.662286e+00 1.575558e+00 1.566360e+00 1.366623e-01 5.913272e-02
35336: 1.661417e+00 1.574803e+00 1.568241e+00 1.364829e-01 5.905512e-02
35336: 1.661861e+00 1.574050e+00 1.567497e+00 1.363041e-01 6.028834e-02
35336: 1.660995e+00 1.574607e+00 1.566754e+00 1.361257e-01 6.151832e-02
35336: 1.662745e+00 1.573856e+00 1.566013e+00 1.359477e-01 6.143791e-02
35336: 1.661880e+00 1.574413e+00 1.565274e+00 1.357702e-01 6.266319e-02
35336: 1.662321e+00 1.573664e+00 1.564537e+00 1.368970e-01 6.258149e-02
35336: 1.661458e+00 1.575521e+00 1.563802e+00 1.367188e-01 6.250000e-02
35336: 1.661899e+00 1.576073e+00 1.563069e+00 1.365410e-01 6.241873e-02
35336: 1.661039e+00 1.575325e+00 1.564935e+00 1.363636e-01 6.233766e-02
35336: 1.662776e+00 1.574578e+00 1.564202e+00 1.361868e-01 6.225681e-02
35336: 1.661917e+00 1.576425e+00 1.563472e+00 1.360104e-01 6.217617e-02
35336: 1.663648e+00 1.575679e+00 1.562743e+00 1.358344e-01 6.209573e-02
35336: 1.662791e+00 1.576227e+00 1.563307e+00 1.356589e-01 6.201550e-02
35336: 1.663226e+00 1.575484e+00 1.563871e+00 1.354839e-01 6.193548e-02
35336: 1.662371e+00 1.576031e+00 1.564433e+00 1.353093e-01 6.185567e-02
35336: 1.664093e+00 1.574003e+00 1.564994e+00 1.351351e-01 6.177606e-02
35336: 1.663239e+00 1.575835e+00 1.564267e+00 1.349614e-01 6.169666e-02
35336: 1.663671e+00 1.573813e+00 1.566110e+00 1.347882e-01 6.161746e-02
35336: 1.662821e+00 1.574359e+00 1.566667e+00 1.346154e-01 6.153846e-02
35336: 1.663252e+00 1.574904e+00 1.565941e+00 1.344430e-01 6.145967e-02
35336: 1.662404e+00 1.572890e+00 1.569054e+00 1.342711e-01 6.138107e-02
35336: 1.664112e+00 1.572158e+00 1.568327e+00 1.340996e-01 6.130268e-02
35336: 1.664541e+00 1.572704e+00 1.567602e+00 1.339286e-01 6.122449e-02
35336: 1.663694e+00 1.570701e+00 1.570701e+00 1.337580e-01 6.114650e-02
35336: 1.664122e+00 1.569975e+00 1.568702e+00 1.361323e-01 6.106870e-02
35336: 1.664549e+00 1.571792e+00 1.566709e+00 1.359593e-01 6.099111e-02
35336: 1.663706e+00 1.569797e+00 1.569797e+00 1.357868e-01 6.091371e-02
35336: 1.664132e+00 1.570342e+00 1.567807e+00 1.368821e-01 6.083650e-02
35336: 1.664557e+00 1.569620e+00 1.568354e+00 1.367089e-01 6.075949e-02
35336: 1.664981e+00 1.571429e+00 1.566372e+00 1.365360e-01 6.068268e-02
35336: 1.665404e+00 1.569444e+00 1.568182e+00 1.363636e-01 6.060606e-02
35336: 1.664565e+00 1.571248e+00 1.567465e+00 1.361917e-01 6.052963e-02
35336: 1.664987e+00 1.570529e+00 1.568010e+00 1.360202e-01 6.045340e-02
35336: 1.664151e+00 1.571069e+00 1.567296e+00 1.371069e-01 6.037736e-02
35336: 1.663317e+00 1.570352e+00 1.567839e+00 1.381910e-01 6.030151e-02
35336: 1.663739e+00 1.569636e+00 1.568381e+00 1.380176e-01 6.022585e-02
35336: 1.662907e+00 1.571429e+00 1.567669e+00 1.378446e-01 6.015038e-02
35336: 1.663329e+00 1.570713e+00 1.568210e+00 1.376721e-01 6.007509e-02
35336: 1.663750e+00 1.570000e+00 1.568750e+00 1.375000e-01 6.000000e-02
35336: 1.662921e+00 1.571785e+00 1.568040e+00 1.373283e-01 5.992509e-02
35336: 1.662095e+00 1.573566e+00 1.567332e+00 1.371571e-01 5.985037e-02
35336: 1.662516e+00 1.572852e+00 1.567870e+00 1.369863e-01 5.977584e-02
35336: 1.662935e+00 1.573383e+00 1.567164e+00 1.368159e-01 5.970149e-02
35336: 1.662112e+00 1.572671e+00 1.568944e+00 1.366460e-01 5.962733e-02
35336: 1.661290e+00 1.573201e+00 1.568238e+00 1.377171e-01 5.955335e-02
35336: 1.661710e+00 1.572491e+00 1.567534e+00 1.387856e-01 5.947955e-02
35336: 1.660891e+00 1.573020e+00 1.568069e+00 1.386139e-01 5.940594e-02
35336: 1.661310e+00 1.573548e+00 1.567367e+00 1.384425e-01 5.933251e-02
35336: 1.661728e+00 1.571605e+00 1.569136e+00 1.382716e-01 5.925926e-02
35336: 1.660912e+00 1.572133e+00 1.569667e+00 1.381011e-01 5.918619e-02
35336: 1.660099e+00 1.572660e+00 1.568966e+00 1.391626e-01 5.911330e-02
35336: 1.661747e+00 1.571956e+00 1.568266e+00 1.389914e-01 5.904059e-02
35336: 1.662162e+00 1.572482e+00 1.567568e+00 1.388206e-01 5.896806e-02
35336: 1.661350e+00 1.570552e+00 1.569325e+00 1.386503e-01 6.012270e-02
35336: 1.661765e+00 1.569853e+00 1.568627e+00 1.397059e-01 6.004902e-02
35336: 1.660955e+00 1.570379e+00 1.569155e+00 1.395349e-01 5.997552e-02
35336: 1.660147e+00 1.569682e+00 1.570905e+00 1.393643e-01 5.990220e-02
35336: 1.660562e+00 1.570208e+00 1.570208e+00 1.391941e-01 5.982906e-02
35336: 1.659756e+00 1.569512e+00 1.570732e+00 1.402439e-01 5.975610e-02
35336: 1.658952e+00 1.571255e+00 1.570037e+00 1.400731e-01 5.968331e-02
35336: 1.660584e+00 1.570560e+00 1.568127e+00 1.411192e-01 5.961071e-02
35336: 1.660996e+00 1.569866e+00 1.568651e+00 1.409478e-01 5.953827e-02
35336: 1.660194e+00 1.571602e+00 1.567961e+00 1.407767e-01 5.946602e-02
35336: 1.659394e+00 1.572121e+00 1.568485e+00 1.406061e-01 5.939394e-02
35336: 1.659806e+00 1.571429e+00 1.567797e+00 1.404358e-01 6.053269e-02
35336: 1.659008e+00 1.571947e+00 1.568319e+00 1.402660e-01 6.045949e-02
35336: 1.659420e+00 1.571256e+00 1.568841e+00 1.400966e-01 6.038647e-02
35336: 1.658625e+00 1.571773e+00 1.568154e+00 1.411339e-01 6.031363e-02
35336: 1.657831e+00 1.572289e+00 1.567470e+00 1.421687e-01 6.024096e-02
35336: 1.659446e+00 1.571600e+00 1.566787e+00 1.419976e-01 6.016847e-02
35336: 1.658654e+00 1.572115e+00 1.567308e+00 1.418269e-01 6.009615e-02
35336: 1.659064e+00 1.571429e+00 1.567827e+00 1.416567e-01 6.002401e-02
35336: 1.658273e+00 1.571942e+00 1.568345e+00 1.414868e-01 5.995204e-02
35336: 1.658683e+00 1.572455e+00 1.567665e+00 1.413174e-01 5.988024e-02
35336: 1.657895e+00 1.571770e+00 1.569378e+00 1.411483e-01 5.980861e-02
35336: 1.658303e+00 1.569892e+00 1.569892e+00 1.421744e-01 5.973716e-02
35336: 1.658711e+00 1.570406e+00 1.569212e+00 1.420048e-01 5.966587e-02
35336: 1.657926e+00 1.570918e+00 1.569726e+00 1.418355e-01 5.959476e-02
35336: 1.657143e+00 1.570238e+00 1.570238e+00 1.428571e-01 5.952381e-02
35336: 1.657551e+00 1.569560e+00 1.569560e+00 1.438763e-01 5.945303e-02
35336: 1.657957e+00 1.570071e+00 1.568884e+00 1.437055e-01 5.938242e-02
35336: 1.657177e+00 1.569395e+00 1.570581e+00 1.435350e-01 5.931198e-02
35336: 1.656398e+00 1.571090e+00 1.569905e+00 1.433649e-01 5.924171e-02
35336: 1.655621e+00 1.570414e+00 1.571598e+00 1.431953e-01 5.917160e-02
35336: 1.656028e+00 1.568558e+00 1.572104e+00 1.442080e-01 5.910165e-02
35336: 1.656434e+00 1.570248e+00 1.570248e+00 1.440378e-01 5.903188e-02
35336: 1.655660e+00 1.570755e+00 1.569575e+00 1.450472e-01 5.896226e-02
35336: 1.654888e+00 1.571260e+00 1.570082e+00 1.448763e-01 5.889282e-02
35336: 1.655294e+00 1.570588e+00 1.569412e+00 1.458824e-01 5.882353e-02
35336: 1.654524e+00 1.571093e+00 1.569918e+00 1.457109e-01 5.875441e-02
35336: 1.653756e+00 1.571596e+00 1.569249e+00 1.455399e-01 5.985915e-02
35336: 1.652989e+00 1.572098e+00 1.568581e+00 1.465416e-01 5.978898e-02
35336: 1.653396e+00 1.572600e+00 1.567916e+00 1.463700e-01 5.971897e-02
35336: 1.653801e+00 1.571930e+00 1.568421e+00 1.461988e-01 5.964912e-02
35336: 1.653037e+00 1.573598e+00 1.567757e+00 1.460280e-01 5.957944e-02
35336: 1.652275e+00 1.572929e+00 1.568261e+00 1.458576e-01 6.067678e-02
35336: 1.651515e+00 1.573427e+00 1.567599e+00 1.456876e-01 6.177156e-02
35336: 1.650757e+00 1.573923e+00 1.566938e+00 1.466822e-01 6.169965e-02
35336: 1.650000e+00 1.575581e+00 1.566279e+00 1.465116e-01 6.162791e-02
35336: 1.650407e+00 1.576074e+00 1.565621e+00 1.463415e-01 6.155633e-02
35336: 1.649652e+00 1.575406e+00 1.567285e+00 1.461717e-01 6.148492e-02
35336: 1.648899e+00 1.577057e+00 1.566628e+00 1.460023e-01 6.141367e-02
35336: 1.648148e+00 1.576389e+00 1.567130e+00 1.469907e-01 6.134259e-02
35336: 1.648555e+00 1.576879e+00 1.566474e+00 1.468208e-01 6.127168e-02
35336: 1.648961e+00 1.576212e+00 1.566975e+00 1.466513e-01 6.120092e-02
35336: 1.648212e+00 1.575548e+00 1.568627e+00 1.464821e-01 6.113033e-02
35336: 1.648618e+00 1.574885e+00 1.569124e+00 1.463134e-01 6.105991e-02
35336: 1.649022e+00 1.575374e+00 1.568470e+00 1.461450e-01 6.098964e-02
35336: 1.648276e+00 1.575862e+00 1.568966e+00 1.459770e-01 6.091954e-02
35336: 1.647532e+00 1.577497e+00 1.568312e+00 1.458094e-01 6.084960e-02
35336: 1.646789e+00 1.576835e+00 1.569954e+00 1.456422e-01 6.077982e-02
35336: 1.648339e+00 1.576174e+00 1.569301e+00 1.454754e-01 6.071019e-02
35336: 1.647597e+00 1.576659e+00 1.569794e+00 1.453089e-01 6.064073e-02
35336: 1.646857e+00 1.577143e+00 1.569143e+00 1.462857e-01 6.057143e-02
35336: 1.646119e+00 1.577626e+00 1.569635e+00 1.461187e-01 6.050228e-02
35336: 1.645382e+00 1.576967e+00 1.571266e+00 1.459521e-01 6.043330e-02
35336: 1.646925e+00 1.575171e+00 1.570615e+00 1.469248e-01 6.036446e-02
35336: 1.646189e+00 1.574516e+00 1.571104e+00 1.478953e-01 6.029579e-02
35336: 1.646591e+00 1.573864e+00 1.570455e+00 1.488636e-01 6.022727e-02
35336: 1.645857e+00 1.574347e+00 1.569807e+00 1.498297e-01 6.015891e-02
35336: 1.645125e+00 1.573696e+00 1.570295e+00 1.507937e-01 6.009070e-02
35336: 1.645527e+00 1.574179e+00 1.568516e+00 1.517554e-01 6.002265e-02
35336: 1.644796e+00 1.573529e+00 1.570136e+00 1.515837e-01 5.995475e-02
35336: 1.645198e+00 1.574011e+00 1.568362e+00 1.525424e-01 5.988701e-02
35336: 1.645598e+00 1.573363e+00 1.568849e+00 1.523702e-01 5.981941e-02
35336: 1.645998e+00 1.572717e+00 1.569335e+00 1.521984e-01 5.975197e-02
35336: 1.645270e+00 1.573198e+00 1.568694e+00 1.531532e-01 5.968468e-02
35336: 1.644544e+00 1.574803e+00 1.568054e+00 1.529809e-01 5.961755e-02
35336: 1.644944e+00 1.575281e+00 1.567416e+00 1.528090e-01 5.955056e-02
35336: 1.644220e+00 1.574635e+00 1.569024e+00 1.526375e-01 5.948373e-02
35336: 1.643498e+00 1.575112e+00 1.568386e+00 1.524664e-01 6.053812e-02
35336: 1.643897e+00 1.575588e+00 1.567749e+00 1.522956e-01 6.047032e-02
35336: 1.643177e+00 1.576063e+00 1.568233e+00 1.521253e-01 6.040268e-02
35336: 1.642458e+00 1.577654e+00 1.567598e+00 1.519553e-01 6.033520e-02
35336: 1.641741e+00 1.578125e+00 1.566964e+00 1.517857e-01 6.138393e-02
35336: 1.641026e+00 1.578595e+00 1.567447e+00 1.516165e-01 6.131550e-02
35336: 1.640312e+00 1.579065e+00 1.567929e+00 1.514477e-01 6.124722e-02
35336: 1.639600e+00 1.580645e+00 1.567297e+00 1.512792e-01 6.117909e-02
35336: 1.640000e+00 1.580000e+00 1.566667e+00 1.522222e-01 6.111111e-02
35336: 1.639290e+00 1.581576e+00 1.566038e+00 1.520533e-01 6.104329e-02
35336: 1.640798e+00 1.580931e+00 1.565410e+00 1.518847e-01 6.097561e-02
35336: 1.640089e+00 1.581395e+00 1.565891e+00 1.517165e-01 6.090808e-02
35336: 1.639381e+00 1.581858e+00 1.566372e+00 1.515487e-01 6.084071e-02
35336: 1.638674e+00 1.582320e+00 1.565746e+00 1.524862e-01 6.077348e-02
35336: 1.639073e+00 1.582781e+00 1.565121e+00 1.523179e-01 6.070640e-02
35336: 1.638368e+00 1.582139e+00 1.566703e+00 1.521499e-01 6.063947e-02
35336: 1.637665e+00 1.582599e+00 1.567181e+00 1.519824e-01 6.057269e-02
35336: 1.636964e+00 1.583058e+00 1.567657e+00 1.518152e-01 6.050605e-02
35336: 1.636264e+00 1.583516e+00 1.568132e+00 1.516484e-01 6.043956e-02
35336: 1.636663e+00 1.582876e+00 1.567508e+00 1.525796e-01 6.037322e-02
35336: 1.635965e+00 1.582237e+00 1.569079e+00 1.524123e-01 6.030702e-02
35336: 1.636364e+00 1.581599e+00 1.569551e+00 1.522453e-01 6.024096e-02
35336: 1.635667e+00 1.580963e+00 1.571116e+00 1.520788e-01 6.017505e-02
35336: 1.637158e+00 1.580328e+00 1.569399e+00 1.530055e-01 6.010929e-02
35336: 1.637555e+00 1.579694e+00 1.569869e+00 1.528384e-01 6.004367e-02
35336: 1.636859e+00 1.580153e+00 1.570338e+00 1.526718e-01 5.997819e-02
35336: 1.637255e+00 1.580610e+00 1.568627e+00 1.535948e-01 5.991285e-02
35336: 1.637650e+00 1.579978e+00 1.569097e+00 1.534276e-01 5.984766e-02
35336: 1.636957e+00 1.580435e+00 1.569565e+00 1.532609e-01 5.978261e-02
35336: 1.636265e+00 1.580890e+00 1.570033e+00 1.530945e-01 5.971770e-02
35336: 1.635575e+00 1.581345e+00 1.569414e+00 1.540130e-01 5.965293e-02
35336: 1.635970e+00 1.579632e+00 1.570964e+00 1.538462e-01 5.958830e-02
35336: 1.636364e+00 1.580087e+00 1.569264e+00 1.547619e-01 5.952381e-02
35336: 1.635676e+00 1.578378e+00 1.571892e+00 1.545946e-01 5.945946e-02
35336: 1.637149e+00 1.576674e+00 1.571274e+00 1.555076e-01 5.939525e-02
35336: 1.636462e+00 1.578209e+00 1.569579e+00 1.564186e-01 5.933118e-02
35336: 1.636853e+00 1.577586e+00 1.570043e+00 1.562500e-01 5.926724e-02
35336: 1.636168e+00 1.578041e+00 1.568353e+00 1.582347e-01 5.920344e-02
35336: 1.636559e+00 1.578495e+00 1.567742e+00 1.580645e-01 5.913978e-02
35336: 1.635875e+00 1.577873e+00 1.569280e+00 1.578947e-01 5.907626e-02
35336: 1.636266e+00 1.578326e+00 1.568670e+00 1.577253e-01 5.901288e-02
35336: 1.635584e+00 1.576635e+00 1.570204e+00 1.575563e-01 6.002144e-02
35336: 1.635974e+00 1.574946e+00 1.570664e+00 1.584582e-01 5.995717e-02
35336: 1.635294e+00 1.574332e+00 1.571123e+00 1.593583e-01 5.989305e-02
35336: 1.634615e+00 1.574786e+00 1.570513e+00 1.602564e-01 5.982906e-02
35336: 1.633938e+00 1.575240e+00 1.569904e+00 1.611526e-01 5.976521e-02
35336: 1.633262e+00 1.575693e+00 1.569296e+00 1.609808e-01 6.076759e-02
35336: 1.633653e+00 1.576145e+00 1.568690e+00 1.608094e-01 6.070288e-02
35336: 1.632979e+00 1.575532e+00 1.570213e+00 1.606383e-01 6.063830e-02
35336: 1.633369e+00 1.575983e+00 1.568544e+00 1.615303e-01 6.057386e-02
35336: 1.632696e+00 1.575372e+00 1.570064e+00 1.613588e-01 6.050955e-02
35336: 1.634146e+00 1.574761e+00 1.568399e+00 1.622481e-01 6.044539e-02
35336: 1.634534e+00 1.575212e+00 1.567797e+00 1.620763e-01 6.038136e-02
35336: 1.633862e+00 1.574603e+00 1.569312e+00 1.619048e-01 6.031746e-02
35336: 1.634249e+00 1.575053e+00 1.568710e+00 1.617336e-01 6.025370e-02
35336: 1.633580e+00 1.573390e+00 1.571278e+00 1.615628e-01 6.019007e-02
35336: 1.635021e+00 1.571730e+00 1.570675e+00 1.624473e-01 6.012658e-02
35336: 1.634352e+00 1.572181e+00 1.570074e+00 1.633298e-01 6.006322e-02
35336: 1.633684e+00 1.572632e+00 1.569474e+00 1.642105e-01 6.000000e-02
35336: 1.634069e+00 1.572029e+00 1.568875e+00 1.640379e-01 6.098843e-02
35336: 1.634454e+00 1.571429e+00 1.569328e+00 1.638655e-01 6.092437e-02
35336: 1.633788e+00 1.571878e+00 1.569780e+00 1.636936e-01 6.086044e-02
35336: 1.634172e+00 1.571279e+00 1.570231e+00 1.635220e-01 6.079665e-02
35336: 1.633508e+00 1.572775e+00 1.568586e+00 1.643979e-01 6.073298e-02
35336: 1.633891e+00 1.572176e+00 1.569038e+00 1.642259e-01 6.066946e-02
35336: 1.633229e+00 1.573668e+00 1.568443e+00 1.640543e-01 6.060606e-02
35336: 1.632568e+00 1.575157e+00 1.567850e+00 1.638831e-01 6.054280e-02
35336: 1.632951e+00 1.574557e+00 1.568300e+00 1.637122e-01 6.047967e-02
35336: 1.632292e+00 1.575000e+00 1.568750e+00 1.635417e-01 6.041667e-02
35336: 1.631634e+00 1.576483e+00 1.568158e+00 1.633715e-01 6.035380e-02
35336: 1.632017e+00 1.576923e+00 1.567568e+00 1.632017e-01 6.029106e-02
35336: 1.632399e+00 1.576324e+00 1.568017e+00 1.630322e-01 6.022845e-02
35336: 1.631743e+00 1.575726e+00 1.569502e+00 1.628631e-01 6.016598e-02
35336: 1.631088e+00 1.576166e+00 1.569948e+00 1.626943e-01 6.010363e-02
35336: 1.630435e+00 1.577640e+00 1.569358e+00 1.625259e-01 6.004141e-02
35336: 1.630817e+00 1.577042e+00 1.568769e+00 1.633919e-01 5.997932e-02
35336: 1.630165e+00 1.577479e+00 1.569215e+00 1.632231e-01 5.991736e-02
35336: 1.629515e+00 1.578947e+00 1.568627e+00 1.630547e-01 5.985552e-02
35336: 1.630928e+00 1.578351e+00 1.568041e+00 1.628866e-01 5.979381e-02
35336: 1.631308e+00 1.578785e+00 1.567456e+00 1.627188e-01 5.973223e-02
35336: 1.631687e+00 1.578189e+00 1.567901e+00 1.625514e-01 5.967078e-02
35336: 1.631038e+00 1.579651e+00 1.567318e+00 1.623844e-01 5.960946e-02
35336: 1.630390e+00 1.581109e+00 1.566735e+00 1.622177e-01 5.954825e-02
35336: 1.631795e+00 1.580513e+00 1.566154e+00 1.620513e-01 5.948718e-02
35336: 1.631148e+00 1.579918e+00 1.566598e+00 1.629098e-01 5.942623e-02
35336: 1.631525e+00 1.580348e+00 1.566018e+00 1.627431e-01 5.936540e-02
35336: 1.630879e+00 1.579755e+00 1.567485e+00 1.625767e-01 5.930470e-02
35336: 1.630235e+00 1.581205e+00 1.566905e+00 1.624106e-01 5.924413e-02
35336: 1.630612e+00 1.581633e+00 1.566327e+00 1.622449e-01 5.918367e-02
35336: 1.629969e+00 1.582059e+00 1.566769e+00 1.620795e-01 5.912334e-02
35336: 1.629328e+00 1.582485e+00 1.567210e+00 1.619145e-01 5.906314e-02
35336: 1.628688e+00 1.583927e+00 1.566633e+00 1.617497e-01 5.900305e-02
35336: 1.629065e+00 1.583333e+00 1.567073e+00 1.615854e-01 5.894309e-02
35336: 1.628426e+00 1.583756e+00 1.566497e+00 1.614213e-01 5.989848e-02
35336: 1.629817e+00 1.583164e+00 1.565923e+00 1.612576e-01 5.983773e-02
35336: 1.630193e+00 1.583587e+00 1.565350e+00 1.610942e-01 5.977710e-02
35336: 1.629555e+00 1.582996e+00 1.566802e+00 1.609312e-01 5.971660e-02
35336: 1.628918e+00 1.583418e+00 1.567240e+00 1.607685e-01 5.965622e-02
35336: 1.629293e+00 1.582828e+00 1.567677e+00 1.606061e-01 5.959596e-02
35336: 1.628658e+00 1.583249e+00 1.568113e+00 1.604440e-01 5.953582e-02
35336: 1.629032e+00 1.582661e+00 1.568548e+00 1.602823e-01 5.947581e-02
35336: 1.628399e+00 1.583082e+00 1.568983e+00 1.601208e-01 5.941591e-02
35336: 1.627767e+00 1.583501e+00 1.568410e+00 1.609658e-01 5.935614e-02
35336: 1.628141e+00 1.583920e+00 1.567839e+00 1.608040e-01 5.929648e-02
35336: 1.627510e+00 1.582329e+00 1.570281e+00 1.606426e-01 5.923695e-02
35336: 1.627884e+00 1.581745e+00 1.569709e+00 1.614845e-01 5.917753e-02
35336: 1.627255e+00 1.581162e+00 1.570140e+00 1.623246e-01 5.911824e-02
35336: 1.627628e+00 1.581582e+00 1.568569e+00 1.631632e-01 5.905906e-02
35336: Done!
