Forked 40580
Starting to reopen 0 and 1
Calling execv `tournament0/lounres.py` (pid 40580)
Strategy 0: first ans is 1
Forked 40581
Starting to reopen 0 and 1
Calling execv `tournament0/alex_dany` (pid 40581)
40581: Started!
40581: Number of players: 4, position: 1, number of turns: 1000
40581: Random seed: 961011636
Strategy 1: first ans is 0
Forked 40582
Starting to reopen 0 and 1
Calling execv `tournament0/pzakorko.py` (pid 40582)
Strategy 2: first ans is 0
Forked 40583
Starting to reopen 0 and 1
Calling execv `tournament0/elexunix.py` (pid 40583)
Strategy 3: first ans is 0
40581: 3.000000e+00 1.000000e+00 0.000000e+00 0.000000e+00
40581: 1.500000e+00 2.500000e+00 0.000000e+00 0.000000e+00
40581: 1.666667e+00 1.666667e+00 6.666667e-01 0.000000e+00
40581: 1.750000e+00 1.500000e+00 7.500000e-01 0.000000e+00
40581: 1.400000e+00 2.000000e+00 6.000000e-01 0.000000e+00
40581: 1.833333e+00 1.666667e+00 5.000000e-01 0.000000e+00
40581: 1.714286e+00 1.714286e+00 5.714286e-01 0.000000e+00
40581: 1.750000e+00 1.500000e+00 7.500000e-01 0.000000e+00
40581: 1.555556e+00 1.666667e+00 7.777778e-01 0.000000e+00
40581: 1.600000e+00 1.500000e+00 8.000000e-01 1.000000e-01
40581: 1.545455e+00 1.545455e+00 8.181818e-01 9.090909e-02
40581: 1.750000e+00 1.416667e+00 7.500000e-01 8.333333e-02
40581: 1.769231e+00 1.461538e+00 6.923077e-01 7.692308e-02
40581: 1.642857e+00 1.428571e+00 7.857143e-01 1.428571e-01
40581: 1.600000e+00 1.400000e+00 8.666667e-01 1.333333e-01
40581: 1.562500e+00 1.375000e+00 9.375000e-01 1.250000e-01
40581: 1.705882e+00 1.294118e+00 8.823529e-01 1.176471e-01
40581: 1.666667e+00 1.333333e+00 8.888889e-01 1.111111e-01
40581: 1.631579e+00 1.368421e+00 8.947368e-01 1.052632e-01
40581: 1.600000e+00 1.400000e+00 8.500000e-01 1.500000e-01
40581: 1.666667e+00 1.380952e+00 8.095238e-01 1.428571e-01
40581: 1.590909e+00 1.454545e+00 8.181818e-01 1.363636e-01
40581: 1.565217e+00 1.521739e+00 7.826087e-01 1.304348e-01
40581: 1.625000e+00 1.458333e+00 7.916667e-01 1.250000e-01
40581: 1.560000e+00 1.520000e+00 8.000000e-01 1.200000e-01
40581: 1.576923e+00 1.500000e+00 8.076923e-01 1.153846e-01
40581: 1.518519e+00 1.592593e+00 7.777778e-01 1.111111e-01
40581: 1.535714e+00 1.535714e+00 7.857143e-01 1.428571e-01
40581: 1.551724e+00 1.551724e+00 7.586207e-01 1.379310e-01
40581: 1.533333e+00 1.500000e+00 8.333333e-01 1.333333e-01
40581: 1.612903e+00 1.451613e+00 8.064516e-01 1.290323e-01
40581: 1.593750e+00 1.500000e+00 7.812500e-01 1.250000e-01
40581: 1.575758e+00 1.515152e+00 7.878788e-01 1.212121e-01
40581: 1.588235e+00 1.529412e+00 7.647059e-01 1.176471e-01
40581: 1.600000e+00 1.514286e+00 7.714286e-01 1.142857e-01
40581: 1.583333e+00 1.527778e+00 7.500000e-01 1.388889e-01
40581: 1.621622e+00 1.513514e+00 7.297297e-01 1.351351e-01
40581: 1.605263e+00 1.526316e+00 7.368421e-01 1.315789e-01
40581: 1.615385e+00 1.512821e+00 7.435897e-01 1.282051e-01
40581: 1.600000e+00 1.550000e+00 7.250000e-01 1.250000e-01
40581: 1.585366e+00 1.560976e+00 7.317073e-01 1.219512e-01
40581: 1.595238e+00 1.571429e+00 7.142857e-01 1.190476e-01
40581: 1.581395e+00 1.534884e+00 7.674419e-01 1.162791e-01
40581: 1.590909e+00 1.522727e+00 7.727273e-01 1.136364e-01
40581: 1.555556e+00 1.555556e+00 7.777778e-01 1.111111e-01
40581: 1.586957e+00 1.521739e+00 7.826087e-01 1.086957e-01
40581: 1.574468e+00 1.553191e+00 7.659574e-01 1.063830e-01
40581: 1.562500e+00 1.583333e+00 7.500000e-01 1.041667e-01
40581: 1.591837e+00 1.551020e+00 7.551020e-01 1.020408e-01
40581: 1.580000e+00 1.580000e+00 7.400000e-01 1.000000e-01
40581: 1.568627e+00 1.568627e+00 7.647059e-01 9.803922e-02
40581: 1.576923e+00 1.576923e+00 7.500000e-01 9.615385e-02
40581: 1.547170e+00 1.584906e+00 7.735849e-01 9.433962e-02
40581: 1.555556e+00 1.574074e+00 7.777778e-01 9.259259e-02
40581: 1.563636e+00 1.581818e+00 7.636364e-01 9.090909e-02
40581: 1.571429e+00 1.571429e+00 7.678571e-01 8.928571e-02
40581: 1.561404e+00 1.561404e+00 7.719298e-01 1.052632e-01
40581: 1.603448e+00 1.534483e+00 7.586207e-01 1.034483e-01
40581: 1.593220e+00 1.542373e+00 7.457627e-01 1.186441e-01
40581: 1.583333e+00 1.566667e+00 7.333333e-01 1.166667e-01
40581: 1.573770e+00 1.557377e+00 7.377049e-01 1.311475e-01
40581: 1.564516e+00 1.564516e+00 7.419355e-01 1.290323e-01
40581: 1.571429e+00 1.539683e+00 7.619048e-01 1.269841e-01
40581: 1.562500e+00 1.546875e+00 7.656250e-01 1.250000e-01
40581: 1.584615e+00 1.538462e+00 7.538462e-01 1.230769e-01
40581: 1.575758e+00 1.545455e+00 7.575758e-01 1.212121e-01
40581: 1.597015e+00 1.537313e+00 7.462687e-01 1.194030e-01
40581: 1.588235e+00 1.558824e+00 7.352941e-01 1.176471e-01
40581: 1.579710e+00 1.565217e+00 7.391304e-01 1.159420e-01
40581: 1.600000e+00 1.557143e+00 7.285714e-01 1.142857e-01
40581: 1.591549e+00 1.577465e+00 7.183099e-01 1.126761e-01
40581: 1.583333e+00 1.583333e+00 7.222222e-01 1.111111e-01
40581: 1.589041e+00 1.575342e+00 7.260274e-01 1.095890e-01
40581: 1.581081e+00 1.567568e+00 7.432432e-01 1.081081e-01
40581: 1.586667e+00 1.560000e+00 7.466667e-01 1.066667e-01
40581: 1.565789e+00 1.565789e+00 7.631579e-01 1.052632e-01
40581: 1.584416e+00 1.558442e+00 7.532468e-01 1.038961e-01
40581: 1.576923e+00 1.576923e+00 7.435897e-01 1.025641e-01
40581: 1.569620e+00 1.556962e+00 7.594937e-01 1.139241e-01
40581: 1.575000e+00 1.550000e+00 7.625000e-01 1.125000e-01
40581: 1.555556e+00 1.567901e+00 7.530864e-01 1.234568e-01
40581: 1.560976e+00 1.573171e+00 7.439024e-01 1.219512e-01
40581: 1.566265e+00 1.566265e+00 7.469880e-01 1.204819e-01
40581: 1.571429e+00 1.559524e+00 7.380952e-01 1.309524e-01
40581: 1.564706e+00 1.564706e+00 7.411765e-01 1.294118e-01
40581: 1.569767e+00 1.558140e+00 7.441860e-01 1.279070e-01
40581: 1.563218e+00 1.551724e+00 7.586207e-01 1.264368e-01
40581: 1.568182e+00 1.556818e+00 7.500000e-01 1.250000e-01
40581: 1.584270e+00 1.539326e+00 7.528090e-01 1.235955e-01
40581: 1.566667e+00 1.555556e+00 7.555556e-01 1.222222e-01
40581: 1.593407e+00 1.538462e+00 7.472527e-01 1.208791e-01
40581: 1.576087e+00 1.554348e+00 7.500000e-01 1.195652e-01
40581: 1.569892e+00 1.559140e+00 7.526882e-01 1.182796e-01
40581: 1.585106e+00 1.542553e+00 7.446809e-01 1.276596e-01
40581: 1.578947e+00 1.547368e+00 7.473684e-01 1.263158e-01
40581: 1.583333e+00 1.552083e+00 7.395833e-01 1.250000e-01
40581: 1.567010e+00 1.556701e+00 7.525773e-01 1.237113e-01
40581: 1.591837e+00 1.540816e+00 7.448980e-01 1.224490e-01
40581: 1.575758e+00 1.555556e+00 7.373737e-01 1.313131e-01
40581: 1.570000e+00 1.560000e+00 7.400000e-01 1.300000e-01
40581: 1.564356e+00 1.574257e+00 7.326733e-01 1.287129e-01
40581: 1.578431e+00 1.558824e+00 7.352941e-01 1.274510e-01
40581: 1.563107e+00 1.572816e+00 7.378641e-01 1.262136e-01
40581: 1.576923e+00 1.557692e+00 7.403846e-01 1.250000e-01
40581: 1.580952e+00 1.561905e+00 7.333333e-01 1.238095e-01
40581: 1.584906e+00 1.556604e+00 7.358491e-01 1.226415e-01
40581: 1.588785e+00 1.560748e+00 7.289720e-01 1.214953e-01
40581: 1.574074e+00 1.555556e+00 7.407407e-01 1.296296e-01
40581: 1.568807e+00 1.559633e+00 7.339450e-01 1.376147e-01
40581: 1.572727e+00 1.545455e+00 7.454545e-01 1.363636e-01
40581: 1.558559e+00 1.558559e+00 7.477477e-01 1.351351e-01
40581: 1.562500e+00 1.562500e+00 7.410714e-01 1.339286e-01
40581: 1.566372e+00 1.548673e+00 7.522124e-01 1.327434e-01
40581: 1.561404e+00 1.543860e+00 7.543860e-01 1.403509e-01
40581: 1.573913e+00 1.530435e+00 7.565217e-01 1.391304e-01
40581: 1.560345e+00 1.543103e+00 7.500000e-01 1.465517e-01
40581: 1.564103e+00 1.538462e+00 7.435897e-01 1.538462e-01
40581: 1.559322e+00 1.542373e+00 7.457627e-01 1.525424e-01
40581: 1.571429e+00 1.529412e+00 7.478992e-01 1.512605e-01
40581: 1.558333e+00 1.533333e+00 7.583333e-01 1.500000e-01
40581: 1.561983e+00 1.528926e+00 7.603306e-01 1.487603e-01
40581: 1.573770e+00 1.524590e+00 7.540984e-01 1.475410e-01
40581: 1.560976e+00 1.536585e+00 7.479675e-01 1.544715e-01
40581: 1.572581e+00 1.532258e+00 7.419355e-01 1.532258e-01
40581: 1.568000e+00 1.544000e+00 7.360000e-01 1.520000e-01
40581: 1.579365e+00 1.531746e+00 7.380952e-01 1.507937e-01
40581: 1.566929e+00 1.535433e+00 7.401575e-01 1.574803e-01
40581: 1.570312e+00 1.523438e+00 7.421875e-01 1.640625e-01
40581: 1.558140e+00 1.534884e+00 7.441860e-01 1.627907e-01
40581: 1.576923e+00 1.523077e+00 7.384615e-01 1.615385e-01
40581: 1.564885e+00 1.534351e+00 7.404580e-01 1.603053e-01
40581: 1.575758e+00 1.522727e+00 7.424242e-01 1.590909e-01
40581: 1.571429e+00 1.526316e+00 7.368421e-01 1.654135e-01
40581: 1.567164e+00 1.522388e+00 7.388060e-01 1.716418e-01
40581: 1.577778e+00 1.511111e+00 7.407407e-01 1.703704e-01
40581: 1.566176e+00 1.529412e+00 7.352941e-01 1.691176e-01
40581: 1.583942e+00 1.518248e+00 7.299270e-01 1.678832e-01
40581: 1.586957e+00 1.521739e+00 7.246377e-01 1.666667e-01
40581: 1.589928e+00 1.517986e+00 7.266187e-01 1.654676e-01
40581: 1.585714e+00 1.528571e+00 7.214286e-01 1.642857e-01
40581: 1.588652e+00 1.531915e+00 7.163121e-01 1.631206e-01
40581: 1.577465e+00 1.528169e+00 7.323944e-01 1.619718e-01
40581: 1.580420e+00 1.524476e+00 7.272727e-01 1.678322e-01
40581: 1.576389e+00 1.534722e+00 7.222222e-01 1.666667e-01
40581: 1.579310e+00 1.531034e+00 7.241379e-01 1.655172e-01
40581: 1.575342e+00 1.534247e+00 7.260274e-01 1.643836e-01
40581: 1.578231e+00 1.537415e+00 7.210884e-01 1.632653e-01
40581: 1.567568e+00 1.540541e+00 7.297297e-01 1.621622e-01
40581: 1.577181e+00 1.530201e+00 7.315436e-01 1.610738e-01
40581: 1.566667e+00 1.540000e+00 7.333333e-01 1.600000e-01
40581: 1.569536e+00 1.529801e+00 7.417219e-01 1.589404e-01
40581: 1.565789e+00 1.526316e+00 7.500000e-01 1.578947e-01
40581: 1.568627e+00 1.522876e+00 7.516340e-01 1.568627e-01
40581: 1.571429e+00 1.525974e+00 7.467532e-01 1.558442e-01
40581: 1.567742e+00 1.529032e+00 7.483871e-01 1.548387e-01
40581: 1.570513e+00 1.525641e+00 7.500000e-01 1.538462e-01
40581: 1.566879e+00 1.528662e+00 7.515924e-01 1.528662e-01
40581: 1.575949e+00 1.518987e+00 7.531646e-01 1.518987e-01
40581: 1.572327e+00 1.528302e+00 7.484277e-01 1.509434e-01
40581: 1.575000e+00 1.525000e+00 7.437500e-01 1.562500e-01
40581: 1.571429e+00 1.534161e+00 7.391304e-01 1.552795e-01
40581: 1.567901e+00 1.537037e+00 7.407407e-01 1.543210e-01
40581: 1.576687e+00 1.527607e+00 7.423313e-01 1.533742e-01
40581: 1.573171e+00 1.530488e+00 7.439024e-01 1.524390e-01
40581: 1.569697e+00 1.527273e+00 7.454545e-01 1.575758e-01
40581: 1.572289e+00 1.518072e+00 7.469880e-01 1.626506e-01
40581: 1.568862e+00 1.520958e+00 7.485030e-01 1.616766e-01
40581: 1.583333e+00 1.511905e+00 7.440476e-01 1.607143e-01
40581: 1.573964e+00 1.520710e+00 7.455621e-01 1.597633e-01
40581: 1.576471e+00 1.523529e+00 7.411765e-01 1.588235e-01
40581: 1.567251e+00 1.526316e+00 7.485380e-01 1.578947e-01
40581: 1.569767e+00 1.517442e+00 7.558140e-01 1.569767e-01
40581: 1.578035e+00 1.514451e+00 7.514451e-01 1.560694e-01
40581: 1.568966e+00 1.522989e+00 7.471264e-01 1.609195e-01
40581: 1.582857e+00 1.514286e+00 7.428571e-01 1.600000e-01
40581: 1.579545e+00 1.517045e+00 7.443182e-01 1.590909e-01
40581: 1.587571e+00 1.514124e+00 7.401130e-01 1.581921e-01
40581: 1.578652e+00 1.522472e+00 7.415730e-01 1.573034e-01
40581: 1.581006e+00 1.525140e+00 7.374302e-01 1.564246e-01
40581: 1.577778e+00 1.522222e+00 7.444444e-01 1.555556e-01
40581: 1.574586e+00 1.524862e+00 7.458564e-01 1.546961e-01
40581: 1.582418e+00 1.521978e+00 7.417582e-01 1.538462e-01
40581: 1.579235e+00 1.530055e+00 7.377049e-01 1.530055e-01
40581: 1.576087e+00 1.532609e+00 7.391304e-01 1.521739e-01
40581: 1.578378e+00 1.529730e+00 7.351351e-01 1.567568e-01
40581: 1.575269e+00 1.532258e+00 7.365591e-01 1.559140e-01
40581: 1.572193e+00 1.534759e+00 7.379679e-01 1.550802e-01
40581: 1.574468e+00 1.531915e+00 7.393617e-01 1.542553e-01
40581: 1.566138e+00 1.539683e+00 7.354497e-01 1.587302e-01
40581: 1.568421e+00 1.531579e+00 7.421053e-01 1.578947e-01
40581: 1.575916e+00 1.528796e+00 7.382199e-01 1.570681e-01
40581: 1.578125e+00 1.531250e+00 7.343750e-01 1.562500e-01
40581: 1.575130e+00 1.528497e+00 7.409326e-01 1.554404e-01
40581: 1.572165e+00 1.536082e+00 7.371134e-01 1.546392e-01
40581: 1.579487e+00 1.533333e+00 7.333333e-01 1.538462e-01
40581: 1.576531e+00 1.535714e+00 7.295918e-01 1.581633e-01
40581: 1.583756e+00 1.532995e+00 7.258883e-01 1.573604e-01
40581: 1.585859e+00 1.535354e+00 7.222222e-01 1.565657e-01
40581: 1.577889e+00 1.537688e+00 7.286432e-01 1.557789e-01
40581: 1.575000e+00 1.535000e+00 7.300000e-01 1.600000e-01
40581: 1.577114e+00 1.532338e+00 7.313433e-01 1.592040e-01
40581: 1.574257e+00 1.539604e+00 7.277228e-01 1.584158e-01
40581: 1.576355e+00 1.541872e+00 7.241379e-01 1.576355e-01
40581: 1.573529e+00 1.539216e+00 7.254902e-01 1.617647e-01
40581: 1.575610e+00 1.541463e+00 7.219512e-01 1.609756e-01
40581: 1.567961e+00 1.548544e+00 7.233010e-01 1.601942e-01
40581: 1.570048e+00 1.541063e+00 7.246377e-01 1.642512e-01
40581: 1.567308e+00 1.548077e+00 7.211538e-01 1.634615e-01
40581: 1.574163e+00 1.540670e+00 7.224880e-01 1.626794e-01
40581: 1.571429e+00 1.542857e+00 7.238095e-01 1.619048e-01
40581: 1.568720e+00 1.540284e+00 7.298578e-01 1.611374e-01
40581: 1.575472e+00 1.537736e+00 7.264151e-01 1.603774e-01
40581: 1.568075e+00 1.544601e+00 7.276995e-01 1.596244e-01
40581: 1.574766e+00 1.537383e+00 7.289720e-01 1.588785e-01
40581: 1.567442e+00 1.544186e+00 7.255814e-01 1.627907e-01
40581: 1.574074e+00 1.537037e+00 7.268519e-01 1.620370e-01
40581: 1.571429e+00 1.539171e+00 7.281106e-01 1.612903e-01
40581: 1.568807e+00 1.541284e+00 7.293578e-01 1.605505e-01
40581: 1.575342e+00 1.534247e+00 7.305936e-01 1.598174e-01
40581: 1.577273e+00 1.536364e+00 7.272727e-01 1.590909e-01
40581: 1.570136e+00 1.533937e+00 7.330317e-01 1.628959e-01
40581: 1.572072e+00 1.536036e+00 7.297297e-01 1.621622e-01
40581: 1.569507e+00 1.533632e+00 7.354260e-01 1.614350e-01
40581: 1.575893e+00 1.531250e+00 7.321429e-01 1.607143e-01
40581: 1.573333e+00 1.533333e+00 7.288889e-01 1.644444e-01
40581: 1.575221e+00 1.530973e+00 7.300885e-01 1.637168e-01
40581: 1.572687e+00 1.533040e+00 7.312775e-01 1.629956e-01
40581: 1.574561e+00 1.530702e+00 7.324561e-01 1.622807e-01
40581: 1.567686e+00 1.532751e+00 7.379913e-01 1.615721e-01
40581: 1.569565e+00 1.530435e+00 7.347826e-01 1.652174e-01
40581: 1.567100e+00 1.532468e+00 7.359307e-01 1.645022e-01
40581: 1.568966e+00 1.530172e+00 7.370690e-01 1.637931e-01
40581: 1.566524e+00 1.532189e+00 7.381974e-01 1.630901e-01
40581: 1.576923e+00 1.525641e+00 7.350427e-01 1.623932e-01
40581: 1.578723e+00 1.527660e+00 7.319149e-01 1.617021e-01
40581: 1.576271e+00 1.529661e+00 7.330508e-01 1.610169e-01
40581: 1.582278e+00 1.527426e+00 7.299578e-01 1.603376e-01
40581: 1.575630e+00 1.529412e+00 7.352941e-01 1.596639e-01
40581: 1.573222e+00 1.527197e+00 7.364017e-01 1.631799e-01
40581: 1.570833e+00 1.525000e+00 7.416667e-01 1.625000e-01
40581: 1.568465e+00 1.531120e+00 7.385892e-01 1.618257e-01
40581: 1.574380e+00 1.524793e+00 7.396694e-01 1.611570e-01
40581: 1.576132e+00 1.526749e+00 7.366255e-01 1.604938e-01
40581: 1.569672e+00 1.528689e+00 7.418033e-01 1.598361e-01
40581: 1.575510e+00 1.526531e+00 7.387755e-01 1.591837e-01
40581: 1.573171e+00 1.528455e+00 7.398374e-01 1.585366e-01
40581: 1.570850e+00 1.526316e+00 7.408907e-01 1.619433e-01
40581: 1.572581e+00 1.524194e+00 7.419355e-01 1.612903e-01
40581: 1.570281e+00 1.530120e+00 7.389558e-01 1.606426e-01
40581: 1.572000e+00 1.532000e+00 7.360000e-01 1.600000e-01
40581: 1.565737e+00 1.537849e+00 7.370518e-01 1.593625e-01
40581: 1.567460e+00 1.535714e+00 7.380952e-01 1.587302e-01
40581: 1.573123e+00 1.533597e+00 7.351779e-01 1.581028e-01
40581: 1.570866e+00 1.539370e+00 7.322835e-01 1.574803e-01
40581: 1.572549e+00 1.541176e+00 7.294118e-01 1.568627e-01
40581: 1.570312e+00 1.539062e+00 7.343750e-01 1.562500e-01
40581: 1.571984e+00 1.536965e+00 7.354086e-01 1.556420e-01
40581: 1.569767e+00 1.542636e+00 7.325581e-01 1.550388e-01
40581: 1.571429e+00 1.536680e+00 7.374517e-01 1.544402e-01
40581: 1.565385e+00 1.538462e+00 7.384615e-01 1.576923e-01
40581: 1.567050e+00 1.532567e+00 7.432950e-01 1.570881e-01
40581: 1.568702e+00 1.530534e+00 7.442748e-01 1.564885e-01
40581: 1.574144e+00 1.528517e+00 7.414449e-01 1.558935e-01
40581: 1.568182e+00 1.530303e+00 7.424242e-01 1.590909e-01
40581: 1.569811e+00 1.528302e+00 7.433962e-01 1.584906e-01
40581: 1.571429e+00 1.530075e+00 7.406015e-01 1.578947e-01
40581: 1.569288e+00 1.531835e+00 7.415730e-01 1.573034e-01
40581: 1.570896e+00 1.529851e+00 7.425373e-01 1.567164e-01
40581: 1.568773e+00 1.531599e+00 7.434944e-01 1.561338e-01
40581: 1.570370e+00 1.533333e+00 7.407407e-01 1.555556e-01
40581: 1.564576e+00 1.538745e+00 7.416974e-01 1.549815e-01
40581: 1.569853e+00 1.533088e+00 7.426471e-01 1.544118e-01
40581: 1.571429e+00 1.531136e+00 7.435897e-01 1.538462e-01
40581: 1.572993e+00 1.532847e+00 7.408759e-01 1.532847e-01
40581: 1.570909e+00 1.534545e+00 7.418182e-01 1.527273e-01
40581: 1.568841e+00 1.532609e+00 7.463768e-01 1.521739e-01
40581: 1.570397e+00 1.530686e+00 7.472924e-01 1.516245e-01
40581: 1.568345e+00 1.535971e+00 7.446043e-01 1.510791e-01
40581: 1.573477e+00 1.530466e+00 7.419355e-01 1.541219e-01
40581: 1.567857e+00 1.535714e+00 7.428571e-01 1.535714e-01
40581: 1.572954e+00 1.530249e+00 7.437722e-01 1.530249e-01
40581: 1.567376e+00 1.531915e+00 7.446809e-01 1.560284e-01
40581: 1.568905e+00 1.526502e+00 7.455830e-01 1.590106e-01
40581: 1.566901e+00 1.528169e+00 7.464789e-01 1.584507e-01
40581: 1.575439e+00 1.522807e+00 7.438596e-01 1.578947e-01
40581: 1.569930e+00 1.527972e+00 7.447552e-01 1.573427e-01
40581: 1.574913e+00 1.522648e+00 7.456446e-01 1.567944e-01
40581: 1.569444e+00 1.527778e+00 7.465278e-01 1.562500e-01
40581: 1.574394e+00 1.525952e+00 7.439446e-01 1.557093e-01
40581: 1.568966e+00 1.531034e+00 7.413793e-01 1.586207e-01
40581: 1.577320e+00 1.525773e+00 7.388316e-01 1.580756e-01
40581: 1.575342e+00 1.530822e+00 7.363014e-01 1.575342e-01
40581: 1.573379e+00 1.532423e+00 7.372014e-01 1.569966e-01
40581: 1.578231e+00 1.530612e+00 7.346939e-01 1.564626e-01
40581: 1.572881e+00 1.535593e+00 7.355932e-01 1.559322e-01
40581: 1.577703e+00 1.533784e+00 7.331081e-01 1.554054e-01
40581: 1.572391e+00 1.538721e+00 7.340067e-01 1.548822e-01
40581: 1.570470e+00 1.540268e+00 7.348993e-01 1.543624e-01
40581: 1.568562e+00 1.541806e+00 7.357860e-01 1.538462e-01
40581: 1.573333e+00 1.536667e+00 7.366667e-01 1.533333e-01
40581: 1.571429e+00 1.541528e+00 7.342193e-01 1.528239e-01
40581: 1.569536e+00 1.539735e+00 7.384106e-01 1.523179e-01
40581: 1.570957e+00 1.537954e+00 7.392739e-01 1.518152e-01
40581: 1.569079e+00 1.539474e+00 7.401316e-01 1.513158e-01
40581: 1.570492e+00 1.537705e+00 7.377049e-01 1.540984e-01
40581: 1.565359e+00 1.542484e+00 7.385621e-01 1.535948e-01
40581: 1.570033e+00 1.537459e+00 7.394137e-01 1.530945e-01
40581: 1.564935e+00 1.542208e+00 7.402597e-01 1.525974e-01
40581: 1.566343e+00 1.537217e+00 7.443366e-01 1.521036e-01
40581: 1.567742e+00 1.535484e+00 7.451613e-01 1.516129e-01
40581: 1.565916e+00 1.540193e+00 7.427653e-01 1.511254e-01
40581: 1.567308e+00 1.538462e+00 7.435897e-01 1.506410e-01
40581: 1.568690e+00 1.536741e+00 7.444089e-01 1.501597e-01
40581: 1.570064e+00 1.538217e+00 7.420382e-01 1.496815e-01
40581: 1.565079e+00 1.536508e+00 7.492063e-01 1.492063e-01
40581: 1.569620e+00 1.531646e+00 7.500000e-01 1.487342e-01
40581: 1.570978e+00 1.529968e+00 7.476341e-01 1.514196e-01
40581: 1.569182e+00 1.531447e+00 7.484277e-01 1.509434e-01
40581: 1.573668e+00 1.526646e+00 7.492163e-01 1.504702e-01
40581: 1.568750e+00 1.531250e+00 7.500000e-01 1.500000e-01
40581: 1.570093e+00 1.529595e+00 7.507788e-01 1.495327e-01
40581: 1.568323e+00 1.534161e+00 7.484472e-01 1.490683e-01
40581: 1.575851e+00 1.529412e+00 7.461300e-01 1.486068e-01
40581: 1.574074e+00 1.533951e+00 7.438272e-01 1.481481e-01
40581: 1.578462e+00 1.532308e+00 7.415385e-01 1.476923e-01
40581: 1.573620e+00 1.539877e+00 7.392638e-01 1.472393e-01
40581: 1.571865e+00 1.541284e+00 7.400612e-01 1.467890e-01
40581: 1.573171e+00 1.539634e+00 7.408537e-01 1.463415e-01
40581: 1.574468e+00 1.541033e+00 7.386018e-01 1.458967e-01
40581: 1.569697e+00 1.539394e+00 7.454545e-01 1.454545e-01
40581: 1.577039e+00 1.534743e+00 7.432024e-01 1.450151e-01
40581: 1.572289e+00 1.539157e+00 7.439759e-01 1.445783e-01
40581: 1.573574e+00 1.537538e+00 7.447447e-01 1.441441e-01
40581: 1.568862e+00 1.541916e+00 7.455090e-01 1.437126e-01
40581: 1.573134e+00 1.537313e+00 7.462687e-01 1.432836e-01
40581: 1.571429e+00 1.538690e+00 7.470238e-01 1.428571e-01
40581: 1.575668e+00 1.537092e+00 7.448071e-01 1.424332e-01
40581: 1.571006e+00 1.538462e+00 7.485207e-01 1.420118e-01
40581: 1.572271e+00 1.536873e+00 7.492625e-01 1.415929e-01
40581: 1.567647e+00 1.541176e+00 7.470588e-01 1.441176e-01
40581: 1.571848e+00 1.536657e+00 7.478006e-01 1.436950e-01
40581: 1.570175e+00 1.538012e+00 7.485380e-01 1.432749e-01
40581: 1.571429e+00 1.536443e+00 7.492711e-01 1.428571e-01
40581: 1.569767e+00 1.537791e+00 7.500000e-01 1.424419e-01
40581: 1.571014e+00 1.536232e+00 7.507246e-01 1.420290e-01
40581: 1.569364e+00 1.537572e+00 7.514451e-01 1.416185e-01
40581: 1.573487e+00 1.533141e+00 7.521614e-01 1.412104e-01
40581: 1.571839e+00 1.534483e+00 7.500000e-01 1.436782e-01
40581: 1.573066e+00 1.532951e+00 7.507163e-01 1.432665e-01
40581: 1.571429e+00 1.537143e+00 7.485714e-01 1.428571e-01
40581: 1.569801e+00 1.538462e+00 7.492877e-01 1.424501e-01
40581: 1.573864e+00 1.534091e+00 7.500000e-01 1.420455e-01
40581: 1.569405e+00 1.535411e+00 7.507082e-01 1.444759e-01
40581: 1.570621e+00 1.531073e+00 7.514124e-01 1.468927e-01
40581: 1.569014e+00 1.532394e+00 7.521127e-01 1.464789e-01
40581: 1.575843e+00 1.528090e+00 7.500000e-01 1.460674e-01
40581: 1.574230e+00 1.529412e+00 7.478992e-01 1.484594e-01
40581: 1.572626e+00 1.527933e+00 7.513966e-01 1.480447e-01
40581: 1.571031e+00 1.529248e+00 7.493036e-01 1.504178e-01
40581: 1.572222e+00 1.527778e+00 7.472222e-01 1.527778e-01
40581: 1.567867e+00 1.531856e+00 7.451524e-01 1.551247e-01
40581: 1.571823e+00 1.530387e+00 7.430939e-01 1.546961e-01
40581: 1.570248e+00 1.531680e+00 7.438017e-01 1.542700e-01
40581: 1.571429e+00 1.530220e+00 7.445055e-01 1.538462e-01
40581: 1.569863e+00 1.534247e+00 7.424658e-01 1.534247e-01
40581: 1.571038e+00 1.532787e+00 7.431694e-01 1.530055e-01
40581: 1.569482e+00 1.536785e+00 7.411444e-01 1.525886e-01
40581: 1.570652e+00 1.532609e+00 7.445652e-01 1.521739e-01
40581: 1.569106e+00 1.536585e+00 7.425474e-01 1.517615e-01
40581: 1.572973e+00 1.532432e+00 7.405405e-01 1.540541e-01
40581: 1.568733e+00 1.539084e+00 7.385445e-01 1.536388e-01
40581: 1.572581e+00 1.534946e+00 7.392473e-01 1.532258e-01
40581: 1.573727e+00 1.536193e+00 7.372654e-01 1.528150e-01
40581: 1.574866e+00 1.534759e+00 7.379679e-01 1.524064e-01
40581: 1.570667e+00 1.536000e+00 7.413333e-01 1.520000e-01
40581: 1.571809e+00 1.534574e+00 7.420213e-01 1.515957e-01
40581: 1.567639e+00 1.538462e+00 7.427056e-01 1.511936e-01
40581: 1.571429e+00 1.534392e+00 7.433862e-01 1.507937e-01
40581: 1.567282e+00 1.538259e+00 7.440633e-01 1.503958e-01
40581: 1.571053e+00 1.534211e+00 7.447368e-01 1.500000e-01
40581: 1.566929e+00 1.538058e+00 7.454068e-01 1.496063e-01
40581: 1.568063e+00 1.534031e+00 7.460733e-01 1.518325e-01
40581: 1.569191e+00 1.532637e+00 7.467363e-01 1.514360e-01
40581: 1.567708e+00 1.533854e+00 7.473958e-01 1.510417e-01
40581: 1.571429e+00 1.529870e+00 7.454545e-01 1.532468e-01
40581: 1.567358e+00 1.533679e+00 7.461140e-01 1.528497e-01
40581: 1.571059e+00 1.529716e+00 7.467700e-01 1.524548e-01
40581: 1.569588e+00 1.533505e+00 7.448454e-01 1.520619e-01
40581: 1.570694e+00 1.532134e+00 7.455013e-01 1.516710e-01
40581: 1.566667e+00 1.535897e+00 7.461538e-01 1.512821e-01
40581: 1.570332e+00 1.534527e+00 7.442455e-01 1.508951e-01
40581: 1.566327e+00 1.535714e+00 7.448980e-01 1.530612e-01
40581: 1.567430e+00 1.536896e+00 7.430025e-01 1.526718e-01
40581: 1.565990e+00 1.535533e+00 7.461929e-01 1.522843e-01
40581: 1.569620e+00 1.531646e+00 7.468354e-01 1.518987e-01
40581: 1.570707e+00 1.530303e+00 7.474747e-01 1.515152e-01
40581: 1.569270e+00 1.531486e+00 7.455919e-01 1.536524e-01
40581: 1.570352e+00 1.530151e+00 7.437186e-01 1.557789e-01
40581: 1.568922e+00 1.531328e+00 7.443609e-01 1.553885e-01
40581: 1.572500e+00 1.530000e+00 7.425000e-01 1.550000e-01
40581: 1.571072e+00 1.531172e+00 7.431421e-01 1.546135e-01
40581: 1.569652e+00 1.529851e+00 7.437811e-01 1.567164e-01
40581: 1.570720e+00 1.528536e+00 7.419355e-01 1.588089e-01
40581: 1.569307e+00 1.529703e+00 7.425743e-01 1.584158e-01
40581: 1.572840e+00 1.528395e+00 7.407407e-01 1.580247e-01
40581: 1.571429e+00 1.529557e+00 7.413793e-01 1.576355e-01
40581: 1.570025e+00 1.528256e+00 7.444717e-01 1.572482e-01
40581: 1.571078e+00 1.529412e+00 7.426471e-01 1.568627e-01
40581: 1.567237e+00 1.528117e+00 7.481663e-01 1.564792e-01
40581: 1.573171e+00 1.524390e+00 7.463415e-01 1.560976e-01
40581: 1.574209e+00 1.525547e+00 7.445255e-01 1.557178e-01
40581: 1.572816e+00 1.524272e+00 7.475728e-01 1.553398e-01
40581: 1.571429e+00 1.525424e+00 7.481840e-01 1.549637e-01
40581: 1.572464e+00 1.524155e+00 7.487923e-01 1.545894e-01
40581: 1.571084e+00 1.525301e+00 7.493976e-01 1.542169e-01
40581: 1.569712e+00 1.524038e+00 7.524038e-01 1.538462e-01
40581: 1.573141e+00 1.522782e+00 7.505995e-01 1.534772e-01
40581: 1.569378e+00 1.523923e+00 7.511962e-01 1.555024e-01
40581: 1.572792e+00 1.520286e+00 7.517900e-01 1.551313e-01
40581: 1.569048e+00 1.521429e+00 7.523810e-01 1.571429e-01
40581: 1.572447e+00 1.520190e+00 7.505938e-01 1.567696e-01
40581: 1.568720e+00 1.523697e+00 7.488152e-01 1.587678e-01
40581: 1.569740e+00 1.522459e+00 7.494090e-01 1.583924e-01
40581: 1.570755e+00 1.521226e+00 7.500000e-01 1.580189e-01
40581: 1.569412e+00 1.524706e+00 7.482353e-01 1.576471e-01
40581: 1.572770e+00 1.523474e+00 7.464789e-01 1.572770e-01
40581: 1.573770e+00 1.524590e+00 7.447307e-01 1.569087e-01
40581: 1.570093e+00 1.525701e+00 7.476636e-01 1.565421e-01
40581: 1.568765e+00 1.526807e+00 7.482517e-01 1.561772e-01
40581: 1.572093e+00 1.523256e+00 7.488372e-01 1.558140e-01
40581: 1.570766e+00 1.526682e+00 7.470998e-01 1.554524e-01
40581: 1.569444e+00 1.527778e+00 7.476852e-01 1.550926e-01
40581: 1.572748e+00 1.526559e+00 7.459584e-01 1.547344e-01
40581: 1.569124e+00 1.532258e+00 7.442396e-01 1.543779e-01
40581: 1.570115e+00 1.528736e+00 7.448276e-01 1.563218e-01
40581: 1.566514e+00 1.532110e+00 7.454128e-01 1.559633e-01
40581: 1.567506e+00 1.533181e+00 7.437071e-01 1.556064e-01
40581: 1.566210e+00 1.531963e+00 7.465753e-01 1.552511e-01
40581: 1.571754e+00 1.528474e+00 7.448747e-01 1.548975e-01
40581: 1.568182e+00 1.534091e+00 7.431818e-01 1.545455e-01
40581: 1.569161e+00 1.532880e+00 7.437642e-01 1.541950e-01
40581: 1.567873e+00 1.533937e+00 7.443439e-01 1.538462e-01
40581: 1.571106e+00 1.530474e+00 7.449210e-01 1.534989e-01
40581: 1.569820e+00 1.531532e+00 7.454955e-01 1.531532e-01
40581: 1.573034e+00 1.528090e+00 7.460674e-01 1.528090e-01
40581: 1.571749e+00 1.531390e+00 7.443946e-01 1.524664e-01
40581: 1.570470e+00 1.534676e+00 7.427293e-01 1.521253e-01
40581: 1.569196e+00 1.535714e+00 7.433036e-01 1.517857e-01
40581: 1.572383e+00 1.534521e+00 7.416481e-01 1.514477e-01
40581: 1.571111e+00 1.535556e+00 7.400000e-01 1.533333e-01
40581: 1.572062e+00 1.534368e+00 7.405765e-01 1.529933e-01
40581: 1.570796e+00 1.535398e+00 7.389381e-01 1.548673e-01
40581: 1.571744e+00 1.534216e+00 7.373068e-01 1.567329e-01
40581: 1.570485e+00 1.537445e+00 7.356828e-01 1.563877e-01
40581: 1.571429e+00 1.538462e+00 7.340659e-01 1.560440e-01
40581: 1.570175e+00 1.537281e+00 7.368421e-01 1.557018e-01
40581: 1.571116e+00 1.536105e+00 7.374179e-01 1.553611e-01
40581: 1.569869e+00 1.537118e+00 7.379913e-01 1.550218e-01
40581: 1.570806e+00 1.535948e+00 7.385621e-01 1.546841e-01
40581: 1.567391e+00 1.536957e+00 7.413043e-01 1.543478e-01
40581: 1.568330e+00 1.537961e+00 7.396963e-01 1.540130e-01
40581: 1.567100e+00 1.538961e+00 7.402597e-01 1.536797e-01
40581: 1.568035e+00 1.537797e+00 7.408207e-01 1.533477e-01
40581: 1.568966e+00 1.538793e+00 7.392241e-01 1.530172e-01
40581: 1.569892e+00 1.535484e+00 7.419355e-01 1.526882e-01
40581: 1.570815e+00 1.534335e+00 7.424893e-01 1.523605e-01
40581: 1.569593e+00 1.535332e+00 7.430407e-01 1.520343e-01
40581: 1.570513e+00 1.532051e+00 7.435897e-01 1.538462e-01
40581: 1.569296e+00 1.533049e+00 7.420043e-01 1.556503e-01
40581: 1.570213e+00 1.534043e+00 7.404255e-01 1.553191e-01
40581: 1.566879e+00 1.532909e+00 7.452229e-01 1.549894e-01
40581: 1.572034e+00 1.529661e+00 7.436441e-01 1.546610e-01
40581: 1.570825e+00 1.530655e+00 7.420719e-01 1.564482e-01
40581: 1.569620e+00 1.531646e+00 7.426160e-01 1.561181e-01
40581: 1.572632e+00 1.528421e+00 7.431579e-01 1.557895e-01
40581: 1.571429e+00 1.529412e+00 7.436975e-01 1.554622e-01
40581: 1.572327e+00 1.528302e+00 7.442348e-01 1.551363e-01
40581: 1.569038e+00 1.531381e+00 7.447699e-01 1.548117e-01
40581: 1.572025e+00 1.530271e+00 7.432150e-01 1.544885e-01
40581: 1.572917e+00 1.531250e+00 7.416667e-01 1.541667e-01
40581: 1.571726e+00 1.532225e+00 7.422037e-01 1.538462e-01
40581: 1.570539e+00 1.531120e+00 7.448133e-01 1.535270e-01
40581: 1.573499e+00 1.530021e+00 7.432712e-01 1.532091e-01
40581: 1.570248e+00 1.530992e+00 7.438017e-01 1.549587e-01
40581: 1.571134e+00 1.531959e+00 7.422680e-01 1.546392e-01
40581: 1.569959e+00 1.530864e+00 7.448560e-01 1.543210e-01
40581: 1.570842e+00 1.529774e+00 7.433265e-01 1.560575e-01
40581: 1.569672e+00 1.532787e+00 7.418033e-01 1.557377e-01
40581: 1.570552e+00 1.531697e+00 7.423313e-01 1.554192e-01
40581: 1.571429e+00 1.532653e+00 7.408163e-01 1.551020e-01
40581: 1.570265e+00 1.531568e+00 7.413442e-01 1.568228e-01
40581: 1.569106e+00 1.534553e+00 7.398374e-01 1.565041e-01
40581: 1.569980e+00 1.531440e+00 7.423935e-01 1.561866e-01
40581: 1.570850e+00 1.532389e+00 7.408907e-01 1.558704e-01
40581: 1.567677e+00 1.531313e+00 7.454545e-01 1.555556e-01
40581: 1.568548e+00 1.532258e+00 7.439516e-01 1.552419e-01
40581: 1.567404e+00 1.531187e+00 7.464789e-01 1.549296e-01
40581: 1.568273e+00 1.530120e+00 7.469880e-01 1.546185e-01
40581: 1.569138e+00 1.531062e+00 7.454910e-01 1.543086e-01
40581: 1.570000e+00 1.528000e+00 7.480000e-01 1.540000e-01
40581: 1.568862e+00 1.528942e+00 7.465070e-01 1.556886e-01
40581: 1.569721e+00 1.525896e+00 7.490040e-01 1.553785e-01
40581: 1.570577e+00 1.526839e+00 7.475149e-01 1.550696e-01
40581: 1.567460e+00 1.525794e+00 7.519841e-01 1.547619e-01
40581: 1.568317e+00 1.524752e+00 7.524752e-01 1.544554e-01
40581: 1.569170e+00 1.525692e+00 7.509881e-01 1.541502e-01
40581: 1.568047e+00 1.526627e+00 7.514793e-01 1.538462e-01
40581: 1.570866e+00 1.523622e+00 7.519685e-01 1.535433e-01
40581: 1.569745e+00 1.524558e+00 7.524558e-01 1.532417e-01
40581: 1.572549e+00 1.521569e+00 7.529412e-01 1.529412e-01
40581: 1.569472e+00 1.526419e+00 7.514677e-01 1.526419e-01
40581: 1.572266e+00 1.525391e+00 7.500000e-01 1.523438e-01
40581: 1.569201e+00 1.528265e+00 7.504873e-01 1.520468e-01
40581: 1.571984e+00 1.527237e+00 7.490272e-01 1.517510e-01
40581: 1.568932e+00 1.528155e+00 7.495146e-01 1.533981e-01
40581: 1.571705e+00 1.525194e+00 7.480620e-01 1.550388e-01
40581: 1.570600e+00 1.528046e+00 7.466151e-01 1.547389e-01
40581: 1.571429e+00 1.527027e+00 7.471042e-01 1.544402e-01
40581: 1.568401e+00 1.529865e+00 7.475915e-01 1.541426e-01
40581: 1.573077e+00 1.526923e+00 7.461538e-01 1.538462e-01
40581: 1.570058e+00 1.527831e+00 7.466411e-01 1.554702e-01
40581: 1.568966e+00 1.528736e+00 7.471264e-01 1.551724e-01
40581: 1.569790e+00 1.525813e+00 7.495220e-01 1.548757e-01
40581: 1.570611e+00 1.524809e+00 7.500000e-01 1.545802e-01
40581: 1.569524e+00 1.525714e+00 7.504762e-01 1.542857e-01
40581: 1.574144e+00 1.522814e+00 7.490494e-01 1.539924e-01
40581: 1.571157e+00 1.527514e+00 7.476281e-01 1.537002e-01
40581: 1.571970e+00 1.526515e+00 7.481061e-01 1.534091e-01
40581: 1.568998e+00 1.527410e+00 7.504726e-01 1.531191e-01
40581: 1.569811e+00 1.524528e+00 7.528302e-01 1.528302e-01
40581: 1.570621e+00 1.523540e+00 7.532957e-01 1.525424e-01
40581: 1.569549e+00 1.524436e+00 7.537594e-01 1.522556e-01
40581: 1.572233e+00 1.523452e+00 7.523452e-01 1.519700e-01
40581: 1.571161e+00 1.526217e+00 7.509363e-01 1.516854e-01
40581: 1.570093e+00 1.525234e+00 7.532710e-01 1.514019e-01
40581: 1.570896e+00 1.526119e+00 7.518657e-01 1.511194e-01
40581: 1.567970e+00 1.525140e+00 7.560521e-01 1.508380e-01
40581: 1.572491e+00 1.522305e+00 7.546468e-01 1.505576e-01
40581: 1.569573e+00 1.525046e+00 7.551020e-01 1.502783e-01
40581: 1.572222e+00 1.524074e+00 7.537037e-01 1.500000e-01
40581: 1.569316e+00 1.526802e+00 7.523105e-01 1.515712e-01
40581: 1.570111e+00 1.523985e+00 7.546125e-01 1.512915e-01
40581: 1.570902e+00 1.524862e+00 7.532228e-01 1.510129e-01
40581: 1.569853e+00 1.523897e+00 7.555147e-01 1.507353e-01
40581: 1.570642e+00 1.522936e+00 7.559633e-01 1.504587e-01
40581: 1.569597e+00 1.523810e+00 7.564103e-01 1.501832e-01
40581: 1.574040e+00 1.521024e+00 7.550274e-01 1.499086e-01
40581: 1.571168e+00 1.525547e+00 7.536496e-01 1.496350e-01
40581: 1.573770e+00 1.524590e+00 7.522769e-01 1.493625e-01
40581: 1.572727e+00 1.527273e+00 7.509091e-01 1.490909e-01
40581: 1.573503e+00 1.528131e+00 7.495463e-01 1.488203e-01
40581: 1.570652e+00 1.530797e+00 7.500000e-01 1.485507e-01
40581: 1.573237e+00 1.529837e+00 7.486438e-01 1.482821e-01
40581: 1.572202e+00 1.532491e+00 7.472924e-01 1.480144e-01
40581: 1.572973e+00 1.533333e+00 7.459459e-01 1.477477e-01
40581: 1.571942e+00 1.532374e+00 7.464029e-01 1.492806e-01
40581: 1.570916e+00 1.533214e+00 7.468582e-01 1.490126e-01
40581: 1.571685e+00 1.532258e+00 7.455197e-01 1.505376e-01
40581: 1.568873e+00 1.533095e+00 7.477639e-01 1.502683e-01
40581: 1.569643e+00 1.530357e+00 7.500000e-01 1.500000e-01
40581: 1.570410e+00 1.529412e+00 7.504456e-01 1.497326e-01
40581: 1.569395e+00 1.530249e+00 7.508897e-01 1.494662e-01
40581: 1.570160e+00 1.531083e+00 7.495560e-01 1.492007e-01
40581: 1.570922e+00 1.530142e+00 7.500000e-01 1.489362e-01
40581: 1.571681e+00 1.530973e+00 7.486726e-01 1.486726e-01
40581: 1.570671e+00 1.531802e+00 7.491166e-01 1.484099e-01
40581: 1.571429e+00 1.530864e+00 7.495591e-01 1.481481e-01
40581: 1.568662e+00 1.533451e+00 7.500000e-01 1.478873e-01
40581: 1.569420e+00 1.532513e+00 7.504394e-01 1.476274e-01
40581: 1.571930e+00 1.531579e+00 7.491228e-01 1.473684e-01
40581: 1.569177e+00 1.534151e+00 7.478109e-01 1.488616e-01
40581: 1.571678e+00 1.531469e+00 7.482517e-01 1.486014e-01
40581: 1.572426e+00 1.532286e+00 7.469459e-01 1.483421e-01
40581: 1.571429e+00 1.531359e+00 7.491289e-01 1.480836e-01
40581: 1.570435e+00 1.530435e+00 7.513043e-01 1.478261e-01
40581: 1.571181e+00 1.529514e+00 7.517361e-01 1.475694e-01
40581: 1.570191e+00 1.530329e+00 7.521664e-01 1.473137e-01
40581: 1.569204e+00 1.531142e+00 7.525952e-01 1.470588e-01
40581: 1.569948e+00 1.530225e+00 7.512953e-01 1.485320e-01
40581: 1.568966e+00 1.529310e+00 7.534483e-01 1.482759e-01
40581: 1.569707e+00 1.526678e+00 7.555938e-01 1.480207e-01
40581: 1.570447e+00 1.525773e+00 7.560137e-01 1.477663e-01
40581: 1.569468e+00 1.526587e+00 7.564322e-01 1.475129e-01
40581: 1.571918e+00 1.525685e+00 7.551370e-01 1.472603e-01
40581: 1.570940e+00 1.526496e+00 7.538462e-01 1.487179e-01
40581: 1.571672e+00 1.525597e+00 7.542662e-01 1.484642e-01
40581: 1.572402e+00 1.526405e+00 7.529813e-01 1.482112e-01
40581: 1.569728e+00 1.525510e+00 7.568027e-01 1.479592e-01
40581: 1.572156e+00 1.522920e+00 7.572156e-01 1.477080e-01
40581: 1.571186e+00 1.523729e+00 7.576271e-01 1.474576e-01
40581: 1.571912e+00 1.524535e+00 7.563452e-01 1.472081e-01
40581: 1.570946e+00 1.523649e+00 7.584459e-01 1.469595e-01
40581: 1.571669e+00 1.524452e+00 7.571669e-01 1.467116e-01
40581: 1.569024e+00 1.525253e+00 7.592593e-01 1.464646e-01
40581: 1.573109e+00 1.522689e+00 7.579832e-01 1.462185e-01
40581: 1.570470e+00 1.525168e+00 7.583893e-01 1.459732e-01
40581: 1.569514e+00 1.527638e+00 7.571189e-01 1.457286e-01
40581: 1.571906e+00 1.525084e+00 7.558528e-01 1.471572e-01
40581: 1.572621e+00 1.525876e+00 7.545910e-01 1.469115e-01
40581: 1.571667e+00 1.525000e+00 7.566667e-01 1.466667e-01
40581: 1.572379e+00 1.524126e+00 7.570715e-01 1.464226e-01
40581: 1.569767e+00 1.526578e+00 7.574751e-01 1.461794e-01
40581: 1.572139e+00 1.524046e+00 7.578773e-01 1.459370e-01
40581: 1.571192e+00 1.526490e+00 7.566225e-01 1.456954e-01
40581: 1.571901e+00 1.527273e+00 7.553719e-01 1.454545e-01
40581: 1.569307e+00 1.526403e+00 7.590759e-01 1.452145e-01
40581: 1.570016e+00 1.523888e+00 7.611203e-01 1.449753e-01
40581: 1.569079e+00 1.524671e+00 7.615132e-01 1.447368e-01
40581: 1.569787e+00 1.523810e+00 7.619048e-01 1.444992e-01
40581: 1.568852e+00 1.524590e+00 7.622951e-01 1.442623e-01
40581: 1.571195e+00 1.522095e+00 7.626841e-01 1.440262e-01
40581: 1.571895e+00 1.522876e+00 7.614379e-01 1.437908e-01
40581: 1.570962e+00 1.522023e+00 7.634584e-01 1.435563e-01
40581: 1.570033e+00 1.521173e+00 7.654723e-01 1.433225e-01
40581: 1.570732e+00 1.521951e+00 7.642276e-01 1.430894e-01
40581: 1.568182e+00 1.521104e+00 7.678571e-01 1.428571e-01
40581: 1.570502e+00 1.520259e+00 7.666126e-01 1.426256e-01
40581: 1.569579e+00 1.521036e+00 7.653722e-01 1.440129e-01
40581: 1.570275e+00 1.520194e+00 7.657512e-01 1.437803e-01
40581: 1.569355e+00 1.520968e+00 7.661290e-01 1.435484e-01
40581: 1.571659e+00 1.518519e+00 7.665056e-01 1.433172e-01
40581: 1.569132e+00 1.519293e+00 7.684887e-01 1.430868e-01
40581: 1.569823e+00 1.520064e+00 7.672552e-01 1.428571e-01
40581: 1.568910e+00 1.519231e+00 7.676282e-01 1.442308e-01
40581: 1.571200e+00 1.518400e+00 7.664000e-01 1.440000e-01
40581: 1.568690e+00 1.522364e+00 7.651757e-01 1.437700e-01
40581: 1.570973e+00 1.519936e+00 7.655502e-01 1.435407e-01
40581: 1.568471e+00 1.520701e+00 7.659236e-01 1.449045e-01
40581: 1.569157e+00 1.518283e+00 7.678855e-01 1.446741e-01
40581: 1.569841e+00 1.517460e+00 7.682540e-01 1.444444e-01
40581: 1.568938e+00 1.518225e+00 7.686212e-01 1.442155e-01
40581: 1.571203e+00 1.517405e+00 7.674051e-01 1.439873e-01
40581: 1.568720e+00 1.519747e+00 7.677725e-01 1.437599e-01
40581: 1.569401e+00 1.518927e+00 7.681388e-01 1.435331e-01
40581: 1.568504e+00 1.518110e+00 7.700787e-01 1.433071e-01
40581: 1.569182e+00 1.517296e+00 7.704403e-01 1.430818e-01
40581: 1.569859e+00 1.518053e+00 7.692308e-01 1.428571e-01
40581: 1.570533e+00 1.515674e+00 7.711599e-01 1.426332e-01
40581: 1.568075e+00 1.517997e+00 7.715180e-01 1.424100e-01
40581: 1.568750e+00 1.515625e+00 7.734375e-01 1.421875e-01
40581: 1.569423e+00 1.516381e+00 7.722309e-01 1.419657e-01
40581: 1.570093e+00 1.515576e+00 7.725857e-01 1.417445e-01
40581: 1.570762e+00 1.516330e+00 7.713841e-01 1.415241e-01
40581: 1.571429e+00 1.515528e+00 7.717391e-01 1.413043e-01
40581: 1.570543e+00 1.516279e+00 7.720930e-01 1.410853e-01
40581: 1.569659e+00 1.515480e+00 7.739938e-01 1.408669e-01
40581: 1.571870e+00 1.513138e+00 7.743431e-01 1.406491e-01
40581: 1.570988e+00 1.515432e+00 7.731481e-01 1.404321e-01
40581: 1.571649e+00 1.514638e+00 7.719569e-01 1.417565e-01
40581: 1.572308e+00 1.515385e+00 7.707692e-01 1.415385e-01
40581: 1.572965e+00 1.514593e+00 7.711214e-01 1.413210e-01
40581: 1.570552e+00 1.516871e+00 7.714724e-01 1.411043e-01
40581: 1.569678e+00 1.517611e+00 7.718224e-01 1.408882e-01
40581: 1.570336e+00 1.516820e+00 7.721713e-01 1.406728e-01
40581: 1.567939e+00 1.517557e+00 7.740458e-01 1.404580e-01
40581: 1.568598e+00 1.516768e+00 7.743902e-01 1.402439e-01
40581: 1.567732e+00 1.517504e+00 7.747336e-01 1.400304e-01
40581: 1.569909e+00 1.516717e+00 7.735562e-01 1.398176e-01
40581: 1.569044e+00 1.517451e+00 7.738998e-01 1.396055e-01
40581: 1.571212e+00 1.515152e+00 7.742424e-01 1.393939e-01
40581: 1.568835e+00 1.517398e+00 7.745840e-01 1.391831e-01
40581: 1.569486e+00 1.516616e+00 7.749245e-01 1.389728e-01
40581: 1.570136e+00 1.517345e+00 7.737557e-01 1.387632e-01
40581: 1.567771e+00 1.519578e+00 7.740964e-01 1.385542e-01
40581: 1.568421e+00 1.518797e+00 7.744361e-01 1.383459e-01
40581: 1.569069e+00 1.518018e+00 7.747748e-01 1.381381e-01
40581: 1.568216e+00 1.517241e+00 7.751124e-01 1.394303e-01
40581: 1.570359e+00 1.514970e+00 7.739521e-01 1.407186e-01
40581: 1.569507e+00 1.517190e+00 7.727952e-01 1.405082e-01
40581: 1.570149e+00 1.516418e+00 7.731343e-01 1.402985e-01
40581: 1.567809e+00 1.518629e+00 7.734724e-01 1.400894e-01
40581: 1.568452e+00 1.516369e+00 7.738095e-01 1.413690e-01
40581: 1.569094e+00 1.515602e+00 7.726597e-01 1.426449e-01
40581: 1.568249e+00 1.516320e+00 7.729970e-01 1.424332e-01
40581: 1.570370e+00 1.514074e+00 7.733333e-01 1.422222e-01
40581: 1.568047e+00 1.514793e+00 7.736686e-01 1.434911e-01
40581: 1.571640e+00 1.512555e+00 7.725258e-01 1.432792e-01
40581: 1.572271e+00 1.513274e+00 7.713864e-01 1.430678e-01
40581: 1.569956e+00 1.515464e+00 7.717231e-01 1.428571e-01
40581: 1.570588e+00 1.514706e+00 7.720588e-01 1.426471e-01
40581: 1.568282e+00 1.518355e+00 7.709251e-01 1.424376e-01
40581: 1.568915e+00 1.517595e+00 7.712610e-01 1.422287e-01
40581: 1.568082e+00 1.518302e+00 7.715959e-01 1.420205e-01
40581: 1.570175e+00 1.516082e+00 7.704678e-01 1.432749e-01
40581: 1.567883e+00 1.518248e+00 7.708029e-01 1.430657e-01
40581: 1.571429e+00 1.516035e+00 7.696793e-01 1.428571e-01
40581: 1.570597e+00 1.518195e+00 7.685590e-01 1.426492e-01
40581: 1.569767e+00 1.517442e+00 7.688953e-01 1.438953e-01
40581: 1.573295e+00 1.515239e+00 7.677794e-01 1.436865e-01
40581: 1.571014e+00 1.517391e+00 7.666667e-01 1.449275e-01
40581: 1.571635e+00 1.518090e+00 7.655572e-01 1.447178e-01
40581: 1.572254e+00 1.517341e+00 7.658960e-01 1.445087e-01
40581: 1.571429e+00 1.519481e+00 7.647908e-01 1.443001e-01
40581: 1.572046e+00 1.518732e+00 7.651297e-01 1.440922e-01
40581: 1.571223e+00 1.520863e+00 7.640288e-01 1.438849e-01
40581: 1.570402e+00 1.520115e+00 7.658046e-01 1.436782e-01
40581: 1.569584e+00 1.522238e+00 7.647059e-01 1.434720e-01
40581: 1.571633e+00 1.521490e+00 7.636103e-01 1.432665e-01
40581: 1.572246e+00 1.522175e+00 7.625179e-01 1.430615e-01
40581: 1.571429e+00 1.522857e+00 7.628571e-01 1.428571e-01
40581: 1.570613e+00 1.523538e+00 7.631954e-01 1.426534e-01
40581: 1.571225e+00 1.524217e+00 7.621083e-01 1.424501e-01
40581: 1.570413e+00 1.524893e+00 7.624467e-01 1.422475e-01
40581: 1.572443e+00 1.524148e+00 7.613636e-01 1.420455e-01
40581: 1.571631e+00 1.526241e+00 7.602837e-01 1.418440e-01
40581: 1.570822e+00 1.526912e+00 7.606232e-01 1.416431e-01
40581: 1.571429e+00 1.526167e+00 7.609618e-01 1.414427e-01
40581: 1.569209e+00 1.528249e+00 7.612994e-01 1.412429e-01
40581: 1.569817e+00 1.527504e+00 7.616361e-01 1.410437e-01
40581: 1.570423e+00 1.526761e+00 7.605634e-01 1.422535e-01
40581: 1.569620e+00 1.527426e+00 7.609001e-01 1.420534e-01
40581: 1.571629e+00 1.525281e+00 7.612360e-01 1.418539e-01
40581: 1.569425e+00 1.525947e+00 7.629734e-01 1.416550e-01
40581: 1.570028e+00 1.526611e+00 7.619048e-01 1.414566e-01
40581: 1.567832e+00 1.525874e+00 7.650350e-01 1.412587e-01
40581: 1.569832e+00 1.523743e+00 7.653631e-01 1.410615e-01
40581: 1.570432e+00 1.524407e+00 7.642957e-01 1.408647e-01
40581: 1.569638e+00 1.523677e+00 7.660167e-01 1.406685e-01
40581: 1.573018e+00 1.521558e+00 7.649513e-01 1.404729e-01
40581: 1.572222e+00 1.523611e+00 7.638889e-01 1.402778e-01
40581: 1.572816e+00 1.522885e+00 7.642164e-01 1.400832e-01
40581: 1.572022e+00 1.523546e+00 7.645429e-01 1.398892e-01
40581: 1.571231e+00 1.522822e+00 7.662517e-01 1.396957e-01
40581: 1.573204e+00 1.522099e+00 7.651934e-01 1.395028e-01
40581: 1.572414e+00 1.522759e+00 7.655172e-01 1.393103e-01
40581: 1.573003e+00 1.523416e+00 7.644628e-01 1.391185e-01
40581: 1.572215e+00 1.522696e+00 7.661623e-01 1.389271e-01
40581: 1.571429e+00 1.523352e+00 7.664835e-01 1.387363e-01
40581: 1.570645e+00 1.524005e+00 7.654321e-01 1.399177e-01
40581: 1.571233e+00 1.523288e+00 7.657534e-01 1.397260e-01
40581: 1.571819e+00 1.523940e+00 7.647059e-01 1.395349e-01
40581: 1.572404e+00 1.523224e+00 7.650273e-01 1.393443e-01
40581: 1.571623e+00 1.523874e+00 7.653479e-01 1.391542e-01
40581: 1.572207e+00 1.524523e+00 7.643052e-01 1.389646e-01
40581: 1.570068e+00 1.523810e+00 7.673469e-01 1.387755e-01
40581: 1.569293e+00 1.524457e+00 7.676630e-01 1.385870e-01
40581: 1.571235e+00 1.523745e+00 7.666214e-01 1.383989e-01
40581: 1.571816e+00 1.524390e+00 7.655827e-01 1.382114e-01
40581: 1.571042e+00 1.525034e+00 7.658999e-01 1.380244e-01
40581: 1.570270e+00 1.525676e+00 7.662162e-01 1.378378e-01
40581: 1.570850e+00 1.524966e+00 7.665317e-01 1.376518e-01
40581: 1.568733e+00 1.526954e+00 7.668464e-01 1.374663e-01
40581: 1.570659e+00 1.524899e+00 7.671602e-01 1.372813e-01
40581: 1.568548e+00 1.526882e+00 7.674731e-01 1.370968e-01
40581: 1.569128e+00 1.524832e+00 7.691275e-01 1.369128e-01
40581: 1.568365e+00 1.525469e+00 7.694370e-01 1.367292e-01
40581: 1.568942e+00 1.524766e+00 7.684070e-01 1.378849e-01
40581: 1.568182e+00 1.525401e+00 7.687166e-01 1.377005e-01
40581: 1.568758e+00 1.524700e+00 7.690254e-01 1.375167e-01
40581: 1.570667e+00 1.524000e+00 7.680000e-01 1.373333e-01
40581: 1.568575e+00 1.525965e+00 7.683089e-01 1.371505e-01
40581: 1.571809e+00 1.523936e+00 7.672872e-01 1.369681e-01
40581: 1.571049e+00 1.525896e+00 7.662683e-01 1.367862e-01
40581: 1.571618e+00 1.525199e+00 7.665782e-01 1.366048e-01
40581: 1.569536e+00 1.527152e+00 7.655629e-01 1.377483e-01
40581: 1.570106e+00 1.525132e+00 7.671958e-01 1.375661e-01
40581: 1.569353e+00 1.525760e+00 7.675033e-01 1.373844e-01
40581: 1.569921e+00 1.525066e+00 7.678100e-01 1.372032e-01
40581: 1.570487e+00 1.525692e+00 7.667984e-01 1.370224e-01
40581: 1.569737e+00 1.525000e+00 7.684211e-01 1.368421e-01
40581: 1.571616e+00 1.522996e+00 7.687254e-01 1.366623e-01
40581: 1.570866e+00 1.523622e+00 7.690289e-01 1.364829e-01
40581: 1.572739e+00 1.522936e+00 7.680210e-01 1.363041e-01
40581: 1.570681e+00 1.524869e+00 7.683246e-01 1.361257e-01
40581: 1.571242e+00 1.524183e+00 7.686275e-01 1.359477e-01
40581: 1.569191e+00 1.526110e+00 7.689295e-01 1.357702e-01
40581: 1.571056e+00 1.525424e+00 7.679270e-01 1.355932e-01
40581: 1.570312e+00 1.527344e+00 7.669271e-01 1.354167e-01
40581: 1.569571e+00 1.526658e+00 7.685306e-01 1.352406e-01
40581: 1.570130e+00 1.524675e+00 7.688312e-01 1.363636e-01
40581: 1.570687e+00 1.525292e+00 7.678340e-01 1.361868e-01
40581: 1.568653e+00 1.527202e+00 7.681347e-01 1.360104e-01
40581: 1.571798e+00 1.525226e+00 7.671410e-01 1.358344e-01
40581: 1.572351e+00 1.525840e+00 7.661499e-01 1.356589e-01
40581: 1.571613e+00 1.526452e+00 7.664516e-01 1.354839e-01
40581: 1.572165e+00 1.525773e+00 7.654639e-01 1.365979e-01
40581: 1.571429e+00 1.527671e+00 7.644788e-01 1.364221e-01
40581: 1.571979e+00 1.528278e+00 7.634961e-01 1.362468e-01
40581: 1.571245e+00 1.528883e+00 7.637997e-01 1.360719e-01
40581: 1.571795e+00 1.528205e+00 7.628205e-01 1.371795e-01
40581: 1.571063e+00 1.530090e+00 7.618438e-01 1.370038e-01
40581: 1.571611e+00 1.529412e+00 7.621483e-01 1.368286e-01
40581: 1.569604e+00 1.531290e+00 7.624521e-01 1.366539e-01
40581: 1.571429e+00 1.530612e+00 7.614796e-01 1.364796e-01
40581: 1.569427e+00 1.531210e+00 7.617834e-01 1.375796e-01
40581: 1.569975e+00 1.530534e+00 7.620865e-01 1.374046e-01
40581: 1.571792e+00 1.529860e+00 7.611182e-01 1.372300e-01
40581: 1.569797e+00 1.531726e+00 7.614213e-01 1.370558e-01
40581: 1.570342e+00 1.531052e+00 7.617237e-01 1.368821e-01
40581: 1.569620e+00 1.531646e+00 7.620253e-01 1.367089e-01
40581: 1.570164e+00 1.529709e+00 7.623262e-01 1.378003e-01
40581: 1.568182e+00 1.530303e+00 7.638889e-01 1.376263e-01
40581: 1.569987e+00 1.528373e+00 7.629256e-01 1.387137e-01
40581: 1.570529e+00 1.528967e+00 7.619647e-01 1.385390e-01
40581: 1.569811e+00 1.529560e+00 7.622642e-01 1.383648e-01
40581: 1.570352e+00 1.528894e+00 7.625628e-01 1.381910e-01
40581: 1.569636e+00 1.529486e+00 7.628607e-01 1.380176e-01
40581: 1.571429e+00 1.528822e+00 7.619048e-01 1.378446e-01
40581: 1.569462e+00 1.529412e+00 7.622028e-01 1.389237e-01
40581: 1.570000e+00 1.530000e+00 7.612500e-01 1.387500e-01
40581: 1.569288e+00 1.529338e+00 7.627965e-01 1.385768e-01
40581: 1.571072e+00 1.527431e+00 7.630923e-01 1.384040e-01
40581: 1.570361e+00 1.529265e+00 7.621420e-01 1.382316e-01
40581: 1.570896e+00 1.528607e+00 7.624378e-01 1.380597e-01
40581: 1.571429e+00 1.529193e+00 7.614907e-01 1.378882e-01
40581: 1.571960e+00 1.528536e+00 7.617866e-01 1.377171e-01
40581: 1.570012e+00 1.529120e+00 7.633209e-01 1.375465e-01
40581: 1.571782e+00 1.528465e+00 7.623762e-01 1.373762e-01
40581: 1.571075e+00 1.530284e+00 7.614339e-01 1.372064e-01
40581: 1.571605e+00 1.530864e+00 7.604938e-01 1.370370e-01
40581: 1.569667e+00 1.532676e+00 7.607891e-01 1.368681e-01
40581: 1.570197e+00 1.530788e+00 7.623153e-01 1.366995e-01
40581: 1.569496e+00 1.531365e+00 7.626076e-01 1.365314e-01
40581: 1.571253e+00 1.530713e+00 7.616708e-01 1.363636e-01
40581: 1.569325e+00 1.531288e+00 7.631902e-01 1.361963e-01
40581: 1.569853e+00 1.530637e+00 7.634804e-01 1.360294e-01
40581: 1.570379e+00 1.531212e+00 7.625459e-01 1.358629e-01
40581: 1.568460e+00 1.531785e+00 7.640587e-01 1.356968e-01
40581: 1.568987e+00 1.531136e+00 7.631258e-01 1.367521e-01
40581: 1.569512e+00 1.530488e+00 7.634146e-01 1.365854e-01
40581: 1.568819e+00 1.529842e+00 7.637028e-01 1.376370e-01
40581: 1.570560e+00 1.529197e+00 7.627737e-01 1.374696e-01
40581: 1.568651e+00 1.529769e+00 7.630620e-01 1.385176e-01
40581: 1.570388e+00 1.527913e+00 7.633495e-01 1.383495e-01
40581: 1.569697e+00 1.528485e+00 7.636364e-01 1.381818e-01
40581: 1.571429e+00 1.526634e+00 7.639225e-01 1.380145e-01
40581: 1.569528e+00 1.528416e+00 7.642080e-01 1.378476e-01
40581: 1.571256e+00 1.526570e+00 7.644928e-01 1.376812e-01
40581: 1.569361e+00 1.528347e+00 7.647768e-01 1.375151e-01
40581: 1.571084e+00 1.527711e+00 7.638554e-01 1.373494e-01
40581: 1.569194e+00 1.528279e+00 7.653430e-01 1.371841e-01
40581: 1.569712e+00 1.526442e+00 7.656250e-01 1.382212e-01
40581: 1.570228e+00 1.525810e+00 7.659064e-01 1.380552e-01
40581: 1.568345e+00 1.526379e+00 7.661871e-01 1.390887e-01
40581: 1.570060e+00 1.524551e+00 7.664671e-01 1.389222e-01
40581: 1.569378e+00 1.525120e+00 7.667464e-01 1.387560e-01
40581: 1.569892e+00 1.524492e+00 7.670251e-01 1.385902e-01
40581: 1.569212e+00 1.525060e+00 7.673031e-01 1.384248e-01
40581: 1.570918e+00 1.524434e+00 7.663886e-01 1.382598e-01
40581: 1.570238e+00 1.525000e+00 7.666667e-01 1.380952e-01
40581: 1.570749e+00 1.525565e+00 7.657551e-01 1.379310e-01
40581: 1.568884e+00 1.527316e+00 7.660333e-01 1.377672e-01
40581: 1.570581e+00 1.525504e+00 7.651246e-01 1.387900e-01
40581: 1.569905e+00 1.527251e+00 7.642180e-01 1.386256e-01
40581: 1.571598e+00 1.526627e+00 7.633136e-01 1.384615e-01
40581: 1.569740e+00 1.528369e+00 7.635934e-01 1.382979e-01
40581: 1.570248e+00 1.527745e+00 7.638725e-01 1.381346e-01
40581: 1.569575e+00 1.529481e+00 7.629717e-01 1.379717e-01
40581: 1.571260e+00 1.527680e+00 7.632509e-01 1.378092e-01
40581: 1.569412e+00 1.528235e+00 7.635294e-01 1.388235e-01
40581: 1.569918e+00 1.528790e+00 7.626322e-01 1.386604e-01
40581: 1.569249e+00 1.529343e+00 7.629108e-01 1.384977e-01
40581: 1.569754e+00 1.528722e+00 7.631887e-01 1.383353e-01
40581: 1.571429e+00 1.528103e+00 7.622951e-01 1.381733e-01
40581: 1.571930e+00 1.528655e+00 7.614035e-01 1.380117e-01
40581: 1.572430e+00 1.528037e+00 7.616822e-01 1.378505e-01
40581: 1.571762e+00 1.529755e+00 7.607935e-01 1.376896e-01
40581: 1.572261e+00 1.530303e+00 7.599068e-01 1.375291e-01
40581: 1.571595e+00 1.529686e+00 7.613504e-01 1.373690e-01
40581: 1.572093e+00 1.529070e+00 7.616279e-01 1.372093e-01
40581: 1.571429e+00 1.529617e+00 7.619048e-01 1.370499e-01
40581: 1.571926e+00 1.529002e+00 7.621810e-01 1.368910e-01
40581: 1.570104e+00 1.530707e+00 7.612978e-01 1.378911e-01
40581: 1.569444e+00 1.532407e+00 7.604167e-01 1.377315e-01
40581: 1.569942e+00 1.531792e+00 7.606936e-01 1.375723e-01
40581: 1.569284e+00 1.532333e+00 7.609700e-01 1.374134e-01
40581: 1.572088e+00 1.530565e+00 7.600923e-01 1.372549e-01
40581: 1.571429e+00 1.531106e+00 7.603687e-01 1.370968e-01
40581: 1.571922e+00 1.530495e+00 7.606444e-01 1.369390e-01
40581: 1.571264e+00 1.531034e+00 7.609195e-01 1.367816e-01
40581: 1.571757e+00 1.530425e+00 7.611940e-01 1.366246e-01
40581: 1.569954e+00 1.532110e+00 7.614679e-01 1.364679e-01
40581: 1.571592e+00 1.531501e+00 7.605956e-01 1.363116e-01
40581: 1.569794e+00 1.533181e+00 7.608696e-01 1.361556e-01
40581: 1.570286e+00 1.531429e+00 7.611429e-01 1.371429e-01
40581: 1.569635e+00 1.531963e+00 7.614155e-01 1.369863e-01
40581: 1.571266e+00 1.531357e+00 7.605473e-01 1.368301e-01
40581: 1.569476e+00 1.533030e+00 7.596811e-01 1.378132e-01
40581: 1.571104e+00 1.531286e+00 7.588168e-01 1.387941e-01
40581: 1.569318e+00 1.531818e+00 7.590909e-01 1.397727e-01
40581: 1.569807e+00 1.531215e+00 7.593644e-01 1.396141e-01
40581: 1.571429e+00 1.530612e+00 7.585034e-01 1.394558e-01
40581: 1.569649e+00 1.532276e+00 7.587769e-01 1.392978e-01
40581: 1.571267e+00 1.531674e+00 7.579186e-01 1.391403e-01
40581: 1.570621e+00 1.533333e+00 7.570621e-01 1.389831e-01
40581: 1.571106e+00 1.532731e+00 7.573363e-01 1.388262e-01
40581: 1.571590e+00 1.533258e+00 7.564825e-01 1.386697e-01
40581: 1.569820e+00 1.532658e+00 7.578829e-01 1.396396e-01
40581: 1.571429e+00 1.530934e+00 7.570304e-01 1.406074e-01
40581: 1.570787e+00 1.532584e+00 7.561798e-01 1.404494e-01
40581: 1.571268e+00 1.531987e+00 7.553311e-01 1.414141e-01
40581: 1.569507e+00 1.532511e+00 7.567265e-01 1.412556e-01
40581: 1.569989e+00 1.531915e+00 7.569989e-01 1.410974e-01
40581: 1.569351e+00 1.533557e+00 7.561521e-01 1.409396e-01
40581: 1.570950e+00 1.531844e+00 7.564246e-01 1.407821e-01
40581: 1.570312e+00 1.533482e+00 7.555804e-01 1.406250e-01
40581: 1.571906e+00 1.532887e+00 7.547380e-01 1.404682e-01
40581: 1.571269e+00 1.534521e+00 7.538976e-01 1.403118e-01
40581: 1.570634e+00 1.535039e+00 7.541713e-01 1.401557e-01
40581: 1.571111e+00 1.535556e+00 7.533333e-01 1.400000e-01
40581: 1.569367e+00 1.534961e+00 7.558269e-01 1.398446e-01
40581: 1.569845e+00 1.533259e+00 7.572062e-01 1.396896e-01
40581: 1.570321e+00 1.533776e+00 7.563677e-01 1.395349e-01
40581: 1.570796e+00 1.533186e+00 7.566372e-01 1.393805e-01
40581: 1.569061e+00 1.534807e+00 7.558011e-01 1.403315e-01
40581: 1.570640e+00 1.534216e+00 7.549669e-01 1.401766e-01
40581: 1.570011e+00 1.535832e+00 7.541345e-01 1.400221e-01
40581: 1.571586e+00 1.535242e+00 7.533040e-01 1.398678e-01
40581: 1.570957e+00 1.536854e+00 7.524752e-01 1.397140e-01
40581: 1.572527e+00 1.536264e+00 7.516484e-01 1.395604e-01
40581: 1.570801e+00 1.537870e+00 7.508233e-01 1.405049e-01
40581: 1.571272e+00 1.538377e+00 7.500000e-01 1.403509e-01
40581: 1.570646e+00 1.538883e+00 7.502738e-01 1.401972e-01
40581: 1.570022e+00 1.539387e+00 7.505470e-01 1.400438e-01
40581: 1.569399e+00 1.538798e+00 7.519126e-01 1.398907e-01
40581: 1.569869e+00 1.539301e+00 7.510917e-01 1.397380e-01
40581: 1.570338e+00 1.538713e+00 7.513631e-01 1.395856e-01
40581: 1.568627e+00 1.541394e+00 7.505447e-01 1.394336e-01
40581: 1.569097e+00 1.539717e+00 7.508161e-01 1.403700e-01
40581: 1.568478e+00 1.541304e+00 7.500000e-01 1.402174e-01
40581: 1.568947e+00 1.540717e+00 7.502714e-01 1.400651e-01
40581: 1.570499e+00 1.540130e+00 7.494577e-01 1.399132e-01
40581: 1.568797e+00 1.541712e+00 7.486457e-01 1.408451e-01
40581: 1.569264e+00 1.542208e+00 7.478355e-01 1.406926e-01
40581: 1.569730e+00 1.540541e+00 7.491892e-01 1.405405e-01
40581: 1.570194e+00 1.539957e+00 7.494600e-01 1.403888e-01
40581: 1.570658e+00 1.540453e+00 7.486516e-01 1.402373e-01
40581: 1.570043e+00 1.539871e+00 7.500000e-01 1.400862e-01
40581: 1.569429e+00 1.539290e+00 7.513455e-01 1.399354e-01
40581: 1.570968e+00 1.538710e+00 7.505376e-01 1.397849e-01
40581: 1.570354e+00 1.539205e+00 7.508056e-01 1.396348e-01
40581: 1.571888e+00 1.538627e+00 7.500000e-01 1.394850e-01
40581: 1.570204e+00 1.541265e+00 7.491961e-01 1.393355e-01
40581: 1.570664e+00 1.540685e+00 7.494647e-01 1.391863e-01
40581: 1.570053e+00 1.542246e+00 7.486631e-01 1.390374e-01
40581: 1.569444e+00 1.542735e+00 7.489316e-01 1.388889e-01
40581: 1.572038e+00 1.541089e+00 7.481323e-01 1.387407e-01
40581: 1.570362e+00 1.542644e+00 7.484009e-01 1.385928e-01
40581: 1.569755e+00 1.542066e+00 7.486688e-01 1.395101e-01
40581: 1.571277e+00 1.541489e+00 7.478723e-01 1.393617e-01
40581: 1.569607e+00 1.544102e+00 7.470776e-01 1.392136e-01
40581: 1.571125e+00 1.542463e+00 7.473461e-01 1.390658e-01
40581: 1.569459e+00 1.542948e+00 7.476140e-01 1.399788e-01
40581: 1.570975e+00 1.542373e+00 7.468220e-01 1.398305e-01
40581: 1.570370e+00 1.542857e+00 7.470899e-01 1.396825e-01
40581: 1.571882e+00 1.542283e+00 7.463002e-01 1.395349e-01
40581: 1.571278e+00 1.543823e+00 7.455121e-01 1.393875e-01
40581: 1.571730e+00 1.544304e+00 7.447257e-01 1.392405e-01
40581: 1.570074e+00 1.545838e+00 7.449947e-01 1.390938e-01
40581: 1.569474e+00 1.546316e+00 7.452632e-01 1.389474e-01
40581: 1.569926e+00 1.545741e+00 7.455310e-01 1.388013e-01
40581: 1.569328e+00 1.546218e+00 7.457983e-01 1.386555e-01
40581: 1.569780e+00 1.546695e+00 7.450157e-01 1.385100e-01
40581: 1.569182e+00 1.546122e+00 7.463312e-01 1.383648e-01
40581: 1.570681e+00 1.545550e+00 7.455497e-01 1.382199e-01
40581: 1.570084e+00 1.547071e+00 7.447699e-01 1.380753e-01
40581: 1.569488e+00 1.547544e+00 7.450366e-01 1.379310e-01
40581: 1.570981e+00 1.545929e+00 7.453027e-01 1.377871e-01
40581: 1.570386e+00 1.547445e+00 7.445255e-01 1.376434e-01
40581: 1.569792e+00 1.547917e+00 7.447917e-01 1.375000e-01
40581: 1.571280e+00 1.547347e+00 7.440166e-01 1.373569e-01
40581: 1.569647e+00 1.549896e+00 7.432432e-01 1.372141e-01
40581: 1.572170e+00 1.548287e+00 7.424714e-01 1.370717e-01
40581: 1.570539e+00 1.549793e+00 7.417012e-01 1.379668e-01
40581: 1.570984e+00 1.549223e+00 7.419689e-01 1.378238e-01
40581: 1.570393e+00 1.549689e+00 7.422360e-01 1.376812e-01
40581: 1.569804e+00 1.550155e+00 7.414685e-01 1.385729e-01
40581: 1.571281e+00 1.549587e+00 7.407025e-01 1.384298e-01
40581: 1.570691e+00 1.551084e+00 7.399381e-01 1.382869e-01
40581: 1.572165e+00 1.550515e+00 7.391753e-01 1.381443e-01
40581: 1.570546e+00 1.552008e+00 7.394439e-01 1.380021e-01
40581: 1.570988e+00 1.551440e+00 7.397119e-01 1.378601e-01
40581: 1.570401e+00 1.552929e+00 7.389517e-01 1.377184e-01
40581: 1.570842e+00 1.553388e+00 7.381930e-01 1.375770e-01
40581: 1.570256e+00 1.553846e+00 7.384615e-01 1.374359e-01
40581: 1.570697e+00 1.553279e+00 7.387295e-01 1.372951e-01
40581: 1.570113e+00 1.554759e+00 7.379734e-01 1.371546e-01
40581: 1.570552e+00 1.555215e+00 7.372188e-01 1.370143e-01
40581: 1.569969e+00 1.555669e+00 7.374872e-01 1.368744e-01
40581: 1.570408e+00 1.554082e+00 7.387755e-01 1.367347e-01
40581: 1.569827e+00 1.554536e+00 7.390418e-01 1.365953e-01
40581: 1.571283e+00 1.553971e+00 7.382892e-01 1.364562e-01
40581: 1.571719e+00 1.554425e+00 7.375381e-01 1.363174e-01
40581: 1.571138e+00 1.553862e+00 7.388211e-01 1.361789e-01
40581: 1.571574e+00 1.553299e+00 7.390863e-01 1.360406e-01
40581: 1.569980e+00 1.554767e+00 7.383367e-01 1.369168e-01
40581: 1.571429e+00 1.553191e+00 7.386018e-01 1.367781e-01
40581: 1.571862e+00 1.553644e+00 7.378543e-01 1.366397e-01
40581: 1.570273e+00 1.554095e+00 7.391304e-01 1.365015e-01
40581: 1.569697e+00 1.554545e+00 7.393939e-01 1.363636e-01
40581: 1.572149e+00 1.552977e+00 7.386478e-01 1.362260e-01
40581: 1.572581e+00 1.553427e+00 7.379032e-01 1.360887e-01
40581: 1.570997e+00 1.552870e+00 7.401813e-01 1.359517e-01
40581: 1.571429e+00 1.552314e+00 7.404427e-01 1.358149e-01
40581: 1.570854e+00 1.552764e+00 7.396985e-01 1.366834e-01
40581: 1.570281e+00 1.552209e+00 7.399598e-01 1.375502e-01
40581: 1.570712e+00 1.552658e+00 7.392177e-01 1.374122e-01
40581: 1.570140e+00 1.552104e+00 7.404810e-01 1.372745e-01
40581: 1.569570e+00 1.552553e+00 7.407407e-01 1.371371e-01
40581: Done!
Traceback (most recent call last):
  File "/lowest-unique-number/tournament0/elexunix.py", line 25, in <module>
    input()
EOFError: EOF when reading a line
