Forked 38906
Starting to reopen 0 and 1
Calling execv `tournament0/alex_dany` (pid 38906)
38906: Started!
38906: Number of players: 4, position: 0, number of turns: 1000
38906: Random seed: 2658319258
Strategy 0: first ans is 1
Forked 38907
Starting to reopen 0 and 1
Calling execv `tournament0/elexunix.py` (pid 38907)
Strategy 1: first ans is 2
Forked 38931
Starting to reopen 0 and 1
Calling execv `tournament0/the_best_strategy.py` (pid 38931)
Strategy 2: first ans is 0
Forked 38932
Starting to reopen 0 and 1
Calling execv `tournament0/fedro.py` (pid 38932)
Strategy 3: first ans is 0
38906: 2.000000e+00 1.000000e+00 1.000000e+00 0.000000e+00
38906: 2.000000e+00 1.500000e+00 5.000000e-01 0.000000e+00
38906: 2.000000e+00 1.666667e+00 3.333333e-01 0.000000e+00
38906: 2.250000e+00 1.250000e+00 5.000000e-01 0.000000e+00
38906: 2.200000e+00 1.200000e+00 6.000000e-01 0.000000e+00
38906: 2.166667e+00 1.166667e+00 6.666667e-01 0.000000e+00
38906: 2.285714e+00 1.142857e+00 5.714286e-01 0.000000e+00
38906: 2.250000e+00 1.250000e+00 5.000000e-01 0.000000e+00
38906: 2.222222e+00 1.333333e+00 4.444444e-01 0.000000e+00
38906: 2.200000e+00 1.300000e+00 5.000000e-01 0.000000e+00
38906: 2.181818e+00 1.363636e+00 4.545455e-01 0.000000e+00
38906: 2.166667e+00 1.416667e+00 4.166667e-01 0.000000e+00
38906: 2.230769e+00 1.384615e+00 3.846154e-01 0.000000e+00
38906: 2.214286e+00 1.357143e+00 3.571429e-01 7.142857e-02
38906: 2.200000e+00 1.333333e+00 4.000000e-01 6.666667e-02
38906: 2.187500e+00 1.375000e+00 3.750000e-01 6.250000e-02
38906: 2.176471e+00 1.352941e+00 3.529412e-01 1.176471e-01
38906: 2.166667e+00 1.333333e+00 3.888889e-01 1.111111e-01
38906: 2.210526e+00 1.315789e+00 3.684211e-01 1.052632e-01
38906: 2.200000e+00 1.300000e+00 4.000000e-01 1.000000e-01
38906: 2.190476e+00 1.333333e+00 3.809524e-01 9.523810e-02
38906: 2.227273e+00 1.318182e+00 3.636364e-01 9.090909e-02
38906: 2.260870e+00 1.304348e+00 3.478261e-01 8.695652e-02
38906: 2.291667e+00 1.291667e+00 3.333333e-01 8.333333e-02
38906: 2.320000e+00 1.280000e+00 3.200000e-01 8.000000e-02
38906: 2.307692e+00 1.269231e+00 3.076923e-01 1.153846e-01
38906: 2.296296e+00 1.296296e+00 2.962963e-01 1.111111e-01
38906: 2.285714e+00 1.321429e+00 2.857143e-01 1.071429e-01
38906: 2.310345e+00 1.310345e+00 2.758621e-01 1.034483e-01
38906: 2.300000e+00 1.333333e+00 2.666667e-01 1.000000e-01
38906: 2.290323e+00 1.322581e+00 2.903226e-01 9.677419e-02
38906: 2.281250e+00 1.312500e+00 3.125000e-01 9.375000e-02
38906: 2.303030e+00 1.303030e+00 3.030303e-01 9.090909e-02
38906: 2.294118e+00 1.294118e+00 2.941176e-01 1.176471e-01
38906: 2.285714e+00 1.314286e+00 2.857143e-01 1.142857e-01
38906: 2.277778e+00 1.305556e+00 2.777778e-01 1.388889e-01
38906: 2.270270e+00 1.297297e+00 2.702703e-01 1.621622e-01
38906: 2.263158e+00 1.315789e+00 2.631579e-01 1.578947e-01
38906: 2.256410e+00 1.307692e+00 2.820513e-01 1.538462e-01
38906: 2.275000e+00 1.300000e+00 2.750000e-01 1.500000e-01
38906: 2.268293e+00 1.317073e+00 2.682927e-01 1.463415e-01
38906: 2.261905e+00 1.309524e+00 2.619048e-01 1.666667e-01
38906: 2.255814e+00 1.302326e+00 2.790698e-01 1.627907e-01
38906: 2.250000e+00 1.318182e+00 2.727273e-01 1.590909e-01
38906: 2.244444e+00 1.333333e+00 2.666667e-01 1.555556e-01
38906: 2.239130e+00 1.347826e+00 2.608696e-01 1.521739e-01
38906: 2.234043e+00 1.340426e+00 2.765957e-01 1.489362e-01
38906: 2.250000e+00 1.333333e+00 2.708333e-01 1.458333e-01
38906: 2.244898e+00 1.346939e+00 2.653061e-01 1.428571e-01
38906: 2.240000e+00 1.340000e+00 2.600000e-01 1.600000e-01
38906: 2.235294e+00 1.333333e+00 2.745098e-01 1.568627e-01
38906: 2.230769e+00 1.346154e+00 2.692308e-01 1.538462e-01
38906: 2.226415e+00 1.339623e+00 2.641509e-01 1.698113e-01
38906: 2.240741e+00 1.333333e+00 2.592593e-01 1.666667e-01
38906: 2.254545e+00 1.327273e+00 2.545455e-01 1.636364e-01
38906: 2.250000e+00 1.321429e+00 2.678571e-01 1.607143e-01
38906: 2.245614e+00 1.333333e+00 2.631579e-01 1.578947e-01
38906: 2.258621e+00 1.327586e+00 2.586207e-01 1.551724e-01
38906: 2.254237e+00 1.338983e+00 2.542373e-01 1.525424e-01
38906: 2.266667e+00 1.333333e+00 2.500000e-01 1.500000e-01
38906: 2.262295e+00 1.344262e+00 2.459016e-01 1.475410e-01
38906: 2.258065e+00 1.338710e+00 2.580645e-01 1.451613e-01
38906: 2.269841e+00 1.333333e+00 2.539683e-01 1.428571e-01
38906: 2.265625e+00 1.328125e+00 2.656250e-01 1.406250e-01
38906: 2.261538e+00 1.323077e+00 2.769231e-01 1.384615e-01
38906: 2.257576e+00 1.318182e+00 2.878788e-01 1.363636e-01
38906: 2.253731e+00 1.313433e+00 2.985075e-01 1.343284e-01
38906: 2.250000e+00 1.308824e+00 3.088235e-01 1.323529e-01
38906: 2.246377e+00 1.318841e+00 3.043478e-01 1.304348e-01
38906: 2.257143e+00 1.314286e+00 3.000000e-01 1.285714e-01
38906: 2.253521e+00 1.309859e+00 3.098592e-01 1.267606e-01
38906: 2.263889e+00 1.305556e+00 3.055556e-01 1.250000e-01
38906: 2.260274e+00 1.315068e+00 3.013699e-01 1.232877e-01
38906: 2.256757e+00 1.310811e+00 3.108108e-01 1.216216e-01
38906: 2.253333e+00 1.320000e+00 3.066667e-01 1.200000e-01
38906: 2.263158e+00 1.315789e+00 3.026316e-01 1.184211e-01
38906: 2.259740e+00 1.311688e+00 3.116883e-01 1.168831e-01
38906: 2.256410e+00 1.320513e+00 3.076923e-01 1.153846e-01
38906: 2.253165e+00 1.316456e+00 3.037975e-01 1.265823e-01
38906: 2.262500e+00 1.312500e+00 3.000000e-01 1.250000e-01
38906: 2.259259e+00 1.320988e+00 2.962963e-01 1.234568e-01
38906: 2.256098e+00 1.317073e+00 2.926829e-01 1.341463e-01
38906: 2.253012e+00 1.313253e+00 3.012048e-01 1.325301e-01
38906: 2.261905e+00 1.309524e+00 2.976190e-01 1.309524e-01
38906: 2.270588e+00 1.305882e+00 2.941176e-01 1.294118e-01
38906: 2.279070e+00 1.302326e+00 2.906977e-01 1.279070e-01
38906: 2.275862e+00 1.310345e+00 2.873563e-01 1.264368e-01
38906: 2.284091e+00 1.306818e+00 2.840909e-01 1.250000e-01
38906: 2.280899e+00 1.303371e+00 2.808989e-01 1.348315e-01
38906: 2.277778e+00 1.311111e+00 2.777778e-01 1.333333e-01
38906: 2.274725e+00 1.318681e+00 2.747253e-01 1.318681e-01
38906: 2.271739e+00 1.315217e+00 2.826087e-01 1.304348e-01
38906: 2.268817e+00 1.322581e+00 2.795699e-01 1.290323e-01
38906: 2.276596e+00 1.319149e+00 2.765957e-01 1.276596e-01
38906: 2.284211e+00 1.315789e+00 2.736842e-01 1.263158e-01
38906: 2.281250e+00 1.322917e+00 2.708333e-01 1.250000e-01
38906: 2.278351e+00 1.329897e+00 2.680412e-01 1.237113e-01
38906: 2.275510e+00 1.326531e+00 2.755102e-01 1.224490e-01
38906: 2.272727e+00 1.323232e+00 2.828283e-01 1.212121e-01
38906: 2.270000e+00 1.320000e+00 2.900000e-01 1.200000e-01
38906: 2.267327e+00 1.326733e+00 2.871287e-01 1.188119e-01
38906: 2.254902e+00 1.333333e+00 2.941176e-01 1.176471e-01
38906: 2.252427e+00 1.339806e+00 2.912621e-01 1.165049e-01
38906: 2.240385e+00 1.355769e+00 2.884615e-01 1.153846e-01
38906: 2.228571e+00 1.361905e+00 2.952381e-01 1.142857e-01
38906: 2.235849e+00 1.358491e+00 2.924528e-01 1.132075e-01
38906: 2.233645e+00 1.364486e+00 2.897196e-01 1.121495e-01
38906: 2.222222e+00 1.379630e+00 2.870370e-01 1.111111e-01
38906: 2.220183e+00 1.376147e+00 2.935780e-01 1.100917e-01
38906: 2.218182e+00 1.372727e+00 3.000000e-01 1.090909e-01
38906: 2.216216e+00 1.369369e+00 2.972973e-01 1.171171e-01
38906: 2.214286e+00 1.366071e+00 3.035714e-01 1.160714e-01
38906: 2.221239e+00 1.362832e+00 3.008850e-01 1.150442e-01
38906: 2.210526e+00 1.368421e+00 2.982456e-01 1.228070e-01
38906: 2.208696e+00 1.365217e+00 3.043478e-01 1.217391e-01
38906: 2.206897e+00 1.370690e+00 3.017241e-01 1.206897e-01
38906: 2.205128e+00 1.376068e+00 2.991453e-01 1.196581e-01
38906: 2.194915e+00 1.381356e+00 3.050847e-01 1.186441e-01
38906: 2.201681e+00 1.378151e+00 3.025210e-01 1.176471e-01
38906: 2.191667e+00 1.391667e+00 3.000000e-01 1.166667e-01
38906: 2.190083e+00 1.388430e+00 3.057851e-01 1.157025e-01
38906: 2.188525e+00 1.385246e+00 3.114754e-01 1.147541e-01
38906: 2.186992e+00 1.382114e+00 3.089431e-01 1.219512e-01
38906: 2.185484e+00 1.379032e+00 3.064516e-01 1.290323e-01
38906: 2.184000e+00 1.376000e+00 3.040000e-01 1.360000e-01
38906: 2.190476e+00 1.373016e+00 3.015873e-01 1.349206e-01
38906: 2.188976e+00 1.377953e+00 2.992126e-01 1.338583e-01
38906: 2.187500e+00 1.375000e+00 3.046875e-01 1.328125e-01
38906: 2.193798e+00 1.372093e+00 3.023256e-01 1.317829e-01
38906: 2.184615e+00 1.376923e+00 3.076923e-01 1.307692e-01
38906: 2.183206e+00 1.374046e+00 3.053435e-01 1.374046e-01
38906: 2.181818e+00 1.378788e+00 3.030303e-01 1.363636e-01
38906: 2.172932e+00 1.383459e+00 3.082707e-01 1.353383e-01
38906: 2.171642e+00 1.388060e+00 3.059701e-01 1.343284e-01
38906: 2.170370e+00 1.385185e+00 3.111111e-01 1.333333e-01
38906: 2.169118e+00 1.389706e+00 3.088235e-01 1.323529e-01
38906: 2.175182e+00 1.386861e+00 3.065693e-01 1.313869e-01
38906: 2.159420e+00 1.398551e+00 3.115942e-01 1.304348e-01
38906: 2.151079e+00 1.402878e+00 3.165468e-01 1.294964e-01
38906: 2.150000e+00 1.407143e+00 3.142857e-01 1.285714e-01
38906: 2.141844e+00 1.418440e+00 3.120567e-01 1.276596e-01
38906: 2.140845e+00 1.422535e+00 3.098592e-01 1.267606e-01
38906: 2.146853e+00 1.419580e+00 3.076923e-01 1.258741e-01
38906: 2.145833e+00 1.416667e+00 3.125000e-01 1.250000e-01
38906: 2.144828e+00 1.420690e+00 3.103448e-01 1.241379e-01
38906: 2.143836e+00 1.424658e+00 3.082192e-01 1.232877e-01
38906: 2.142857e+00 1.421769e+00 3.129252e-01 1.224490e-01
38906: 2.141892e+00 1.425676e+00 3.108108e-01 1.216216e-01
38906: 2.140940e+00 1.429530e+00 3.087248e-01 1.208054e-01
38906: 2.146667e+00 1.426667e+00 3.066667e-01 1.200000e-01
38906: 2.152318e+00 1.423841e+00 3.046358e-01 1.192053e-01
38906: 2.144737e+00 1.427632e+00 3.092105e-01 1.184211e-01
38906: 2.143791e+00 1.431373e+00 3.071895e-01 1.176471e-01
38906: 2.142857e+00 1.435065e+00 3.051948e-01 1.168831e-01
38906: 2.148387e+00 1.432258e+00 3.032258e-01 1.161290e-01
38906: 2.147436e+00 1.435897e+00 3.012821e-01 1.153846e-01
38906: 2.146497e+00 1.439490e+00 2.993631e-01 1.146497e-01
38906: 2.145570e+00 1.436709e+00 2.974684e-01 1.202532e-01
38906: 2.150943e+00 1.433962e+00 2.955975e-01 1.194969e-01
38906: 2.156250e+00 1.431250e+00 2.937500e-01 1.187500e-01
38906: 2.155280e+00 1.428571e+00 2.919255e-01 1.242236e-01
38906: 2.154321e+00 1.432099e+00 2.901235e-01 1.234568e-01
38906: 2.159509e+00 1.429448e+00 2.883436e-01 1.226994e-01
38906: 2.158537e+00 1.432927e+00 2.865854e-01 1.219512e-01
38906: 2.157576e+00 1.430303e+00 2.848485e-01 1.272727e-01
38906: 2.156627e+00 1.427711e+00 2.831325e-01 1.325301e-01
38906: 2.155689e+00 1.431138e+00 2.814371e-01 1.317365e-01
38906: 2.160714e+00 1.428571e+00 2.797619e-01 1.309524e-01
38906: 2.159763e+00 1.426036e+00 2.840237e-01 1.301775e-01
38906: 2.158824e+00 1.429412e+00 2.823529e-01 1.294118e-01
38906: 2.157895e+00 1.426901e+00 2.807018e-01 1.345029e-01
38906: 2.156977e+00 1.430233e+00 2.790698e-01 1.337209e-01
38906: 2.150289e+00 1.439306e+00 2.774566e-01 1.329480e-01
38906: 2.149425e+00 1.442529e+00 2.758621e-01 1.321839e-01
38906: 2.154286e+00 1.440000e+00 2.742857e-01 1.314286e-01
38906: 2.153409e+00 1.443182e+00 2.727273e-01 1.306818e-01
38906: 2.152542e+00 1.440678e+00 2.768362e-01 1.299435e-01
38906: 2.151685e+00 1.438202e+00 2.808989e-01 1.292135e-01
38906: 2.150838e+00 1.435754e+00 2.849162e-01 1.284916e-01
38906: 2.150000e+00 1.433333e+00 2.888889e-01 1.277778e-01
38906: 2.149171e+00 1.436464e+00 2.872928e-01 1.270718e-01
38906: 2.148352e+00 1.434066e+00 2.912088e-01 1.263736e-01
38906: 2.153005e+00 1.431694e+00 2.896175e-01 1.256831e-01
38906: 2.152174e+00 1.429348e+00 2.880435e-01 1.304348e-01
38906: 2.151351e+00 1.432432e+00 2.864865e-01 1.297297e-01
38906: 2.145161e+00 1.440860e+00 2.849462e-01 1.290323e-01
38906: 2.149733e+00 1.438503e+00 2.834225e-01 1.283422e-01
38906: 2.148936e+00 1.436170e+00 2.819149e-01 1.329787e-01
38906: 2.153439e+00 1.433862e+00 2.804233e-01 1.322751e-01
38906: 2.152632e+00 1.436842e+00 2.789474e-01 1.315789e-01
38906: 2.151832e+00 1.434555e+00 2.827225e-01 1.308901e-01
38906: 2.151042e+00 1.437500e+00 2.812500e-01 1.302083e-01
38906: 2.155440e+00 1.435233e+00 2.797927e-01 1.295337e-01
38906: 2.159794e+00 1.432990e+00 2.783505e-01 1.288660e-01
38906: 2.158974e+00 1.430769e+00 2.820513e-01 1.282051e-01
38906: 2.158163e+00 1.433673e+00 2.806122e-01 1.275510e-01
38906: 2.157360e+00 1.431472e+00 2.791878e-01 1.319797e-01
38906: 2.156566e+00 1.429293e+00 2.828283e-01 1.313131e-01
38906: 2.155779e+00 1.427136e+00 2.864322e-01 1.306533e-01
38906: 2.155000e+00 1.430000e+00 2.850000e-01 1.300000e-01
38906: 2.154229e+00 1.427861e+00 2.835821e-01 1.343284e-01
38906: 2.153465e+00 1.430693e+00 2.821782e-01 1.336634e-01
38906: 2.157635e+00 1.428571e+00 2.807882e-01 1.330049e-01
38906: 2.151961e+00 1.436275e+00 2.794118e-01 1.323529e-01
38906: 2.156098e+00 1.434146e+00 2.780488e-01 1.317073e-01
38906: 2.155340e+00 1.432039e+00 2.815534e-01 1.310680e-01
38906: 2.154589e+00 1.429952e+00 2.801932e-01 1.352657e-01
38906: 2.158654e+00 1.427885e+00 2.788462e-01 1.346154e-01
38906: 2.157895e+00 1.430622e+00 2.775120e-01 1.339713e-01
38906: 2.157143e+00 1.428571e+00 2.809524e-01 1.333333e-01
38906: 2.156398e+00 1.431280e+00 2.796209e-01 1.327014e-01
38906: 2.155660e+00 1.433962e+00 2.783019e-01 1.320755e-01
38906: 2.154930e+00 1.431925e+00 2.816901e-01 1.314554e-01
38906: 2.158879e+00 1.429907e+00 2.803738e-01 1.308411e-01
38906: 2.158140e+00 1.427907e+00 2.790698e-01 1.348837e-01
38906: 2.162037e+00 1.425926e+00 2.777778e-01 1.342593e-01
38906: 2.161290e+00 1.423963e+00 2.811060e-01 1.336406e-01
38906: 2.155963e+00 1.431193e+00 2.798165e-01 1.330275e-01
38906: 2.155251e+00 1.429224e+00 2.785388e-01 1.369863e-01
38906: 2.154545e+00 1.431818e+00 2.772727e-01 1.363636e-01
38906: 2.153846e+00 1.429864e+00 2.805430e-01 1.357466e-01
38906: 2.157658e+00 1.427928e+00 2.792793e-01 1.351351e-01
38906: 2.161435e+00 1.426009e+00 2.780269e-01 1.345291e-01
38906: 2.160714e+00 1.424107e+00 2.767857e-01 1.383929e-01
38906: 2.160000e+00 1.422222e+00 2.800000e-01 1.377778e-01
38906: 2.159292e+00 1.420354e+00 2.787611e-01 1.415929e-01
38906: 2.158590e+00 1.422907e+00 2.775330e-01 1.409692e-01
38906: 2.162281e+00 1.421053e+00 2.763158e-01 1.403509e-01
38906: 2.165939e+00 1.419214e+00 2.751092e-01 1.397380e-01
38906: 2.165217e+00 1.421739e+00 2.739130e-01 1.391304e-01
38906: 2.164502e+00 1.419913e+00 2.770563e-01 1.385281e-01
38906: 2.163793e+00 1.422414e+00 2.758621e-01 1.379310e-01
38906: 2.163090e+00 1.420601e+00 2.789700e-01 1.373391e-01
38906: 2.162393e+00 1.418803e+00 2.777778e-01 1.410256e-01
38906: 2.165957e+00 1.417021e+00 2.765957e-01 1.404255e-01
38906: 2.165254e+00 1.419492e+00 2.754237e-01 1.398305e-01
38906: 2.164557e+00 1.421941e+00 2.742616e-01 1.392405e-01
38906: 2.163866e+00 1.420168e+00 2.773109e-01 1.386555e-01
38906: 2.163180e+00 1.422594e+00 2.761506e-01 1.380753e-01
38906: 2.162500e+00 1.425000e+00 2.750000e-01 1.375000e-01
38906: 2.161826e+00 1.427386e+00 2.738589e-01 1.369295e-01
38906: 2.161157e+00 1.429752e+00 2.727273e-01 1.363636e-01
38906: 2.164609e+00 1.427984e+00 2.716049e-01 1.358025e-01
38906: 2.168033e+00 1.426230e+00 2.704918e-01 1.352459e-01
38906: 2.171429e+00 1.424490e+00 2.693878e-01 1.346939e-01
38906: 2.166667e+00 1.430894e+00 2.682927e-01 1.341463e-01
38906: 2.170040e+00 1.429150e+00 2.672065e-01 1.336032e-01
38906: 2.169355e+00 1.427419e+00 2.661290e-01 1.370968e-01
38906: 2.168675e+00 1.425703e+00 2.690763e-01 1.365462e-01
38906: 2.168000e+00 1.428000e+00 2.680000e-01 1.360000e-01
38906: 2.167331e+00 1.426295e+00 2.709163e-01 1.354582e-01
38906: 2.166667e+00 1.428571e+00 2.698413e-01 1.349206e-01
38906: 2.166008e+00 1.430830e+00 2.687747e-01 1.343874e-01
38906: 2.165354e+00 1.433071e+00 2.677165e-01 1.338583e-01
38906: 2.164706e+00 1.435294e+00 2.666667e-01 1.333333e-01
38906: 2.164062e+00 1.437500e+00 2.656250e-01 1.328125e-01
38906: 2.163424e+00 1.435798e+00 2.645914e-01 1.361868e-01
38906: 2.162791e+00 1.434109e+00 2.674419e-01 1.356589e-01
38906: 2.162162e+00 1.432432e+00 2.664093e-01 1.389961e-01
38906: 2.165385e+00 1.430769e+00 2.653846e-01 1.384615e-01
38906: 2.164751e+00 1.432950e+00 2.643678e-01 1.379310e-01
38906: 2.164122e+00 1.431298e+00 2.671756e-01 1.374046e-01
38906: 2.167300e+00 1.429658e+00 2.661597e-01 1.368821e-01
38906: 2.166667e+00 1.431818e+00 2.651515e-01 1.363636e-01
38906: 2.166038e+00 1.433962e+00 2.641509e-01 1.358491e-01
38906: 2.165414e+00 1.432331e+00 2.669173e-01 1.353383e-01
38906: 2.161049e+00 1.438202e+00 2.659176e-01 1.348315e-01
38906: 2.164179e+00 1.436567e+00 2.649254e-01 1.343284e-01
38906: 2.163569e+00 1.434944e+00 2.639405e-01 1.375465e-01
38906: 2.159259e+00 1.437037e+00 2.629630e-01 1.407407e-01
38906: 2.158672e+00 1.439114e+00 2.619926e-01 1.402214e-01
38906: 2.154412e+00 1.444853e+00 2.610294e-01 1.397059e-01
38906: 2.153846e+00 1.446886e+00 2.600733e-01 1.391941e-01
38906: 2.156934e+00 1.445255e+00 2.591241e-01 1.386861e-01
38906: 2.156364e+00 1.447273e+00 2.581818e-01 1.381818e-01
38906: 2.159420e+00 1.445652e+00 2.572464e-01 1.376812e-01
38906: 2.158845e+00 1.447653e+00 2.563177e-01 1.371841e-01
38906: 2.154676e+00 1.453237e+00 2.553957e-01 1.366906e-01
38906: 2.154122e+00 1.455197e+00 2.544803e-01 1.362007e-01
38906: 2.153571e+00 1.453571e+00 2.571429e-01 1.357143e-01
38906: 2.156584e+00 1.451957e+00 2.562278e-01 1.352313e-01
38906: 2.156028e+00 1.453901e+00 2.553191e-01 1.347518e-01
38906: 2.155477e+00 1.455830e+00 2.544170e-01 1.342756e-01
38906: 2.154930e+00 1.454225e+00 2.570423e-01 1.338028e-01
38906: 2.154386e+00 1.456140e+00 2.561404e-01 1.333333e-01
38906: 2.157343e+00 1.454545e+00 2.552448e-01 1.328671e-01
38906: 2.156794e+00 1.456446e+00 2.543554e-01 1.324042e-01
38906: 2.159722e+00 1.454861e+00 2.534722e-01 1.319444e-01
38906: 2.159170e+00 1.456747e+00 2.525952e-01 1.314879e-01
38906: 2.162069e+00 1.455172e+00 2.517241e-01 1.310345e-01
38906: 2.161512e+00 1.457045e+00 2.508591e-01 1.305842e-01
38906: 2.160959e+00 1.458904e+00 2.500000e-01 1.301370e-01
38906: 2.163823e+00 1.457338e+00 2.491468e-01 1.296928e-01
38906: 2.166667e+00 1.455782e+00 2.482993e-01 1.292517e-01
38906: 2.166102e+00 1.457627e+00 2.474576e-01 1.288136e-01
38906: 2.165541e+00 1.459459e+00 2.466216e-01 1.283784e-01
38906: 2.164983e+00 1.461279e+00 2.457912e-01 1.279461e-01
38906: 2.164430e+00 1.459732e+00 2.449664e-01 1.308725e-01
38906: 2.163880e+00 1.461538e+00 2.441472e-01 1.304348e-01
38906: 2.163333e+00 1.460000e+00 2.433333e-01 1.333333e-01
38906: 2.162791e+00 1.458472e+00 2.458472e-01 1.328904e-01
38906: 2.158940e+00 1.463576e+00 2.450331e-01 1.324503e-01
38906: 2.158416e+00 1.465347e+00 2.442244e-01 1.320132e-01
38906: 2.157895e+00 1.467105e+00 2.434211e-01 1.315789e-01
38906: 2.160656e+00 1.465574e+00 2.426230e-01 1.311475e-01
38906: 2.163399e+00 1.464052e+00 2.418301e-01 1.307190e-01
38906: 2.162866e+00 1.462541e+00 2.442997e-01 1.302932e-01
38906: 2.165584e+00 1.461039e+00 2.435065e-01 1.298701e-01
38906: 2.168285e+00 1.459547e+00 2.427184e-01 1.294498e-01
38906: 2.167742e+00 1.458065e+00 2.451613e-01 1.290323e-01
38906: 2.170418e+00 1.456592e+00 2.443730e-01 1.286174e-01
38906: 2.169872e+00 1.458333e+00 2.435897e-01 1.282051e-01
38906: 2.172524e+00 1.456869e+00 2.428115e-01 1.277955e-01
38906: 2.171975e+00 1.458599e+00 2.420382e-01 1.273885e-01
38906: 2.171429e+00 1.457143e+00 2.444444e-01 1.269841e-01
38906: 2.170886e+00 1.455696e+00 2.468354e-01 1.265823e-01
38906: 2.170347e+00 1.457413e+00 2.460568e-01 1.261830e-01
38906: 2.169811e+00 1.455975e+00 2.484277e-01 1.257862e-01
38906: 2.172414e+00 1.454545e+00 2.476489e-01 1.253918e-01
38906: 2.171875e+00 1.456250e+00 2.468750e-01 1.250000e-01
38906: 2.171340e+00 1.457944e+00 2.461059e-01 1.246106e-01
38906: 2.170807e+00 1.456522e+00 2.484472e-01 1.242236e-01
38906: 2.167183e+00 1.458204e+00 2.507740e-01 1.238390e-01
38906: 2.169753e+00 1.456790e+00 2.500000e-01 1.234568e-01
38906: 2.169231e+00 1.458462e+00 2.492308e-01 1.230769e-01
38906: 2.168712e+00 1.460123e+00 2.484663e-01 1.226994e-01
38906: 2.171254e+00 1.458716e+00 2.477064e-01 1.223242e-01
38906: 2.170732e+00 1.457317e+00 2.469512e-01 1.250000e-01
38906: 2.173252e+00 1.455927e+00 2.462006e-01 1.246201e-01
38906: 2.172727e+00 1.454545e+00 2.454545e-01 1.272727e-01
38906: 2.172205e+00 1.456193e+00 2.447130e-01 1.268882e-01
38906: 2.174699e+00 1.454819e+00 2.439759e-01 1.265060e-01
38906: 2.177177e+00 1.453453e+00 2.432432e-01 1.261261e-01
38906: 2.176647e+00 1.452096e+00 2.425150e-01 1.287425e-01
38906: 2.176119e+00 1.453731e+00 2.417910e-01 1.283582e-01
38906: 2.178571e+00 1.452381e+00 2.410714e-01 1.279762e-01
38906: 2.178042e+00 1.451039e+00 2.403561e-01 1.305638e-01
38906: 2.180473e+00 1.449704e+00 2.396450e-01 1.301775e-01
38906: 2.179941e+00 1.451327e+00 2.389381e-01 1.297935e-01
38906: 2.179412e+00 1.452941e+00 2.382353e-01 1.294118e-01
38906: 2.181818e+00 1.451613e+00 2.375367e-01 1.290323e-01
38906: 2.181287e+00 1.450292e+00 2.368421e-01 1.315789e-01
38906: 2.180758e+00 1.448980e+00 2.390671e-01 1.311953e-01
38906: 2.180233e+00 1.450581e+00 2.383721e-01 1.308140e-01
38906: 2.182609e+00 1.449275e+00 2.376812e-01 1.304348e-01
38906: 2.184971e+00 1.447977e+00 2.369942e-01 1.300578e-01
38906: 2.184438e+00 1.449568e+00 2.363112e-01 1.296830e-01
38906: 2.183908e+00 1.451149e+00 2.356322e-01 1.293103e-01
38906: 2.186246e+00 1.449857e+00 2.349570e-01 1.289398e-01
38906: 2.188571e+00 1.448571e+00 2.342857e-01 1.285714e-01
38906: 2.188034e+00 1.447293e+00 2.364672e-01 1.282051e-01
38906: 2.187500e+00 1.446023e+00 2.386364e-01 1.278409e-01
38906: 2.186969e+00 1.447592e+00 2.379603e-01 1.274788e-01
38906: 2.186441e+00 1.449153e+00 2.372881e-01 1.271186e-01
38906: 2.185915e+00 1.450704e+00 2.366197e-01 1.267606e-01
38906: 2.188202e+00 1.449438e+00 2.359551e-01 1.264045e-01
38906: 2.190476e+00 1.448179e+00 2.352941e-01 1.260504e-01
38906: 2.192737e+00 1.446927e+00 2.346369e-01 1.256983e-01
38906: 2.192201e+00 1.448468e+00 2.339833e-01 1.253482e-01
38906: 2.188889e+00 1.450000e+00 2.361111e-01 1.250000e-01
38906: 2.188366e+00 1.448753e+00 2.382271e-01 1.246537e-01
38906: 2.190608e+00 1.447514e+00 2.375691e-01 1.243094e-01
38906: 2.190083e+00 1.446281e+00 2.396694e-01 1.239669e-01
38906: 2.189560e+00 1.445055e+00 2.417582e-01 1.236264e-01
38906: 2.189041e+00 1.446575e+00 2.410959e-01 1.232877e-01
38906: 2.188525e+00 1.448087e+00 2.404372e-01 1.229508e-01
38906: 2.188011e+00 1.446866e+00 2.425068e-01 1.226158e-01
38906: 2.187500e+00 1.445652e+00 2.445652e-01 1.222826e-01
38906: 2.186992e+00 1.447154e+00 2.439024e-01 1.219512e-01
38906: 2.186486e+00 1.445946e+00 2.432432e-01 1.243243e-01
38906: 2.185984e+00 1.447439e+00 2.425876e-01 1.239892e-01
38906: 2.185484e+00 1.448925e+00 2.419355e-01 1.236559e-01
38906: 2.187668e+00 1.447721e+00 2.412869e-01 1.233244e-01
38906: 2.187166e+00 1.449198e+00 2.406417e-01 1.229947e-01
38906: 2.184000e+00 1.453333e+00 2.400000e-01 1.226667e-01
38906: 2.183511e+00 1.454787e+00 2.393617e-01 1.223404e-01
38906: 2.183024e+00 1.453581e+00 2.387268e-01 1.246684e-01
38906: 2.185185e+00 1.452381e+00 2.380952e-01 1.243386e-01
38906: 2.184697e+00 1.453826e+00 2.374670e-01 1.240106e-01
38906: 2.184211e+00 1.455263e+00 2.368421e-01 1.236842e-01
38906: 2.183727e+00 1.456693e+00 2.362205e-01 1.233596e-01
38906: 2.183246e+00 1.455497e+00 2.382199e-01 1.230366e-01
38906: 2.182768e+00 1.454308e+00 2.402089e-01 1.227154e-01
38906: 2.184896e+00 1.453125e+00 2.395833e-01 1.223958e-01
38906: 2.187013e+00 1.451948e+00 2.389610e-01 1.220779e-01
38906: 2.189119e+00 1.450777e+00 2.383420e-01 1.217617e-01
38906: 2.188630e+00 1.449612e+00 2.403101e-01 1.214470e-01
38906: 2.188144e+00 1.451031e+00 2.396907e-01 1.211340e-01
38906: 2.187661e+00 1.449871e+00 2.416452e-01 1.208226e-01
38906: 2.187179e+00 1.451282e+00 2.410256e-01 1.205128e-01
38906: 2.189258e+00 1.450128e+00 2.404092e-01 1.202046e-01
38906: 2.188776e+00 1.451531e+00 2.397959e-01 1.198980e-01
38906: 2.188295e+00 1.452926e+00 2.391858e-01 1.195929e-01
38906: 2.187817e+00 1.451777e+00 2.385787e-01 1.218274e-01
38906: 2.187342e+00 1.453165e+00 2.379747e-01 1.215190e-01
38906: 2.186869e+00 1.454545e+00 2.373737e-01 1.212121e-01
38906: 2.186398e+00 1.455919e+00 2.367758e-01 1.209068e-01
38906: 2.188442e+00 1.454774e+00 2.361809e-01 1.206030e-01
38906: 2.187970e+00 1.456140e+00 2.355890e-01 1.203008e-01
38906: 2.190000e+00 1.455000e+00 2.350000e-01 1.200000e-01
38906: 2.187032e+00 1.456359e+00 2.369077e-01 1.197007e-01
38906: 2.186567e+00 1.457711e+00 2.363184e-01 1.194030e-01
38906: 2.186104e+00 1.456576e+00 2.357320e-01 1.215881e-01
38906: 2.185644e+00 1.455446e+00 2.376238e-01 1.212871e-01
38906: 2.185185e+00 1.456790e+00 2.370370e-01 1.209877e-01
38906: 2.187192e+00 1.455665e+00 2.364532e-01 1.206897e-01
38906: 2.189189e+00 1.454545e+00 2.358722e-01 1.203931e-01
38906: 2.188725e+00 1.455882e+00 2.352941e-01 1.200980e-01
38906: 2.188264e+00 1.457213e+00 2.347188e-01 1.198044e-01
38906: 2.187805e+00 1.458537e+00 2.341463e-01 1.195122e-01
38906: 2.187348e+00 1.457421e+00 2.360097e-01 1.192214e-01
38906: 2.189320e+00 1.456311e+00 2.354369e-01 1.189320e-01
38906: 2.191283e+00 1.455206e+00 2.348668e-01 1.186441e-01
38906: 2.190821e+00 1.456522e+00 2.342995e-01 1.183575e-01
38906: 2.192771e+00 1.455422e+00 2.337349e-01 1.180723e-01
38906: 2.192308e+00 1.454327e+00 2.355769e-01 1.177885e-01
38906: 2.194245e+00 1.453237e+00 2.350120e-01 1.175060e-01
38906: 2.196172e+00 1.452153e+00 2.344498e-01 1.172249e-01
38906: 2.195704e+00 1.453461e+00 2.338902e-01 1.169451e-01
38906: 2.195238e+00 1.454762e+00 2.333333e-01 1.166667e-01
38906: 2.194774e+00 1.456057e+00 2.327791e-01 1.163895e-01
38906: 2.194313e+00 1.454976e+00 2.345972e-01 1.161137e-01
38906: 2.196217e+00 1.453901e+00 2.340426e-01 1.158392e-01
38906: 2.198113e+00 1.452830e+00 2.334906e-01 1.155660e-01
38906: 2.197647e+00 1.451765e+00 2.329412e-01 1.176471e-01
38906: 2.197183e+00 1.450704e+00 2.347418e-01 1.173709e-01
38906: 2.199063e+00 1.449649e+00 2.341920e-01 1.170960e-01
38906: 2.196262e+00 1.450935e+00 2.359813e-01 1.168224e-01
38906: 2.195804e+00 1.452214e+00 2.354312e-01 1.165501e-01
38906: 2.195349e+00 1.453488e+00 2.348837e-01 1.162791e-01
38906: 2.194896e+00 1.454756e+00 2.343387e-01 1.160093e-01
38906: 2.194444e+00 1.456019e+00 2.337963e-01 1.157407e-01
38906: 2.193995e+00 1.454965e+00 2.355658e-01 1.154734e-01
38906: 2.195853e+00 1.453917e+00 2.350230e-01 1.152074e-01
38906: 2.195402e+00 1.452874e+00 2.367816e-01 1.149425e-01
38906: 2.194954e+00 1.454128e+00 2.362385e-01 1.146789e-01
38906: 2.196796e+00 1.453089e+00 2.356979e-01 1.144165e-01
38906: 2.196347e+00 1.452055e+00 2.374429e-01 1.141553e-01
38906: 2.195900e+00 1.451025e+00 2.369021e-01 1.161731e-01
38906: 2.195455e+00 1.450000e+00 2.386364e-01 1.159091e-01
38906: 2.195011e+00 1.448980e+00 2.380952e-01 1.179138e-01
38906: 2.194570e+00 1.450226e+00 2.375566e-01 1.176471e-01
38906: 2.191874e+00 1.453725e+00 2.370203e-01 1.173815e-01
38906: 2.191441e+00 1.454955e+00 2.364865e-01 1.171171e-01
38906: 2.191011e+00 1.456180e+00 2.359551e-01 1.168539e-01
38906: 2.192825e+00 1.455157e+00 2.354260e-01 1.165919e-01
38906: 2.192394e+00 1.454139e+00 2.348993e-01 1.185682e-01
38906: 2.191964e+00 1.455357e+00 2.343750e-01 1.183036e-01
38906: 2.191537e+00 1.454343e+00 2.338530e-01 1.202673e-01
38906: 2.191111e+00 1.455556e+00 2.333333e-01 1.200000e-01
38906: 2.190687e+00 1.454545e+00 2.328160e-01 1.219512e-01
38906: 2.188053e+00 1.457965e+00 2.323009e-01 1.216814e-01
38906: 2.187638e+00 1.456954e+00 2.339956e-01 1.214128e-01
38906: 2.187225e+00 1.455947e+00 2.334802e-01 1.233480e-01
38906: 2.186813e+00 1.454945e+00 2.329670e-01 1.252747e-01
38906: 2.186404e+00 1.453947e+00 2.346491e-01 1.250000e-01
38906: 2.185996e+00 1.455142e+00 2.341357e-01 1.247265e-01
38906: 2.185590e+00 1.454148e+00 2.336245e-01 1.266376e-01
38906: 2.187364e+00 1.453159e+00 2.331155e-01 1.263617e-01
38906: 2.189130e+00 1.452174e+00 2.326087e-01 1.260870e-01
38906: 2.188720e+00 1.453362e+00 2.321041e-01 1.258134e-01
38906: 2.188312e+00 1.452381e+00 2.316017e-01 1.277056e-01
38906: 2.190065e+00 1.451404e+00 2.311015e-01 1.274298e-01
38906: 2.189655e+00 1.452586e+00 2.306034e-01 1.271552e-01
38906: 2.191398e+00 1.451613e+00 2.301075e-01 1.268817e-01
38906: 2.193133e+00 1.450644e+00 2.296137e-01 1.266094e-01
38906: 2.192719e+00 1.451820e+00 2.291221e-01 1.263383e-01
38906: 2.192308e+00 1.452991e+00 2.286325e-01 1.260684e-01
38906: 2.191898e+00 1.452026e+00 2.302772e-01 1.257996e-01
38906: 2.193617e+00 1.451064e+00 2.297872e-01 1.255319e-01
38906: 2.193206e+00 1.452229e+00 2.292994e-01 1.252654e-01
38906: 2.192797e+00 1.451271e+00 2.309322e-01 1.250000e-01
38906: 2.192389e+00 1.450317e+00 2.304440e-01 1.268499e-01
38906: 2.191983e+00 1.449367e+00 2.320675e-01 1.265823e-01
38906: 2.191579e+00 1.448421e+00 2.336842e-01 1.263158e-01
38906: 2.193277e+00 1.447479e+00 2.331933e-01 1.260504e-01
38906: 2.192872e+00 1.448637e+00 2.327044e-01 1.257862e-01
38906: 2.192469e+00 1.447699e+00 2.343096e-01 1.255230e-01
38906: 2.194154e+00 1.446764e+00 2.338205e-01 1.252610e-01
38906: 2.195833e+00 1.445833e+00 2.333333e-01 1.250000e-01
38906: 2.193347e+00 1.446985e+00 2.328482e-01 1.268191e-01
38906: 2.192946e+00 1.448133e+00 2.323651e-01 1.265560e-01
38906: 2.192547e+00 1.449275e+00 2.318841e-01 1.262940e-01
38906: 2.194215e+00 1.448347e+00 2.314050e-01 1.260331e-01
38906: 2.191753e+00 1.449485e+00 2.329897e-01 1.257732e-01
38906: 2.193416e+00 1.448560e+00 2.325103e-01 1.255144e-01
38906: 2.193018e+00 1.449692e+00 2.320329e-01 1.252567e-01
38906: 2.194672e+00 1.448770e+00 2.315574e-01 1.250000e-01
38906: 2.196319e+00 1.447853e+00 2.310838e-01 1.247444e-01
38906: 2.195918e+00 1.446939e+00 2.326531e-01 1.244898e-01
38906: 2.197556e+00 1.446029e+00 2.321792e-01 1.242363e-01
38906: 2.199187e+00 1.445122e+00 2.317073e-01 1.239837e-01
38906: 2.198783e+00 1.446247e+00 2.312373e-01 1.237323e-01
38906: 2.198381e+00 1.445344e+00 2.307692e-01 1.255061e-01
38906: 2.197980e+00 1.446465e+00 2.303030e-01 1.252525e-01
38906: 2.197581e+00 1.447581e+00 2.298387e-01 1.250000e-01
38906: 2.197183e+00 1.448692e+00 2.293763e-01 1.247485e-01
38906: 2.196787e+00 1.447791e+00 2.309237e-01 1.244980e-01
38906: 2.196393e+00 1.446894e+00 2.324649e-01 1.242485e-01
38906: 2.198000e+00 1.446000e+00 2.320000e-01 1.240000e-01
38906: 2.195609e+00 1.449102e+00 2.315369e-01 1.237525e-01
38906: 2.195219e+00 1.450199e+00 2.310757e-01 1.235060e-01
38906: 2.194831e+00 1.449304e+00 2.326044e-01 1.232604e-01
38906: 2.194444e+00 1.450397e+00 2.321429e-01 1.230159e-01
38906: 2.194059e+00 1.449505e+00 2.336634e-01 1.227723e-01
38906: 2.191700e+00 1.450593e+00 2.332016e-01 1.245059e-01
38906: 2.193294e+00 1.449704e+00 2.327416e-01 1.242604e-01
38906: 2.192913e+00 1.448819e+00 2.342520e-01 1.240157e-01
38906: 2.194499e+00 1.447937e+00 2.337917e-01 1.237721e-01
38906: 2.194118e+00 1.449020e+00 2.333333e-01 1.235294e-01
38906: 2.193738e+00 1.448141e+00 2.348337e-01 1.232877e-01
38906: 2.193359e+00 1.449219e+00 2.343750e-01 1.230469e-01
38906: 2.192982e+00 1.448343e+00 2.358674e-01 1.228070e-01
38906: 2.194553e+00 1.447471e+00 2.354086e-01 1.225681e-01
38906: 2.194175e+00 1.448544e+00 2.349515e-01 1.223301e-01
38906: 2.193798e+00 1.447674e+00 2.364341e-01 1.220930e-01
38906: 2.195358e+00 1.446809e+00 2.359768e-01 1.218569e-01
38906: 2.194981e+00 1.445946e+00 2.374517e-01 1.216216e-01
38906: 2.196532e+00 1.445087e+00 2.369942e-01 1.213873e-01
38906: 2.198077e+00 1.444231e+00 2.365385e-01 1.211538e-01
38906: 2.199616e+00 1.443378e+00 2.360845e-01 1.209213e-01
38906: 2.199234e+00 1.442529e+00 2.356322e-01 1.226054e-01
38906: 2.198853e+00 1.441683e+00 2.370937e-01 1.223709e-01
38906: 2.200382e+00 1.440840e+00 2.366412e-01 1.221374e-01
38906: 2.200000e+00 1.440000e+00 2.380952e-01 1.219048e-01
38906: 2.201521e+00 1.439163e+00 2.376426e-01 1.216730e-01
38906: 2.201139e+00 1.440228e+00 2.371917e-01 1.214421e-01
38906: 2.200758e+00 1.439394e+00 2.367424e-01 1.231061e-01
38906: 2.200378e+00 1.438563e+00 2.381853e-01 1.228733e-01
38906: 2.201887e+00 1.437736e+00 2.377358e-01 1.226415e-01
38906: 2.201507e+00 1.436911e+00 2.391714e-01 1.224105e-01
38906: 2.201128e+00 1.436090e+00 2.387218e-01 1.240602e-01
38906: 2.200750e+00 1.437148e+00 2.382739e-01 1.238274e-01
38906: 2.200375e+00 1.438202e+00 2.378277e-01 1.235955e-01
38906: 2.200000e+00 1.439252e+00 2.373832e-01 1.233645e-01
38906: 2.199627e+00 1.440299e+00 2.369403e-01 1.231343e-01
38906: 2.199255e+00 1.441341e+00 2.364991e-01 1.229050e-01
38906: 2.198885e+00 1.440520e+00 2.360595e-01 1.245353e-01
38906: 2.198516e+00 1.439703e+00 2.356215e-01 1.261596e-01
38906: 2.200000e+00 1.438889e+00 2.351852e-01 1.259259e-01
38906: 2.201479e+00 1.438078e+00 2.347505e-01 1.256932e-01
38906: 2.201107e+00 1.439114e+00 2.343173e-01 1.254613e-01
38906: 2.200737e+00 1.440147e+00 2.338858e-01 1.252302e-01
38906: 2.200368e+00 1.439338e+00 2.352941e-01 1.250000e-01
38906: 2.200000e+00 1.440367e+00 2.348624e-01 1.247706e-01
38906: 2.199634e+00 1.439560e+00 2.362637e-01 1.245421e-01
38906: 2.201097e+00 1.438757e+00 2.358318e-01 1.243144e-01
38906: 2.200730e+00 1.437956e+00 2.354015e-01 1.259124e-01
38906: 2.200364e+00 1.437158e+00 2.367942e-01 1.256831e-01
38906: 2.198182e+00 1.438182e+00 2.363636e-01 1.272727e-01
38906: 2.197822e+00 1.439201e+00 2.359347e-01 1.270417e-01
38906: 2.199275e+00 1.438406e+00 2.355072e-01 1.268116e-01
38906: 2.200723e+00 1.437613e+00 2.350814e-01 1.265823e-01
38906: 2.200361e+00 1.438628e+00 2.346570e-01 1.263538e-01
38906: 2.201802e+00 1.437838e+00 2.342342e-01 1.261261e-01
38906: 2.201439e+00 1.438849e+00 2.338129e-01 1.258993e-01
38906: 2.202873e+00 1.438061e+00 2.333932e-01 1.256732e-01
38906: 2.204301e+00 1.437276e+00 2.329749e-01 1.254480e-01
38906: 2.203936e+00 1.436494e+00 2.325581e-01 1.270125e-01
38906: 2.203571e+00 1.435714e+00 2.321429e-01 1.285714e-01
38906: 2.203209e+00 1.436720e+00 2.317291e-01 1.283422e-01
38906: 2.204626e+00 1.435943e+00 2.313167e-01 1.281139e-01
38906: 2.204263e+00 1.435169e+00 2.326821e-01 1.278863e-01
38906: 2.203901e+00 1.434397e+00 2.322695e-01 1.294326e-01
38906: 2.203540e+00 1.435398e+00 2.318584e-01 1.292035e-01
38906: 2.203180e+00 1.434629e+00 2.332155e-01 1.289753e-01
38906: 2.204586e+00 1.433862e+00 2.328042e-01 1.287478e-01
38906: 2.204225e+00 1.434859e+00 2.323944e-01 1.285211e-01
38906: 2.203866e+00 1.434095e+00 2.337434e-01 1.282953e-01
38906: 2.203509e+00 1.435088e+00 2.333333e-01 1.280702e-01
38906: 2.203152e+00 1.434326e+00 2.346760e-01 1.278459e-01
38906: 2.204545e+00 1.433566e+00 2.342657e-01 1.276224e-01
38906: 2.204188e+00 1.432810e+00 2.338569e-01 1.291449e-01
38906: 2.203833e+00 1.433798e+00 2.334495e-01 1.289199e-01
38906: 2.203478e+00 1.434783e+00 2.330435e-01 1.286957e-01
38906: 2.203125e+00 1.435764e+00 2.326389e-01 1.284722e-01
38906: 2.204506e+00 1.435009e+00 2.322357e-01 1.282496e-01
38906: 2.204152e+00 1.434256e+00 2.318339e-01 1.297578e-01
38906: 2.203800e+00 1.433506e+00 2.331606e-01 1.295337e-01
38906: 2.203448e+00 1.434483e+00 2.327586e-01 1.293103e-01
38906: 2.203098e+00 1.435456e+00 2.323580e-01 1.290878e-01
38906: 2.202749e+00 1.434708e+00 2.336770e-01 1.288660e-01
38906: 2.202401e+00 1.433962e+00 2.349914e-01 1.286449e-01
38906: 2.200342e+00 1.434932e+00 2.363014e-01 1.284247e-01
38906: 2.200000e+00 1.434188e+00 2.376068e-01 1.282051e-01
38906: 2.201365e+00 1.433447e+00 2.372014e-01 1.279863e-01
38906: 2.201022e+00 1.432709e+00 2.385009e-01 1.277683e-01
38906: 2.200680e+00 1.433673e+00 2.380952e-01 1.275510e-01
38906: 2.200340e+00 1.432937e+00 2.393888e-01 1.273345e-01
38906: 2.198305e+00 1.433898e+00 2.406780e-01 1.271186e-01
38906: 2.197970e+00 1.434856e+00 2.402707e-01 1.269036e-01
38906: 2.197635e+00 1.435811e+00 2.398649e-01 1.266892e-01
38906: 2.197302e+00 1.436762e+00 2.394604e-01 1.264755e-01
38906: 2.196970e+00 1.436027e+00 2.407407e-01 1.262626e-01
38906: 2.196639e+00 1.436975e+00 2.403361e-01 1.260504e-01
38906: 2.196309e+00 1.436242e+00 2.416107e-01 1.258389e-01
38906: 2.195980e+00 1.435511e+00 2.428811e-01 1.256281e-01
38906: 2.195652e+00 1.434783e+00 2.424749e-01 1.270903e-01
38906: 2.196995e+00 1.434057e+00 2.420701e-01 1.268781e-01
38906: 2.196667e+00 1.435000e+00 2.416667e-01 1.266667e-01
38906: 2.196339e+00 1.435940e+00 2.412646e-01 1.264559e-01
38906: 2.196013e+00 1.436877e+00 2.408638e-01 1.262458e-01
38906: 2.197347e+00 1.436153e+00 2.404643e-01 1.260365e-01
38906: 2.197020e+00 1.435430e+00 2.417219e-01 1.258278e-01
38906: 2.196694e+00 1.434711e+00 2.413223e-01 1.272727e-01
38906: 2.196370e+00 1.433993e+00 2.409241e-01 1.287129e-01
38906: 2.196046e+00 1.433278e+00 2.421746e-01 1.285008e-01
38906: 2.197368e+00 1.432566e+00 2.417763e-01 1.282895e-01
38906: 2.197044e+00 1.431856e+00 2.430213e-01 1.280788e-01
38906: 2.196721e+00 1.432787e+00 2.426230e-01 1.278689e-01
38906: 2.196399e+00 1.433715e+00 2.422259e-01 1.276596e-01
38906: 2.196078e+00 1.433007e+00 2.434641e-01 1.274510e-01
38906: 2.197390e+00 1.432300e+00 2.430669e-01 1.272431e-01
38906: 2.197068e+00 1.431596e+00 2.442997e-01 1.270358e-01
38906: 2.198374e+00 1.430894e+00 2.439024e-01 1.268293e-01
38906: 2.199675e+00 1.430195e+00 2.435065e-01 1.266234e-01
38906: 2.199352e+00 1.429498e+00 2.447326e-01 1.264182e-01
38906: 2.199029e+00 1.430421e+00 2.443366e-01 1.262136e-01
38906: 2.198708e+00 1.431341e+00 2.439418e-01 1.260097e-01
38906: 2.200000e+00 1.430645e+00 2.435484e-01 1.258065e-01
38906: 2.199678e+00 1.431562e+00 2.431562e-01 1.256039e-01
38906: 2.199357e+00 1.430868e+00 2.443730e-01 1.254019e-01
38906: 2.199037e+00 1.430177e+00 2.455859e-01 1.252006e-01
38906: 2.198718e+00 1.431090e+00 2.451923e-01 1.250000e-01
38906: 2.198400e+00 1.432000e+00 2.448000e-01 1.248000e-01
38906: 2.198083e+00 1.432907e+00 2.444089e-01 1.246006e-01
38906: 2.199362e+00 1.432217e+00 2.440191e-01 1.244019e-01
38906: 2.199045e+00 1.431529e+00 2.436306e-01 1.257962e-01
38906: 2.198728e+00 1.430843e+00 2.448331e-01 1.255962e-01
38906: 2.198413e+00 1.431746e+00 2.444444e-01 1.253968e-01
38906: 2.199683e+00 1.431062e+00 2.440571e-01 1.251981e-01
38906: 2.199367e+00 1.431962e+00 2.436709e-01 1.250000e-01
38906: 2.199052e+00 1.432859e+00 2.432859e-01 1.248025e-01
38906: 2.198738e+00 1.432177e+00 2.444795e-01 1.246057e-01
38906: 2.198425e+00 1.431496e+00 2.456693e-01 1.244094e-01
38906: 2.198113e+00 1.430818e+00 2.452830e-01 1.257862e-01
38906: 2.199372e+00 1.430141e+00 2.448980e-01 1.255887e-01
38906: 2.199060e+00 1.429467e+00 2.445141e-01 1.269592e-01
38906: 2.198748e+00 1.430360e+00 2.441315e-01 1.267606e-01
38906: 2.200000e+00 1.429688e+00 2.437500e-01 1.265625e-01
38906: 2.199688e+00 1.429017e+00 2.449298e-01 1.263651e-01
38906: 2.199377e+00 1.429907e+00 2.445483e-01 1.261682e-01
38906: 2.199067e+00 1.429238e+00 2.441680e-01 1.275272e-01
38906: 2.198758e+00 1.428571e+00 2.453416e-01 1.273292e-01
38906: 2.200000e+00 1.427907e+00 2.449612e-01 1.271318e-01
38906: 2.199690e+00 1.427245e+00 2.461300e-01 1.269350e-01
38906: 2.199382e+00 1.428130e+00 2.457496e-01 1.267388e-01
38906: 2.199074e+00 1.429012e+00 2.453704e-01 1.265432e-01
38906: 2.198767e+00 1.429892e+00 2.449923e-01 1.263482e-01
38906: 2.198462e+00 1.429231e+00 2.461538e-01 1.261538e-01
38906: 2.199693e+00 1.428571e+00 2.457757e-01 1.259601e-01
38906: 2.199387e+00 1.429448e+00 2.453988e-01 1.257669e-01
38906: 2.199081e+00 1.430322e+00 2.450230e-01 1.255743e-01
38906: 2.200306e+00 1.429664e+00 2.446483e-01 1.253823e-01
38906: 2.198473e+00 1.430534e+00 2.442748e-01 1.267176e-01
38906: 2.198171e+00 1.429878e+00 2.454268e-01 1.265244e-01
38906: 2.197869e+00 1.430746e+00 2.450533e-01 1.263318e-01
38906: 2.197568e+00 1.431611e+00 2.446809e-01 1.261398e-01
38906: 2.197269e+00 1.432473e+00 2.443096e-01 1.259484e-01
38906: 2.196970e+00 1.431818e+00 2.454545e-01 1.257576e-01
38906: 2.198185e+00 1.431165e+00 2.450832e-01 1.255673e-01
38906: 2.199396e+00 1.430514e+00 2.447130e-01 1.253776e-01
38906: 2.199095e+00 1.431373e+00 2.443439e-01 1.251885e-01
38906: 2.200301e+00 1.430723e+00 2.439759e-01 1.250000e-01
38906: 2.200000e+00 1.430075e+00 2.436090e-01 1.263158e-01
38906: 2.199700e+00 1.430931e+00 2.432432e-01 1.261261e-01
38906: 2.199400e+00 1.430285e+00 2.428786e-01 1.274363e-01
38906: 2.199102e+00 1.429641e+00 2.440120e-01 1.272455e-01
38906: 2.198804e+00 1.430493e+00 2.436472e-01 1.270553e-01
38906: 2.197015e+00 1.431343e+00 2.447761e-01 1.268657e-01
38906: 2.198212e+00 1.430700e+00 2.444113e-01 1.266766e-01
38906: 2.199405e+00 1.430060e+00 2.440476e-01 1.264881e-01
38906: 2.199108e+00 1.429421e+00 2.451709e-01 1.263001e-01
38906: 2.198813e+00 1.428783e+00 2.462908e-01 1.261128e-01
38906: 2.198519e+00 1.428148e+00 2.459259e-01 1.274074e-01
38906: 2.198225e+00 1.427515e+00 2.470414e-01 1.272189e-01
38906: 2.197932e+00 1.428360e+00 2.466765e-01 1.270310e-01
38906: 2.197640e+00 1.427729e+00 2.477876e-01 1.268437e-01
38906: 2.197349e+00 1.428571e+00 2.474227e-01 1.266568e-01
38906: 2.197059e+00 1.429412e+00 2.470588e-01 1.264706e-01
38906: 2.196769e+00 1.428781e+00 2.481645e-01 1.262849e-01
38906: 2.196481e+00 1.429619e+00 2.478006e-01 1.260997e-01
38906: 2.194729e+00 1.431918e+00 2.474378e-01 1.259151e-01
38906: 2.194444e+00 1.431287e+00 2.470760e-01 1.271930e-01
38906: 2.195620e+00 1.430657e+00 2.467153e-01 1.270073e-01
38906: 2.195335e+00 1.430029e+00 2.478134e-01 1.268222e-01
38906: 2.195051e+00 1.429403e+00 2.489083e-01 1.266376e-01
38906: 2.194767e+00 1.428779e+00 2.500000e-01 1.264535e-01
38906: 2.195936e+00 1.428157e+00 2.496372e-01 1.262700e-01
38906: 2.197101e+00 1.427536e+00 2.492754e-01 1.260870e-01
38906: 2.198263e+00 1.426918e+00 2.489146e-01 1.259045e-01
38906: 2.197977e+00 1.427746e+00 2.485549e-01 1.257225e-01
38906: 2.197691e+00 1.427128e+00 2.496392e-01 1.255411e-01
38906: 2.197406e+00 1.426513e+00 2.492795e-01 1.268012e-01
38906: 2.197122e+00 1.425899e+00 2.503597e-01 1.266187e-01
38906: 2.196839e+00 1.426724e+00 2.500000e-01 1.264368e-01
38906: 2.196557e+00 1.426112e+00 2.496413e-01 1.276901e-01
38906: 2.197708e+00 1.425501e+00 2.492837e-01 1.275072e-01
38906: 2.198856e+00 1.424893e+00 2.489270e-01 1.273247e-01
38906: 2.198571e+00 1.424286e+00 2.500000e-01 1.271429e-01
38906: 2.196862e+00 1.425107e+00 2.496434e-01 1.283880e-01
38906: 2.198006e+00 1.424501e+00 2.492877e-01 1.282051e-01
38906: 2.196302e+00 1.425320e+00 2.503556e-01 1.280228e-01
38906: 2.196023e+00 1.426136e+00 2.500000e-01 1.278409e-01
38906: 2.197163e+00 1.425532e+00 2.496454e-01 1.276596e-01
38906: 2.196884e+00 1.424929e+00 2.492918e-01 1.288952e-01
38906: 2.196605e+00 1.424328e+00 2.503536e-01 1.287129e-01
38906: 2.197740e+00 1.423729e+00 2.500000e-01 1.285311e-01
38906: 2.198872e+00 1.423131e+00 2.496474e-01 1.283498e-01
38906: 2.198592e+00 1.422535e+00 2.507042e-01 1.281690e-01
38906: 2.198312e+00 1.421941e+00 2.517581e-01 1.279887e-01
38906: 2.199438e+00 1.421348e+00 2.514045e-01 1.278090e-01
38906: 2.199158e+00 1.420757e+00 2.510519e-01 1.290323e-01
38906: 2.198880e+00 1.420168e+00 2.521008e-01 1.288515e-01
38906: 2.198601e+00 1.419580e+00 2.531469e-01 1.286713e-01
38906: 2.198324e+00 1.420391e+00 2.527933e-01 1.284916e-01
38906: 2.198047e+00 1.419805e+00 2.538354e-01 1.283124e-01
38906: 2.199164e+00 1.419220e+00 2.534819e-01 1.281337e-01
38906: 2.198887e+00 1.418637e+00 2.545202e-01 1.279555e-01
38906: 2.198611e+00 1.418056e+00 2.555556e-01 1.277778e-01
38906: 2.198336e+00 1.418863e+00 2.552011e-01 1.276006e-01
38906: 2.199446e+00 1.418283e+00 2.548476e-01 1.274238e-01
38906: 2.200553e+00 1.417704e+00 2.544952e-01 1.272476e-01
38906: 2.200276e+00 1.418508e+00 2.541436e-01 1.270718e-01
38906: 2.200000e+00 1.419310e+00 2.537931e-01 1.268966e-01
38906: 2.201102e+00 1.418733e+00 2.534435e-01 1.267218e-01
38906: 2.200825e+00 1.418157e+00 2.530949e-01 1.279230e-01
38906: 2.200549e+00 1.417582e+00 2.541209e-01 1.277473e-01
38906: 2.200274e+00 1.417010e+00 2.551440e-01 1.275720e-01
38906: 2.200000e+00 1.416438e+00 2.547945e-01 1.287671e-01
38906: 2.201094e+00 1.415869e+00 2.544460e-01 1.285910e-01
38906: 2.202186e+00 1.415301e+00 2.540984e-01 1.284153e-01
38906: 2.203274e+00 1.414734e+00 2.537517e-01 1.282401e-01
38906: 2.202997e+00 1.414169e+00 2.547684e-01 1.280654e-01
38906: 2.202721e+00 1.414966e+00 2.544218e-01 1.278912e-01
38906: 2.203804e+00 1.414402e+00 2.540761e-01 1.277174e-01
38906: 2.203528e+00 1.413840e+00 2.537313e-01 1.289009e-01
38906: 2.203252e+00 1.413279e+00 2.533875e-01 1.300813e-01
38906: 2.202977e+00 1.414073e+00 2.530447e-01 1.299053e-01
38906: 2.202703e+00 1.414865e+00 2.527027e-01 1.297297e-01
38906: 2.203779e+00 1.414305e+00 2.523617e-01 1.295547e-01
38906: 2.203504e+00 1.415094e+00 2.520216e-01 1.293801e-01
38906: 2.203230e+00 1.414536e+00 2.530283e-01 1.292059e-01
38906: 2.202957e+00 1.415323e+00 2.526882e-01 1.290323e-01
38906: 2.204027e+00 1.414765e+00 2.523490e-01 1.288591e-01
38906: 2.203753e+00 1.415550e+00 2.520107e-01 1.286863e-01
38906: 2.203481e+00 1.416332e+00 2.516734e-01 1.285141e-01
38906: 2.204545e+00 1.415775e+00 2.513369e-01 1.283422e-01
38906: 2.205607e+00 1.415220e+00 2.510013e-01 1.281709e-01
38906: 2.205333e+00 1.416000e+00 2.506667e-01 1.280000e-01
38906: 2.205060e+00 1.416778e+00 2.503329e-01 1.278296e-01
38906: 2.204787e+00 1.416223e+00 2.513298e-01 1.276596e-01
38906: 2.204515e+00 1.415671e+00 2.523240e-01 1.274900e-01
38906: 2.204244e+00 1.415119e+00 2.533156e-01 1.273210e-01
38906: 2.205298e+00 1.414570e+00 2.529801e-01 1.271523e-01
38906: 2.205026e+00 1.414021e+00 2.539683e-01 1.269841e-01
38906: 2.203435e+00 1.414795e+00 2.549538e-01 1.268164e-01
38906: 2.201847e+00 1.415567e+00 2.559367e-01 1.266491e-01
38906: 2.202899e+00 1.415020e+00 2.555995e-01 1.264822e-01
38906: 2.202632e+00 1.414474e+00 2.552632e-01 1.276316e-01
38906: 2.202365e+00 1.413929e+00 2.562418e-01 1.274639e-01
38906: 2.202100e+00 1.413386e+00 2.559055e-01 1.286089e-01
38906: 2.200524e+00 1.415465e+00 2.555701e-01 1.284404e-01
38906: 2.201571e+00 1.414921e+00 2.552356e-01 1.282723e-01
38906: 2.201307e+00 1.414379e+00 2.562092e-01 1.281046e-01
38906: 2.201044e+00 1.413838e+00 2.571802e-01 1.279373e-01
38906: 2.200782e+00 1.414602e+00 2.568449e-01 1.277705e-01
38906: 2.200521e+00 1.414062e+00 2.565104e-01 1.289062e-01
38906: 2.200260e+00 1.413524e+00 2.561769e-01 1.300390e-01
38906: 2.201299e+00 1.412987e+00 2.558442e-01 1.298701e-01
38906: 2.201038e+00 1.412451e+00 2.555123e-01 1.309987e-01
38906: 2.202073e+00 1.411917e+00 2.551813e-01 1.308290e-01
38906: 2.201811e+00 1.412678e+00 2.548512e-01 1.306598e-01
38906: 2.201550e+00 1.412145e+00 2.558140e-01 1.304910e-01
38906: 2.201290e+00 1.411613e+00 2.567742e-01 1.303226e-01
38906: 2.202320e+00 1.411082e+00 2.564433e-01 1.301546e-01
38906: 2.202059e+00 1.411840e+00 2.561133e-01 1.299871e-01
38906: 2.203085e+00 1.411311e+00 2.557841e-01 1.298201e-01
38906: 2.202824e+00 1.412067e+00 2.554557e-01 1.296534e-01
38906: 2.202564e+00 1.411538e+00 2.564103e-01 1.294872e-01
38906: 2.201024e+00 1.412292e+00 2.560819e-01 1.306018e-01
38906: 2.202046e+00 1.411765e+00 2.557545e-01 1.304348e-01
38906: 2.201788e+00 1.412516e+00 2.554278e-01 1.302682e-01
38906: 2.201531e+00 1.413265e+00 2.551020e-01 1.301020e-01
38906: 2.201274e+00 1.412739e+00 2.547771e-01 1.312102e-01
38906: 2.202290e+00 1.412214e+00 2.544529e-01 1.310433e-01
38906: 2.202033e+00 1.411690e+00 2.554003e-01 1.308767e-01
38906: 2.200508e+00 1.412437e+00 2.550761e-01 1.319797e-01
38906: 2.201521e+00 1.411914e+00 2.547529e-01 1.318124e-01
38906: 2.201266e+00 1.411392e+00 2.544304e-01 1.329114e-01
38906: 2.201011e+00 1.410872e+00 2.553729e-01 1.327434e-01
38906: 2.200758e+00 1.411616e+00 2.550505e-01 1.325758e-01
38906: 2.200504e+00 1.411097e+00 2.559899e-01 1.324086e-01
38906: 2.200252e+00 1.411839e+00 2.556675e-01 1.322418e-01
38906: 2.201258e+00 1.411321e+00 2.553459e-01 1.320755e-01
38906: 2.201005e+00 1.412060e+00 2.550251e-01 1.319095e-01
38906: 2.200753e+00 1.412798e+00 2.547051e-01 1.317440e-01
38906: 2.200501e+00 1.412281e+00 2.556391e-01 1.315789e-01
38906: 2.200250e+00 1.411765e+00 2.565707e-01 1.314143e-01
38906: 2.201250e+00 1.411250e+00 2.562500e-01 1.312500e-01
38906: 2.200999e+00 1.411985e+00 2.559301e-01 1.310861e-01
38906: 2.201995e+00 1.411471e+00 2.556110e-01 1.309227e-01
38906: 2.201743e+00 1.412204e+00 2.552927e-01 1.307597e-01
38906: 2.201493e+00 1.411692e+00 2.562189e-01 1.305970e-01
38906: 2.201242e+00 1.411180e+00 2.571429e-01 1.304348e-01
38906: 2.200993e+00 1.410670e+00 2.580645e-01 1.302730e-01
38906: 2.200743e+00 1.410161e+00 2.589839e-01 1.301115e-01
38906: 2.200495e+00 1.410891e+00 2.586634e-01 1.299505e-01
38906: 2.200247e+00 1.411619e+00 2.583436e-01 1.297899e-01
38906: 2.200000e+00 1.411111e+00 2.580247e-01 1.308642e-01
38906: 2.199753e+00 1.410604e+00 2.577065e-01 1.319359e-01
38906: 2.199507e+00 1.410099e+00 2.586207e-01 1.317734e-01
38906: 2.200492e+00 1.409594e+00 2.583026e-01 1.316113e-01
38906: 2.201474e+00 1.409091e+00 2.579853e-01 1.314496e-01
38906: 2.202454e+00 1.408589e+00 2.576687e-01 1.312883e-01
38906: 2.202206e+00 1.409314e+00 2.573529e-01 1.311275e-01
38906: 2.201958e+00 1.410037e+00 2.570379e-01 1.309670e-01
38906: 2.201711e+00 1.410758e+00 2.567237e-01 1.308068e-01
38906: 2.201465e+00 1.411477e+00 2.564103e-01 1.306471e-01
38906: 2.201220e+00 1.412195e+00 2.560976e-01 1.304878e-01
38906: 2.202192e+00 1.411693e+00 2.557856e-01 1.303289e-01
38906: 2.203163e+00 1.411192e+00 2.554745e-01 1.301703e-01
38906: 2.202916e+00 1.410693e+00 2.551640e-01 1.312272e-01
38906: 2.202670e+00 1.411408e+00 2.548544e-01 1.310680e-01
38906: 2.202424e+00 1.410909e+00 2.557576e-01 1.309091e-01
38906: 2.203390e+00 1.410412e+00 2.554479e-01 1.307506e-01
38906: 2.203144e+00 1.411125e+00 2.551391e-01 1.305925e-01
38906: 2.202899e+00 1.411836e+00 2.548309e-01 1.304348e-01
38906: 2.202654e+00 1.412545e+00 2.545235e-01 1.302774e-01
38906: 2.203614e+00 1.412048e+00 2.542169e-01 1.301205e-01
38906: 2.204573e+00 1.411552e+00 2.539110e-01 1.299639e-01
38906: 2.205529e+00 1.411058e+00 2.536058e-01 1.298077e-01
38906: 2.205282e+00 1.410564e+00 2.545018e-01 1.296519e-01
38906: 2.205036e+00 1.410072e+00 2.553957e-01 1.294964e-01
38906: 2.205988e+00 1.409581e+00 2.550898e-01 1.293413e-01
38906: 2.206938e+00 1.409091e+00 2.547847e-01 1.291866e-01
38906: 2.206691e+00 1.408602e+00 2.544803e-01 1.302270e-01
38906: 2.207637e+00 1.408115e+00 2.541766e-01 1.300716e-01
38906: 2.207390e+00 1.408820e+00 2.538737e-01 1.299166e-01
38906: 2.207143e+00 1.408333e+00 2.535714e-01 1.309524e-01
38906: 2.206897e+00 1.407848e+00 2.544590e-01 1.307967e-01
38906: 2.207838e+00 1.407363e+00 2.541568e-01 1.306413e-01
38906: 2.207592e+00 1.406880e+00 2.550415e-01 1.304864e-01
38906: 2.208531e+00 1.406398e+00 2.547393e-01 1.303318e-01
38906: 2.208284e+00 1.407101e+00 2.544379e-01 1.301775e-01
38906: 2.209220e+00 1.406619e+00 2.541371e-01 1.300236e-01
38906: 2.208973e+00 1.406139e+00 2.538371e-01 1.310508e-01
38906: 2.208726e+00 1.405660e+00 2.535377e-01 1.320755e-01
38906: 2.208481e+00 1.405183e+00 2.544170e-01 1.319199e-01
38906: 2.209412e+00 1.404706e+00 2.541176e-01 1.317647e-01
38906: 2.209166e+00 1.404230e+00 2.538190e-01 1.327850e-01
38906: 2.208920e+00 1.404930e+00 2.535211e-01 1.326291e-01
38906: 2.208675e+00 1.405627e+00 2.532239e-01 1.324736e-01
38906: 2.208431e+00 1.406323e+00 2.529274e-01 1.323185e-01
38906: 2.208187e+00 1.405848e+00 2.538012e-01 1.321637e-01
38906: 2.209112e+00 1.405374e+00 2.535047e-01 1.320093e-01
38906: 2.210035e+00 1.404901e+00 2.532089e-01 1.318553e-01
38906: 2.209790e+00 1.405594e+00 2.529138e-01 1.317016e-01
38906: 2.209546e+00 1.405122e+00 2.526193e-01 1.327125e-01
38906: 2.208140e+00 1.405814e+00 2.534884e-01 1.325581e-01
38906: 2.206736e+00 1.407666e+00 2.531940e-01 1.324042e-01
38906: 2.206497e+00 1.407193e+00 2.540603e-01 1.322506e-01
38906: 2.207416e+00 1.406721e+00 2.537659e-01 1.320973e-01
38906: 2.206019e+00 1.407407e+00 2.546296e-01 1.319444e-01
38906: 2.205780e+00 1.408092e+00 2.543353e-01 1.317919e-01
38906: 2.206697e+00 1.407621e+00 2.540416e-01 1.316397e-01
38906: 2.206459e+00 1.408304e+00 2.537486e-01 1.314879e-01
38906: 2.206221e+00 1.407834e+00 2.546083e-01 1.313364e-01
38906: 2.205984e+00 1.407365e+00 2.554661e-01 1.311853e-01
38906: 2.206897e+00 1.406897e+00 2.551724e-01 1.310345e-01
38906: 2.206659e+00 1.406429e+00 2.560276e-01 1.308840e-01
38906: 2.206422e+00 1.407110e+00 2.557339e-01 1.307339e-01
38906: 2.206186e+00 1.407789e+00 2.554410e-01 1.305842e-01
38906: 2.205950e+00 1.408467e+00 2.551487e-01 1.304348e-01
38906: 2.205714e+00 1.408000e+00 2.560000e-01 1.302857e-01
38906: 2.206621e+00 1.407534e+00 2.557078e-01 1.301370e-01
38906: 2.206385e+00 1.407070e+00 2.565564e-01 1.299886e-01
38906: 2.206150e+00 1.406606e+00 2.574032e-01 1.298405e-01
38906: 2.205916e+00 1.407281e+00 2.571104e-01 1.296928e-01
38906: 2.205682e+00 1.407955e+00 2.568182e-01 1.295455e-01
38906: 2.205448e+00 1.407491e+00 2.576617e-01 1.293984e-01
38906: 2.205215e+00 1.408163e+00 2.573696e-01 1.292517e-01
38906: 2.204983e+00 1.407701e+00 2.582106e-01 1.291053e-01
38906: 2.204751e+00 1.408371e+00 2.579186e-01 1.289593e-01
38906: 2.204520e+00 1.407910e+00 2.587571e-01 1.288136e-01
38906: 2.205418e+00 1.407449e+00 2.584650e-01 1.286682e-01
38906: 2.206313e+00 1.406990e+00 2.581736e-01 1.285231e-01
38906: 2.206081e+00 1.407658e+00 2.578829e-01 1.283784e-01
38906: 2.204724e+00 1.408324e+00 2.575928e-01 1.293588e-01
38906: 2.204494e+00 1.407865e+00 2.584270e-01 1.292135e-01
38906: 2.204265e+00 1.407407e+00 2.592593e-01 1.290685e-01
38906: 2.204036e+00 1.408072e+00 2.589686e-01 1.289238e-01
38906: 2.203807e+00 1.408735e+00 2.586786e-01 1.287794e-01
38906: 2.203579e+00 1.408277e+00 2.595078e-01 1.286353e-01
38906: 2.203352e+00 1.408939e+00 2.592179e-01 1.284916e-01
38906: 2.204241e+00 1.408482e+00 2.589286e-01 1.283482e-01
38906: 2.204013e+00 1.408027e+00 2.597547e-01 1.282051e-01
38906: 2.203786e+00 1.407572e+00 2.605791e-01 1.280624e-01
38906: 2.204672e+00 1.407119e+00 2.602892e-01 1.279199e-01
38906: 2.204444e+00 1.406667e+00 2.611111e-01 1.277778e-01
38906: 2.205327e+00 1.406215e+00 2.608213e-01 1.276360e-01
38906: 2.205100e+00 1.405765e+00 2.616408e-01 1.274945e-01
38906: 2.204873e+00 1.405316e+00 2.613511e-01 1.284607e-01
38906: 2.204646e+00 1.404867e+00 2.610619e-01 1.294248e-01
38906: 2.204420e+00 1.404420e+00 2.607735e-01 1.303867e-01
38906: 2.203091e+00 1.406181e+00 2.604857e-01 1.302428e-01
38906: 2.202867e+00 1.406836e+00 2.601985e-01 1.300992e-01
38906: 2.202643e+00 1.406388e+00 2.610132e-01 1.299559e-01
38906: 2.202420e+00 1.405941e+00 2.607261e-01 1.309131e-01
38906: 2.202198e+00 1.406593e+00 2.604396e-01 1.307692e-01
38906: 2.200878e+00 1.407245e+00 2.612514e-01 1.306257e-01
38906: 2.201754e+00 1.406798e+00 2.609649e-01 1.304825e-01
38906: 2.202629e+00 1.406353e+00 2.606791e-01 1.303395e-01
38906: 2.202407e+00 1.407002e+00 2.603939e-01 1.301969e-01
38906: 2.202186e+00 1.406557e+00 2.601093e-01 1.311475e-01
38906: 2.201965e+00 1.407205e+00 2.598253e-01 1.310044e-01
38906: 2.201745e+00 1.406761e+00 2.606325e-01 1.308615e-01
38906: 2.201525e+00 1.407407e+00 2.603486e-01 1.307190e-01
38906: 2.201306e+00 1.406964e+00 2.611534e-01 1.305767e-01
38906: 2.201087e+00 1.406522e+00 2.608696e-01 1.315217e-01
38906: 2.200869e+00 1.406080e+00 2.616721e-01 1.313789e-01
38906: 2.200651e+00 1.406725e+00 2.613883e-01 1.312364e-01
38906: 2.201517e+00 1.406284e+00 2.611051e-01 1.310943e-01
38906: 2.201299e+00 1.405844e+00 2.619048e-01 1.309524e-01
38906: 2.201081e+00 1.406486e+00 2.616216e-01 1.308108e-01
38906: 2.200864e+00 1.407127e+00 2.613391e-01 1.306695e-01
38906: 2.200647e+00 1.406688e+00 2.621359e-01 1.305286e-01
38906: 2.200431e+00 1.407328e+00 2.618534e-01 1.303879e-01
38906: 2.200215e+00 1.406889e+00 2.626480e-01 1.302476e-01
38906: 2.200000e+00 1.406452e+00 2.634409e-01 1.301075e-01
38906: 2.199785e+00 1.406015e+00 2.642320e-01 1.299678e-01
38906: 2.199571e+00 1.405579e+00 2.639485e-01 1.309013e-01
38906: 2.199357e+00 1.405145e+00 2.647374e-01 1.307610e-01
38906: 2.200214e+00 1.404711e+00 2.644540e-01 1.306210e-01
38906: 2.200000e+00 1.405348e+00 2.641711e-01 1.304813e-01
38906: 2.200855e+00 1.404915e+00 2.638889e-01 1.303419e-01
38906: 2.200640e+00 1.404482e+00 2.646745e-01 1.302028e-01
38906: 2.199360e+00 1.405117e+00 2.643923e-01 1.311301e-01
38906: 2.199148e+00 1.404686e+00 2.651757e-01 1.309904e-01
38906: 2.200000e+00 1.404255e+00 2.648936e-01 1.308511e-01
38906: 2.200850e+00 1.403826e+00 2.646121e-01 1.307120e-01
38906: 2.200637e+00 1.404459e+00 2.643312e-01 1.305732e-01
38906: 2.200424e+00 1.404030e+00 2.640509e-01 1.314952e-01
38906: 2.200212e+00 1.403602e+00 2.637712e-01 1.324153e-01
38906: 2.200000e+00 1.404233e+00 2.634921e-01 1.322751e-01
38906: 2.199789e+00 1.403805e+00 2.642706e-01 1.321353e-01
38906: 2.199578e+00 1.403379e+00 2.650475e-01 1.319958e-01
38906: 2.199367e+00 1.404008e+00 2.647679e-01 1.318565e-01
38906: 2.199157e+00 1.404636e+00 2.644889e-01 1.317176e-01
38906: 2.200000e+00 1.404211e+00 2.642105e-01 1.315789e-01
38906: 2.199790e+00 1.403785e+00 2.649842e-01 1.314406e-01
38906: 2.199580e+00 1.404412e+00 2.647059e-01 1.313025e-01
38906: 2.200420e+00 1.403987e+00 2.644281e-01 1.311647e-01
38906: 2.201258e+00 1.403564e+00 2.641509e-01 1.310273e-01
38906: 2.201047e+00 1.403141e+00 2.649215e-01 1.308901e-01
38906: 2.201883e+00 1.402720e+00 2.646444e-01 1.307531e-01
38906: 2.201672e+00 1.403344e+00 2.643678e-01 1.306165e-01
38906: 2.202505e+00 1.402923e+00 2.640919e-01 1.304802e-01
38906: 2.202294e+00 1.403545e+00 2.638165e-01 1.303441e-01
38906: 2.202083e+00 1.403125e+00 2.645833e-01 1.302083e-01
38906: 2.201873e+00 1.402706e+00 2.653486e-01 1.300728e-01
38906: 2.201663e+00 1.403326e+00 2.650728e-01 1.299376e-01
38906: 2.202492e+00 1.402908e+00 2.647975e-01 1.298027e-01
38906: 2.202282e+00 1.403527e+00 2.645228e-01 1.296680e-01
38906: 2.202073e+00 1.403109e+00 2.642487e-01 1.305699e-01
38906: 2.202899e+00 1.402692e+00 2.639752e-01 1.304348e-01
38906: 2.203723e+00 1.402275e+00 2.637022e-01 1.302999e-01
38906: 2.203512e+00 1.402893e+00 2.634298e-01 1.301653e-01
38906: 2.203302e+00 1.402477e+00 2.631579e-01 1.310630e-01
38906: 2.203093e+00 1.403093e+00 2.628866e-01 1.309278e-01
38906: 2.202884e+00 1.403708e+00 2.626159e-01 1.307930e-01
38906: 2.203704e+00 1.403292e+00 2.623457e-01 1.306584e-01
38906: 2.204522e+00 1.402878e+00 2.620761e-01 1.305242e-01
38906: 2.205339e+00 1.402464e+00 2.618070e-01 1.303901e-01
38906: 2.205128e+00 1.403077e+00 2.615385e-01 1.302564e-01
38906: 2.205943e+00 1.402664e+00 2.612705e-01 1.301230e-01
38906: 2.206755e+00 1.402252e+00 2.610031e-01 1.299898e-01
38906: 2.206544e+00 1.401840e+00 2.617587e-01 1.298569e-01
38906: 2.206333e+00 1.401430e+00 2.625128e-01 1.297242e-01
38906: 2.206122e+00 1.402041e+00 2.622449e-01 1.295918e-01
38906: 2.206932e+00 1.401631e+00 2.619776e-01 1.294597e-01
38906: 2.206721e+00 1.401222e+00 2.627291e-01 1.293279e-01
38906: 2.206511e+00 1.400814e+00 2.634791e-01 1.291963e-01
38906: 2.206301e+00 1.400407e+00 2.642276e-01 1.290650e-01
38906: 2.207107e+00 1.400000e+00 2.639594e-01 1.289340e-01
38906: 2.206897e+00 1.400609e+00 2.636917e-01 1.288032e-01
38906: 2.206687e+00 1.400203e+00 2.634245e-01 1.296859e-01
38906: 2.206478e+00 1.399798e+00 2.641700e-01 1.295547e-01
38906: 2.207280e+00 1.399393e+00 2.639029e-01 1.294237e-01
38906: 2.207071e+00 1.398990e+00 2.636364e-01 1.303030e-01
38906: 2.206862e+00 1.399596e+00 2.633703e-01 1.301715e-01
38906: 2.206653e+00 1.399194e+00 2.641129e-01 1.300403e-01
38906: 2.206445e+00 1.399799e+00 2.638469e-01 1.299094e-01
38906: 2.206237e+00 1.400402e+00 2.635815e-01 1.297787e-01
38906: 2.207035e+00 1.400000e+00 2.633166e-01 1.296482e-01
38906: 2.206827e+00 1.399598e+00 2.630522e-01 1.305221e-01
38906: 2.206620e+00 1.399198e+00 2.627884e-01 1.313942e-01
38906: 2.206413e+00 1.399800e+00 2.625251e-01 1.312625e-01
38906: 2.206206e+00 1.400400e+00 2.622623e-01 1.311311e-01
38906: Done!
Traceback (most recent call last):
  File "/lowest-unique-number/tournament0/elexunix.py", line 25, in <module>
    input()
EOFError: EOF when reading a line
