Forked 29153
Starting to reopen 0 and 1
Calling execv `tournament0/alex_dany` (pid 29153)
29153: Started!
29153: Number of players: 6, position: 0, number of turns: 1000
29153: Random seed: 1617711747
Strategy 0: first ans is 0
Forked 29154
Starting to reopen 0 and 1
Calling execv `tournament0/lounres.py` (pid 29154)
Strategy 1: first ans is 1
Forked 29155
Starting to reopen 0 and 1
Calling execv `tournament0/fedro.py` (pid 29155)
Strategy 2: first ans is 0
Forked 29179
Starting to reopen 0 and 1
Calling execv `tournament0/the_best_strategy.py` (pid 29179)
Strategy 3: first ans is 0
Forked 29180
Starting to reopen 0 and 1
Calling execv `tournament0/elexunix.py` (pid 29180)
Strategy 4: first ans is 4
Forked 29204
Starting to reopen 0 and 1
Calling execv `tournament0/pzakorko.py` (pid 29204)
Strategy 5: first ans is 0
29153: 4.000000e+00 1.000000e+00 0.000000e+00 0.000000e+00 1.000000e+00 0.000000e+00
29153: 3.000000e+00 1.500000e+00 1.000000e+00 0.000000e+00 5.000000e-01 0.000000e+00
29153: 3.000000e+00 1.333333e+00 6.666667e-01 6.666667e-01 3.333333e-01 0.000000e+00
29153: 2.750000e+00 1.500000e+00 7.500000e-01 7.500000e-01 2.500000e-01 0.000000e+00
29153: 2.800000e+00 1.400000e+00 8.000000e-01 8.000000e-01 2.000000e-01 0.000000e+00
29153: 2.833333e+00 1.666667e+00 6.666667e-01 6.666667e-01 1.666667e-01 0.000000e+00
29153: 2.714286e+00 1.428571e+00 1.000000e+00 5.714286e-01 2.857143e-01 0.000000e+00
29153: 2.625000e+00 1.500000e+00 8.750000e-01 6.250000e-01 2.500000e-01 1.250000e-01
29153: 2.666667e+00 1.555556e+00 8.888889e-01 5.555556e-01 2.222222e-01 1.111111e-01
29153: 2.600000e+00 1.700000e+00 9.000000e-01 5.000000e-01 2.000000e-01 1.000000e-01
29153: 2.545455e+00 1.545455e+00 1.090909e+00 5.454545e-01 1.818182e-01 9.090909e-02
29153: 2.583333e+00 1.583333e+00 1.000000e+00 5.833333e-01 1.666667e-01 8.333333e-02
29153: 2.538462e+00 1.538462e+00 1.153846e+00 5.384615e-01 1.538462e-01 7.692308e-02
29153: 2.500000e+00 1.571429e+00 1.071429e+00 6.428571e-01 1.428571e-01 7.142857e-02
29153: 2.466667e+00 1.533333e+00 1.200000e+00 6.000000e-01 1.333333e-01 6.666667e-02
29153: 2.437500e+00 1.625000e+00 1.125000e+00 6.250000e-01 1.250000e-01 6.250000e-02
29153: 2.411765e+00 1.588235e+00 1.176471e+00 5.882353e-01 1.764706e-01 5.882353e-02
29153: 2.388889e+00 1.555556e+00 1.222222e+00 5.555556e-01 2.222222e-01 5.555556e-02
29153: 2.368421e+00 1.578947e+00 1.157895e+00 5.789474e-01 2.631579e-01 5.263158e-02
29153: 2.350000e+00 1.550000e+00 1.200000e+00 5.500000e-01 3.000000e-01 5.000000e-02
29153: 2.428571e+00 1.571429e+00 1.142857e+00 5.238095e-01 2.857143e-01 4.761905e-02
29153: 2.409091e+00 1.500000e+00 1.272727e+00 5.000000e-01 2.727273e-01 4.545455e-02
29153: 2.391304e+00 1.565217e+00 1.260870e+00 4.782609e-01 2.608696e-01 4.347826e-02
29153: 2.375000e+00 1.541667e+00 1.291667e+00 5.000000e-01 2.500000e-01 4.166667e-02
29153: 2.360000e+00 1.560000e+00 1.280000e+00 4.800000e-01 2.800000e-01 4.000000e-02
29153: 2.346154e+00 1.615385e+00 1.269231e+00 4.615385e-01 2.692308e-01 3.846154e-02
29153: 2.333333e+00 1.555556e+00 1.370370e+00 4.444444e-01 2.592593e-01 3.703704e-02
29153: 2.321429e+00 1.571429e+00 1.357143e+00 4.285714e-01 2.857143e-01 3.571429e-02
29153: 2.344828e+00 1.517241e+00 1.379310e+00 4.482759e-01 2.758621e-01 3.448276e-02
29153: 2.366667e+00 1.533333e+00 1.366667e+00 4.333333e-01 2.666667e-01 3.333333e-02
29153: 2.354839e+00 1.548387e+00 1.387097e+00 4.193548e-01 2.580645e-01 3.225806e-02
29153: 2.375000e+00 1.531250e+00 1.375000e+00 4.375000e-01 2.500000e-01 3.125000e-02
29153: 2.393939e+00 1.545455e+00 1.333333e+00 4.242424e-01 2.727273e-01 3.030303e-02
29153: 2.411765e+00 1.558824e+00 1.323529e+00 4.117647e-01 2.647059e-01 2.941176e-02
29153: 2.428571e+00 1.542857e+00 1.342857e+00 4.000000e-01 2.571429e-01 2.857143e-02
29153: 2.416667e+00 1.555556e+00 1.305556e+00 4.444444e-01 2.500000e-01 2.777778e-02
29153: 2.405405e+00 1.540541e+00 1.297297e+00 4.594595e-01 2.702703e-01 2.702703e-02
29153: 2.421053e+00 1.552632e+00 1.263158e+00 4.736842e-01 2.631579e-01 2.631579e-02
29153: 2.410256e+00 1.538462e+00 1.282051e+00 4.871795e-01 2.564103e-01 2.564103e-02
29153: 2.450000e+00 1.550000e+00 1.250000e+00 4.750000e-01 2.500000e-01 2.500000e-02
29153: 2.439024e+00 1.560976e+00 1.268293e+00 4.634146e-01 2.439024e-01 2.439024e-02
29153: 2.428571e+00 1.547619e+00 1.285714e+00 4.761905e-01 2.380952e-01 2.380952e-02
29153: 2.418605e+00 1.604651e+00 1.255814e+00 4.651163e-01 2.325581e-01 2.325581e-02
29153: 2.431818e+00 1.590909e+00 1.272727e+00 4.545455e-01 2.272727e-01 2.272727e-02
29153: 2.422222e+00 1.577778e+00 1.266667e+00 4.666667e-01 2.444444e-01 2.222222e-02
29153: 2.434783e+00 1.586957e+00 1.260870e+00 4.565217e-01 2.391304e-01 2.173913e-02
29153: 2.468085e+00 1.553191e+00 1.276596e+00 4.468085e-01 2.340426e-01 2.127660e-02
29153: 2.458333e+00 1.583333e+00 1.270833e+00 4.375000e-01 2.291667e-01 2.083333e-02
29153: 2.448980e+00 1.551020e+00 1.326531e+00 4.285714e-01 2.244898e-01 2.040816e-02
29153: 2.440000e+00 1.600000e+00 1.300000e+00 4.200000e-01 2.200000e-01 2.000000e-02
29153: 2.431373e+00 1.588235e+00 1.333333e+00 4.117647e-01 2.156863e-01 1.960784e-02
29153: 2.423077e+00 1.596154e+00 1.326923e+00 4.230769e-01 2.115385e-01 1.923077e-02
29153: 2.415094e+00 1.566038e+00 1.358491e+00 4.339623e-01 2.075472e-01 1.886792e-02
29153: 2.425926e+00 1.592593e+00 1.333333e+00 4.259259e-01 2.037037e-01 1.851852e-02
29153: 2.418182e+00 1.581818e+00 1.363636e+00 4.181818e-01 2.000000e-01 1.818182e-02
29153: 2.410714e+00 1.571429e+00 1.392857e+00 4.107143e-01 1.964286e-01 1.785714e-02
29153: 2.438596e+00 1.561404e+00 1.385965e+00 4.035088e-01 1.929825e-01 1.754386e-02
29153: 2.448276e+00 1.586207e+00 1.362069e+00 3.965517e-01 1.896552e-01 1.724138e-02
29153: 2.457627e+00 1.559322e+00 1.389831e+00 3.898305e-01 1.864407e-01 1.694915e-02
29153: 2.466667e+00 1.566667e+00 1.383333e+00 3.833333e-01 1.833333e-01 1.666667e-02
29153: 2.459016e+00 1.573770e+00 1.393443e+00 3.770492e-01 1.803279e-01 1.639344e-02
29153: 2.451613e+00 1.548387e+00 1.403226e+00 4.032258e-01 1.774194e-01 1.612903e-02
29153: 2.444444e+00 1.555556e+00 1.412698e+00 3.968254e-01 1.746032e-01 1.587302e-02
29153: 2.421875e+00 1.562500e+00 1.406250e+00 4.062500e-01 1.875000e-01 1.562500e-02
29153: 2.430769e+00 1.569231e+00 1.384615e+00 4.000000e-01 2.000000e-01 1.538462e-02
29153: 2.409091e+00 1.590909e+00 1.393939e+00 3.939394e-01 1.969697e-01 1.515152e-02
29153: 2.402985e+00 1.582090e+00 1.402985e+00 4.029851e-01 1.940299e-01 1.492537e-02
29153: 2.382353e+00 1.588235e+00 1.426471e+00 3.970588e-01 1.911765e-01 1.470588e-02
29153: 2.376812e+00 1.594203e+00 1.434783e+00 3.913043e-01 1.884058e-01 1.449275e-02
29153: 2.357143e+00 1.600000e+00 1.442857e+00 4.000000e-01 1.857143e-01 1.428571e-02
29153: 2.352113e+00 1.577465e+00 1.478873e+00 3.943662e-01 1.830986e-01 1.408451e-02
29153: 2.333333e+00 1.569444e+00 1.500000e+00 4.027778e-01 1.805556e-01 1.388889e-02
29153: 2.328767e+00 1.575342e+00 1.506849e+00 3.972603e-01 1.780822e-01 1.369863e-02
29153: 2.310811e+00 1.567568e+00 1.527027e+00 4.054054e-01 1.756757e-01 1.351351e-02
29153: 2.320000e+00 1.560000e+00 1.533333e+00 4.000000e-01 1.733333e-01 1.333333e-02
29153: 2.315789e+00 1.578947e+00 1.513158e+00 4.078947e-01 1.710526e-01 1.315789e-02
29153: 2.311688e+00 1.558442e+00 1.545455e+00 4.025974e-01 1.688312e-01 1.298701e-02
29153: 2.307692e+00 1.576923e+00 1.538462e+00 3.974359e-01 1.666667e-01 1.282051e-02
29153: 2.291139e+00 1.582278e+00 1.544304e+00 4.050633e-01 1.645570e-01 1.265823e-02
29153: 2.287500e+00 1.587500e+00 1.550000e+00 4.000000e-01 1.625000e-01 1.250000e-02
29153: 2.271605e+00 1.580247e+00 1.567901e+00 4.074074e-01 1.604938e-01 1.234568e-02
29153: 2.268293e+00 1.573171e+00 1.585366e+00 4.024390e-01 1.585366e-01 1.219512e-02
29153: 2.253012e+00 1.566265e+00 1.578313e+00 4.216867e-01 1.686747e-01 1.204819e-02
29153: 2.250000e+00 1.571429e+00 1.583333e+00 4.166667e-01 1.666667e-01 1.190476e-02
29153: 2.235294e+00 1.552941e+00 1.600000e+00 4.352941e-01 1.647059e-01 1.176471e-02
29153: 2.232558e+00 1.558140e+00 1.604651e+00 4.302326e-01 1.627907e-01 1.162791e-02
29153: 2.218391e+00 1.574713e+00 1.597701e+00 4.367816e-01 1.609195e-01 1.149425e-02
29153: 2.227273e+00 1.579545e+00 1.579545e+00 4.431818e-01 1.590909e-01 1.136364e-02
29153: 2.213483e+00 1.573034e+00 1.595506e+00 4.494382e-01 1.573034e-01 1.123596e-02
29153: 2.222222e+00 1.577778e+00 1.577778e+00 4.555556e-01 1.555556e-01 1.111111e-02
29153: 2.219780e+00 1.560440e+00 1.593407e+00 4.615385e-01 1.538462e-01 1.098901e-02
29153: 2.206522e+00 1.565217e+00 1.597826e+00 4.565217e-01 1.630435e-01 1.086957e-02
29153: 2.215054e+00 1.569892e+00 1.580645e+00 4.516129e-01 1.612903e-01 2.150538e-02
29153: 2.202128e+00 1.574468e+00 1.595745e+00 4.468085e-01 1.595745e-01 2.127660e-02
29153: 2.200000e+00 1.589474e+00 1.578947e+00 4.526316e-01 1.578947e-01 2.105263e-02
29153: 2.187500e+00 1.583333e+00 1.572917e+00 4.687500e-01 1.666667e-01 2.083333e-02
29153: 2.195876e+00 1.567010e+00 1.567010e+00 4.845361e-01 1.649485e-01 2.061856e-02
29153: 2.204082e+00 1.571429e+00 1.561224e+00 4.795918e-01 1.632653e-01 2.040816e-02
29153: 2.191919e+00 1.565657e+00 1.585859e+00 4.747475e-01 1.616162e-01 2.020202e-02
29153: 2.200000e+00 1.570000e+00 1.580000e+00 4.700000e-01 1.600000e-01 2.000000e-02
29153: 2.188119e+00 1.584158e+00 1.574257e+00 4.752475e-01 1.584158e-01 1.980198e-02
29153: 2.186275e+00 1.578431e+00 1.578431e+00 4.803922e-01 1.568627e-01 1.960784e-02
29153: 2.174757e+00 1.582524e+00 1.572816e+00 4.951456e-01 1.553398e-01 1.941748e-02
29153: 2.173077e+00 1.576923e+00 1.567308e+00 5.096154e-01 1.538462e-01 1.923077e-02
29153: 2.161905e+00 1.580952e+00 1.571429e+00 5.047619e-01 1.619048e-01 1.904762e-02
29153: 2.160377e+00 1.575472e+00 1.575472e+00 5.094340e-01 1.603774e-01 1.886792e-02
29153: 2.158879e+00 1.588785e+00 1.560748e+00 5.140187e-01 1.588785e-01 1.869159e-02
29153: 2.157407e+00 1.574074e+00 1.583333e+00 5.092593e-01 1.574074e-01 1.851852e-02
29153: 2.146789e+00 1.568807e+00 1.577982e+00 5.229358e-01 1.651376e-01 1.834862e-02
29153: 2.145455e+00 1.572727e+00 1.572727e+00 5.272727e-01 1.636364e-01 1.818182e-02
29153: 2.135135e+00 1.558559e+00 1.585586e+00 5.405405e-01 1.621622e-01 1.801802e-02
29153: 2.142857e+00 1.553571e+00 1.580357e+00 5.446429e-01 1.607143e-01 1.785714e-02
29153: 2.132743e+00 1.566372e+00 1.584071e+00 5.398230e-01 1.592920e-01 1.769912e-02
29153: 2.140351e+00 1.570175e+00 1.570175e+00 5.438596e-01 1.578947e-01 1.754386e-02
29153: 2.130435e+00 1.565217e+00 1.582609e+00 5.478261e-01 1.565217e-01 1.739130e-02
29153: 2.137931e+00 1.577586e+00 1.568966e+00 5.431034e-01 1.551724e-01 1.724138e-02
29153: 2.128205e+00 1.564103e+00 1.581197e+00 5.470085e-01 1.623932e-01 1.709402e-02
29153: 2.118644e+00 1.567797e+00 1.584746e+00 5.508475e-01 1.610169e-01 1.694915e-02
29153: 2.117647e+00 1.571429e+00 1.579832e+00 5.546218e-01 1.596639e-01 1.680672e-02
29153: 2.108333e+00 1.566667e+00 1.575000e+00 5.666667e-01 1.666667e-01 1.666667e-02
29153: 2.107438e+00 1.570248e+00 1.578512e+00 5.619835e-01 1.652893e-01 1.652893e-02
29153: 2.106557e+00 1.557377e+00 1.573770e+00 5.819672e-01 1.639344e-01 1.639344e-02
29153: 2.113821e+00 1.560976e+00 1.569106e+00 5.772358e-01 1.626016e-01 1.626016e-02
29153: 2.104839e+00 1.564516e+00 1.572581e+00 5.725806e-01 1.693548e-01 1.612903e-02
29153: 2.104000e+00 1.568000e+00 1.576000e+00 5.680000e-01 1.680000e-01 1.600000e-02
29153: 2.103175e+00 1.563492e+00 1.579365e+00 5.714286e-01 1.666667e-01 1.587302e-02
29153: 2.094488e+00 1.566929e+00 1.574803e+00 5.748031e-01 1.732283e-01 1.574803e-02
29153: 2.101562e+00 1.570312e+00 1.562500e+00 5.781250e-01 1.718750e-01 1.562500e-02
29153: 2.093023e+00 1.558140e+00 1.581395e+00 5.813953e-01 1.705426e-01 1.550388e-02
29153: 2.100000e+00 1.553846e+00 1.576923e+00 5.769231e-01 1.769231e-01 1.538462e-02
29153: 2.091603e+00 1.564885e+00 1.572519e+00 5.801527e-01 1.755725e-01 1.526718e-02
29153: 2.090909e+00 1.560606e+00 1.568182e+00 5.833333e-01 1.818182e-01 1.515152e-02
29153: 2.082707e+00 1.578947e+00 1.563910e+00 5.789474e-01 1.804511e-01 1.503759e-02
29153: 2.082090e+00 1.567164e+00 1.582090e+00 5.746269e-01 1.791045e-01 1.492537e-02
29153: 2.074074e+00 1.570370e+00 1.577778e+00 5.777778e-01 1.851852e-01 1.481481e-02
29153: 2.073529e+00 1.566176e+00 1.580882e+00 5.808824e-01 1.838235e-01 1.470588e-02
29153: 2.072993e+00 1.583942e+00 1.569343e+00 5.766423e-01 1.824818e-01 1.459854e-02
29153: 2.072464e+00 1.586957e+00 1.572464e+00 5.724638e-01 1.811594e-01 1.449275e-02
29153: 2.071942e+00 1.582734e+00 1.561151e+00 5.899281e-01 1.798561e-01 1.438849e-02
29153: 2.064286e+00 1.585714e+00 1.571429e+00 5.857143e-01 1.785714e-01 1.428571e-02
29153: 2.070922e+00 1.581560e+00 1.560284e+00 5.886525e-01 1.843972e-01 1.418440e-02
29153: 2.070423e+00 1.584507e+00 1.563380e+00 5.845070e-01 1.830986e-01 1.408451e-02
29153: 2.069930e+00 1.587413e+00 1.559441e+00 5.874126e-01 1.818182e-01 1.398601e-02
29153: 2.069444e+00 1.583333e+00 1.569444e+00 5.833333e-01 1.805556e-01 1.388889e-02
29153: 2.068966e+00 1.579310e+00 1.579310e+00 5.793103e-01 1.793103e-01 1.379310e-02
29153: 2.061644e+00 1.575342e+00 1.575342e+00 5.890411e-01 1.849315e-01 1.369863e-02
29153: 2.068027e+00 1.564626e+00 1.571429e+00 5.986395e-01 1.836735e-01 1.360544e-02
29153: 2.060811e+00 1.574324e+00 1.567568e+00 6.013514e-01 1.824324e-01 1.351351e-02
29153: 2.060403e+00 1.563758e+00 1.577181e+00 5.973154e-01 1.879195e-01 1.342282e-02
29153: 2.066667e+00 1.573333e+00 1.566667e+00 5.933333e-01 1.866667e-01 1.333333e-02
29153: 2.059603e+00 1.562914e+00 1.582781e+00 5.960265e-01 1.854305e-01 1.324503e-02
29153: 2.059211e+00 1.565789e+00 1.585526e+00 5.921053e-01 1.842105e-01 1.315789e-02
29153: 2.052288e+00 1.562092e+00 1.588235e+00 6.013072e-01 1.830065e-01 1.307190e-02
29153: 2.058442e+00 1.571429e+00 1.577922e+00 5.974026e-01 1.818182e-01 1.298701e-02
29153: 2.058065e+00 1.567742e+00 1.580645e+00 6.000000e-01 1.806452e-01 1.290323e-02
29153: 2.057692e+00 1.570513e+00 1.583333e+00 5.961538e-01 1.794872e-01 1.282051e-02
29153: 2.050955e+00 1.579618e+00 1.573248e+00 6.050955e-01 1.783439e-01 1.273885e-02
29153: 2.050633e+00 1.588608e+00 1.563291e+00 6.075949e-01 1.772152e-01 1.265823e-02
29153: 2.044025e+00 1.584906e+00 1.578616e+00 6.037736e-01 1.761006e-01 1.257862e-02
29153: 2.050000e+00 1.581250e+00 1.575000e+00 6.062500e-01 1.750000e-01 1.250000e-02
29153: 2.049689e+00 1.583851e+00 1.571429e+00 6.086957e-01 1.739130e-01 1.242236e-02
29153: 2.043210e+00 1.580247e+00 1.580247e+00 6.111111e-01 1.728395e-01 1.234568e-02
29153: 2.049080e+00 1.576687e+00 1.576687e+00 6.134969e-01 1.717791e-01 1.226994e-02
29153: 2.048780e+00 1.579268e+00 1.573171e+00 6.158537e-01 1.707317e-01 1.219512e-02
29153: 2.048485e+00 1.575758e+00 1.569697e+00 6.181818e-01 1.757576e-01 1.212121e-02
29153: 2.042169e+00 1.578313e+00 1.578313e+00 6.144578e-01 1.746988e-01 1.204819e-02
29153: 2.053892e+00 1.574850e+00 1.568862e+00 6.167665e-01 1.736527e-01 1.197605e-02
29153: 2.047619e+00 1.583333e+00 1.571429e+00 6.130952e-01 1.726190e-01 1.190476e-02
29153: 2.047337e+00 1.585799e+00 1.568047e+00 6.153846e-01 1.715976e-01 1.183432e-02
29153: 2.047059e+00 1.576471e+00 1.576471e+00 6.176471e-01 1.705882e-01 1.176471e-02
29153: 2.040936e+00 1.584795e+00 1.573099e+00 6.198830e-01 1.695906e-01 1.169591e-02
29153: 2.040698e+00 1.581395e+00 1.569767e+00 6.220930e-01 1.686047e-01 1.744186e-02
29153: 2.034682e+00 1.589595e+00 1.572254e+00 6.184971e-01 1.676301e-01 1.734104e-02
29153: 2.034483e+00 1.580460e+00 1.568966e+00 6.264368e-01 1.724138e-01 1.724138e-02
29153: 2.034286e+00 1.582857e+00 1.571429e+00 6.228571e-01 1.714286e-01 1.714286e-02
29153: 2.034091e+00 1.585227e+00 1.562500e+00 6.306818e-01 1.704545e-01 1.704545e-02
29153: 2.039548e+00 1.581921e+00 1.564972e+00 6.271186e-01 1.694915e-01 1.694915e-02
29153: 2.033708e+00 1.589888e+00 1.567416e+00 6.235955e-01 1.685393e-01 1.685393e-02
29153: 2.033520e+00 1.592179e+00 1.569832e+00 6.201117e-01 1.675978e-01 1.675978e-02
29153: 2.033333e+00 1.583333e+00 1.572222e+00 6.222222e-01 1.722222e-01 1.666667e-02
29153: 2.027624e+00 1.580110e+00 1.580110e+00 6.243094e-01 1.712707e-01 1.657459e-02
29153: 2.027473e+00 1.576923e+00 1.582418e+00 6.263736e-01 1.703297e-01 1.648352e-02
29153: 2.021858e+00 1.573770e+00 1.584699e+00 6.338798e-01 1.693989e-01 1.639344e-02
29153: 2.027174e+00 1.565217e+00 1.581522e+00 6.358696e-01 1.739130e-01 1.630435e-02
29153: 2.027027e+00 1.572973e+00 1.572973e+00 6.324324e-01 1.783784e-01 1.621622e-02
29153: 2.026882e+00 1.575269e+00 1.569892e+00 6.344086e-01 1.774194e-01 1.612903e-02
29153: 2.021390e+00 1.577540e+00 1.572193e+00 6.310160e-01 1.818182e-01 1.604278e-02
29153: 2.026596e+00 1.569149e+00 1.569149e+00 6.382979e-01 1.808511e-01 1.595745e-02
29153: 2.026455e+00 1.571429e+00 1.566138e+00 6.402116e-01 1.798942e-01 1.587302e-02
29153: 2.021053e+00 1.573684e+00 1.573684e+00 6.368421e-01 1.789474e-01 1.578947e-02
29153: 2.020942e+00 1.575916e+00 1.565445e+00 6.387435e-01 1.832461e-01 1.570681e-02
29153: 2.015625e+00 1.572917e+00 1.578125e+00 6.354167e-01 1.822917e-01 1.562500e-02
29153: 2.020725e+00 1.564767e+00 1.575130e+00 6.424870e-01 1.813472e-01 1.554404e-02
29153: 2.015464e+00 1.572165e+00 1.572165e+00 6.391753e-01 1.855670e-01 1.546392e-02
29153: 2.020513e+00 1.569231e+00 1.569231e+00 6.410256e-01 1.846154e-01 1.538462e-02
29153: 2.015306e+00 1.571429e+00 1.566327e+00 6.479592e-01 1.836735e-01 1.530612e-02
29153: 2.020305e+00 1.563452e+00 1.568528e+00 6.446701e-01 1.878173e-01 1.522843e-02
29153: 2.015152e+00 1.575758e+00 1.560606e+00 6.414141e-01 1.919192e-01 1.515152e-02
29153: 2.015075e+00 1.577889e+00 1.562814e+00 6.381910e-01 1.909548e-01 1.507538e-02
29153: 2.010000e+00 1.580000e+00 1.565000e+00 6.400000e-01 1.900000e-01 1.500000e-02
29153: 2.014925e+00 1.577114e+00 1.567164e+00 6.368159e-01 1.890547e-01 1.492537e-02
29153: 2.014851e+00 1.579208e+00 1.564356e+00 6.386139e-01 1.881188e-01 1.485149e-02
29153: 2.009852e+00 1.581281e+00 1.566502e+00 6.403941e-01 1.871921e-01 1.477833e-02
29153: 2.014706e+00 1.578431e+00 1.568627e+00 6.372549e-01 1.862745e-01 1.470588e-02
29153: 2.019512e+00 1.580488e+00 1.565854e+00 6.341463e-01 1.853659e-01 1.463415e-02
29153: 2.014563e+00 1.587379e+00 1.567961e+00 6.310680e-01 1.844660e-01 1.456311e-02
29153: 2.014493e+00 1.584541e+00 1.570048e+00 6.328502e-01 1.835749e-01 1.449275e-02
29153: 2.019231e+00 1.586538e+00 1.562500e+00 6.346154e-01 1.826923e-01 1.442308e-02
29153: 2.023923e+00 1.578947e+00 1.569378e+00 6.315789e-01 1.818182e-01 1.435407e-02
29153: 2.023810e+00 1.580952e+00 1.571429e+00 6.285714e-01 1.809524e-01 1.428571e-02
29153: 2.018957e+00 1.573460e+00 1.578199e+00 6.350711e-01 1.800948e-01 1.421801e-02
29153: 2.018868e+00 1.570755e+00 1.580189e+00 6.367925e-01 1.792453e-01 1.415094e-02
29153: 2.014085e+00 1.568075e+00 1.586854e+00 6.384977e-01 1.784038e-01 1.408451e-02
29153: 2.009346e+00 1.570093e+00 1.588785e+00 6.401869e-01 1.775701e-01 1.401869e-02
29153: 2.013953e+00 1.562791e+00 1.586047e+00 6.465116e-01 1.767442e-01 1.395349e-02
29153: 2.009259e+00 1.569444e+00 1.578704e+00 6.435185e-01 1.805556e-01 1.851852e-02
29153: 2.009217e+00 1.576037e+00 1.576037e+00 6.405530e-01 1.797235e-01 1.843318e-02
29153: 2.004587e+00 1.568807e+00 1.582569e+00 6.422018e-01 1.834862e-01 1.834862e-02
29153: 2.004566e+00 1.579909e+00 1.575342e+00 6.392694e-01 1.826484e-01 1.826484e-02
29153: 2.000000e+00 1.577273e+00 1.577273e+00 6.409091e-01 1.863636e-01 1.818182e-02
29153: 1.995475e+00 1.574661e+00 1.583710e+00 6.425339e-01 1.855204e-01 1.809955e-02
29153: 2.000000e+00 1.572072e+00 1.581081e+00 6.441441e-01 1.846847e-01 1.801802e-02
29153: 2.000000e+00 1.573991e+00 1.578475e+00 6.457399e-01 1.838565e-01 1.793722e-02
29153: 1.995536e+00 1.566964e+00 1.584821e+00 6.517857e-01 1.830357e-01 1.785714e-02
29153: 2.000000e+00 1.568889e+00 1.577778e+00 6.488889e-01 1.822222e-01 2.222222e-02
29153: 2.000000e+00 1.566372e+00 1.584071e+00 6.460177e-01 1.814159e-01 2.212389e-02
29153: 1.995595e+00 1.572687e+00 1.581498e+00 6.431718e-01 1.850220e-01 2.202643e-02
29153: 1.995614e+00 1.574561e+00 1.574561e+00 6.491228e-01 1.842105e-01 2.192982e-02
29153: 1.991266e+00 1.572052e+00 1.576419e+00 6.550218e-01 1.834061e-01 2.183406e-02
29153: 1.991304e+00 1.569565e+00 1.578261e+00 6.565217e-01 1.826087e-01 2.173913e-02
29153: 1.991342e+00 1.571429e+00 1.580087e+00 6.536797e-01 1.818182e-01 2.164502e-02
29153: 1.987069e+00 1.568966e+00 1.577586e+00 6.594828e-01 1.853448e-01 2.155172e-02
29153: 1.987124e+00 1.575107e+00 1.570815e+00 6.609442e-01 1.845494e-01 2.145923e-02
29153: 1.987179e+00 1.568376e+00 1.576923e+00 6.623932e-01 1.837607e-01 2.136752e-02
29153: 1.982979e+00 1.574468e+00 1.570213e+00 6.638298e-01 1.872340e-01 2.127660e-02
29153: 1.983051e+00 1.576271e+00 1.567797e+00 6.652542e-01 1.864407e-01 2.118644e-02
29153: 1.978903e+00 1.578059e+00 1.573840e+00 6.624473e-01 1.856540e-01 2.109705e-02
29153: 1.974790e+00 1.579832e+00 1.571429e+00 6.680672e-01 1.848739e-01 2.100840e-02
29153: 1.974895e+00 1.573222e+00 1.569038e+00 6.778243e-01 1.841004e-01 2.092050e-02
29153: 1.979167e+00 1.570833e+00 1.570833e+00 6.750000e-01 1.833333e-01 2.083333e-02
29153: 1.975104e+00 1.572614e+00 1.564315e+00 6.763485e-01 1.908714e-01 2.074689e-02
29153: 1.979339e+00 1.570248e+00 1.566116e+00 6.735537e-01 1.900826e-01 2.066116e-02
29153: 1.975309e+00 1.567901e+00 1.576132e+00 6.707819e-01 1.893004e-01 2.057613e-02
29153: 1.979508e+00 1.569672e+00 1.569672e+00 6.721311e-01 1.885246e-01 2.049180e-02
29153: 1.979592e+00 1.567347e+00 1.571429e+00 6.734694e-01 1.877551e-01 2.040816e-02
29153: 1.979675e+00 1.577236e+00 1.565041e+00 6.707317e-01 1.869919e-01 2.032520e-02
29153: 1.979757e+00 1.570850e+00 1.574899e+00 6.680162e-01 1.862348e-01 2.024291e-02
29153: 1.975806e+00 1.572581e+00 1.568548e+00 6.733871e-01 1.895161e-01 2.016129e-02
29153: 1.979920e+00 1.566265e+00 1.570281e+00 6.746988e-01 1.887550e-01 2.008032e-02
29153: 1.980000e+00 1.568000e+00 1.568000e+00 6.760000e-01 1.880000e-01 2.000000e-02
29153: 1.976096e+00 1.569721e+00 1.569721e+00 6.733068e-01 1.912351e-01 1.992032e-02
29153: 1.980159e+00 1.567460e+00 1.567460e+00 6.706349e-01 1.944444e-01 1.984127e-02
29153: 1.976285e+00 1.581028e+00 1.561265e+00 6.679842e-01 1.936759e-01 1.976285e-02
29153: 1.980315e+00 1.582677e+00 1.559055e+00 6.653543e-01 1.929134e-01 1.968504e-02
29153: 1.976471e+00 1.584314e+00 1.564706e+00 6.627451e-01 1.921569e-01 1.960784e-02
29153: 1.972656e+00 1.585938e+00 1.570312e+00 6.601562e-01 1.914062e-01 1.953125e-02
29153: 1.972763e+00 1.583658e+00 1.571984e+00 6.614786e-01 1.906615e-01 1.945525e-02
29153: 1.968992e+00 1.589147e+00 1.569767e+00 6.627907e-01 1.899225e-01 1.937984e-02
29153: 1.969112e+00 1.586873e+00 1.575290e+00 6.602317e-01 1.891892e-01 1.930502e-02
29153: 1.965385e+00 1.588462e+00 1.573077e+00 6.653846e-01 1.884615e-01 1.923077e-02
29153: 1.961686e+00 1.593870e+00 1.570881e+00 6.666667e-01 1.877395e-01 1.915709e-02
29153: 1.961832e+00 1.587786e+00 1.572519e+00 6.717557e-01 1.870229e-01 1.908397e-02
29153: 1.961977e+00 1.585551e+00 1.574144e+00 6.730038e-01 1.863118e-01 1.901141e-02
29153: 1.962121e+00 1.583333e+00 1.571970e+00 6.780303e-01 1.856061e-01 1.893939e-02
29153: 1.958491e+00 1.588679e+00 1.569811e+00 6.792453e-01 1.849057e-01 1.886792e-02
29153: 1.962406e+00 1.582707e+00 1.571429e+00 6.804511e-01 1.842105e-01 1.879699e-02
29153: 1.966292e+00 1.580524e+00 1.569288e+00 6.816479e-01 1.835206e-01 1.872659e-02
29153: 1.966418e+00 1.582090e+00 1.570896e+00 6.791045e-01 1.828358e-01 1.865672e-02
29153: 1.962825e+00 1.583643e+00 1.568773e+00 6.840149e-01 1.821561e-01 1.858736e-02
29153: 1.962963e+00 1.581481e+00 1.570370e+00 6.814815e-01 1.851852e-01 1.851852e-02
29153: 1.959410e+00 1.583026e+00 1.571956e+00 6.826568e-01 1.845018e-01 1.845018e-02
29153: 1.955882e+00 1.588235e+00 1.566176e+00 6.875000e-01 1.838235e-01 1.838235e-02
29153: 1.959707e+00 1.582418e+00 1.567766e+00 6.886447e-01 1.831502e-01 1.831502e-02
29153: 1.956204e+00 1.580292e+00 1.572993e+00 6.897810e-01 1.824818e-01 1.824818e-02
29153: 1.956364e+00 1.581818e+00 1.567273e+00 6.945455e-01 1.818182e-01 1.818182e-02
29153: 1.952899e+00 1.579710e+00 1.572464e+00 6.956522e-01 1.811594e-01 1.811594e-02
29153: 1.956679e+00 1.577617e+00 1.566787e+00 6.967509e-01 1.841155e-01 1.805054e-02
29153: 1.953237e+00 1.579137e+00 1.571942e+00 6.942446e-01 1.834532e-01 1.798561e-02
29153: 1.953405e+00 1.577061e+00 1.569892e+00 6.989247e-01 1.827957e-01 1.792115e-02
29153: 1.950000e+00 1.578571e+00 1.571429e+00 6.964286e-01 1.857143e-01 1.785714e-02
29153: 1.953737e+00 1.572954e+00 1.572954e+00 6.975089e-01 1.850534e-01 1.779359e-02
29153: 1.950355e+00 1.578014e+00 1.570922e+00 6.985816e-01 1.843972e-01 1.773050e-02
29153: 1.950530e+00 1.575972e+00 1.565371e+00 6.996466e-01 1.872792e-01 2.120141e-02
29153: 1.950704e+00 1.573944e+00 1.566901e+00 7.007042e-01 1.866197e-01 2.112676e-02
29153: 1.947368e+00 1.582456e+00 1.564912e+00 6.982456e-01 1.859649e-01 2.105263e-02
29153: 1.947552e+00 1.583916e+00 1.566434e+00 6.958042e-01 1.853147e-01 2.097902e-02
29153: 1.944251e+00 1.581882e+00 1.567944e+00 6.968641e-01 1.881533e-01 2.090592e-02
29153: 1.944444e+00 1.586806e+00 1.565972e+00 6.944444e-01 1.875000e-01 2.083333e-02
29153: 1.941176e+00 1.584775e+00 1.567474e+00 6.989619e-01 1.868512e-01 2.076125e-02
29153: 1.941379e+00 1.579310e+00 1.572414e+00 6.965517e-01 1.896552e-01 2.068966e-02
29153: 1.938144e+00 1.577320e+00 1.573883e+00 7.010309e-01 1.890034e-01 2.061856e-02
29153: 1.941781e+00 1.575342e+00 1.571918e+00 7.020548e-01 1.883562e-01 2.054795e-02
29153: 1.941980e+00 1.576792e+00 1.566553e+00 7.064846e-01 1.877133e-01 2.047782e-02
29153: 1.942177e+00 1.571429e+00 1.571429e+00 7.040816e-01 1.904762e-01 2.040816e-02
29153: 1.938983e+00 1.572881e+00 1.569492e+00 7.084746e-01 1.898305e-01 2.033898e-02
29153: 1.939189e+00 1.567568e+00 1.577703e+00 7.060811e-01 1.891892e-01 2.027027e-02
29153: 1.936027e+00 1.575758e+00 1.572391e+00 7.037037e-01 1.885522e-01 2.356902e-02
29153: 1.936242e+00 1.577181e+00 1.570470e+00 7.046980e-01 1.879195e-01 2.348993e-02
29153: 1.933110e+00 1.578595e+00 1.571906e+00 7.056856e-01 1.872910e-01 2.341137e-02
29153: 1.933333e+00 1.580000e+00 1.570000e+00 7.066667e-01 1.866667e-01 2.333333e-02
29153: 1.930233e+00 1.578073e+00 1.568106e+00 7.076412e-01 1.926910e-01 2.325581e-02
29153: 1.930464e+00 1.576159e+00 1.569536e+00 7.052980e-01 1.953642e-01 2.317881e-02
29153: 1.927393e+00 1.580858e+00 1.567657e+00 7.062706e-01 1.947195e-01 2.310231e-02
29153: 1.930921e+00 1.578947e+00 1.569079e+00 7.039474e-01 1.940789e-01 2.302632e-02
29153: 1.927869e+00 1.583607e+00 1.570492e+00 7.016393e-01 1.934426e-01 2.295082e-02
29153: 1.928105e+00 1.581699e+00 1.571895e+00 7.026144e-01 1.928105e-01 2.287582e-02
29153: 1.925081e+00 1.583062e+00 1.570033e+00 7.068404e-01 1.921824e-01 2.280130e-02
29153: 1.925325e+00 1.587662e+00 1.564935e+00 7.077922e-01 1.915584e-01 2.272727e-02
29153: 1.925566e+00 1.585761e+00 1.566343e+00 7.055016e-01 1.941748e-01 2.265372e-02
29153: 1.922581e+00 1.593548e+00 1.564516e+00 7.032258e-01 1.935484e-01 2.258065e-02
29153: 1.922830e+00 1.591640e+00 1.565916e+00 7.009646e-01 1.961415e-01 2.250804e-02
29153: 1.923077e+00 1.592949e+00 1.567308e+00 6.987179e-01 1.955128e-01 2.243590e-02
29153: 1.920128e+00 1.594249e+00 1.568690e+00 6.996805e-01 1.948882e-01 2.236422e-02
29153: 1.926752e+00 1.592357e+00 1.566879e+00 6.974522e-01 1.942675e-01 2.229299e-02
29153: 1.923810e+00 1.596825e+00 1.565079e+00 6.952381e-01 1.936508e-01 2.539683e-02
29153: 1.924051e+00 1.594937e+00 1.566456e+00 6.930380e-01 1.962025e-01 2.531646e-02
29153: 1.927445e+00 1.593060e+00 1.567823e+00 6.908517e-01 1.955836e-01 2.523659e-02
29153: 1.924528e+00 1.594340e+00 1.572327e+00 6.886792e-01 1.949686e-01 2.515723e-02
29153: 1.927900e+00 1.589342e+00 1.570533e+00 6.896552e-01 1.974922e-01 2.507837e-02
29153: 1.925000e+00 1.590625e+00 1.571875e+00 6.906250e-01 1.968750e-01 2.500000e-02
29153: 1.925234e+00 1.585670e+00 1.573209e+00 6.947040e-01 1.962617e-01 2.492212e-02
29153: 1.925466e+00 1.586957e+00 1.568323e+00 6.987578e-01 1.956522e-01 2.484472e-02
29153: 1.925697e+00 1.585139e+00 1.569659e+00 6.965944e-01 1.981424e-01 2.476780e-02
29153: 1.922840e+00 1.586420e+00 1.574074e+00 6.944444e-01 1.975309e-01 2.469136e-02
29153: 1.923077e+00 1.584615e+00 1.572308e+00 6.953846e-01 2.000000e-01 2.461538e-02
29153: 1.920245e+00 1.585890e+00 1.567485e+00 6.963190e-01 2.024540e-01 2.760736e-02
29153: 1.920489e+00 1.584098e+00 1.565749e+00 7.003058e-01 2.018349e-01 2.752294e-02
29153: 1.920732e+00 1.585366e+00 1.567073e+00 6.981707e-01 2.012195e-01 2.743902e-02
29153: 1.917933e+00 1.589666e+00 1.565350e+00 6.990881e-01 2.006079e-01 2.735562e-02
29153: 1.921212e+00 1.587879e+00 1.566667e+00 6.969697e-01 2.000000e-01 2.727273e-02
29153: 1.918429e+00 1.592145e+00 1.567976e+00 6.948640e-01 1.993958e-01 2.719033e-02
29153: 1.924699e+00 1.590361e+00 1.566265e+00 6.927711e-01 1.987952e-01 2.710843e-02
29153: 1.924925e+00 1.594595e+00 1.564565e+00 6.906907e-01 1.981982e-01 2.702703e-02
29153: 1.922156e+00 1.589820e+00 1.571856e+00 6.916168e-01 1.976048e-01 2.694611e-02
29153: 1.925373e+00 1.591045e+00 1.567164e+00 6.925373e-01 1.970149e-01 2.686567e-02
29153: 1.922619e+00 1.589286e+00 1.574405e+00 6.904762e-01 1.964286e-01 2.678571e-02
29153: 1.925816e+00 1.584570e+00 1.575668e+00 6.913947e-01 1.958457e-01 2.670623e-02
29153: 1.923077e+00 1.582840e+00 1.579882e+00 6.923077e-01 1.952663e-01 2.662722e-02
29153: 1.923304e+00 1.581121e+00 1.578171e+00 6.932153e-01 1.976401e-01 2.654867e-02
29153: 1.920588e+00 1.585294e+00 1.573529e+00 6.941176e-01 2.000000e-01 2.647059e-02
29153: 1.920821e+00 1.586510e+00 1.568915e+00 6.979472e-01 1.994135e-01 2.639296e-02
29153: 1.923977e+00 1.581871e+00 1.573099e+00 6.959064e-01 1.988304e-01 2.631579e-02
29153: 1.921283e+00 1.583090e+00 1.571429e+00 6.967930e-01 2.011662e-01 2.623907e-02
29153: 1.921512e+00 1.584302e+00 1.569767e+00 6.976744e-01 2.005814e-01 2.616279e-02
29153: 1.918841e+00 1.585507e+00 1.573913e+00 6.956522e-01 2.000000e-01 2.608696e-02
29153: 1.919075e+00 1.580925e+00 1.575145e+00 6.994220e-01 1.994220e-01 2.601156e-02
29153: 1.919308e+00 1.582133e+00 1.570605e+00 7.002882e-01 2.017291e-01 2.593660e-02
29153: 1.916667e+00 1.583333e+00 1.571839e+00 7.011494e-01 2.011494e-01 2.586207e-02
29153: 1.916905e+00 1.584527e+00 1.567335e+00 7.048711e-01 2.005731e-01 2.578797e-02
29153: 1.914286e+00 1.582857e+00 1.574286e+00 7.028571e-01 2.000000e-01 2.571429e-02
29153: 1.917379e+00 1.584046e+00 1.569801e+00 7.037037e-01 1.994302e-01 2.564103e-02
29153: 1.917614e+00 1.582386e+00 1.571023e+00 7.017045e-01 2.017045e-01 2.556818e-02
29153: 1.917847e+00 1.583569e+00 1.566572e+00 7.025496e-01 2.039660e-01 2.549575e-02
29153: 1.918079e+00 1.581921e+00 1.570621e+00 7.005650e-01 2.033898e-01 2.542373e-02
29153: 1.915493e+00 1.583099e+00 1.571831e+00 7.014085e-01 2.028169e-01 2.535211e-02
29153: 1.915730e+00 1.584270e+00 1.570225e+00 7.022472e-01 2.022472e-01 2.528090e-02
29153: 1.915966e+00 1.582633e+00 1.571429e+00 7.030812e-01 2.016807e-01 2.521008e-02
29153: 1.918994e+00 1.581006e+00 1.569832e+00 7.039106e-01 2.011173e-01 2.513966e-02
29153: 1.916435e+00 1.584958e+00 1.568245e+00 7.047354e-01 2.005571e-01 2.506964e-02
29153: 1.916667e+00 1.580556e+00 1.572222e+00 7.027778e-01 2.027778e-01 2.500000e-02
29153: 1.914127e+00 1.584488e+00 1.567867e+00 7.036011e-01 2.049861e-01 2.493075e-02
29153: 1.917127e+00 1.585635e+00 1.566298e+00 7.016575e-01 2.044199e-01 2.486188e-02
29153: 1.914601e+00 1.584022e+00 1.570248e+00 6.997245e-01 2.066116e-01 2.479339e-02
29153: 1.912088e+00 1.585165e+00 1.571429e+00 7.005495e-01 2.060440e-01 2.472527e-02
29153: 1.912329e+00 1.583562e+00 1.569863e+00 7.041096e-01 2.054795e-01 2.465753e-02
29153: 1.912568e+00 1.584699e+00 1.571038e+00 7.021858e-01 2.049180e-01 2.459016e-02
29153: 1.910082e+00 1.585831e+00 1.566757e+00 7.084469e-01 2.043597e-01 2.452316e-02
29153: 1.910326e+00 1.586957e+00 1.567935e+00 7.065217e-01 2.038043e-01 2.445652e-02
29153: 1.907859e+00 1.582656e+00 1.569106e+00 7.127371e-01 2.032520e-01 2.439024e-02
29153: 1.910811e+00 1.581081e+00 1.570270e+00 7.108108e-01 2.027027e-01 2.432432e-02
29153: 1.908356e+00 1.582210e+00 1.568733e+00 7.115903e-01 2.048518e-01 2.425876e-02
29153: 1.905914e+00 1.577957e+00 1.575269e+00 7.096774e-01 2.043011e-01 2.688172e-02
29153: 1.911528e+00 1.573727e+00 1.573727e+00 7.104558e-01 2.037534e-01 2.680965e-02
29153: 1.909091e+00 1.577540e+00 1.572193e+00 7.112299e-01 2.032086e-01 2.673797e-02
29153: 1.909333e+00 1.578667e+00 1.570667e+00 7.120000e-01 2.026667e-01 2.666667e-02
29153: 1.912234e+00 1.577128e+00 1.569149e+00 7.127660e-01 2.021277e-01 2.659574e-02
29153: 1.915119e+00 1.578249e+00 1.567639e+00 7.108753e-01 2.015915e-01 2.652520e-02
29153: 1.912698e+00 1.576720e+00 1.571429e+00 7.116402e-01 2.010582e-01 2.645503e-02
29153: 1.912929e+00 1.580475e+00 1.567282e+00 7.124011e-01 2.005277e-01 2.638522e-02
29153: 1.910526e+00 1.576316e+00 1.573684e+00 7.105263e-01 2.026316e-01 2.631579e-02
29153: 1.910761e+00 1.580052e+00 1.569554e+00 7.112861e-01 2.020997e-01 2.624672e-02
29153: 1.908377e+00 1.581152e+00 1.570681e+00 7.094241e-01 2.041885e-01 2.617801e-02
29153: 1.906005e+00 1.582245e+00 1.566580e+00 7.127937e-01 2.062663e-01 2.610966e-02
29153: 1.908854e+00 1.580729e+00 1.567708e+00 7.109375e-01 2.057292e-01 2.604167e-02
29153: 1.906494e+00 1.581818e+00 1.571429e+00 7.090909e-01 2.051948e-01 2.597403e-02
29153: 1.904145e+00 1.582902e+00 1.572539e+00 7.098446e-01 2.046632e-01 2.590674e-02
29153: 1.904393e+00 1.583979e+00 1.571059e+00 7.105943e-01 2.041344e-01 2.583979e-02
29153: 1.904639e+00 1.579897e+00 1.574742e+00 7.113402e-01 2.036082e-01 2.577320e-02
29153: 1.904884e+00 1.580977e+00 1.573265e+00 7.120823e-01 2.030848e-01 2.570694e-02
29153: 1.905128e+00 1.582051e+00 1.571795e+00 7.128205e-01 2.025641e-01 2.564103e-02
29153: 1.902813e+00 1.578005e+00 1.575448e+00 7.135550e-01 2.020460e-01 2.813299e-02
29153: 1.905612e+00 1.573980e+00 1.573980e+00 7.168367e-01 2.015306e-01 2.806122e-02
29153: 1.905852e+00 1.575064e+00 1.569975e+00 7.201018e-01 2.010178e-01 2.798982e-02
29153: 1.903553e+00 1.576142e+00 1.573604e+00 7.182741e-01 2.005076e-01 2.791878e-02
29153: 1.903797e+00 1.574684e+00 1.572152e+00 7.189873e-01 2.025316e-01 2.784810e-02
29153: 1.906566e+00 1.573232e+00 1.570707e+00 7.196970e-01 2.020202e-01 2.777778e-02
29153: 1.904282e+00 1.574307e+00 1.569270e+00 7.204030e-01 2.040302e-01 2.770781e-02
29153: 1.904523e+00 1.575377e+00 1.567839e+00 7.185930e-01 2.035176e-01 3.015075e-02
29153: 1.902256e+00 1.576441e+00 1.568922e+00 7.192982e-01 2.030075e-01 3.007519e-02
29153: 1.902500e+00 1.577500e+00 1.567500e+00 7.200000e-01 2.025000e-01 3.000000e-02
29153: 1.902743e+00 1.576060e+00 1.571072e+00 7.182045e-01 2.019950e-01 2.992519e-02
29153: 1.900498e+00 1.579602e+00 1.569652e+00 7.189055e-01 2.014925e-01 2.985075e-02
29153: 1.900744e+00 1.580645e+00 1.570720e+00 7.171216e-01 2.009926e-01 2.977667e-02
29153: 1.900990e+00 1.576733e+00 1.569307e+00 7.227723e-01 2.004950e-01 2.970297e-02
29153: 1.898765e+00 1.580247e+00 1.567901e+00 7.234568e-01 2.000000e-01 2.962963e-02
29153: 1.896552e+00 1.581281e+00 1.566502e+00 7.241379e-01 2.019704e-01 2.955665e-02
29153: 1.896806e+00 1.584767e+00 1.565111e+00 7.223587e-01 2.014742e-01 2.948403e-02
29153: 1.894608e+00 1.583333e+00 1.568627e+00 7.205882e-01 2.034314e-01 2.941176e-02
29153: 1.894866e+00 1.581907e+00 1.569682e+00 7.212714e-01 2.029340e-01 2.933985e-02
29153: 1.892683e+00 1.580488e+00 1.573171e+00 7.219512e-01 2.024390e-01 2.926829e-02
29153: 1.890511e+00 1.581509e+00 1.571776e+00 7.250608e-01 2.019465e-01 2.919708e-02
29153: 1.893204e+00 1.580097e+00 1.570388e+00 7.257282e-01 2.014563e-01 2.912621e-02
29153: 1.893462e+00 1.581114e+00 1.569007e+00 7.263923e-01 2.009685e-01 2.905569e-02
29153: 1.893720e+00 1.579710e+00 1.570048e+00 7.246377e-01 2.028986e-01 2.898551e-02
29153: 1.891566e+00 1.585542e+00 1.566265e+00 7.253012e-01 2.024096e-01 2.891566e-02
29153: 1.894231e+00 1.586538e+00 1.564904e+00 7.235577e-01 2.019231e-01 2.884615e-02
29153: 1.892086e+00 1.585132e+00 1.565947e+00 7.242206e-01 2.038369e-01 2.877698e-02
29153: 1.889952e+00 1.586124e+00 1.566986e+00 7.224880e-01 2.057416e-01 2.870813e-02
29153: 1.890215e+00 1.582339e+00 1.570406e+00 7.231504e-01 2.052506e-01 2.863962e-02
29153: 1.888095e+00 1.585714e+00 1.566667e+00 7.261905e-01 2.047619e-01 2.857143e-02
29153: 1.893112e+00 1.581948e+00 1.567696e+00 7.244656e-01 2.042755e-01 2.850356e-02
29153: 1.893365e+00 1.582938e+00 1.566351e+00 7.251185e-01 2.037915e-01 2.843602e-02
29153: 1.891253e+00 1.583924e+00 1.567376e+00 7.257683e-01 2.033097e-01 2.836879e-02
29153: 1.889151e+00 1.587264e+00 1.566038e+00 7.240566e-01 2.051887e-01 2.830189e-02
29153: 1.889412e+00 1.588235e+00 1.567059e+00 7.223529e-01 2.047059e-01 2.823529e-02
29153: 1.887324e+00 1.591549e+00 1.565728e+00 7.230047e-01 2.042254e-01 2.816901e-02
29153: 1.892272e+00 1.590164e+00 1.564403e+00 7.213115e-01 2.037471e-01 2.810304e-02
29153: 1.890187e+00 1.591121e+00 1.565421e+00 7.196262e-01 2.056075e-01 2.803738e-02
29153: 1.888112e+00 1.592075e+00 1.566434e+00 7.179487e-01 2.074592e-01 2.797203e-02
29153: 1.888372e+00 1.590698e+00 1.569767e+00 7.162791e-01 2.069767e-01 2.790698e-02
29153: 1.888631e+00 1.589327e+00 1.573086e+00 7.146172e-01 2.064965e-01 2.784223e-02
29153: 1.888889e+00 1.590278e+00 1.569444e+00 7.175926e-01 2.060185e-01 2.777778e-02
29153: 1.886836e+00 1.591224e+00 1.572748e+00 7.159353e-01 2.055427e-01 2.771363e-02
29153: 1.889401e+00 1.589862e+00 1.569124e+00 7.165899e-01 2.073733e-01 2.764977e-02
29153: 1.889655e+00 1.590805e+00 1.567816e+00 7.149425e-01 2.091954e-01 2.758621e-02
29153: 1.889908e+00 1.589450e+00 1.571101e+00 7.133028e-01 2.087156e-01 2.752294e-02
29153: 1.890160e+00 1.592677e+00 1.567506e+00 7.139588e-01 2.082380e-01 2.745995e-02
29153: 1.892694e+00 1.591324e+00 1.568493e+00 7.123288e-01 2.077626e-01 2.739726e-02
29153: 1.890661e+00 1.592255e+00 1.569476e+00 7.107062e-01 2.095672e-01 2.733485e-02
29153: 1.888636e+00 1.595455e+00 1.568182e+00 7.090909e-01 2.113636e-01 2.727273e-02
29153: 1.888889e+00 1.591837e+00 1.571429e+00 7.097506e-01 2.108844e-01 2.721088e-02
29153: 1.886878e+00 1.590498e+00 1.572398e+00 7.126697e-01 2.104072e-01 2.714932e-02
29153: 1.887133e+00 1.593679e+00 1.568849e+00 7.133183e-01 2.099323e-01 2.708804e-02
29153: 1.885135e+00 1.592342e+00 1.574324e+00 7.117117e-01 2.094595e-01 2.702703e-02
29153: 1.885393e+00 1.593258e+00 1.573034e+00 7.123596e-01 2.089888e-01 2.696629e-02
29153: 1.883408e+00 1.594170e+00 1.571749e+00 7.152466e-01 2.085202e-01 2.690583e-02
29153: 1.885906e+00 1.595078e+00 1.568233e+00 7.158837e-01 2.080537e-01 2.684564e-02
29153: 1.883929e+00 1.595982e+00 1.569196e+00 7.165179e-01 2.075893e-01 2.678571e-02
29153: 1.886414e+00 1.594655e+00 1.570156e+00 7.149220e-01 2.071269e-01 2.672606e-02
29153: 1.884444e+00 1.593333e+00 1.571111e+00 7.177778e-01 2.066667e-01 2.666667e-02
29153: 1.884701e+00 1.594235e+00 1.567627e+00 7.206208e-01 2.062084e-01 2.660754e-02
29153: 1.882743e+00 1.590708e+00 1.573009e+00 7.190265e-01 2.079646e-01 2.654867e-02
29153: 1.885210e+00 1.589404e+00 1.569536e+00 7.218543e-01 2.075055e-01 2.649007e-02
29153: 1.883260e+00 1.594714e+00 1.568282e+00 7.202643e-01 2.070485e-01 2.643172e-02
29153: 1.883516e+00 1.593407e+00 1.567033e+00 7.230769e-01 2.065934e-01 2.637363e-02
29153: 1.883772e+00 1.594298e+00 1.565789e+00 7.236842e-01 2.061404e-01 2.631579e-02
29153: 1.884026e+00 1.590810e+00 1.571116e+00 7.221007e-01 2.056893e-01 2.625821e-02
29153: 1.882096e+00 1.593886e+00 1.569869e+00 7.227074e-01 2.052402e-01 2.620087e-02
29153: 1.882353e+00 1.594771e+00 1.568627e+00 7.233115e-01 2.047930e-01 2.614379e-02
29153: 1.880435e+00 1.593478e+00 1.569565e+00 7.239130e-01 2.065217e-01 2.608696e-02
29153: 1.882863e+00 1.590022e+00 1.572668e+00 7.223427e-01 2.060738e-01 2.603037e-02
29153: 1.880952e+00 1.590909e+00 1.573593e+00 7.229437e-01 2.056277e-01 2.597403e-02
29153: 1.881210e+00 1.587473e+00 1.572354e+00 7.257019e-01 2.073434e-01 2.591793e-02
29153: 1.881466e+00 1.590517e+00 1.568966e+00 7.262931e-01 2.068966e-01 2.586207e-02
29153: 1.879570e+00 1.589247e+00 1.574194e+00 7.247312e-01 2.064516e-01 2.580645e-02
29153: 1.879828e+00 1.587983e+00 1.575107e+00 7.253219e-01 2.060086e-01 2.575107e-02
29153: 1.877944e+00 1.588865e+00 1.573876e+00 7.280514e-01 2.055675e-01 2.569593e-02
29153: 1.878205e+00 1.585470e+00 1.572650e+00 7.307692e-01 2.051282e-01 2.777778e-02
29153: 1.876333e+00 1.588486e+00 1.571429e+00 7.313433e-01 2.046908e-01 2.771855e-02
29153: 1.876596e+00 1.589362e+00 1.570213e+00 7.319149e-01 2.042553e-01 2.765957e-02
29153: 1.874735e+00 1.588110e+00 1.571125e+00 7.346072e-01 2.038217e-01 2.760085e-02
29153: 1.877119e+00 1.586864e+00 1.567797e+00 7.351695e-01 2.055085e-01 2.754237e-02
29153: 1.875264e+00 1.587738e+00 1.568710e+00 7.336152e-01 2.071882e-01 2.748414e-02
29153: 1.875527e+00 1.586498e+00 1.569620e+00 7.320675e-01 2.088608e-01 2.742616e-02
29153: 1.875789e+00 1.585263e+00 1.570526e+00 7.326316e-01 2.084211e-01 2.736842e-02
29153: 1.873950e+00 1.588235e+00 1.569328e+00 7.331933e-01 2.079832e-01 2.731092e-02
29153: 1.876310e+00 1.584906e+00 1.572327e+00 7.316562e-01 2.075472e-01 2.725367e-02
29153: 1.876569e+00 1.583682e+00 1.571130e+00 7.322176e-01 2.092050e-01 2.719665e-02
29153: 1.874739e+00 1.586639e+00 1.569937e+00 7.327766e-01 2.087683e-01 2.713987e-02
29153: 1.875000e+00 1.585417e+00 1.570833e+00 7.312500e-01 2.104167e-01 2.708333e-02
29153: 1.873181e+00 1.586279e+00 1.567568e+00 7.318087e-01 2.141372e-01 2.702703e-02
29153: 1.873444e+00 1.585062e+00 1.570539e+00 7.302905e-01 2.136929e-01 2.697095e-02
29153: 1.871636e+00 1.585921e+00 1.569358e+00 7.329193e-01 2.132505e-01 2.691511e-02
29153: 1.873967e+00 1.584711e+00 1.570248e+00 7.314050e-01 2.128099e-01 2.685950e-02
29153: 1.876289e+00 1.585567e+00 1.567010e+00 7.319588e-01 2.123711e-01 2.680412e-02
29153: 1.874486e+00 1.586420e+00 1.569959e+00 7.304527e-01 2.119342e-01 2.674897e-02
29153: 1.872690e+00 1.587269e+00 1.570842e+00 7.310062e-01 2.114990e-01 2.669405e-02
29153: 1.875000e+00 1.586066e+00 1.567623e+00 7.315574e-01 2.131148e-01 2.663934e-02
29153: 1.877301e+00 1.586912e+00 1.566462e+00 7.300613e-01 2.126789e-01 2.658487e-02
29153: 1.875510e+00 1.583673e+00 1.569388e+00 7.306122e-01 2.142857e-01 2.653061e-02
29153: 1.875764e+00 1.582485e+00 1.568228e+00 7.331976e-01 2.138493e-01 2.647658e-02
29153: 1.876016e+00 1.581301e+00 1.569106e+00 7.337398e-01 2.134146e-01 2.642276e-02
29153: 1.874239e+00 1.582150e+00 1.572008e+00 7.322515e-01 2.129817e-01 2.636917e-02
29153: 1.876518e+00 1.580972e+00 1.568826e+00 7.348178e-01 2.125506e-01 2.631579e-02
29153: 1.874747e+00 1.583838e+00 1.567677e+00 7.353535e-01 2.121212e-01 2.626263e-02
29153: 1.872984e+00 1.586694e+00 1.568548e+00 7.338710e-01 2.116935e-01 2.620968e-02
29153: 1.873239e+00 1.585513e+00 1.571429e+00 7.323944e-01 2.112676e-01 2.615694e-02
29153: 1.871486e+00 1.588353e+00 1.570281e+00 7.329317e-01 2.108434e-01 2.610442e-02
29153: 1.871743e+00 1.587174e+00 1.569138e+00 7.334669e-01 2.124248e-01 2.605210e-02
29153: 1.870000e+00 1.588000e+00 1.570000e+00 7.320000e-01 2.140000e-01 2.600000e-02
29153: 1.872255e+00 1.584830e+00 1.570858e+00 7.325349e-01 2.135729e-01 2.594810e-02
29153: 1.870518e+00 1.585657e+00 1.567729e+00 7.350598e-01 2.151394e-01 2.589641e-02
29153: 1.870775e+00 1.586481e+00 1.566600e+00 7.335984e-01 2.166998e-01 2.584493e-02
29153: 1.871032e+00 1.585317e+00 1.567460e+00 7.321429e-01 2.182540e-01 2.579365e-02
29153: 1.869307e+00 1.586139e+00 1.566337e+00 7.346535e-01 2.178218e-01 2.574257e-02
29153: 1.869565e+00 1.586957e+00 1.567194e+00 7.332016e-01 2.173913e-01 2.569170e-02
29153: 1.867850e+00 1.587771e+00 1.568047e+00 7.337278e-01 2.169625e-01 2.564103e-02
29153: 1.868110e+00 1.586614e+00 1.570866e+00 7.322835e-01 2.165354e-01 2.559055e-02
29153: 1.868369e+00 1.587426e+00 1.569745e+00 7.328094e-01 2.161100e-01 2.554028e-02
29153: 1.868627e+00 1.586275e+00 1.570588e+00 7.333333e-01 2.156863e-01 2.549020e-02
29153: 1.868885e+00 1.587084e+00 1.569472e+00 7.338552e-01 2.152642e-01 2.544031e-02
29153: 1.867188e+00 1.589844e+00 1.570312e+00 7.324219e-01 2.148438e-01 2.539062e-02
29153: 1.867446e+00 1.590643e+00 1.567251e+00 7.329435e-01 2.163743e-01 2.534113e-02
29153: 1.869650e+00 1.587549e+00 1.570039e+00 7.315175e-01 2.159533e-01 2.529183e-02
29153: 1.867961e+00 1.590291e+00 1.566990e+00 7.339806e-01 2.155340e-01 2.524272e-02
29153: 1.868217e+00 1.589147e+00 1.569767e+00 7.325581e-01 2.151163e-01 2.519380e-02
29153: 1.866538e+00 1.589942e+00 1.570600e+00 7.311412e-01 2.166344e-01 2.514507e-02
29153: 1.864865e+00 1.588803e+00 1.569498e+00 7.335907e-01 2.181467e-01 2.509653e-02
29153: 1.865125e+00 1.589595e+00 1.570328e+00 7.321773e-01 2.177264e-01 2.504817e-02
29153: 1.863462e+00 1.588462e+00 1.571154e+00 7.346154e-01 2.173077e-01 2.500000e-02
29153: 1.863724e+00 1.587332e+00 1.570058e+00 7.370441e-01 2.168906e-01 2.495202e-02
29153: 1.862069e+00 1.590038e+00 1.568966e+00 7.375479e-01 2.164751e-01 2.490421e-02
29153: 1.864245e+00 1.588910e+00 1.569790e+00 7.361377e-01 2.160612e-01 2.485660e-02
29153: 1.862595e+00 1.589695e+00 1.572519e+00 7.347328e-01 2.156489e-01 2.480916e-02
29153: 1.860952e+00 1.590476e+00 1.573333e+00 7.352381e-01 2.152381e-01 2.476190e-02
29153: 1.861217e+00 1.589354e+00 1.572243e+00 7.376426e-01 2.148289e-01 2.471483e-02
29153: 1.859583e+00 1.592030e+00 1.571157e+00 7.381404e-01 2.144213e-01 2.466793e-02
29153: 1.861742e+00 1.590909e+00 1.570076e+00 7.386364e-01 2.140152e-01 2.462121e-02
29153: 1.862004e+00 1.591682e+00 1.567108e+00 7.410208e-01 2.136106e-01 2.457467e-02
29153: 1.860377e+00 1.590566e+00 1.571698e+00 7.396226e-01 2.132075e-01 2.452830e-02
29153: 1.860640e+00 1.593220e+00 1.568738e+00 7.401130e-01 2.128060e-01 2.448211e-02
29153: 1.859023e+00 1.592105e+00 1.571429e+00 7.406015e-01 2.124060e-01 2.443609e-02
29153: 1.859287e+00 1.590994e+00 1.570356e+00 7.410882e-01 2.120075e-01 2.626642e-02
29153: 1.859551e+00 1.593633e+00 1.567416e+00 7.415730e-01 2.116105e-01 2.621723e-02
29153: 1.857944e+00 1.594393e+00 1.570093e+00 7.401869e-01 2.112150e-01 2.616822e-02
29153: 1.856343e+00 1.593284e+00 1.569030e+00 7.444030e-01 2.108209e-01 2.611940e-02
29153: 1.858473e+00 1.590317e+00 1.571695e+00 7.430168e-01 2.104283e-01 2.607076e-02
29153: 1.856877e+00 1.591078e+00 1.572491e+00 7.434944e-01 2.100372e-01 2.602230e-02
29153: 1.855288e+00 1.589981e+00 1.575139e+00 7.439703e-01 2.096475e-01 2.597403e-02
29153: 1.855556e+00 1.590741e+00 1.574074e+00 7.444444e-01 2.092593e-01 2.592593e-02
29153: 1.853974e+00 1.591497e+00 1.574861e+00 7.449168e-01 2.088725e-01 2.587800e-02
29153: 1.852399e+00 1.588561e+00 1.577491e+00 7.472325e-01 2.084871e-01 2.583026e-02
29153: 1.854512e+00 1.589319e+00 1.574586e+00 7.476980e-01 2.081031e-01 2.578269e-02
29153: 1.852941e+00 1.588235e+00 1.575368e+00 7.500000e-01 2.077206e-01 2.573529e-02
29153: 1.853211e+00 1.588991e+00 1.572477e+00 7.522936e-01 2.073394e-01 2.568807e-02
29153: 1.853480e+00 1.589744e+00 1.571429e+00 7.527473e-01 2.069597e-01 2.564103e-02
29153: 1.851920e+00 1.588665e+00 1.572212e+00 7.550274e-01 2.065814e-01 2.559415e-02
29153: 1.852190e+00 1.591241e+00 1.569343e+00 7.554745e-01 2.062044e-01 2.554745e-02
29153: 1.850638e+00 1.590164e+00 1.570128e+00 7.559199e-01 2.076503e-01 2.550091e-02
29153: 1.849091e+00 1.590909e+00 1.569091e+00 7.563636e-01 2.090909e-01 2.545455e-02
29153: 1.849365e+00 1.589837e+00 1.569873e+00 7.549909e-01 2.105263e-01 2.540835e-02
29153: 1.847826e+00 1.592391e+00 1.568841e+00 7.536232e-01 2.119565e-01 2.536232e-02
29153: 1.848101e+00 1.593128e+00 1.569620e+00 7.522604e-01 2.115732e-01 2.531646e-02
29153: 1.848375e+00 1.590253e+00 1.570397e+00 7.545126e-01 2.111913e-01 2.527076e-02
29153: 1.848649e+00 1.592793e+00 1.567568e+00 7.549550e-01 2.108108e-01 2.522523e-02
29153: 1.848921e+00 1.591727e+00 1.568345e+00 7.535971e-01 2.122302e-01 2.517986e-02
29153: 1.847397e+00 1.592460e+00 1.569120e+00 7.540395e-01 2.118492e-01 2.513465e-02
29153: 1.849462e+00 1.593190e+00 1.568100e+00 7.526882e-01 2.114695e-01 2.508961e-02
29153: 1.847943e+00 1.595707e+00 1.568873e+00 7.513417e-01 2.110912e-01 2.504472e-02
29153: 1.848214e+00 1.596429e+00 1.569643e+00 7.500000e-01 2.107143e-01 2.500000e-02
29153: 1.846702e+00 1.595365e+00 1.568627e+00 7.504456e-01 2.139037e-01 2.495544e-02
29153: 1.848754e+00 1.596085e+00 1.567616e+00 7.491103e-01 2.135231e-01 2.491103e-02
29153: 1.847247e+00 1.596803e+00 1.570160e+00 7.477798e-01 2.131439e-01 2.486679e-02
29153: 1.845745e+00 1.599291e+00 1.567376e+00 7.500000e-01 2.127660e-01 2.482270e-02
29153: 1.847788e+00 1.600000e+00 1.566372e+00 7.486726e-01 2.123894e-01 2.477876e-02
29153: 1.848057e+00 1.598940e+00 1.567138e+00 7.491166e-01 2.120141e-01 2.473498e-02
29153: 1.848325e+00 1.601411e+00 1.566138e+00 7.477954e-01 2.116402e-01 2.469136e-02
29153: 1.846831e+00 1.600352e+00 1.568662e+00 7.482394e-01 2.112676e-01 2.464789e-02
29153: 1.847100e+00 1.599297e+00 1.567663e+00 7.504394e-01 2.108963e-01 2.460457e-02
29153: 1.845614e+00 1.601754e+00 1.568421e+00 7.491228e-01 2.105263e-01 2.456140e-02
29153: 1.845884e+00 1.600701e+00 1.569177e+00 7.478109e-01 2.119089e-01 2.451839e-02
29153: 1.844406e+00 1.601399e+00 1.569930e+00 7.465035e-01 2.132867e-01 2.447552e-02
29153: 1.842932e+00 1.602094e+00 1.572426e+00 7.452007e-01 2.129145e-01 2.443281e-02
29153: 1.844948e+00 1.601045e+00 1.571429e+00 7.456446e-01 2.125436e-01 2.439024e-02
29153: 1.843478e+00 1.600000e+00 1.573913e+00 7.460870e-01 2.121739e-01 2.434783e-02
29153: 1.845486e+00 1.598958e+00 1.572917e+00 7.465278e-01 2.118056e-01 2.430556e-02
29153: 1.844021e+00 1.601386e+00 1.570191e+00 7.469671e-01 2.131716e-01 2.426343e-02
29153: 1.844291e+00 1.598616e+00 1.570934e+00 7.491349e-01 2.128028e-01 2.422145e-02
29153: 1.842832e+00 1.599309e+00 1.571675e+00 7.495682e-01 2.124352e-01 2.417962e-02
29153: 1.843103e+00 1.600000e+00 1.568966e+00 7.517241e-01 2.120690e-01 2.413793e-02
29153: 1.843373e+00 1.598967e+00 1.569707e+00 7.521515e-01 2.117040e-01 2.409639e-02
29153: 1.841924e+00 1.599656e+00 1.568729e+00 7.542955e-01 2.113402e-01 2.405498e-02
29153: 1.842196e+00 1.598628e+00 1.569468e+00 7.530017e-01 2.126930e-01 2.401372e-02
29153: 1.842466e+00 1.601027e+00 1.568493e+00 7.517123e-01 2.123288e-01 2.397260e-02
29153: 1.842735e+00 1.600000e+00 1.570940e+00 7.504274e-01 2.119658e-01 2.393162e-02
29153: 1.841297e+00 1.602389e+00 1.569966e+00 7.508532e-01 2.116041e-01 2.389078e-02
29153: 1.843271e+00 1.603066e+00 1.568995e+00 7.495741e-01 2.112436e-01 2.385009e-02
29153: 1.843537e+00 1.602041e+00 1.569728e+00 7.482993e-01 2.125850e-01 2.380952e-02
29153: 1.842105e+00 1.604414e+00 1.568761e+00 7.470289e-01 2.139219e-01 2.376910e-02
29153: 1.844068e+00 1.601695e+00 1.569492e+00 7.474576e-01 2.135593e-01 2.372881e-02
29153: 1.842640e+00 1.602369e+00 1.571912e+00 7.461929e-01 2.131980e-01 2.368866e-02
29153: 1.842905e+00 1.601351e+00 1.570946e+00 7.483108e-01 2.128378e-01 2.364865e-02
29153: 1.843170e+00 1.602024e+00 1.569983e+00 7.487352e-01 2.124789e-01 2.360877e-02
29153: 1.841751e+00 1.601010e+00 1.572391e+00 7.491582e-01 2.121212e-01 2.356902e-02
29153: 1.842017e+00 1.603361e+00 1.569748e+00 7.495798e-01 2.117647e-01 2.352941e-02
29153: 1.842282e+00 1.602349e+00 1.570470e+00 7.500000e-01 2.114094e-01 2.348993e-02
29153: 1.840871e+00 1.604690e+00 1.567839e+00 7.520938e-01 2.110553e-01 2.345059e-02
29153: 1.844482e+00 1.603679e+00 1.566890e+00 7.508361e-01 2.107023e-01 2.341137e-02
29153: 1.843072e+00 1.604341e+00 1.567613e+00 7.495826e-01 2.120200e-01 2.337229e-02
29153: 1.841667e+00 1.606667e+00 1.568333e+00 7.483333e-01 2.116667e-01 2.333333e-02
29153: 1.841930e+00 1.603993e+00 1.569052e+00 7.504160e-01 2.113145e-01 2.329451e-02
29153: 1.842193e+00 1.604651e+00 1.569767e+00 7.491694e-01 2.109635e-01 2.325581e-02
29153: 1.842454e+00 1.603648e+00 1.568823e+00 7.495854e-01 2.106136e-01 2.487562e-02
29153: 1.842715e+00 1.602649e+00 1.569536e+00 7.483444e-01 2.119205e-01 2.483444e-02
29153: 1.842975e+00 1.603306e+00 1.570248e+00 7.471074e-01 2.115702e-01 2.479339e-02
29153: 1.843234e+00 1.602310e+00 1.567657e+00 7.491749e-01 2.128713e-01 2.475248e-02
29153: 1.841845e+00 1.602965e+00 1.566722e+00 7.495881e-01 2.141680e-01 2.471170e-02
29153: 1.843750e+00 1.603618e+00 1.565789e+00 7.483553e-01 2.138158e-01 2.467105e-02
29153: 1.844007e+00 1.604269e+00 1.566502e+00 7.471264e-01 2.134647e-01 2.463054e-02
29153: 1.845902e+00 1.603279e+00 1.565574e+00 7.475410e-01 2.131148e-01 2.459016e-02
29153: 1.846154e+00 1.605565e+00 1.564648e+00 7.463175e-01 2.127660e-01 2.454992e-02
29153: 1.844771e+00 1.606209e+00 1.565359e+00 7.450980e-01 2.140523e-01 2.450980e-02
29153: 1.843393e+00 1.608483e+00 1.564437e+00 7.438825e-01 2.137031e-01 2.610114e-02
29153: 1.846906e+00 1.607492e+00 1.563518e+00 7.426710e-01 2.133550e-01 2.605863e-02
29153: 1.845528e+00 1.611382e+00 1.562602e+00 7.414634e-01 2.130081e-01 2.601626e-02
29153: 1.844156e+00 1.612013e+00 1.564935e+00 7.402597e-01 2.126623e-01 2.597403e-02
29153: 1.844408e+00 1.611021e+00 1.564019e+00 7.423015e-01 2.123177e-01 2.593193e-02
29153: 1.844660e+00 1.611650e+00 1.563107e+00 7.411003e-01 2.135922e-01 2.588997e-02
29153: 1.843296e+00 1.610662e+00 1.565428e+00 7.399031e-01 2.148627e-01 2.584814e-02
29153: 1.843548e+00 1.611290e+00 1.566129e+00 7.387097e-01 2.145161e-01 2.580645e-02
29153: 1.842190e+00 1.613527e+00 1.565217e+00 7.391304e-01 2.141707e-01 2.576490e-02
29153: 1.842444e+00 1.614148e+00 1.564309e+00 7.379421e-01 2.154341e-01 2.572347e-02
29153: 1.842697e+00 1.614767e+00 1.565008e+00 7.367576e-01 2.150883e-01 2.568218e-02
29153: 1.841346e+00 1.613782e+00 1.565705e+00 7.387821e-01 2.147436e-01 2.564103e-02
29153: 1.843200e+00 1.612800e+00 1.564800e+00 7.376000e-01 2.160000e-01 2.560000e-02
29153: 1.841853e+00 1.615016e+00 1.565495e+00 7.364217e-01 2.156550e-01 2.555911e-02
29153: 1.842105e+00 1.615630e+00 1.566188e+00 7.352472e-01 2.153110e-01 2.551834e-02
29153: 1.843949e+00 1.614650e+00 1.565287e+00 7.356688e-01 2.149682e-01 2.547771e-02
29153: 1.842607e+00 1.615262e+00 1.565978e+00 7.360890e-01 2.146264e-01 2.543720e-02
29153: 1.842857e+00 1.615873e+00 1.565079e+00 7.365079e-01 2.142857e-01 2.539683e-02
29153: 1.841521e+00 1.614897e+00 1.567353e+00 7.369255e-01 2.139461e-01 2.535658e-02
29153: 1.841772e+00 1.615506e+00 1.568038e+00 7.357595e-01 2.136076e-01 2.531646e-02
29153: 1.840442e+00 1.614534e+00 1.568720e+00 7.377567e-01 2.132701e-01 2.527646e-02
29153: 1.840694e+00 1.613565e+00 1.567823e+00 7.365931e-01 2.160883e-01 2.523659e-02
29153: 1.839370e+00 1.614173e+00 1.570079e+00 7.354331e-01 2.157480e-01 2.519685e-02
29153: 1.839623e+00 1.614780e+00 1.569182e+00 7.358491e-01 2.154088e-01 2.515723e-02
29153: 1.838305e+00 1.615385e+00 1.569859e+00 7.362637e-01 2.150706e-01 2.511774e-02
29153: 1.838558e+00 1.612853e+00 1.572100e+00 7.351097e-01 2.163009e-01 2.507837e-02
29153: 1.838811e+00 1.615023e+00 1.569640e+00 7.355243e-01 2.159624e-01 2.503912e-02
29153: 1.837500e+00 1.615625e+00 1.571875e+00 7.343750e-01 2.156250e-01 2.500000e-02
29153: 1.837754e+00 1.613105e+00 1.574103e+00 7.347894e-01 2.152886e-01 2.496100e-02
29153: 1.839564e+00 1.613707e+00 1.571651e+00 7.352025e-01 2.149533e-01 2.492212e-02
29153: 1.841369e+00 1.612753e+00 1.570762e+00 7.356143e-01 2.146190e-01 2.488336e-02
29153: 1.840062e+00 1.614907e+00 1.568323e+00 7.360248e-01 2.158385e-01 2.484472e-02
29153: 1.840310e+00 1.612403e+00 1.570543e+00 7.364341e-01 2.155039e-01 2.480620e-02
29153: 1.839009e+00 1.613003e+00 1.569659e+00 7.383901e-01 2.151703e-01 2.476780e-02
29153: 1.837713e+00 1.613601e+00 1.571870e+00 7.372488e-01 2.148377e-01 2.472952e-02
29153: 1.839506e+00 1.614198e+00 1.569444e+00 7.376543e-01 2.145062e-01 2.469136e-02
29153: 1.838213e+00 1.611710e+00 1.573190e+00 7.380586e-01 2.141757e-01 2.465331e-02
29153: 1.840000e+00 1.610769e+00 1.570769e+00 7.400000e-01 2.138462e-01 2.461538e-02
29153: 1.838710e+00 1.611367e+00 1.571429e+00 7.403994e-01 2.135177e-01 2.457757e-02
29153: 1.840491e+00 1.610429e+00 1.570552e+00 7.407975e-01 2.131902e-01 2.453988e-02
29153: 1.839204e+00 1.611026e+00 1.569678e+00 7.427259e-01 2.128637e-01 2.450230e-02
29153: 1.837920e+00 1.611621e+00 1.570336e+00 7.431193e-01 2.125382e-01 2.446483e-02
29153: 1.839695e+00 1.610687e+00 1.567939e+00 7.450382e-01 2.122137e-01 2.442748e-02
29153: 1.838415e+00 1.612805e+00 1.568598e+00 7.439024e-01 2.118902e-01 2.439024e-02
29153: 1.838661e+00 1.610350e+00 1.570776e+00 7.442922e-01 2.115677e-01 2.435312e-02
29153: 1.838906e+00 1.610942e+00 1.569909e+00 7.446809e-01 2.112462e-01 2.431611e-02
29153: 1.840668e+00 1.610015e+00 1.570561e+00 7.435508e-01 2.109256e-01 2.427921e-02
29153: 1.839394e+00 1.610606e+00 1.571212e+00 7.439394e-01 2.106061e-01 2.424242e-02
29153: 1.838124e+00 1.611195e+00 1.570348e+00 7.443268e-01 2.102874e-01 2.571861e-02
29153: 1.838369e+00 1.611782e+00 1.567976e+00 7.462236e-01 2.099698e-01 2.567976e-02
29153: 1.837104e+00 1.609351e+00 1.571644e+00 7.450980e-01 2.111614e-01 2.564103e-02
29153: 1.838855e+00 1.606928e+00 1.570783e+00 7.469880e-01 2.108434e-01 2.560241e-02
29153: 1.839098e+00 1.607519e+00 1.568421e+00 7.473684e-01 2.120301e-01 2.556391e-02
29153: 1.839339e+00 1.608108e+00 1.569069e+00 7.462462e-01 2.117117e-01 2.552553e-02
29153: 1.838081e+00 1.608696e+00 1.568216e+00 7.466267e-01 2.128936e-01 2.548726e-02
29153: 1.836826e+00 1.612275e+00 1.567365e+00 7.455090e-01 2.125749e-01 2.544910e-02
29153: 1.837070e+00 1.611360e+00 1.569507e+00 7.443946e-01 2.122571e-01 2.541106e-02
29153: 1.837313e+00 1.611940e+00 1.568657e+00 7.447761e-01 2.119403e-01 2.537313e-02
29153: 1.836066e+00 1.611028e+00 1.570790e+00 7.451565e-01 2.116244e-01 2.533532e-02
29153: 1.836310e+00 1.611607e+00 1.568452e+00 7.470238e-01 2.113095e-01 2.529762e-02
29153: 1.838039e+00 1.610698e+00 1.569094e+00 7.459138e-01 2.109955e-01 2.526003e-02
29153: 1.836795e+00 1.614243e+00 1.568249e+00 7.448071e-01 2.106825e-01 2.522255e-02
29153: 1.835556e+00 1.614815e+00 1.567407e+00 7.437037e-01 2.133333e-01 2.518519e-02
29153: 1.837278e+00 1.613905e+00 1.568047e+00 7.426036e-01 2.130178e-01 2.514793e-02
29153: 1.836041e+00 1.612999e+00 1.571640e+00 7.415066e-01 2.127031e-01 2.511078e-02
29153: 1.837758e+00 1.612094e+00 1.570796e+00 7.418879e-01 2.123894e-01 2.507375e-02
29153: 1.836524e+00 1.611193e+00 1.571429e+00 7.422680e-01 2.120766e-01 2.650957e-02
29153: 1.836765e+00 1.611765e+00 1.570588e+00 7.426471e-01 2.117647e-01 2.647059e-02
29153: 1.835536e+00 1.613803e+00 1.569750e+00 7.430250e-01 2.114537e-01 2.643172e-02
29153: 1.835777e+00 1.614370e+00 1.568915e+00 7.434018e-01 2.111437e-01 2.639296e-02
29153: 1.834553e+00 1.613470e+00 1.571010e+00 7.437775e-01 2.108346e-01 2.635432e-02
29153: 1.834795e+00 1.612573e+00 1.571637e+00 7.441520e-01 2.105263e-01 2.631579e-02
29153: 1.833577e+00 1.613139e+00 1.569343e+00 7.459854e-01 2.116788e-01 2.627737e-02
29153: 1.835277e+00 1.612245e+00 1.569971e+00 7.448980e-01 2.113703e-01 2.623907e-02
29153: 1.835517e+00 1.614265e+00 1.569141e+00 7.438137e-01 2.110626e-01 2.620087e-02
29153: 1.834302e+00 1.614826e+00 1.569767e+00 7.427326e-01 2.122093e-01 2.616279e-02
29153: 1.834543e+00 1.615385e+00 1.570392e+00 7.416546e-01 2.119013e-01 2.612482e-02
29153: 1.834783e+00 1.614493e+00 1.568116e+00 7.434783e-01 2.130435e-01 2.608696e-02
29153: 1.833575e+00 1.616498e+00 1.568741e+00 7.424023e-01 2.127352e-01 2.604920e-02
29153: 1.833815e+00 1.615607e+00 1.570809e+00 7.413295e-01 2.124277e-01 2.601156e-02
29153: 1.834055e+00 1.614719e+00 1.569986e+00 7.417027e-01 2.135642e-01 2.597403e-02
29153: 1.835735e+00 1.615274e+00 1.569164e+00 7.406340e-01 2.132565e-01 2.593660e-02
29153: 1.834532e+00 1.615827e+00 1.571223e+00 7.395683e-01 2.129496e-01 2.589928e-02
29153: 1.837644e+00 1.614943e+00 1.568966e+00 7.399425e-01 2.126437e-01 2.586207e-02
29153: 1.836442e+00 1.615495e+00 1.571019e+00 7.388809e-01 2.123386e-01 2.582496e-02
29153: 1.835244e+00 1.614613e+00 1.573066e+00 7.392550e-01 2.120344e-01 2.578797e-02
29153: 1.835479e+00 1.615165e+00 1.572246e+00 7.396280e-01 2.117310e-01 2.575107e-02
29153: 1.834286e+00 1.614286e+00 1.571429e+00 7.428571e-01 2.114286e-01 2.571429e-02
29153: 1.835949e+00 1.613409e+00 1.570613e+00 7.432240e-01 2.111270e-01 2.567760e-02
29153: 1.836182e+00 1.612536e+00 1.569801e+00 7.450142e-01 2.108262e-01 2.564103e-02
29153: 1.836415e+00 1.614509e+00 1.568990e+00 7.439545e-01 2.105263e-01 2.560455e-02
29153: 1.835227e+00 1.615057e+00 1.571023e+00 7.428977e-01 2.102273e-01 2.556818e-02
29153: 1.835461e+00 1.615603e+00 1.570213e+00 7.432624e-01 2.099291e-01 2.553191e-02
29153: 1.837110e+00 1.613314e+00 1.570822e+00 7.436261e-01 2.096317e-01 2.549575e-02
29153: 1.837341e+00 1.615276e+00 1.568600e+00 7.439887e-01 2.093352e-01 2.545969e-02
29153: 1.836158e+00 1.615819e+00 1.570621e+00 7.429379e-01 2.090395e-01 2.542373e-02
29153: 1.836389e+00 1.616361e+00 1.569817e+00 7.433004e-01 2.087447e-01 2.538787e-02
29153: 1.835211e+00 1.616901e+00 1.571831e+00 7.422535e-01 2.084507e-01 2.535211e-02
29153: 1.835443e+00 1.617440e+00 1.571027e+00 7.426160e-01 2.081575e-01 2.531646e-02
29153: 1.835674e+00 1.616573e+00 1.571629e+00 7.429775e-01 2.078652e-01 2.528090e-02
29153: 1.835905e+00 1.617111e+00 1.570827e+00 7.433380e-01 2.075736e-01 2.524544e-02
29153: 1.834734e+00 1.617647e+00 1.571429e+00 7.436975e-01 2.072829e-01 2.521008e-02
29153: 1.833566e+00 1.616783e+00 1.572028e+00 7.454545e-01 2.069930e-01 2.517483e-02
29153: 1.832402e+00 1.617318e+00 1.572626e+00 7.458101e-01 2.067039e-01 2.513966e-02
29153: 1.832636e+00 1.616457e+00 1.573222e+00 7.461646e-01 2.064156e-01 2.510460e-02
29153: 1.831476e+00 1.618384e+00 1.571031e+00 7.479109e-01 2.061281e-01 2.506964e-02
29153: 1.831711e+00 1.618915e+00 1.568846e+00 7.496523e-01 2.058414e-01 2.503477e-02
29153: 1.830556e+00 1.618056e+00 1.570833e+00 7.500000e-01 2.055556e-01 2.500000e-02
29153: 1.832178e+00 1.617198e+00 1.568655e+00 7.503467e-01 2.066574e-01 2.496533e-02
29153: 1.831025e+00 1.617729e+00 1.569252e+00 7.506925e-01 2.063712e-01 2.493075e-02
29153: 1.832642e+00 1.615491e+00 1.571231e+00 7.496542e-01 2.060858e-01 2.489627e-02
29153: 1.832873e+00 1.616022e+00 1.570442e+00 7.500000e-01 2.058011e-01 2.486188e-02
29153: 1.833103e+00 1.615172e+00 1.569655e+00 7.517241e-01 2.055172e-01 2.482759e-02
29153: 1.831956e+00 1.617080e+00 1.570248e+00 7.506887e-01 2.052342e-01 2.479339e-02
29153: 1.833563e+00 1.616231e+00 1.568088e+00 7.510316e-01 2.063274e-01 2.475928e-02
29153: 1.833791e+00 1.615385e+00 1.570055e+00 7.500000e-01 2.060440e-01 2.472527e-02
29153: 1.834019e+00 1.615912e+00 1.569273e+00 7.503429e-01 2.057613e-01 2.469136e-02
29153: 1.832877e+00 1.615068e+00 1.571233e+00 7.493151e-01 2.068493e-01 2.465753e-02
29153: 1.831737e+00 1.615595e+00 1.571819e+00 7.496580e-01 2.065663e-01 2.462380e-02
29153: 1.833333e+00 1.616120e+00 1.569672e+00 7.500000e-01 2.062842e-01 2.459016e-02
29153: 1.832196e+00 1.615280e+00 1.571623e+00 7.503411e-01 2.060027e-01 2.455662e-02
29153: 1.831063e+00 1.615804e+00 1.572207e+00 7.506812e-01 2.057221e-01 2.452316e-02
29153: 1.832653e+00 1.614966e+00 1.571429e+00 7.510204e-01 2.054422e-01 2.448980e-02
29153: 1.832880e+00 1.616848e+00 1.569293e+00 7.513587e-01 2.051630e-01 2.445652e-02
29153: 1.834464e+00 1.616011e+00 1.569878e+00 7.503392e-01 2.048847e-01 2.442334e-02
29153: 1.833333e+00 1.617886e+00 1.570461e+00 7.493225e-01 2.046070e-01 2.439024e-02
29153: 1.833559e+00 1.617050e+00 1.571042e+00 7.496617e-01 2.043302e-01 2.435724e-02
29153: 1.835135e+00 1.617568e+00 1.568919e+00 7.500000e-01 2.040541e-01 2.432432e-02
29153: 1.834008e+00 1.615385e+00 1.572200e+00 7.503374e-01 2.037787e-01 2.429150e-02
29153: 1.832884e+00 1.615903e+00 1.572776e+00 7.506739e-01 2.035040e-01 2.425876e-02
29153: 1.834455e+00 1.615074e+00 1.572005e+00 7.510094e-01 2.032301e-01 2.422611e-02
29153: 1.834677e+00 1.614247e+00 1.571237e+00 7.526882e-01 2.029570e-01 2.419355e-02
29153: 1.833557e+00 1.614765e+00 1.571812e+00 7.530201e-01 2.026846e-01 2.416107e-02
29153: 1.832440e+00 1.613941e+00 1.572386e+00 7.533512e-01 2.037534e-01 2.412869e-02
29153: 1.831325e+00 1.613119e+00 1.571620e+00 7.550201e-01 2.048193e-01 2.409639e-02
29153: 1.831551e+00 1.612299e+00 1.570856e+00 7.566845e-01 2.045455e-01 2.406417e-02
29153: 1.830441e+00 1.614152e+00 1.568758e+00 7.583445e-01 2.042724e-01 2.403204e-02
29153: 1.832000e+00 1.613333e+00 1.569333e+00 7.573333e-01 2.040000e-01 2.400000e-02
29153: 1.830892e+00 1.613848e+00 1.569907e+00 7.563249e-01 2.050599e-01 2.396804e-02
29153: 1.831117e+00 1.613032e+00 1.570479e+00 7.566489e-01 2.047872e-01 2.393617e-02
29153: 1.831341e+00 1.613546e+00 1.569721e+00 7.569721e-01 2.045153e-01 2.390438e-02
29153: 1.830239e+00 1.612732e+00 1.570292e+00 7.586207e-01 2.042440e-01 2.387268e-02
29153: 1.830464e+00 1.613245e+00 1.568212e+00 7.602649e-01 2.039735e-01 2.384106e-02
29153: 1.829365e+00 1.615079e+00 1.568783e+00 7.592593e-01 2.037037e-01 2.380952e-02
29153: 1.829590e+00 1.614267e+00 1.569353e+00 7.595773e-01 2.034346e-01 2.377807e-02
29153: 1.828496e+00 1.614776e+00 1.569921e+00 7.598945e-01 2.031662e-01 2.374670e-02
29153: 1.830040e+00 1.615283e+00 1.569170e+00 7.588933e-01 2.028986e-01 2.371542e-02
29153: 1.828947e+00 1.615789e+00 1.571053e+00 7.578947e-01 2.026316e-01 2.368421e-02
29153: 1.827858e+00 1.617608e+00 1.568988e+00 7.582129e-01 2.036794e-01 2.365309e-02
29153: 1.828084e+00 1.616798e+00 1.569554e+00 7.572178e-01 2.047244e-01 2.362205e-02
29153: 1.828309e+00 1.617300e+00 1.570118e+00 7.562254e-01 2.044561e-01 2.359109e-02
29153: 1.828534e+00 1.616492e+00 1.568063e+00 7.578534e-01 2.054974e-01 2.356021e-02
29153: 1.828758e+00 1.618301e+00 1.567320e+00 7.568627e-01 2.052288e-01 2.352941e-02
29153: 1.828982e+00 1.617493e+00 1.567885e+00 7.558747e-01 2.062663e-01 2.349869e-02
29153: 1.827901e+00 1.619296e+00 1.567145e+00 7.548892e-01 2.073012e-01 2.346806e-02
29153: 1.828125e+00 1.618490e+00 1.569010e+00 7.539062e-01 2.070312e-01 2.343750e-02
29153: 1.828349e+00 1.617685e+00 1.570871e+00 7.529259e-01 2.067620e-01 2.340702e-02
29153: 1.827273e+00 1.618182e+00 1.571429e+00 7.532468e-01 2.064935e-01 2.337662e-02
29153: 1.827497e+00 1.617380e+00 1.571984e+00 7.535668e-01 2.062257e-01 2.334630e-02
29153: 1.827720e+00 1.617876e+00 1.569948e+00 7.551813e-01 2.059585e-01 2.331606e-02
29153: 1.826649e+00 1.618370e+00 1.571798e+00 7.542044e-01 2.056921e-01 2.328590e-02
29153: 1.828165e+00 1.617571e+00 1.571059e+00 7.545220e-01 2.054264e-01 2.325581e-02
29153: 1.828387e+00 1.618065e+00 1.569032e+00 7.548387e-01 2.064516e-01 2.322581e-02
29153: 1.827320e+00 1.617268e+00 1.570876e+00 7.538660e-01 2.074742e-01 2.319588e-02
29153: 1.826255e+00 1.616474e+00 1.571429e+00 7.554698e-01 2.072072e-01 2.316602e-02
29153: 1.827763e+00 1.616967e+00 1.569409e+00 7.557841e-01 2.069409e-01 2.313625e-02
29153: 1.826701e+00 1.617458e+00 1.571245e+00 7.548139e-01 2.066752e-01 2.310655e-02
29153: 1.826923e+00 1.616667e+00 1.571795e+00 7.551282e-01 2.064103e-01 2.307692e-02
29153: 1.825864e+00 1.617157e+00 1.572343e+00 7.554417e-01 2.061460e-01 2.304738e-02
29153: 1.827366e+00 1.617647e+00 1.570332e+00 7.557545e-01 2.058824e-01 2.301790e-02
29153: 1.827586e+00 1.616858e+00 1.570881e+00 7.560664e-01 2.056194e-01 2.298851e-02
29153: 1.826531e+00 1.619898e+00 1.568878e+00 7.563776e-01 2.053571e-01 2.295918e-02
29153: 1.828025e+00 1.619108e+00 1.568153e+00 7.554140e-01 2.063694e-01 2.292994e-02
29153: 1.826972e+00 1.620865e+00 1.567430e+00 7.557252e-01 2.061069e-01 2.290076e-02
29153: 1.827192e+00 1.620076e+00 1.567980e+00 7.560356e-01 2.058450e-01 2.287166e-02
29153: 1.826142e+00 1.621827e+00 1.568528e+00 7.550761e-01 2.055838e-01 2.284264e-02
29153: 1.826362e+00 1.621039e+00 1.570342e+00 7.541191e-01 2.053232e-01 2.281369e-02
29153: 1.825316e+00 1.622785e+00 1.569620e+00 7.544304e-01 2.050633e-01 2.278481e-02
29153: 1.826802e+00 1.623262e+00 1.568900e+00 7.534766e-01 2.048040e-01 2.275601e-02
29153: 1.825758e+00 1.625000e+00 1.569444e+00 7.525253e-01 2.045455e-01 2.272727e-02
29153: 1.824716e+00 1.626734e+00 1.568726e+00 7.528373e-01 2.042875e-01 2.269861e-02
29153: 1.826196e+00 1.627204e+00 1.568010e+00 7.518892e-01 2.040302e-01 2.267003e-02
29153: 1.825157e+00 1.626415e+00 1.569811e+00 7.509434e-01 2.050314e-01 2.264151e-02
29153: 1.826633e+00 1.624372e+00 1.571608e+00 7.500000e-01 2.047739e-01 2.261307e-02
29153: 1.825596e+00 1.624843e+00 1.570891e+00 7.515684e-01 2.045169e-01 2.258469e-02
29153: 1.825815e+00 1.624060e+00 1.570175e+00 7.531328e-01 2.042607e-01 2.255639e-02
29153: 1.826033e+00 1.625782e+00 1.568210e+00 7.534418e-01 2.040050e-01 2.252816e-02
29153: 1.826250e+00 1.625000e+00 1.568750e+00 7.525000e-01 2.037500e-01 2.375000e-02
29153: 1.825218e+00 1.627965e+00 1.568040e+00 7.515605e-01 2.034956e-01 2.372035e-02
29153: 1.825436e+00 1.625935e+00 1.569825e+00 7.506234e-01 2.044888e-01 2.369077e-02
29153: 1.825654e+00 1.626401e+00 1.570361e+00 7.496887e-01 2.042341e-01 2.366127e-02
29153: 1.824627e+00 1.625622e+00 1.570896e+00 7.512438e-01 2.039801e-01 2.363184e-02
29153: 1.824845e+00 1.623602e+00 1.572671e+00 7.515528e-01 2.037267e-01 2.360248e-02
29153: 1.825062e+00 1.624069e+00 1.571960e+00 7.518610e-01 2.034739e-01 2.357320e-02
29153: 1.824040e+00 1.622057e+00 1.573730e+00 7.534077e-01 2.032218e-01 2.354399e-02
29153: 1.823020e+00 1.622525e+00 1.574257e+00 7.537129e-01 2.029703e-01 2.351485e-02
29153: 1.824475e+00 1.621755e+00 1.573548e+00 7.540173e-01 2.027194e-01 2.348578e-02
29153: 1.823457e+00 1.622222e+00 1.572840e+00 7.555556e-01 2.024691e-01 2.345679e-02
29153: 1.823674e+00 1.621455e+00 1.573366e+00 7.558570e-01 2.022195e-01 2.342787e-02
29153: 1.822660e+00 1.621921e+00 1.573892e+00 7.561576e-01 2.019704e-01 2.339901e-02
29153: 1.821648e+00 1.619926e+00 1.575646e+00 7.576876e-01 2.017220e-01 2.337023e-02
29153: 1.820639e+00 1.619165e+00 1.574939e+00 7.604423e-01 2.014742e-01 2.334152e-02
29153: 1.822086e+00 1.618405e+00 1.574233e+00 7.607362e-01 2.012270e-01 2.331288e-02
29153: 1.821078e+00 1.620098e+00 1.572304e+00 7.610294e-01 2.009804e-01 2.450980e-02
29153: 1.820073e+00 1.619339e+00 1.574051e+00 7.613219e-01 2.007344e-01 2.447980e-02
29153: 1.820293e+00 1.618582e+00 1.573350e+00 7.628362e-01 2.004890e-01 2.444988e-02
29153: 1.820513e+00 1.617827e+00 1.572650e+00 7.631258e-01 2.002442e-01 2.564103e-02
29153: 1.820732e+00 1.619512e+00 1.570732e+00 7.634146e-01 2.000000e-01 2.560976e-02
29153: 1.820950e+00 1.617540e+00 1.571255e+00 7.637028e-01 2.009744e-01 2.557856e-02
29153: 1.821168e+00 1.619221e+00 1.569343e+00 7.639903e-01 2.007299e-01 2.554745e-02
29153: 1.820170e+00 1.619684e+00 1.569866e+00 7.642770e-01 2.004860e-01 2.551640e-02
29153: 1.821602e+00 1.618932e+00 1.569175e+00 7.645631e-01 2.002427e-01 2.548544e-02
29153: 1.820606e+00 1.619394e+00 1.568485e+00 7.636364e-01 2.024242e-01 2.545455e-02
29153: 1.822034e+00 1.619855e+00 1.567797e+00 7.627119e-01 2.021792e-01 2.542373e-02
29153: 1.822249e+00 1.619105e+00 1.569528e+00 7.617896e-01 2.019347e-01 2.539299e-02
29153: 1.823671e+00 1.619565e+00 1.568841e+00 7.608696e-01 2.016908e-01 2.536232e-02
29153: 1.823884e+00 1.618818e+00 1.570567e+00 7.599517e-01 2.014475e-01 2.533172e-02
29153: 1.822892e+00 1.620482e+00 1.569880e+00 7.602410e-01 2.012048e-01 2.530120e-02
29153: 1.821901e+00 1.620939e+00 1.570397e+00 7.605295e-01 2.009627e-01 2.527076e-02
29153: 1.822115e+00 1.620192e+00 1.569712e+00 7.608173e-01 2.019231e-01 2.524038e-02
29153: 1.822329e+00 1.620648e+00 1.570228e+00 7.599040e-01 2.016807e-01 2.521008e-02
29153: 1.821343e+00 1.621103e+00 1.569544e+00 7.613909e-01 2.014388e-01 2.517986e-02
29153: 1.820359e+00 1.620359e+00 1.571257e+00 7.604790e-01 2.023952e-01 2.514970e-02
29153: 1.820574e+00 1.619617e+00 1.571770e+00 7.607656e-01 2.021531e-01 2.511962e-02
29153: 1.820789e+00 1.618877e+00 1.571087e+00 7.610514e-01 2.031063e-01 2.508961e-02
29153: 1.819809e+00 1.620525e+00 1.569212e+00 7.613365e-01 2.040573e-01 2.505967e-02
29153: 1.820024e+00 1.622169e+00 1.568534e+00 7.604291e-01 2.038141e-01 2.502980e-02
29153: 1.819048e+00 1.620238e+00 1.571429e+00 7.595238e-01 2.047619e-01 2.500000e-02
29153: 1.820452e+00 1.619501e+00 1.569560e+00 7.598098e-01 2.057075e-01 2.497027e-02
29153: 1.819477e+00 1.621140e+00 1.570071e+00 7.589074e-01 2.054632e-01 2.494062e-02
29153: 1.818505e+00 1.622776e+00 1.569395e+00 7.591934e-01 2.052195e-01 2.491103e-02
29153: 1.818720e+00 1.623223e+00 1.569905e+00 7.582938e-01 2.049763e-01 2.488152e-02
29153: 1.820118e+00 1.622485e+00 1.569231e+00 7.585799e-01 2.047337e-01 2.485207e-02
29153: 1.820331e+00 1.622931e+00 1.569740e+00 7.576832e-01 2.044917e-01 2.482270e-02
29153: 1.821724e+00 1.622196e+00 1.569067e+00 7.579693e-01 2.042503e-01 2.479339e-02
29153: 1.821934e+00 1.622642e+00 1.569575e+00 7.570755e-01 2.040094e-01 2.476415e-02
29153: 1.822144e+00 1.621908e+00 1.570082e+00 7.573616e-01 2.037691e-01 2.473498e-02
29153: 1.821176e+00 1.622353e+00 1.569412e+00 7.576471e-01 2.047059e-01 2.470588e-02
29153: 1.820212e+00 1.625147e+00 1.568743e+00 7.567568e-01 2.044653e-01 2.467685e-02
29153: 1.821596e+00 1.623239e+00 1.570423e+00 7.558685e-01 2.042254e-01 2.464789e-02
29153: 1.820633e+00 1.626026e+00 1.568581e+00 7.561547e-01 2.039859e-01 2.461899e-02
29153: 1.820843e+00 1.626464e+00 1.567916e+00 7.564403e-01 2.037471e-01 2.459016e-02
29153: 1.821053e+00 1.625731e+00 1.568421e+00 7.567251e-01 2.035088e-01 2.456140e-02
29153: 1.820093e+00 1.626168e+00 1.568925e+00 7.558411e-01 2.044393e-01 2.453271e-02
29153: 1.820303e+00 1.626604e+00 1.569428e+00 7.549592e-01 2.042007e-01 2.450408e-02
29153: 1.819347e+00 1.625874e+00 1.569930e+00 7.564103e-01 2.039627e-01 2.447552e-02
29153: 1.818393e+00 1.627474e+00 1.569267e+00 7.555297e-01 2.037253e-01 2.561118e-02
29153: 1.817442e+00 1.627907e+00 1.569767e+00 7.546512e-01 2.046512e-01 2.558140e-02
29153: 1.817654e+00 1.629501e+00 1.569106e+00 7.537747e-01 2.044135e-01 2.555168e-02
29153: 1.816705e+00 1.631090e+00 1.569606e+00 7.529002e-01 2.041763e-01 2.552204e-02
29153: 1.816918e+00 1.631518e+00 1.568946e+00 7.520278e-01 2.050985e-01 2.549247e-02
29153: 1.815972e+00 1.631944e+00 1.570602e+00 7.511574e-01 2.048611e-01 2.546296e-02
29153: 1.815029e+00 1.632370e+00 1.569942e+00 7.526012e-01 2.046243e-01 2.543353e-02
29153: 1.815242e+00 1.632794e+00 1.570439e+00 7.517321e-01 2.043880e-01 2.540416e-02
29153: 1.816609e+00 1.632065e+00 1.568627e+00 7.531719e-01 2.041522e-01 2.537486e-02
29153: 1.815668e+00 1.633641e+00 1.569124e+00 7.523041e-01 2.039171e-01 2.534562e-02
29153: 1.815880e+00 1.632911e+00 1.570771e+00 7.514384e-01 2.036824e-01 2.531646e-02
29153: 1.814943e+00 1.633333e+00 1.568966e+00 7.517241e-01 2.057471e-01 2.528736e-02
29153: 1.814007e+00 1.633754e+00 1.570608e+00 7.508611e-01 2.055109e-01 2.525832e-02
29153: 1.815367e+00 1.631881e+00 1.571101e+00 7.511468e-01 2.052752e-01 2.522936e-02
29153: 1.815578e+00 1.632302e+00 1.569301e+00 7.525773e-01 2.050401e-01 2.520046e-02
29153: 1.814645e+00 1.632723e+00 1.569794e+00 7.517162e-01 2.048055e-01 2.631579e-02
29153: 1.814857e+00 1.633143e+00 1.570286e+00 7.508571e-01 2.045714e-01 2.628571e-02
29153: 1.813927e+00 1.633562e+00 1.569635e+00 7.522831e-01 2.043379e-01 2.625571e-02
29153: 1.814139e+00 1.633979e+00 1.570125e+00 7.514253e-01 2.041049e-01 2.622577e-02
29153: 1.814351e+00 1.633257e+00 1.568337e+00 7.539863e-01 2.038724e-01 2.619590e-02
29153: 1.813424e+00 1.634812e+00 1.568828e+00 7.531286e-01 2.036405e-01 2.616610e-02
29153: 1.814773e+00 1.634091e+00 1.569318e+00 7.522727e-01 2.034091e-01 2.613636e-02
29153: 1.814983e+00 1.634506e+00 1.569807e+00 7.514188e-01 2.031782e-01 2.610670e-02
29153: 1.816327e+00 1.633787e+00 1.569161e+00 7.517007e-01 2.029478e-01 2.607710e-02
29153: 1.815402e+00 1.635334e+00 1.569649e+00 7.508494e-01 2.027180e-01 2.604757e-02
29153: 1.815611e+00 1.635747e+00 1.569005e+00 7.511312e-01 2.024887e-01 2.601810e-02
29153: 1.815819e+00 1.636158e+00 1.569492e+00 7.502825e-01 2.022599e-01 2.598870e-02
29153: 1.816027e+00 1.635440e+00 1.569977e+00 7.505643e-01 2.020316e-01 2.595937e-02
29153: 1.815107e+00 1.635851e+00 1.571590e+00 7.497182e-01 2.018038e-01 2.593010e-02
29153: 1.816441e+00 1.635135e+00 1.570946e+00 7.500000e-01 2.015766e-01 2.590090e-02
29153: 1.816648e+00 1.634421e+00 1.570304e+00 7.502812e-01 2.024747e-01 2.587177e-02
29153: 1.815730e+00 1.634831e+00 1.570787e+00 7.505618e-01 2.022472e-01 2.584270e-02
29153: 1.815937e+00 1.635241e+00 1.570146e+00 7.508418e-01 2.020202e-01 2.581369e-02
29153: 1.815022e+00 1.633408e+00 1.570628e+00 7.522422e-01 2.017937e-01 2.690583e-02
29153: 1.815230e+00 1.632699e+00 1.571109e+00 7.525196e-01 2.015677e-01 2.687570e-02
29153: 1.815436e+00 1.634228e+00 1.569351e+00 7.527964e-01 2.013423e-01 2.684564e-02
29153: 1.814525e+00 1.634637e+00 1.569832e+00 7.530726e-01 2.011173e-01 2.681564e-02
29153: 1.813616e+00 1.632812e+00 1.572545e+00 7.533482e-01 2.008929e-01 2.678571e-02
29153: 1.814939e+00 1.633222e+00 1.570792e+00 7.536232e-01 2.006689e-01 2.675585e-02
29153: 1.814031e+00 1.632517e+00 1.571269e+00 7.538976e-01 2.015590e-01 2.672606e-02
29153: 1.813126e+00 1.634038e+00 1.569522e+00 7.541713e-01 2.024472e-01 2.669633e-02
29153: 1.813333e+00 1.633333e+00 1.570000e+00 7.533333e-01 2.033333e-01 2.666667e-02
29153: 1.812431e+00 1.635960e+00 1.568257e+00 7.536071e-01 2.031077e-01 2.663707e-02
29153: 1.813747e+00 1.635255e+00 1.568736e+00 7.527716e-01 2.028825e-01 2.660754e-02
29153: 1.812846e+00 1.634551e+00 1.571429e+00 7.519380e-01 2.026578e-01 2.657807e-02
29153: 1.813053e+00 1.633850e+00 1.570796e+00 7.533186e-01 2.024336e-01 2.654867e-02
29153: 1.813260e+00 1.634254e+00 1.569061e+00 7.546961e-01 2.022099e-01 2.651934e-02
29153: 1.813466e+00 1.633554e+00 1.570640e+00 7.538631e-01 2.019868e-01 2.649007e-02
29153: 1.813671e+00 1.633958e+00 1.570011e+00 7.541345e-01 2.017641e-01 2.646086e-02
29153: 1.814978e+00 1.633260e+00 1.569383e+00 7.544053e-01 2.015419e-01 2.643172e-02
29153: 1.815182e+00 1.633663e+00 1.568757e+00 7.546755e-01 2.013201e-01 2.640264e-02
29153: 1.815385e+00 1.632967e+00 1.569231e+00 7.549451e-01 2.010989e-01 2.637363e-02
29153: 1.815587e+00 1.633370e+00 1.568606e+00 7.552141e-01 2.008782e-01 2.634468e-02
29153: 1.814693e+00 1.632675e+00 1.571272e+00 7.543860e-01 2.006579e-01 2.631579e-02
29153: 1.814896e+00 1.633078e+00 1.570646e+00 7.546550e-01 2.004381e-01 2.628697e-02
29153: 1.814004e+00 1.633479e+00 1.570022e+00 7.560175e-01 2.002188e-01 2.625821e-02
29153: 1.814208e+00 1.632787e+00 1.570492e+00 7.562842e-01 2.000000e-01 2.622951e-02
29153: 1.815502e+00 1.633188e+00 1.568777e+00 7.565502e-01 1.997817e-01 2.620087e-02
29153: 1.815703e+00 1.632497e+00 1.570338e+00 7.557252e-01 1.995638e-01 2.617230e-02
29153: 1.814815e+00 1.633987e+00 1.569717e+00 7.559913e-01 1.993464e-01 2.614379e-02
29153: 1.816104e+00 1.633297e+00 1.570185e+00 7.551687e-01 1.991295e-01 2.611534e-02
29153: 1.816304e+00 1.634783e+00 1.568478e+00 7.554348e-01 1.989130e-01 2.608696e-02
29153: 1.815418e+00 1.634093e+00 1.570033e+00 7.557003e-01 1.986971e-01 2.605863e-02
29153: 1.816703e+00 1.633406e+00 1.569414e+00 7.559653e-01 1.984816e-01 2.603037e-02
29153: 1.815818e+00 1.634886e+00 1.569881e+00 7.551463e-01 1.982665e-01 2.600217e-02
29153: 1.817100e+00 1.635281e+00 1.569264e+00 7.543290e-01 1.980519e-01 2.597403e-02
29153: 1.816216e+00 1.636757e+00 1.569730e+00 7.535135e-01 1.978378e-01 2.594595e-02
29153: 1.815335e+00 1.638229e+00 1.569114e+00 7.537797e-01 1.976242e-01 2.591793e-02
29153: 1.815534e+00 1.637540e+00 1.569579e+00 7.529666e-01 1.984898e-01 2.588997e-02
29153: 1.814655e+00 1.639009e+00 1.568966e+00 7.521552e-01 1.993534e-01 2.586207e-02
29153: 1.815931e+00 1.638321e+00 1.568353e+00 7.513455e-01 1.991389e-01 2.691066e-02
29153: 1.816129e+00 1.638710e+00 1.568817e+00 7.505376e-01 1.989247e-01 2.688172e-02
29153: 1.815252e+00 1.639098e+00 1.569280e+00 7.508056e-01 1.987111e-01 2.685285e-02
29153: 1.815451e+00 1.637339e+00 1.570815e+00 7.500000e-01 1.995708e-01 2.682403e-02
29153: 1.815648e+00 1.637728e+00 1.570204e+00 7.502680e-01 1.993569e-01 2.679528e-02
29153: 1.814775e+00 1.638116e+00 1.570664e+00 7.505353e-01 1.991435e-01 2.676660e-02
29153: 1.814973e+00 1.639572e+00 1.568984e+00 7.508021e-01 1.989305e-01 2.673797e-02
29153: 1.814103e+00 1.639957e+00 1.570513e+00 7.500000e-01 1.987179e-01 2.670940e-02
29153: 1.814301e+00 1.639274e+00 1.570971e+00 7.502668e-01 1.985059e-01 2.668090e-02
29153: 1.813433e+00 1.639659e+00 1.569296e+00 7.515991e-01 1.993603e-01 2.665245e-02
29153: 1.814696e+00 1.640043e+00 1.568690e+00 7.507987e-01 1.991480e-01 2.662407e-02
29153: 1.814894e+00 1.640426e+00 1.569149e+00 7.500000e-01 1.989362e-01 2.659574e-02
29153: 1.814028e+00 1.639745e+00 1.569607e+00 7.513284e-01 1.987248e-01 2.656748e-02
29153: 1.815287e+00 1.638004e+00 1.570064e+00 7.515924e-01 1.985138e-01 2.653928e-02
29153: 1.814422e+00 1.639449e+00 1.569459e+00 7.518558e-01 1.983033e-01 2.651113e-02
29153: 1.815678e+00 1.638771e+00 1.569915e+00 7.510593e-01 1.980932e-01 2.648305e-02
29153: 1.815873e+00 1.640212e+00 1.569312e+00 7.502646e-01 1.978836e-01 2.645503e-02
29153: 1.815011e+00 1.640592e+00 1.569767e+00 7.505285e-01 1.976744e-01 2.642706e-02
29153: 1.814150e+00 1.640971e+00 1.570222e+00 7.507920e-01 1.974657e-01 2.639916e-02
29153: 1.814346e+00 1.640295e+00 1.569620e+00 7.510549e-01 1.983122e-01 2.637131e-02
29153: 1.814542e+00 1.640674e+00 1.569020e+00 7.502634e-01 1.991570e-01 2.634352e-02
29153: 1.814737e+00 1.640000e+00 1.569474e+00 7.505263e-01 1.989474e-01 2.631579e-02
29153: 1.813880e+00 1.640379e+00 1.568875e+00 7.497371e-01 2.008412e-01 2.628812e-02
29153: 1.815126e+00 1.640756e+00 1.568277e+00 7.489496e-01 2.006303e-01 2.626050e-02
29153: 1.814271e+00 1.640084e+00 1.569780e+00 7.492130e-01 2.004197e-01 2.623295e-02
29153: 1.814465e+00 1.640461e+00 1.569182e+00 7.494759e-01 2.002096e-01 2.620545e-02
29153: 1.813613e+00 1.641885e+00 1.569634e+00 7.486911e-01 2.000000e-01 2.617801e-02
29153: 1.813808e+00 1.641213e+00 1.571130e+00 7.479079e-01 1.997908e-01 2.615063e-02
29153: 1.812957e+00 1.641588e+00 1.571578e+00 7.481714e-01 1.995820e-01 2.612330e-02
29153: 1.812109e+00 1.640919e+00 1.572025e+00 7.494781e-01 1.993737e-01 2.609603e-02
29153: 1.813347e+00 1.641293e+00 1.570386e+00 7.497393e-01 1.991658e-01 2.606882e-02
29153: 1.812500e+00 1.640625e+00 1.570833e+00 7.510417e-01 1.989583e-01 2.604167e-02
29153: 1.811655e+00 1.639958e+00 1.570239e+00 7.523413e-01 1.997919e-01 2.601457e-02
29153: 1.811850e+00 1.641372e+00 1.568607e+00 7.525988e-01 1.995842e-01 2.598753e-02
29153: 1.811007e+00 1.642783e+00 1.569055e+00 7.518172e-01 1.993769e-01 2.596054e-02
29153: 1.810166e+00 1.642116e+00 1.571577e+00 7.510373e-01 1.991701e-01 2.593361e-02
29153: 1.810363e+00 1.640415e+00 1.570984e+00 7.533679e-01 1.989637e-01 2.590674e-02
29153: 1.809524e+00 1.641822e+00 1.570393e+00 7.536232e-01 1.987578e-01 2.587992e-02
29153: 1.809721e+00 1.642192e+00 1.569804e+00 7.538780e-01 1.985522e-01 2.585315e-02
29153: 1.808884e+00 1.642562e+00 1.571281e+00 7.530992e-01 1.983471e-01 2.582645e-02
29153: 1.809082e+00 1.643963e+00 1.569659e+00 7.533540e-01 1.981424e-01 2.579979e-02
29153: 1.809278e+00 1.643299e+00 1.570103e+00 7.525773e-01 1.989691e-01 2.577320e-02
29153: 1.808445e+00 1.643666e+00 1.568486e+00 7.538620e-01 1.997940e-01 2.574665e-02
29153: 1.809671e+00 1.643004e+00 1.567901e+00 7.541152e-01 1.995885e-01 2.572016e-02
29153: 1.809866e+00 1.644399e+00 1.567318e+00 7.533402e-01 1.993834e-01 2.569373e-02
29153: 1.809035e+00 1.644764e+00 1.567762e+00 7.535934e-01 1.991786e-01 2.566735e-02
29153: 1.810256e+00 1.645128e+00 1.567179e+00 7.528205e-01 1.989744e-01 2.564103e-02
29153: 1.810451e+00 1.645492e+00 1.567623e+00 7.520492e-01 1.987705e-01 2.561475e-02
29153: 1.809621e+00 1.645855e+00 1.567042e+00 7.533265e-01 1.985670e-01 2.558854e-02
29153: 1.809816e+00 1.645194e+00 1.567485e+00 7.525562e-01 1.993865e-01 2.556237e-02
29153: 1.808989e+00 1.645557e+00 1.567926e+00 7.517875e-01 2.002043e-01 2.553626e-02
29153: 1.808163e+00 1.645918e+00 1.567347e+00 7.530612e-01 2.000000e-01 2.551020e-02
29153: 1.808359e+00 1.646279e+00 1.566769e+00 7.533129e-01 1.997961e-01 2.548420e-02
29153: 1.807536e+00 1.645621e+00 1.567210e+00 7.535642e-01 2.006110e-01 2.545825e-02
29153: 1.807731e+00 1.645982e+00 1.567650e+00 7.527976e-01 2.004069e-01 2.543235e-02
29153: 1.807927e+00 1.646341e+00 1.567073e+00 7.530488e-01 2.002033e-01 2.540650e-02
29153: 1.807107e+00 1.645685e+00 1.568528e+00 7.532995e-01 2.000000e-01 2.538071e-02
29153: 1.807302e+00 1.646045e+00 1.568966e+00 7.525355e-01 1.997972e-01 2.535497e-02
29153: 1.807497e+00 1.645390e+00 1.569402e+00 7.527862e-01 1.995947e-01 2.532928e-02
29153: 1.807692e+00 1.645749e+00 1.569838e+00 7.520243e-01 1.993927e-01 2.530364e-02
29153: 1.806876e+00 1.645096e+00 1.571284e+00 7.522750e-01 1.991911e-01 2.527806e-02
29153: 1.806061e+00 1.646465e+00 1.569697e+00 7.535354e-01 1.989899e-01 2.525253e-02
29153: 1.806256e+00 1.645812e+00 1.571140e+00 7.527750e-01 1.987891e-01 2.522704e-02
29153: 1.806452e+00 1.645161e+00 1.570565e+00 7.540323e-01 1.985887e-01 2.520161e-02
29153: 1.805639e+00 1.646526e+00 1.569990e+00 7.542800e-01 1.983887e-01 2.517623e-02
29153: 1.804829e+00 1.645875e+00 1.572435e+00 7.535211e-01 1.981891e-01 2.515091e-02
29153: 1.806030e+00 1.646231e+00 1.570854e+00 7.537688e-01 1.979899e-01 2.512563e-02
29153: 1.806225e+00 1.645582e+00 1.571285e+00 7.540161e-01 1.977912e-01 2.510040e-02
29153: 1.805416e+00 1.647944e+00 1.569709e+00 7.542628e-01 1.975928e-01 2.507523e-02
29153: 1.805611e+00 1.647295e+00 1.570140e+00 7.535070e-01 1.983968e-01 2.505010e-02
29153: 1.805806e+00 1.647648e+00 1.568569e+00 7.537538e-01 1.981982e-01 2.602603e-02
29153: Done!
Traceback (most recent call last):
  File "/lowest-unique-number/tournament0/elexunix.py", line 25, in <module>
    input()
EOFError: EOF when reading a line
