Forked 31379
Starting to reopen 0 and 1
Calling execv `tournament0/alex_dany` (pid 31379)
31379: Started!
31379: Number of players: 6, position: 0, number of turns: 1000
31379: Random seed: 3743288519
Strategy 0: first ans is 1
Forked 31380
Starting to reopen 0 and 1
Calling execv `tournament0/lounres.py` (pid 31380)
Strategy 1: first ans is 1
Forked 31381
Starting to reopen 0 and 1
Calling execv `tournament0/pzakorko.py` (pid 31381)
Strategy 2: first ans is 0
Forked 31382
Starting to reopen 0 and 1
Calling execv `tournament0/fedro.py` (pid 31382)
Strategy 3: first ans is 0
Forked 31406
Starting to reopen 0 and 1
Calling execv `tournament0/the_best_strategy.py` (pid 31406)
Strategy 4: first ans is 0
Forked 31407
Starting to reopen 0 and 1
Calling execv `tournament0/elexunix.py` (pid 31407)
Strategy 5: first ans is 0
31379: 4.000000e+00 2.000000e+00 0.000000e+00 0.000000e+00 0.000000e+00 0.000000e+00
31379: 3.000000e+00 2.000000e+00 1.000000e+00 0.000000e+00 0.000000e+00 0.000000e+00
31379: 3.000000e+00 1.666667e+00 1.000000e+00 3.333333e-01 0.000000e+00 0.000000e+00
31379: 2.750000e+00 1.750000e+00 1.000000e+00 2.500000e-01 2.500000e-01 0.000000e+00
31379: 2.600000e+00 1.400000e+00 1.600000e+00 2.000000e-01 2.000000e-01 0.000000e+00
31379: 2.500000e+00 1.500000e+00 1.500000e+00 3.333333e-01 1.666667e-01 0.000000e+00
31379: 2.428571e+00 1.428571e+00 1.571429e+00 4.285714e-01 1.428571e-01 0.000000e+00
31379: 2.375000e+00 1.625000e+00 1.375000e+00 3.750000e-01 1.250000e-01 1.250000e-01
31379: 2.333333e+00 1.444444e+00 1.666667e+00 3.333333e-01 1.111111e-01 1.111111e-01
31379: 2.300000e+00 1.500000e+00 1.500000e+00 4.000000e-01 2.000000e-01 1.000000e-01
31379: 2.272727e+00 1.454545e+00 1.545455e+00 4.545455e-01 1.818182e-01 9.090909e-02
31379: 2.250000e+00 1.500000e+00 1.583333e+00 4.166667e-01 1.666667e-01 8.333333e-02
31379: 2.230769e+00 1.461538e+00 1.538462e+00 4.615385e-01 2.307692e-01 7.692308e-02
31379: 2.214286e+00 1.571429e+00 1.500000e+00 4.285714e-01 2.142857e-01 7.142857e-02
31379: 2.200000e+00 1.600000e+00 1.533333e+00 4.000000e-01 2.000000e-01 6.666667e-02
31379: 2.187500e+00 1.562500e+00 1.500000e+00 4.375000e-01 1.875000e-01 1.250000e-01
31379: 2.235294e+00 1.647059e+00 1.411765e+00 4.117647e-01 1.764706e-01 1.176471e-01
31379: 2.277778e+00 1.555556e+00 1.444444e+00 4.444444e-01 1.666667e-01 1.111111e-01
31379: 2.315789e+00 1.578947e+00 1.421053e+00 4.210526e-01 1.578947e-01 1.052632e-01
31379: 2.300000e+00 1.500000e+00 1.550000e+00 4.000000e-01 1.500000e-01 1.000000e-01
31379: 2.285714e+00 1.619048e+00 1.476190e+00 3.809524e-01 1.428571e-01 9.523810e-02
31379: 2.363636e+00 1.545455e+00 1.500000e+00 3.636364e-01 1.363636e-01 9.090909e-02
31379: 2.347826e+00 1.652174e+00 1.434783e+00 3.478261e-01 1.304348e-01 8.695652e-02
31379: 2.375000e+00 1.583333e+00 1.458333e+00 3.333333e-01 1.666667e-01 8.333333e-02
31379: 2.360000e+00 1.560000e+00 1.520000e+00 3.200000e-01 1.600000e-01 8.000000e-02
31379: 2.346154e+00 1.653846e+00 1.461538e+00 3.076923e-01 1.538462e-01 7.692308e-02
31379: 2.370370e+00 1.592593e+00 1.518519e+00 2.962963e-01 1.481481e-01 7.407407e-02
31379: 2.392857e+00 1.571429e+00 1.535714e+00 2.857143e-01 1.428571e-01 7.142857e-02
31379: 2.413793e+00 1.586207e+00 1.517241e+00 2.758621e-01 1.379310e-01 6.896552e-02
31379: 2.433333e+00 1.566667e+00 1.533333e+00 2.666667e-01 1.333333e-01 6.666667e-02
31379: 2.451613e+00 1.580645e+00 1.516129e+00 2.580645e-01 1.290323e-01 6.451613e-02
31379: 2.468750e+00 1.562500e+00 1.531250e+00 2.500000e-01 1.250000e-01 6.250000e-02
31379: 2.454545e+00 1.575758e+00 1.545455e+00 2.424242e-01 1.212121e-01 6.060606e-02
31379: 2.470588e+00 1.558824e+00 1.529412e+00 2.647059e-01 1.176471e-01 5.882353e-02
31379: 2.485714e+00 1.600000e+00 1.485714e+00 2.571429e-01 1.142857e-01 5.714286e-02
31379: 2.527778e+00 1.555556e+00 1.500000e+00 2.500000e-01 1.111111e-01 5.555556e-02
31379: 2.567568e+00 1.567568e+00 1.459459e+00 2.432432e-01 1.081081e-01 5.405405e-02
31379: 2.578947e+00 1.552632e+00 1.473684e+00 2.368421e-01 1.052632e-01 5.263158e-02
31379: 2.564103e+00 1.564103e+00 1.461538e+00 2.564103e-01 1.025641e-01 5.128205e-02
31379: 2.550000e+00 1.575000e+00 1.450000e+00 2.750000e-01 1.000000e-01 5.000000e-02
31379: 2.536585e+00 1.536585e+00 1.487805e+00 2.926829e-01 9.756098e-02 4.878049e-02
31379: 2.547619e+00 1.547619e+00 1.452381e+00 2.857143e-01 9.523810e-02 7.142857e-02
31379: 2.511628e+00 1.534884e+00 1.488372e+00 3.023256e-01 9.302326e-02 6.976744e-02
31379: 2.500000e+00 1.545455e+00 1.500000e+00 2.954545e-01 9.090909e-02 6.818182e-02
31379: 2.488889e+00 1.533333e+00 1.511111e+00 3.111111e-01 8.888889e-02 6.666667e-02
31379: 2.478261e+00 1.543478e+00 1.521739e+00 3.043478e-01 8.695652e-02 6.521739e-02
31379: 2.446809e+00 1.553191e+00 1.510638e+00 3.404255e-01 8.510638e-02 6.382979e-02
31379: 2.458333e+00 1.562500e+00 1.500000e+00 3.333333e-01 8.333333e-02 6.250000e-02
31379: 2.448980e+00 1.551020e+00 1.530612e+00 3.265306e-01 8.163265e-02 6.122449e-02
31379: 2.440000e+00 1.560000e+00 1.540000e+00 3.200000e-01 8.000000e-02 6.000000e-02
31379: 2.431373e+00 1.568627e+00 1.529412e+00 3.333333e-01 7.843137e-02 5.882353e-02
31379: 2.442308e+00 1.557692e+00 1.538462e+00 3.269231e-01 7.692308e-02 5.769231e-02
31379: 2.415094e+00 1.584906e+00 1.528302e+00 3.396226e-01 7.547170e-02 5.660377e-02
31379: 2.407407e+00 1.555556e+00 1.574074e+00 3.333333e-01 7.407407e-02 5.555556e-02
31379: 2.381818e+00 1.563636e+00 1.600000e+00 3.272727e-01 7.272727e-02 5.454545e-02
31379: 2.375000e+00 1.589286e+00 1.589286e+00 3.214286e-01 7.142857e-02 5.357143e-02
31379: 2.350877e+00 1.578947e+00 1.596491e+00 3.508772e-01 7.017544e-02 5.263158e-02
31379: 2.362069e+00 1.551724e+00 1.586207e+00 3.793103e-01 6.896552e-02 5.172414e-02
31379: 2.338983e+00 1.576271e+00 1.576271e+00 3.898305e-01 6.779661e-02 5.084746e-02
31379: 2.350000e+00 1.550000e+00 1.566667e+00 4.166667e-01 6.666667e-02 5.000000e-02
31379: 2.344262e+00 1.573770e+00 1.540984e+00 4.098361e-01 8.196721e-02 4.918033e-02
31379: 2.338710e+00 1.564516e+00 1.548387e+00 4.193548e-01 8.064516e-02 4.838710e-02
31379: 2.317460e+00 1.587302e+00 1.555556e+00 4.126984e-01 7.936508e-02 4.761905e-02
31379: 2.343750e+00 1.562500e+00 1.562500e+00 4.062500e-01 7.812500e-02 4.687500e-02
31379: 2.323077e+00 1.584615e+00 1.553846e+00 4.153846e-01 7.692308e-02 4.615385e-02
31379: 2.348485e+00 1.575758e+00 1.545455e+00 4.090909e-01 7.575758e-02 4.545455e-02
31379: 2.328358e+00 1.582090e+00 1.567164e+00 4.029851e-01 7.462687e-02 4.477612e-02
31379: 2.323529e+00 1.588235e+00 1.573529e+00 3.970588e-01 7.352941e-02 4.411765e-02
31379: 2.304348e+00 1.565217e+00 1.565217e+00 4.492754e-01 7.246377e-02 4.347826e-02
31379: 2.314286e+00 1.571429e+00 1.557143e+00 4.428571e-01 7.142857e-02 4.285714e-02
31379: 2.295775e+00 1.577465e+00 1.577465e+00 4.366197e-01 7.042254e-02 4.225352e-02
31379: 2.305556e+00 1.569444e+00 1.555556e+00 4.583333e-01 6.944444e-02 4.166667e-02
31379: 2.301370e+00 1.589041e+00 1.534247e+00 4.657534e-01 6.849315e-02 4.109589e-02
31379: 2.283784e+00 1.567568e+00 1.567568e+00 4.729730e-01 6.756757e-02 4.054054e-02
31379: 2.280000e+00 1.560000e+00 1.586667e+00 4.666667e-01 6.666667e-02 4.000000e-02
31379: 2.276316e+00 1.578947e+00 1.578947e+00 4.605263e-01 6.578947e-02 3.947368e-02
31379: 2.272727e+00 1.571429e+00 1.571429e+00 4.805195e-01 6.493506e-02 3.896104e-02
31379: 2.256410e+00 1.589744e+00 1.551282e+00 4.871795e-01 6.410256e-02 5.128205e-02
31379: 2.253165e+00 1.582278e+00 1.544304e+00 4.936709e-01 7.594937e-02 5.063291e-02
31379: 2.237500e+00 1.587500e+00 1.550000e+00 5.000000e-01 7.500000e-02 5.000000e-02
31379: 2.246914e+00 1.592593e+00 1.543210e+00 4.938272e-01 7.407407e-02 4.938272e-02
31379: 2.231707e+00 1.585366e+00 1.573171e+00 4.878049e-01 7.317073e-02 4.878049e-02
31379: 2.228916e+00 1.578313e+00 1.566265e+00 5.060241e-01 7.228916e-02 4.819277e-02
31379: 2.214286e+00 1.583333e+00 1.571429e+00 5.119048e-01 7.142857e-02 4.761905e-02
31379: 2.211765e+00 1.588235e+00 1.564706e+00 5.176471e-01 7.058824e-02 4.705882e-02
31379: 2.209302e+00 1.581395e+00 1.581395e+00 5.116279e-01 6.976744e-02 4.651163e-02
31379: 2.195402e+00 1.597701e+00 1.574713e+00 5.172414e-01 6.896552e-02 4.597701e-02
31379: 2.193182e+00 1.579545e+00 1.579545e+00 5.340909e-01 6.818182e-02 4.545455e-02
31379: 2.191011e+00 1.573034e+00 1.573034e+00 5.393258e-01 7.865169e-02 4.494382e-02
31379: 2.177778e+00 1.577778e+00 1.555556e+00 5.666667e-01 7.777778e-02 4.444444e-02
31379: 2.175824e+00 1.582418e+00 1.560440e+00 5.604396e-01 7.692308e-02 4.395604e-02
31379: 2.163043e+00 1.597826e+00 1.554348e+00 5.652174e-01 7.608696e-02 4.347826e-02
31379: 2.172043e+00 1.602151e+00 1.548387e+00 5.591398e-01 7.526882e-02 4.301075e-02
31379: 2.159574e+00 1.585106e+00 1.585106e+00 5.531915e-01 7.446809e-02 4.255319e-02
31379: 2.168421e+00 1.578947e+00 1.568421e+00 5.684211e-01 7.368421e-02 4.210526e-02
31379: 2.166667e+00 1.583333e+00 1.572917e+00 5.625000e-01 7.291667e-02 4.166667e-02
31379: 2.154639e+00 1.587629e+00 1.567010e+00 5.773196e-01 7.216495e-02 4.123711e-02
31379: 2.153061e+00 1.581633e+00 1.581633e+00 5.714286e-01 7.142857e-02 4.081633e-02
31379: 2.141414e+00 1.585859e+00 1.565657e+00 5.858586e-01 8.080808e-02 4.040404e-02
31379: 2.150000e+00 1.580000e+00 1.570000e+00 5.800000e-01 8.000000e-02 4.000000e-02
31379: 2.148515e+00 1.584158e+00 1.554455e+00 5.940594e-01 7.920792e-02 3.960396e-02
31379: 2.137255e+00 1.568627e+00 1.568627e+00 5.980392e-01 8.823529e-02 3.921569e-02
31379: 2.145631e+00 1.572816e+00 1.553398e+00 6.019417e-01 8.737864e-02 3.883495e-02
31379: 2.134615e+00 1.567308e+00 1.567308e+00 6.057692e-01 8.653846e-02 3.846154e-02
31379: 2.142857e+00 1.571429e+00 1.552381e+00 6.095238e-01 8.571429e-02 3.809524e-02
31379: 2.132075e+00 1.566038e+00 1.556604e+00 6.132075e-01 9.433962e-02 3.773585e-02
31379: 2.130841e+00 1.579439e+00 1.551402e+00 6.074766e-01 9.345794e-02 3.738318e-02
31379: 2.129630e+00 1.583333e+00 1.555556e+00 6.018519e-01 9.259259e-02 3.703704e-02
31379: 2.128440e+00 1.587156e+00 1.550459e+00 6.055046e-01 9.174312e-02 3.669725e-02
31379: 2.127273e+00 1.590909e+00 1.554545e+00 6.000000e-01 9.090909e-02 3.636364e-02
31379: 2.126126e+00 1.576577e+00 1.558559e+00 6.126126e-01 9.009009e-02 3.603604e-02
31379: 2.116071e+00 1.589286e+00 1.562500e+00 6.071429e-01 8.928571e-02 3.571429e-02
31379: 2.115044e+00 1.584071e+00 1.575221e+00 6.017699e-01 8.849558e-02 3.539823e-02
31379: 2.114035e+00 1.578947e+00 1.578947e+00 6.052632e-01 8.771930e-02 3.508772e-02
31379: 2.104348e+00 1.582609e+00 1.565217e+00 6.173913e-01 9.565217e-02 3.478261e-02
31379: 2.103448e+00 1.577586e+00 1.568966e+00 6.206897e-01 9.482759e-02 3.448276e-02
31379: 2.094017e+00 1.589744e+00 1.572650e+00 6.153846e-01 9.401709e-02 3.418803e-02
31379: 2.093220e+00 1.584746e+00 1.559322e+00 6.271186e-01 1.016949e-01 3.389831e-02
31379: 2.084034e+00 1.588235e+00 1.571429e+00 6.218487e-01 1.008403e-01 3.361345e-02
31379: 2.083333e+00 1.583333e+00 1.566667e+00 6.333333e-01 1.000000e-01 3.333333e-02
31379: 2.082645e+00 1.586777e+00 1.570248e+00 6.280992e-01 9.917355e-02 3.305785e-02
31379: 2.073770e+00 1.590164e+00 1.565574e+00 6.393443e-01 9.836066e-02 3.278689e-02
31379: 2.081301e+00 1.577236e+00 1.577236e+00 6.341463e-01 9.756098e-02 3.252033e-02
31379: 2.088710e+00 1.572581e+00 1.572581e+00 6.370968e-01 9.677419e-02 3.225806e-02
31379: 2.096000e+00 1.568000e+00 1.568000e+00 6.400000e-01 9.600000e-02 3.200000e-02
31379: 2.095238e+00 1.579365e+00 1.555556e+00 6.349206e-01 1.031746e-01 3.174603e-02
31379: 2.086614e+00 1.582677e+00 1.559055e+00 6.377953e-01 1.023622e-01 3.149606e-02
31379: 2.093750e+00 1.578125e+00 1.562500e+00 6.328125e-01 1.015625e-01 3.125000e-02
31379: 2.085271e+00 1.581395e+00 1.565891e+00 6.279070e-01 1.085271e-01 3.100775e-02
31379: 2.092308e+00 1.569231e+00 1.576923e+00 6.230769e-01 1.076923e-01 3.076923e-02
31379: 2.083969e+00 1.580153e+00 1.564885e+00 6.259542e-01 1.145038e-01 3.053435e-02
31379: 2.090909e+00 1.583333e+00 1.560606e+00 6.212121e-01 1.136364e-01 3.030303e-02
31379: 2.090226e+00 1.586466e+00 1.563910e+00 6.165414e-01 1.127820e-01 3.007519e-02
31379: 2.089552e+00 1.574627e+00 1.567164e+00 6.268657e-01 1.119403e-01 2.985075e-02
31379: 2.088889e+00 1.585185e+00 1.562963e+00 6.222222e-01 1.111111e-01 2.962963e-02
31379: 2.088235e+00 1.580882e+00 1.573529e+00 6.176471e-01 1.102941e-01 2.941176e-02
31379: 2.080292e+00 1.583942e+00 1.576642e+00 6.204380e-01 1.094891e-01 2.919708e-02
31379: 2.079710e+00 1.586957e+00 1.572464e+00 6.231884e-01 1.086957e-01 2.898551e-02
31379: 2.079137e+00 1.582734e+00 1.575540e+00 6.258993e-01 1.079137e-01 2.877698e-02
31379: 2.078571e+00 1.585714e+00 1.564286e+00 6.285714e-01 1.142857e-01 2.857143e-02
31379: 2.070922e+00 1.588652e+00 1.567376e+00 6.241135e-01 1.134752e-01 3.546099e-02
31379: 2.070423e+00 1.584507e+00 1.563380e+00 6.338028e-01 1.126761e-01 3.521127e-02
31379: 2.062937e+00 1.601399e+00 1.559441e+00 6.293706e-01 1.118881e-01 3.496503e-02
31379: 2.062500e+00 1.604167e+00 1.555556e+00 6.250000e-01 1.180556e-01 3.472222e-02
31379: 2.062069e+00 1.600000e+00 1.558621e+00 6.275862e-01 1.172414e-01 3.448276e-02
31379: 2.054795e+00 1.602740e+00 1.568493e+00 6.232877e-01 1.164384e-01 3.424658e-02
31379: 2.061224e+00 1.591837e+00 1.571429e+00 6.258503e-01 1.156463e-01 3.401361e-02
31379: 2.054054e+00 1.594595e+00 1.560811e+00 6.418919e-01 1.148649e-01 3.378378e-02
31379: 2.053691e+00 1.590604e+00 1.570470e+00 6.375839e-01 1.140940e-01 3.355705e-02
31379: 2.053333e+00 1.600000e+00 1.560000e+00 6.400000e-01 1.133333e-01 3.333333e-02
31379: 2.046358e+00 1.596026e+00 1.562914e+00 6.423841e-01 1.192053e-01 3.311258e-02
31379: 2.052632e+00 1.585526e+00 1.565789e+00 6.381579e-01 1.184211e-01 3.947368e-02
31379: 2.052288e+00 1.588235e+00 1.562092e+00 6.339869e-01 1.241830e-01 3.921569e-02
31379: 2.045455e+00 1.584416e+00 1.577922e+00 6.298701e-01 1.233766e-01 3.896104e-02
31379: 2.045161e+00 1.574194e+00 1.587097e+00 6.322581e-01 1.225806e-01 3.870968e-02
31379: 2.044872e+00 1.583333e+00 1.576923e+00 6.346154e-01 1.217949e-01 3.846154e-02
31379: 2.044586e+00 1.585987e+00 1.573248e+00 6.369427e-01 1.210191e-01 3.821656e-02
31379: 2.037975e+00 1.588608e+00 1.575949e+00 6.392405e-01 1.202532e-01 3.797468e-02
31379: 2.037736e+00 1.591195e+00 1.572327e+00 6.415094e-01 1.194969e-01 3.773585e-02
31379: 2.037500e+00 1.581250e+00 1.575000e+00 6.500000e-01 1.187500e-01 3.750000e-02
31379: 2.031056e+00 1.596273e+00 1.565217e+00 6.521739e-01 1.180124e-01 3.726708e-02
31379: 2.030864e+00 1.598765e+00 1.561728e+00 6.543210e-01 1.172840e-01 3.703704e-02
31379: 2.030675e+00 1.595092e+00 1.564417e+00 6.503067e-01 1.165644e-01 4.294479e-02
31379: 2.024390e+00 1.603659e+00 1.560976e+00 6.463415e-01 1.219512e-01 4.268293e-02
31379: 2.036364e+00 1.593939e+00 1.563636e+00 6.424242e-01 1.212121e-01 4.242424e-02
31379: 2.030120e+00 1.608434e+00 1.560241e+00 6.385542e-01 1.204819e-01 4.216867e-02
31379: 2.029940e+00 1.604790e+00 1.556886e+00 6.407186e-01 1.257485e-01 4.191617e-02
31379: 2.023810e+00 1.613095e+00 1.553571e+00 6.428571e-01 1.250000e-01 4.166667e-02
31379: 2.029586e+00 1.609467e+00 1.556213e+00 6.390533e-01 1.242604e-01 4.142012e-02
31379: 2.023529e+00 1.611765e+00 1.564706e+00 6.352941e-01 1.235294e-01 4.117647e-02
31379: 2.029240e+00 1.608187e+00 1.567251e+00 6.315789e-01 1.228070e-01 4.093567e-02
31379: 2.023256e+00 1.616279e+00 1.563953e+00 6.279070e-01 1.279070e-01 4.069767e-02
31379: 2.034682e+00 1.606936e+00 1.566474e+00 6.242775e-01 1.271676e-01 4.046243e-02
31379: 2.034483e+00 1.614943e+00 1.563218e+00 6.206897e-01 1.264368e-01 4.022989e-02
31379: 2.028571e+00 1.611429e+00 1.571429e+00 6.228571e-01 1.257143e-01 4.000000e-02
31379: 2.034091e+00 1.613636e+00 1.562500e+00 6.250000e-01 1.250000e-01 3.977273e-02
31379: 2.028249e+00 1.610169e+00 1.570621e+00 6.271186e-01 1.242938e-01 3.954802e-02
31379: 2.028090e+00 1.612360e+00 1.567416e+00 6.292135e-01 1.235955e-01 3.932584e-02
31379: 2.022346e+00 1.614525e+00 1.569832e+00 6.256983e-01 1.284916e-01 3.910615e-02
31379: 2.027778e+00 1.611111e+00 1.572222e+00 6.222222e-01 1.277778e-01 3.888889e-02
31379: 2.027624e+00 1.613260e+00 1.563536e+00 6.243094e-01 1.270718e-01 4.419890e-02
31379: 2.027473e+00 1.609890e+00 1.571429e+00 6.208791e-01 1.263736e-01 4.395604e-02
31379: 2.021858e+00 1.617486e+00 1.568306e+00 6.229508e-01 1.256831e-01 4.371585e-02
31379: 2.021739e+00 1.608696e+00 1.576087e+00 6.250000e-01 1.250000e-01 4.347826e-02
31379: 2.027027e+00 1.610811e+00 1.567568e+00 6.270270e-01 1.243243e-01 4.324324e-02
31379: 2.021505e+00 1.612903e+00 1.575269e+00 6.236559e-01 1.236559e-01 4.301075e-02
31379: 2.021390e+00 1.620321e+00 1.566845e+00 6.256684e-01 1.229947e-01 4.278075e-02
31379: 2.015957e+00 1.617021e+00 1.574468e+00 6.276596e-01 1.223404e-01 4.255319e-02
31379: 2.015873e+00 1.613757e+00 1.566138e+00 6.349206e-01 1.269841e-01 4.232804e-02
31379: 2.021053e+00 1.615789e+00 1.563158e+00 6.315789e-01 1.263158e-01 4.210526e-02
31379: 2.015707e+00 1.612565e+00 1.575916e+00 6.282723e-01 1.256545e-01 4.188482e-02
31379: 2.010417e+00 1.619792e+00 1.572917e+00 6.302083e-01 1.250000e-01 4.166667e-02
31379: 2.015544e+00 1.611399e+00 1.575130e+00 6.321244e-01 1.243523e-01 4.145078e-02
31379: 2.010309e+00 1.618557e+00 1.572165e+00 6.340206e-01 1.237113e-01 4.123711e-02
31379: 2.010256e+00 1.615385e+00 1.569231e+00 6.410256e-01 1.230769e-01 4.102564e-02
31379: 2.005102e+00 1.617347e+00 1.576531e+00 6.377551e-01 1.224490e-01 4.081633e-02
31379: 2.015228e+00 1.614213e+00 1.568528e+00 6.395939e-01 1.218274e-01 4.060914e-02
31379: 2.010101e+00 1.616162e+00 1.570707e+00 6.363636e-01 1.262626e-01 4.040404e-02
31379: 2.005025e+00 1.613065e+00 1.567839e+00 6.432161e-01 1.306533e-01 4.020101e-02
31379: 2.010000e+00 1.615000e+00 1.565000e+00 6.400000e-01 1.300000e-01 4.000000e-02
31379: 2.009950e+00 1.611940e+00 1.567164e+00 6.417910e-01 1.293532e-01 3.980100e-02
31379: 2.009901e+00 1.613861e+00 1.564356e+00 6.435644e-01 1.287129e-01 3.960396e-02
31379: 2.004926e+00 1.615764e+00 1.566502e+00 6.403941e-01 1.330049e-01 3.940887e-02
31379: 2.004902e+00 1.612745e+00 1.568627e+00 6.372549e-01 1.372549e-01 3.921569e-02
31379: 2.004878e+00 1.619512e+00 1.565854e+00 6.341463e-01 1.365854e-01 3.902439e-02
31379: 2.004854e+00 1.616505e+00 1.567961e+00 6.359223e-01 1.359223e-01 3.883495e-02
31379: 2.004831e+00 1.618357e+00 1.570048e+00 6.328502e-01 1.352657e-01 3.864734e-02
31379: 1.995192e+00 1.620192e+00 1.567308e+00 6.394231e-01 1.394231e-01 3.846154e-02
31379: 2.000000e+00 1.612440e+00 1.574163e+00 6.363636e-01 1.387560e-01 3.827751e-02
31379: 1.995238e+00 1.619048e+00 1.571429e+00 6.380952e-01 1.380952e-01 3.809524e-02
31379: 1.990521e+00 1.620853e+00 1.568720e+00 6.445498e-01 1.374408e-01 3.791469e-02
31379: 1.995283e+00 1.613208e+00 1.575472e+00 6.415094e-01 1.367925e-01 3.773585e-02
31379: 2.000000e+00 1.615023e+00 1.568075e+00 6.431925e-01 1.361502e-01 3.755869e-02
31379: 1.995327e+00 1.612150e+00 1.574766e+00 6.448598e-01 1.355140e-01 3.738318e-02
31379: 1.995349e+00 1.609302e+00 1.567442e+00 6.558140e-01 1.348837e-01 3.720930e-02
31379: 1.990741e+00 1.611111e+00 1.574074e+00 6.527778e-01 1.342593e-01 3.703704e-02
31379: 1.990783e+00 1.608295e+00 1.576037e+00 6.543779e-01 1.336406e-01 3.686636e-02
31379: 1.986239e+00 1.619266e+00 1.568807e+00 6.559633e-01 1.330275e-01 3.669725e-02
31379: 1.986301e+00 1.621005e+00 1.566210e+00 6.575342e-01 1.324201e-01 3.652968e-02
31379: 1.981818e+00 1.618182e+00 1.577273e+00 6.545455e-01 1.318182e-01 3.636364e-02
31379: 1.981900e+00 1.619910e+00 1.574661e+00 6.561086e-01 1.312217e-01 3.619910e-02
31379: 1.981982e+00 1.617117e+00 1.576577e+00 6.576577e-01 1.306306e-01 3.603604e-02
31379: 1.977578e+00 1.623318e+00 1.569507e+00 6.636771e-01 1.300448e-01 3.587444e-02
31379: 1.986607e+00 1.616071e+00 1.566964e+00 6.607143e-01 1.339286e-01 3.571429e-02
31379: 1.986667e+00 1.622222e+00 1.564444e+00 6.577778e-01 1.333333e-01 3.555556e-02
31379: 1.991150e+00 1.615044e+00 1.570796e+00 6.548673e-01 1.327434e-01 3.539823e-02
31379: 1.986784e+00 1.625551e+00 1.563877e+00 6.563877e-01 1.321586e-01 3.524229e-02
31379: 1.986842e+00 1.627193e+00 1.565789e+00 6.535088e-01 1.315789e-01 3.508772e-02
31379: 1.986900e+00 1.624454e+00 1.567686e+00 6.550218e-01 1.310044e-01 3.493450e-02
31379: 1.982609e+00 1.626087e+00 1.569565e+00 6.565217e-01 1.304348e-01 3.478261e-02
31379: 1.982684e+00 1.623377e+00 1.571429e+00 6.536797e-01 1.341991e-01 3.463203e-02
31379: 1.982759e+00 1.625000e+00 1.564655e+00 6.551724e-01 1.379310e-01 3.448276e-02
31379: 1.982833e+00 1.622318e+00 1.570815e+00 6.523605e-01 1.373391e-01 3.433476e-02
31379: 1.982906e+00 1.623932e+00 1.564103e+00 6.581197e-01 1.367521e-01 3.418803e-02
31379: 1.982979e+00 1.625532e+00 1.565957e+00 6.553191e-01 1.361702e-01 3.404255e-02
31379: 1.978814e+00 1.627119e+00 1.567797e+00 6.567797e-01 1.355932e-01 3.389831e-02
31379: 1.978903e+00 1.632911e+00 1.565401e+00 6.540084e-01 1.350211e-01 3.375527e-02
31379: 1.974790e+00 1.634454e+00 1.567227e+00 6.554622e-01 1.344538e-01 3.361345e-02
31379: 1.974895e+00 1.627615e+00 1.573222e+00 6.527197e-01 1.380753e-01 3.347280e-02
31379: 1.975000e+00 1.633333e+00 1.566667e+00 6.541667e-01 1.375000e-01 3.333333e-02
31379: 1.975104e+00 1.630705e+00 1.568465e+00 6.556017e-01 1.369295e-01 3.319502e-02
31379: 1.971074e+00 1.628099e+00 1.570248e+00 6.570248e-01 1.404959e-01 3.305785e-02
31379: 1.975309e+00 1.625514e+00 1.567901e+00 6.584362e-01 1.399177e-01 3.292181e-02
31379: 1.971311e+00 1.635246e+00 1.565574e+00 6.557377e-01 1.393443e-01 3.278689e-02
31379: 1.971429e+00 1.636735e+00 1.567347e+00 6.530612e-01 1.387755e-01 3.265306e-02
31379: 1.971545e+00 1.634146e+00 1.569106e+00 6.544715e-01 1.382114e-01 3.252033e-02
31379: 1.971660e+00 1.639676e+00 1.566802e+00 6.518219e-01 1.376518e-01 3.238866e-02
31379: 1.975806e+00 1.637097e+00 1.568548e+00 6.491935e-01 1.370968e-01 3.225806e-02
31379: 1.975904e+00 1.638554e+00 1.566265e+00 6.506024e-01 1.365462e-01 3.212851e-02
31379: 1.976000e+00 1.636000e+00 1.568000e+00 6.480000e-01 1.400000e-01 3.200000e-02
31379: 1.972112e+00 1.637450e+00 1.573705e+00 6.454183e-01 1.394422e-01 3.187251e-02
31379: 1.976190e+00 1.634921e+00 1.571429e+00 6.468254e-01 1.388889e-01 3.174603e-02
31379: 1.972332e+00 1.640316e+00 1.565217e+00 6.482213e-01 1.422925e-01 3.162055e-02
31379: 1.972441e+00 1.637795e+00 1.566929e+00 6.496063e-01 1.417323e-01 3.149606e-02
31379: 1.972549e+00 1.639216e+00 1.568627e+00 6.470588e-01 1.411765e-01 3.137255e-02
31379: 1.968750e+00 1.636719e+00 1.566406e+00 6.523438e-01 1.445312e-01 3.125000e-02
31379: 1.968872e+00 1.638132e+00 1.564202e+00 6.536965e-01 1.439689e-01 3.112840e-02
31379: 1.965116e+00 1.643411e+00 1.565891e+00 6.511628e-01 1.434109e-01 3.100775e-02
31379: 1.972973e+00 1.640927e+00 1.563707e+00 6.486486e-01 1.428571e-01 3.088803e-02
31379: 1.969231e+00 1.642308e+00 1.565385e+00 6.500000e-01 1.423077e-01 3.076923e-02
31379: 1.973180e+00 1.639847e+00 1.567050e+00 6.475096e-01 1.417625e-01 3.065134e-02
31379: 1.969466e+00 1.641221e+00 1.572519e+00 6.450382e-01 1.412214e-01 3.053435e-02
31379: 1.969582e+00 1.642586e+00 1.566540e+00 6.501901e-01 1.406844e-01 3.041825e-02
31379: 1.965909e+00 1.640152e+00 1.571970e+00 6.477273e-01 1.439394e-01 3.030303e-02
31379: 1.966038e+00 1.637736e+00 1.573585e+00 6.490566e-01 1.433962e-01 3.018868e-02
31379: 1.962406e+00 1.635338e+00 1.575188e+00 6.541353e-01 1.428571e-01 3.007519e-02
31379: 1.962547e+00 1.636704e+00 1.573034e+00 6.554307e-01 1.423221e-01 2.996255e-02
31379: 1.962687e+00 1.634328e+00 1.574627e+00 6.567164e-01 1.417910e-01 2.985075e-02
31379: 1.959108e+00 1.635688e+00 1.572491e+00 6.617100e-01 1.412639e-01 2.973978e-02
31379: 1.959259e+00 1.633333e+00 1.574074e+00 6.629630e-01 1.407407e-01 2.962963e-02
31379: 1.955720e+00 1.638376e+00 1.568266e+00 6.642066e-01 1.439114e-01 2.952030e-02
31379: 1.963235e+00 1.636029e+00 1.566176e+00 6.617647e-01 1.433824e-01 2.941176e-02
31379: 1.959707e+00 1.637363e+00 1.564103e+00 6.666667e-01 1.428571e-01 2.930403e-02
31379: 1.963504e+00 1.635036e+00 1.565693e+00 6.642336e-01 1.423358e-01 2.919708e-02
31379: 1.963636e+00 1.636364e+00 1.563636e+00 6.654545e-01 1.418182e-01 2.909091e-02
31379: 1.960145e+00 1.634058e+00 1.572464e+00 6.630435e-01 1.413043e-01 2.898551e-02
31379: 1.960289e+00 1.638989e+00 1.566787e+00 6.642599e-01 1.407942e-01 2.888087e-02
31379: 1.960432e+00 1.640288e+00 1.568345e+00 6.618705e-01 1.402878e-01 2.877698e-02
31379: 1.960573e+00 1.637993e+00 1.566308e+00 6.666667e-01 1.397849e-01 2.867384e-02
31379: 1.960714e+00 1.635714e+00 1.567857e+00 6.642857e-01 1.428571e-01 2.857143e-02
31379: 1.957295e+00 1.644128e+00 1.565836e+00 6.619217e-01 1.423488e-01 2.846975e-02
31379: 1.957447e+00 1.645390e+00 1.563830e+00 6.595745e-01 1.453901e-01 2.836879e-02
31379: 1.954064e+00 1.646643e+00 1.568905e+00 6.572438e-01 1.448763e-01 2.826855e-02
31379: 1.961268e+00 1.644366e+00 1.566901e+00 6.549296e-01 1.443662e-01 2.816901e-02
31379: 1.961404e+00 1.649123e+00 1.564912e+00 6.526316e-01 1.438596e-01 2.807018e-02
31379: 1.958042e+00 1.646853e+00 1.569930e+00 6.538462e-01 1.433566e-01 2.797203e-02
31379: 1.958188e+00 1.648084e+00 1.567944e+00 6.550523e-01 1.428571e-01 2.787456e-02
31379: 1.954861e+00 1.649306e+00 1.569444e+00 6.562500e-01 1.423611e-01 2.777778e-02
31379: 1.955017e+00 1.650519e+00 1.567474e+00 6.539792e-01 1.453287e-01 2.768166e-02
31379: 1.951724e+00 1.655172e+00 1.568966e+00 6.517241e-01 1.448276e-01 2.758621e-02
31379: 1.951890e+00 1.652921e+00 1.570447e+00 6.494845e-01 1.477663e-01 2.749141e-02
31379: 1.948630e+00 1.650685e+00 1.568493e+00 6.541096e-01 1.472603e-01 3.082192e-02
31379: 1.952218e+00 1.648464e+00 1.569966e+00 6.518771e-01 1.467577e-01 3.071672e-02
31379: 1.952381e+00 1.649660e+00 1.568027e+00 6.496599e-01 1.496599e-01 3.061224e-02
31379: 1.952542e+00 1.650847e+00 1.569492e+00 6.474576e-01 1.491525e-01 3.050847e-02
31379: 1.949324e+00 1.652027e+00 1.570946e+00 6.486486e-01 1.486486e-01 3.040541e-02
31379: 1.949495e+00 1.646465e+00 1.572391e+00 6.498316e-01 1.481481e-01 3.367003e-02
31379: 1.946309e+00 1.644295e+00 1.570470e+00 6.577181e-01 1.476510e-01 3.355705e-02
31379: 1.946488e+00 1.645485e+00 1.568562e+00 6.588629e-01 1.471572e-01 3.344482e-02
31379: 1.946667e+00 1.646667e+00 1.570000e+00 6.566667e-01 1.466667e-01 3.333333e-02
31379: 1.943522e+00 1.647841e+00 1.564784e+00 6.611296e-01 1.495017e-01 3.322259e-02
31379: 1.950331e+00 1.645695e+00 1.562914e+00 6.589404e-01 1.490066e-01 3.311258e-02
31379: 1.947195e+00 1.646865e+00 1.564356e+00 6.600660e-01 1.485149e-01 3.300330e-02
31379: 1.947368e+00 1.648026e+00 1.565789e+00 6.578947e-01 1.480263e-01 3.289474e-02
31379: 1.944262e+00 1.649180e+00 1.563934e+00 6.590164e-01 1.475410e-01 3.606557e-02
31379: 1.944444e+00 1.650327e+00 1.562092e+00 6.601307e-01 1.470588e-01 3.594771e-02
31379: 1.941368e+00 1.648208e+00 1.566775e+00 6.612378e-01 1.465798e-01 3.583062e-02
31379: 1.941558e+00 1.646104e+00 1.568182e+00 6.590909e-01 1.493506e-01 3.571429e-02
31379: 1.941748e+00 1.650485e+00 1.566343e+00 6.569579e-01 1.488673e-01 3.559871e-02
31379: 1.938710e+00 1.645161e+00 1.574194e+00 6.580645e-01 1.483871e-01 3.548387e-02
31379: 1.938907e+00 1.643087e+00 1.569132e+00 6.623794e-01 1.511254e-01 3.536977e-02
31379: 1.935897e+00 1.647436e+00 1.567308e+00 6.634615e-01 1.506410e-01 3.525641e-02
31379: 1.936102e+00 1.648562e+00 1.565495e+00 6.613419e-01 1.533546e-01 3.514377e-02
31379: 1.939490e+00 1.646497e+00 1.566879e+00 6.592357e-01 1.528662e-01 3.503185e-02
31379: 1.939683e+00 1.650794e+00 1.565079e+00 6.571429e-01 1.523810e-01 3.492063e-02
31379: 1.939873e+00 1.648734e+00 1.569620e+00 6.550633e-01 1.518987e-01 3.481013e-02
31379: 1.940063e+00 1.649842e+00 1.570978e+00 6.529968e-01 1.514196e-01 3.470032e-02
31379: 1.937107e+00 1.650943e+00 1.569182e+00 6.572327e-01 1.509434e-01 3.459119e-02
31379: 1.937304e+00 1.648903e+00 1.567398e+00 6.614420e-01 1.504702e-01 3.448276e-02
31379: 1.934375e+00 1.650000e+00 1.568750e+00 6.625000e-01 1.500000e-01 3.437500e-02
31379: 1.934579e+00 1.654206e+00 1.566978e+00 6.604361e-01 1.495327e-01 3.426791e-02
31379: 1.931677e+00 1.655280e+00 1.568323e+00 6.614907e-01 1.490683e-01 3.416149e-02
31379: 1.931889e+00 1.650155e+00 1.572755e+00 6.625387e-01 1.486068e-01 3.405573e-02
31379: 1.932099e+00 1.651235e+00 1.570988e+00 6.635802e-01 1.481481e-01 3.395062e-02
31379: 1.929231e+00 1.649231e+00 1.572308e+00 6.646154e-01 1.507692e-01 3.384615e-02
31379: 1.929448e+00 1.650307e+00 1.570552e+00 6.656442e-01 1.503067e-01 3.374233e-02
31379: 1.926606e+00 1.645260e+00 1.571865e+00 6.727829e-01 1.498471e-01 3.363914e-02
31379: 1.926829e+00 1.643293e+00 1.570122e+00 6.737805e-01 1.524390e-01 3.353659e-02
31379: 1.924012e+00 1.644377e+00 1.568389e+00 6.747720e-01 1.550152e-01 3.343465e-02
31379: 1.924242e+00 1.645455e+00 1.566667e+00 6.757576e-01 1.545455e-01 3.333333e-02
31379: 1.924471e+00 1.643505e+00 1.567976e+00 6.767372e-01 1.540785e-01 3.323263e-02
31379: 1.921687e+00 1.644578e+00 1.569277e+00 6.746988e-01 1.566265e-01 3.313253e-02
31379: 1.921922e+00 1.642643e+00 1.573574e+00 6.726727e-01 1.561562e-01 3.303303e-02
31379: 1.919162e+00 1.646707e+00 1.568862e+00 6.766467e-01 1.556886e-01 3.293413e-02
31379: 1.919403e+00 1.647761e+00 1.567164e+00 6.746269e-01 1.582090e-01 3.283582e-02
31379: 1.916667e+00 1.648810e+00 1.571429e+00 6.726190e-01 1.577381e-01 3.273810e-02
31379: 1.916914e+00 1.649852e+00 1.569733e+00 6.735905e-01 1.572700e-01 3.264095e-02
31379: 1.914201e+00 1.650888e+00 1.573964e+00 6.715976e-01 1.568047e-01 3.254438e-02
31379: 1.914454e+00 1.651917e+00 1.572271e+00 6.725664e-01 1.563422e-01 3.244838e-02
31379: 1.911765e+00 1.652941e+00 1.573529e+00 6.735294e-01 1.558824e-01 3.235294e-02
31379: 1.914956e+00 1.653959e+00 1.568915e+00 6.744868e-01 1.554252e-01 3.225806e-02
31379: 1.912281e+00 1.657895e+00 1.570175e+00 6.725146e-01 1.549708e-01 3.216374e-02
31379: 1.912536e+00 1.658892e+00 1.565598e+00 6.763848e-01 1.545190e-01 3.206997e-02
31379: 1.909884e+00 1.656977e+00 1.572674e+00 6.744186e-01 1.540698e-01 3.197674e-02
31379: 1.910145e+00 1.657971e+00 1.571014e+00 6.753623e-01 1.536232e-01 3.188406e-02
31379: 1.907514e+00 1.661850e+00 1.569364e+00 6.763006e-01 1.531792e-01 3.179191e-02
31379: 1.907781e+00 1.659942e+00 1.567723e+00 6.772334e-01 1.556196e-01 3.170029e-02
31379: 1.908046e+00 1.660920e+00 1.568966e+00 6.752874e-01 1.551724e-01 3.160920e-02
31379: 1.908309e+00 1.659026e+00 1.570201e+00 6.762178e-01 1.547278e-01 3.151862e-02
31379: 1.908571e+00 1.660000e+00 1.568571e+00 6.771429e-01 1.542857e-01 3.142857e-02
31379: 1.908832e+00 1.658120e+00 1.572650e+00 6.752137e-01 1.538462e-01 3.133903e-02
31379: 1.906250e+00 1.661932e+00 1.571023e+00 6.761364e-01 1.534091e-01 3.125000e-02
31379: 1.906516e+00 1.662890e+00 1.569405e+00 6.770538e-01 1.529745e-01 3.116147e-02
31379: 1.903955e+00 1.661017e+00 1.570621e+00 6.751412e-01 1.553672e-01 3.389831e-02
31379: 1.907042e+00 1.659155e+00 1.566197e+00 6.760563e-01 1.577465e-01 3.380282e-02
31379: 1.904494e+00 1.660112e+00 1.567416e+00 6.741573e-01 1.573034e-01 3.651685e-02
31379: 1.904762e+00 1.661064e+00 1.565826e+00 6.722689e-01 1.596639e-01 3.641457e-02
31379: 1.905028e+00 1.659218e+00 1.567039e+00 6.731844e-01 1.592179e-01 3.631285e-02
31379: 1.905292e+00 1.660167e+00 1.565460e+00 6.713092e-01 1.615599e-01 3.621170e-02
31379: 1.905556e+00 1.658333e+00 1.569444e+00 6.694444e-01 1.611111e-01 3.611111e-02
31379: 1.905817e+00 1.659280e+00 1.570637e+00 6.675900e-01 1.606648e-01 3.601108e-02
31379: 1.903315e+00 1.657459e+00 1.566298e+00 6.712707e-01 1.629834e-01 3.867403e-02
31379: 1.903581e+00 1.655647e+00 1.567493e+00 6.721763e-01 1.625344e-01 3.856749e-02
31379: 1.906593e+00 1.656593e+00 1.565934e+00 6.703297e-01 1.620879e-01 3.846154e-02
31379: 1.904110e+00 1.654795e+00 1.567123e+00 6.739726e-01 1.616438e-01 3.835616e-02
31379: 1.904372e+00 1.655738e+00 1.568306e+00 6.721311e-01 1.612022e-01 3.825137e-02
31379: 1.901907e+00 1.653951e+00 1.572207e+00 6.730245e-01 1.607629e-01 3.814714e-02
31379: 1.902174e+00 1.649457e+00 1.576087e+00 6.739130e-01 1.603261e-01 3.804348e-02
31379: 1.899729e+00 1.653117e+00 1.571816e+00 6.747967e-01 1.598916e-01 4.065041e-02
31379: 1.900000e+00 1.651351e+00 1.570270e+00 6.756757e-01 1.621622e-01 4.054054e-02
31379: 1.897574e+00 1.652291e+00 1.571429e+00 6.765499e-01 1.617251e-01 4.043127e-02
31379: 1.897849e+00 1.655914e+00 1.567204e+00 6.774194e-01 1.612903e-01 4.032258e-02
31379: 1.895442e+00 1.654155e+00 1.571046e+00 6.756032e-01 1.635389e-01 4.021448e-02
31379: 1.895722e+00 1.655080e+00 1.566845e+00 6.791444e-01 1.631016e-01 4.010695e-02
31379: 1.893333e+00 1.653333e+00 1.570667e+00 6.800000e-01 1.626667e-01 4.000000e-02
31379: 1.893617e+00 1.654255e+00 1.569149e+00 6.808511e-01 1.622340e-01 3.989362e-02
31379: 1.893899e+00 1.652520e+00 1.572944e+00 6.790451e-01 1.618037e-01 3.978780e-02
31379: 1.891534e+00 1.656085e+00 1.571429e+00 6.798942e-01 1.613757e-01 3.968254e-02
31379: 1.891821e+00 1.654354e+00 1.572559e+00 6.807388e-01 1.609499e-01 3.957784e-02
31379: 1.889474e+00 1.660526e+00 1.568421e+00 6.815789e-01 1.605263e-01 3.947368e-02
31379: 1.889764e+00 1.658793e+00 1.566929e+00 6.850394e-01 1.601050e-01 3.937008e-02
31379: 1.890052e+00 1.662304e+00 1.565445e+00 6.832461e-01 1.596859e-01 3.926702e-02
31379: 1.890339e+00 1.660574e+00 1.566580e+00 6.814621e-01 1.618799e-01 3.916449e-02
31379: 1.890625e+00 1.661458e+00 1.565104e+00 6.822917e-01 1.614583e-01 3.906250e-02
31379: 1.890909e+00 1.662338e+00 1.566234e+00 6.805195e-01 1.610390e-01 3.896104e-02
31379: 1.891192e+00 1.658031e+00 1.569948e+00 6.813472e-01 1.606218e-01 3.886010e-02
31379: 1.891473e+00 1.658915e+00 1.571059e+00 6.795866e-01 1.602067e-01 3.875969e-02
31379: 1.889175e+00 1.659794e+00 1.567010e+00 6.855670e-01 1.597938e-01 3.865979e-02
31379: 1.889460e+00 1.660668e+00 1.568123e+00 6.838046e-01 1.593830e-01 3.856041e-02
31379: 1.889744e+00 1.661538e+00 1.566667e+00 6.846154e-01 1.589744e-01 3.846154e-02
31379: 1.892583e+00 1.659847e+00 1.567775e+00 6.828645e-01 1.585678e-01 3.836317e-02
31379: 1.892857e+00 1.658163e+00 1.571429e+00 6.811224e-01 1.581633e-01 3.826531e-02
31379: 1.890585e+00 1.659033e+00 1.569975e+00 6.819338e-01 1.603053e-01 3.816794e-02
31379: 1.893401e+00 1.657360e+00 1.571066e+00 6.802030e-01 1.598985e-01 3.807107e-02
31379: 1.891139e+00 1.660759e+00 1.567089e+00 6.835443e-01 1.594937e-01 3.797468e-02
31379: 1.893939e+00 1.661616e+00 1.565657e+00 6.818182e-01 1.590909e-01 3.787879e-02
31379: 1.891688e+00 1.662469e+00 1.566751e+00 6.826196e-01 1.586902e-01 3.778338e-02
31379: 1.894472e+00 1.660804e+00 1.567839e+00 6.809045e-01 1.582915e-01 3.768844e-02
31379: 1.894737e+00 1.661654e+00 1.566416e+00 6.817043e-01 1.578947e-01 3.759398e-02
31379: 1.895000e+00 1.660000e+00 1.570000e+00 6.800000e-01 1.575000e-01 3.750000e-02
31379: 1.892768e+00 1.660848e+00 1.568579e+00 6.832918e-01 1.571072e-01 3.740648e-02
31379: 1.895522e+00 1.661692e+00 1.567164e+00 6.815920e-01 1.567164e-01 3.731343e-02
31379: 1.893300e+00 1.660050e+00 1.570720e+00 6.823821e-01 1.563275e-01 3.722084e-02
31379: 1.893564e+00 1.658416e+00 1.569307e+00 6.831683e-01 1.584158e-01 3.712871e-02
31379: 1.891358e+00 1.659259e+00 1.572840e+00 6.814815e-01 1.580247e-01 3.703704e-02
31379: 1.896552e+00 1.657635e+00 1.568966e+00 6.822660e-01 1.576355e-01 3.694581e-02
31379: 1.894349e+00 1.660934e+00 1.570025e+00 6.805897e-01 1.572482e-01 3.685504e-02
31379: 1.897059e+00 1.659314e+00 1.568627e+00 6.813725e-01 1.568627e-01 3.676471e-02
31379: 1.897311e+00 1.660147e+00 1.567237e+00 6.821516e-01 1.564792e-01 3.667482e-02
31379: 1.895122e+00 1.660976e+00 1.568293e+00 6.829268e-01 1.560976e-01 3.658537e-02
31379: 1.895377e+00 1.661800e+00 1.566910e+00 6.812652e-01 1.581509e-01 3.649635e-02
31379: 1.893204e+00 1.662621e+00 1.570388e+00 6.796117e-01 1.577670e-01 3.640777e-02
31379: 1.893462e+00 1.663438e+00 1.569007e+00 6.803874e-01 1.573850e-01 3.631961e-02
31379: 1.891304e+00 1.661836e+00 1.574879e+00 6.787440e-01 1.570048e-01 3.623188e-02
31379: 1.896386e+00 1.660241e+00 1.571084e+00 6.795181e-01 1.566265e-01 3.614458e-02
31379: 1.894231e+00 1.665865e+00 1.567308e+00 6.802885e-01 1.562500e-01 3.605769e-02
31379: 1.892086e+00 1.666667e+00 1.570743e+00 6.786571e-01 1.558753e-01 3.597122e-02
31379: 1.892344e+00 1.667464e+00 1.569378e+00 6.794258e-01 1.555024e-01 3.588517e-02
31379: 1.890215e+00 1.668258e+00 1.570406e+00 6.778043e-01 1.575179e-01 3.579952e-02
31379: 1.892857e+00 1.669048e+00 1.566667e+00 6.785714e-01 1.571429e-01 3.571429e-02
31379: 1.895487e+00 1.667458e+00 1.567696e+00 6.769596e-01 1.567696e-01 3.562945e-02
31379: 1.893365e+00 1.670616e+00 1.566351e+00 6.777251e-01 1.563981e-01 3.554502e-02
31379: 1.893617e+00 1.671395e+00 1.565012e+00 6.761229e-01 1.583924e-01 3.546099e-02
31379: 1.896226e+00 1.669811e+00 1.566038e+00 6.745283e-01 1.580189e-01 3.537736e-02
31379: 1.894118e+00 1.672941e+00 1.567059e+00 6.729412e-01 1.576471e-01 3.529412e-02
31379: 1.896714e+00 1.669014e+00 1.568075e+00 6.737089e-01 1.572770e-01 3.521127e-02
31379: 1.894614e+00 1.672131e+00 1.569087e+00 6.721311e-01 1.569087e-01 3.512881e-02
31379: 1.894860e+00 1.672897e+00 1.567757e+00 6.705607e-01 1.588785e-01 3.504673e-02
31379: 1.895105e+00 1.671329e+00 1.568765e+00 6.713287e-01 1.585082e-01 3.496503e-02
31379: 1.893023e+00 1.672093e+00 1.567442e+00 6.720930e-01 1.604651e-01 3.488372e-02
31379: 1.893271e+00 1.670534e+00 1.570766e+00 6.705336e-01 1.600928e-01 3.480278e-02
31379: 1.891204e+00 1.673611e+00 1.567130e+00 6.736111e-01 1.597222e-01 3.472222e-02
31379: 1.893764e+00 1.674365e+00 1.565820e+00 6.720554e-01 1.593533e-01 3.464203e-02
31379: 1.891705e+00 1.675115e+00 1.566820e+00 6.728111e-01 1.589862e-01 3.456221e-02
31379: 1.891954e+00 1.675862e+00 1.565517e+00 6.735632e-01 1.586207e-01 3.448276e-02
31379: 1.889908e+00 1.674312e+00 1.571101e+00 6.720183e-01 1.582569e-01 3.440367e-02
31379: 1.890160e+00 1.670481e+00 1.574371e+00 6.727689e-01 1.578947e-01 3.432494e-02
31379: 1.890411e+00 1.673516e+00 1.570776e+00 6.735160e-01 1.575342e-01 3.424658e-02
31379: 1.890661e+00 1.674260e+00 1.569476e+00 6.742597e-01 1.571754e-01 3.416856e-02
31379: 1.888636e+00 1.672727e+00 1.572727e+00 6.750000e-01 1.568182e-01 3.409091e-02
31379: 1.888889e+00 1.671202e+00 1.571429e+00 6.780045e-01 1.564626e-01 3.401361e-02
31379: 1.886878e+00 1.671946e+00 1.572398e+00 6.787330e-01 1.561086e-01 3.393665e-02
31379: 1.887133e+00 1.668172e+00 1.575621e+00 6.794582e-01 1.557562e-01 3.386005e-02
31379: 1.885135e+00 1.671171e+00 1.574324e+00 6.801802e-01 1.554054e-01 3.378378e-02
31379: 1.883146e+00 1.671910e+00 1.573034e+00 6.831461e-01 1.550562e-01 3.370787e-02
31379: 1.883408e+00 1.670404e+00 1.571749e+00 6.838565e-01 1.547085e-01 3.587444e-02
31379: 1.883669e+00 1.671141e+00 1.570470e+00 6.845638e-01 1.543624e-01 3.579418e-02
31379: 1.881696e+00 1.667411e+00 1.575893e+00 6.852679e-01 1.540179e-01 3.571429e-02
31379: 1.879733e+00 1.665924e+00 1.574610e+00 6.904232e-01 1.536748e-01 3.563474e-02
31379: 1.880000e+00 1.664444e+00 1.573333e+00 6.911111e-01 1.533333e-01 3.777778e-02
31379: 1.878049e+00 1.665188e+00 1.572062e+00 6.917960e-01 1.552106e-01 3.769401e-02
31379: 1.878319e+00 1.663717e+00 1.568584e+00 6.946903e-01 1.548673e-01 3.982301e-02
31379: 1.876380e+00 1.662252e+00 1.573951e+00 6.931567e-01 1.545254e-01 3.973510e-02
31379: 1.874449e+00 1.662996e+00 1.572687e+00 6.960352e-01 1.541850e-01 3.964758e-02
31379: 1.879121e+00 1.661538e+00 1.569231e+00 6.967033e-01 1.538462e-01 3.956044e-02
31379: 1.879386e+00 1.662281e+00 1.570175e+00 6.951754e-01 1.535088e-01 3.947368e-02
31379: 1.877462e+00 1.660832e+00 1.566740e+00 7.002188e-01 1.553611e-01 3.938731e-02
31379: 1.877729e+00 1.661572e+00 1.565502e+00 7.008734e-01 1.550218e-01 3.930131e-02
31379: 1.875817e+00 1.662309e+00 1.566449e+00 6.993464e-01 1.568627e-01 3.921569e-02
31379: 1.878261e+00 1.660870e+00 1.567391e+00 6.978261e-01 1.565217e-01 3.913043e-02
31379: 1.880694e+00 1.661605e+00 1.566161e+00 6.963124e-01 1.561822e-01 3.904555e-02
31379: 1.883117e+00 1.660173e+00 1.567100e+00 6.948052e-01 1.558442e-01 3.896104e-02
31379: 1.883369e+00 1.660907e+00 1.568035e+00 6.933045e-01 1.555076e-01 3.887689e-02
31379: 1.881466e+00 1.661638e+00 1.568966e+00 6.939655e-01 1.551724e-01 3.879310e-02
31379: 1.879570e+00 1.660215e+00 1.569892e+00 6.967742e-01 1.548387e-01 3.870968e-02
31379: 1.881974e+00 1.658798e+00 1.568670e+00 6.952790e-01 1.545064e-01 4.077253e-02
31379: 1.880086e+00 1.659529e+00 1.569593e+00 6.959315e-01 1.541756e-01 4.068522e-02
31379: 1.878205e+00 1.662393e+00 1.570513e+00 6.944444e-01 1.538462e-01 4.059829e-02
31379: 1.880597e+00 1.660981e+00 1.569296e+00 6.950959e-01 1.535181e-01 4.051173e-02
31379: 1.878723e+00 1.665957e+00 1.568085e+00 6.936170e-01 1.531915e-01 4.042553e-02
31379: 1.881104e+00 1.664544e+00 1.569002e+00 6.921444e-01 1.528662e-01 4.033970e-02
31379: 1.881356e+00 1.665254e+00 1.567797e+00 6.906780e-01 1.546610e-01 4.025424e-02
31379: 1.879493e+00 1.665962e+00 1.570825e+00 6.892178e-01 1.543340e-01 4.016913e-02
31379: 1.879747e+00 1.664557e+00 1.569620e+00 6.919831e-01 1.540084e-01 4.008439e-02
31379: 1.877895e+00 1.667368e+00 1.570526e+00 6.905263e-01 1.536842e-01 4.000000e-02
31379: 1.880252e+00 1.665966e+00 1.569328e+00 6.911765e-01 1.533613e-01 3.991597e-02
31379: 1.878407e+00 1.666667e+00 1.570231e+00 6.918239e-01 1.530398e-01 3.983229e-02
31379: 1.878661e+00 1.665272e+00 1.569038e+00 6.945607e-01 1.527197e-01 3.974895e-02
31379: 1.878914e+00 1.665971e+00 1.569937e+00 6.931106e-01 1.524008e-01 3.966597e-02
31379: 1.877083e+00 1.664583e+00 1.572917e+00 6.937500e-01 1.520833e-01 3.958333e-02
31379: 1.877339e+00 1.663202e+00 1.571726e+00 6.943867e-01 1.538462e-01 3.950104e-02
31379: 1.875519e+00 1.661826e+00 1.570539e+00 6.970954e-01 1.556017e-01 3.941909e-02
31379: 1.877847e+00 1.660455e+00 1.569358e+00 6.977226e-01 1.552795e-01 3.933747e-02
31379: 1.880165e+00 1.661157e+00 1.568182e+00 6.962810e-01 1.549587e-01 3.925620e-02
31379: 1.880412e+00 1.661856e+00 1.569072e+00 6.948454e-01 1.546392e-01 3.917526e-02
31379: 1.878601e+00 1.662551e+00 1.567901e+00 6.975309e-01 1.543210e-01 3.909465e-02
31379: 1.876797e+00 1.663244e+00 1.570842e+00 6.960986e-01 1.540041e-01 3.901437e-02
31379: 1.877049e+00 1.661885e+00 1.571721e+00 6.967213e-01 1.536885e-01 3.893443e-02
31379: 1.875256e+00 1.662577e+00 1.572597e+00 6.973415e-01 1.533742e-01 3.885481e-02
31379: 1.875510e+00 1.659184e+00 1.575510e+00 6.979592e-01 1.530612e-01 3.877551e-02
31379: 1.875764e+00 1.659878e+00 1.574338e+00 6.985743e-01 1.527495e-01 3.869654e-02
31379: 1.873984e+00 1.660569e+00 1.575203e+00 6.991870e-01 1.524390e-01 3.861789e-02
31379: 1.874239e+00 1.661258e+00 1.574037e+00 6.997972e-01 1.521298e-01 3.853955e-02
31379: 1.872470e+00 1.661943e+00 1.572874e+00 7.004049e-01 1.538462e-01 3.846154e-02
31379: 1.872727e+00 1.662626e+00 1.569697e+00 7.010101e-01 1.555556e-01 3.838384e-02
31379: 1.872984e+00 1.661290e+00 1.572581e+00 6.995968e-01 1.552419e-01 3.830645e-02
31379: 1.871227e+00 1.663984e+00 1.569416e+00 7.022133e-01 1.549296e-01 3.822938e-02
31379: 1.871486e+00 1.662651e+00 1.570281e+00 7.028112e-01 1.546185e-01 3.815261e-02
31379: 1.869739e+00 1.663327e+00 1.569138e+00 7.034068e-01 1.563126e-01 3.807615e-02
31379: 1.870000e+00 1.664000e+00 1.568000e+00 7.040000e-01 1.560000e-01 3.800000e-02
31379: 1.868263e+00 1.662675e+00 1.572854e+00 7.025948e-01 1.556886e-01 3.792415e-02
31379: 1.868526e+00 1.663347e+00 1.569721e+00 7.031873e-01 1.573705e-01 3.784861e-02
31379: 1.868787e+00 1.662028e+00 1.572565e+00 7.017893e-01 1.570577e-01 3.777336e-02
31379: 1.867063e+00 1.664683e+00 1.571429e+00 7.023810e-01 1.567460e-01 3.769841e-02
31379: 1.869307e+00 1.665347e+00 1.568317e+00 7.029703e-01 1.564356e-01 3.762376e-02
31379: 1.867589e+00 1.667984e+00 1.569170e+00 7.015810e-01 1.561265e-01 3.754941e-02
31379: 1.869822e+00 1.668639e+00 1.568047e+00 7.001972e-01 1.558185e-01 3.747535e-02
31379: 1.868110e+00 1.667323e+00 1.570866e+00 6.988189e-01 1.574803e-01 3.740157e-02
31379: 1.868369e+00 1.666012e+00 1.571709e+00 6.994106e-01 1.571709e-01 3.732809e-02
31379: 1.868627e+00 1.664706e+00 1.572549e+00 7.000000e-01 1.568627e-01 3.725490e-02
31379: 1.866928e+00 1.667319e+00 1.571429e+00 7.005871e-01 1.565558e-01 3.718200e-02
31379: 1.869141e+00 1.666016e+00 1.570312e+00 7.011719e-01 1.562500e-01 3.710938e-02
31379: 1.867446e+00 1.664717e+00 1.571150e+00 7.017544e-01 1.578947e-01 3.703704e-02
31379: 1.867704e+00 1.663424e+00 1.570039e+00 7.042802e-01 1.575875e-01 3.696498e-02
31379: 1.867961e+00 1.666019e+00 1.566990e+00 7.048544e-01 1.572816e-01 3.689320e-02
31379: 1.866279e+00 1.664729e+00 1.567829e+00 7.073643e-01 1.569767e-01 3.682171e-02
31379: 1.866538e+00 1.663443e+00 1.568665e+00 7.079304e-01 1.566731e-01 3.675048e-02
31379: 1.864865e+00 1.666023e+00 1.569498e+00 7.065637e-01 1.563707e-01 3.667954e-02
31379: 1.865125e+00 1.664740e+00 1.572254e+00 7.052023e-01 1.560694e-01 3.660886e-02
31379: 1.863462e+00 1.667308e+00 1.571154e+00 7.057692e-01 1.557692e-01 3.653846e-02
31379: 1.863724e+00 1.667946e+00 1.570058e+00 7.063340e-01 1.554702e-01 3.646833e-02
31379: 1.863985e+00 1.668582e+00 1.568966e+00 7.068966e-01 1.551724e-01 3.639847e-02
31379: 1.862333e+00 1.669216e+00 1.571702e+00 7.055449e-01 1.548757e-01 3.632887e-02
31379: 1.864504e+00 1.667939e+00 1.568702e+00 7.080153e-01 1.545802e-01 3.625954e-02
31379: 1.862857e+00 1.670476e+00 1.567619e+00 7.066667e-01 1.561905e-01 3.619048e-02
31379: 1.865019e+00 1.669202e+00 1.566540e+00 7.053232e-01 1.558935e-01 3.802281e-02
31379: 1.863378e+00 1.669829e+00 1.567362e+00 7.058824e-01 1.555977e-01 3.795066e-02
31379: 1.863636e+00 1.668561e+00 1.568182e+00 7.064394e-01 1.553030e-01 3.787879e-02
31379: 1.862004e+00 1.669187e+00 1.568998e+00 7.051040e-01 1.568998e-01 3.780718e-02
31379: 1.864151e+00 1.667925e+00 1.567925e+00 7.056604e-01 1.566038e-01 3.773585e-02
31379: 1.862524e+00 1.668550e+00 1.570621e+00 7.043315e-01 1.563089e-01 3.766478e-02
31379: 1.862782e+00 1.665414e+00 1.571429e+00 7.067669e-01 1.560150e-01 3.759398e-02
31379: 1.861163e+00 1.666041e+00 1.570356e+00 7.091932e-01 1.557223e-01 3.752345e-02
31379: 1.861423e+00 1.664794e+00 1.569288e+00 7.116105e-01 1.554307e-01 3.745318e-02
31379: 1.859813e+00 1.667290e+00 1.570093e+00 7.102804e-01 1.551402e-01 3.738318e-02
31379: 1.860075e+00 1.667910e+00 1.567164e+00 7.126866e-01 1.548507e-01 3.731343e-02
31379: 1.858473e+00 1.668529e+00 1.567970e+00 7.113594e-01 1.564246e-01 3.724395e-02
31379: 1.858736e+00 1.671004e+00 1.566914e+00 7.100372e-01 1.561338e-01 3.717472e-02
31379: 1.857143e+00 1.671614e+00 1.567718e+00 7.105751e-01 1.558442e-01 3.710575e-02
31379: 1.859259e+00 1.670370e+00 1.566667e+00 7.111111e-01 1.555556e-01 3.703704e-02
31379: 1.857671e+00 1.670980e+00 1.569316e+00 7.097967e-01 1.552680e-01 3.696858e-02
31379: 1.856089e+00 1.673432e+00 1.570111e+00 7.084871e-01 1.549815e-01 3.690037e-02
31379: 1.858195e+00 1.672192e+00 1.567219e+00 7.108656e-01 1.546961e-01 3.683241e-02
31379: 1.858456e+00 1.672794e+00 1.566176e+00 7.113971e-01 1.544118e-01 3.676471e-02
31379: 1.856881e+00 1.673394e+00 1.566972e+00 7.100917e-01 1.559633e-01 3.669725e-02
31379: 1.857143e+00 1.673993e+00 1.567766e+00 7.087912e-01 1.556777e-01 3.663004e-02
31379: 1.855576e+00 1.674589e+00 1.566728e+00 7.111517e-01 1.553931e-01 3.656307e-02
31379: 1.855839e+00 1.677007e+00 1.565693e+00 7.098540e-01 1.551095e-01 3.649635e-02
31379: 1.856102e+00 1.675774e+00 1.568306e+00 7.085610e-01 1.548270e-01 3.642987e-02
31379: 1.854545e+00 1.676364e+00 1.569091e+00 7.090909e-01 1.545455e-01 3.636364e-02
31379: 1.856624e+00 1.675136e+00 1.569873e+00 7.078040e-01 1.542650e-01 3.629764e-02
31379: 1.856884e+00 1.677536e+00 1.568841e+00 7.065217e-01 1.539855e-01 3.623188e-02
31379: 1.855335e+00 1.678119e+00 1.569620e+00 7.070524e-01 1.537071e-01 3.616637e-02
31379: 1.857401e+00 1.678700e+00 1.568592e+00 7.057762e-01 1.534296e-01 3.610108e-02
31379: 1.857658e+00 1.677477e+00 1.569369e+00 7.063063e-01 1.531532e-01 3.603604e-02
31379: 1.857914e+00 1.678058e+00 1.570144e+00 7.050360e-01 1.528777e-01 3.597122e-02
31379: 1.858169e+00 1.675045e+00 1.570916e+00 7.073609e-01 1.526032e-01 3.590664e-02
31379: 1.856631e+00 1.677419e+00 1.569892e+00 7.078853e-01 1.523297e-01 3.584229e-02
31379: 1.858676e+00 1.676208e+00 1.568873e+00 7.084079e-01 1.520572e-01 3.577818e-02
31379: 1.857143e+00 1.678571e+00 1.567857e+00 7.089286e-01 1.517857e-01 3.571429e-02
31379: 1.857398e+00 1.677362e+00 1.568627e+00 7.094474e-01 1.515152e-01 3.565062e-02
31379: 1.855872e+00 1.681495e+00 1.567616e+00 7.081851e-01 1.512456e-01 3.558719e-02
31379: 1.859680e+00 1.678508e+00 1.568384e+00 7.069272e-01 1.509769e-01 3.552398e-02
31379: 1.859929e+00 1.679078e+00 1.569149e+00 7.056738e-01 1.507092e-01 3.546099e-02
31379: 1.858407e+00 1.677876e+00 1.569912e+00 7.079646e-01 1.504425e-01 3.539823e-02
31379: 1.858657e+00 1.676678e+00 1.572438e+00 7.067138e-01 1.501767e-01 3.533569e-02
31379: 1.857143e+00 1.680776e+00 1.569665e+00 7.072310e-01 1.499118e-01 3.527337e-02
31379: 1.859155e+00 1.679577e+00 1.568662e+00 7.059859e-01 1.514085e-01 3.521127e-02
31379: 1.857645e+00 1.681898e+00 1.567663e+00 7.065026e-01 1.511424e-01 3.514938e-02
31379: 1.859649e+00 1.680702e+00 1.566667e+00 7.070175e-01 1.508772e-01 3.508772e-02
31379: 1.858144e+00 1.681261e+00 1.569177e+00 7.057793e-01 1.506130e-01 3.502627e-02
31379: 1.860140e+00 1.681818e+00 1.568182e+00 7.045455e-01 1.503497e-01 3.496503e-02
31379: 1.860384e+00 1.680628e+00 1.570681e+00 7.033159e-01 1.500873e-01 3.490401e-02
31379: 1.860627e+00 1.681185e+00 1.569686e+00 7.038328e-01 1.498258e-01 3.484321e-02
31379: 1.859130e+00 1.681739e+00 1.570435e+00 7.043478e-01 1.495652e-01 3.478261e-02
31379: 1.857639e+00 1.678819e+00 1.572917e+00 7.065972e-01 1.493056e-01 3.472222e-02
31379: 1.859619e+00 1.679376e+00 1.570191e+00 7.071057e-01 1.490468e-01 3.466205e-02
31379: 1.859862e+00 1.678201e+00 1.569204e+00 7.076125e-01 1.505190e-01 3.460208e-02
31379: 1.860104e+00 1.678756e+00 1.568221e+00 7.063903e-01 1.519862e-01 3.454231e-02
31379: 1.860345e+00 1.677586e+00 1.568966e+00 7.068966e-01 1.517241e-01 3.448276e-02
31379: 1.858864e+00 1.678141e+00 1.569707e+00 7.056799e-01 1.531842e-01 3.442341e-02
31379: 1.857388e+00 1.680412e+00 1.568729e+00 7.044674e-01 1.546392e-01 3.436426e-02
31379: 1.859348e+00 1.679245e+00 1.569468e+00 7.032590e-01 1.543739e-01 3.430532e-02
31379: 1.857877e+00 1.681507e+00 1.570205e+00 7.020548e-01 1.541096e-01 3.424658e-02
31379: 1.858120e+00 1.682051e+00 1.569231e+00 7.025641e-01 1.538462e-01 3.418803e-02
31379: 1.856655e+00 1.682594e+00 1.569966e+00 7.030717e-01 1.535836e-01 3.412969e-02
31379: 1.855196e+00 1.681431e+00 1.570698e+00 7.052811e-01 1.533220e-01 3.407155e-02
31379: 1.857143e+00 1.680272e+00 1.569728e+00 7.057823e-01 1.530612e-01 3.401361e-02
31379: 1.855688e+00 1.680815e+00 1.570458e+00 7.062818e-01 1.528014e-01 3.395586e-02
31379: 1.857627e+00 1.681356e+00 1.567797e+00 7.067797e-01 1.525424e-01 3.389831e-02
31379: 1.856176e+00 1.680203e+00 1.570220e+00 7.072758e-01 1.522843e-01 3.384095e-02
31379: 1.858108e+00 1.679054e+00 1.567568e+00 7.094595e-01 1.520270e-01 3.378378e-02
31379: 1.860034e+00 1.677909e+00 1.568297e+00 7.082631e-01 1.517707e-01 3.372681e-02
31379: 1.858586e+00 1.680135e+00 1.567340e+00 7.087542e-01 1.515152e-01 3.367003e-02
31379: 1.858824e+00 1.682353e+00 1.566387e+00 7.075630e-01 1.512605e-01 3.361345e-02
31379: 1.857383e+00 1.682886e+00 1.568792e+00 7.063758e-01 1.510067e-01 3.355705e-02
31379: 1.855946e+00 1.685092e+00 1.569514e+00 7.051926e-01 1.507538e-01 3.350084e-02
31379: 1.857860e+00 1.683946e+00 1.568562e+00 7.040134e-01 1.505017e-01 3.511706e-02
31379: 1.859766e+00 1.684474e+00 1.567613e+00 7.028381e-01 1.502504e-01 3.505843e-02
31379: 1.858333e+00 1.685000e+00 1.570000e+00 7.016667e-01 1.500000e-01 3.500000e-02
31379: 1.860233e+00 1.685524e+00 1.567388e+00 7.021631e-01 1.497504e-01 3.494176e-02
31379: 1.860465e+00 1.684385e+00 1.569767e+00 7.009967e-01 1.495017e-01 3.488372e-02
31379: 1.859038e+00 1.684909e+00 1.570481e+00 7.014925e-01 1.492537e-01 3.482587e-02
31379: 1.857616e+00 1.685430e+00 1.569536e+00 7.036424e-01 1.490066e-01 3.476821e-02
31379: 1.857851e+00 1.684298e+00 1.571901e+00 7.024793e-01 1.487603e-01 3.471074e-02
31379: 1.858086e+00 1.684818e+00 1.569307e+00 7.046205e-01 1.485149e-01 3.465347e-02
31379: 1.856672e+00 1.682043e+00 1.573311e+00 7.051071e-01 1.482702e-01 3.459638e-02
31379: 1.858553e+00 1.682566e+00 1.570724e+00 7.055921e-01 1.480263e-01 3.453947e-02
31379: 1.857143e+00 1.683087e+00 1.571429e+00 7.060755e-01 1.477833e-01 3.448276e-02
31379: 1.857377e+00 1.681967e+00 1.572131e+00 7.065574e-01 1.475410e-01 3.442623e-02
31379: 1.857610e+00 1.682488e+00 1.571195e+00 7.070376e-01 1.472995e-01 3.436989e-02
31379: 1.857843e+00 1.681373e+00 1.570261e+00 7.091503e-01 1.470588e-01 3.431373e-02
31379: 1.856444e+00 1.681892e+00 1.567700e+00 7.128874e-01 1.468189e-01 3.425775e-02
31379: 1.858306e+00 1.680782e+00 1.566775e+00 7.133550e-01 1.465798e-01 3.420195e-02
31379: 1.856911e+00 1.679675e+00 1.567480e+00 7.121951e-01 1.495935e-01 3.414634e-02
31379: 1.855519e+00 1.680195e+00 1.568182e+00 7.110390e-01 1.509740e-01 3.409091e-02
31379: 1.855754e+00 1.679092e+00 1.568882e+00 7.115073e-01 1.507293e-01 3.403566e-02
31379: 1.854369e+00 1.679612e+00 1.571197e+00 7.103560e-01 1.504854e-01 3.398058e-02
31379: 1.854604e+00 1.680129e+00 1.570275e+00 7.108239e-01 1.502423e-01 3.392569e-02
31379: 1.854839e+00 1.679032e+00 1.569355e+00 7.129032e-01 1.500000e-01 3.387097e-02
31379: 1.853462e+00 1.679549e+00 1.570048e+00 7.133655e-01 1.497585e-01 3.381643e-02
31379: 1.853698e+00 1.678457e+00 1.567524e+00 7.154341e-01 1.511254e-01 3.376206e-02
31379: 1.855538e+00 1.678973e+00 1.566613e+00 7.142857e-01 1.508828e-01 3.370787e-02
31379: 1.854167e+00 1.677885e+00 1.570513e+00 7.131410e-01 1.506410e-01 3.365385e-02
31379: 1.852800e+00 1.678400e+00 1.569600e+00 7.136000e-01 1.520000e-01 3.360000e-02
31379: 1.853035e+00 1.677316e+00 1.570288e+00 7.124601e-01 1.517572e-01 3.514377e-02
31379: 1.853270e+00 1.677831e+00 1.567783e+00 7.129187e-01 1.531100e-01 3.508772e-02
31379: 1.851911e+00 1.679936e+00 1.568471e+00 7.117834e-01 1.528662e-01 3.503185e-02
31379: 1.852146e+00 1.678855e+00 1.569157e+00 7.106518e-01 1.542130e-01 3.497615e-02
31379: 1.850794e+00 1.679365e+00 1.569841e+00 7.111111e-01 1.539683e-01 3.492063e-02
31379: 1.852615e+00 1.676704e+00 1.570523e+00 7.115689e-01 1.537242e-01 3.486529e-02
31379: 1.852848e+00 1.677215e+00 1.569620e+00 7.120253e-01 1.534810e-01 3.481013e-02
31379: 1.853081e+00 1.676145e+00 1.571880e+00 7.109005e-01 1.532385e-01 3.475513e-02
31379: 1.853312e+00 1.676656e+00 1.570978e+00 7.113565e-01 1.529968e-01 3.470032e-02
31379: 1.851969e+00 1.675591e+00 1.570079e+00 7.133858e-01 1.543307e-01 3.464567e-02
31379: 1.852201e+00 1.674528e+00 1.569182e+00 7.154088e-01 1.540881e-01 3.459119e-02
31379: 1.852433e+00 1.675039e+00 1.568289e+00 7.142857e-01 1.554160e-01 3.453689e-02
31379: 1.851097e+00 1.677116e+00 1.568966e+00 7.131661e-01 1.551724e-01 3.448276e-02
31379: 1.851330e+00 1.677621e+00 1.569640e+00 7.120501e-01 1.549296e-01 3.442879e-02
31379: 1.850000e+00 1.678125e+00 1.570312e+00 7.125000e-01 1.546875e-01 3.437500e-02
31379: 1.851794e+00 1.677067e+00 1.569423e+00 7.129485e-01 1.544462e-01 3.432137e-02
31379: 1.852025e+00 1.679128e+00 1.568536e+00 7.118380e-01 1.542056e-01 3.426791e-02
31379: 1.850700e+00 1.678072e+00 1.569207e+00 7.122862e-01 1.555210e-01 3.421462e-02
31379: 1.850932e+00 1.678571e+00 1.568323e+00 7.111801e-01 1.568323e-01 3.416149e-02
31379: 1.849612e+00 1.680620e+00 1.568992e+00 7.100775e-01 1.565891e-01 3.410853e-02
31379: 1.849845e+00 1.679567e+00 1.571207e+00 7.089783e-01 1.563467e-01 3.405573e-02
31379: 1.850077e+00 1.680062e+00 1.568779e+00 7.109737e-01 1.561051e-01 3.400309e-02
31379: 1.850309e+00 1.679012e+00 1.569444e+00 7.098765e-01 1.574074e-01 3.395062e-02
31379: 1.848998e+00 1.681048e+00 1.570108e+00 7.087827e-01 1.571649e-01 3.389831e-02
31379: 1.850769e+00 1.681538e+00 1.567692e+00 7.092308e-01 1.569231e-01 3.384615e-02
31379: 1.849462e+00 1.682028e+00 1.569892e+00 7.081413e-01 1.566820e-01 3.379416e-02
31379: 1.851227e+00 1.680982e+00 1.570552e+00 7.070552e-01 1.564417e-01 3.374233e-02
31379: 1.849923e+00 1.681470e+00 1.569678e+00 7.090352e-01 1.562021e-01 3.369066e-02
31379: 1.851682e+00 1.681957e+00 1.568807e+00 7.079511e-01 1.559633e-01 3.363914e-02
31379: 1.850382e+00 1.680916e+00 1.569466e+00 7.068702e-01 1.587786e-01 3.358779e-02
31379: 1.852134e+00 1.681402e+00 1.568598e+00 7.057927e-01 1.585366e-01 3.353659e-02
31379: 1.850837e+00 1.680365e+00 1.570776e+00 7.062405e-01 1.582953e-01 3.348554e-02
31379: 1.851064e+00 1.679331e+00 1.569909e+00 7.082067e-01 1.580547e-01 3.343465e-02
31379: 1.851290e+00 1.679818e+00 1.569044e+00 7.086495e-01 1.578149e-01 3.338392e-02
31379: 1.850000e+00 1.680303e+00 1.569697e+00 7.075758e-01 1.590909e-01 3.333333e-02
31379: 1.851740e+00 1.679274e+00 1.570348e+00 7.065053e-01 1.588502e-01 3.328290e-02
31379: 1.851964e+00 1.679758e+00 1.567976e+00 7.084592e-01 1.586103e-01 3.323263e-02
31379: 1.850679e+00 1.678733e+00 1.568627e+00 7.088989e-01 1.598793e-01 3.318250e-02
31379: 1.850904e+00 1.679217e+00 1.569277e+00 7.078313e-01 1.596386e-01 3.313253e-02
31379: 1.849624e+00 1.678195e+00 1.571429e+00 7.082707e-01 1.593985e-01 3.308271e-02
31379: 1.849850e+00 1.678679e+00 1.570571e+00 7.087087e-01 1.591592e-01 3.303303e-02
31379: 1.848576e+00 1.677661e+00 1.571214e+00 7.091454e-01 1.604198e-01 3.298351e-02
31379: 1.850299e+00 1.678144e+00 1.568862e+00 7.095808e-01 1.601796e-01 3.293413e-02
31379: 1.850523e+00 1.677130e+00 1.569507e+00 7.100149e-01 1.599402e-01 3.288490e-02
31379: 1.849254e+00 1.677612e+00 1.570149e+00 7.089552e-01 1.611940e-01 3.283582e-02
31379: 1.849478e+00 1.678092e+00 1.567809e+00 7.108793e-01 1.609538e-01 3.278689e-02
31379: 1.851190e+00 1.677083e+00 1.568452e+00 7.098214e-01 1.607143e-01 3.273810e-02
31379: 1.849926e+00 1.680535e+00 1.567608e+00 7.087667e-01 1.604755e-01 3.268945e-02
31379: 1.850148e+00 1.682493e+00 1.566766e+00 7.077151e-01 1.602374e-01 3.264095e-02
31379: 1.850370e+00 1.680000e+00 1.568889e+00 7.066667e-01 1.614815e-01 3.259259e-02
31379: 1.849112e+00 1.681953e+00 1.568047e+00 7.071006e-01 1.612426e-01 3.254438e-02
31379: 1.849335e+00 1.680945e+00 1.570162e+00 7.060561e-01 1.610044e-01 3.249631e-02
31379: 1.849558e+00 1.681416e+00 1.569322e+00 7.064897e-01 1.607670e-01 3.244838e-02
31379: 1.851252e+00 1.680412e+00 1.569956e+00 7.054492e-01 1.605302e-01 3.240059e-02
31379: 1.851471e+00 1.679412e+00 1.572059e+00 7.044118e-01 1.602941e-01 3.235294e-02
31379: 1.850220e+00 1.679883e+00 1.571219e+00 7.063142e-01 1.600587e-01 3.230543e-02
31379: 1.850440e+00 1.680352e+00 1.568915e+00 7.082111e-01 1.598240e-01 3.225806e-02
31379: 1.849195e+00 1.680820e+00 1.571010e+00 7.071742e-01 1.595900e-01 3.221083e-02
31379: 1.849415e+00 1.679825e+00 1.570175e+00 7.076023e-01 1.608187e-01 3.216374e-02
31379: 1.848175e+00 1.681752e+00 1.569343e+00 7.080292e-01 1.605839e-01 3.211679e-02
31379: 1.848397e+00 1.682216e+00 1.569971e+00 7.069971e-01 1.603499e-01 3.206997e-02
31379: 1.848617e+00 1.681223e+00 1.570597e+00 7.074236e-01 1.601164e-01 3.202329e-02
31379: 1.848837e+00 1.683140e+00 1.568314e+00 7.078488e-01 1.598837e-01 3.197674e-02
31379: 1.847605e+00 1.685051e+00 1.568940e+00 7.068215e-01 1.596517e-01 3.193033e-02
31379: 1.847826e+00 1.685507e+00 1.569565e+00 7.057971e-01 1.594203e-01 3.188406e-02
31379: 1.848046e+00 1.684515e+00 1.568741e+00 7.076700e-01 1.591896e-01 3.183792e-02
31379: 1.846821e+00 1.686416e+00 1.569364e+00 7.066474e-01 1.589595e-01 3.179191e-02
31379: 1.847042e+00 1.686869e+00 1.568543e+00 7.056277e-01 1.601732e-01 3.174603e-02
31379: 1.847262e+00 1.687320e+00 1.569164e+00 7.046110e-01 1.599424e-01 3.170029e-02
31379: 1.846043e+00 1.686331e+00 1.569784e+00 7.050360e-01 1.611511e-01 3.165468e-02
31379: 1.846264e+00 1.685345e+00 1.571839e+00 7.040230e-01 1.609195e-01 3.160920e-02
31379: 1.845050e+00 1.688666e+00 1.569584e+00 7.044476e-01 1.606887e-01 3.156385e-02
31379: 1.845272e+00 1.689112e+00 1.568768e+00 7.048711e-01 1.604585e-01 3.151862e-02
31379: 1.845494e+00 1.688126e+00 1.569385e+00 7.052933e-01 1.602289e-01 3.147353e-02
31379: 1.844286e+00 1.691429e+00 1.568571e+00 7.042857e-01 1.600000e-01 3.142857e-02
31379: 1.845934e+00 1.689016e+00 1.570613e+00 7.032810e-01 1.597718e-01 3.138374e-02
31379: 1.844729e+00 1.689459e+00 1.568376e+00 7.037037e-01 1.623932e-01 3.133903e-02
31379: 1.844950e+00 1.689900e+00 1.567568e+00 7.041252e-01 1.621622e-01 3.129445e-02
31379: 1.843750e+00 1.688920e+00 1.568182e+00 7.045455e-01 1.633523e-01 3.125000e-02
31379: 1.845390e+00 1.687943e+00 1.568794e+00 7.035461e-01 1.631206e-01 3.120567e-02
31379: 1.845609e+00 1.688385e+00 1.567989e+00 7.025496e-01 1.643059e-01 3.116147e-02
31379: 1.844413e+00 1.690240e+00 1.568600e+00 7.015559e-01 1.640736e-01 3.111740e-02
31379: 1.846045e+00 1.690678e+00 1.567797e+00 7.005650e-01 1.638418e-01 3.107345e-02
31379: 1.844852e+00 1.689704e+00 1.569817e+00 7.009873e-01 1.636107e-01 3.102962e-02
31379: 1.846479e+00 1.687324e+00 1.570423e+00 7.000000e-01 1.647887e-01 3.098592e-02
31379: 1.845288e+00 1.687764e+00 1.569620e+00 7.004219e-01 1.659634e-01 3.094233e-02
31379: 1.846910e+00 1.688202e+00 1.568820e+00 6.994382e-01 1.657303e-01 3.089888e-02
31379: 1.845722e+00 1.687237e+00 1.569425e+00 6.998597e-01 1.669004e-01 3.085554e-02
31379: 1.845938e+00 1.686275e+00 1.570028e+00 6.988796e-01 1.680672e-01 3.081232e-02
31379: 1.844755e+00 1.688112e+00 1.569231e+00 6.993007e-01 1.678322e-01 3.076923e-02
31379: 1.844972e+00 1.688547e+00 1.568436e+00 6.983240e-01 1.675978e-01 3.212291e-02
31379: 1.843794e+00 1.687587e+00 1.569038e+00 6.987448e-01 1.687587e-01 3.207810e-02
31379: 1.844011e+00 1.688022e+00 1.568245e+00 6.991643e-01 1.685237e-01 3.203343e-02
31379: 1.842837e+00 1.687065e+00 1.571627e+00 6.981919e-01 1.682893e-01 3.198887e-02
31379: 1.843056e+00 1.687500e+00 1.569444e+00 7.000000e-01 1.680556e-01 3.194444e-02
31379: 1.841886e+00 1.687933e+00 1.570042e+00 7.004161e-01 1.678225e-01 3.190014e-02
31379: 1.842105e+00 1.688366e+00 1.569252e+00 7.008310e-01 1.675900e-01 3.185596e-02
31379: 1.840941e+00 1.687414e+00 1.571231e+00 7.012448e-01 1.673582e-01 3.181189e-02
31379: 1.842541e+00 1.685083e+00 1.571823e+00 7.016575e-01 1.671271e-01 3.176796e-02
31379: 1.842759e+00 1.685517e+00 1.571034e+00 7.020690e-01 1.668966e-01 3.172414e-02
31379: 1.841598e+00 1.684573e+00 1.571625e+00 7.024793e-01 1.680441e-01 3.168044e-02
31379: 1.841816e+00 1.683631e+00 1.570839e+00 7.028886e-01 1.691884e-01 3.163686e-02
31379: 1.843407e+00 1.684066e+00 1.568681e+00 7.032967e-01 1.689560e-01 3.159341e-02
31379: 1.842250e+00 1.684499e+00 1.569273e+00 7.023320e-01 1.700960e-01 3.155007e-02
31379: 1.843836e+00 1.684932e+00 1.568493e+00 7.013699e-01 1.698630e-01 3.150685e-02
31379: 1.842681e+00 1.683995e+00 1.570451e+00 7.017784e-01 1.696306e-01 3.146375e-02
31379: 1.844262e+00 1.683060e+00 1.568306e+00 7.035519e-01 1.693989e-01 3.142077e-02
31379: 1.844475e+00 1.683492e+00 1.568895e+00 7.025921e-01 1.691678e-01 3.137790e-02
31379: 1.843324e+00 1.683924e+00 1.569482e+00 7.029973e-01 1.689373e-01 3.133515e-02
31379: 1.842177e+00 1.682993e+00 1.570068e+00 7.047619e-01 1.687075e-01 3.129252e-02
31379: 1.843750e+00 1.682065e+00 1.569293e+00 7.051630e-01 1.684783e-01 3.125000e-02
31379: 1.843962e+00 1.682497e+00 1.568521e+00 7.055631e-01 1.682497e-01 3.120760e-02
31379: 1.842818e+00 1.682927e+00 1.570461e+00 7.046070e-01 1.680217e-01 3.116531e-02
31379: 1.843031e+00 1.683356e+00 1.569689e+00 7.050068e-01 1.677943e-01 3.112314e-02
31379: 1.843243e+00 1.682432e+00 1.571622e+00 7.040541e-01 1.675676e-01 3.108108e-02
31379: 1.842105e+00 1.681511e+00 1.570850e+00 7.044534e-01 1.700405e-01 3.103914e-02
31379: 1.842318e+00 1.681941e+00 1.568733e+00 7.061995e-01 1.698113e-01 3.099730e-02
31379: 1.842530e+00 1.682369e+00 1.569314e+00 7.052490e-01 1.695828e-01 3.095559e-02
31379: 1.841398e+00 1.681452e+00 1.569892e+00 7.056452e-01 1.706989e-01 3.091398e-02
31379: 1.841611e+00 1.680537e+00 1.571812e+00 7.046980e-01 1.704698e-01 3.087248e-02
31379: 1.840483e+00 1.680965e+00 1.571046e+00 7.050938e-01 1.715818e-01 3.083110e-02
31379: 1.839357e+00 1.681392e+00 1.571620e+00 7.054886e-01 1.713521e-01 3.078983e-02
31379: 1.839572e+00 1.681818e+00 1.569519e+00 7.072193e-01 1.711230e-01 3.074866e-02
31379: 1.839786e+00 1.680908e+00 1.570093e+00 7.076101e-01 1.708945e-01 3.070761e-02
31379: 1.841333e+00 1.681333e+00 1.568000e+00 7.080000e-01 1.706667e-01 3.066667e-02
31379: 1.841545e+00 1.681758e+00 1.568575e+00 7.070573e-01 1.704394e-01 3.062583e-02
31379: 1.840426e+00 1.682181e+00 1.567819e+00 7.087766e-01 1.702128e-01 3.058511e-02
31379: 1.839309e+00 1.682603e+00 1.567065e+00 7.104914e-01 1.699867e-01 3.054449e-02
31379: 1.839523e+00 1.683024e+00 1.566313e+00 7.095491e-01 1.710875e-01 3.050398e-02
31379: 1.838411e+00 1.682119e+00 1.568212e+00 7.086093e-01 1.721854e-01 3.046358e-02
31379: 1.837302e+00 1.682540e+00 1.570106e+00 7.076720e-01 1.719577e-01 3.042328e-02
31379: 1.837517e+00 1.682959e+00 1.569353e+00 7.080581e-01 1.717305e-01 3.038309e-02
31379: 1.836412e+00 1.682058e+00 1.569921e+00 7.071240e-01 1.741425e-01 3.034301e-02
31379: 1.836627e+00 1.682477e+00 1.570487e+00 7.061924e-01 1.739130e-01 3.030303e-02
31379: 1.836842e+00 1.681579e+00 1.568421e+00 7.078947e-01 1.750000e-01 3.026316e-02
31379: 1.835742e+00 1.683311e+00 1.567674e+00 7.082786e-01 1.747700e-01 3.022339e-02
31379: 1.835958e+00 1.682415e+00 1.568241e+00 7.086614e-01 1.745407e-01 3.018373e-02
31379: 1.834862e+00 1.682831e+00 1.568807e+00 7.077326e-01 1.756225e-01 3.014417e-02
31379: 1.836387e+00 1.681937e+00 1.568063e+00 7.081152e-01 1.753927e-01 3.010471e-02
31379: 1.836601e+00 1.682353e+00 1.568627e+00 7.071895e-01 1.751634e-01 3.006536e-02
31379: 1.835509e+00 1.682768e+00 1.567885e+00 7.088773e-01 1.749347e-01 3.002611e-02
31379: 1.835724e+00 1.683181e+00 1.567145e+00 7.079531e-01 1.747066e-01 3.129074e-02
31379: 1.834635e+00 1.683594e+00 1.569010e+00 7.070312e-01 1.744792e-01 3.125000e-02
31379: 1.834850e+00 1.684005e+00 1.569571e+00 7.061118e-01 1.742523e-01 3.120936e-02
31379: 1.835065e+00 1.684416e+00 1.568831e+00 7.064935e-01 1.740260e-01 3.116883e-02
31379: 1.836576e+00 1.683528e+00 1.569390e+00 7.055772e-01 1.738003e-01 3.112840e-02
31379: 1.838083e+00 1.683938e+00 1.568653e+00 7.046632e-01 1.735751e-01 3.108808e-02
31379: 1.836999e+00 1.684347e+00 1.569211e+00 7.050453e-01 1.733506e-01 3.104787e-02
31379: 1.837209e+00 1.684755e+00 1.568475e+00 7.054264e-01 1.731266e-01 3.100775e-02
31379: 1.836129e+00 1.685161e+00 1.569032e+00 7.058065e-01 1.729032e-01 3.096774e-02
31379: 1.837629e+00 1.684278e+00 1.569588e+00 7.048969e-01 1.726804e-01 3.092784e-02
31379: 1.836551e+00 1.684685e+00 1.570142e+00 7.052767e-01 1.724582e-01 3.088803e-02
31379: 1.836761e+00 1.683805e+00 1.570694e+00 7.056555e-01 1.722365e-01 3.084833e-02
31379: 1.835687e+00 1.684211e+00 1.571245e+00 7.060334e-01 1.720154e-01 3.080873e-02
31379: 1.835897e+00 1.684615e+00 1.569231e+00 7.064103e-01 1.730769e-01 3.076923e-02
31379: 1.837388e+00 1.683739e+00 1.569782e+00 7.055058e-01 1.728553e-01 3.072983e-02
31379: 1.836317e+00 1.686701e+00 1.569054e+00 7.046036e-01 1.726343e-01 3.069054e-02
31379: 1.837803e+00 1.685824e+00 1.569604e+00 7.037037e-01 1.724138e-01 3.065134e-02
31379: 1.838010e+00 1.684949e+00 1.571429e+00 7.028061e-01 1.721939e-01 3.061224e-02
31379: 1.836943e+00 1.685350e+00 1.570701e+00 7.044586e-01 1.719745e-01 3.057325e-02
31379: 1.837150e+00 1.684478e+00 1.571247e+00 7.048346e-01 1.717557e-01 3.053435e-02
31379: 1.837357e+00 1.684879e+00 1.569250e+00 7.064803e-01 1.715375e-01 3.049555e-02
31379: 1.838832e+00 1.684010e+00 1.569797e+00 7.055838e-01 1.713198e-01 3.045685e-02
31379: 1.839037e+00 1.685678e+00 1.569075e+00 7.046895e-01 1.711027e-01 3.041825e-02
31379: 1.839241e+00 1.684810e+00 1.569620e+00 7.037975e-01 1.721519e-01 3.037975e-02
31379: 1.838180e+00 1.685209e+00 1.568900e+00 7.054362e-01 1.719343e-01 3.034134e-02
31379: 1.838384e+00 1.685606e+00 1.569444e+00 7.045455e-01 1.717172e-01 3.030303e-02
31379: 1.838588e+00 1.684741e+00 1.568726e+00 7.049180e-01 1.727617e-01 3.026482e-02
31379: 1.837531e+00 1.686398e+00 1.569270e+00 7.040302e-01 1.725441e-01 3.022670e-02
31379: 1.837736e+00 1.685535e+00 1.568553e+00 7.044025e-01 1.735849e-01 3.018868e-02
31379: 1.836683e+00 1.687186e+00 1.569095e+00 7.035176e-01 1.733668e-01 3.015075e-02
31379: 1.836888e+00 1.687578e+00 1.569636e+00 7.026349e-01 1.731493e-01 3.011292e-02
31379: 1.835840e+00 1.687970e+00 1.570175e+00 7.030075e-01 1.729323e-01 3.007519e-02
31379: 1.836045e+00 1.687109e+00 1.570713e+00 7.033792e-01 1.727159e-01 3.003755e-02
31379: 1.836250e+00 1.687500e+00 1.568750e+00 7.037500e-01 1.737500e-01 3.000000e-02
31379: 1.836454e+00 1.686642e+00 1.569288e+00 7.028714e-01 1.747815e-01 2.996255e-02
31379: 1.835411e+00 1.687032e+00 1.569825e+00 7.032419e-01 1.745636e-01 2.992519e-02
31379: 1.835616e+00 1.687422e+00 1.570361e+00 7.023661e-01 1.743462e-01 2.988792e-02
31379: 1.835821e+00 1.686567e+00 1.569652e+00 7.039801e-01 1.741294e-01 2.985075e-02
31379: 1.834783e+00 1.688199e+00 1.568944e+00 7.043478e-01 1.739130e-01 2.981366e-02
31379: 1.836228e+00 1.687345e+00 1.569479e+00 7.034739e-01 1.736973e-01 2.977667e-02
31379: 1.835192e+00 1.687732e+00 1.570012e+00 7.038414e-01 1.734820e-01 2.973978e-02
31379: 1.836634e+00 1.686881e+00 1.569307e+00 7.042079e-01 1.732673e-01 2.970297e-02
31379: 1.835600e+00 1.688504e+00 1.568603e+00 7.045735e-01 1.730532e-01 2.966625e-02
31379: 1.837037e+00 1.688889e+00 1.567901e+00 7.037037e-01 1.728395e-01 2.962963e-02
31379: 1.836005e+00 1.690506e+00 1.568434e+00 7.028360e-01 1.726264e-01 2.959309e-02
31379: 1.836207e+00 1.689655e+00 1.568966e+00 7.032020e-01 1.724138e-01 2.955665e-02
31379: 1.835178e+00 1.692497e+00 1.568266e+00 7.023370e-01 1.722017e-01 2.952030e-02
31379: 1.835381e+00 1.692875e+00 1.567568e+00 7.014742e-01 1.719902e-01 3.071253e-02
31379: 1.835583e+00 1.692025e+00 1.568098e+00 7.006135e-01 1.730061e-01 3.067485e-02
31379: 1.835784e+00 1.693627e+00 1.567402e+00 6.997549e-01 1.727941e-01 3.063725e-02
31379: 1.834761e+00 1.694002e+00 1.567931e+00 6.988984e-01 1.738066e-01 3.059976e-02
31379: 1.836186e+00 1.693154e+00 1.568460e+00 6.980440e-01 1.735941e-01 3.056235e-02
31379: 1.836386e+00 1.693529e+00 1.567766e+00 6.984127e-01 1.733822e-01 3.052503e-02
31379: 1.836585e+00 1.693902e+00 1.568293e+00 6.975610e-01 1.731707e-01 3.048780e-02
31379: 1.835566e+00 1.693057e+00 1.568819e+00 6.979294e-01 1.729598e-01 3.166870e-02
31379: 1.835766e+00 1.692214e+00 1.569343e+00 6.970803e-01 1.739659e-01 3.163017e-02
31379: 1.835966e+00 1.692588e+00 1.569866e+00 6.962333e-01 1.737546e-01 3.159174e-02
31379: 1.834951e+00 1.691748e+00 1.569175e+00 6.978155e-01 1.747573e-01 3.155340e-02
31379: 1.835152e+00 1.690909e+00 1.568485e+00 6.981818e-01 1.757576e-01 3.151515e-02
31379: 1.834140e+00 1.691283e+00 1.567797e+00 6.985472e-01 1.767554e-01 3.147700e-02
31379: 1.834341e+00 1.691657e+00 1.567110e+00 6.977025e-01 1.777509e-01 3.143894e-02
31379: 1.835749e+00 1.690821e+00 1.567633e+00 6.968599e-01 1.775362e-01 3.140097e-02
31379: 1.837153e+00 1.691194e+00 1.566948e+00 6.960193e-01 1.773221e-01 3.136309e-02
31379: 1.836145e+00 1.691566e+00 1.568675e+00 6.951807e-01 1.771084e-01 3.132530e-02
31379: 1.836342e+00 1.690734e+00 1.569194e+00 6.955475e-01 1.768953e-01 3.128761e-02
31379: 1.835337e+00 1.691106e+00 1.569712e+00 6.947115e-01 1.778846e-01 3.125000e-02
31379: 1.835534e+00 1.691477e+00 1.569028e+00 6.938776e-01 1.788715e-01 3.121248e-02
31379: 1.834532e+00 1.691847e+00 1.569544e+00 6.930456e-01 1.798561e-01 3.117506e-02
31379: 1.835928e+00 1.691018e+00 1.568862e+00 6.934132e-01 1.796407e-01 3.113772e-02
31379: 1.834928e+00 1.691388e+00 1.570574e+00 6.925837e-01 1.794258e-01 3.110048e-02
31379: 1.835125e+00 1.690562e+00 1.571087e+00 6.929510e-01 1.792115e-01 3.106332e-02
31379: 1.834129e+00 1.692124e+00 1.569212e+00 6.945107e-01 1.789976e-01 3.102625e-02
31379: 1.834327e+00 1.692491e+00 1.568534e+00 6.936830e-01 1.787843e-01 3.218117e-02
31379: 1.833333e+00 1.691667e+00 1.569048e+00 6.928571e-01 1.809524e-01 3.214286e-02
31379: 1.833532e+00 1.690844e+00 1.568371e+00 6.932224e-01 1.819263e-01 3.210464e-02
31379: 1.833729e+00 1.692399e+00 1.567696e+00 6.923990e-01 1.817102e-01 3.206651e-02
31379: 1.832740e+00 1.691578e+00 1.569395e+00 6.927639e-01 1.814947e-01 3.202847e-02
31379: 1.832938e+00 1.691943e+00 1.568720e+00 6.931280e-01 1.812796e-01 3.199052e-02
31379: 1.831953e+00 1.691124e+00 1.571598e+00 6.923077e-01 1.810651e-01 3.195266e-02
31379: 1.833333e+00 1.690307e+00 1.570922e+00 6.926714e-01 1.808511e-01 3.191489e-02
31379: 1.832349e+00 1.691854e+00 1.570248e+00 6.930342e-01 1.806375e-01 3.187721e-02
31379: 1.832547e+00 1.692217e+00 1.569575e+00 6.933962e-01 1.804245e-01 3.183962e-02
31379: 1.833922e+00 1.691402e+00 1.570082e+00 6.925795e-01 1.802120e-01 3.180212e-02
31379: 1.832941e+00 1.690588e+00 1.569412e+00 6.952941e-01 1.800000e-01 3.176471e-02
31379: 1.835488e+00 1.689777e+00 1.568743e+00 6.944771e-01 1.797885e-01 3.172738e-02
31379: 1.836854e+00 1.690141e+00 1.568075e+00 6.936620e-01 1.795775e-01 3.169014e-02
31379: 1.835873e+00 1.689332e+00 1.569754e+00 6.940211e-01 1.793669e-01 3.165299e-02
31379: 1.836066e+00 1.687354e+00 1.571429e+00 6.943794e-01 1.791569e-01 3.161593e-02
31379: 1.836257e+00 1.687719e+00 1.569591e+00 6.959064e-01 1.789474e-01 3.157895e-02
31379: 1.835280e+00 1.689252e+00 1.570093e+00 6.950935e-01 1.787383e-01 3.154206e-02
31379: 1.835473e+00 1.688448e+00 1.569428e+00 6.966161e-01 1.785298e-01 3.150525e-02
31379: 1.835664e+00 1.689977e+00 1.568765e+00 6.958042e-01 1.783217e-01 3.146853e-02
31379: 1.835856e+00 1.689173e+00 1.569267e+00 6.961583e-01 1.781141e-01 3.143190e-02
31379: 1.836047e+00 1.690698e+00 1.568605e+00 6.953488e-01 1.779070e-01 3.139535e-02
31379: 1.836237e+00 1.689895e+00 1.570267e+00 6.945412e-01 1.777003e-01 3.135889e-02
31379: 1.835267e+00 1.691415e+00 1.568445e+00 6.948956e-01 1.774942e-01 3.248260e-02
31379: 1.836616e+00 1.690614e+00 1.568946e+00 6.940904e-01 1.772885e-01 3.244496e-02
31379: 1.836806e+00 1.690972e+00 1.568287e+00 6.944444e-01 1.770833e-01 3.240741e-02
31379: 1.836994e+00 1.691329e+00 1.568786e+00 6.936416e-01 1.768786e-01 3.236994e-02
31379: 1.836028e+00 1.690531e+00 1.569284e+00 6.951501e-01 1.766744e-01 3.233256e-02
31379: 1.836217e+00 1.690888e+00 1.568627e+00 6.955017e-01 1.764706e-01 3.229527e-02
31379: 1.835253e+00 1.691244e+00 1.569124e+00 6.947005e-01 1.774194e-01 3.225806e-02
31379: 1.834292e+00 1.690449e+00 1.571922e+00 6.939010e-01 1.772152e-01 3.222094e-02
31379: 1.835632e+00 1.690805e+00 1.570115e+00 6.942529e-01 1.770115e-01 3.218391e-02
31379: 1.834673e+00 1.692308e+00 1.569460e+00 6.946039e-01 1.768083e-01 3.214696e-02
31379: 1.834862e+00 1.692661e+00 1.569954e+00 6.938073e-01 1.766055e-01 3.211009e-02
31379: 1.835052e+00 1.693013e+00 1.569301e+00 6.941581e-01 1.764032e-01 3.207331e-02
31379: 1.834096e+00 1.693364e+00 1.570938e+00 6.933638e-01 1.762014e-01 3.203661e-02
31379: 1.833143e+00 1.693714e+00 1.569143e+00 6.960000e-01 1.760000e-01 3.200000e-02
31379: 1.834475e+00 1.692922e+00 1.569635e+00 6.952055e-01 1.757991e-01 3.196347e-02
31379: 1.833523e+00 1.693273e+00 1.571266e+00 6.944128e-01 1.755986e-01 3.192702e-02
31379: 1.833713e+00 1.693622e+00 1.570615e+00 6.947608e-01 1.753986e-01 3.189066e-02
31379: 1.833902e+00 1.692833e+00 1.571104e+00 6.951081e-01 1.751991e-01 3.185438e-02
31379: 1.834091e+00 1.693182e+00 1.570455e+00 6.954545e-01 1.750000e-01 3.181818e-02
31379: 1.833144e+00 1.692395e+00 1.572077e+00 6.958002e-01 1.748014e-01 3.178207e-02
31379: 1.832200e+00 1.691610e+00 1.572562e+00 6.961451e-01 1.757370e-01 3.174603e-02
31379: 1.833522e+00 1.691959e+00 1.570781e+00 6.964892e-01 1.755379e-01 3.171008e-02
31379: 1.832579e+00 1.691176e+00 1.570136e+00 6.979638e-01 1.764706e-01 3.167421e-02
31379: 1.831638e+00 1.690395e+00 1.570621e+00 6.994350e-01 1.762712e-01 3.163842e-02
31379: 1.831828e+00 1.690745e+00 1.569977e+00 6.997743e-01 1.760722e-01 3.160271e-02
31379: 1.830891e+00 1.689966e+00 1.570462e+00 7.001127e-01 1.770011e-01 3.156708e-02
31379: 1.831081e+00 1.690315e+00 1.568694e+00 7.004505e-01 1.779279e-01 3.153153e-02
31379: 1.830146e+00 1.689539e+00 1.571429e+00 6.996625e-01 1.777278e-01 3.149606e-02
31379: 1.830337e+00 1.689888e+00 1.570787e+00 7.000000e-01 1.775281e-01 3.146067e-02
31379: 1.830527e+00 1.690236e+00 1.570146e+00 7.003367e-01 1.773288e-01 3.142536e-02
31379: 1.830717e+00 1.689462e+00 1.570628e+00 7.006726e-01 1.771300e-01 3.139013e-02
31379: 1.829787e+00 1.690929e+00 1.568869e+00 7.010078e-01 1.780515e-01 3.135498e-02
31379: 1.831096e+00 1.690157e+00 1.568233e+00 7.002237e-01 1.789709e-01 3.131991e-02
31379: 1.830168e+00 1.690503e+00 1.568715e+00 7.005587e-01 1.787709e-01 3.128492e-02
31379: 1.830357e+00 1.690848e+00 1.569196e+00 6.997768e-01 1.785714e-01 3.125000e-02
31379: 1.829431e+00 1.690078e+00 1.568562e+00 7.012263e-01 1.783724e-01 3.232999e-02
31379: 1.830735e+00 1.689310e+00 1.569042e+00 7.004454e-01 1.781737e-01 3.229399e-02
31379: 1.830923e+00 1.689655e+00 1.568409e+00 6.996663e-01 1.790879e-01 3.225806e-02
31379: 1.831111e+00 1.690000e+00 1.568889e+00 6.988889e-01 1.788889e-01 3.222222e-02
31379: 1.830189e+00 1.689234e+00 1.570477e+00 6.992231e-01 1.786903e-01 3.218646e-02
31379: 1.829268e+00 1.688470e+00 1.569845e+00 7.017738e-01 1.784922e-01 3.215078e-02
31379: 1.831672e+00 1.687708e+00 1.569214e+00 7.009967e-01 1.782946e-01 3.211517e-02
31379: 1.830752e+00 1.689159e+00 1.568584e+00 7.013274e-01 1.780973e-01 3.207965e-02
31379: 1.832044e+00 1.688398e+00 1.569061e+00 7.005525e-01 1.779006e-01 3.204420e-02
31379: 1.832230e+00 1.688742e+00 1.569536e+00 6.997792e-01 1.777042e-01 3.200883e-02
31379: 1.832415e+00 1.687982e+00 1.568908e+00 7.001103e-01 1.786108e-01 3.197354e-02
31379: 1.831498e+00 1.688326e+00 1.569383e+00 7.004405e-01 1.784141e-01 3.193833e-02
31379: 1.831683e+00 1.689769e+00 1.568757e+00 6.996700e-01 1.782178e-01 3.190319e-02
31379: 1.831868e+00 1.689011e+00 1.569231e+00 7.000000e-01 1.780220e-01 3.186813e-02
31379: 1.832053e+00 1.689352e+00 1.569704e+00 6.992316e-01 1.778266e-01 3.183315e-02
31379: 1.831140e+00 1.690789e+00 1.569079e+00 6.995614e-01 1.776316e-01 3.179825e-02
31379: 1.833516e+00 1.690033e+00 1.568456e+00 6.987952e-01 1.774370e-01 3.176342e-02
31379: 1.833698e+00 1.690372e+00 1.567834e+00 6.980306e-01 1.783370e-01 3.172867e-02
31379: 1.832787e+00 1.689617e+00 1.569399e+00 6.983607e-01 1.781421e-01 3.169399e-02
31379: 1.832969e+00 1.689956e+00 1.568777e+00 6.986900e-01 1.779476e-01 3.165939e-02
31379: 1.832061e+00 1.690294e+00 1.569248e+00 6.990185e-01 1.777535e-01 3.162486e-02
31379: 1.833333e+00 1.689542e+00 1.569717e+00 6.982571e-01 1.775599e-01 3.159041e-02
31379: 1.832427e+00 1.689880e+00 1.571273e+00 6.974973e-01 1.773667e-01 3.155604e-02
31379: 1.832609e+00 1.689130e+00 1.571739e+00 6.978261e-01 1.771739e-01 3.152174e-02
31379: 1.832790e+00 1.689468e+00 1.571118e+00 6.981542e-01 1.769815e-01 3.148751e-02
31379: 1.832972e+00 1.689805e+00 1.570499e+00 6.984816e-01 1.767896e-01 3.145336e-02
31379: 1.832069e+00 1.691224e+00 1.569881e+00 6.988082e-01 1.765980e-01 3.141928e-02
31379: 1.833333e+00 1.691558e+00 1.569264e+00 6.980519e-01 1.764069e-01 3.138528e-02
31379: 1.832432e+00 1.691892e+00 1.569730e+00 6.983784e-01 1.762162e-01 3.135135e-02
31379: 1.831533e+00 1.692225e+00 1.570194e+00 6.976242e-01 1.771058e-01 3.131749e-02
31379: 1.831715e+00 1.692557e+00 1.569579e+00 6.979504e-01 1.769148e-01 3.128371e-02
31379: 1.830819e+00 1.691810e+00 1.572198e+00 6.971983e-01 1.767241e-01 3.125000e-02
31379: 1.829925e+00 1.692142e+00 1.571582e+00 6.975242e-01 1.776103e-01 3.121636e-02
31379: 1.830108e+00 1.692473e+00 1.569892e+00 6.989247e-01 1.774194e-01 3.118280e-02
31379: 1.829216e+00 1.692803e+00 1.571429e+00 6.981740e-01 1.772288e-01 3.114930e-02
31379: 1.829399e+00 1.693133e+00 1.570815e+00 6.984979e-01 1.770386e-01 3.111588e-02
31379: 1.828510e+00 1.692390e+00 1.572347e+00 6.988210e-01 1.768489e-01 3.108253e-02
31379: 1.828694e+00 1.691649e+00 1.571734e+00 7.002141e-01 1.766595e-01 3.104925e-02
31379: 1.827807e+00 1.693048e+00 1.571123e+00 7.005348e-01 1.764706e-01 3.101604e-02
31379: 1.827991e+00 1.691239e+00 1.571581e+00 7.019231e-01 1.762821e-01 3.098291e-02
31379: 1.828175e+00 1.692636e+00 1.569904e+00 7.022412e-01 1.760939e-01 3.094984e-02
31379: 1.827292e+00 1.691898e+00 1.571429e+00 7.025586e-01 1.759062e-01 3.091684e-02
31379: 1.827476e+00 1.691161e+00 1.570820e+00 7.039404e-01 1.757188e-01 3.088392e-02
31379: 1.828723e+00 1.691489e+00 1.569149e+00 7.042553e-01 1.755319e-01 3.085106e-02
31379: 1.829968e+00 1.690755e+00 1.569607e+00 7.035069e-01 1.753454e-01 3.081828e-02
31379: 1.829087e+00 1.691083e+00 1.569002e+00 7.027601e-01 1.772824e-01 3.078556e-02
31379: 1.830329e+00 1.690350e+00 1.569459e+00 7.020148e-01 1.770944e-01 3.075292e-02
31379: 1.829449e+00 1.690678e+00 1.568856e+00 7.033898e-01 1.769068e-01 3.072034e-02
31379: 1.829630e+00 1.689947e+00 1.570370e+00 7.026455e-01 1.767196e-01 3.068783e-02
31379: 1.828753e+00 1.691332e+00 1.568710e+00 7.029598e-01 1.765328e-01 3.171247e-02
31379: 1.828933e+00 1.689546e+00 1.570222e+00 7.022175e-01 1.774023e-01 3.167899e-02
31379: 1.829114e+00 1.690928e+00 1.568565e+00 7.025316e-01 1.772152e-01 3.164557e-02
31379: 1.829294e+00 1.690200e+00 1.570074e+00 7.017914e-01 1.770285e-01 3.161222e-02
31379: 1.829474e+00 1.690526e+00 1.568421e+00 7.031579e-01 1.768421e-01 3.157895e-02
31379: 1.829653e+00 1.690852e+00 1.568875e+00 7.024185e-01 1.766562e-01 3.154574e-02
31379: 1.828782e+00 1.691176e+00 1.569328e+00 7.027311e-01 1.764706e-01 3.151261e-02
31379: 1.828961e+00 1.691501e+00 1.569780e+00 7.019937e-01 1.762854e-01 3.147954e-02
31379: 1.829140e+00 1.691824e+00 1.569182e+00 7.023061e-01 1.761006e-01 3.144654e-02
31379: 1.829319e+00 1.691099e+00 1.570681e+00 7.015707e-01 1.759162e-01 3.141361e-02
31379: 1.829498e+00 1.691423e+00 1.569038e+00 7.018828e-01 1.767782e-01 3.138075e-02
31379: 1.829676e+00 1.691745e+00 1.569488e+00 7.011494e-01 1.765935e-01 3.134796e-02
31379: 1.828810e+00 1.691023e+00 1.569937e+00 7.025052e-01 1.764092e-01 3.131524e-02
31379: 1.830031e+00 1.691345e+00 1.569343e+00 7.017727e-01 1.762252e-01 3.128259e-02
31379: 1.829167e+00 1.690625e+00 1.570833e+00 7.020833e-01 1.760417e-01 3.125000e-02
31379: 1.828304e+00 1.689906e+00 1.570239e+00 7.034339e-01 1.768991e-01 3.121748e-02
31379: 1.828482e+00 1.689189e+00 1.569647e+00 7.037422e-01 1.777547e-01 3.118503e-02
31379: 1.828660e+00 1.689512e+00 1.570093e+00 7.030114e-01 1.775701e-01 3.115265e-02
31379: 1.827801e+00 1.689834e+00 1.568465e+00 7.053942e-01 1.773859e-01 3.112033e-02
31379: 1.830052e+00 1.689119e+00 1.567876e+00 7.046632e-01 1.772021e-01 3.108808e-02
31379: 1.830228e+00 1.690476e+00 1.567288e+00 7.039337e-01 1.770186e-01 3.105590e-02
31379: 1.829369e+00 1.689762e+00 1.568769e+00 7.032058e-01 1.778697e-01 3.102378e-02
31379: 1.829545e+00 1.689050e+00 1.569215e+00 7.035124e-01 1.776860e-01 3.099174e-02
31379: 1.829721e+00 1.689370e+00 1.569659e+00 7.027864e-01 1.775026e-01 3.095975e-02
31379: 1.828866e+00 1.689691e+00 1.570103e+00 7.030928e-01 1.773196e-01 3.092784e-02
31379: 1.828012e+00 1.688980e+00 1.570546e+00 7.033986e-01 1.771370e-01 3.192585e-02
31379: 1.828189e+00 1.689300e+00 1.568930e+00 7.047325e-01 1.769547e-01 3.189300e-02
31379: 1.828366e+00 1.688592e+00 1.569373e+00 7.040082e-01 1.778006e-01 3.186023e-02
31379: 1.827515e+00 1.687885e+00 1.571869e+00 7.032854e-01 1.776181e-01 3.182752e-02
31379: 1.828718e+00 1.687179e+00 1.570256e+00 7.046154e-01 1.774359e-01 3.179487e-02
31379: 1.828893e+00 1.686475e+00 1.570697e+00 7.049180e-01 1.772541e-01 3.176230e-02
31379: 1.829069e+00 1.686796e+00 1.570113e+00 7.052201e-01 1.770727e-01 3.172979e-02
31379: 1.828221e+00 1.685072e+00 1.570552e+00 7.055215e-01 1.779141e-01 3.271984e-02
31379: 1.829418e+00 1.685393e+00 1.568948e+00 7.058223e-01 1.777324e-01 3.268641e-02
31379: 1.828571e+00 1.684694e+00 1.571429e+00 7.051020e-01 1.775510e-01 3.265306e-02
31379: 1.828746e+00 1.686035e+00 1.569827e+00 7.054027e-01 1.773700e-01 3.261978e-02
31379: 1.828921e+00 1.685336e+00 1.571283e+00 7.046843e-01 1.771894e-01 3.258656e-02
31379: 1.828077e+00 1.685656e+00 1.569685e+00 7.070193e-01 1.770092e-01 3.255341e-02
31379: 1.827236e+00 1.685976e+00 1.571138e+00 7.063008e-01 1.768293e-01 3.252033e-02
31379: 1.828426e+00 1.685279e+00 1.569543e+00 7.076142e-01 1.766497e-01 3.248731e-02
31379: 1.828600e+00 1.685598e+00 1.568966e+00 7.079108e-01 1.764706e-01 3.245436e-02
31379: 1.827761e+00 1.684904e+00 1.570415e+00 7.071935e-01 1.773050e-01 3.242148e-02
31379: 1.827935e+00 1.686235e+00 1.568826e+00 7.074899e-01 1.771255e-01 3.238866e-02
31379: 1.828109e+00 1.685541e+00 1.569262e+00 7.067745e-01 1.779575e-01 3.235592e-02
31379: 1.828283e+00 1.686869e+00 1.568687e+00 7.060606e-01 1.777778e-01 3.232323e-02
31379: 1.829465e+00 1.686176e+00 1.569122e+00 7.053481e-01 1.775984e-01 3.229062e-02
31379: 1.829637e+00 1.687500e+00 1.568548e+00 7.046371e-01 1.774194e-01 3.225806e-02
31379: 1.828802e+00 1.688822e+00 1.568983e+00 7.039275e-01 1.772407e-01 3.222558e-02
31379: 1.829980e+00 1.689135e+00 1.568410e+00 7.032193e-01 1.770624e-01 3.219316e-02
31379: 1.829146e+00 1.690452e+00 1.568844e+00 7.025126e-01 1.768844e-01 3.216080e-02
31379: 1.829317e+00 1.690763e+00 1.568273e+00 7.018072e-01 1.777108e-01 3.212851e-02
31379: 1.829488e+00 1.690070e+00 1.568706e+00 7.011033e-01 1.785356e-01 3.209629e-02
31379: 1.830661e+00 1.690381e+00 1.568136e+00 7.004008e-01 1.783567e-01 3.206413e-02
31379: 1.829830e+00 1.689690e+00 1.569570e+00 6.996997e-01 1.791792e-01 3.203203e-02
31379: Done!
Traceback (most recent call last):
  File "/lowest-unique-number/tournament0/elexunix.py", line 25, in <module>
    input()
EOFError: EOF when reading a line
