Forked 39808
Starting to reopen 0 and 1
Calling execv `tournament0/fedro.py` (pid 39808)
Strategy 0: first ans is 0
Forked 39832
Starting to reopen 0 and 1
Calling execv `tournament0/elexunix.py` (pid 39832)
Strategy 1: first ans is 1
Forked 39856
Starting to reopen 0 and 1
Calling execv `tournament0/the_best_strategy.py` (pid 39856)
Strategy 2: first ans is 0
Forked 39857
Starting to reopen 0 and 1
Calling execv `tournament0/alex_dany` (pid 39857)
39857: Started!
39857: Number of players: 4, position: 3, number of turns: 1000
39857: Random seed: 2638966711
Strategy 3: first ans is 1
39857: 2.000000e+00 2.000000e+00 0.000000e+00 0.000000e+00
39857: 2.000000e+00 1.500000e+00 5.000000e-01 0.000000e+00
39857: 2.000000e+00 1.666667e+00 3.333333e-01 0.000000e+00
39857: 2.250000e+00 1.250000e+00 5.000000e-01 0.000000e+00
39857: 2.200000e+00 1.200000e+00 6.000000e-01 0.000000e+00
39857: 2.166667e+00 1.166667e+00 5.000000e-01 1.666667e-01
39857: 2.142857e+00 1.142857e+00 5.714286e-01 1.428571e-01
39857: 2.250000e+00 1.125000e+00 5.000000e-01 1.250000e-01
39857: 2.333333e+00 1.111111e+00 4.444444e-01 1.111111e-01
39857: 2.300000e+00 1.200000e+00 4.000000e-01 1.000000e-01
39857: 2.363636e+00 1.181818e+00 3.636364e-01 9.090909e-02
39857: 2.333333e+00 1.166667e+00 4.166667e-01 8.333333e-02
39857: 2.307692e+00 1.230769e+00 3.846154e-01 7.692308e-02
39857: 2.357143e+00 1.214286e+00 3.571429e-01 7.142857e-02
39857: 2.333333e+00 1.266667e+00 3.333333e-01 6.666667e-02
39857: 2.375000e+00 1.250000e+00 3.125000e-01 6.250000e-02
39857: 2.352941e+00 1.235294e+00 2.941176e-01 1.176471e-01
39857: 2.333333e+00 1.277778e+00 2.777778e-01 1.111111e-01
39857: 2.315789e+00 1.263158e+00 3.157895e-01 1.052632e-01
39857: 2.350000e+00 1.250000e+00 3.000000e-01 1.000000e-01
39857: 2.380952e+00 1.238095e+00 2.857143e-01 9.523810e-02
39857: 2.363636e+00 1.227273e+00 2.727273e-01 1.363636e-01
39857: 2.347826e+00 1.260870e+00 2.608696e-01 1.304348e-01
39857: 2.333333e+00 1.291667e+00 2.500000e-01 1.250000e-01
39857: 2.320000e+00 1.320000e+00 2.400000e-01 1.200000e-01
39857: 2.307692e+00 1.307692e+00 2.692308e-01 1.153846e-01
39857: 2.296296e+00 1.333333e+00 2.592593e-01 1.111111e-01
39857: 2.285714e+00 1.321429e+00 2.500000e-01 1.428571e-01
39857: 2.310345e+00 1.310345e+00 2.413793e-01 1.379310e-01
39857: 2.333333e+00 1.300000e+00 2.333333e-01 1.333333e-01
39857: 2.354839e+00 1.290323e+00 2.258065e-01 1.290323e-01
39857: 2.343750e+00 1.312500e+00 2.187500e-01 1.250000e-01
39857: 2.333333e+00 1.333333e+00 2.121212e-01 1.212121e-01
39857: 2.352941e+00 1.323529e+00 2.058824e-01 1.176471e-01
39857: 2.342857e+00 1.342857e+00 2.000000e-01 1.142857e-01
39857: 2.361111e+00 1.333333e+00 1.944444e-01 1.111111e-01
39857: 2.351351e+00 1.324324e+00 2.162162e-01 1.081081e-01
39857: 2.342105e+00 1.315789e+00 2.368421e-01 1.052632e-01
39857: 2.333333e+00 1.307692e+00 2.564103e-01 1.025641e-01
39857: 2.350000e+00 1.300000e+00 2.500000e-01 1.000000e-01
39857: 2.365854e+00 1.292683e+00 2.439024e-01 9.756098e-02
39857: 2.357143e+00 1.285714e+00 2.619048e-01 9.523810e-02
39857: 2.348837e+00 1.302326e+00 2.558140e-01 9.302326e-02
39857: 2.363636e+00 1.295455e+00 2.500000e-01 9.090909e-02
39857: 2.355556e+00 1.288889e+00 2.444444e-01 1.111111e-01
39857: 2.347826e+00 1.282609e+00 2.608696e-01 1.086957e-01
39857: 2.361702e+00 1.276596e+00 2.553191e-01 1.063830e-01
39857: 2.354167e+00 1.270833e+00 2.708333e-01 1.041667e-01
39857: 2.367347e+00 1.265306e+00 2.653061e-01 1.020408e-01
39857: 2.360000e+00 1.280000e+00 2.600000e-01 1.000000e-01
39857: 2.372549e+00 1.274510e+00 2.549020e-01 9.803922e-02
39857: 2.365385e+00 1.288462e+00 2.500000e-01 9.615385e-02
39857: 2.358491e+00 1.301887e+00 2.452830e-01 9.433962e-02
39857: 2.351852e+00 1.314815e+00 2.407407e-01 9.259259e-02
39857: 2.363636e+00 1.309091e+00 2.363636e-01 9.090909e-02
39857: 2.357143e+00 1.303571e+00 2.321429e-01 1.071429e-01
39857: 2.368421e+00 1.298246e+00 2.280702e-01 1.052632e-01
39857: 2.362069e+00 1.310345e+00 2.241379e-01 1.034483e-01
39857: 2.355932e+00 1.305085e+00 2.372881e-01 1.016949e-01
39857: 2.350000e+00 1.300000e+00 2.500000e-01 1.000000e-01
39857: 2.360656e+00 1.295082e+00 2.459016e-01 9.836066e-02
39857: 2.354839e+00 1.290323e+00 2.580645e-01 9.677419e-02
39857: 2.349206e+00 1.285714e+00 2.698413e-01 9.523810e-02
39857: 2.343750e+00 1.296875e+00 2.656250e-01 9.375000e-02
39857: 2.353846e+00 1.292308e+00 2.615385e-01 9.230769e-02
39857: 2.348485e+00 1.287879e+00 2.727273e-01 9.090909e-02
39857: 2.343284e+00 1.283582e+00 2.686567e-01 1.044776e-01
39857: 2.338235e+00 1.294118e+00 2.647059e-01 1.029412e-01
39857: 2.347826e+00 1.289855e+00 2.608696e-01 1.014493e-01
39857: 2.342857e+00 1.300000e+00 2.571429e-01 1.000000e-01
39857: 2.352113e+00 1.295775e+00 2.535211e-01 9.859155e-02
39857: 2.347222e+00 1.291667e+00 2.638889e-01 9.722222e-02
39857: 2.356164e+00 1.287671e+00 2.602740e-01 9.589041e-02
39857: 2.351351e+00 1.297297e+00 2.567568e-01 9.459459e-02
39857: 2.346667e+00 1.293333e+00 2.666667e-01 9.333333e-02
39857: 2.342105e+00 1.289474e+00 2.763158e-01 9.210526e-02
39857: 2.350649e+00 1.285714e+00 2.727273e-01 9.090909e-02
39857: 2.346154e+00 1.282051e+00 2.820513e-01 8.974359e-02
39857: 2.354430e+00 1.278481e+00 2.784810e-01 8.860759e-02
39857: 2.350000e+00 1.287500e+00 2.750000e-01 8.750000e-02
39857: 2.345679e+00 1.283951e+00 2.839506e-01 8.641975e-02
39857: 2.353659e+00 1.280488e+00 2.804878e-01 8.536585e-02
39857: 2.349398e+00 1.289157e+00 2.771084e-01 8.433735e-02
39857: 2.357143e+00 1.285714e+00 2.738095e-01 8.333333e-02
39857: 2.364706e+00 1.282353e+00 2.705882e-01 8.235294e-02
39857: 2.360465e+00 1.290698e+00 2.674419e-01 8.139535e-02
39857: 2.356322e+00 1.287356e+00 2.758621e-01 8.045977e-02
39857: 2.352273e+00 1.284091e+00 2.840909e-01 7.954545e-02
39857: 2.348315e+00 1.280899e+00 2.921348e-01 7.865169e-02
39857: 2.344444e+00 1.277778e+00 3.000000e-01 7.777778e-02
39857: 2.340659e+00 1.285714e+00 2.967033e-01 7.692308e-02
39857: 2.336957e+00 1.282609e+00 2.934783e-01 8.695652e-02
39857: 2.333333e+00 1.290323e+00 2.903226e-01 8.602151e-02
39857: 2.340426e+00 1.287234e+00 2.872340e-01 8.510638e-02
39857: 2.347368e+00 1.284211e+00 2.842105e-01 8.421053e-02
39857: 2.343750e+00 1.291667e+00 2.812500e-01 8.333333e-02
39857: 2.350515e+00 1.288660e+00 2.783505e-01 8.247423e-02
39857: 2.346939e+00 1.295918e+00 2.755102e-01 8.163265e-02
39857: 2.343434e+00 1.303030e+00 2.727273e-01 8.080808e-02
39857: 2.340000e+00 1.300000e+00 2.800000e-01 8.000000e-02
39857: 2.346535e+00 1.297030e+00 2.772277e-01 7.920792e-02
39857: 2.352941e+00 1.294118e+00 2.745098e-01 7.843137e-02
39857: 2.349515e+00 1.291262e+00 2.815534e-01 7.766990e-02
39857: 2.346154e+00 1.298077e+00 2.788462e-01 7.692308e-02
39857: 2.333333e+00 1.314286e+00 2.761905e-01 7.619048e-02
39857: 2.330189e+00 1.320755e+00 2.735849e-01 7.547170e-02
39857: 2.317757e+00 1.336449e+00 2.710280e-01 7.476636e-02
39857: 2.324074e+00 1.333333e+00 2.685185e-01 7.407407e-02
39857: 2.321101e+00 1.330275e+00 2.752294e-01 7.339450e-02
39857: 2.327273e+00 1.327273e+00 2.727273e-01 7.272727e-02
39857: 2.324324e+00 1.333333e+00 2.702703e-01 7.207207e-02
39857: 2.330357e+00 1.330357e+00 2.678571e-01 7.142857e-02
39857: 2.336283e+00 1.327434e+00 2.654867e-01 7.079646e-02
39857: 2.342105e+00 1.324561e+00 2.631579e-01 7.017544e-02
39857: 2.339130e+00 1.330435e+00 2.608696e-01 6.956522e-02
39857: 2.336207e+00 1.327586e+00 2.672414e-01 6.896552e-02
39857: 2.333333e+00 1.324786e+00 2.735043e-01 6.837607e-02
39857: 2.322034e+00 1.338983e+00 2.711864e-01 6.779661e-02
39857: 2.310924e+00 1.352941e+00 2.689076e-01 6.722689e-02
39857: 2.300000e+00 1.366667e+00 2.666667e-01 6.666667e-02
39857: 2.297521e+00 1.371901e+00 2.644628e-01 6.611570e-02
39857: 2.295082e+00 1.368852e+00 2.622951e-01 7.377049e-02
39857: 2.284553e+00 1.382114e+00 2.601626e-01 7.317073e-02
39857: 2.282258e+00 1.387097e+00 2.580645e-01 7.258065e-02
39857: 2.272000e+00 1.392000e+00 2.640000e-01 7.200000e-02
39857: 2.269841e+00 1.388889e+00 2.698413e-01 7.142857e-02
39857: 2.267717e+00 1.393701e+00 2.677165e-01 7.086614e-02
39857: 2.273438e+00 1.390625e+00 2.656250e-01 7.031250e-02
39857: 2.271318e+00 1.395349e+00 2.635659e-01 6.976744e-02
39857: 2.269231e+00 1.392308e+00 2.615385e-01 7.692308e-02
39857: 2.267176e+00 1.389313e+00 2.671756e-01 7.633588e-02
39857: 2.272727e+00 1.386364e+00 2.651515e-01 7.575758e-02
39857: 2.278195e+00 1.383459e+00 2.631579e-01 7.518797e-02
39857: 2.276119e+00 1.380597e+00 2.686567e-01 7.462687e-02
39857: 2.274074e+00 1.385185e+00 2.666667e-01 7.407407e-02
39857: 2.279412e+00 1.382353e+00 2.647059e-01 7.352941e-02
39857: 2.277372e+00 1.386861e+00 2.627737e-01 7.299270e-02
39857: 2.275362e+00 1.391304e+00 2.608696e-01 7.246377e-02
39857: 2.273381e+00 1.388489e+00 2.589928e-01 7.913669e-02
39857: 2.271429e+00 1.385714e+00 2.571429e-01 8.571429e-02
39857: 2.269504e+00 1.390071e+00 2.553191e-01 8.510638e-02
39857: 2.260563e+00 1.394366e+00 2.605634e-01 8.450704e-02
39857: 2.258741e+00 1.391608e+00 2.657343e-01 8.391608e-02
39857: 2.250000e+00 1.402778e+00 2.638889e-01 8.333333e-02
39857: 2.248276e+00 1.406897e+00 2.620690e-01 8.275862e-02
39857: 2.246575e+00 1.404110e+00 2.602740e-01 8.904110e-02
39857: 2.251701e+00 1.401361e+00 2.585034e-01 8.843537e-02
39857: 2.243243e+00 1.405405e+00 2.635135e-01 8.783784e-02
39857: 2.248322e+00 1.402685e+00 2.617450e-01 8.724832e-02
39857: 2.246667e+00 1.400000e+00 2.600000e-01 9.333333e-02
39857: 2.245033e+00 1.403974e+00 2.582781e-01 9.271523e-02
39857: 2.236842e+00 1.407895e+00 2.631579e-01 9.210526e-02
39857: 2.235294e+00 1.405229e+00 2.679739e-01 9.150327e-02
39857: 2.240260e+00 1.402597e+00 2.662338e-01 9.090909e-02
39857: 2.238710e+00 1.400000e+00 2.645161e-01 9.677419e-02
39857: 2.237179e+00 1.397436e+00 2.692308e-01 9.615385e-02
39857: 2.242038e+00 1.394904e+00 2.675159e-01 9.554140e-02
39857: 2.240506e+00 1.392405e+00 2.721519e-01 9.493671e-02
39857: 2.238994e+00 1.389937e+00 2.767296e-01 9.433962e-02
39857: 2.237500e+00 1.387500e+00 2.750000e-01 1.000000e-01
39857: 2.242236e+00 1.385093e+00 2.732919e-01 9.937888e-02
39857: 2.246914e+00 1.382716e+00 2.716049e-01 9.876543e-02
39857: 2.245399e+00 1.380368e+00 2.760736e-01 9.815951e-02
39857: 2.243902e+00 1.378049e+00 2.804878e-01 9.756098e-02
39857: 2.248485e+00 1.375758e+00 2.787879e-01 9.696970e-02
39857: 2.246988e+00 1.379518e+00 2.771084e-01 9.638554e-02
39857: 2.251497e+00 1.377246e+00 2.754491e-01 9.580838e-02
39857: 2.244048e+00 1.386905e+00 2.738095e-01 9.523810e-02
39857: 2.236686e+00 1.396450e+00 2.721893e-01 9.467456e-02
39857: 2.235294e+00 1.394118e+00 2.764706e-01 9.411765e-02
39857: 2.239766e+00 1.391813e+00 2.748538e-01 9.356725e-02
39857: 2.238372e+00 1.389535e+00 2.790698e-01 9.302326e-02
39857: 2.242775e+00 1.387283e+00 2.774566e-01 9.248555e-02
39857: 2.235632e+00 1.390805e+00 2.758621e-01 9.770115e-02
39857: 2.234286e+00 1.388571e+00 2.742857e-01 1.028571e-01
39857: 2.232955e+00 1.386364e+00 2.727273e-01 1.079545e-01
39857: 2.231638e+00 1.384181e+00 2.768362e-01 1.073446e-01
39857: 2.230337e+00 1.387640e+00 2.752809e-01 1.067416e-01
39857: 2.234637e+00 1.385475e+00 2.737430e-01 1.061453e-01
39857: 2.233333e+00 1.388889e+00 2.722222e-01 1.055556e-01
39857: 2.232044e+00 1.392265e+00 2.707182e-01 1.049724e-01
39857: 2.230769e+00 1.395604e+00 2.692308e-01 1.043956e-01
39857: 2.224044e+00 1.398907e+00 2.677596e-01 1.092896e-01
39857: 2.217391e+00 1.407609e+00 2.663043e-01 1.086957e-01
39857: 2.216216e+00 1.405405e+00 2.702703e-01 1.081081e-01
39857: 2.215054e+00 1.403226e+00 2.741935e-01 1.075269e-01
39857: 2.219251e+00 1.401070e+00 2.727273e-01 1.069519e-01
39857: 2.218085e+00 1.404255e+00 2.712766e-01 1.063830e-01
39857: 2.216931e+00 1.402116e+00 2.751323e-01 1.058201e-01
39857: 2.221053e+00 1.400000e+00 2.736842e-01 1.052632e-01
39857: 2.225131e+00 1.397906e+00 2.722513e-01 1.047120e-01
39857: 2.223958e+00 1.395833e+00 2.760417e-01 1.041667e-01
39857: 2.227979e+00 1.393782e+00 2.746114e-01 1.036269e-01
39857: 2.231959e+00 1.391753e+00 2.731959e-01 1.030928e-01
39857: 2.230769e+00 1.389744e+00 2.769231e-01 1.025641e-01
39857: 2.229592e+00 1.392857e+00 2.755102e-01 1.020408e-01
39857: 2.228426e+00 1.395939e+00 2.741117e-01 1.015228e-01
39857: 2.232323e+00 1.393939e+00 2.727273e-01 1.010101e-01
39857: 2.231156e+00 1.391960e+00 2.763819e-01 1.005025e-01
39857: 2.230000e+00 1.390000e+00 2.750000e-01 1.050000e-01
39857: 2.228856e+00 1.388060e+00 2.736318e-01 1.094527e-01
39857: 2.227723e+00 1.386139e+00 2.772277e-01 1.089109e-01
39857: 2.226601e+00 1.384236e+00 2.758621e-01 1.133005e-01
39857: 2.225490e+00 1.387255e+00 2.745098e-01 1.127451e-01
39857: 2.224390e+00 1.390244e+00 2.731707e-01 1.121951e-01
39857: 2.223301e+00 1.388350e+00 2.766990e-01 1.116505e-01
39857: 2.222222e+00 1.391304e+00 2.753623e-01 1.111111e-01
39857: 2.216346e+00 1.399038e+00 2.740385e-01 1.105769e-01
39857: 2.215311e+00 1.401914e+00 2.727273e-01 1.100478e-01
39857: 2.214286e+00 1.400000e+00 2.714286e-01 1.142857e-01
39857: 2.213270e+00 1.398104e+00 2.748815e-01 1.137441e-01
39857: 2.216981e+00 1.396226e+00 2.735849e-01 1.132075e-01
39857: 2.215962e+00 1.394366e+00 2.723005e-01 1.173709e-01
39857: 2.219626e+00 1.392523e+00 2.710280e-01 1.168224e-01
39857: 2.218605e+00 1.390698e+00 2.744186e-01 1.162791e-01
39857: 2.222222e+00 1.388889e+00 2.731481e-01 1.157407e-01
39857: 2.221198e+00 1.391705e+00 2.718894e-01 1.152074e-01
39857: 2.220183e+00 1.389908e+00 2.752294e-01 1.146789e-01
39857: 2.223744e+00 1.388128e+00 2.739726e-01 1.141553e-01
39857: 2.222727e+00 1.386364e+00 2.727273e-01 1.181818e-01
39857: 2.221719e+00 1.384615e+00 2.760181e-01 1.176471e-01
39857: 2.220721e+00 1.387387e+00 2.747748e-01 1.171171e-01
39857: 2.219731e+00 1.390135e+00 2.735426e-01 1.165919e-01
39857: 2.218750e+00 1.392857e+00 2.723214e-01 1.160714e-01
39857: 2.217778e+00 1.391111e+00 2.711111e-01 1.200000e-01
39857: 2.221239e+00 1.389381e+00 2.699115e-01 1.194690e-01
39857: 2.220264e+00 1.392070e+00 2.687225e-01 1.189427e-01
39857: 2.219298e+00 1.394737e+00 2.675439e-01 1.184211e-01
39857: 2.222707e+00 1.393013e+00 2.663755e-01 1.179039e-01
39857: 2.226087e+00 1.391304e+00 2.652174e-01 1.173913e-01
39857: 2.225108e+00 1.393939e+00 2.640693e-01 1.168831e-01
39857: 2.224138e+00 1.396552e+00 2.629310e-01 1.163793e-01
39857: 2.218884e+00 1.403433e+00 2.618026e-01 1.158798e-01
39857: 2.217949e+00 1.405983e+00 2.606838e-01 1.153846e-01
39857: 2.221277e+00 1.404255e+00 2.595745e-01 1.148936e-01
39857: 2.224576e+00 1.402542e+00 2.584746e-01 1.144068e-01
39857: 2.219409e+00 1.409283e+00 2.573840e-01 1.139241e-01
39857: 2.222689e+00 1.407563e+00 2.563025e-01 1.134454e-01
39857: 2.225941e+00 1.405858e+00 2.552301e-01 1.129707e-01
39857: 2.229167e+00 1.404167e+00 2.541667e-01 1.125000e-01
39857: 2.228216e+00 1.402490e+00 2.572614e-01 1.120332e-01
39857: 2.227273e+00 1.400826e+00 2.603306e-01 1.115702e-01
39857: 2.230453e+00 1.399177e+00 2.592593e-01 1.111111e-01
39857: 2.229508e+00 1.397541e+00 2.581967e-01 1.147541e-01
39857: 2.228571e+00 1.395918e+00 2.612245e-01 1.142857e-01
39857: 2.227642e+00 1.394309e+00 2.642276e-01 1.138211e-01
39857: 2.230769e+00 1.392713e+00 2.631579e-01 1.133603e-01
39857: 2.229839e+00 1.395161e+00 2.620968e-01 1.129032e-01
39857: 2.228916e+00 1.397590e+00 2.610442e-01 1.124498e-01
39857: 2.232000e+00 1.396000e+00 2.600000e-01 1.120000e-01
39857: 2.235060e+00 1.394422e+00 2.589641e-01 1.115538e-01
39857: 2.234127e+00 1.396825e+00 2.579365e-01 1.111111e-01
39857: 2.229249e+00 1.399209e+00 2.569170e-01 1.146245e-01
39857: 2.232283e+00 1.397638e+00 2.559055e-01 1.141732e-01
39857: 2.235294e+00 1.396078e+00 2.549020e-01 1.137255e-01
39857: 2.234375e+00 1.394531e+00 2.578125e-01 1.132812e-01
39857: 2.233463e+00 1.396887e+00 2.568093e-01 1.128405e-01
39857: 2.228682e+00 1.403101e+00 2.558140e-01 1.124031e-01
39857: 2.227799e+00 1.405405e+00 2.548263e-01 1.119691e-01
39857: 2.226923e+00 1.403846e+00 2.538462e-01 1.153846e-01
39857: 2.226054e+00 1.406130e+00 2.528736e-01 1.149425e-01
39857: 2.221374e+00 1.412214e+00 2.519084e-01 1.145038e-01
39857: 2.220532e+00 1.414449e+00 2.509506e-01 1.140684e-01
39857: 2.219697e+00 1.412879e+00 2.537879e-01 1.136364e-01
39857: 2.218868e+00 1.415094e+00 2.528302e-01 1.132075e-01
39857: 2.221805e+00 1.413534e+00 2.518797e-01 1.127820e-01
39857: 2.220974e+00 1.415730e+00 2.509363e-01 1.123596e-01
39857: 2.220149e+00 1.414179e+00 2.537313e-01 1.119403e-01
39857: 2.219331e+00 1.412639e+00 2.565056e-01 1.115242e-01
39857: 2.218519e+00 1.414815e+00 2.555556e-01 1.111111e-01
39857: 2.221402e+00 1.413284e+00 2.546125e-01 1.107011e-01
39857: 2.224265e+00 1.411765e+00 2.536765e-01 1.102941e-01
39857: 2.223443e+00 1.410256e+00 2.564103e-01 1.098901e-01
39857: 2.222628e+00 1.412409e+00 2.554745e-01 1.094891e-01
39857: 2.221818e+00 1.410909e+00 2.581818e-01 1.090909e-01
39857: 2.221014e+00 1.409420e+00 2.608696e-01 1.086957e-01
39857: 2.220217e+00 1.407942e+00 2.635379e-01 1.083032e-01
39857: 2.223022e+00 1.406475e+00 2.625899e-01 1.079137e-01
39857: 2.222222e+00 1.408602e+00 2.616487e-01 1.075269e-01
39857: 2.221429e+00 1.410714e+00 2.607143e-01 1.071429e-01
39857: 2.220641e+00 1.409253e+00 2.633452e-01 1.067616e-01
39857: 2.219858e+00 1.407801e+00 2.659574e-01 1.063830e-01
39857: 2.219081e+00 1.406360e+00 2.685512e-01 1.060071e-01
39857: 2.218310e+00 1.408451e+00 2.676056e-01 1.056338e-01
39857: 2.217544e+00 1.407018e+00 2.666667e-01 1.087719e-01
39857: 2.220280e+00 1.405594e+00 2.657343e-01 1.083916e-01
39857: 2.219512e+00 1.407666e+00 2.648084e-01 1.080139e-01
39857: 2.218750e+00 1.409722e+00 2.638889e-01 1.076389e-01
39857: 2.217993e+00 1.408304e+00 2.664360e-01 1.072664e-01
39857: 2.217241e+00 1.410345e+00 2.655172e-01 1.068966e-01
39857: 2.219931e+00 1.408935e+00 2.646048e-01 1.065292e-01
39857: 2.219178e+00 1.410959e+00 2.636986e-01 1.061644e-01
39857: 2.218430e+00 1.409556e+00 2.662116e-01 1.058020e-01
39857: 2.217687e+00 1.411565e+00 2.653061e-01 1.054422e-01
39857: 2.216949e+00 1.410169e+00 2.644068e-01 1.084746e-01
39857: 2.219595e+00 1.408784e+00 2.635135e-01 1.081081e-01
39857: 2.218855e+00 1.410774e+00 2.626263e-01 1.077441e-01
39857: 2.218121e+00 1.412752e+00 2.617450e-01 1.073826e-01
39857: 2.220736e+00 1.411371e+00 2.608696e-01 1.070234e-01
39857: 2.223333e+00 1.410000e+00 2.600000e-01 1.066667e-01
39857: 2.222591e+00 1.411960e+00 2.591362e-01 1.063123e-01
39857: 2.221854e+00 1.413907e+00 2.582781e-01 1.059603e-01
39857: 2.221122e+00 1.415842e+00 2.574257e-01 1.056106e-01
39857: 2.220395e+00 1.414474e+00 2.598684e-01 1.052632e-01
39857: 2.222951e+00 1.413115e+00 2.590164e-01 1.049180e-01
39857: 2.222222e+00 1.415033e+00 2.581699e-01 1.045752e-01
39857: 2.221498e+00 1.416938e+00 2.573290e-01 1.042345e-01
39857: 2.220779e+00 1.418831e+00 2.564935e-01 1.038961e-01
39857: 2.220065e+00 1.417476e+00 2.556634e-01 1.067961e-01
39857: 2.219355e+00 1.419355e+00 2.548387e-01 1.064516e-01
39857: 2.218650e+00 1.421222e+00 2.540193e-01 1.061093e-01
39857: 2.217949e+00 1.419872e+00 2.564103e-01 1.057692e-01
39857: 2.217252e+00 1.421725e+00 2.555911e-01 1.054313e-01
39857: 2.216561e+00 1.423567e+00 2.547771e-01 1.050955e-01
39857: 2.215873e+00 1.422222e+00 2.539683e-01 1.079365e-01
39857: 2.218354e+00 1.420886e+00 2.531646e-01 1.075949e-01
39857: 2.220820e+00 1.419558e+00 2.523659e-01 1.072555e-01
39857: 2.220126e+00 1.421384e+00 2.515723e-01 1.069182e-01
39857: 2.219436e+00 1.420063e+00 2.539185e-01 1.065831e-01
39857: 2.218750e+00 1.418750e+00 2.562500e-01 1.062500e-01
39857: 2.218069e+00 1.420561e+00 2.554517e-01 1.059190e-01
39857: 2.217391e+00 1.422360e+00 2.546584e-01 1.055901e-01
39857: 2.216718e+00 1.424149e+00 2.538700e-01 1.052632e-01
39857: 2.216049e+00 1.425926e+00 2.530864e-01 1.049383e-01
39857: 2.215385e+00 1.427692e+00 2.523077e-01 1.046154e-01
39857: 2.211656e+00 1.432515e+00 2.515337e-01 1.042945e-01
39857: 2.211009e+00 1.434251e+00 2.507645e-01 1.039755e-01
39857: 2.210366e+00 1.435976e+00 2.500000e-01 1.036585e-01
39857: 2.209726e+00 1.437690e+00 2.492401e-01 1.033435e-01
39857: 2.209091e+00 1.439394e+00 2.484848e-01 1.030303e-01
39857: 2.208459e+00 1.441088e+00 2.477341e-01 1.027190e-01
39857: 2.207831e+00 1.442771e+00 2.469880e-01 1.024096e-01
39857: 2.210210e+00 1.441441e+00 2.462462e-01 1.021021e-01
39857: 2.209581e+00 1.443114e+00 2.455090e-01 1.017964e-01
39857: 2.211940e+00 1.441791e+00 2.447761e-01 1.014925e-01
39857: 2.214286e+00 1.440476e+00 2.440476e-01 1.011905e-01
39857: 2.213650e+00 1.442136e+00 2.433234e-01 1.008902e-01
39857: 2.213018e+00 1.443787e+00 2.426036e-01 1.005917e-01
39857: 2.215339e+00 1.442478e+00 2.418879e-01 1.002950e-01
39857: 2.217647e+00 1.441176e+00 2.411765e-01 1.000000e-01
39857: 2.217009e+00 1.442815e+00 2.404692e-01 9.970674e-02
39857: 2.216374e+00 1.444444e+00 2.397661e-01 9.941520e-02
39857: 2.218659e+00 1.443149e+00 2.390671e-01 9.912536e-02
39857: 2.218023e+00 1.444767e+00 2.383721e-01 9.883721e-02
39857: 2.220290e+00 1.443478e+00 2.376812e-01 9.855072e-02
39857: 2.219653e+00 1.445087e+00 2.369942e-01 9.826590e-02
39857: 2.216138e+00 1.446686e+00 2.391931e-01 9.798271e-02
39857: 2.215517e+00 1.448276e+00 2.385057e-01 9.770115e-02
39857: 2.217765e+00 1.446991e+00 2.378223e-01 9.742120e-02
39857: 2.217143e+00 1.448571e+00 2.371429e-01 9.714286e-02
39857: 2.216524e+00 1.450142e+00 2.364672e-01 9.686610e-02
39857: 2.218750e+00 1.448864e+00 2.357955e-01 9.659091e-02
39857: 2.215297e+00 1.453258e+00 2.351275e-01 9.631728e-02
39857: 2.217514e+00 1.451977e+00 2.344633e-01 9.604520e-02
39857: 2.216901e+00 1.453521e+00 2.338028e-01 9.577465e-02
39857: 2.219101e+00 1.452247e+00 2.331461e-01 9.550562e-02
39857: 2.221289e+00 1.450980e+00 2.324930e-01 9.523810e-02
39857: 2.220670e+00 1.452514e+00 2.318436e-01 9.497207e-02
39857: 2.222841e+00 1.451253e+00 2.311978e-01 9.470752e-02
39857: 2.225000e+00 1.450000e+00 2.305556e-01 9.444444e-02
39857: 2.224377e+00 1.448753e+00 2.326870e-01 9.418283e-02
39857: 2.223757e+00 1.450276e+00 2.320442e-01 9.392265e-02
39857: 2.225895e+00 1.449036e+00 2.314050e-01 9.366391e-02
39857: 2.222527e+00 1.453297e+00 2.307692e-01 9.340659e-02
39857: 2.224658e+00 1.452055e+00 2.301370e-01 9.315068e-02
39857: 2.224044e+00 1.450820e+00 2.322404e-01 9.289617e-02
39857: 2.226158e+00 1.449591e+00 2.316076e-01 9.264305e-02
39857: 2.225543e+00 1.451087e+00 2.309783e-01 9.239130e-02
39857: 2.227642e+00 1.449864e+00 2.303523e-01 9.214092e-02
39857: 2.229730e+00 1.448649e+00 2.297297e-01 9.189189e-02
39857: 2.229111e+00 1.450135e+00 2.291105e-01 9.164420e-02
39857: 2.231183e+00 1.448925e+00 2.284946e-01 9.139785e-02
39857: 2.233244e+00 1.447721e+00 2.278820e-01 9.115282e-02
39857: 2.232620e+00 1.446524e+00 2.299465e-01 9.090909e-02
39857: 2.229333e+00 1.448000e+00 2.320000e-01 9.066667e-02
39857: 2.228723e+00 1.446809e+00 2.340426e-01 9.042553e-02
39857: 2.225464e+00 1.448276e+00 2.360743e-01 9.018568e-02
39857: 2.227513e+00 1.447090e+00 2.354497e-01 8.994709e-02
39857: 2.226913e+00 1.445910e+00 2.374670e-01 8.970976e-02
39857: 2.226316e+00 1.444737e+00 2.368421e-01 9.210526e-02
39857: 2.225722e+00 1.446194e+00 2.362205e-01 9.186352e-02
39857: 2.227749e+00 1.445026e+00 2.356021e-01 9.162304e-02
39857: 2.229765e+00 1.443864e+00 2.349869e-01 9.138381e-02
39857: 2.226562e+00 1.445312e+00 2.343750e-01 9.375000e-02
39857: 2.223377e+00 1.449351e+00 2.337662e-01 9.350649e-02
39857: 2.222798e+00 1.448187e+00 2.357513e-01 9.326425e-02
39857: 2.224806e+00 1.447028e+00 2.351421e-01 9.302326e-02
39857: 2.224227e+00 1.448454e+00 2.345361e-01 9.278351e-02
39857: 2.223650e+00 1.447301e+00 2.365039e-01 9.254499e-02
39857: 2.225641e+00 1.446154e+00 2.358974e-01 9.230769e-02
39857: 2.225064e+00 1.445013e+00 2.352941e-01 9.462916e-02
39857: 2.224490e+00 1.443878e+00 2.372449e-01 9.438776e-02
39857: 2.226463e+00 1.442748e+00 2.366412e-01 9.414758e-02
39857: 2.223350e+00 1.446701e+00 2.360406e-01 9.390863e-02
39857: 2.222785e+00 1.448101e+00 2.354430e-01 9.367089e-02
39857: 2.222222e+00 1.446970e+00 2.348485e-01 9.595960e-02
39857: 2.224181e+00 1.445844e+00 2.342569e-01 9.571788e-02
39857: 2.226131e+00 1.444724e+00 2.336683e-01 9.547739e-02
39857: 2.225564e+00 1.443609e+00 2.330827e-01 9.774436e-02
39857: 2.225000e+00 1.442500e+00 2.325000e-01 1.000000e-01
39857: 2.224439e+00 1.443890e+00 2.319202e-01 9.975062e-02
39857: 2.223881e+00 1.445274e+00 2.313433e-01 9.950249e-02
39857: 2.223325e+00 1.446650e+00 2.307692e-01 9.925558e-02
39857: 2.222772e+00 1.448020e+00 2.301980e-01 9.900990e-02
39857: 2.224691e+00 1.446914e+00 2.296296e-01 9.876543e-02
39857: 2.224138e+00 1.448276e+00 2.290640e-01 9.852217e-02
39857: 2.223587e+00 1.449631e+00 2.285012e-01 9.828010e-02
39857: 2.220588e+00 1.450980e+00 2.279412e-01 1.004902e-01
39857: 2.222494e+00 1.449878e+00 2.273839e-01 1.002445e-01
39857: 2.221951e+00 1.451220e+00 2.268293e-01 1.000000e-01
39857: 2.221411e+00 1.452555e+00 2.262774e-01 9.975669e-02
39857: 2.220874e+00 1.453883e+00 2.257282e-01 9.951456e-02
39857: 2.220339e+00 1.455206e+00 2.251816e-01 9.927361e-02
39857: 2.219807e+00 1.456522e+00 2.246377e-01 9.903382e-02
39857: 2.219277e+00 1.455422e+00 2.265060e-01 9.879518e-02
39857: 2.218750e+00 1.454327e+00 2.283654e-01 9.855769e-02
39857: 2.220624e+00 1.453237e+00 2.278177e-01 9.832134e-02
39857: 2.222488e+00 1.452153e+00 2.272727e-01 9.808612e-02
39857: 2.221957e+00 1.451074e+00 2.291169e-01 9.785203e-02
39857: 2.221429e+00 1.452381e+00 2.285714e-01 9.761905e-02
39857: 2.220903e+00 1.453682e+00 2.280285e-01 9.738717e-02
39857: 2.220379e+00 1.452607e+00 2.274882e-01 9.952607e-02
39857: 2.219858e+00 1.453901e+00 2.269504e-01 9.929078e-02
39857: 2.219340e+00 1.452830e+00 2.264151e-01 1.014151e-01
39857: 2.216471e+00 1.456471e+00 2.258824e-01 1.011765e-01
39857: 2.215962e+00 1.455399e+00 2.253521e-01 1.032864e-01
39857: 2.215457e+00 1.456674e+00 2.248244e-01 1.030445e-01
39857: 2.214953e+00 1.455607e+00 2.266355e-01 1.028037e-01
39857: 2.214452e+00 1.456876e+00 2.261072e-01 1.025641e-01
39857: 2.213953e+00 1.455814e+00 2.279070e-01 1.023256e-01
39857: 2.213457e+00 1.454756e+00 2.296984e-01 1.020882e-01
39857: 2.215278e+00 1.453704e+00 2.291667e-01 1.018519e-01
39857: 2.217090e+00 1.452656e+00 2.286374e-01 1.016166e-01
39857: 2.218894e+00 1.451613e+00 2.281106e-01 1.013825e-01
39857: 2.218391e+00 1.452874e+00 2.275862e-01 1.011494e-01
39857: 2.217890e+00 1.454128e+00 2.270642e-01 1.009174e-01
39857: 2.217391e+00 1.453089e+00 2.288330e-01 1.006865e-01
39857: 2.216895e+00 1.452055e+00 2.283105e-01 1.027397e-01
39857: 2.216401e+00 1.453303e+00 2.277904e-01 1.025057e-01
39857: 2.213636e+00 1.454545e+00 2.295455e-01 1.022727e-01
39857: 2.213152e+00 1.453515e+00 2.290249e-01 1.043084e-01
39857: 2.212670e+00 1.454751e+00 2.285068e-01 1.040724e-01
39857: 2.214447e+00 1.453725e+00 2.279910e-01 1.038375e-01
39857: 2.216216e+00 1.452703e+00 2.274775e-01 1.036036e-01
39857: 2.213483e+00 1.456180e+00 2.269663e-01 1.033708e-01
39857: 2.213004e+00 1.457399e+00 2.264574e-01 1.031390e-01
39857: 2.214765e+00 1.456376e+00 2.259508e-01 1.029083e-01
39857: 2.214286e+00 1.455357e+00 2.276786e-01 1.026786e-01
39857: 2.216036e+00 1.454343e+00 2.271715e-01 1.024499e-01
39857: 2.217778e+00 1.453333e+00 2.266667e-01 1.022222e-01
39857: 2.219512e+00 1.452328e+00 2.261641e-01 1.019956e-01
39857: 2.219027e+00 1.453540e+00 2.256637e-01 1.017699e-01
39857: 2.218543e+00 1.454746e+00 2.251656e-01 1.015453e-01
39857: 2.218062e+00 1.455947e+00 2.246696e-01 1.013216e-01
39857: 2.217582e+00 1.454945e+00 2.263736e-01 1.010989e-01
39857: 2.219298e+00 1.453947e+00 2.258772e-01 1.008772e-01
39857: 2.216630e+00 1.455142e+00 2.253829e-01 1.028446e-01
39857: 2.218341e+00 1.454148e+00 2.248908e-01 1.026201e-01
39857: 2.220044e+00 1.453159e+00 2.244009e-01 1.023965e-01
39857: 2.217391e+00 1.454348e+00 2.239130e-01 1.043478e-01
39857: 2.216920e+00 1.455531e+00 2.234273e-01 1.041215e-01
39857: 2.216450e+00 1.456710e+00 2.229437e-01 1.038961e-01
39857: 2.215983e+00 1.455724e+00 2.246220e-01 1.036717e-01
39857: 2.215517e+00 1.454741e+00 2.262931e-01 1.034483e-01
39857: 2.215054e+00 1.453763e+00 2.258065e-01 1.053763e-01
39857: 2.216738e+00 1.452790e+00 2.253219e-01 1.051502e-01
39857: 2.218415e+00 1.451820e+00 2.248394e-01 1.049251e-01
39857: 2.220085e+00 1.450855e+00 2.243590e-01 1.047009e-01
39857: 2.219616e+00 1.452026e+00 2.238806e-01 1.044776e-01
39857: 2.221277e+00 1.451064e+00 2.234043e-01 1.042553e-01
39857: 2.222930e+00 1.450106e+00 2.229299e-01 1.040340e-01
39857: 2.224576e+00 1.449153e+00 2.224576e-01 1.038136e-01
39857: 2.224101e+00 1.450317e+00 2.219873e-01 1.035941e-01
39857: 2.223629e+00 1.449367e+00 2.236287e-01 1.033755e-01
39857: 2.223158e+00 1.450526e+00 2.231579e-01 1.031579e-01
39857: 2.224790e+00 1.449580e+00 2.226891e-01 1.029412e-01
39857: 2.224319e+00 1.448637e+00 2.243187e-01 1.027254e-01
39857: 2.223849e+00 1.447699e+00 2.259414e-01 1.025105e-01
39857: 2.223382e+00 1.446764e+00 2.275574e-01 1.022965e-01
39857: 2.225000e+00 1.445833e+00 2.270833e-01 1.020833e-01
39857: 2.224532e+00 1.446985e+00 2.266112e-01 1.018711e-01
39857: 2.224066e+00 1.446058e+00 2.261411e-01 1.037344e-01
39857: 2.223602e+00 1.447205e+00 2.256729e-01 1.035197e-01
39857: 2.223140e+00 1.448347e+00 2.252066e-01 1.033058e-01
39857: 2.220619e+00 1.449485e+00 2.268041e-01 1.030928e-01
39857: 2.222222e+00 1.448560e+00 2.263374e-01 1.028807e-01
39857: 2.221766e+00 1.447639e+00 2.258727e-01 1.047228e-01
39857: 2.223361e+00 1.446721e+00 2.254098e-01 1.045082e-01
39857: 2.222904e+00 1.447853e+00 2.249489e-01 1.042945e-01
39857: 2.224490e+00 1.446939e+00 2.244898e-01 1.040816e-01
39857: 2.221996e+00 1.448065e+00 2.260692e-01 1.038697e-01
39857: 2.221545e+00 1.449187e+00 2.256098e-01 1.036585e-01
39857: 2.221095e+00 1.450304e+00 2.251521e-01 1.034483e-01
39857: 2.218623e+00 1.453441e+00 2.246964e-01 1.032389e-01
39857: 2.218182e+00 1.454545e+00 2.242424e-01 1.030303e-01
39857: 2.217742e+00 1.453629e+00 2.258065e-01 1.028226e-01
39857: 2.217304e+00 1.454728e+00 2.253521e-01 1.026157e-01
39857: 2.218876e+00 1.453815e+00 2.248996e-01 1.024096e-01
39857: 2.220441e+00 1.452906e+00 2.244489e-01 1.022044e-01
39857: 2.218000e+00 1.454000e+00 2.260000e-01 1.020000e-01
39857: 2.217565e+00 1.455090e+00 2.255489e-01 1.017964e-01
39857: 2.217131e+00 1.454183e+00 2.270916e-01 1.015936e-01
39857: 2.216700e+00 1.453280e+00 2.266402e-01 1.033797e-01
39857: 2.216270e+00 1.452381e+00 2.281746e-01 1.031746e-01
39857: 2.217822e+00 1.451485e+00 2.277228e-01 1.029703e-01
39857: 2.217391e+00 1.450593e+00 2.292490e-01 1.027668e-01
39857: 2.216963e+00 1.451677e+00 2.287968e-01 1.025641e-01
39857: 2.216535e+00 1.452756e+00 2.283465e-01 1.023622e-01
39857: 2.216110e+00 1.451866e+00 2.298625e-01 1.021611e-01
39857: 2.215686e+00 1.450980e+00 2.294118e-01 1.039216e-01
39857: 2.215264e+00 1.450098e+00 2.309198e-01 1.037182e-01
39857: 2.214844e+00 1.451172e+00 2.304688e-01 1.035156e-01
39857: 2.214425e+00 1.452242e+00 2.300195e-01 1.033138e-01
39857: 2.212062e+00 1.453307e+00 2.315175e-01 1.031128e-01
39857: 2.213592e+00 1.452427e+00 2.310680e-01 1.029126e-01
39857: 2.213178e+00 1.453488e+00 2.306202e-01 1.027132e-01
39857: 2.212766e+00 1.452611e+00 2.301741e-01 1.044487e-01
39857: 2.212355e+00 1.453668e+00 2.297297e-01 1.042471e-01
39857: 2.211946e+00 1.454721e+00 2.292871e-01 1.040462e-01
39857: 2.213462e+00 1.453846e+00 2.288462e-01 1.038462e-01
39857: 2.213052e+00 1.452975e+00 2.284069e-01 1.055662e-01
39857: 2.212644e+00 1.454023e+00 2.279693e-01 1.053640e-01
39857: 2.212237e+00 1.453155e+00 2.275335e-01 1.070746e-01
39857: 2.211832e+00 1.454198e+00 2.270992e-01 1.068702e-01
39857: 2.213333e+00 1.453333e+00 2.266667e-01 1.066667e-01
39857: 2.212928e+00 1.452471e+00 2.281369e-01 1.064639e-01
39857: 2.210626e+00 1.453510e+00 2.277040e-01 1.081594e-01
39857: 2.210227e+00 1.452652e+00 2.272727e-01 1.098485e-01
39857: 2.209830e+00 1.453686e+00 2.268431e-01 1.096408e-01
39857: 2.211321e+00 1.452830e+00 2.264151e-01 1.094340e-01
39857: 2.210923e+00 1.451977e+00 2.259887e-01 1.111111e-01
39857: 2.212406e+00 1.451128e+00 2.255639e-01 1.109023e-01
39857: 2.213884e+00 1.450281e+00 2.251407e-01 1.106942e-01
39857: 2.213483e+00 1.451311e+00 2.247191e-01 1.104869e-01
39857: 2.211215e+00 1.452336e+00 2.261682e-01 1.102804e-01
39857: 2.210821e+00 1.451493e+00 2.276119e-01 1.100746e-01
39857: 2.210428e+00 1.452514e+00 2.271881e-01 1.098696e-01
39857: 2.210037e+00 1.453532e+00 2.267658e-01 1.096654e-01
39857: 2.209647e+00 1.452690e+00 2.282004e-01 1.094620e-01
39857: 2.211111e+00 1.451852e+00 2.277778e-01 1.092593e-01
39857: 2.212569e+00 1.451017e+00 2.273567e-01 1.090573e-01
39857: 2.212177e+00 1.450185e+00 2.287823e-01 1.088561e-01
39857: 2.211786e+00 1.451197e+00 2.283610e-01 1.086556e-01
39857: 2.213235e+00 1.450368e+00 2.279412e-01 1.084559e-01
39857: 2.212844e+00 1.451376e+00 2.275229e-01 1.082569e-01
39857: 2.214286e+00 1.450549e+00 2.271062e-01 1.080586e-01
39857: 2.215722e+00 1.449726e+00 2.266910e-01 1.078611e-01
39857: 2.217153e+00 1.448905e+00 2.262774e-01 1.076642e-01
39857: 2.216758e+00 1.449909e+00 2.258652e-01 1.074681e-01
39857: 2.218182e+00 1.449091e+00 2.254545e-01 1.072727e-01
39857: 2.217786e+00 1.448276e+00 2.250454e-01 1.088929e-01
39857: 2.217391e+00 1.447464e+00 2.246377e-01 1.105072e-01
39857: 2.216998e+00 1.446655e+00 2.260398e-01 1.103074e-01
39857: 2.216606e+00 1.447653e+00 2.256318e-01 1.101083e-01
39857: 2.216216e+00 1.448649e+00 2.252252e-01 1.099099e-01
39857: 2.215827e+00 1.447842e+00 2.248201e-01 1.115108e-01
39857: 2.215440e+00 1.447038e+00 2.262118e-01 1.113106e-01
39857: 2.215054e+00 1.448029e+00 2.258065e-01 1.111111e-01
39857: 2.214669e+00 1.447227e+00 2.271914e-01 1.109123e-01
39857: 2.216071e+00 1.446429e+00 2.267857e-01 1.107143e-01
39857: 2.215686e+00 1.445633e+00 2.281640e-01 1.105169e-01
39857: 2.217082e+00 1.444840e+00 2.277580e-01 1.103203e-01
39857: 2.216696e+00 1.445826e+00 2.273535e-01 1.101243e-01
39857: 2.218085e+00 1.445035e+00 2.269504e-01 1.099291e-01
39857: 2.217699e+00 1.444248e+00 2.283186e-01 1.097345e-01
39857: 2.219081e+00 1.443463e+00 2.279152e-01 1.095406e-01
39857: 2.220459e+00 1.442681e+00 2.275132e-01 1.093474e-01
39857: 2.220070e+00 1.443662e+00 2.271127e-01 1.091549e-01
39857: 2.219684e+00 1.442882e+00 2.267135e-01 1.107206e-01
39857: 2.219298e+00 1.443860e+00 2.263158e-01 1.105263e-01
39857: 2.218914e+00 1.443082e+00 2.276708e-01 1.103327e-01
39857: 2.218531e+00 1.442308e+00 2.272727e-01 1.118881e-01
39857: 2.218150e+00 1.441536e+00 2.268761e-01 1.134380e-01
39857: 2.217770e+00 1.440767e+00 2.264808e-01 1.149826e-01
39857: 2.217391e+00 1.441739e+00 2.260870e-01 1.147826e-01
39857: 2.218750e+00 1.440972e+00 2.256944e-01 1.145833e-01
39857: 2.218371e+00 1.441941e+00 2.253033e-01 1.143847e-01
39857: 2.219723e+00 1.441176e+00 2.249135e-01 1.141869e-01
39857: 2.217617e+00 1.443869e+00 2.245250e-01 1.139896e-01
39857: 2.217241e+00 1.444828e+00 2.241379e-01 1.137931e-01
39857: 2.216867e+00 1.444062e+00 2.254733e-01 1.135972e-01
39857: 2.216495e+00 1.445017e+00 2.250859e-01 1.134021e-01
39857: 2.216123e+00 1.445969e+00 2.246998e-01 1.132075e-01
39857: 2.215753e+00 1.446918e+00 2.243151e-01 1.130137e-01
39857: 2.213675e+00 1.447863e+00 2.256410e-01 1.128205e-01
39857: 2.213311e+00 1.447099e+00 2.252560e-01 1.143345e-01
39857: 2.214651e+00 1.446337e+00 2.248722e-01 1.141397e-01
39857: 2.214286e+00 1.447279e+00 2.244898e-01 1.139456e-01
39857: 2.213922e+00 1.446520e+00 2.241087e-01 1.154499e-01
39857: 2.213559e+00 1.445763e+00 2.254237e-01 1.152542e-01
39857: 2.211506e+00 1.448393e+00 2.250423e-01 1.150592e-01
39857: 2.211149e+00 1.449324e+00 2.246622e-01 1.148649e-01
39857: 2.210793e+00 1.448567e+00 2.259696e-01 1.146712e-01
39857: 2.212121e+00 1.447811e+00 2.255892e-01 1.144781e-01
39857: 2.211765e+00 1.447059e+00 2.252101e-01 1.159664e-01
39857: 2.211409e+00 1.446309e+00 2.248322e-01 1.174497e-01
39857: 2.211055e+00 1.445561e+00 2.261307e-01 1.172529e-01
39857: 2.210702e+00 1.446488e+00 2.257525e-01 1.170569e-01
39857: 2.210351e+00 1.445743e+00 2.253756e-01 1.185309e-01
39857: 2.210000e+00 1.445000e+00 2.266667e-01 1.183333e-01
39857: 2.209651e+00 1.445923e+00 2.262895e-01 1.181364e-01
39857: 2.209302e+00 1.445183e+00 2.275748e-01 1.179402e-01
39857: 2.208955e+00 1.444444e+00 2.271973e-01 1.194030e-01
39857: 2.208609e+00 1.443709e+00 2.284768e-01 1.192053e-01
39857: 2.208264e+00 1.444628e+00 2.280992e-01 1.190083e-01
39857: 2.207921e+00 1.443894e+00 2.277228e-01 1.204620e-01
39857: 2.207578e+00 1.444811e+00 2.273476e-01 1.202636e-01
39857: 2.207237e+00 1.444079e+00 2.286184e-01 1.200658e-01
39857: 2.206897e+00 1.443350e+00 2.298851e-01 1.198686e-01
39857: 2.206557e+00 1.442623e+00 2.311475e-01 1.196721e-01
39857: 2.206219e+00 1.443535e+00 2.307692e-01 1.194763e-01
39857: 2.205882e+00 1.442810e+00 2.320261e-01 1.192810e-01
39857: 2.205546e+00 1.442088e+00 2.332790e-01 1.190865e-01
39857: 2.206840e+00 1.441368e+00 2.328990e-01 1.188925e-01
39857: 2.206504e+00 1.442276e+00 2.325203e-01 1.186992e-01
39857: 2.204545e+00 1.444805e+00 2.321429e-01 1.185065e-01
39857: 2.204214e+00 1.445705e+00 2.317666e-01 1.183144e-01
39857: 2.203883e+00 1.446602e+00 2.313916e-01 1.181230e-01
39857: 2.203554e+00 1.447496e+00 2.310178e-01 1.179321e-01
39857: 2.203226e+00 1.448387e+00 2.306452e-01 1.177419e-01
39857: 2.204509e+00 1.447665e+00 2.302738e-01 1.175523e-01
39857: 2.204180e+00 1.446945e+00 2.315113e-01 1.173633e-01
39857: 2.203852e+00 1.447833e+00 2.311396e-01 1.171750e-01
39857: 2.201923e+00 1.448718e+00 2.307692e-01 1.185897e-01
39857: 2.203200e+00 1.448000e+00 2.304000e-01 1.184000e-01
39857: 2.204473e+00 1.447284e+00 2.300319e-01 1.182109e-01
39857: 2.204147e+00 1.446571e+00 2.312600e-01 1.180223e-01
39857: 2.202229e+00 1.449045e+00 2.308917e-01 1.178344e-01
39857: 2.203498e+00 1.448331e+00 2.305246e-01 1.176471e-01
39857: 2.204762e+00 1.447619e+00 2.301587e-01 1.174603e-01
39857: 2.204437e+00 1.448494e+00 2.297940e-01 1.172742e-01
39857: 2.204114e+00 1.447785e+00 2.294304e-01 1.186709e-01
39857: 2.203791e+00 1.448657e+00 2.290679e-01 1.184834e-01
39857: 2.203470e+00 1.447950e+00 2.302839e-01 1.182965e-01
39857: 2.203150e+00 1.447244e+00 2.314961e-01 1.181102e-01
39857: 2.204403e+00 1.446541e+00 2.311321e-01 1.179245e-01
39857: 2.204082e+00 1.445840e+00 2.323391e-01 1.177394e-01
39857: 2.203762e+00 1.445141e+00 2.319749e-01 1.191223e-01
39857: 2.203443e+00 1.444444e+00 2.316119e-01 1.205008e-01
39857: 2.203125e+00 1.443750e+00 2.328125e-01 1.203125e-01
39857: 2.204368e+00 1.443058e+00 2.324493e-01 1.201248e-01
39857: 2.205607e+00 1.442368e+00 2.320872e-01 1.199377e-01
39857: 2.206843e+00 1.441680e+00 2.317263e-01 1.197512e-01
39857: 2.208075e+00 1.440994e+00 2.313665e-01 1.195652e-01
39857: 2.207752e+00 1.440310e+00 2.325581e-01 1.193798e-01
39857: 2.207430e+00 1.439628e+00 2.321981e-01 1.207430e-01
39857: 2.207110e+00 1.440495e+00 2.318393e-01 1.205564e-01
39857: 2.206790e+00 1.441358e+00 2.314815e-01 1.203704e-01
39857: 2.206471e+00 1.442219e+00 2.311248e-01 1.201849e-01
39857: 2.206154e+00 1.441538e+00 2.307692e-01 1.215385e-01
39857: 2.207373e+00 1.440860e+00 2.304147e-01 1.213518e-01
39857: 2.207055e+00 1.440184e+00 2.300613e-01 1.226994e-01
39857: 2.208270e+00 1.439510e+00 2.297090e-01 1.225115e-01
39857: 2.207951e+00 1.438838e+00 2.293578e-01 1.238532e-01
39857: 2.209160e+00 1.438168e+00 2.290076e-01 1.236641e-01
39857: 2.208841e+00 1.439024e+00 2.286585e-01 1.234756e-01
39857: 2.210046e+00 1.438356e+00 2.283105e-01 1.232877e-01
39857: 2.209726e+00 1.439210e+00 2.279635e-01 1.231003e-01
39857: 2.210926e+00 1.438543e+00 2.276176e-01 1.229135e-01
39857: 2.210606e+00 1.439394e+00 2.272727e-01 1.227273e-01
39857: 2.210287e+00 1.438729e+00 2.284418e-01 1.225416e-01
39857: 2.208459e+00 1.439577e+00 2.296073e-01 1.223565e-01
39857: 2.208145e+00 1.440422e+00 2.292609e-01 1.221719e-01
39857: 2.207831e+00 1.441265e+00 2.289157e-01 1.219880e-01
39857: 2.207519e+00 1.442105e+00 2.285714e-01 1.218045e-01
39857: 2.207207e+00 1.442943e+00 2.282282e-01 1.216216e-01
39857: 2.206897e+00 1.443778e+00 2.278861e-01 1.214393e-01
39857: 2.208084e+00 1.443114e+00 2.275449e-01 1.212575e-01
39857: 2.209268e+00 1.442451e+00 2.272048e-01 1.210762e-01
39857: 2.208955e+00 1.441791e+00 2.283582e-01 1.208955e-01
39857: 2.210134e+00 1.441133e+00 2.280179e-01 1.207154e-01
39857: 2.209821e+00 1.441964e+00 2.276786e-01 1.205357e-01
39857: 2.209510e+00 1.441308e+00 2.288262e-01 1.203566e-01
39857: 2.210682e+00 1.440653e+00 2.284866e-01 1.201780e-01
39857: 2.211852e+00 1.440000e+00 2.281481e-01 1.200000e-01
39857: 2.213018e+00 1.439349e+00 2.278107e-01 1.198225e-01
39857: 2.212703e+00 1.440177e+00 2.274742e-01 1.196455e-01
39857: 2.212389e+00 1.441003e+00 2.271386e-01 1.194690e-01
39857: 2.212077e+00 1.440353e+00 2.268041e-01 1.207658e-01
39857: 2.213235e+00 1.439706e+00 2.264706e-01 1.205882e-01
39857: 2.212922e+00 1.439060e+00 2.261380e-01 1.218796e-01
39857: 2.212610e+00 1.439883e+00 2.258065e-01 1.217009e-01
39857: 2.212299e+00 1.439239e+00 2.254758e-01 1.229868e-01
39857: 2.211988e+00 1.438596e+00 2.266082e-01 1.228070e-01
39857: 2.211679e+00 1.437956e+00 2.277372e-01 1.226277e-01
39857: 2.212828e+00 1.437318e+00 2.274052e-01 1.224490e-01
39857: 2.213974e+00 1.436681e+00 2.270742e-01 1.222707e-01
39857: 2.213663e+00 1.436047e+00 2.281977e-01 1.220930e-01
39857: 2.213353e+00 1.436865e+00 2.278665e-01 1.219158e-01
39857: 2.213043e+00 1.436232e+00 2.289855e-01 1.217391e-01
39857: 2.212735e+00 1.437048e+00 2.286541e-01 1.215630e-01
39857: 2.212428e+00 1.436416e+00 2.297688e-01 1.213873e-01
39857: 2.212121e+00 1.435786e+00 2.294372e-01 1.226551e-01
39857: 2.213256e+00 1.435159e+00 2.291066e-01 1.224784e-01
39857: 2.211511e+00 1.435971e+00 2.302158e-01 1.223022e-01
39857: 2.211207e+00 1.435345e+00 2.313218e-01 1.221264e-01
39857: 2.210904e+00 1.436155e+00 2.309900e-01 1.219512e-01
39857: 2.212034e+00 1.435530e+00 2.306590e-01 1.217765e-01
39857: 2.213162e+00 1.434907e+00 2.303290e-01 1.216023e-01
39857: 2.212857e+00 1.434286e+00 2.300000e-01 1.228571e-01
39857: 2.211127e+00 1.435093e+00 2.310984e-01 1.226819e-01
39857: 2.210826e+00 1.435897e+00 2.307692e-01 1.225071e-01
39857: 2.211949e+00 1.435277e+00 2.304410e-01 1.223329e-01
39857: 2.213068e+00 1.434659e+00 2.301136e-01 1.221591e-01
39857: 2.214184e+00 1.434043e+00 2.297872e-01 1.219858e-01
39857: 2.215297e+00 1.433428e+00 2.294618e-01 1.218130e-01
39857: 2.214993e+00 1.434229e+00 2.291372e-01 1.216407e-01
39857: 2.214689e+00 1.435028e+00 2.288136e-01 1.214689e-01
39857: 2.214386e+00 1.434415e+00 2.299013e-01 1.212976e-01
39857: 2.215493e+00 1.433803e+00 2.295775e-01 1.211268e-01
39857: 2.215190e+00 1.433193e+00 2.292546e-01 1.223629e-01
39857: 2.216292e+00 1.432584e+00 2.289326e-01 1.221910e-01
39857: 2.215989e+00 1.433380e+00 2.286115e-01 1.220196e-01
39857: 2.215686e+00 1.432773e+00 2.296919e-01 1.218487e-01
39857: 2.215385e+00 1.432168e+00 2.307692e-01 1.216783e-01
39857: 2.216480e+00 1.431564e+00 2.304469e-01 1.215084e-01
39857: 2.217573e+00 1.430962e+00 2.301255e-01 1.213389e-01
39857: 2.218663e+00 1.430362e+00 2.298050e-01 1.211699e-01
39857: 2.219750e+00 1.429764e+00 2.294854e-01 1.210014e-01
39857: 2.220833e+00 1.429167e+00 2.291667e-01 1.208333e-01
39857: 2.220527e+00 1.429958e+00 2.288488e-01 1.206657e-01
39857: 2.220222e+00 1.429363e+00 2.299169e-01 1.204986e-01
39857: 2.219917e+00 1.430152e+00 2.295989e-01 1.203320e-01
39857: 2.219613e+00 1.430939e+00 2.292818e-01 1.201657e-01
39857: 2.219310e+00 1.430345e+00 2.303448e-01 1.200000e-01
39857: 2.219008e+00 1.431129e+00 2.300275e-01 1.198347e-01
39857: 2.220083e+00 1.430536e+00 2.297111e-01 1.196699e-01
39857: 2.219780e+00 1.431319e+00 2.293956e-01 1.195055e-01
39857: 2.220850e+00 1.430727e+00 2.290809e-01 1.193416e-01
39857: 2.220548e+00 1.431507e+00 2.287671e-01 1.191781e-01
39857: 2.220246e+00 1.432285e+00 2.284542e-01 1.190150e-01
39857: 2.219945e+00 1.431694e+00 2.295082e-01 1.188525e-01
39857: 2.219645e+00 1.431105e+00 2.291951e-01 1.200546e-01
39857: 2.219346e+00 1.430518e+00 2.302452e-01 1.198910e-01
39857: 2.219048e+00 1.429932e+00 2.312925e-01 1.197279e-01
39857: 2.220109e+00 1.429348e+00 2.309783e-01 1.195652e-01
39857: 2.219810e+00 1.430122e+00 2.306649e-01 1.194030e-01
39857: 2.219512e+00 1.429539e+00 2.317073e-01 1.192412e-01
39857: 2.219215e+00 1.430311e+00 2.313938e-01 1.190798e-01
39857: 2.218919e+00 1.429730e+00 2.310811e-01 1.202703e-01
39857: 2.218623e+00 1.429150e+00 2.321188e-01 1.201080e-01
39857: 2.218329e+00 1.428571e+00 2.331536e-01 1.199461e-01
39857: 2.218035e+00 1.429341e+00 2.328398e-01 1.197847e-01
39857: 2.217742e+00 1.430108e+00 2.325269e-01 1.196237e-01
39857: 2.218792e+00 1.429530e+00 2.322148e-01 1.194631e-01
39857: 2.219839e+00 1.428954e+00 2.319035e-01 1.193029e-01
39857: 2.219545e+00 1.428380e+00 2.329317e-01 1.191432e-01
39857: 2.219251e+00 1.427807e+00 2.339572e-01 1.189840e-01
39857: 2.220294e+00 1.427236e+00 2.336449e-01 1.188251e-01
39857: 2.220000e+00 1.428000e+00 2.333333e-01 1.186667e-01
39857: 2.219707e+00 1.427430e+00 2.330226e-01 1.198402e-01
39857: 2.219415e+00 1.428191e+00 2.327128e-01 1.196809e-01
39857: 2.219124e+00 1.427623e+00 2.337317e-01 1.195219e-01
39857: 2.218833e+00 1.428382e+00 2.334218e-01 1.193634e-01
39857: 2.218543e+00 1.429139e+00 2.331126e-01 1.192053e-01
39857: 2.218254e+00 1.428571e+00 2.341270e-01 1.190476e-01
39857: 2.217966e+00 1.429326e+00 2.338177e-01 1.188904e-01
39857: 2.217678e+00 1.430079e+00 2.335092e-01 1.187335e-01
39857: 2.217391e+00 1.430830e+00 2.332016e-01 1.185771e-01
39857: 2.217105e+00 1.430263e+00 2.342105e-01 1.184211e-01
39857: 2.216820e+00 1.429698e+00 2.339028e-01 1.195795e-01
39857: 2.217848e+00 1.429134e+00 2.335958e-01 1.194226e-01
39857: 2.217562e+00 1.428571e+00 2.332896e-01 1.205767e-01
39857: 2.217277e+00 1.429319e+00 2.329843e-01 1.204188e-01
39857: 2.216993e+00 1.430065e+00 2.326797e-01 1.202614e-01
39857: 2.216710e+00 1.429504e+00 2.336815e-01 1.201044e-01
39857: 2.216428e+00 1.428944e+00 2.346806e-01 1.199478e-01
39857: 2.217448e+00 1.428385e+00 2.343750e-01 1.197917e-01
39857: 2.217165e+00 1.427828e+00 2.353706e-01 1.196359e-01
39857: 2.216883e+00 1.428571e+00 2.350649e-01 1.194805e-01
39857: 2.216602e+00 1.428016e+00 2.360571e-01 1.193256e-01
39857: 2.216321e+00 1.428756e+00 2.357513e-01 1.191710e-01
39857: 2.217335e+00 1.428202e+00 2.354463e-01 1.190168e-01
39857: 2.217054e+00 1.428941e+00 2.351421e-01 1.188630e-01
39857: 2.216774e+00 1.429677e+00 2.348387e-01 1.187097e-01
39857: 2.216495e+00 1.429124e+00 2.358247e-01 1.185567e-01
39857: 2.216216e+00 1.429858e+00 2.355212e-01 1.184041e-01
39857: 2.215938e+00 1.430591e+00 2.352185e-01 1.182519e-01
39857: 2.215661e+00 1.431322e+00 2.349166e-01 1.181001e-01
39857: 2.215385e+00 1.432051e+00 2.346154e-01 1.179487e-01
39857: 2.215109e+00 1.431498e+00 2.355954e-01 1.177977e-01
39857: 2.214834e+00 1.430946e+00 2.365729e-01 1.176471e-01
39857: 2.215837e+00 1.430396e+00 2.362708e-01 1.174968e-01
39857: 2.215561e+00 1.431122e+00 2.359694e-01 1.173469e-01
39857: 2.215287e+00 1.430573e+00 2.369427e-01 1.171975e-01
39857: 2.215013e+00 1.431298e+00 2.366412e-01 1.170483e-01
39857: 2.214740e+00 1.430750e+00 2.363405e-01 1.181703e-01
39857: 2.214467e+00 1.431472e+00 2.360406e-01 1.180203e-01
39857: 2.214195e+00 1.430925e+00 2.370089e-01 1.178707e-01
39857: 2.213924e+00 1.430380e+00 2.379747e-01 1.177215e-01
39857: 2.213654e+00 1.429836e+00 2.389381e-01 1.175727e-01
39857: 2.213384e+00 1.429293e+00 2.398990e-01 1.174242e-01
39857: 2.213115e+00 1.430013e+00 2.395965e-01 1.172762e-01
39857: 2.211587e+00 1.430730e+00 2.392947e-01 1.183879e-01
39857: 2.212579e+00 1.430189e+00 2.389937e-01 1.182390e-01
39857: 2.212312e+00 1.430905e+00 2.386935e-01 1.180905e-01
39857: 2.212045e+00 1.430364e+00 2.396487e-01 1.179423e-01
39857: 2.213033e+00 1.429825e+00 2.393484e-01 1.177945e-01
39857: 2.212766e+00 1.430538e+00 2.390488e-01 1.176471e-01
39857: 2.212500e+00 1.430000e+00 2.387500e-01 1.187500e-01
39857: 2.213483e+00 1.429463e+00 2.384519e-01 1.186017e-01
39857: 2.213217e+00 1.428928e+00 2.394015e-01 1.184539e-01
39857: 2.214197e+00 1.428394e+00 2.391034e-01 1.183064e-01
39857: 2.215174e+00 1.427861e+00 2.388060e-01 1.181592e-01
39857: 2.214907e+00 1.427329e+00 2.397516e-01 1.180124e-01
39857: 2.214640e+00 1.426799e+00 2.406948e-01 1.178660e-01
39857: 2.215613e+00 1.426270e+00 2.403965e-01 1.177200e-01
39857: 2.215347e+00 1.426980e+00 2.400990e-01 1.175743e-01
39857: 2.216316e+00 1.426452e+00 2.398022e-01 1.174289e-01
39857: 2.214815e+00 1.428395e+00 2.395062e-01 1.172840e-01
39857: 2.215783e+00 1.427867e+00 2.392109e-01 1.171393e-01
39857: 2.214286e+00 1.429803e+00 2.389163e-01 1.169951e-01
39857: 2.214022e+00 1.429274e+00 2.398524e-01 1.168512e-01
39857: 2.213759e+00 1.428747e+00 2.407862e-01 1.167076e-01
39857: 2.213497e+00 1.429448e+00 2.404908e-01 1.165644e-01
39857: 2.213235e+00 1.428922e+00 2.414216e-01 1.164216e-01
39857: 2.214198e+00 1.428397e+00 2.411261e-01 1.162791e-01
39857: 2.213936e+00 1.427873e+00 2.408313e-01 1.173594e-01
39857: 2.212454e+00 1.428571e+00 2.417582e-01 1.172161e-01
39857: 2.212195e+00 1.428049e+00 2.426829e-01 1.170732e-01
39857: 2.211937e+00 1.428745e+00 2.423873e-01 1.169306e-01
39857: 2.211679e+00 1.429440e+00 2.420925e-01 1.167883e-01
39857: 2.211422e+00 1.430134e+00 2.417983e-01 1.166464e-01
39857: 2.212379e+00 1.429612e+00 2.415049e-01 1.165049e-01
39857: 2.213333e+00 1.429091e+00 2.412121e-01 1.163636e-01
39857: 2.213075e+00 1.429782e+00 2.409201e-01 1.162228e-01
39857: 2.212817e+00 1.429262e+00 2.406288e-01 1.172914e-01
39857: 2.213768e+00 1.428744e+00 2.403382e-01 1.171498e-01
39857: 2.214717e+00 1.428227e+00 2.400483e-01 1.170084e-01
39857: 2.214458e+00 1.428916e+00 2.397590e-01 1.168675e-01
39857: 2.215403e+00 1.428400e+00 2.394705e-01 1.167268e-01
39857: 2.215144e+00 1.429087e+00 2.391827e-01 1.165865e-01
39857: 2.216086e+00 1.428571e+00 2.388956e-01 1.164466e-01
39857: 2.215827e+00 1.429257e+00 2.386091e-01 1.163070e-01
39857: 2.216766e+00 1.428743e+00 2.383234e-01 1.161677e-01
39857: 2.216507e+00 1.428230e+00 2.392344e-01 1.160287e-01
39857: 2.215054e+00 1.428913e+00 2.389486e-01 1.170848e-01
39857: 2.215990e+00 1.428401e+00 2.386635e-01 1.169451e-01
39857: 2.215733e+00 1.427890e+00 2.395709e-01 1.168057e-01
39857: 2.214286e+00 1.428571e+00 2.404762e-01 1.166667e-01
39857: 2.214031e+00 1.429251e+00 2.401902e-01 1.165279e-01
39857: 2.214964e+00 1.428741e+00 2.399050e-01 1.163895e-01
39857: 2.214709e+00 1.428233e+00 2.396204e-01 1.174377e-01
39857: 2.214455e+00 1.428910e+00 2.393365e-01 1.172986e-01
39857: 2.214201e+00 1.428402e+00 2.390533e-01 1.183432e-01
39857: 2.213948e+00 1.427896e+00 2.399527e-01 1.182033e-01
39857: 2.213695e+00 1.428571e+00 2.396694e-01 1.180638e-01
39857: 2.213443e+00 1.429245e+00 2.393868e-01 1.179245e-01
39857: 2.213192e+00 1.428740e+00 2.402827e-01 1.177856e-01
39857: 2.214118e+00 1.428235e+00 2.400000e-01 1.176471e-01
39857: 2.213866e+00 1.428907e+00 2.397180e-01 1.175088e-01
39857: 2.214789e+00 1.428404e+00 2.394366e-01 1.173709e-01
39857: 2.214537e+00 1.427902e+00 2.403283e-01 1.172333e-01
39857: 2.214286e+00 1.427400e+00 2.400468e-01 1.182670e-01
39857: 2.214035e+00 1.428070e+00 2.397661e-01 1.181287e-01
39857: 2.213785e+00 1.428738e+00 2.394860e-01 1.179907e-01
39857: 2.214702e+00 1.428238e+00 2.392065e-01 1.178530e-01
39857: 2.215618e+00 1.427739e+00 2.389277e-01 1.177156e-01
39857: 2.215367e+00 1.427241e+00 2.398137e-01 1.175786e-01
39857: 2.216279e+00 1.426744e+00 2.395349e-01 1.174419e-01
39857: 2.216028e+00 1.426249e+00 2.404181e-01 1.173055e-01
39857: 2.215777e+00 1.425754e+00 2.401392e-01 1.183295e-01
39857: 2.215527e+00 1.426419e+00 2.398610e-01 1.181924e-01
39857: 2.216435e+00 1.425926e+00 2.395833e-01 1.180556e-01
39857: 2.216185e+00 1.425434e+00 2.404624e-01 1.179191e-01
39857: 2.215935e+00 1.426097e+00 2.401848e-01 1.177829e-01
39857: 2.215686e+00 1.426759e+00 2.399077e-01 1.176471e-01
39857: 2.215438e+00 1.426267e+00 2.407834e-01 1.175115e-01
39857: 2.216341e+00 1.425777e+00 2.405063e-01 1.173763e-01
39857: 2.217241e+00 1.425287e+00 2.402299e-01 1.172414e-01
39857: 2.216992e+00 1.424799e+00 2.399541e-01 1.182549e-01
39857: 2.216743e+00 1.424312e+00 2.396789e-01 1.192661e-01
39857: 2.216495e+00 1.424971e+00 2.394044e-01 1.191294e-01
39857: 2.217391e+00 1.424485e+00 2.391304e-01 1.189931e-01
39857: 2.217143e+00 1.424000e+00 2.400000e-01 1.188571e-01
39857: 2.218037e+00 1.423516e+00 2.397260e-01 1.187215e-01
39857: 2.218928e+00 1.423033e+00 2.394527e-01 1.185861e-01
39857: 2.219818e+00 1.422551e+00 2.391800e-01 1.184510e-01
39857: 2.219568e+00 1.422071e+00 2.400455e-01 1.183163e-01
39857: 2.219318e+00 1.422727e+00 2.397727e-01 1.181818e-01
39857: 2.220204e+00 1.422247e+00 2.395006e-01 1.180477e-01
39857: 2.218821e+00 1.424036e+00 2.392290e-01 1.179138e-01
39857: 2.219706e+00 1.423556e+00 2.389581e-01 1.177803e-01
39857: 2.219457e+00 1.424208e+00 2.386878e-01 1.176471e-01
39857: 2.219209e+00 1.423729e+00 2.395480e-01 1.175141e-01
39857: 2.220090e+00 1.423251e+00 2.392777e-01 1.173815e-01
39857: 2.220970e+00 1.422773e+00 2.390079e-01 1.172492e-01
39857: 2.220721e+00 1.422297e+00 2.398649e-01 1.171171e-01
39857: 2.220472e+00 1.422947e+00 2.395951e-01 1.169854e-01
39857: 2.220225e+00 1.422472e+00 2.404494e-01 1.168539e-01
39857: 2.221100e+00 1.421998e+00 2.401796e-01 1.167228e-01
39857: 2.220852e+00 1.421525e+00 2.410314e-01 1.165919e-01
39857: 2.221725e+00 1.421053e+00 2.407615e-01 1.164614e-01
39857: 2.221477e+00 1.420582e+00 2.416107e-01 1.163311e-01
39857: 2.221229e+00 1.421229e+00 2.413408e-01 1.162011e-01
39857: 2.222098e+00 1.420759e+00 2.410714e-01 1.160714e-01
39857: 2.221851e+00 1.420290e+00 2.419175e-01 1.159420e-01
39857: 2.221604e+00 1.419822e+00 2.427617e-01 1.158129e-01
39857: 2.222469e+00 1.419355e+00 2.424917e-01 1.156841e-01
39857: 2.223333e+00 1.418889e+00 2.422222e-01 1.155556e-01
39857: 2.224195e+00 1.418424e+00 2.419534e-01 1.154273e-01
39857: 2.223947e+00 1.417960e+00 2.416851e-01 1.164080e-01
39857: 2.223699e+00 1.418605e+00 2.414175e-01 1.162791e-01
39857: 2.224558e+00 1.418142e+00 2.411504e-01 1.161504e-01
39857: 2.225414e+00 1.417680e+00 2.408840e-01 1.160221e-01
39857: 2.225166e+00 1.417219e+00 2.417219e-01 1.158940e-01
39857: 2.224917e+00 1.416759e+00 2.425579e-01 1.157663e-01
39857: 2.224670e+00 1.416300e+00 2.433921e-01 1.156388e-01
39857: 2.225523e+00 1.415842e+00 2.431243e-01 1.155116e-01
39857: 2.225275e+00 1.416484e+00 2.428571e-01 1.153846e-01
39857: 2.226125e+00 1.416026e+00 2.425906e-01 1.152580e-01
39857: 2.225877e+00 1.415570e+00 2.434211e-01 1.151316e-01
39857: 2.224535e+00 1.417306e+00 2.431544e-01 1.150055e-01
39857: 2.225383e+00 1.416849e+00 2.428884e-01 1.148796e-01
39857: 2.225137e+00 1.416393e+00 2.426230e-01 1.158470e-01
39857: 2.224891e+00 1.415939e+00 2.423581e-01 1.168122e-01
39857: 2.224646e+00 1.415485e+00 2.431843e-01 1.166848e-01
39857: 2.224401e+00 1.416122e+00 2.429194e-01 1.165577e-01
39857: 2.224157e+00 1.416757e+00 2.426551e-01 1.164309e-01
39857: 2.225000e+00 1.416304e+00 2.423913e-01 1.163043e-01
39857: 2.224756e+00 1.415852e+00 2.432139e-01 1.161781e-01
39857: 2.225597e+00 1.415401e+00 2.429501e-01 1.160521e-01
39857: 2.225352e+00 1.414951e+00 2.426869e-01 1.170098e-01
39857: 2.226190e+00 1.414502e+00 2.424242e-01 1.168831e-01
39857: 2.225946e+00 1.415135e+00 2.421622e-01 1.167568e-01
39857: 2.225702e+00 1.414687e+00 2.429806e-01 1.166307e-01
39857: 2.225458e+00 1.414239e+00 2.437972e-01 1.165049e-01
39857: 2.225216e+00 1.414871e+00 2.435345e-01 1.163793e-01
39857: 2.224973e+00 1.414424e+00 2.443488e-01 1.162540e-01
39857: 2.225806e+00 1.413978e+00 2.440860e-01 1.161290e-01
39857: 2.225564e+00 1.413534e+00 2.448980e-01 1.160043e-01
39857: 2.225322e+00 1.413090e+00 2.457082e-01 1.158798e-01
39857: 2.225080e+00 1.412647e+00 2.454448e-01 1.168274e-01
39857: 2.224839e+00 1.412206e+00 2.462527e-01 1.167024e-01
39857: 2.225668e+00 1.411765e+00 2.459893e-01 1.165775e-01
39857: 2.226496e+00 1.411325e+00 2.457265e-01 1.164530e-01
39857: 2.227321e+00 1.410886e+00 2.454642e-01 1.163287e-01
39857: 2.226013e+00 1.412580e+00 2.452026e-01 1.162047e-01
39857: 2.225772e+00 1.413206e+00 2.449414e-01 1.160809e-01
39857: 2.225532e+00 1.413830e+00 2.446809e-01 1.159574e-01
39857: 2.225292e+00 1.413390e+00 2.444208e-01 1.168969e-01
39857: 2.226115e+00 1.412951e+00 2.441614e-01 1.167728e-01
39857: 2.225875e+00 1.413574e+00 2.439024e-01 1.166490e-01
39857: 2.225636e+00 1.414195e+00 2.436441e-01 1.165254e-01
39857: 2.225397e+00 1.413757e+00 2.444444e-01 1.164021e-01
39857: 2.224101e+00 1.415433e+00 2.441860e-01 1.162791e-01
39857: 2.223865e+00 1.414995e+00 2.449842e-01 1.161563e-01
39857: 2.223629e+00 1.415612e+00 2.447257e-01 1.160338e-01
39857: 2.223393e+00 1.416228e+00 2.444679e-01 1.159115e-01
39857: 2.223158e+00 1.416842e+00 2.442105e-01 1.157895e-01
39857: 2.222923e+00 1.417455e+00 2.439537e-01 1.156677e-01
39857: 2.221639e+00 1.419118e+00 2.436975e-01 1.155462e-01
39857: 2.221406e+00 1.418678e+00 2.444911e-01 1.154250e-01
39857: 2.221174e+00 1.418239e+00 2.442348e-01 1.163522e-01
39857: 2.221990e+00 1.417801e+00 2.439791e-01 1.162304e-01
39857: 2.221757e+00 1.417364e+00 2.437238e-01 1.171548e-01
39857: 2.221526e+00 1.416928e+00 2.445141e-01 1.170324e-01
39857: 2.221294e+00 1.417537e+00 2.442589e-01 1.169102e-01
39857: 2.221064e+00 1.418144e+00 2.440042e-01 1.167883e-01
39857: 2.221875e+00 1.417708e+00 2.437500e-01 1.166667e-01
39857: 2.221644e+00 1.417274e+00 2.445369e-01 1.165453e-01
39857: 2.221414e+00 1.417879e+00 2.442827e-01 1.164241e-01
39857: 2.221184e+00 1.417445e+00 2.450675e-01 1.163032e-01
39857: 2.220954e+00 1.417012e+00 2.458506e-01 1.161826e-01
39857: 2.221762e+00 1.416580e+00 2.455959e-01 1.160622e-01
39857: 2.221532e+00 1.416149e+00 2.463768e-01 1.159420e-01
39857: 2.221303e+00 1.415719e+00 2.471562e-01 1.158221e-01
39857: 2.221074e+00 1.415289e+00 2.469008e-01 1.167355e-01
39857: 2.220846e+00 1.414861e+00 2.466460e-01 1.176471e-01
39857: 2.220619e+00 1.414433e+00 2.474227e-01 1.175258e-01
39857: 2.220391e+00 1.414006e+00 2.481977e-01 1.174047e-01
39857: 2.221193e+00 1.413580e+00 2.479424e-01 1.172840e-01
39857: 2.220966e+00 1.414183e+00 2.476876e-01 1.171634e-01
39857: 2.221766e+00 1.413758e+00 2.474333e-01 1.170431e-01
39857: 2.221538e+00 1.414359e+00 2.471795e-01 1.169231e-01
39857: 2.221311e+00 1.413934e+00 2.479508e-01 1.168033e-01
39857: 2.221085e+00 1.414534e+00 2.476970e-01 1.166837e-01
39857: 2.220859e+00 1.414110e+00 2.474438e-01 1.175869e-01
39857: 2.220633e+00 1.413687e+00 2.482125e-01 1.174668e-01
39857: 2.220408e+00 1.413265e+00 2.489796e-01 1.173469e-01
39857: 2.221203e+00 1.412844e+00 2.487258e-01 1.172273e-01
39857: 2.220978e+00 1.413442e+00 2.484725e-01 1.171079e-01
39857: 2.221770e+00 1.413021e+00 2.482197e-01 1.169888e-01
39857: 2.221545e+00 1.412602e+00 2.479675e-01 1.178862e-01
39857: 2.221320e+00 1.412183e+00 2.487310e-01 1.177665e-01
39857: 2.221095e+00 1.411765e+00 2.494929e-01 1.176471e-01
39857: 2.220871e+00 1.412361e+00 2.492401e-01 1.175279e-01
39857: 2.220648e+00 1.412955e+00 2.489879e-01 1.174089e-01
39857: 2.221436e+00 1.412538e+00 2.487361e-01 1.172902e-01
39857: 2.221212e+00 1.412121e+00 2.494949e-01 1.171717e-01
39857: 2.219980e+00 1.412714e+00 2.502523e-01 1.170535e-01
39857: 2.220766e+00 1.412298e+00 2.500000e-01 1.169355e-01
39857: 2.220544e+00 1.412890e+00 2.497482e-01 1.168177e-01
39857: 2.220322e+00 1.413481e+00 2.494970e-01 1.167002e-01
39857: 2.220101e+00 1.414070e+00 2.492462e-01 1.165829e-01
39857: 2.219880e+00 1.414659e+00 2.489960e-01 1.164659e-01
39857: 2.220662e+00 1.414243e+00 2.487462e-01 1.163490e-01
39857: 2.220441e+00 1.414830e+00 2.484970e-01 1.162325e-01
39857: 2.220220e+00 1.414414e+00 2.492492e-01 1.161161e-01
39857: Done!
Traceback (most recent call last):
  File "/lowest-unique-number/tournament0/elexunix.py", line 25, in <module>
    input()
EOFError: EOF when reading a line
